cpu  5877024 3 8774 6782321 457 0 844 0 0 0
cpu0 163166 0 324 188172 1 0 239 0 0 0
cpu1 163360 0 322 188192 22 0 22 0 0 0
cpu2 163151 0 426 188301 17 0 68 0 0 0
cpu3 163241 0 282 188400 5 0 16 0 0 0
cpu4 163058 0 377 188485 3 0 15 0 0 0
cpu5 163251 0 175 188499 2 0 9 0 0 0
cpu6 163170 0 184 188562 6 0 10 0 0 0
cpu7 163170 0 263 188466 1 0 25 0 0 0
cpu8 163093 0 245 188576 1 0 19 0 0 0
cpu9 163203 0 145 188588 1 0 1 0 0 0
cpu10 163066 0 272 188588 6 0 2 0 0 0
cpu11 163219 0 134 188570 1 0 2 0 0 0
cpu12 163204 0 255 188421 38 0 0 0 0 0
cpu13 163443 0 198 188287 4 0 1 0 0 0
cpu14 163335 0 177 188335 88 0 3 0 0 0
cpu15 162614 0 531 188476 49 0 254 0 0 0
cpu16 163310 0 220 188389 2 0 0 0 0 0
cpu17 163194 0 214 188500 2 0 14 0 0 0
cpu18 163255 0 183 188448 4 0 9 0 0 0
cpu19 163456 0 226 188217 15 0 1 0 0 0
cpu20 163127 0 418 188361 5 0 19 0 0 0
cpu21 163255 0 154 188524 1 0 1 0 0 0
cpu22 163216 0 208 188475 23 0 0 0 0 0
cpu23 163106 0 218 188580 0 0 28 0 0 0
cpu24 163255 0 110 188556 7 0 0 0 0 0
cpu25 163127 0 263 188504 13 0 21 0 0 0
cpu26 163224 0 171 188529 2 0 1 0 0 0
cpu27 163580 0 242 188087 16 0 0 0 0 0
cpu28 163874 0 396 187652 2 0 4 0 0 0
cpu29 163211 0 130 188568 1 0 1 0 0 0
cpu30 163698 0 300 187829 77 0 10 0 0 0
cpu31 163376 0 249 188287 1 0 6 0 0 0
cpu32 163241 0 101 188578 1 0 3 0 0 0
cpu33 163215 1 264 188408 6 0 21 0 0 0
cpu34 163225 0 241 188437 13 0 1 0 0 0
cpu35 163319 0 143 188456 2 0 1 0 0 0
intr 16608449 56 0 0 0 610 0 0 0 1 0 250 0 0 0 0 0 0 0 0 0 0 0 0 0 0 0 0 0 0 0 0 94 372 393 744 2629 111 235 1082 55 122 62 410 64 4604 305 3545 2029 360 158 245 356 400 112 1340 31 0 0 0 0 328 533 180 840 152 44 10205 94 67 706 328 198 0 0 17 9501 2 0 9133 286 3859 415 362 2914 128 736 1140 210 264 323 346 315 796 58958 99 3027 5147 343 298 259 381 73 57 768 125 311 3025 815 6139 1855 599 2208 266 1095 0 16 7639 1 0 0 0 0 0 0 0 0 0 0 0 0 0 0 0 0 0 0 0 0 0 0 0 0 0 0 0 0 0 0 0 0 0 0 0 0 0 25 0 0 0 0 0 0 0 0 0 0 0 0 0 0 0 0 0 0 0 0 0 0 0 0 0 0 0 0 0 0 0 0 0 0 0 0 0 0 0 0 0 0 0 0 0 0 0 0 0 0 0 0 0 0 0 0 0 0 0 0 0 0 0 0 0 0 0 0 0 0 0 0 0 0 0 0 0 0 0 0 0 0 0 0 0 0 0 0 0 0 0 0 0 0 0 0 0 0 0 0 0 0 0 0 0 0 0 0 0 0 0 0 0 0 0 0 0 0 0 0 0 0 0 0 0 0 0 0 0 0 0 0 0 0 0 0 0 0 0 0 0 0 0 0 0 0 0 0 0 0 0 0 0 0 0 0 0 0 0 0 0 0 0 0 0 0 0 0 0 0 0 0 0 0 0 0 0 0 0 0 0 0 0 0 0 0 0 0 0 0 0 0 0 0 0 0 0 0 0 0 0 0 0 0 0 0 0 0 0 0 0 0 0 0 0 0 0 0 0 0 0 0 0 0 0 0 0 0 0 0 0 0 0 0 0 0 0 0 0 0 0 0 0 0 0 0 0 0 0 0 0 0 0 0 0 0 0 0 0 0 0 0 0 0 0 0 0 0 0 0 0 0 0 0 0 0 0 0 0 0 0 0 0 0 0 0 0 0 0 0 0 0 0 0 0 0 0 0 0 0 0 0 0 0 0 0 0 0 0 0 0 0 0 0 0 0 0 0 0 0 0 0 0 0 0 0 0 0 0 0 0 0 0 0 0 0 0 0 0 0 0 0 0 0 0 0 0 0 0 0 0 0 0 0 0 0 0 0 0 0 0 0 0 0 0 0 0 0 0 0 0 0 0 0 0 0 0 0 0 0 0 0 0 0 0 0 0 0 0 0 0 0 0 0 0 0 0 0 0 0 0 0 0 0 0 0 0 0 0 0 0 0 0 0 0 0 0 0 0 0 0 0 0 0 0 0 0 0 0 0 0 0 0 0 0 0 0 0 0 0 0 0 0 0 0 0 0 0 0 0 0 0 0 0 0 0 0 0 0 0 0 0 0 0 0 0 0 0 0 0 0 0 0 0 0 0 0 0 0 0 0 0 0 0 0 0 0 0 0 0 0 0 0 0 0 0 0 0 0 0 0 0 0 0 0 0 0 0 0 0 0 0 0 0 0 0 0 0 0 0 0 0 0 0 0 0 0 0 0 0 0 0 0 0 0 0 0 0 0 0 0 0 0 0 0 0 0 0 0 0 0 0 0 0 0 0 0 0 0 0 0 0 0 0 0 0 0 0 0 0 0 0 0 0 0 0 0 0 0 0 0 0 0 0 0 0 0 0 0 0 0 0 0 0 0 0 0 0 0 0 0 0 0 0 0 0 0 0 0 0 0 0 0 0 0 0 0 0 0 0 0 0 0 0 0 0 0 0 0 0 0 0 0 0 0 0 0 0 0 0 0 0 0 0 0 0 0 0 0 0 0 0 0 0 0 0 0 0 0 0 0 0 0 0 0 0 0 0 0 0 0 0 0 0 0 0 0 0 0 0 0 0 0 0 0 0 0 0 0 0 0 0 0 0 0 0 0 0 0 0 0 0 0 0 0 0 0 0 0 0 0 0 0 0 0 0 0 0 0 0 0 0 0 0 0 0 0 0 0 0 0 0 0 0 0 0 0 0 0 0 0 0 0 0 0 0 0 0 0 0 0 0 0 0 0 0 0 0 0 0 0 0 0 0 0 0 0 0 0 0 0 0 0 0 0 0 0 0 0 0 0 0 0 0 0 0 0 0 0 0 0 0 0 0 0 0 0 0 0 0 0 0 0 0 0 0 0 0 0 0 0 0 0 0 0 0 0 0 0 0 0 0 0 0 0 0 0 0 0 0 0 0 0 0 0 0 0 0 0 0 0 0 0 0 0 0 0 0 0 0 0 0 0 0 0 0 0 0 0 0 0 0 0 0 0 0 0 0 0 0 0 0 0 0 0 0 0 0 0 0 0 0 0 0 0 0 0 0 0 0 0 0 0 0 0 0 0 0 0 0 0 0 0 0 0 0 0 0 0 0 0 0 0 0 0 0 0 0 0 0 0 0 0 0 0 0 0 0 0 0 0 0 0 0 0 0 0 0 0 0 0 0 0 0 0 0 0 0 0 0 0 0 0 0 0 0 0 0 0 0 0 0 0 0 0 0 0 0 0 0 0 0 0 0 0 0 0 0 0 0 0 0 0 0 0 0 0 0 0 0 0 0 0 0 0 0 0 0 0 0 0 0 0 0 0 0 0 0 0 0 0 0 0 0 0 0 0 0 0 0 0 0 0 0 0 0 0 0 0 0 0 0 0 0 0 0 0 0 0 0 0 0 0 0 0 0 0 0 0 0 0 0 0 0 0 0 0 0 0 0 0 0 0 0 0 0 0 0 0 0 0 0 0 0 0 0 0 0 0 0 0 0 0 0 0 0 0 0 0 0 0 0 0 0 0 0 0 0 0 0
ctxt 5069590
btime 1613124388
processes 127190
procs_running 1
procs_blocked 0
softirq 21638968 1 12388921 479 950785 0 0 105119 649488 0 7544175
