cpu  30399116 4 62461 7029484 419 0 4520 0 0 0
cpu0 845161 1 2302 193697 0 0 503 0 0 0
cpu1 843693 0 2519 195231 1 0 95 0 0 0
cpu2 844552 0 2114 194740 79 0 60 0 0 0
cpu3 843265 0 2603 195619 1 0 75 0 0 0
cpu4 844131 0 1763 195628 1 0 39 0 0 0
cpu5 843801 0 1990 195725 0 0 52 0 0 0
cpu6 844642 0 1478 195244 72 0 115 0 0 0
cpu7 844891 0 1170 195426 3 0 56 0 0 0
cpu8 844650 0 1545 195323 6 0 24 0 0 0
cpu9 844926 0 1172 195401 1 0 57 0 0 0
cpu10 844280 0 1606 195580 5 0 90 0 0 0
cpu11 843671 0 2130 195557 3 0 191 0 0 0
cpu12 841864 0 3804 195486 4 0 384 0 0 0
cpu13 843789 0 2388 195272 1 0 84 0 0 0
cpu14 843555 0 2743 195151 8 0 92 0 0 0
cpu15 843412 0 2609 195484 2 0 42 0 0 0
cpu16 846021 0 2474 192989 0 0 81 0 0 0
cpu17 844368 0 1505 195603 22 0 48 0 0 0
cpu18 845136 0 1287 195095 13 0 18 0 0 0
cpu19 844248 0 1786 195386 9 0 129 0 0 0
cpu20 844915 0 1163 195407 45 0 17 0 0 0
cpu21 844026 0 2037 195463 10 0 13 0 0 0
cpu22 844887 0 1036 195532 50 0 45 0 0 0
cpu23 844876 0 1009 195598 4 0 69 0 0 0
cpu24 845373 0 603 195555 1 0 20 0 0 0
cpu25 844646 0 1268 195533 1 0 100 0 0 0
cpu26 845021 0 977 195491 13 0 52 0 0 0
cpu27 844293 0 1403 195627 4 0 220 0 0 0
cpu28 844509 0 1444 195576 4 0 18 0 0 0
cpu29 841296 0 3162 195531 2 0 1552 0 0 0
cpu30 844976 0 1226 195331 3 0 10 0 0 0
cpu31 844833 0 1440 195199 14 0 71 0 0 0
cpu32 845254 0 809 195481 1 0 16 0 0 0
cpu33 845000 0 1331 195196 3 0 18 0 0 0
cpu34 845298 0 1096 195111 8 0 33 0 0 0
cpu35 845844 0 1453 194202 7 0 16 0 0 0
intr 83734936 56 0 0 0 611 0 0 0 1 0 250 0 0 0 0 0 0 0 0 0 0 0 0 0 0 0 0 0 0 0 0 93 186 220 9804 104 3113 151 3148 509 352 158 581 322 1194 936 682 417 294 601 2562 551 3452 1141 1832 416 0 0 0 0 158 99 375 350 362 1135 750 1005 161 331 608 819 0 0 16 16107 4097 0 21044 1217 1442 912 1853 1322 1078 1380 2072 1256 3378 3259 84896 19588 3884 1607 2271 1058 1381 1116 970 860 1971 921 1073 871 2854 1849 3417 194995 907 1592 1288 1190 4951 2415 0 16 7815 1 0 0 0 0 0 0 0 0 0 0 0 0 0 0 0 0 0 0 0 0 0 0 0 0 0 0 0 0 0 0 0 0 0 0 0 0 0 25 0 0 0 0 0 0 0 0 0 0 0 0 0 0 0 0 0 0 0 0 0 0 0 0 0 0 0 0 0 0 0 0 0 0 0 0 0 0 0 0 0 0 0 0 0 0 0 0 0 0 0 0 0 0 0 0 0 0 0 0 0 0 0 0 0 0 0 0 0 0 0 0 0 0 0 0 0 0 0 0 0 0 0 0 0 0 0 0 0 0 0 0 0 0 0 0 0 0 0 0 0 0 0 0 0 0 0 0 0 0 0 0 0 0 0 0 0 0 0 0 0 0 0 0 0 0 0 0 0 0 0 0 0 0 0 0 0 0 0 0 0 0 0 0 0 0 0 0 0 0 0 0 0 0 0 0 0 0 0 0 0 0 0 0 0 0 0 0 0 0 0 0 0 0 0 0 0 0 0 0 0 0 0 0 0 0 0 0 0 0 0 0 0 0 0 0 0 0 0 0 0 0 0 0 0 0 0 0 0 0 0 0 0 0 0 0 0 0 0 0 0 0 0 0 0 0 0 0 0 0 0 0 0 0 0 0 0 0 0 0 0 0 0 0 0 0 0 0 0 0 0 0 0 0 0 0 0 0 0 0 0 0 0 0 0 0 0 0 0 0 0 0 0 0 0 0 0 0 0 0 0 0 0 0 0 0 0 0 0 0 0 0 0 0 0 0 0 0 0 0 0 0 0 0 0 0 0 0 0 0 0 0 0 0 0 0 0 0 0 0 0 0 0 0 0 0 0 0 0 0 0 0 0 0 0 0 0 0 0 0 0 0 0 0 0 0 0 0 0 0 0 0 0 0 0 0 0 0 0 0 0 0 0 0 0 0 0 0 0 0 0 0 0 0 0 0 0 0 0 0 0 0 0 0 0 0 0 0 0 0 0 0 0 0 0 0 0 0 0 0 0 0 0 0 0 0 0 0 0 0 0 0 0 0 0 0 0 0 0 0 0 0 0 0 0 0 0 0 0 0 0 0 0 0 0 0 0 0 0 0 0 0 0 0 0 0 0 0 0 0 0 0 0 0 0 0 0 0 0 0 0 0 0 0 0 0 0 0 0 0 0 0 0 0 0 0 0 0 0 0 0 0 0 0 0 0 0 0 0 0 0 0 0 0 0 0 0 0 0 0 0 0 0 0 0 0 0 0 0 0 0 0 0 0 0 0 0 0 0 0 0 0 0 0 0 0 0 0 0 0 0 0 0 0 0 0 0 0 0 0 0 0 0 0 0 0 0 0 0 0 0 0 0 0 0 0 0 0 0 0 0 0 0 0 0 0 0 0 0 0 0 0 0 0 0 0 0 0 0 0 0 0 0 0 0 0 0 0 0 0 0 0 0 0 0 0 0 0 0 0 0 0 0 0 0 0 0 0 0 0 0 0 0 0 0 0 0 0 0 0 0 0 0 0 0 0 0 0 0 0 0 0 0 0 0 0 0 0 0 0 0 0 0 0 0 0 0 0 0 0 0 0 0 0 0 0 0 0 0 0 0 0 0 0 0 0 0 0 0 0 0 0 0 0 0 0 0 0 0 0 0 0 0 0 0 0 0 0 0 0 0 0 0 0 0 0 0 0 0 0 0 0 0 0 0 0 0 0 0 0 0 0 0 0 0 0 0 0 0 0 0 0 0 0 0 0 0 0 0 0 0 0 0 0 0 0 0 0 0 0 0 0 0 0 0 0 0 0 0 0 0 0 0 0 0 0 0 0 0 0 0 0 0 0 0 0 0 0 0 0 0 0 0 0 0 0 0 0 0 0 0 0 0 0 0 0 0 0 0 0 0 0 0 0 0 0 0 0 0 0 0 0 0 0 0 0 0 0 0 0 0 0 0 0 0 0 0 0 0 0 0 0 0 0 0 0 0 0 0 0 0 0 0 0 0 0 0 0 0 0 0 0 0 0 0 0 0 0 0 0 0 0 0 0 0 0 0 0 0 0 0 0 0 0 0 0 0 0 0 0 0 0 0 0 0 0 0 0 0 0 0 0 0 0 0 0 0 0 0 0 0 0 0 0 0 0 0 0 0 0 0 0 0 0 0 0 0 0 0 0 0 0 0 0 0 0 0 0 0 0 0 0 0 0 0 0 0 0 0 0 0 0 0 0 0 0 0 0 0 0 0 0 0 0 0 0 0 0 0 0 0 0 0 0 0 0 0 0 0 0 0 0 0 0 0 0 0 0 0 0 0 0 0 0 0 0 0 0 0 0 0 0 0 0 0 0 0 0 0 0 0 0 0 0 0 0 0 0 0 0 0 0 0 0 0 0 0 0 0 0 0 0 0 0 0 0 0 0 0 0 0 0 0 0 0 0 0 0 0 0 0 0 0 0 0 0 0 0 0 0 0 0 0 0 0 0 0 0 0 0 0 0 0 0 0 0 0 0 0 0 0 0 0 0 0 0 0 0 0 0 0 0 0 0 0 0 0 0 0 0 0 0 0 0 0 0 0 0 0 0 0 0 0 0 0 0 0 0 0 0
ctxt 21311357
btime 1613124388
processes 530972
procs_running 1
procs_blocked 0
softirq 109630987 1 63901468 878 3988278 0 0 375672 2828608 0 38536082
