cpu  43077345 5 48772 11756481 696 0 3661 0 0 0
cpu0 335231 0 2129 91066 0 0 297 0 0 0
cpu1 336070 0 944 91762 7 0 21 0 0 0
cpu2 335954 0 801 91984 0 0 66 0 0 0
cpu3 336103 0 602 92072 1 0 43 0 0 0
cpu4 336121 0 844 91795 0 0 78 0 0 0
cpu5 336148 0 649 91976 0 0 39 0 0 0
cpu6 336102 0 461 92228 0 0 29 0 0 0
cpu7 336382 0 372 92047 0 0 26 0 0 0
cpu8 336132 0 668 91959 0 0 74 0 0 0
cpu9 336173 0 773 91792 0 0 71 0 0 0
cpu10 336216 0 402 92156 0 0 40 0 0 0
cpu11 336428 0 335 92034 0 0 28 0 0 0
cpu12 336213 0 760 91772 0 0 72 0 0 0
cpu13 336605 0 632 91557 1 0 28 0 0 0
cpu14 336518 0 384 91883 0 0 25 0 0 0
cpu15 336138 0 400 92254 0 0 26 0 0 0
cpu16 336401 0 480 91910 0 0 34 0 0 0
cpu17 336409 1 712 91640 0 0 55 0 0 0
cpu18 336705 0 309 91793 0 0 24 0 0 0
cpu19 336458 0 283 92066 0 0 20 0 0 0
cpu20 336221 0 616 91906 0 0 73 0 0 0
cpu21 337340 0 607 90851 0 0 25 0 0 0
cpu22 336639 0 334 91831 0 0 26 0 0 0
cpu23 336191 0 306 92127 0 0 154 0 0 0
cpu24 336456 0 565 91760 0 0 46 0 0 0
cpu25 336967 0 515 91321 0 0 26 0 0 0
cpu26 336732 0 264 91816 0 0 20 0 0 0
cpu27 336026 0 423 92314 0 0 26 0 0 0
cpu28 336608 0 402 91789 0 0 26 0 0 0
cpu29 336441 0 422 91910 0 0 26 0 0 0
cpu30 336649 0 254 91908 0 0 12 0 0 0
cpu31 336053 0 667 91996 0 0 98 0 0 0
cpu32 335244 0 1664 91690 0 0 252 0 0 0
cpu33 336625 0 270 91902 4 0 16 0 0 0
cpu34 336641 0 249 91914 0 0 14 0 0 0
cpu35 336366 0 255 92181 1 0 20 0 0 0
cpu36 336552 0 377 91862 0 0 32 0 0 0
cpu37 337298 0 377 91062 66 0 9 0 0 0
cpu38 336086 0 426 92213 0 0 40 0 0 0
cpu39 336575 0 250 91982 0 0 14 0 0 0
cpu40 336274 0 517 91998 1 0 27 0 0 0
cpu41 336930 0 271 91571 30 0 13 0 0 0
cpu42 336622 0 260 91918 0 0 19 0 0 0
cpu43 336584 0 242 91966 1 0 26 0 0 0
cpu44 336430 0 397 91950 1 0 26 0 0 0
cpu45 336709 0 380 91582 112 0 18 0 0 0
cpu46 336332 0 512 91892 0 0 73 0 0 0
cpu47 336551 0 238 92009 0 0 18 0 0 0
cpu48 336143 0 596 91991 0 0 70 0 0 0
cpu49 336600 0 398 91806 0 0 16 0 0 0
cpu50 336031 0 324 92409 0 0 25 0 0 0
cpu51 336501 0 301 91985 0 0 29 0 0 0
cpu52 336658 0 289 91857 0 0 11 0 0 0
cpu53 336633 0 328 91706 91 0 30 0 0 0
cpu54 336728 0 186 91884 4 0 14 0 0 0
cpu55 336456 0 273 92065 2 0 22 0 0 0
cpu56 336656 0 234 91915 0 0 8 0 0 0
cpu57 336456 0 341 91979 1 0 20 0 0 0
cpu58 336520 0 280 91998 0 0 15 0 0 0
cpu59 336498 0 296 91988 0 0 27 0 0 0
cpu60 336318 0 496 91926 0 0 66 0 0 0
cpu61 336733 0 315 91727 8 0 25 0 0 0
cpu62 336538 0 302 91945 0 0 19 0 0 0
cpu63 336422 0 364 91986 0 0 38 0 0 0
cpu64 336556 0 461 91580 185 0 11 0 0 0
cpu65 336569 0 459 91753 1 0 7 0 0 0
cpu66 336616 0 301 91868 2 0 20 0 0 0
cpu67 336429 0 322 92038 0 0 21 0 0 0
cpu68 336130 0 802 91767 0 0 111 0 0 0
cpu69 336717 0 359 91671 32 0 8 0 0 0
cpu70 336702 0 188 91911 0 0 4 0 0 0
cpu71 336483 0 281 92022 0 0 16 0 0 0
cpu72 336716 0 330 91737 2 0 17 0 0 0
cpu73 336604 0 511 91657 3 0 19 0 0 0
cpu74 336460 0 258 92059 1 0 24 0 0 0
cpu75 336593 0 246 91936 0 0 12 0 0 0
cpu76 336593 0 363 91833 1 0 22 0 0 0
cpu77 336817 0 439 91517 15 0 8 0 0 0
cpu78 336562 0 258 91962 0 0 16 0 0 0
cpu79 336532 0 281 91962 0 0 17 0 0 0
cpu80 336777 0 263 91755 0 0 6 0 0 0
cpu81 336739 0 443 91574 28 0 15 0 0 0
cpu82 336581 0 346 91855 0 0 18 0 0 0
cpu83 336551 0 260 91985 1 0 11 0 0 0
cpu84 336559 0 380 91845 0 0 17 0 0 0
cpu85 337053 0 384 91350 1 0 12 0 0 0
cpu86 336420 0 221 92143 0 0 15 0 0 0
cpu87 336557 0 227 91995 1 0 12 0 0 0
cpu88 336695 0 243 91851 0 0 12 0 0 0
cpu89 338198 2 516 90035 6 0 9 0 0 0
cpu90 336560 0 215 92002 0 0 14 0 0 0
cpu91 336416 0 333 92032 0 0 24 0 0 0
cpu92 336542 0 311 91860 0 0 80 0 0 0
cpu93 337164 0 358 91241 1 0 9 0 0 0
cpu94 336717 0 177 91891 0 0 7 0 0 0
cpu95 336627 0 207 91954 0 0 12 0 0 0
cpu96 336611 0 400 91751 6 0 26 0 0 0
cpu97 336908 0 252 91629 1 0 4 0 0 0
cpu98 336569 0 197 91999 0 0 11 0 0 0
cpu99 336606 0 231 91951 0 0 11 0 0 0
cpu100 336439 0 470 91839 12 0 32 0 0 0
cpu101 336626 0 162 91990 1 0 4 0 0 0
cpu102 336476 0 211 92085 1 0 7 0 0 0
cpu103 336364 0 209 92190 0 0 5 0 0 0
cpu104 336643 0 341 91795 0 0 13 0 0 0
cpu105 336667 0 259 91851 0 0 6 0 0 0
cpu106 336711 0 161 91915 0 0 6 0 0 0
cpu107 336525 0 208 92032 0 0 12 0 0 0
cpu108 336588 0 220 91964 2 0 10 0 0 0
cpu109 337022 0 388 91374 0 0 8 0 0 0
cpu110 336446 0 316 92004 0 0 12 0 0 0
cpu111 336626 0 211 91949 0 0 6 0 0 0
cpu112 336760 0 260 91750 0 0 20 0 0 0
cpu113 336779 0 264 91732 3 0 4 0 0 0
cpu114 336712 0 199 91871 0 0 10 0 0 0
cpu115 336545 0 227 92009 0 0 14 0 0 0
cpu116 336924 0 145 91710 0 0 2 0 0 0
cpu117 336715 0 213 91836 5 0 10 0 0 0
cpu118 336714 0 185 91878 0 0 8 0 0 0
cpu119 336577 0 192 92019 0 0 3 0 0 0
cpu120 336859 0 182 91741 0 0 2 0 0 0
cpu121 336838 0 178 91770 4 0 4 0 0 0
cpu122 336680 0 270 91821 0 0 9 0 0 0
cpu123 336584 0 203 91997 0 0 3 0 0 0
cpu124 336790 0 188 91793 0 0 15 0 0 0
cpu125 336890 0 197 91691 0 0 8 0 0 0
cpu126 336682 0 221 91869 0 0 8 0 0 0
cpu127 336650 0 294 91834 0 0 5 0 0 0
intr 121892160 129 0 0 0 680 0 0 0 1 0 285 0 0 0 0 0 0 0 0 0 0 0 0 0 0 0 0 0 0 0 0 0 0 0 0 260 0 576 453 4606 5210 226 1811 1080 3909 338 5148 911 4660 400 78 5691 6162 514 587 2262 3597 460 343 301 60143 345 911 1659 5135 735 1537 942 4488 270 1 932 4965 644 78 3298 2307 411 472 1303 2527 1020 4225 1111 2671 0 444 1451 4505 282 874 505 2381 453 819 1856 3203 1461 98 841 4874 358 275 1789 6809 226 10 293 5352 409 144 739 3012 414 3 503 4554 182 102 3294 5326 802 14 389 2113 418 75 900 11469 16088 4472 1036 3380 295 0 528 4004 757 350 1352 1843 420 277 480 2799 594 2542 409 1937 2 7 760 3940 354 835 787 0 0 0 0 0 0 0 0 0 0 161 3642 3 385 63 107 38 25 106 13 0 236 26 9 1 7 10 405 338 5 149 3 1 55 79 387 3440 192 670 676 436 1114 78 78 0 0 0 0 0 0 0 0 0 0 0 0 0 0 0 0 10003 2164 5237 199 3299 237 142 127 145 33 71 246 130 149 73 95 76 41 33 27 37 21 12 42 21 11 74 133 6 2 39 9 13 7 13 21 56 33 0 377 174 74 80 174 135 100 72 21 3 0 55 0 28 32 15 3 17 3 9 18 5 0 11 0 0 0 0 0 0 0 0 0 0 0 0 0 0 0 0 0 0 0 0 0 0 0 0 0 0 0 0 0 0 0 0 0 0 0 0 0 0 0 0 0 0 0 0 0 0 0 0 0 0 0 0 0 0 0 0 0 0 0 0 0 0 0 0 0 0 0 0 0 0 0 0 0 0 0 0 0 0 0 0 0 0 0 0 0 0 0 0 0 0 0 0 0 0 0 0 0 0 0 0 0 0 0 0 0 0 0 0 0 0 0 0 0 0 0 0 0 0 0 0 0 0 0 0 0 0 0 0 0 0 0 0 0 0 0 0 0 0 0 0 0 0 0 0 0 0 0 0 0 0 0 0 0 0 0 0 0 0 0 0 0 0 0 0 0 0 0 0 0 0 0 0 0 0 0 0 0 0 0 0 0 0 0 0 0 0 0 0 0 0 0 0 0 0 0 0 0 0 0 0 0 0 0 0 0 0 0 0 0 0 0 0 0 0 0 0 0 0 0 0 0 0 0 0 0 0 0 0 0 0 0 0 0 0 0 0 0 0 0 0 0 0 0 0 0 0 0 0 0 0 0 0 0 0 0 0 0 0 0 0 0 0 0 0 0 0 0 0 0 0 0 0 0 0 0 0 0 0 0 0 0 0 0 0 0 0 0 0 0 0 0 0 0 0 0 0 0 0 0 0 0 0 0 0 0 0 0 0 0 0 0 0 0 0 0 0 0 0 0 0 0 0 0 0 0 0 0 0 0 0 0 0 0 0 0 0 0 0 0 0 0 0 0 0 0 0 0 0 0 0 0 0 0 0 0 0 0 0 0 0 0 0 0 0 0 0 0 0 0 0 0 0 0 0 0 0 0 0 0 0 0 0 0 0 0 0 0 0 0 0 0 0 0 0 0 0 0 0 0 0 0 0 0 0 0 0 0 0 0 0 0 0 0 0 0 0 0 0 0 0 0 0 0 0 0 49 0 0 0 3 0 0 0 0 0 0 0 0 0 0 0 0 0 0 0 0 0 0 0 0 0 49 0 0 0 0 0 0 0 0 0 0 0 0 0 0 0 0 0 0 0 0 0 0 0 0 0 0 0 0 0 0 0 0 0 0 0 0 0 0 0 0 0 0 0 0 0 0 0 0 0 0 0 0 0 0 0 0 0 0 0 0 0 0 0 0 0 22 0 0 0 0 0 0 0 0 0 0 0 0 0 0 0 0 0 0 0 0 0 0 0 0 0 0 0 0 0 0 0 0 0 0 0 0 0 0 0 0 0 0 0 0 0 0 0 0 0 0 0 0 0 0 0 0 0 0 0 0 0 0 0 0 0 0 0 0 0 0 0 0 0 0 0 0 0 0 0 0 0 0 0 0 0 0 0 0 0 0 0 0 0 0 0 0 0 0 0 0 0 0 0 0 0 0 0 0 0 0 0 0 0 0 0 0 0 0 0 0 0 0 0 0 0 0 0 0 0 0 0 0 0 0 0 0 0 0 0 0 0 0 0 0 0 0 0 0 0 0 0 0 0 0 0 0 0 0 0 0 0 0 0 0 0 0 0 0 0 0 0 0 0 0 0 0 0 0 0 0 0 0 0 0 0 0 0 0 0 0 0 0 0 0 0 0 0 0 0 0 0 0 0 0 0 0 0 0 0 0 0 0 0 0 0 0 0 0 0 0 0 0 0 0 0 0 0 0 0 0 0 0 0 0 0 0 0 0 0 0 0 0 0 0 0 0 0 0 0 0 0 0 0 0 0 0 0 0 0 0 0 0 0 0 0 0 0 0 0 0 0 0 0 0 0 0 0 0 0 0 0 0 0 0 0 0 0 0 0 0 0 0 0 0 0 0 0 0 0 0 0 0 0 0 0 0 0 0 0 0 0 0 0 0 0 0 0 0 0 0 0 0 0 0 0 0 0 0 0 0 0 0 0 0 0 0 0 0 0 0 0 0 0 0 0 0 0 0 0 0 0 0 0 0 0 0 0 0 0 0 0 0 0 0 0 0 0 0 0 0 0 0 0 0 0 0 0 0 0 0 0 0 0 0 0 0 0 0 0 0 0 0 0 0 0 0 0 0 0 0 0 0 0 0 0 0 0 0 0 0 0 0 0 0 0 0 0 0 0 0 0 0 0 0 0 0 0 0 0 0 0 0 0 0 0 0 0 0 0 0 0 0 0 0 0 0 0 0 0 0 0 0 0 0 0 0 0 0 0 0 0 0 0 0 0 0 0 0 0 0 0 0 0 0 0 0 0 0 0 0 0 0 0 0 0 0 0 0 0 0 0 0 0 0 0 0 0 0 0 0 0 0 0 0 0 0 0 0 0 0 0 0 0 0 0 0 0 0 0 0 0 0 0 0 0 0 0 0 0 0 0 0 0 0 0 0 0 0 0 0 0 0 0 0 0 0 0 0 0 0 0 0 0 0 0 0 0 0 0 0 0 0 0 0 0 0 0 0 0 0 0 0 0 0 0 0 0 0 0 0 0 0 0 0 0 0 0 0 0 0 0 0 0 0 0 0 0 0 0 0 0 0 0 0 0 0 0 0 0 0 0 0 0 0 0 0 0 0 0 0 0 0 0 0 0 0 0 0 0 0 0 0 0 0 0 0 0 0 0 0 0 0 0 0 0 0 0 0 0 0 0 0 0 0 0 0 0 0 0 0 0 0 0 0 0 0 0 0 0 0 0 0 0 0 0 0 0 0 0 0 0 0 0 0 0 0 0 0 0 0 0 0 0 0 0 0 0 0 0 0 0 0 0 0 0 0 0 0 0 0 0 0 0 0 0 0 0 0 0 0 0 0 0 0 0 0 0 0 0 0 0 0 0 0 0 0 0 0 0 0 0 0 0 0 0 0 0 0 0 0 0 0 0 0 0 0 0 0 0 0 0 0 0 0 0 0 0 0 0 0 0 0 0 0 0 0 0 0 0 0 0 0 0 0 0 0 0 0 0 0 0 0 0 0 0 0 0 0 0 0 0 0 0 0 0 0 0 0 0 0 0 0 0 0 0 0 0 0 0 0 0 0 0 0 0 0 0 0 0 0 0 0 0 0 0 0 0 0 0 0 0 0 0 0 0 0 0 0 0 0 0 0 0 0 0 0 0 0 0 0 0 0 0 0 0 0 0 0 0 0 0 0 0 0 0 0 0 0 0 0 0 0 0 0 0 0 0 0 0 0 0 0 0 0 0 0 0 0 0 0 0 0 0 0 0 0 0 0 0 0 0 0 0 0 0 0 0 0 0 0 0 0 0 0 0 0 0 0 0 0 0 0 0 0 0 0 0 0 0 0 0 0 0 0 0 0 0 0 0 0 0 0 0 0 0 0 0 0 0 0 0 0 0 0 0 0 0 0 0 0 0 0 0 0 0 0 0 0 0 0 0 0 0 0 0 0 0 0 0 0 0 0 0 0 0 0 0 0 0 0 0 0 0 0 0 0 0 0 0 0 0 0 0 0 0 0 0 0 0 0 0 0 0 0 0 0 0 0 0 0 0 0 0 0 0 0 0 0 0 0 0 0 0 0 0 0 0 0 0 0 0 0 0 0 0 0 0 0 0 0 0 0 0 0 0 0 0 0 0 0 0 0 0 0 0 0 0 0 0 0 0 0 0 0 0 0 0 0 0 0 0 0 0 0 0 0 0 0 0 0 0 0 0 0 0 0 0 0 0 0 0 0 0 0 0 0 0 0 0 0 0 0 0 0 0 0 0 0 0 0 0 0 0 0 0 0 0 0 0 0 0 0 0 0 0 0 0 0 0 0 0 0 0 0 0 0 0 0 0 0 0 0 0 0 0 0 0 0 0 0 0 0 0 0 0 0 0 0 0 0 0 0 0 0 0 0 0 0 0 0 0 0 0 0 0 0 0 0 0 0 0 0 0 0 0 0 0 0 0 0 0 0 0 0 0 0 0 0 0 0 0 0 0 0 0 0 0 0 0 0 0 0 0 0 0 0 0 0 0 0 0 0 0 0 0 0 0 0 0 0 0 0 0 0 0 0 0 0 0 0 0 0 0 0 0 0 0 0 0 0 0 0 0 0 0 0 0 0 0 0 0 0 0 0 0 0 0 0 0 0 0 0 0 0 0 0 0 0 0 0 0 0 0 0 0 0 0 0 0 0 0 0 0 0 0 0 0 0 0 0 0 0 0 0 0 0 0 0 0 0 0 0 0 0 0 0 0 0 0 0 0 0 0 0 0 0 0 0 0 0 0 0 0 0 0 0 0 0 0 0 0 0 0 0 0 0 0 0 0 0 0 0 0 0 0 0 0 0 0 0 0 0 0 0 0 0 0 0 0 0 0 0 0 0 0 0 0 0 0 0 0 0 0 0 0 0 0 0 0 0 0 0 0 0 0 0 0 0 0 0 0 0 0 0 0 0 0 0 0 0 0 0 0 0 0 0 0 0 0 0 0 0 0 0 0 0 0 0 0 0 0 0 0 0 0 0 0 0 0 0 0 0 0 0 0 0 0 0 0 0 0 0 0 0 0 0 0 0 0 0 0 0 0 0 0 0 0 0 0 0 0 0 0 0 0 0 0 0 0 0 0 0 0 0 0 0 0 0 0 0 0 0 0 0 0 0 0 0 0 0 0 0 0 0 0 0 0 0 0 0 0 0 0 0 0 0 0 0 0 0 0 0 0 0 0 0 0 0 0 0 0 0 0 0 0 0 0 0 0 0 0 0 0 0 0 0 0 0 0 0 0 0 0 0 0 0 0 0 0 0 0 0 0 0 0 0 0 0 0 0 0 0 0 0 0 0 0 0 0 0 0 0 0 0 0 0 0 0 0 0 0 0 0 0 0 0 0 0 0 0 0 0 0 0 0 0 0 0 0 0 0 0 0 0 0 0 0 0 0 0 0 0 0 0 0 0 0 0 0 0 0 0 0 0 0 0 0 0 0 0 0 0 0 0 0 0 0 0 0 0 0 0 0 0 0 0 0 0 0 0 0 0 0 0 0 0 0 0 0 0 0 0 0 0 0 0 0 0 0 0 0 0 0 0 0 0 0 0 0 0 0 0 0 0 0 0 0 0 0 0 0 0 0 0 0 0 0 0 0 0 0 0 0 0 0 0 0 0 0 0 0 0 0 0 0 0 0 0 0 0 0 0 0 0 0 0 0 0 0 0 0 0 0 0 0 0 0 0 0 0 0 0 0 0 0 0 0 0 0 0 0 0 0 0 0 0 0 0 0 0 0 0 0 0 0 0 0 0 0 0 0 0 0 0 0 0 0 0 0 0 0 0 0 0 0 0 0 0 0 0 0 0 0 0 0 0 0 0 0 0 0 0 0 0 0 0 0 0 0 0 0 0 0 0 0 0 0 0 0 0 0 0 0 0 0 0 0 0 0 0 0 0 0 0 0 0 0 0 0 0 0 0 0 0 0 0 0 0 0 0 0 0 0 0 0 0 0 0 0 0 0 0 0 0 0 0 0 0 0 0 0 0 0 0 0 0 0 0 0 0 0 0 0 0 0 0 0 0 0 0 0 0 0 0 0 0 0 0 0 0 0 0 0 0 0 0 0 0 0 0 0 0 0 0 0 0 0 0 0 0 0 0 0 0 0 0 0 0 0 0 0 0 0 0 0 0 0 0 0 0 0 0 0 0 0 0 0 0 0 0 0 0 0 0 0 0 0 0 0 0 0 0 0 0 0 0 0 0 0 0 0 0 0 0 0 0 0 0 0 0 0 0 0 0 0 0 0 0 0 0 0 0 0 0 0 0 0 0 0 0 0 0 0 0 0 0 0 0 0 0 0 0 0 0 0 0 0 0 0 0 0 0 0 0 0 0 0 0 0 0 0 0 0 0 0 0 0 0 0 0 0 0 0 0 0 0 0 0 0 0 0 0 0 0 0 0 0 0 0 0 0 0 0 0 0 0 0 0 0 0 0 0 0 0 0 0 0 0 0 0 0 0 0 0 0 0 0 0 0 0 0 0 0 0 0 0 0 0 0 0 0 0 0 0 0 0 0 0 0 0 0 0 0 0 0 0 0 0 0 0 0 0 0 0 0 0 0 0 0 0 0 0 0 0 0 0 0 0 0 0 0 0 0 0 0 0 0 0 0 0 0 0 0 0 0 0 0 0 0 0 0 0 0 0 0 0 0 0 0 0 0 0 0 0 0 0 0 0 0 0 0 0 0 0 0 0 0 0 0 0 0 0 0 0 0 0 0 0 0 0 0 0 0 0 0 0 0 0 0 0 0 0 0 0 0 0 0 0 0 0 0 0 0 0 0 0 0 0 0 0 0 0 0 0 0 0 0 0 0 0 0 0 0 0 0 0 0 0 0 0 0 0 0 0 0 0 0 0 0 0 0 0 0 0 0 0 0 0 0 0 0 0 0 0 0 0 0 0 0 0 0 0 0 0 0 0 0 0 0 0 0 0 0 0 0 0 0 0 0 0 0 0 0 0 0 0 0 0 0 0 0 0 0 0 0 0 0 0 0 0 0 0 0 0 0 0 0 0 0 0 0 0 0 0 0 0 0 0 0 0 0 0 0 0 0 0 0 0 0 0 0 0 0 0 0 0 0 0 0 0 0 0 0 0 0 0 0 0 0 0 0 0 0 0 0 0 0 0 0 0 0 0 0 0 0 0 0 0 0 0 0 0 0 0 0 0 0 0 0 0 0 0 0 0 0 0 0 0 0 0 0 0 0 0 0 0 0 0 0 0 0 0 0 0 0 0 0 0 0 0 0 0 0 0 0 0 0 0 0 0 0 0 0 0 0 0 0 0 0 0 0 0 0 0 0 0 0 0 0 0 0 0 0 0 0 0 0 0 0 0 0 0 0 0 0 0 0 0 0 0 0 0 0 0 0 0 0 0 0 0 0 0 0 0 0 0 0 0 0 0 0 0 0 0 0 0 0 0 0 0 0 0 0 0 0 0 0 0 0 0 0 0 0 0 0 0 0 0 0 0 0 0 0 0 0 0 0 0 0 0 0 0 0 0 0 0 0 0 0 0 0 0 0 0 0 0 0 0 0 0 0 0 0 0 0 0 0 0 0 0 0 0 0 0 0 0 0 0 0 0 0 0 0 0 0 0 0 0 0 0 0 0 0 0 0 0 0 0 0 0 0 0 0 0 0 0 0 0 0 0 0 0 0 0 0 0 0 0 0 0 0 0 0 0 0 0 0 0 0 0 0 0 0 0 0 0 0 0 0 0 0 0 0 0 0 0 0 0 0 0 0 0 0 0 0 0 0 0 0 0 0 0 0 0 0 0 0 0 0 0 0 0 0 0 0 0 0 0 0 0 0 0 0 0 0 0 0 0 0 0 0 0 0 0 0 0 0 0 0 0 0 0 0 0 0 0 0 0 0 0 0 0 0 0 0 0 0 0 0 0 0 0 0 0 0 0 0 0 0 0 0 0 0 0 0 0 0 0 0 0 0 0 0 0 0 0 0 0 0 0 0 0 0 0 0 0 0 0 0 0 0 0 0 0 0 0 0 0 0 0 0 0 0 0 0 0 0 0 0 0 0 0 0 0 0 0 0 0 0 0 0 0 0 0 0 0 0 0 0 0 0 0 0 0 0 0 0 0 0 0 0 0 0 0 0 0 0 0 0 0 0 0 0 0 0 0 0 0 0 0 0 0 0 0 0 0 0 0 0 0 0 0 0 0 0 0 0 0 0 0 0 0 0 0 0 0 0 0 0 0 0 0 0 0 0 0 0 0 0 0 0 0 0 0 0 0 0 0 0 0 0 0 0 0 0 0 0 0 0 0 0 0 0 0 0 0 0 0 0 0 0 0 0 0 0 0 0 0 0 0 0 0 0 0 0 0 0 0 0 0 0 0 0 0 0 0 0 0 0 0 0 0 0 0 0 0 0 0 0 0 0 0 0 0 0 0 0 0 0 0 0 0 0 0 0 0 0 0 0 0 0 0 0 0 0 0 0 0 0 0 0 0 0 0 0 0 0 0 0 0 0 0 0 0 0 0 0 0 0 0 0 0 0 0 0 0 0 0 0 0 0 0 0 0 0 0 0 0 0 0 0 0 0 0 0 0 0 0 0 0 0 0 0 0 0 0 0 0 0 0 0 0 0 0 0 0 0 0 0 0 0 0 0 0 0 0 0 0 0 0 0 0 0 0 0 0 0 0 0 0 0 0 0 0 0 0 0 0 0 0 0 0 0 0 0 0 0 0 0 0 0 0 0 0 0 0 0 0 0 0 0 0 0 0 0 0 0 0 0 0 0 0 0 0 0 0 0 0 0 0 0 0 0 0 0 0 0 0 0 0 0 0 0 0 0 0 0 0 0 0 0 0 0 0 0 0 0 0 0 0 0 0 0 0 0 0 0 0 0 0 0 0 0 0 0 0 0 0 0 0 0 0 0 0 0 0 0 0 0 0 0 0 0 0 0 0 0 0 0 0 0 0 0 0 0 0 0 0 0 0 0 0 0 0 0 0 0 0 0 0 0 0 0 0 0 0 0 0 0 0 0 0 0 0 0 0 0 0 0 0 0 0 0 0 0 0 0 0 0 0 0 0 0 0 0 0 0 0 0 0 0 0 0 0 0 0 0 0 0 0 0 0 0 0 0 0 0 0 0 0 0 0 0 0 0 0 0 0 0 0 0 0 0 0 0 0 0 0 0 0 0 0 0 0 0 0 0 0 0 0 0 0 0 0 0 0 0 0 0 0 0 0 0 0 0 0 0 0 0 0 0 0 0 0 0 0 0 0 0 0 0 0 0 0 0 0 0 0 0 0 0 0 0 0 0 0 0 0 0 0 0 0 0 0 0 0 0 0 0 0 0 0 0 0 0 0 0 0 0 0 0 0 0 0 0 0 0 0 0 0 0 0 0 0 0 0 0 0 0 0 0 0 0 0 0 0 0 0 0 0 0 0 0 0 0 0 0 0 0 0 0 0 0 0 0 0 0 0 0 0 0 0 0 0 0 0 0 0 0 0 0 0 0 0 0 0 0 0 0 0 0 0 0 0 0 0 0 0 0 0 0 0 0 0 0 0 0 0 0 0 0 0 0 0 0 0 0 0 0 0 0 0 0 0 0 0 0 0 0 0 0 0 0 0 0 0 0 0 0 0 0 0 0 0 0 0 0 0 0 0 0 0 0 0 0 0 0 0 0 0 0 0 0 0 0 0 0 0 0 0 0 0 0 0 0 0 0 0 0 0 0 0 0 0 0 0 0 0 0 0 0 0 0 0 0 0 0 0 0 0 0 0 0 0 0 0 0 0 0 0 0 0 0 0 0 0 0 0 0 0 0 0 0 0 0 0 0 0 0 0 0 0 0 0 0 0 0 0 0 0 0 0 0 0 0 0 0 0 0 0 0 0 0 0 0 0 0 0 0 0 0 0 0 0 0 0 0 0 0 0 0 0 0
ctxt 7377456
btime 1613122782
processes 155448
procs_running 1
procs_blocked 0
softirq 127947497 1 77261725 1494 1385982 0 0 238 4047874 0 45250183
