cpu  342 5 2947 1650431 31 0 43 0 0 0
cpu0 1 0 224 25453 0 0 12 0 0 0
cpu1 0 0 35 25814 0 0 21 0 0 0
cpu2 4 0 46 25802 0 0 0 0 0 0
cpu3 0 0 34 25819 0 0 0 0 0 0
cpu4 1 0 49 25799 0 0 0 0 0 0
cpu5 1 0 35 25815 0 0 0 0 0 0
cpu6 4 0 134 25661 1 0 0 0 0 0
cpu7 2 0 33 25810 0 0 0 0 0 0
cpu8 7 0 48 25795 0 0 0 0 0 0
cpu9 1 0 31 25822 0 0 0 0 0 0
cpu10 4 0 86 25761 0 0 0 0 0 0
cpu11 2 0 34 25815 1 0 0 0 0 0
cpu12 8 0 65 25771 0 0 0 0 0 0
cpu13 0 0 30 25820 0 0 3 0 0 0
cpu14 11 0 43 25794 0 0 0 0 0 0
cpu15 1 0 38 25813 0 0 0 0 0 0
cpu16 5 0 48 25784 0 0 0 0 0 0
cpu17 0 0 39 25813 0 0 0 0 0 0
cpu18 22 0 42 25783 0 0 0 0 0 0
cpu19 2 0 28 25819 0 0 0 0 0 0
cpu20 3 0 42 25803 0 0 0 0 0 0
cpu21 2 0 30 25817 0 0 0 0 0 0
cpu22 30 0 51 25760 0 0 0 0 0 0
cpu23 2 0 36 25813 0 0 0 0 0 0
cpu24 3 0 49 25788 1 0 0 0 0 0
cpu25 1 0 36 25812 0 0 0 0 0 0
cpu26 6 0 36 25801 0 0 0 0 0 0
cpu27 0 0 30 25815 1 0 0 0 0 0
cpu28 3 0 43 25795 0 0 0 0 0 0
cpu29 2 0 38 25805 2 0 0 0 0 0
cpu30 8 0 42 25791 0 0 0 0 0 0
cpu31 2 0 33 25806 7 0 0 0 0 0
cpu32 16 0 50 25777 0 0 0 0 0 0
cpu33 0 0 30 25809 0 0 0 0 0 0
cpu34 9 0 37 25792 0 0 0 0 0 0
cpu35 2 0 30 25810 0 0 0 0 0 0
cpu36 5 0 34 25800 0 0 0 0 0 0
cpu37 1 0 35 25805 0 0 0 0 0 0
cpu38 3 0 37 25802 0 0 0 0 0 0
cpu39 1 0 31 25810 0 0 0 0 0 0
cpu40 13 0 64 25766 0 0 0 0 0 0
cpu41 2 0 32 25808 0 0 0 0 0 0
cpu42 4 0 49 25777 1 0 0 0 0 0
cpu43 2 0 37 25803 0 0 0 0 0 0
cpu44 24 0 97 25709 0 0 0 0 0 0
cpu45 2 0 33 25805 0 0 0 0 0 0
cpu46 16 0 46 25774 0 0 0 0 0 0
cpu47 0 0 30 25809 0 0 0 0 0 0
cpu48 10 0 48 25780 0 0 0 0 0 0
cpu49 1 0 31 25806 0 0 0 0 0 0
cpu50 10 2 49 25775 0 0 0 0 0 0
cpu51 2 0 34 25786 0 0 5 0 0 0
cpu52 13 0 50 25772 0 0 0 0 0 0
cpu53 0 0 35 25801 0 0 0 0 0 0
cpu54 10 0 58 25759 0 0 0 0 0 0
cpu55 1 0 38 25796 0 0 0 0 0 0
cpu56 7 0 42 25775 0 0 0 0 0 0
cpu57 3 0 31 25796 1 0 0 0 0 0
cpu58 10 0 53 25767 0 0 0 0 0 0
cpu59 2 0 34 25799 0 0 0 0 0 0
cpu60 6 0 40 25788 0 0 0 0 0 0
cpu61 0 0 36 25797 0 0 0 0 0 0
cpu62 4 0 50 25778 0 0 0 0 0 0
cpu63 2 0 33 25797 0 0 0 0 0 0
intr 351731 82 0 0 0 634 0 0 0 1 0 282 0 0 0 0 0 0 0 0 0 0 0 0 0 0 0 0 0 0 0 0 0 0 0 0 0 0 0 1 5 7 3 28 6 0 3 0 0 0 2 3 0 0 0 0 0 0 0 0 1 0 4 0 0 0 0 0 0 0 0 60 0 6 0 52 0 21 0 0 7 0 0 64 0 0 0 0 0 0 8786 2 0 0 0 8 0 10 0 2 2 29 0 0 0 0 0 0 0 0 0 0 0 0 0 0 0 0 0 0 95 4197 0 0 0 0 0 0 0 0 0 0 0 0 0 0 0 0 0 0 0 0 0 0 0 0 0 0 0 0 0 0 0 0 0 0 0 0 0 0 0 0 0 0 0 0 0 0 0 0 0 0 0 0 0 0 0 0 0 0 0 0 0 0 0 0 0 0 0 0 0 0 0 0 0 0 0 20 0 0 0 0 0 0 0 0 0 0 0 0 0 0 0 0 0 0 0 0 0 0 0 0 0 0 0 0 0 0 0 0 0 0 0 0 0 0 0 0 0 0 0 0 0 0 0 0 0 0 0 0 0 0 0 0 0 0 0 0 0 0 0 0 0 0 0 0 0 0 0 0 0 0 0 0 0 0 0 0 0 0 0 0 0 0 0 0 0 0 0 0 0 0 0 0 0 0 0 0 0 0 0 0 0 0 0 0 0 0 0 0 0 0 0 0 0 0 0 0 0 0 0 0 0 0 0 0 0 0 0 0 0 0 0 0 0 0 0 0 0 0 0 0 0 0 0 0 0 0 0 0 0 0 0 0 0 0 0 0 0 0 0 0 0 0 0 0 0 0 0 0 0 0 0 0 0 0 0 0 0 0 0 0 0 0 0 0 0 0 0 0 0 0 0 0 0 0 0 0 0 0 0 0 0 0 0 0 0 0 0 0 0 0 0 0 0 0 0 0 0 0 0 0 0 0 0 0 0 0 0 0 0 0 0 0 0 0 0 0 0 0 0 0 0 0 0 0 0 0 0 0 0 0 0 0 0 0 0 0 0 0 0 0 0 0 0 0 0 0 0 0 0 0 0 0 0 0 0 0 0 0 0 0 0 0 0 0 0 0 0 0 0 0 0 0 0 0 0 0 0 0 0 0 0 0 0 0 0 0 0 0 0 0 0 0 0 0 0 0 0 0 0 0 0 0 0 0 0 0 0 0 0 0 0 0 0 0 0 0 0 0 0 0 0 0 0 0 0 0 0 0 0 0 0 0 0 0 0 0 0 0 0 0 0 0 0 0 0 0 0 0 0 0 0 0 0 0 0 0 0 0 0 0 0 0 0 0 0 0 0 0 0 0 0 0 0 0 0 0 0 0 0 0 0 0 0 0 0 0 0 0 0 0 0 0 0 0 0 0 0 0 0 0 0 0 0 0 0 0 0 0 0 0 0 0 0 0 0 0 0 0 0 0 0 0 0 0 0 0 0 0 0 0 0 0 0 0 0 0 0 0 0 0 0 0 0 0 0 0 0 0 0 0 0 0 0 0 0 0 0 0 0 0 0 0 0 0 0 0 0 0 0 0 0 0 0 0 0 0 0 0 0 0 0 0 0 0 0 0 0 0 0 0 0 0 0 0 0 0 0 0 0 0 0 0 0 0 0 0 0 0 0 0 0 0 0 0 0 0 0 0 0 0 0 0 0 0 0 0 0 0 0 0 0 0 0 0 0 0 0 0 0 0 0 0 0 0 0 0 0 0 0 0 0 0 0 0 0 0 0 0 0 0 0 0 0 0 0 0 0 0 0 0 0 0 0 0 0 0 0 0 0 0 0 0 0 0 0 0 0 0 0 0 0 0 0 0 0 0 0 0 0 0 0 0 0 0 0 0 0 0 0 0 0 0 0 0 0 0 0 0 0 0 0 0 0 0 0 0 0 0 0 0 0 0 0 0 0 0 0 0 0 0 0 0 0 0 0 0 0 0 0 0 0 0 0 0 0 0 0 0 0 0 0 0 0 0 0 0 0 0 0 0 0 0 0 0 0 0 0 0 0 0 0 0 0 0 0 0 0 0 0 0 0 0 0 0 0 0 0 0 0 0 0 0 0 0 0 0 0 0 0 0 0 0 0 0 0 0 0 0 0 0 0 0 0 0 0 0 0 0 0 0 0 0 0 0 0 0 0 0 0 0 0 0 0 0 0 0 0 0 0 0 0 0 0 0 0 0 0 0 0 0 0 0 0 0 0 0 0 0 0 0 0 0 0 0 0 0 0 0 0 0 0 0 0 0 0 0 0 0 0 0 0 0 0 0 0 0 0 0 0 0 0 0 0 0 0 0 0 0 0 0 0 0 0 0 0 0 0 0 0 0 0 0 0 0 0 0 0 0 0 0 0 0 0 0 0 0 0 0 0 0 0 0 0 0 0 0 0 0 0 0 0 0 0 0 0 0 0 0 0 0 0 0 0 0 0 0 0 0 0 0 0 0 0 0 0 0 0 0 0 0 0 0 0 0 0 0 0 0 0 0 0 0 0 0 0 0 0 0 0 0 0 0 0 0 0 0 0 0 0 0 0 0 0 0 0 0 0 0 0 0 0 0 0 0 0 0 0 0 0 0 0 0 0 0 0 0 0 0 0 0 0 0 0 0 0 0 0 0 0 0 0 0 0 0 0 0 0 0 0 0 0 0 0 0 0 0 0 0 0 0 0 0 0 0 0 0 0 0 0 0 0 0 0 0 0 0 0 0 0 0 0 0 0 0 0 0 0 0 0 0 0 0 0 0 0 0 0 0 0 0 0 0 0 0 0 0 0 0 0 0 0 0 0 0 0 0 0 0 0 0 0 0 0 0 0 0 0 0 0 0 0 0 0 0 0 0 0 0 0 0 0 0 0 0 0 0 0 0 0 0 0 0 0 0 0 0 0 0 0 0 0 0 0 0 0 0 0 0 0 0 0 0 0 0 0 0 0 0 0 0 0 0 0 0 0 0 0 0 0 0 0 0 0 0 0 0 0 0 0 0 0 0 0 0 0 0 0 0 0 0 0 0 0 0 0 0 0 0 0 0 0 0 0 0 0 0 0 0 0 0 0 0 0 0 0 0 0 0 0 0 0 0 0 0 0 0 0 0 0 0 0 0 0 0 0 0 0 0 0 0 0 0 0 0 0 0 0 0 0 0 0 0 0 0 0 0 0 0 0 0 0 0 0 0 0 0 0 0 0 0 0 0 0 0 0 0 0 0 0 0 0 0 0 0 0 0 0 0 0 0 0 0 0 0 0 0 0 0 0 0 0 0 0 0 0 0 0 0 0 0 0 0 0 0 0 0 0 0 0 0 0 0 0 0 0 0 0 0 0 0 0 0 0 0 0 0 0 0 0 0 0 0 0 0 0 0 0 0 0 0 0 0 0 0 0 0 0 0 0 0 0 0 0 0 0 0 0 0 0 0 0 0 0 0 0 0 0 0 0 0 0 0 0 0 0 0 0 0 0 0 0 0 0 0 0 0 0 0 0 0 0 0 0 0 0 0 0 0 0 0 0 0 0 0 0 0 0 0 0 0 0 0 0 0 0 0 0 0 0 0 0 0 0 0 0 0 0 0 0 0 0 0 0 0 0 0 0 0 0 0 0 0 0 0 0 0 0 0 0 0 0 0 0 0 0 0 0 0 0 0 0 0 0 0 0 0 0 0 0 0 0 0 0 0 0 0 0 0 0 0 0 0 0 0 0 0 0 0 0 0 0 0 0 0 0 0 0 0 0 0 0 0 0 0 0 0 0 0 0 0 0 0 0 0 0 0 0 0 0 0 0 0 0 0 0 0 0 0 0 0 0 0 0 0 0 0 0 0 0 0 0 0 0 0 0 0 0 0 0 0 0 0 0 0 0 0 0 0 0 0 0 0 0 0 0 0 0 0 0 0 0 0 0 0 0 0 0 0 0 0 0 0 0 0 0 0 0 0 0 0 0 0 0 0 0 0 0 0 0 0 0 0 0 0 0 0 0 0 0 0 0 0 0 0 0 0 0 0 0 0 0 0 0 0 0 0 0 0 0 0 0 0 0 0 0 0 0 0 0 0 0 0 0 0 0 0 0 0 0 0 0 0 0 0 0 0 0 0 0 0 0 0 0 0 0 0 0 0 0 0 0 0 0 0 0 0 0 0 0 0 0 0 0 0 0 0 0 0 0 0 0 0 0 0 0 0 0 0 0 0 0 0 0 0 0 0 0 0 0 0 0 0 0 0 0 0 0 0 0 0 0 0 0 0 0 0 0 0 0 0 0 0 0 0 0 0 0 0 0 0 0 0 0 0 0 0 0 0 0 0 0 0 0 0 0 0 0 0 0 0 0 0 0 0 0 0 0 0 0 0 0 0 0 0 0 0 0 0 0 0 0 0 0 0 0 0 0 0 0 0 0 0 0 0 0 0 0 0 0 0 0 0 0 0 0 0 0 0 0 0 0 0 0 0 0 0 0 0 0 0 0 0 0 0 0 0 0 0 0 0 0 0 0 0 0 0 0 0 0 0 0 0 0 0 0 0 0 0 0 0 0 0 0 0 0 0 0 0 0 0 0 0 0 0 0 0 0 0 0 0 0 0 0 0 0 0 0 0 0 0 0 0 0 0 0 0 0 0 0 0 0 0 0 0 0 0 0 0 0 0 0 0 0 0 0 0 0 0 0 0 0 0 0 0 0 0 0 0 0 0 0 0 0 0 0 0 0 0 0 0 0 0 0 0 0 0 0 0 0 0 0 0 0 0 0 0 0 0 0 0 0 0 0 0 0 0 0 0 0 0 0 0 0 0 0 0 0 0 0 0 0 0 0 0 0 0 0 0 0 0 0 0 0 0 0 0 0 0 0 0 0 0 0 0 0 0 0 0 0 0 0 0 0 0 0 0 0 0 0 0 0 0 0 0 0 0 0 0 0 0 0 0 0 0 0 0 0 0 0 0 0 0 0 0 0 0 0 0 0 0 0 0 0 0 0 0 0 0 0 0 0 0 0 0 0 0 0 0 0 0 0 0 0 0 0 0 0 0 0 0 0 0 0 0 0 0 0 0 0 0 0 0 0 0 0 0 0 0 0 0 0 0 0 0 0 0 0 0 0 0 0 0 0 0 0 0 0 0 0 0 0 0 0 0 0 0 0 0 0 0 0 0 0 0 0 0 0 0 0 0 0 0 0 0 0
ctxt 113485
btime 1613144793
processes 1409
procs_running 1
procs_blocked 0
softirq 249273 1 86760 69 9113 0 0 125 89712 0 63493
