cpu  26484556 5 34447 8645281 129 0 2429 0 0 0
cpu0 413434 0 1003 134710 0 0 371 0 0 0
cpu1 413707 0 504 135223 2 0 109 0 0 0
cpu2 413270 0 1006 135170 0 0 50 0 0 0
cpu3 413470 0 574 135399 7 0 50 0 0 0
cpu4 413245 0 978 135141 0 0 45 0 0 0
cpu5 413848 0 294 135341 0 0 22 0 0 0
cpu6 413846 0 635 134984 0 0 34 0 0 0
cpu7 412435 0 1439 135376 0 0 238 0 0 0
cpu8 413624 0 898 134937 0 0 29 0 0 0
cpu9 413813 0 291 135368 0 0 23 0 0 0
cpu10 413690 0 719 135054 0 0 24 0 0 0
cpu11 414063 0 174 135253 0 0 8 0 0 0
cpu12 413574 0 694 135201 0 0 25 0 0 0
cpu13 413990 0 164 135343 0 0 4 0 0 0
cpu14 414473 0 999 133995 2 0 20 0 0 0
cpu15 413572 0 524 135330 0 0 74 0 0 0
cpu16 413099 0 1287 135071 3 0 25 0 0 0
cpu17 413642 0 481 135320 0 0 47 0 0 0
cpu18 413748 0 950 134759 4 0 34 0 0 0
cpu19 413968 0 184 135333 0 0 14 0 0 0
cpu20 413442 0 1230 134676 59 0 38 0 0 0
cpu21 413994 0 182 135317 0 0 7 0 0 0
cpu22 413022 0 1192 135241 1 0 34 0 0 0
cpu23 413850 0 284 135323 0 0 37 0 0 0
cpu24 413310 1 970 135190 0 0 24 0 0 0
cpu25 414059 0 115 135319 0 0 2 0 0 0
cpu26 413320 0 900 135242 0 0 26 0 0 0
cpu27 414431 0 229 134830 0 0 7 0 0 0
cpu28 413941 0 544 134991 0 0 16 0 0 0
cpu29 413939 0 194 135351 0 0 8 0 0 0
cpu30 413558 0 783 135104 1 0 40 0 0 0
cpu31 413853 0 291 135315 1 0 30 0 0 0
cpu32 413860 0 732 134871 0 0 15 0 0 0
cpu33 413708 0 389 135337 0 0 23 0 0 0
cpu34 413676 0 546 135228 0 0 19 0 0 0
cpu35 413510 0 523 135401 0 0 44 0 0 0
cpu36 413746 0 494 135198 0 0 16 0 0 0
cpu37 413923 0 218 135331 0 0 18 0 0 0
cpu38 413805 0 721 134940 2 0 21 0 0 0
cpu39 412734 0 1168 135346 0 0 230 0 0 0
cpu40 413731 0 803 134937 0 0 16 0 0 0
cpu41 413630 0 474 135305 1 0 79 0 0 0
cpu42 416548 0 804 132085 14 0 5 0 0 0
cpu43 414026 0 121 135328 1 0 4 0 0 0
cpu44 414660 0 388 134434 0 0 6 0 0 0
cpu45 413989 0 168 135319 1 0 8 0 0 0
cpu46 415392 0 617 133436 2 0 6 0 0 0
cpu47 413978 0 174 135323 1 0 10 0 0 0
cpu48 413568 0 719 135103 0 0 82 0 0 0
cpu49 413942 0 204 135330 0 0 12 0 0 0
cpu50 413940 1 578 134815 0 0 120 0 0 0
cpu51 414036 0 122 135323 0 0 2 0 0 0
cpu52 413985 0 343 135139 0 0 12 0 0 0
cpu53 414052 0 121 135296 0 0 4 0 0 0
cpu54 413904 0 405 135156 0 0 14 0 0 0
cpu55 414004 0 151 135317 0 0 12 0 0 0
cpu56 413716 0 508 135248 0 0 13 0 0 0
cpu57 414066 0 87 135330 0 0 2 0 0 0
cpu58 413720 0 456 135289 3 0 14 0 0 0
cpu59 413996 0 150 135329 0 0 6 0 0 0
cpu60 413959 0 308 135200 0 0 8 0 0 0
cpu61 413848 0 288 135314 0 0 32 0 0 0
cpu62 413768 0 519 134874 0 0 16 0 0 0
cpu63 413884 0 410 135157 0 0 28 0 0 0
intr 76316146 83 0 0 0 622 0 0 0 1 0 285 0 0 0 0 0 0 0 0 0 0 0 0 0 0 0 0 0 0 0 0 0 0 0 0 0 0 0 1975 17387 1106 14417 2161 5365 358 37965 854 3899 600 4533 300 1230 715 18826 2700 6408 2138 2258 21871 2206 4823 1818 1404 793 870 2125 510 2801 1058 4537 1239 6350 1077 19102 750 2688 2963 9219 1649 9550 761 346 350 3130 289 3523 1148 6871 67690 2022 1470 2276 769 3571 523 969 1199 1039 888 3369 626 8278 0 0 0 0 0 0 0 0 0 0 0 0 0 0 0 0 0 32446 93 0 0 0 0 0 0 0 0 0 0 0 0 0 0 0 0 0 0 0 0 0 0 0 0 0 0 0 0 0 0 0 0 0 0 0 0 0 0 0 0 0 0 0 0 0 0 0 0 0 0 0 0 0 0 0 0 0 0 0 0 0 0 0 0 0 0 0 0 0 0 0 0 0 0 0 25 0 0 0 0 0 0 0 0 0 0 0 0 0 0 0 0 0 0 0 0 0 0 0 0 0 0 0 0 0 0 0 0 0 0 0 0 0 0 0 0 0 0 0 0 0 0 0 0 0 0 0 0 0 0 0 0 0 0 0 0 0 0 0 0 0 0 0 0 0 0 0 0 0 0 0 0 0 0 0 0 0 0 0 0 0 0 0 0 0 0 0 0 0 0 0 0 0 0 0 0 0 0 0 0 0 0 0 0 0 0 0 0 0 0 0 0 0 0 0 0 0 0 0 0 0 0 0 0 0 0 0 0 0 0 0 0 0 0 0 0 0 0 0 0 0 0 0 0 0 0 0 0 0 0 0 0 0 0 0 0 0 0 0 0 0 0 0 0 0 0 0 0 0 0 0 0 0 0 0 0 0 0 0 0 0 0 0 0 0 0 0 0 0 0 0 0 0 0 0 0 0 0 0 0 0 0 0 0 0 0 0 0 0 0 0 0 0 0 0 0 0 0 0 0 0 0 0 0 0 0 0 0 0 0 0 0 0 0 0 0 0 0 0 0 0 0 0 0 0 0 0 0 0 0 0 0 0 0 0 0 0 0 0 0 0 0 0 0 0 0 0 0 0 0 0 0 0 0 0 0 0 0 0 0 0 0 0 0 0 0 0 0 0 0 0 0 0 0 0 0 0 0 0 0 0 0 0 0 0 0 0 0 0 0 0 0 0 0 0 0 0 0 0 0 0 0 0 0 0 0 0 0 0 0 0 0 0 0 0 0 0 0 0 0 0 0 0 0 0 0 0 0 0 0 0 0 0 0 0 0 0 0 0 0 0 0 0 0 0 0 0 0 0 0 0 0 0 0 0 0 0 0 0 0 0 0 0 0 0 0 0 0 0 0 0 0 0 0 0 0 0 0 0 0 0 0 0 0 0 0 0 0 0 0 0 0 0 0 0 0 0 0 0 0 0 0 0 0 0 0 0 0 0 0 0 0 0 0 0 0 0 0 0 0 0 0 0 0 0 0 0 0 0 0 0 0 0 0 0 0 0 0 0 0 0 0 0 0 0 0 0 0 0 0 0 0 0 0 0 0 0 0 0 0 0 0 0 0 0 0 0 0 0 0 0 0 0 0 0 0 0 0 0 0 0 0 0 0 0 0 0 0 0 0 0 0 0 0 0 0 0 0 0 0 0 0 0 0 0 0 0 0 0 0 0 0 0 0 0 0 0 0 0 0 0 0 0 0 0 0 0 0 0 0 0 0 0 0 0 0 0 0 0 0 0 0 0 0 0 0 0 0 0 0 0 0 0 0 0 0 0 0 0 0 0 0 0 0 0 0 0 0 0 0 0 0 0 0 0 0 0 0 0 0 0 0 0 0 0 0 0 0 0 0 0 0 0 0 0 0 0 0 0 0 0 0 0 0 0 0 0 0 0 0 0 0 0 0 0 0 0 0 0 0 0 0 0 0 0 0 0 0 0 0 0 0 0 0 0 0 0 0 0 0 0 0 0 0 0 0 0 0 0 0 0 0 0 0 0 0 0 0 0 0 0 0 0 0 0 0 0 0 0 0 0 0 0 0 0 0 0 0 0 0 0 0 0 0 0 0 0 0 0 0 0 0 0 0 0 0 0 0 0 0 0 0 0 0 0 0 0 0 0 0 0 0 0 0 0 0 0 0 0 0 0 0 0 0 0 0 0 0 0 0 0 0 0 0 0 0 0 0 0 0 0 0 0 0 0 0 0 0 0 0 0 0 0 0 0 0 0 0 0 0 0 0 0 0 0 0 0 0 0 0 0 0 0 0 0 0 0 0 0 0 0 0 0 0 0 0 0 0 0 0 0 0 0 0 0 0 0 0 0 0 0 0 0 0 0 0 0 0 0 0 0 0 0 0 0 0 0 0 0 0 0 0 0 0 0 0 0 0 0 0 0 0 0 0 0 0 0 0 0 0 0 0 0 0 0 0 0 0 0 0 0 0 0 0 0 0 0 0 0 0 0 0 0 0 0 0 0 0 0 0 0 0 0 0 0 0 0 0 0 0 0 0 0 0 0 0 0 0 0 0 0 0 0 0 0 0 0 0 0 0 0 0 0 0 0 0 0 0 0 0 0 0 0 0 0 0 0 0 0 0 0 0 0 0 0 0 0 0 0 0 0 0 0 0 0 0 0 0 0 0 0 0 0 0 0 0 0 0 0 0 0 0 0 0 0 0 0 0 0 0 0 0 0 0 0 0 0 0 0 0 0 0 0 0 0 0 0 0 0 0 0 0 0 0 0 0 0 0 0 0 0 0 0 0 0 0 0 0 0 0 0 0 0 0 0 0 0 0 0 0 0 0 0 0 0 0 0 0 0 0 0 0 0 0 0 0 0 0 0 0 0 0 0 0 0 0 0 0 0 0 0 0 0 0 0 0 0 0 0 0 0 0 0 0 0 0 0 0 0 0 0 0 0 0 0 0 0 0 0 0 0 0 0 0 0 0 0 0 0 0 0 0 0 0 0 0 0 0 0 0 0 0 0 0 0 0 0 0 0 0 0 0 0 0 0 0 0 0 0 0 0 0 0 0 0 0 0 0 0 0 0 0 0 0 0 0 0 0 0 0 0 0 0 0 0 0 0 0 0 0 0 0 0 0 0 0 0 0 0 0 0 0 0 0 0 0 0 0 0 0 0 0 0 0 0 0 0 0 0 0 0 0 0 0 0 0 0 0 0 0 0 0 0 0 0 0 0 0 0 0 0 0 0 0 0 0 0 0 0 0 0 0 0 0 0 0 0 0 0 0 0 0 0 0 0 0 0 0 0 0 0 0 0 0 0 0 0 0 0 0 0 0 0 0 0 0 0 0 0 0 0 0 0 0 0 0 0 0 0 0 0 0 0 0 0 0 0 0 0 0 0 0 0 0 0 0 0 0 0 0 0 0 0 0 0 0 0 0 0 0 0 0 0 0 0 0 0 0 0 0 0 0 0 0 0 0 0 0 0 0 0 0 0 0 0 0 0 0 0 0 0 0 0 0 0 0 0 0 0 0 0 0 0 0 0 0 0 0 0 0 0 0 0 0 0 0 0 0 0 0 0 0 0 0 0 0 0 0 0 0 0 0 0 0 0 0 0 0 0 0 0 0 0 0 0 0 0 0 0 0 0 0 0 0 0 0 0 0 0 0 0 0 0 0 0 0 0 0 0 0 0 0 0 0 0 0 0 0 0 0 0 0 0 0 0 0 0 0 0 0 0 0 0 0 0 0 0 0 0 0 0 0 0 0 0 0 0 0 0 0 0 0 0 0 0 0 0 0 0 0 0 0 0 0 0 0 0 0 0 0 0 0 0 0 0 0 0 0 0 0 0 0 0 0 0 0 0 0 0 0 0 0 0 0 0 0 0 0 0 0 0 0 0 0 0 0 0 0 0 0 0 0 0 0 0 0 0 0 0 0 0 0 0 0 0 0 0 0 0 0 0 0 0 0 0 0 0 0 0 0 0 0 0 0 0 0 0 0 0 0 0 0 0 0 0 0 0 0 0 0 0 0 0 0 0 0 0 0 0 0 0 0 0 0 0 0 0 0 0 0 0 0 0 0 0 0 0 0 0 0 0 0 0 0 0 0 0 0 0 0 0 0 0 0 0 0 0 0 0 0 0 0 0 0 0 0 0 0 0 0 0 0 0 0 0 0 0 0 0 0 0 0 0 0 0 0 0 0 0 0 0 0 0 0 0 0 0 0 0 0 0 0 0 0 0 0 0 0 0 0 0 0 0 0 0 0 0 0 0 0 0 0 0 0 0 0 0 0 0 0 0 0 0 0 0 0 0 0 0 0 0 0 0 0 0 0 0 0 0 0 0 0 0 0 0 0 0 0 0 0 0 0 0 0 0 0 0 0 0 0 0 0 0 0 0 0 0 0 0 0 0 0 0 0 0 0 0 0 0 0 0 0 0 0 0 0 0 0 0 0 0 0 0 0 0 0 0 0 0 0 0 0 0 0 0 0 0 0 0 0 0 0 0 0 0 0 0 0 0 0 0 0 0 0 0 0 0 0 0 0 0 0 0 0 0 0 0 0 0 0 0 0 0 0 0 0 0 0 0 0 0 0 0 0 0 0 0 0 0 0 0 0 0 0 0 0 0 0 0 0 0 0 0 0 0 0 0 0 0 0 0 0 0 0 0 0 0 0 0 0 0 0 0 0 0 0 0 0 0 0 0 0 0 0 0 0 0 0 0 0 0 0 0 0 0 0 0 0 0 0 0 0 0 0 0 0 0 0 0 0 0 0 0 0 0 0 0 0 0 0 0 0 0 0 0 0 0 0 0 0 0 0 0 0 0 0 0 0 0 0 0 0 0 0 0 0 0 0 0 0 0 0 0 0 0 0 0 0 0 0 0 0 0 0 0 0 0 0 0 0 0 0 0 0 0 0 0 0 0 0 0 0 0 0 0 0 0 0 0 0 0 0 0 0 0 0 0 0 0 0 0 0 0 0 0 0 0 0 0 0 0 0 0 0 0 0 0 0 0 0 0 0 0 0 0 0 0 0 0 0 0 0 0 0 0 0 0 0 0 0 0 0 0 0 0 0 0 0 0 0 0 0 0 0 0 0 0 0 0 0 0 0 0 0 0 0 0 0 0 0 0 0 0 0 0 0 0 0 0 0 0 0 0 0 0 0 0 0 0 0 0 0 0 0 0 0 0 0 0 0 0 0 0 0 0 0 0 0 0 0 0 0 0 0 0
ctxt 11796496
btime 1613123984
processes 280140
procs_running 1
procs_blocked 0
softirq 86648998 1 50341595 1893 2323941 0 0 147 2573922 0 31407499
