cpu  30043272 8 53392 4372928 180 0 4781 0 0 0
cpu0 468140 0 2219 67952 0 0 315 0 0 0
cpu1 469164 0 990 68410 9 0 124 0 0 0
cpu2 468926 0 1768 67829 1 0 158 0 0 0
cpu3 468851 0 1113 68552 4 0 155 0 0 0
cpu4 469376 0 1465 67648 8 0 105 0 0 0
cpu5 469755 0 352 68540 4 0 25 0 0 0
cpu6 468888 0 1173 68461 1 0 148 0 0 0
cpu7 469196 0 917 68437 2 0 126 0 0 0
cpu8 468646 0 1495 68468 0 0 61 0 0 0
cpu9 469774 0 370 68486 3 0 47 0 0 0
cpu10 469028 0 1161 68382 3 0 91 0 0 0
cpu11 469659 0 452 68511 2 0 50 0 0 0
cpu12 468639 0 1535 68427 1 0 74 0 0 0
cpu13 469832 0 389 68402 1 0 41 0 0 0
cpu14 468818 0 1400 68367 0 0 90 0 0 0
cpu15 469673 0 627 68271 2 0 90 0 0 0
cpu16 467876 0 2114 68485 0 0 197 0 0 0
cpu17 469576 0 502 68346 1 0 229 0 0 0
cpu18 468382 0 1874 68253 0 0 167 0 0 0
cpu19 469737 0 440 68434 1 0 51 0 0 0
cpu20 468915 0 1233 68313 49 0 114 0 0 0
cpu21 469860 0 319 68469 11 0 16 0 0 0
cpu22 468876 0 1184 68493 1 0 118 0 0 0
cpu23 469700 0 412 68520 8 0 36 0 0 0
cpu24 469349 0 916 68359 1 0 40 0 0 0
cpu25 469846 0 258 68564 1 0 10 0 0 0
cpu26 468850 0 1298 68364 0 0 148 0 0 0
cpu27 469674 0 425 68528 1 0 47 0 0 0
cpu28 468950 0 1147 68492 0 0 83 0 0 0
cpu29 469854 0 252 68551 2 0 16 0 0 0
cpu30 468688 0 1310 68458 0 0 208 0 0 0
cpu31 469659 0 406 68567 1 0 32 0 0 0
cpu32 469491 0 1026 68100 1 0 40 0 0 0
cpu33 469356 0 726 68548 1 0 37 0 0 0
cpu34 469658 2 1123 67850 0 0 31 0 0 0
cpu35 469679 0 400 68560 0 0 29 0 0 0
cpu36 470018 0 758 67843 0 0 38 0 0 0
cpu37 469753 0 345 68549 5 0 16 0 0 0
cpu38 472123 0 807 65677 1 0 37 0 0 0
cpu39 469238 0 813 68523 1 0 93 0 0 0
cpu40 470250 0 980 67373 5 0 44 0 0 0
cpu41 469915 0 289 68430 1 0 18 0 0 0
cpu42 468948 0 1188 68375 0 0 154 0 0 0
cpu43 469799 0 337 68491 0 0 40 0 0 0
cpu44 469404 0 1103 68137 0 0 23 0 0 0
cpu45 469908 0 293 68439 0 0 22 0 0 0
cpu46 468860 0 1645 67999 0 0 150 0 0 0
cpu47 469969 0 336 68326 2 0 24 0 0 0
cpu48 468802 0 1487 68273 0 0 100 0 0 0
cpu49 469839 0 472 68327 2 0 19 0 0 0
cpu50 469043 0 1034 68503 0 0 80 0 0 0
cpu51 469924 0 281 68443 2 0 14 0 0 0
cpu52 469651 0 481 68491 0 0 41 0 0 0
cpu53 469892 0 274 68479 3 0 16 0 0 0
cpu54 469466 0 628 68511 1 0 50 0 0 0
cpu55 469699 0 413 68523 0 0 26 0 0 0
cpu56 469380 0 855 68379 0 0 40 0 0 0
cpu57 469912 0 205 68530 0 0 9 0 0 0
cpu58 469611 0 552 68459 0 0 35 0 0 0
cpu59 469540 1 497 68540 1 0 83 0 0 0
cpu60 469550 0 692 68365 0 0 22 0 0 0
cpu61 469900 0 206 68533 1 0 17 0 0 0
cpu62 468666 0 1262 68536 0 0 188 0 0 0
cpu63 469848 0 342 68448 7 0 8 0 0 0
intr 84068095 83 0 0 0 639 0 0 0 1 0 282 0 0 0 0 0 0 0 0 0 0 0 0 0 0 0 0 0 0 0 0 0 0 0 0 0 0 0 1192 29749 1468 12867 304 7090 1253 9340 743 11291 619 4661 525 4732 254 4234 1331 72940 184 4302 9667 2072 1560 12283 1150 1177 489 3328 1866 607 789 5404 1450 16937 171 8833 132 7002 253 13805 328 2734 493 6921 845 1495 12 5150 669 8411 765 4480 2885 1865 3725 5710 1096 1524 592 2749 773 1591 835 2597 0 0 0 0 0 0 0 0 0 0 0 0 0 0 0 0 0 32043 93 0 0 0 0 0 0 0 0 0 0 0 0 0 0 0 0 0 0 0 0 0 0 0 0 0 0 0 0 0 0 0 0 0 0 0 0 0 0 0 0 0 0 0 0 0 0 0 0 0 0 0 0 0 0 0 0 0 0 0 0 0 0 0 0 0 0 0 0 0 0 0 0 0 0 0 15 0 0 0 0 0 0 0 0 0 0 0 0 0 0 0 0 0 0 0 0 0 0 0 0 0 0 0 0 0 0 0 0 0 0 0 0 0 0 0 0 0 0 0 0 0 0 0 0 0 0 0 0 0 0 0 0 0 0 0 0 0 0 0 0 0 0 0 0 0 0 0 0 0 0 0 0 0 0 0 0 0 0 0 0 0 0 0 0 0 0 0 0 0 0 0 0 0 0 0 0 0 0 0 0 0 0 0 0 0 0 0 0 0 0 0 0 0 0 0 0 0 0 0 0 0 0 0 0 0 0 0 0 0 0 0 0 0 0 0 0 0 0 0 0 0 0 0 0 0 0 0 0 0 0 0 0 0 0 0 0 0 0 0 0 0 0 0 0 0 0 0 0 0 0 0 0 0 0 0 0 0 0 0 0 0 0 0 0 0 0 0 0 0 0 0 0 0 0 0 0 0 0 0 0 0 0 0 0 0 0 0 0 0 0 0 0 0 0 0 0 0 0 0 0 0 0 0 0 0 0 0 0 0 0 0 0 0 0 0 0 0 0 0 0 0 0 0 0 0 0 0 0 0 0 0 0 0 0 0 0 0 0 0 0 0 0 0 0 0 0 0 0 0 0 0 0 0 0 0 0 0 0 0 0 0 0 0 0 0 0 0 0 0 0 0 0 0 0 0 0 0 0 0 0 0 0 0 0 0 0 0 0 0 0 0 0 0 0 0 0 0 0 0 0 0 0 0 0 0 0 0 0 0 0 0 0 0 0 0 0 0 0 0 0 0 0 0 0 0 0 0 0 0 0 0 0 0 0 0 0 0 0 0 0 0 0 0 0 0 0 0 0 0 0 0 0 0 0 0 0 0 0 0 0 0 0 0 0 0 0 0 0 0 0 0 0 0 0 0 0 0 0 0 0 0 0 0 0 0 0 0 0 0 0 0 0 0 0 0 0 0 0 0 0 0 0 0 0 0 0 0 0 0 0 0 0 0 0 0 0 0 0 0 0 0 0 0 0 0 0 0 0 0 0 0 0 0 0 0 0 0 0 0 0 0 0 0 0 0 0 0 0 0 0 0 0 0 0 0 0 0 0 0 0 0 0 0 0 0 0 0 0 0 0 0 0 0 0 0 0 0 0 0 0 0 0 0 0 0 0 0 0 0 0 0 0 0 0 0 0 0 0 0 0 0 0 0 0 0 0 0 0 0 0 0 0 0 0 0 0 0 0 0 0 0 0 0 0 0 0 0 0 0 0 0 0 0 0 0 0 0 0 0 0 0 0 0 0 0 0 0 0 0 0 0 0 0 0 0 0 0 0 0 0 0 0 0 0 0 0 0 0 0 0 0 0 0 0 0 0 0 0 0 0 0 0 0 0 0 0 0 0 0 0 0 0 0 0 0 0 0 0 0 0 0 0 0 0 0 0 0 0 0 0 0 0 0 0 0 0 0 0 0 0 0 0 0 0 0 0 0 0 0 0 0 0 0 0 0 0 0 0 0 0 0 0 0 0 0 0 0 0 0 0 0 0 0 0 0 0 0 0 0 0 0 0 0 0 0 0 0 0 0 0 0 0 0 0 0 0 0 0 0 0 0 0 0 0 0 0 0 0 0 0 0 0 0 0 0 0 0 0 0 0 0 0 0 0 0 0 0 0 0 0 0 0 0 0 0 0 0 0 0 0 0 0 0 0 0 0 0 0 0 0 0 0 0 0 0 0 0 0 0 0 0 0 0 0 0 0 0 0 0 0 0 0 0 0 0 0 0 0 0 0 0 0 0 0 0 0 0 0 0 0 0 0 0 0 0 0 0 0 0 0 0 0 0 0 0 0 0 0 0 0 0 0 0 0 0 0 0 0 0 0 0 0 0 0 0 0 0 0 0 0 0 0 0 0 0 0 0 0 0 0 0 0 0 0 0 0 0 0 0 0 0 0 0 0 0 0 0 0 0 0 0 0 0 0 0 0 0 0 0 0 0 0 0 0 0 0 0 0 0 0 0 0 0 0 0 0 0 0 0 0 0 0 0 0 0 0 0 0 0 0 0 0 0 0 0 0 0 0 0 0 0 0 0 0 0 0 0 0 0 0 0 0 0 0 0 0 0 0 0 0 0 0 0 0 0 0 0 0 0 0 0 0 0 0 0 0 0 0 0 0 0 0 0 0 0 0 0 0 0 0 0 0 0 0 0 0 0 0 0 0 0 0 0 0 0 0 0 0 0 0 0 0 0 0 0 0 0 0 0 0 0 0 0 0 0 0 0 0 0 0 0 0 0 0 0 0 0 0 0 0 0 0 0 0 0 0 0 0 0 0 0 0 0 0 0 0 0 0 0 0 0 0 0 0 0 0 0 0 0 0 0 0 0 0 0 0 0 0 0 0 0 0 0 0 0 0 0 0 0 0 0 0 0 0 0 0 0 0 0 0 0 0 0 0 0 0 0 0 0 0 0 0 0 0 0 0 0 0 0 0 0 0 0 0 0 0 0 0 0 0 0 0 0 0 0 0 0 0 0 0 0 0 0 0 0 0 0 0 0 0 0 0 0 0 0 0 0 0 0 0 0 0 0 0 0 0 0 0 0 0 0 0 0 0 0 0 0 0 0 0 0 0 0 0 0 0 0 0 0 0 0 0 0 0 0 0 0 0 0 0 0 0 0 0 0 0 0 0 0 0 0 0 0 0 0 0 0 0 0 0 0 0 0 0 0 0 0 0 0 0 0 0 0 0 0 0 0 0 0 0 0 0 0 0 0 0 0 0 0 0 0 0 0 0 0 0 0 0 0 0 0 0 0 0 0 0 0 0 0 0 0 0 0 0 0 0 0 0 0 0 0 0 0 0 0 0 0 0 0 0 0 0 0 0 0 0 0 0 0 0 0 0 0 0 0 0 0 0 0 0 0 0 0 0 0 0 0 0 0 0 0 0 0 0 0 0 0 0 0 0 0 0 0 0 0 0 0 0 0 0 0 0 0 0 0 0 0 0 0 0 0 0 0 0 0 0 0 0 0 0 0 0 0 0 0 0 0 0 0 0 0 0 0 0 0 0 0 0 0 0 0 0 0 0 0 0 0 0 0 0 0 0 0 0 0 0 0 0 0 0 0 0 0 0 0 0 0 0 0 0 0 0 0 0 0 0 0 0 0 0 0 0 0 0 0 0 0 0 0 0 0 0 0 0 0 0 0 0 0 0 0 0 0 0 0 0 0 0 0 0 0 0 0 0 0 0 0 0 0 0 0 0 0 0 0 0 0 0 0 0 0 0 0 0 0 0 0 0 0 0 0 0 0 0 0 0 0 0 0 0 0 0 0 0 0 0 0 0 0 0 0 0 0 0 0 0 0 0 0 0 0 0 0 0 0 0 0 0 0 0 0 0 0 0 0 0 0 0 0 0 0 0 0 0 0 0 0 0 0 0 0 0 0 0 0 0 0 0 0 0 0 0 0 0 0 0 0 0 0 0 0 0 0 0 0 0 0 0 0 0 0 0 0 0 0 0 0 0 0 0 0 0 0 0 0 0 0 0 0 0 0 0 0 0 0 0 0 0 0 0 0 0 0 0 0 0 0 0 0 0 0 0 0 0 0 0 0 0 0 0 0 0 0 0 0 0 0 0 0 0 0 0 0 0 0 0 0 0 0 0 0 0 0 0 0 0 0 0 0 0 0 0 0 0 0 0 0 0 0 0 0 0 0 0 0 0 0 0 0 0 0 0 0 0 0 0 0 0 0 0 0 0 0 0 0 0 0 0 0 0 0 0 0 0 0 0 0 0 0 0 0 0 0 0 0 0 0 0 0 0 0 0 0 0 0 0 0 0 0 0 0 0 0 0 0 0 0 0 0 0 0 0 0 0 0 0 0 0 0 0 0 0 0 0 0 0 0 0 0 0 0 0 0 0 0 0 0 0 0 0 0 0 0 0 0 0 0 0 0 0 0 0 0 0 0 0 0 0 0 0 0 0 0 0 0 0 0 0 0 0 0 0 0 0 0 0 0 0 0 0 0 0 0 0 0 0 0 0 0 0 0 0 0 0 0 0 0 0 0 0 0 0 0 0 0 0 0 0 0 0 0 0 0 0 0 0 0 0 0 0 0 0 0 0 0 0 0 0 0 0 0 0 0 0 0 0 0 0 0 0 0 0 0 0 0 0 0 0 0 0 0 0 0 0 0 0 0 0 0 0 0 0 0 0 0 0 0 0 0 0 0 0 0 0 0 0 0 0 0 0 0 0 0 0 0 0 0 0 0 0 0 0 0 0 0 0 0 0 0 0 0 0 0 0 0 0 0 0 0 0 0 0 0 0 0 0 0 0 0 0 0 0 0 0 0 0 0 0 0 0 0 0 0 0 0 0 0 0 0 0 0 0 0 0 0 0 0 0 0 0 0 0 0 0 0 0 0 0 0 0 0 0 0 0 0 0 0 0 0 0 0 0 0 0 0 0 0 0 0 0 0 0 0 0 0 0 0 0 0 0 0 0 0 0 0 0 0 0 0 0 0 0 0 0 0 0 0 0 0 0 0 0 0 0 0 0 0 0 0 0 0 0 0 0 0 0 0 0 0 0 0 0 0 0 0 0 0 0 0 0 0 0 0 0 0 0 0 0 0 0 0 0 0 0 0 0 0 0 0 0 0 0 0 0 0 0 0 0 0 0 0 0 0 0 0 0 0 0 0 0 0 0 0 0 0 0 0 0 0 0 0 0 0 0 0 0 0 0 0 0 0 0 0 0 0
ctxt 10391029
btime 1613123985
processes 228381
procs_running 1
procs_blocked 0
softirq 93805052 1 54244016 1369 1886963 0 0 148 2846655 0 34825900
