cpu  10268064 4 16176 6760399 513 0 1510 0 0 0
cpu0 285140 0 428 187663 9 0 343 0 0 0
cpu1 284938 0 584 187915 1 0 80 0 0 0
cpu2 284948 0 696 187842 2 0 23 0 0 0
cpu3 285099 0 431 187940 17 0 33 0 0 0
cpu4 285071 0 400 188016 2 0 35 0 0 0
cpu5 285147 0 359 188002 2 0 15 0 0 0
cpu6 285218 0 458 187815 1 0 27 0 0 0
cpu7 285196 0 311 187994 5 0 13 0 0 0
cpu8 285462 0 393 187642 6 0 16 0 0 0
cpu9 283500 0 1966 187955 9 0 95 0 0 0
cpu10 285232 0 351 187910 4 0 11 0 0 0
cpu11 285383 0 383 187727 2 0 12 0 0 0
cpu12 285274 0 281 187929 11 0 17 0 0 0
cpu13 285378 0 326 187805 4 0 5 0 0 0
cpu14 285445 0 724 187285 4 0 53 0 0 0
cpu15 285507 0 595 187400 14 0 11 0 0 0
cpu16 285360 0 406 187735 2 0 10 0 0 0
cpu17 285170 0 405 187880 2 0 57 0 0 0
cpu18 285294 0 275 187890 51 0 10 0 0 0
cpu19 284971 0 529 187923 4 0 88 0 0 0
cpu20 285029 0 520 187905 41 0 22 0 0 0
cpu21 285256 0 288 187927 42 0 14 0 0 0
cpu22 285211 0 270 187956 58 0 19 0 0 0
cpu23 285259 0 236 187999 10 0 3 0 0 0
cpu24 285432 0 259 187818 0 0 3 0 0 0
cpu25 285262 0 220 188034 0 0 4 0 0 0
cpu26 285322 0 284 187900 0 0 10 0 0 0
cpu27 284790 0 719 187986 0 0 19 0 0 0
cpu28 284611 0 620 187908 0 0 374 0 0 0
cpu29 285376 0 305 187795 16 0 6 0 0 0
cpu30 285380 0 236 187881 2 0 7 0 0 0
cpu31 285887 0 278 187332 4 0 2 0 0 0
cpu32 285628 1 466 187390 7 0 20 0 0 0
cpu33 285303 2 375 187826 7 0 5 0 0 0
cpu34 286251 0 464 186636 122 0 29 0 0 0
cpu35 285321 0 320 187817 34 0 6 0 0 0
intr 28585812 56 0 0 0 609 0 0 0 1 0 257 0 0 0 0 0 0 0 0 0 0 0 0 0 0 0 0 0 0 0 0 92 545 46 332 175 263 160 177 1485 467 660 369 178 381 480 442 438 373 368 1673 166 2412 1413 2844 1523 0 0 0 0 19 19 172 14 507 458 241 402 659 489 10318 3525 0 0 16 9858 2 0 9531 183 2509 1269 3798 1519 6454 738 1392 1633 429 658 187 425 676 2550 449 1600 1998 5699 5068 3778 335 420 1152 426 1445 1319 88300 977 1630 962 746 419 2874 180 0 17 7720 1 0 0 0 0 0 0 0 0 0 0 0 0 0 0 0 0 0 0 0 0 0 0 0 0 0 0 0 0 0 0 0 0 0 0 0 0 0 22 0 0 0 0 0 0 0 0 0 0 0 0 0 0 0 0 0 0 0 0 0 0 0 0 0 0 0 0 0 0 0 0 0 0 0 0 0 0 0 0 0 0 0 0 0 0 0 0 0 0 0 0 0 0 0 0 0 0 0 0 0 0 0 0 0 0 0 0 0 0 0 0 0 0 0 0 0 0 0 0 0 0 0 0 0 0 0 0 0 0 0 0 0 0 0 0 0 0 0 0 0 0 0 0 0 0 0 0 0 0 0 0 0 0 0 0 0 0 0 0 0 0 0 0 0 0 0 0 0 0 0 0 0 0 0 0 0 0 0 0 0 0 0 0 0 0 0 0 0 0 0 0 0 0 0 0 0 0 0 0 0 0 0 0 0 0 0 0 0 0 0 0 0 0 0 0 0 0 0 0 0 0 0 0 0 0 0 0 0 0 0 0 0 0 0 0 0 0 0 0 0 0 0 0 0 0 0 0 0 0 0 0 0 0 0 0 0 0 0 0 0 0 0 0 0 0 0 0 0 0 0 0 0 0 0 0 0 0 0 0 0 0 0 0 0 0 0 0 0 0 0 0 0 0 0 0 0 0 0 0 0 0 0 0 0 0 0 0 0 0 0 0 0 0 0 0 0 0 0 0 0 0 0 0 0 0 0 0 0 0 0 0 0 0 0 0 0 0 0 0 0 0 0 0 0 0 0 0 0 0 0 0 0 0 0 0 0 0 0 0 0 0 0 0 0 0 0 0 0 0 0 0 0 0 0 0 0 0 0 0 0 0 0 0 0 0 0 0 0 0 0 0 0 0 0 0 0 0 0 0 0 0 0 0 0 0 0 0 0 0 0 0 0 0 0 0 0 0 0 0 0 0 0 0 0 0 0 0 0 0 0 0 0 0 0 0 0 0 0 0 0 0 0 0 0 0 0 0 0 0 0 0 0 0 0 0 0 0 0 0 0 0 0 0 0 0 0 0 0 0 0 0 0 0 0 0 0 0 0 0 0 0 0 0 0 0 0 0 0 0 0 0 0 0 0 0 0 0 0 0 0 0 0 0 0 0 0 0 0 0 0 0 0 0 0 0 0 0 0 0 0 0 0 0 0 0 0 0 0 0 0 0 0 0 0 0 0 0 0 0 0 0 0 0 0 0 0 0 0 0 0 0 0 0 0 0 0 0 0 0 0 0 0 0 0 0 0 0 0 0 0 0 0 0 0 0 0 0 0 0 0 0 0 0 0 0 0 0 0 0 0 0 0 0 0 0 0 0 0 0 0 0 0 0 0 0 0 0 0 0 0 0 0 0 0 0 0 0 0 0 0 0 0 0 0 0 0 0 0 0 0 0 0 0 0 0 0 0 0 0 0 0 0 0 0 0 0 0 0 0 0 0 0 0 0 0 0 0 0 0 0 0 0 0 0 0 0 0 0 0 0 0 0 0 0 0 0 0 0 0 0 0 0 0 0 0 0 0 0 0 0 0 0 0 0 0 0 0 0 0 0 0 0 0 0 0 0 0 0 0 0 0 0 0 0 0 0 0 0 0 0 0 0 0 0 0 0 0 0 0 0 0 0 0 0 0 0 0 0 0 0 0 0 0 0 0 0 0 0 0 0 0 0 0 0 0 0 0 0 0 0 0 0 0 0 0 0 0 0 0 0 0 0 0 0 0 0 0 0 0 0 0 0 0 0 0 0 0 0 0 0 0 0 0 0 0 0 0 0 0 0 0 0 0 0 0 0 0 0 0 0 0 0 0 0 0 0 0 0 0 0 0 0 0 0 0 0 0 0 0 0 0 0 0 0 0 0 0 0 0 0 0 0 0 0 0 0 0 0 0 0 0 0 0 0 0 0 0 0 0 0 0 0 0 0 0 0 0 0 0 0 0 0 0 0 0 0 0 0 0 0 0 0 0 0 0 0 0 0 0 0 0 0 0 0 0 0 0 0 0 0 0 0 0 0 0 0 0 0 0 0 0 0 0 0 0 0 0 0 0 0 0 0 0 0 0 0 0 0 0 0 0 0 0 0 0 0 0 0 0 0 0 0 0 0 0 0 0 0 0 0 0 0 0 0 0 0 0 0 0 0 0 0 0 0 0 0 0 0 0 0 0 0 0 0 0 0 0 0 0 0 0 0 0 0 0 0 0 0 0 0 0 0 0 0 0 0 0 0 0 0 0 0 0 0 0 0 0 0 0 0 0 0 0 0 0 0 0 0 0 0 0 0 0 0 0 0 0 0 0 0 0 0 0 0 0 0 0 0 0 0 0 0 0 0 0 0 0 0 0 0 0 0 0 0 0 0 0 0 0 0 0 0 0 0 0 0 0 0 0 0 0 0 0 0 0 0 0 0 0 0 0 0 0 0 0 0 0 0 0 0 0 0 0 0 0 0 0 0 0 0 0 0 0 0 0 0 0 0 0 0 0 0 0 0 0 0 0 0 0 0 0 0 0 0 0 0 0 0 0 0 0 0 0 0 0 0 0 0 0
ctxt 7943169
btime 1613124388
processes 198628
procs_running 1
procs_blocked 0
softirq 37594003 1 21865290 431 1489717 0 0 151718 1036515 0 13050331
