cpu  3668520 4 6906 6575592 416 0 669 0 0 0
cpu0 101800 1 266 182487 0 0 109 0 0 0
cpu1 101898 0 277 182568 1 0 9 0 0 0
cpu2 102273 0 368 182024 79 0 19 0 0 0
cpu3 101875 0 162 182731 1 0 13 0 0 0
cpu4 101822 0 171 182793 0 0 5 0 0 0
cpu5 101873 0 108 182811 0 0 2 0 0 0
cpu6 101920 0 200 182571 72 0 22 0 0 0
cpu7 101820 0 226 182711 3 0 16 0 0 0
cpu8 101906 0 185 182682 6 0 5 0 0 0
cpu9 101868 0 208 182707 1 0 7 0 0 0
cpu10 101929 0 161 182689 5 0 6 0 0 0
cpu11 101920 0 168 182687 2 0 4 0 0 0
cpu12 101355 0 663 182643 4 0 112 0 0 0
cpu13 101863 0 235 182656 1 0 18 0 0 0
cpu14 101836 0 232 182713 8 0 6 0 0 0
cpu15 101924 0 134 182721 2 0 2 0 0 0
cpu16 101740 0 231 182789 0 0 23 0 0 0
cpu17 101897 0 92 182770 22 0 3 0 0 0
cpu18 101859 0 136 182765 13 0 9 0 0 0
cpu19 102106 0 118 182552 9 0 3 0 0 0
cpu20 101901 0 197 182634 45 0 2 0 0 0
cpu21 101937 0 73 182760 10 0 0 0 0 0
cpu22 101963 0 135 182631 50 0 2 0 0 0
cpu23 101958 0 110 182709 4 0 2 0 0 0
cpu24 102019 0 98 182667 1 0 0 0 0 0
cpu25 101876 0 189 182711 1 0 1 0 0 0
cpu26 101813 0 314 182604 13 0 40 0 0 0
cpu27 101918 0 122 182735 4 0 2 0 0 0
cpu28 101902 0 143 182730 4 0 4 0 0 0
cpu29 101713 0 239 182649 2 0 172 0 0 0
cpu30 101944 0 175 182658 3 0 2 0 0 0
cpu31 101948 0 186 182627 14 0 11 0 0 0
cpu32 101928 0 132 182725 1 0 2 0 0 0
cpu33 102349 0 120 182307 2 0 2 0 0 0
cpu34 101849 0 226 182669 8 0 20 0 0 0
cpu35 102003 0 92 182686 7 0 1 0 0 0
intr 10383331 56 0 0 0 611 0 0 0 1 0 250 0 0 0 0 0 0 0 0 0 0 0 0 0 0 0 0 0 0 0 0 93 160 59 9804 100 3009 24 3146 299 284 149 257 101 395 199 319 341 139 500 2537 464 3404 859 1772 304 0 0 0 0 68 87 350 207 325 760 162 490 79 104 382 608 0 0 16 10018 1120 0 4648 60 380 30 743 236 28 476 233 287 60 18 9887 6997 873 175 556 43 705 199 56 10 211 113 55 486 1449 234 333 24796 88 215 251 91 4169 1691 0 16 7529 1 0 0 0 0 0 0 0 0 0 0 0 0 0 0 0 0 0 0 0 0 0 0 0 0 0 0 0 0 0 0 0 0 0 0 0 0 0 25 0 0 0 0 0 0 0 0 0 0 0 0 0 0 0 0 0 0 0 0 0 0 0 0 0 0 0 0 0 0 0 0 0 0 0 0 0 0 0 0 0 0 0 0 0 0 0 0 0 0 0 0 0 0 0 0 0 0 0 0 0 0 0 0 0 0 0 0 0 0 0 0 0 0 0 0 0 0 0 0 0 0 0 0 0 0 0 0 0 0 0 0 0 0 0 0 0 0 0 0 0 0 0 0 0 0 0 0 0 0 0 0 0 0 0 0 0 0 0 0 0 0 0 0 0 0 0 0 0 0 0 0 0 0 0 0 0 0 0 0 0 0 0 0 0 0 0 0 0 0 0 0 0 0 0 0 0 0 0 0 0 0 0 0 0 0 0 0 0 0 0 0 0 0 0 0 0 0 0 0 0 0 0 0 0 0 0 0 0 0 0 0 0 0 0 0 0 0 0 0 0 0 0 0 0 0 0 0 0 0 0 0 0 0 0 0 0 0 0 0 0 0 0 0 0 0 0 0 0 0 0 0 0 0 0 0 0 0 0 0 0 0 0 0 0 0 0 0 0 0 0 0 0 0 0 0 0 0 0 0 0 0 0 0 0 0 0 0 0 0 0 0 0 0 0 0 0 0 0 0 0 0 0 0 0 0 0 0 0 0 0 0 0 0 0 0 0 0 0 0 0 0 0 0 0 0 0 0 0 0 0 0 0 0 0 0 0 0 0 0 0 0 0 0 0 0 0 0 0 0 0 0 0 0 0 0 0 0 0 0 0 0 0 0 0 0 0 0 0 0 0 0 0 0 0 0 0 0 0 0 0 0 0 0 0 0 0 0 0 0 0 0 0 0 0 0 0 0 0 0 0 0 0 0 0 0 0 0 0 0 0 0 0 0 0 0 0 0 0 0 0 0 0 0 0 0 0 0 0 0 0 0 0 0 0 0 0 0 0 0 0 0 0 0 0 0 0 0 0 0 0 0 0 0 0 0 0 0 0 0 0 0 0 0 0 0 0 0 0 0 0 0 0 0 0 0 0 0 0 0 0 0 0 0 0 0 0 0 0 0 0 0 0 0 0 0 0 0 0 0 0 0 0 0 0 0 0 0 0 0 0 0 0 0 0 0 0 0 0 0 0 0 0 0 0 0 0 0 0 0 0 0 0 0 0 0 0 0 0 0 0 0 0 0 0 0 0 0 0 0 0 0 0 0 0 0 0 0 0 0 0 0 0 0 0 0 0 0 0 0 0 0 0 0 0 0 0 0 0 0 0 0 0 0 0 0 0 0 0 0 0 0 0 0 0 0 0 0 0 0 0 0 0 0 0 0 0 0 0 0 0 0 0 0 0 0 0 0 0 0 0 0 0 0 0 0 0 0 0 0 0 0 0 0 0 0 0 0 0 0 0 0 0 0 0 0 0 0 0 0 0 0 0 0 0 0 0 0 0 0 0 0 0 0 0 0 0 0 0 0 0 0 0 0 0 0 0 0 0 0 0 0 0 0 0 0 0 0 0 0 0 0 0 0 0 0 0 0 0 0 0 0 0 0 0 0 0 0 0 0 0 0 0 0 0 0 0 0 0 0 0 0 0 0 0 0 0 0 0 0 0 0 0 0 0 0 0 0 0 0 0 0 0 0 0 0 0 0 0 0 0 0 0 0 0 0 0 0 0 0 0 0 0 0 0 0 0 0 0 0 0 0 0 0 0 0 0 0 0 0 0 0 0 0 0 0 0 0 0 0 0 0 0 0 0 0 0 0 0 0 0 0 0 0 0 0 0 0 0 0 0 0 0 0 0 0 0 0 0 0 0 0 0 0 0 0 0 0 0 0 0 0 0 0 0 0 0 0 0 0 0 0 0 0 0 0 0 0 0 0 0 0 0 0 0 0 0 0 0 0 0 0 0 0 0 0 0 0 0 0 0 0 0 0 0 0 0 0 0 0 0 0 0 0 0 0 0 0 0 0 0 0 0 0 0 0 0 0 0 0 0 0 0 0 0 0 0 0 0 0 0 0 0 0 0 0 0 0 0 0 0 0 0 0 0 0 0 0 0 0 0 0 0 0 0 0 0 0 0 0 0 0 0 0 0 0 0 0 0 0 0 0 0 0 0 0 0 0 0 0 0 0 0 0 0 0 0 0 0 0 0 0 0 0 0 0 0 0 0 0 0 0 0 0 0 0 0 0 0 0 0 0 0 0 0 0 0 0 0 0 0 0 0 0 0 0 0 0 0 0 0 0 0 0 0 0 0 0 0 0 0 0 0 0 0 0 0 0 0 0 0 0 0 0 0 0 0 0 0 0 0 0 0 0 0 0 0 0 0 0 0 0 0 0 0 0 0 0 0 0 0 0 0 0 0 0 0 0 0 0 0 0 0 0 0 0 0 0 0 0 0 0 0 0 0 0 0 0 0 0 0 0 0 0 0 0 0 0 0 0 0 0 0 0 0 0 0 0 0 0 0 0 0 0 0 0 0 0 0 0
ctxt 3000026
btime 1613124388
processes 70577
procs_running 1
procs_blocked 0
softirq 13514288 1 7755122 285 513036 0 0 58821 444852 0 4742171
