cpu  61953047 5 59442 12720013 699 0 4391 0 0 0
cpu0 482626 0 2232 98582 0 0 391 0 0 0
cpu1 483413 0 1217 99225 8 0 28 0 0 0
cpu2 483332 0 921 99547 0 0 80 0 0 0
cpu3 483462 0 832 99543 1 0 66 0 0 0
cpu4 483538 0 966 99337 0 0 86 0 0 0
cpu5 483564 0 815 99463 0 0 48 0 0 0
cpu6 483630 0 490 99757 0 0 30 0 0 0
cpu7 483806 0 487 99582 0 0 37 0 0 0
cpu8 483532 0 815 99488 0 0 85 0 0 0
cpu9 483488 0 897 99431 0 0 76 0 0 0
cpu10 483588 0 536 99705 0 0 63 0 0 0
cpu11 483895 0 395 99591 0 0 34 0 0 0
cpu12 483568 0 847 99409 0 0 75 0 0 0
cpu13 484147 0 778 98954 1 0 29 0 0 0
cpu14 483806 0 484 99561 0 0 35 0 0 0
cpu15 483538 0 545 99778 0 0 41 0 0 0
cpu16 483886 0 536 99451 0 0 36 0 0 0
cpu17 483832 1 849 99156 0 0 59 0 0 0
cpu18 484139 0 372 99374 0 0 32 0 0 0
cpu19 483917 0 363 99606 0 0 24 0 0 0
cpu20 483186 0 718 99909 0 0 80 0 0 0
cpu21 484870 0 690 98318 0 0 26 0 0 0
cpu22 484030 0 392 99462 0 0 29 0 0 0
cpu23 483578 0 361 99746 0 0 178 0 0 0
cpu24 483952 0 620 99293 0 0 47 0 0 0
cpu25 484423 0 578 98885 0 0 26 0 0 0
cpu26 484194 0 290 99414 0 0 22 0 0 0
cpu27 483501 0 498 99843 0 0 33 0 0 0
cpu28 484142 0 435 99307 0 0 28 0 0 0
cpu29 483940 0 486 99429 0 0 27 0 0 0
cpu30 484177 0 280 99440 0 0 12 0 0 0
cpu31 483546 0 725 99526 0 0 103 0 0 0
cpu32 482704 0 1763 99209 0 0 260 0 0 0
cpu33 484160 0 316 99408 4 0 16 0 0 0
cpu34 484174 0 272 99439 0 0 14 0 0 0
cpu35 483870 0 306 99707 1 0 22 0 0 0
cpu36 484068 0 426 99381 0 0 32 0 0 0
cpu37 484857 0 443 98519 66 0 11 0 0 0
cpu38 483242 0 484 100062 0 0 45 0 0 0
cpu39 484042 0 287 99563 0 0 16 0 0 0
cpu40 483224 0 734 99893 1 0 39 0 0 0
cpu41 484458 0 341 99054 30 0 14 0 0 0
cpu42 484002 0 295 99581 0 0 20 0 0 0
cpu43 484015 0 292 99566 1 0 30 0 0 0
cpu44 483882 0 504 99470 1 0 29 0 0 0
cpu45 484219 0 487 99039 112 0 24 0 0 0
cpu46 483848 0 529 99443 0 0 73 0 0 0
cpu47 483940 0 349 99586 0 0 25 0 0 0
cpu48 483649 0 653 99512 0 0 72 0 0 0
cpu49 484141 0 499 99241 0 0 22 0 0 0
cpu50 483326 0 501 100006 0 0 37 0 0 0
cpu51 484014 0 343 99515 0 0 32 0 0 0
cpu52 484172 0 334 99382 0 0 12 0 0 0
cpu53 484086 0 486 99173 92 0 36 0 0 0
cpu54 484255 0 217 99410 4 0 14 0 0 0
cpu55 483972 0 311 99594 2 0 26 0 0 0
cpu56 484194 0 256 99438 0 0 8 0 0 0
cpu57 483791 0 506 99539 1 0 33 0 0 0
cpu58 484042 0 316 99526 0 0 16 0 0 0
cpu59 483996 0 339 99532 0 0 29 0 0 0
cpu60 483685 0 651 99468 0 0 87 0 0 0
cpu61 484196 0 402 99257 8 0 29 0 0 0
cpu62 483975 0 394 99497 0 0 22 0 0 0
cpu63 483816 0 416 99619 0 0 43 0 0 0
cpu64 484082 0 496 99104 185 0 11 0 0 0
cpu65 483815 0 630 99413 1 0 11 0 0 0
cpu66 483970 0 398 99493 2 0 27 0 0 0
cpu67 483656 0 551 99639 0 0 48 0 0 0
cpu68 483609 0 872 99304 0 0 111 0 0 0
cpu69 484171 0 454 99204 32 0 11 0 0 0
cpu70 483779 0 440 99650 0 0 20 0 0 0
cpu71 483927 0 358 99581 0 0 20 0 0 0
cpu72 484204 0 399 99264 2 0 19 0 0 0
cpu73 484011 0 621 99210 3 0 30 0 0 0
cpu74 483818 0 334 99704 1 0 30 0 0 0
cpu75 484102 0 280 99476 0 0 13 0 0 0
cpu76 484034 0 411 99431 1 0 22 0 0 0
cpu77 484351 0 501 99004 15 0 10 0 0 0
cpu78 483899 0 314 99628 0 0 19 0 0 0
cpu79 483652 0 549 99616 0 0 58 0 0 0
cpu80 484300 0 298 99281 0 0 7 0 0 0
cpu81 484218 0 510 99108 28 0 15 0 0 0
cpu82 484123 0 362 99383 0 0 18 0 0 0
cpu83 484023 0 339 99514 1 0 16 0 0 0
cpu84 484054 0 412 99404 0 0 17 0 0 0
cpu85 484976 0 483 98402 1 0 14 0 0 0
cpu86 483910 0 287 99671 0 0 16 0 0 0
cpu87 484072 0 268 99523 1 0 13 0 0 0
cpu88 484088 0 300 99481 0 0 13 0 0 0
cpu89 487192 2 772 95868 6 0 10 0 0 0
cpu90 484107 0 233 99523 0 0 14 0 0 0
cpu91 483934 0 366 99565 0 0 26 0 0 0
cpu92 484012 0 340 99428 0 0 99 0 0 0
cpu93 486144 0 590 97105 1 0 10 0 0 0
cpu94 484248 0 202 99419 0 0 8 0 0 0
cpu95 484140 0 245 99486 0 0 15 0 0 0
cpu96 484089 0 438 99320 7 0 26 0 0 0
cpu97 484422 0 386 99037 1 0 8 0 0 0
cpu98 484078 0 244 99528 0 0 12 0 0 0
cpu99 484090 0 265 99510 0 0 14 0 0 0
cpu100 483907 0 504 99424 12 0 32 0 0 0
cpu101 484229 0 252 99359 1 0 5 0 0 0
cpu102 484014 0 234 99609 1 0 7 0 0 0
cpu103 483873 0 242 99731 0 0 8 0 0 0
cpu104 484111 0 387 99365 0 0 14 0 0 0
cpu105 484220 0 330 99311 0 0 6 0 0 0
cpu106 484250 0 180 99443 0 0 6 0 0 0
cpu107 484005 0 259 99580 0 0 16 0 0 0
cpu108 483939 0 318 99586 2 0 15 0 0 0
cpu109 484434 0 490 98932 0 0 14 0 0 0
cpu110 483963 0 334 99556 0 0 12 0 0 0
cpu111 484035 0 304 99526 0 0 13 0 0 0
cpu112 484229 0 293 99334 0 0 22 0 0 0
cpu113 484286 0 337 99237 3 0 6 0 0 0
cpu114 484190 0 265 99410 0 0 12 0 0 0
cpu115 484035 0 275 99554 0 0 18 0 0 0
cpu116 484408 0 168 99287 0 0 2 0 0 0
cpu117 483796 0 392 99641 5 0 16 0 0 0
cpu118 484166 0 224 99470 0 0 10 0 0 0
cpu119 483856 0 433 99545 0 0 42 0 0 0
cpu120 484306 0 213 99347 0 0 2 0 0 0
cpu121 484076 0 344 99438 4 0 6 0 0 0
cpu122 484203 0 294 99358 0 0 10 0 0 0
cpu123 484104 0 235 99531 0 0 3 0 0 0
cpu124 484287 0 206 99364 0 0 15 0 0 0
cpu125 484286 0 261 99302 0 0 9 0 0 0
cpu126 484042 0 387 99403 0 0 30 0 0 0
cpu127 484186 0 380 99297 0 0 5 0 0 0
intr 176677121 129 0 0 0 680 0 0 0 1 0 285 0 0 0 0 0 0 0 0 0 0 0 0 0 0 0 0 0 0 0 0 0 0 0 0 260 0 578 3486 8895 17221 226 1961 1080 7858 338 6496 2999 7032 581 136 5844 11262 514 613 2320 5946 485 345 1364 86997 345 911 1906 7308 735 1537 1390 5990 270 1 934 7323 644 80 3306 3876 431 642 1601 5459 1020 4630 1111 8691 0 585 5575 6455 282 2269 530 3656 453 2958 1885 5004 1661 99 4422 7315 358 3029 6089 17374 226 360 293 8605 409 3418 2749 4327 469 309 2266 8684 182 158 3294 7569 802 29 2607 3678 673 78 900 13149 26911 4472 1717 5393 295 100 1286 5589 757 422 1353 3407 422 670 1309 5186 594 2811 409 8326 2 175 3933 5246 354 1784 787 0 0 0 0 0 0 0 0 0 0 161 3642 3 385 63 107 40 172 106 13 0 286 26 9 1 7 10 405 341 5 149 3 1 55 109 401 3440 395 686 697 452 1121 82 78 0 0 0 0 0 0 0 0 0 0 0 0 0 0 0 0 10003 2164 5291 199 3435 258 142 127 145 33 71 322 136 322 78 95 78 47 33 27 37 21 12 42 39 86 74 133 6 2 39 9 13 7 13 21 56 33 0 440 321 74 209 174 135 100 72 21 3 144 55 0 28 32 15 3 17 3 9 18 5 24 17 0 0 0 0 0 0 0 0 0 0 0 0 0 0 0 0 0 0 0 0 0 0 0 0 0 0 0 0 0 0 0 0 0 0 0 0 0 0 0 0 0 0 0 0 0 0 0 0 0 0 0 0 0 0 0 0 0 0 0 0 0 0 0 0 0 0 0 0 0 0 0 0 0 0 0 0 0 0 0 0 0 0 0 0 0 0 0 0 0 0 0 0 0 0 0 0 0 0 0 0 0 0 0 0 0 0 0 0 0 0 0 0 0 0 0 0 0 0 0 0 0 0 0 0 0 0 0 0 0 0 0 0 0 0 0 0 0 0 0 0 0 0 0 0 0 0 0 0 0 0 0 0 0 0 0 0 0 0 0 0 0 0 0 0 0 0 0 0 0 0 0 0 0 0 0 0 0 0 0 0 0 0 0 0 0 0 0 0 0 0 0 0 0 0 0 0 0 0 0 0 0 0 0 0 0 0 0 0 0 0 0 0 0 0 0 0 0 0 0 0 0 0 0 0 0 0 0 0 0 0 0 0 0 0 0 0 0 0 0 0 0 0 0 0 0 0 0 0 0 0 0 0 0 0 0 0 0 0 0 0 0 0 0 0 0 0 0 0 0 0 0 0 0 0 0 0 0 0 0 0 0 0 0 0 0 0 0 0 0 0 0 0 0 0 0 0 0 0 0 0 0 0 0 0 0 0 0 0 0 0 0 0 0 0 0 0 0 0 0 0 0 0 0 0 0 0 0 0 0 0 0 0 0 0 0 0 0 0 0 0 0 0 0 0 0 0 0 0 0 0 0 0 0 0 0 0 0 0 0 0 0 0 0 0 0 0 0 0 0 0 0 0 0 0 0 0 0 0 0 0 0 0 0 0 0 0 0 0 0 0 0 0 0 0 0 0 0 0 0 0 0 0 0 0 0 0 0 0 0 0 0 0 0 0 0 0 0 0 0 0 0 0 0 0 0 49 0 0 0 3 0 0 0 0 0 0 0 0 0 0 0 0 0 0 0 0 0 0 0 0 0 49 0 0 0 0 0 0 0 0 0 0 0 0 0 0 0 0 0 0 0 0 0 0 0 0 0 0 0 0 0 0 0 0 0 0 0 0 0 0 0 0 0 0 0 0 0 0 0 0 0 0 0 0 0 0 0 0 0 0 0 0 0 0 0 0 0 22 0 0 0 0 0 0 0 0 0 0 0 0 0 0 0 0 0 0 0 0 0 0 0 0 0 0 0 0 0 0 0 0 0 0 0 0 0 0 0 0 0 0 0 0 0 0 0 0 0 0 0 0 0 0 0 0 0 0 0 0 0 0 0 0 0 0 0 0 0 0 0 0 0 0 0 0 0 0 0 0 0 0 0 0 0 0 0 0 0 0 0 0 0 0 0 0 0 0 0 0 0 0 0 0 0 0 0 0 0 0 0 0 0 0 0 0 0 0 0 0 0 0 0 0 0 0 0 0 0 0 0 0 0 0 0 0 0 0 0 0 0 0 0 0 0 0 0 0 0 0 0 0 0 0 0 0 0 0 0 0 0 0 0 0 0 0 0 0 0 0 0 0 0 0 0 0 0 0 0 0 0 0 0 0 0 0 0 0 0 0 0 0 0 0 0 0 0 0 0 0 0 0 0 0 0 0 0 0 0 0 0 0 0 0 0 0 0 0 0 0 0 0 0 0 0 0 0 0 0 0 0 0 0 0 0 0 0 0 0 0 0 0 0 0 0 0 0 0 0 0 0 0 0 0 0 0 0 0 0 0 0 0 0 0 0 0 0 0 0 0 0 0 0 0 0 0 0 0 0 0 0 0 0 0 0 0 0 0 0 0 0 0 0 0 0 0 0 0 0 0 0 0 0 0 0 0 0 0 0 0 0 0 0 0 0 0 0 0 0 0 0 0 0 0 0 0 0 0 0 0 0 0 0 0 0 0 0 0 0 0 0 0 0 0 0 0 0 0 0 0 0 0 0 0 0 0 0 0 0 0 0 0 0 0 0 0 0 0 0 0 0 0 0 0 0 0 0 0 0 0 0 0 0 0 0 0 0 0 0 0 0 0 0 0 0 0 0 0 0 0 0 0 0 0 0 0 0 0 0 0 0 0 0 0 0 0 0 0 0 0 0 0 0 0 0 0 0 0 0 0 0 0 0 0 0 0 0 0 0 0 0 0 0 0 0 0 0 0 0 0 0 0 0 0 0 0 0 0 0 0 0 0 0 0 0 0 0 0 0 0 0 0 0 0 0 0 0 0 0 0 0 0 0 0 0 0 0 0 0 0 0 0 0 0 0 0 0 0 0 0 0 0 0 0 0 0 0 0 0 0 0 0 0 0 0 0 0 0 0 0 0 0 0 0 0 0 0 0 0 0 0 0 0 0 0 0 0 0 0 0 0 0 0 0 0 0 0 0 0 0 0 0 0 0 0 0 0 0 0 0 0 0 0 0 0 0 0 0 0 0 0 0 0 0 0 0 0 0 0 0 0 0 0 0 0 0 0 0 0 0 0 0 0 0 0 0 0 0 0 0 0 0 0 0 0 0 0 0 0 0 0 0 0 0 0 0 0 0 0 0 0 0 0 0 0 0 0 0 0 0 0 0 0 0 0 0 0 0 0 0 0 0 0 0 0 0 0 0 0 0 0 0 0 0 0 0 0 0 0 0 0 0 0 0 0 0 0 0 0 0 0 0 0 0 0 0 0 0 0 0 0 0 0 0 0 0 0 0 0 0 0 0 0 0 0 0 0 0 0 0 0 0 0 0 0 0 0 0 0 0 0 0 0 0 0 0 0 0 0 0 0 0 0 0 0 0 0 0 0 0 0 0 0 0 0 0 0 0 0 0 0 0 0 0 0 0 0 0 0 0 0 0 0 0 0 0 0 0 0 0 0 0 0 0 0 0 0 0 0 0 0 0 0 0 0 0 0 0 0 0 0 0 0 0 0 0 0 0 0 0 0 0 0 0 0 0 0 0 0 0 0 0 0 0 0 0 0 0 0 0 0 0 0 0 0 0 0 0 0 0 0 0 0 0 0 0 0 0 0 0 0 0 0 0 0 0 0 0 0 0 0 0 0 0 0 0 0 0 0 0 0 0 0 0 0 0 0 0 0 0 0 0 0 0 0 0 0 0 0 0 0 0 0 0 0 0 0 0 0 0 0 0 0 0 0 0 0 0 0 0 0 0 0 0 0 0 0 0 0 0 0 0 0 0 0 0 0 0 0 0 0 0 0 0 0 0 0 0 0 0 0 0 0 0 0 0 0 0 0 0 0 0 0 0 0 0 0 0 0 0 0 0 0 0 0 0 0 0 0 0 0 0 0 0 0 0 0 0 0 0 0 0 0 0 0 0 0 0 0 0 0 0 0 0 0 0 0 0 0 0 0 0 0 0 0 0 0 0 0 0 0 0 0 0 0 0 0 0 0 0 0 0 0 0 0 0 0 0 0 0 0 0 0 0 0 0 0 0 0 0 0 0 0 0 0 0 0 0 0 0 0 0 0 0 0 0 0 0 0 0 0 0 0 0 0 0 0 0 0 0 0 0 0 0 0 0 0 0 0 0 0 0 0 0 0 0 0 0 0 0 0 0 0 0 0 0 0 0 0 0 0 0 0 0 0 0 0 0 0 0 0 0 0 0 0 0 0 0 0 0 0 0 0 0 0 0 0 0 0 0 0 0 0 0 0 0 0 0 0 0 0 0 0 0 0 0 0 0 0 0 0 0 0 0 0 0 0 0 0 0 0 0 0 0 0 0 0 0 0 0 0 0 0 0 0 0 0 0 0 0 0 0 0 0 0 0 0 0 0 0 0 0 0 0 0 0 0 0 0 0 0 0 0 0 0 0 0 0 0 0 0 0 0 0 0 0 0 0 0 0 0 0 0 0 0 0 0 0 0 0 0 0 0 0 0 0 0 0 0 0 0 0 0 0 0 0 0 0 0 0 0 0 0 0 0 0 0 0 0 0 0 0 0 0 0 0 0 0 0 0 0 0 0 0 0 0 0 0 0 0 0 0 0 0 0 0 0 0 0 0 0 0 0 0 0 0 0 0 0 0 0 0 0 0 0 0 0 0 0 0 0 0 0 0 0 0 0 0 0 0 0 0 0 0 0 0 0 0 0 0 0 0 0 0 0 0 0 0 0 0 0 0 0 0 0 0 0 0 0 0 0 0 0 0 0 0 0 0 0 0 0 0 0 0 0 0 0 0 0 0 0 0 0 0 0 0 0 0 0 0 0 0 0 0 0 0 0 0 0 0 0 0 0 0 0 0 0 0 0 0 0 0 0 0 0 0 0 0 0 0 0 0 0 0 0 0 0 0 0 0 0 0 0 0 0 0 0 0 0 0 0 0 0 0 0 0 0 0 0 0 0 0 0 0 0 0 0 0 0 0 0 0 0 0 0 0 0 0 0 0 0 0 0 0 0 0 0 0 0 0 0 0 0 0 0 0 0 0 0 0 0 0 0 0 0 0 0 0 0 0 0 0 0 0 0 0 0 0 0 0 0 0 0 0 0 0 0 0 0 0 0 0 0 0 0 0 0 0 0 0 0 0 0 0 0 0 0 0 0 0 0 0 0 0 0 0 0 0 0 0 0 0 0 0 0 0 0 0 0 0 0 0 0 0 0 0 0 0 0 0 0 0 0 0 0 0 0 0 0 0 0 0 0 0 0 0 0 0 0 0 0 0 0 0 0 0 0 0 0 0 0 0 0 0 0 0 0 0 0 0 0 0 0 0 0 0 0 0 0 0 0 0 0 0 0 0 0 0 0 0 0 0 0 0 0 0 0 0 0 0 0 0 0 0 0 0 0 0 0 0 0 0 0 0 0 0 0 0 0 0 0 0 0 0 0 0 0 0 0 0 0 0 0 0 0 0 0 0 0 0 0 0 0 0 0 0 0 0 0 0 0 0 0 0 0 0 0 0 0 0 0 0 0 0 0 0 0 0 0 0 0 0 0 0 0 0 0 0 0 0 0 0 0 0 0 0 0 0 0 0 0 0 0 0 0 0 0 0 0 0 0 0 0 0 0 0 0 0 0 0 0 0 0 0 0 0 0 0 0 0 0 0 0 0 0 0 0 0 0 0 0 0 0 0 0 0 0 0 0 0 0 0 0 0 0 0 0 0 0 0 0 0 0 0 0 0 0 0 0 0 0 0 0 0 0 0 0 0 0 0 0 0 0 0 0 0 0 0 0 0 0 0 0 0 0 0 0 0 0 0 0 0 0 0 0 0 0 0 0 0 0 0 0 0 0 0 0 0 0 0 0 0 0 0 0 0 0 0 0 0 0 0 0 0 0 0 0 0 0 0 0 0 0 0 0 0 0 0 0 0 0 0 0 0 0 0 0 0 0 0 0 0 0 0 0 0 0 0 0 0 0 0 0 0 0 0 0 0 0 0 0 0 0 0 0 0 0 0 0 0 0 0 0 0 0 0 0 0 0 0 0 0 0 0 0 0 0 0 0 0 0 0 0 0 0 0 0 0 0 0 0 0 0 0 0 0 0 0 0 0 0 0 0 0 0 0 0 0 0 0 0 0 0 0 0 0 0 0 0 0 0 0 0 0 0 0 0 0 0 0 0 0 0 0 0 0 0 0 0 0 0 0 0 0 0 0 0 0 0 0 0 0 0 0 0 0 0 0 0 0 0 0 0 0 0 0 0 0 0 0 0 0 0 0 0 0 0 0 0 0 0 0 0 0 0 0 0 0 0 0 0 0 0 0 0 0 0 0 0 0 0 0 0 0 0 0 0 0 0 0 0 0 0 0 0 0 0 0 0 0 0 0 0 0 0 0 0 0 0 0 0 0 0 0 0 0 0 0 0 0 0 0 0 0 0 0 0 0 0 0 0 0 0 0 0 0 0 0 0 0 0 0 0 0 0 0 0 0 0 0 0 0 0 0 0 0 0 0 0 0 0 0 0 0 0 0 0 0 0 0 0 0 0 0 0 0 0 0 0 0 0 0 0 0 0 0 0 0 0 0 0 0 0 0 0 0 0 0 0 0 0 0 0 0 0 0 0 0 0 0 0 0 0 0 0 0 0 0 0 0 0 0 0 0 0 0 0 0 0 0 0 0 0 0 0 0 0 0 0 0 0 0 0 0 0 0 0 0 0 0 0 0 0 0 0 0 0 0 0 0 0 0 0 0 0 0 0 0 0 0 0 0 0 0 0 0 0 0 0 0 0 0 0 0 0 0 0 0 0 0 0 0 0 0 0 0 0 0 0 0 0 0 0 0 0 0 0 0 0 0 0 0 0 0 0 0 0 0 0 0 0 0 0 0 0 0 0 0 0 0 0 0 0 0 0 0 0 0 0 0 0 0 0 0 0 0 0 0 0 0 0 0 0 0 0 0 0 0 0 0 0 0 0 0 0 0 0 0 0 0 0 0 0 0 0 0 0 0 0 0 0 0 0 0 0 0 0 0 0 0 0 0 0 0 0 0 0 0 0 0 0 0 0 0 0 0 0 0 0 0 0 0 0 0 0 0 0 0 0 0 0 0 0 0 0 0 0 0 0 0 0 0 0 0 0 0 0 0 0 0 0 0 0 0 0 0 0 0 0 0 0 0 0 0 0 0 0 0 0 0 0 0 0 0 0 0 0 0 0 0 0 0 0 0 0 0 0 0 0 0 0 0 0 0 0 0 0 0 0 0 0 0 0 0 0 0 0 0 0 0 0 0 0 0 0 0 0 0 0 0 0 0 0 0 0 0 0 0 0 0 0 0 0 0 0 0 0 0 0 0 0 0 0 0 0 0 0 0 0 0 0 0 0 0 0 0 0 0 0 0 0 0 0 0 0 0 0 0 0 0 0 0 0 0 0 0 0 0 0 0 0 0 0 0 0 0 0 0 0 0 0 0 0 0 0 0 0 0 0 0 0 0 0 0 0 0 0 0 0 0 0 0 0 0 0 0 0 0 0 0 0 0 0 0 0 0 0 0 0 0 0 0 0 0 0 0 0 0 0 0 0 0 0 0 0 0 0 0 0 0 0 0 0 0 0 0 0 0 0 0 0 0 0 0 0 0 0 0 0 0 0 0 0 0 0 0 0 0 0 0 0 0 0 0 0 0 0 0 0 0 0 0 0 0 0 0 0 0 0 0 0 0 0 0 0 0 0 0 0 0 0 0 0 0 0 0 0 0 0 0 0 0 0 0 0 0 0 0 0 0 0 0 0 0 0 0 0 0 0 0 0 0 0 0 0 0 0 0 0 0 0 0 0 0 0 0 0 0 0 0 0 0 0 0 0 0 0 0 0 0 0 0 0 0 0 0 0 0 0 0 0 0 0 0 0 0 0 0 0 0 0 0 0 0 0 0 0 0 0 0 0 0 0 0 0 0 0 0 0 0 0 0 0 0 0 0 0 0 0 0 0 0 0 0 0 0 0 0 0 0 0 0 0 0 0 0 0 0 0 0 0 0 0 0 0 0 0 0 0 0 0 0 0 0 0 0 0 0 0 0 0 0 0 0 0 0 0 0 0 0 0 0 0 0 0 0 0 0 0 0 0 0 0 0 0 0 0 0 0 0 0 0 0 0 0 0 0 0 0 0 0 0 0 0 0 0 0 0 0 0 0 0 0 0 0 0 0 0 0 0 0 0 0 0 0 0 0 0 0 0 0 0 0 0 0 0 0 0 0 0 0 0 0 0 0 0 0 0 0 0 0 0 0 0 0 0 0 0 0 0 0 0 0 0 0 0 0 0 0 0 0 0 0 0 0 0 0 0 0 0 0 0 0 0 0 0 0 0 0 0 0 0 0 0 0 0 0 0 0 0 0 0 0 0 0 0 0 0 0 0 0 0 0 0 0 0 0 0 0 0 0 0 0 0 0 0 0 0 0 0 0 0 0 0 0 0 0 0 0 0 0 0 0 0 0 0 0 0 0 0 0 0 0 0 0 0 0 0 0 0 0 0 0 0 0 0 0 0 0 0 0 0 0 0 0 0 0 0 0 0 0 0 0 0 0 0 0 0 0 0 0 0 0 0 0 0 0 0 0 0 0 0 0 0 0 0 0 0 0 0 0 0 0 0 0 0 0 0 0 0 0 0 0 0 0 0 0 0 0 0 0 0 0 0 0 0 0 0 0 0 0 0 0 0 0 0 0 0 0 0 0 0 0 0 0 0 0 0 0 0 0 0 0 0 0 0 0 0 0 0 0 0 0 0 0 0 0 0 0 0 0 0 0 0 0 0 0 0 0 0 0 0 0 0 0 0 0 0 0 0 0 0 0 0 0 0 0 0 0 0 0 0 0 0 0 0 0 0 0 0 0 0 0 0 0 0 0 0 0 0 0 0 0 0 0 0 0 0 0 0 0 0 0 0 0 0 0 0 0 0 0 0 0 0 0 0 0 0 0 0 0 0 0 0 0 0 0 0 0 0 0 0 0 0 0 0 0 0 0 0 0 0 0 0 0 0 0 0 0 0 0 0 0 0 0 0 0 0 0 0 0 0 0 0 0 0 0 0 0 0 0 0 0 0 0 0 0 0 0 0 0 0 0 0 0 0 0 0 0 0 0 0 0 0 0 0 0 0 0 0 0 0 0 0 0 0 0 0 0 0 0 0 0 0 0 0 0 0 0 0 0 0 0 0 0 0 0 0 0 0 0 0 0 0 0 0 0 0 0 0 0 0 0 0 0 0 0 0 0 0 0 0 0 0 0 0 0 0 0 0 0 0 0 0 0 0 0 0 0 0 0 0 0 0 0 0 0 0 0 0 0 0 0 0 0 0 0 0 0 0 0 0 0 0 0 0 0 0 0 0 0 0 0 0 0 0 0 0 0 0 0 0 0 0 0 0 0 0 0 0 0 0 0 0 0 0 0 0 0 0 0 0 0 0 0 0 0 0 0 0 0 0 0 0 0 0 0 0 0 0 0 0 0 0 0 0 0 0 0 0 0 0 0 0 0 0 0 0 0 0 0 0 0 0 0 0 0 0 0 0 0 0 0 0 0 0 0 0 0 0 0 0 0 0 0 0 0 0 0 0 0 0 0 0 0 0 0 0 0 0 0 0 0 0 0 0 0 0 0 0 0 0 0 0 0 0 0 0 0 0 0 0 0 0 0 0 0 0 0 0 0 0 0 0 0 0 0 0 0 0 0 0 0 0 0 0 0 0 0 0 0 0 0 0 0 0 0 0 0 0 0 0 0 0 0 0 0 0 0 0 0 0 0 0 0 0 0 0 0 0 0 0 0 0 0 0 0 0 0 0 0 0 0 0 0 0 0 0 0 0 0 0 0 0 0 0 0 0 0 0 0 0 0 0 0 0 0 0 0 0 0 0 0 0 0 0 0 0 0 0 0 0 0 0 0 0 0 0 0 0 0 0 0 0 0 0 0 0 0 0 0 0 0
ctxt 11835080
btime 1613122782
processes 259633
procs_running 1
procs_blocked 0
softirq 186887255 1 112400238 1834 2339871 0 0 247 5756872 0 66388192
