cpu  10357921 3 16078 6844578 457 0 1654 0 0 0
cpu0 287507 0 594 189941 1 0 304 0 0 0
cpu1 287890 0 504 189887 22 0 46 0 0 0
cpu2 287537 0 655 190073 17 0 104 0 0 0
cpu3 287712 0 464 190166 5 0 24 0 0 0
cpu4 287450 0 622 190260 3 0 28 0 0 0
cpu5 287664 0 391 190266 2 0 36 0 0 0
cpu6 287625 0 371 190317 6 0 36 0 0 0
cpu7 287708 0 374 190228 1 0 37 0 0 0
cpu8 287704 0 348 190282 1 0 23 0 0 0
cpu9 288076 0 380 189906 1 0 1 0 0 0
cpu10 287434 0 585 190303 6 0 21 0 0 0
cpu11 287672 0 327 190336 1 0 12 0 0 0
cpu12 287543 0 558 190194 38 0 8 0 0 0
cpu13 287894 0 386 190057 4 0 16 0 0 0
cpu14 287734 0 420 190109 88 0 11 0 0 0
cpu15 286719 0 978 190179 49 0 422 0 0 0
cpu16 287704 0 466 190163 2 0 10 0 0 0
cpu17 287474 0 566 190272 2 0 34 0 0 0
cpu18 287780 0 303 190221 4 0 16 0 0 0
cpu19 288024 0 356 189930 15 0 4 0 0 0
cpu20 287503 0 640 190123 5 0 82 0 0 0
cpu21 287878 0 250 190226 1 0 3 0 0 0
cpu22 287729 0 341 190250 23 0 4 0 0 0
cpu23 287275 0 613 190344 0 0 124 0 0 0
cpu24 287666 0 330 190324 7 0 27 0 0 0
cpu25 287729 0 323 190260 13 0 26 0 0 0
cpu26 287872 0 244 190230 2 0 2 0 0 0
cpu27 288096 0 376 189859 16 0 1 0 0 0
cpu28 288505 0 790 188970 2 0 90 0 0 0
cpu29 287764 0 224 190341 1 0 4 0 0 0
cpu30 288180 0 469 189596 77 0 16 0 0 0
cpu31 287946 0 394 189986 1 0 16 0 0 0
cpu32 287750 0 240 190351 1 0 6 0 0 0
cpu33 287755 1 368 190182 6 0 26 0 0 0
cpu34 287722 0 392 190209 13 0 6 0 0 0
cpu35 287687 0 423 190220 2 0 12 0 0 0
intr 28856685 56 0 0 0 610 0 0 0 1 0 250 0 0 0 0 0 0 0 0 0 0 0 0 0 0 0 0 0 0 0 0 94 378 395 749 2629 130 620 1086 55 122 63 447 64 4604 386 3578 2188 364 264 245 356 400 112 1340 31 0 0 0 0 329 534 182 840 152 44 10205 147 67 724 475 200 0 0 17 9955 2 0 12657 286 3871 416 1923 3010 384 1104 1178 263 2898 682 802 393 915 90602 1145 3364 5209 395 355 263 513 164 108 973 367 328 3318 1227 6229 3490 866 2500 1006 1398 0 16 7683 1 0 0 0 0 0 0 0 0 0 0 0 0 0 0 0 0 0 0 0 0 0 0 0 0 0 0 0 0 0 0 0 0 0 0 0 0 0 25 0 0 0 0 0 0 0 0 0 0 0 0 0 0 0 0 0 0 0 0 0 0 0 0 0 0 0 0 0 0 0 0 0 0 0 0 0 0 0 0 0 0 0 0 0 0 0 0 0 0 0 0 0 0 0 0 0 0 0 0 0 0 0 0 0 0 0 0 0 0 0 0 0 0 0 0 0 0 0 0 0 0 0 0 0 0 0 0 0 0 0 0 0 0 0 0 0 0 0 0 0 0 0 0 0 0 0 0 0 0 0 0 0 0 0 0 0 0 0 0 0 0 0 0 0 0 0 0 0 0 0 0 0 0 0 0 0 0 0 0 0 0 0 0 0 0 0 0 0 0 0 0 0 0 0 0 0 0 0 0 0 0 0 0 0 0 0 0 0 0 0 0 0 0 0 0 0 0 0 0 0 0 0 0 0 0 0 0 0 0 0 0 0 0 0 0 0 0 0 0 0 0 0 0 0 0 0 0 0 0 0 0 0 0 0 0 0 0 0 0 0 0 0 0 0 0 0 0 0 0 0 0 0 0 0 0 0 0 0 0 0 0 0 0 0 0 0 0 0 0 0 0 0 0 0 0 0 0 0 0 0 0 0 0 0 0 0 0 0 0 0 0 0 0 0 0 0 0 0 0 0 0 0 0 0 0 0 0 0 0 0 0 0 0 0 0 0 0 0 0 0 0 0 0 0 0 0 0 0 0 0 0 0 0 0 0 0 0 0 0 0 0 0 0 0 0 0 0 0 0 0 0 0 0 0 0 0 0 0 0 0 0 0 0 0 0 0 0 0 0 0 0 0 0 0 0 0 0 0 0 0 0 0 0 0 0 0 0 0 0 0 0 0 0 0 0 0 0 0 0 0 0 0 0 0 0 0 0 0 0 0 0 0 0 0 0 0 0 0 0 0 0 0 0 0 0 0 0 0 0 0 0 0 0 0 0 0 0 0 0 0 0 0 0 0 0 0 0 0 0 0 0 0 0 0 0 0 0 0 0 0 0 0 0 0 0 0 0 0 0 0 0 0 0 0 0 0 0 0 0 0 0 0 0 0 0 0 0 0 0 0 0 0 0 0 0 0 0 0 0 0 0 0 0 0 0 0 0 0 0 0 0 0 0 0 0 0 0 0 0 0 0 0 0 0 0 0 0 0 0 0 0 0 0 0 0 0 0 0 0 0 0 0 0 0 0 0 0 0 0 0 0 0 0 0 0 0 0 0 0 0 0 0 0 0 0 0 0 0 0 0 0 0 0 0 0 0 0 0 0 0 0 0 0 0 0 0 0 0 0 0 0 0 0 0 0 0 0 0 0 0 0 0 0 0 0 0 0 0 0 0 0 0 0 0 0 0 0 0 0 0 0 0 0 0 0 0 0 0 0 0 0 0 0 0 0 0 0 0 0 0 0 0 0 0 0 0 0 0 0 0 0 0 0 0 0 0 0 0 0 0 0 0 0 0 0 0 0 0 0 0 0 0 0 0 0 0 0 0 0 0 0 0 0 0 0 0 0 0 0 0 0 0 0 0 0 0 0 0 0 0 0 0 0 0 0 0 0 0 0 0 0 0 0 0 0 0 0 0 0 0 0 0 0 0 0 0 0 0 0 0 0 0 0 0 0 0 0 0 0 0 0 0 0 0 0 0 0 0 0 0 0 0 0 0 0 0 0 0 0 0 0 0 0 0 0 0 0 0 0 0 0 0 0 0 0 0 0 0 0 0 0 0 0 0 0 0 0 0 0 0 0 0 0 0 0 0 0 0 0 0 0 0 0 0 0 0 0 0 0 0 0 0 0 0 0 0 0 0 0 0 0 0 0 0 0 0 0 0 0 0 0 0 0 0 0 0 0 0 0 0 0 0 0 0 0 0 0 0 0 0 0 0 0 0 0 0 0 0 0 0 0 0 0 0 0 0 0 0 0 0 0 0 0 0 0 0 0 0 0 0 0 0 0 0 0 0 0 0 0 0 0 0 0 0 0 0 0 0 0 0 0 0 0 0 0 0 0 0 0 0 0 0 0 0 0 0 0 0 0 0 0 0 0 0 0 0 0 0 0 0 0 0 0 0 0 0 0 0 0 0 0 0 0 0 0 0 0 0 0 0 0 0 0 0 0 0 0 0 0 0 0 0 0 0 0 0 0 0 0 0 0 0 0 0 0 0 0 0 0 0 0 0 0 0 0 0 0 0 0 0 0 0 0 0 0 0 0 0 0 0 0 0 0 0 0 0 0 0 0 0 0 0 0 0 0 0 0 0 0 0 0 0 0 0 0 0 0 0 0 0 0 0 0 0 0 0 0 0 0 0 0 0 0 0 0 0 0 0 0 0 0 0 0 0 0 0 0 0 0 0 0 0 0 0 0 0 0 0 0 0 0 0 0 0 0 0 0 0 0 0 0 0 0 0 0 0 0 0 0 0 0 0 0 0 0 0 0 0 0 0 0 0 0 0 0 0 0 0 0 0 0 0 0 0 0 0 0 0 0
ctxt 7993651
btime 1613124388
processes 200076
procs_running 1
procs_blocked 0
softirq 37208274 1 21241403 576 1497518 0 0 152552 1045094 0 13271130
