cpu  65805356 7 63370 29477045 522 0 4760 0 0 0
cpu0 512913 0 1726 229568 0 0 370 0 0 0
cpu1 513784 0 529 230567 2 0 49 0 0 0
cpu2 513162 0 1244 230421 0 0 79 0 0 0
cpu3 512388 0 1667 230706 7 0 98 0 0 0
cpu4 513866 0 689 230365 1 0 49 0 0 0
cpu5 514214 0 272 230400 0 0 77 0 0 0
cpu6 513760 0 827 230309 0 0 33 0 0 0
cpu7 513160 0 1325 230324 0 0 84 0 0 0
cpu8 514124 0 547 230250 0 0 43 0 0 0
cpu9 514465 0 260 230236 1 0 8 0 0 0
cpu10 513597 0 1056 230217 0 0 90 0 0 0
cpu11 513746 0 842 230283 0 0 76 0 0 0
cpu12 513606 0 721 230523 0 0 84 0 0 0
cpu13 514038 0 443 230445 0 0 32 0 0 0
cpu14 513567 0 1016 230308 0 0 70 0 0 0
cpu15 513708 0 833 230343 0 0 62 0 0 0
cpu16 514320 0 295 230338 0 0 9 0 0 0
cpu17 514163 0 258 230518 0 0 14 0 0 0
cpu18 513328 0 1293 230235 0 0 108 0 0 0
cpu19 513909 0 726 230253 2 0 53 0 0 0
cpu20 514232 0 270 230438 0 0 12 0 0 0
cpu21 514274 0 250 230432 0 0 16 0 0 0
cpu22 513787 0 830 230249 0 0 92 0 0 0
cpu23 513667 2 841 230353 0 0 70 0 0 0
cpu24 514429 0 346 230168 0 0 18 0 0 0
cpu25 514610 0 368 229954 1 0 18 0 0 0
cpu26 513345 0 973 230468 0 0 134 0 0 0
cpu27 513727 0 775 230317 0 0 81 0 0 0
cpu28 514526 0 318 230029 0 0 4 0 0 0
cpu29 514240 0 304 230387 0 0 12 0 0 0
cpu30 514250 0 446 230247 0 0 19 0 0 0
cpu31 513846 0 770 230257 1 0 62 0 0 0
cpu32 514059 0 444 230418 0 0 36 0 0 0
cpu33 514224 0 216 230254 0 0 210 0 0 0
cpu34 514098 0 551 230262 0 0 54 0 0 0
cpu35 514086 0 850 229941 3 0 60 0 0 0
cpu36 514393 0 326 230221 0 0 6 0 0 0
cpu37 513817 0 190 230929 0 0 12 0 0 0
cpu38 513959 0 594 230364 0 0 38 0 0 0
cpu39 514074 0 984 229810 6 0 76 0 0 0
cpu40 514469 0 224 230246 0 0 11 0 0 0
cpu41 514486 0 202 230256 1 0 11 0 0 0
cpu42 513992 0 507 230415 0 0 36 0 0 0
cpu43 514564 0 763 229511 29 0 58 0 0 0
cpu44 512455 0 490 231922 0 0 43 0 0 0
cpu45 514938 0 360 229623 1 0 20 0 0 0
cpu46 513899 0 590 230416 3 0 34 0 0 0
cpu47 514968 0 952 228911 2 0 66 0 0 0
cpu48 514338 0 283 230314 0 0 15 0 0 0
cpu49 514417 0 248 230252 0 0 20 0 0 0
cpu50 514157 0 544 230209 1 0 44 0 0 0
cpu51 513850 0 720 230276 2 0 55 0 0 0
cpu52 514243 0 238 230455 0 0 10 0 0 0
cpu53 514285 0 256 230387 2 0 15 0 0 0
cpu54 514202 0 345 230380 0 0 18 0 0 0
cpu55 514097 0 433 230381 5 0 20 0 0 0
cpu56 514275 0 271 230380 0 0 20 0 0 0
cpu57 514161 0 216 230551 0 0 12 0 0 0
cpu58 514049 0 560 230293 3 0 47 0 0 0
cpu59 513927 0 464 230423 77 0 34 0 0 0
cpu60 513948 0 454 230501 2 0 44 0 0 0
cpu61 514391 0 184 230364 0 0 12 0 0 0
cpu62 514306 0 339 230280 0 0 21 0 0 0
cpu63 514250 0 474 230173 0 0 27 0 0 0
cpu64 513517 0 940 230358 1 0 122 0 0 0
cpu65 513912 0 382 230588 0 0 27 0 0 0
cpu66 513424 0 782 230688 3 0 30 0 0 0
cpu67 513705 0 746 230317 88 0 34 0 0 0
cpu68 514102 0 365 230443 0 0 9 0 0 0
cpu69 514110 0 322 230485 1 0 10 0 0 0
cpu70 513915 0 617 230391 0 0 20 0 0 0
cpu71 513996 0 694 230181 31 0 23 0 0 0
cpu72 514390 0 312 230231 0 0 9 0 0 0
cpu73 514197 0 233 230500 0 0 10 0 0 0
cpu74 513979 0 673 230261 0 0 40 0 0 0
cpu75 513837 0 619 230398 2 0 50 0 0 0
cpu76 514192 0 244 230483 0 0 10 0 0 0
cpu77 514224 0 316 230383 1 0 12 0 0 0
cpu78 512628 0 784 231420 0 0 50 0 0 0
cpu79 513783 0 582 230487 4 0 30 0 0 0
cpu80 514500 0 195 230246 1 0 2 0 0 0
cpu81 514259 0 164 230499 0 0 7 0 0 0
cpu82 513504 0 868 230480 0 0 66 0 0 0
cpu83 513768 0 515 230564 1 0 48 0 0 0
cpu84 514527 0 200 230203 0 0 5 0 0 0
cpu85 514120 0 248 230544 0 0 13 0 0 0
cpu86 514164 0 551 230189 1 0 32 0 0 0
cpu87 513697 1 760 230367 4 0 98 0 0 0
cpu88 514194 0 417 230301 0 0 25 0 0 0
cpu89 514350 0 167 230410 0 0 9 0 0 0
cpu90 513878 0 588 230420 0 0 40 0 0 0
cpu91 513634 0 635 230549 1 0 63 0 0 0
cpu92 514436 0 194 230295 1 0 3 0 0 0
cpu93 514334 0 168 230414 0 0 10 0 0 0
cpu94 514063 0 299 230559 0 0 10 0 0 0
cpu95 513938 0 532 230398 1 0 24 0 0 0
cpu96 514343 0 239 230327 5 0 8 0 0 0
cpu97 514391 0 163 230369 0 0 6 0 0 0
cpu98 514392 0 280 230239 0 0 16 0 0 0
cpu99 514247 2 593 230058 2 0 40 0 0 0
cpu100 514495 0 168 230267 0 0 2 0 0 0
cpu101 514328 0 176 230420 1 0 5 0 0 0
cpu102 514312 0 288 230321 0 0 12 0 0 0
cpu103 514490 0 658 229729 5 0 44 0 0 0
cpu104 514459 0 196 230267 0 0 1 0 0 0
cpu105 514412 0 162 230339 1 0 10 0 0 0
cpu106 513902 0 364 230623 0 0 15 0 0 0
cpu107 514467 0 587 229813 8 0 52 0 0 0
cpu108 514407 0 202 230303 7 0 3 0 0 0
cpu109 514373 0 182 230359 1 0 13 0 0 0
cpu110 514168 0 307 230421 0 0 20 0 0 0
cpu111 516188 0 1034 227583 1 0 80 0 0 0
cpu112 514556 0 196 230175 0 0 4 0 0 0
cpu113 514324 0 173 230410 0 0 12 0 0 0
cpu114 514027 0 576 230263 11 0 49 0 0 0
cpu115 515451 0 572 228790 70 0 11 0 0 0
cpu116 514254 0 223 230438 1 0 6 0 0 0
cpu117 514392 0 185 230331 0 0 8 0 0 0
cpu118 514417 0 206 230288 0 0 3 0 0 0
cpu119 514361 0 568 229924 4 0 45 0 0 0
cpu120 514585 0 180 230160 0 0 4 0 0 0
cpu121 514404 0 165 230353 2 0 4 0 0 0
cpu122 514080 0 388 230433 0 0 17 0 0 0
cpu123 514243 0 527 230051 54 0 22 0 0 0
cpu124 514294 0 233 230386 2 0 13 0 0 0
cpu125 514418 0 237 230257 0 0 5 0 0 0
cpu126 514459 0 227 230226 1 0 3 0 0 0
cpu127 514266 0 622 229982 1 0 18 0 0 0
intr 186352215 130 0 0 0 683 0 0 0 1 0 285 0 0 0 0 0 0 0 0 0 0 0 0 0 0 0 0 0 0 0 0 0 0 0 0 260 0 976 7097 1756 16465 2007 22012 3405 8512 1847 682 1286 6907 135 2572 5812 9018 157 655 1067 7517 1186 2520 591 10060 446 2427 1192 5748 1506 1374 745 7895 554 64334 517 11399 483 845 272 6120 1408 928 1372 9545 1284 761 998 11196 473 1762 1564 4145 380 1449 433 3476 299 1461 954 7243 153 1132 3633 4438 885 6232 4124 13169 2223 3664 1158 7555 1005 762 760 7681 598 2331 1115 8314 134 445 539 7848 1102 3592 569 10162 567 1151 753 7788 429 1768 925 9656 513 975 346 4748 399 580 241 5355 701 731 2009 4059 1129 2212 788 6791 200 1159 757 1608 526 1119 613 0 0 0 0 0 0 0 0 0 0 163 189 1 62 4 80 368 18 155 1 3 0 9 0 6 0 10 158 11 3 764 21 128 2 86 398 192 19 271 62 483 38 93 0 0 0 0 0 0 0 0 0 0 0 0 0 0 0 0 0 179 10 191 26 97 34 24 1 111 3 85 0 6 26 104 136 39 19 91 19 35 76 0 0 8 0 105 28 0 83 0 1 1 0 6 385 0 0 37 6395 5260 120 424 471 763 463 245 219 253 872 172 202 402 3008 77 132 225 582 66 9908 117 546 86 0 0 0 0 0 0 0 0 0 0 0 0 0 0 0 0 0 0 0 0 0 0 0 0 0 0 0 0 0 0 0 0 0 0 0 0 0 0 0 0 0 0 0 0 0 0 0 0 0 0 0 0 0 0 0 0 0 0 0 0 0 0 0 0 0 0 0 0 0 0 0 0 0 0 0 0 0 0 0 0 0 0 0 0 0 0 0 0 0 0 0 0 0 0 0 0 0 0 0 0 0 0 0 0 0 0 0 0 0 0 0 0 0 0 0 0 0 0 0 0 0 0 0 0 0 0 0 0 0 0 0 0 0 0 0 0 0 0 0 0 0 0 0 0 0 0 0 0 0 0 0 0 0 0 0 0 0 0 0 0 0 0 0 0 0 0 0 0 0 0 0 0 0 0 0 0 0 0 0 0 0 0 0 0 0 0 0 0 0 0 0 0 0 0 0 0 0 0 0 0 0 0 0 0 0 0 0 0 0 0 0 0 0 0 0 0 0 0 0 0 0 0 0 0 0 0 0 0 0 0 0 0 0 0 0 0 0 0 0 0 0 0 0 0 0 0 0 0 0 0 0 0 0 0 0 0 0 0 0 0 0 0 0 0 0 0 0 0 0 0 0 0 0 0 0 0 0 0 0 0 0 0 0 0 0 0 0 0 0 0 0 0 0 0 0 0 0 0 0 0 0 0 0 0 0 0 0 0 0 0 0 0 0 0 0 0 0 0 0 0 0 0 0 0 0 0 0 0 0 0 0 0 0 0 0 0 0 0 0 0 0 0 0 0 0 0 0 0 0 0 0 0 0 0 0 0 0 0 0 0 0 0 0 0 0 0 0 0 0 0 0 0 0 0 0 0 0 0 0 0 0 0 0 0 0 0 0 0 0 0 0 0 0 0 0 0 0 0 0 0 0 0 0 0 0 0 0 0 0 0 0 0 0 0 0 0 0 0 0 0 0 0 0 4 0 0 0 0 0 0 0 47 0 0 48 0 0 0 0 0 0 0 0 0 0 0 0 1 0 0 0 0 0 0 0 0 0 0 0 0 0 0 0 0 0 0 0 0 0 0 0 0 0 0 0 0 0 0 0 0 0 0 0 0 0 0 0 0 0 0 0 0 0 0 0 0 0 0 0 0 0 0 0 0 0 0 0 0 0 0 0 0 0 0 0 0 0 20 0 0 0 0 0 0 0 0 0 0 0 0 0 0 0 0 0 0 0 0 0 0 0 0 0 0 0 0 0 0 0 0 0 0 0 0 0 0 0 0 0 0 0 0 0 0 0 0 0 0 0 0 0 0 0 0 0 0 0 0 0 0 0 0 0 0 0 0 0 0 0 0 0 0 0 0 0 0 0 0 0 0 0 0 0 0 0 0 0 0 0 0 0 0 0 0 0 0 0 0 0 0 0 0 0 0 0 0 0 0 0 0 0 0 0 0 0 0 0 0 0 0 0 0 0 0 0 0 0 0 0 0 0 0 0 0 0 0 0 0 0 0 0 0 0 0 0 0 0 0 0 0 0 0 0 0 0 0 0 0 0 0 0 0 0 0 0 0 0 0 0 0 0 0 0 0 0 0 0 0 0 0 0 0 0 0 0 0 0 0 0 0 0 0 0 0 0 0 0 0 0 0 0 0 0 0 0 0 0 0 0 0 0 0 0 0 0 0 0 0 0 0 0 0 0 0 0 0 0 0 0 0 0 0 0 0 0 0 0 0 0 0 0 0 0 0 0 0 0 0 0 0 0 0 0 0 0 0 0 0 0 0 0 0 0 0 0 0 0 0 0 0 0 0 0 0 0 0 0 0 0 0 0 0 0 0 0 0 0 0 0 0 0 0 0 0 0 0 0 0 0 0 0 0 0 0 0 0 0 0 0 0 0 0 0 0 0 0 0 0 0 0 0 0 0 0 0 0 0 0 0 0 0 0 0 0 0 0 0 0 0 0 0 0 0 0 0 0 0 0 0 0 0 0 0 0 0 0 0 0 0 0 0 0 0 0 0 0 0 0 0 0 0 0 0 0 0 0 0 0 0 0 0 0 0 0 0 0 0 0 0 0 0 0 0 0 0 0 0 0 0 0 0 0 0 0 0 0 0 0 0 0 0 0 0 0 0 0 0 0 0 0 0 0 0 0 0 0 0 0 0 0 0 0 0 0 0 0 0 0 0 0 0 0 0 0 0 0 0 0 0 0 0 0 0 0 0 0 0 0 0 0 0 0 0 0 0 0 0 0 0 0 0 0 0 0 0 0 0 0 0 0 0 0 0 0 0 0 0 0 0 0 0 0 0 0 0 0 0 0 0 0 0 0 0 0 0 0 0 0 0 0 0 0 0 0 0 0 0 0 0 0 0 0 0 0 0 0 0 0 0 0 0 0 0 0 0 0 0 0 0 0 0 0 0 0 0 0 0 0 0 0 0 0 0 0 0 0 0 0 0 0 0 0 0 0 0 0 0 0 0 0 0 0 0 0 0 0 0 0 0 0 0 0 0 0 0 0 0 0 0 0 0 0 0 0 0 0 0 0 0 0 0 0 0 0 0 0 0 0 0 0 0 0 0 0 0 0 0 0 0 0 0 0 0 0 0 0 0 0 0 0 0 0 0 0 0 0 0 0 0 0 0 0 0 0 0 0 0 0 0 0 0 0 0 0 0 0 0 0 0 0 0 0 0 0 0 0 0 0 0 0 0 0 0 0 0 0 0 0 0 0 0 0 0 0 0 0 0 0 0 0 0 0 0 0 0 0 0 0 0 0 0 0 0 0 0 0 0 0 0 0 0 0 0 0 0 0 0 0 0 0 0 0 0 0 0 0 0 0 0 0 0 0 0 0 0 0 0 0 0 0 0 0 0 0 0 0 0 0 0 0 0 0 0 0 0 0 0 0 0 0 0 0 0 0 0 0 0 0 0 0 0 0 0 0 0 0 0 0 0 0 0 0 0 0 0 0 0 0 0 0 0 0 0 0 0 0 0 0 0 0 0 0 0 0 0 0 0 0 0 0 0 0 0 0 0 0 0 0 0 0 0 0 0 0 0 0 0 0 0 0 0 0 0 0 0 0 0 0 0 0 0 0 0 0 0 0 0 0 0 0 0 0 0 0 0 0 0 0 0 0 0 0 0 0 0 0 0 0 0 0 0 0 0 0 0 0 0 0 0 0 0 0 0 0 0 0 0 0 0 0 0 0 0 0 0 0 0 0 0 0 0 0 0 0 0 0 0 0 0 0 0 0 0 0 0 0 0 0 0 0 0 0 0 0 0 0 0 0 0 0 0 0 0 0 0 0 0 0 0 0 0 0 0 0 0 0 0 0 0 0 0 0 0 0 0 0 0 0 0 0 0 0 0 0 0 0 0 0 0 0 0 0 0 0 0 0 0 0 0 0 0 0 0 0 0 0 0 0 0 0 0 0 0 0 0 0 0 0 0 0 0 0 0 0 0 0 0 0 0 0 0 0 0 0 0 0 0 0 0 0 0 0 0 0 0 0 0 0 0 0 0 0 0 0 0 0 0 0 0 0 0 0 0 0 0 0 0 0 0 0 0 0 0 0 0 0 0 0 0 0 0 0 0 0 0 0 0 0 0 0 0 0 0 0 0 0 0 0 0 0 0 0 0 0 0 0 0 0 0 0 0 0 0 0 0 0 0 0 0 0 0 0 0 0 0 0 0 0 0 0 0 0 0 0 0 0 0 0 0 0 0 0 0 0 0 0 0 0 0 0 0 0 0 0 0 0 0 0 0 0 0 0 0 0 0 0 0 0 0 0 0 0 0 0 0 0 0 0 0 0 0 0 0 0 0 0 0 0 0 0 0 0 0 0 0 0 0 0 0 0 0 0 0 0 0 0 0 0 0 0 0 0 0 0 0 0 0 0 0 0 0 0 0 0 0 0 0 0 0 0 0 0 0 0 0 0 0 0 0 0 0 0 0 0 0 0 0 0 0 0 0 0 0 0 0 0 0 0 0 0 0 0 0 0 0 0 0 0 0 0 0 0 0 0 0 0 0 0 0 0 0 0 0 0 0 0 0 0 0 0 0 0 0 0 0 0 0 0 0 0 0 0 0 0 0 0 0 0 0 0 0 0 0 0 0 0 0 0 0 0 0 0 0 0 0 0 0 0 0 0 0 0 0 0 0 0 0 0 0 0 0 0 0 0 0 0 0 0 0 0 0 0 0 0 0 0 0 0 0 0 0 0 0 0 0 0 0 0 0 0 0 0 0 0 0 0 0 0 0 0 0 0 0 0 0 0 0 0 0 0 0 0 0 0 0 0 0 0 0 0 0 0 0 0 0 0 0 0 0 0 0 0 0 0 0 0 0 0 0 0 0 0 0 0 0 0 0 0 0 0 0 0 0 0 0 0 0 0 0 0 0 0 0 0 0 0 0 0 0 0 0 0 0 0 0 0 0 0 0 0 0 0 0 0 0 0 0 0 0 0 0 0 0 0 0 0 0 0 0 0 0 0 0 0 0 0 0 0 0 0 0 0 0 0 0 0 0 0 0 0 0 0 0 0 0 0 0 0 0 0 0 0 0 0 0 0 0 0 0 0 0 0 0 0 0 0 0 0 0 0 0 0 0 0 0 0 0 0 0 0 0 0 0 0 0 0 0 0 0 0 0 0 0 0 0 0 0 0 0 0 0 0 0 0 0 0 0 0 0 0 0 0 0 0 0 0 0 0 0 0 0 0 0 0 0 0 0 0 0 0 0 0 0 0 0 0 0 0 0 0 0 0 0 0 0 0 0 0 0 0 0 0 0 0 0 0 0 0 0 0 0 0 0 0 0 0 0 0 0 0 0 0 0 0 0 0 0 0 0 0 0 0 0 0 0 0 0 0 0 0 0 0 0 0 0 0 0 0 0 0 0 0 0 0 0 0 0 0 0 0 0 0 0 0 0 0 0 0 0 0 0 0 0 0 0 0 0 0 0 0 0 0 0 0 0 0 0 0 0 0 0 0 0 0 0 0 0 0 0 0 0 0 0 0 0 0 0 0 0 0 0 0 0 0 0 0 0 0 0 0 0 0 0 0 0 0 0 0 0 0 0 0 0 0 0 0 0 0 0 0 0 0 0 0 0 0 0 0 0 0 0 0 0 0 0 0 0 0 0 0 0 0 0 0 0 0 0 0 0 0 0 0 0 0 0 0 0 0 0 0 0 0 0 0 0 0 0 0 0 0 0 0 0 0 0 0 0 0 0 0 0 0 0 0 0 0 0 0 0 0 0 0 0 0 0 0 0 0 0 0 0 0 0 0 0 0 0 0 0 0 0 0 0 0 0 0 0 0 0 0 0 0 0 0 0 0 0 0 0 0 0 0 0 0 0 0 0 0 0 0 0 0 0 0 0 0 0 0 0 0 0 0 0 0 0 0 0 0 0 0 0 0 0 0 0 0 0 0 0 0 0 0 0 0 0 0 0 0 0 0 0 0 0 0 0 0 0 0 0 0 0 0 0 0 0 0 0 0 0 0 0 0 0 0 0 0 0 0 0 0 0 0 0 0 0 0 0 0 0 0 0 0 0 0 0 0 0 0 0 0 0 0 0 0 0 0 0 0 0 0 0 0 0 0 0 0 0 0 0 0 0 0 0 0 0 0 0 0 0 0 0 0 0 0 0 0 0 0 0 0 0 0 0 0 0 0 0 0 0 0 0 0 0 0 0 0 0 0 0 0 0 0 0 0 0 0 0 0 0 0 0 0 0 0 0 0 0 0 0 0 0 0 0 0 0 0 0 0 0 0 0 0 0 0 0 0 0 0 0 0 0 0 0 0 0 0 0 0 0 0 0 0 0 0 0 0 0 0 0 0 0 0 0 0 0 0 0 0 0 0 0 0 0 0 0 0 0 0 0 0 0 0 0 0 0 0 0 0 0 0 0 0 0 0 0 0 0 0 0 0 0 0 0 0 0 0 0 0 0 0 0 0 0 0 0 0 0 0 0 0 0 0 0 0 0 0 0 0 0 0 0 0 0 0 0 0 0 0 0 0 0 0 0 0 0 0 0 0 0 0 0 0 0 0 0 0 0 0 0 0 0 0 0 0 0 0 0 0 0 0 0 0 0 0 0 0 0 0 0 0 0 0 0 0 0 0 0 0 0 0 0 0 0 0 0 0 0 0 0 0 0 0 0 0 0 0 0 0 0 0 0 0 0 0 0 0 0 0 0 0 0 0 0 0 0 0 0 0 0 0 0 0 0 0 0 0 0 0 0 0 0 0 0 0 0 0 0 0 0 0 0 0 0 0 0 0 0 0 0 0 0 0 0 0 0 0 0 0 0 0 0 0 0 0 0 0 0 0 0 0 0 0 0 0 0 0 0 0 0 0 0 0 0 0 0 0 0 0 0 0 0 0 0 0 0 0 0 0 0 0 0 0 0 0 0 0 0 0 0 0 0 0 0 0 0 0 0 0 0 0 0 0 0 0 0 0 0 0 0 0 0 0 0 0 0 0 0 0 0 0 0 0 0 0 0 0 0 0 0 0 0 0 0 0 0 0 0 0 0 0 0 0 0 0 0 0 0 0 0 0 0 0 0 0 0 0 0 0 0 0 0 0 0 0 0 0 0 0 0 0 0 0 0 0 0 0 0 0 0 0 0 0 0 0 0 0 0 0 0 0 0 0 0 0 0 0 0 0 0 0 0 0 0 0 0 0 0 0 0 0 0 0 0 0 0 0 0 0 0 0 0 0 0 0 0 0 0 0 0 0 0 0 0 0 0 0 0 0 0 0 0 0 0 0 0 0 0 0 0 0 0 0 0 0 0 0 0 0 0 0 0 0 0 0 0 0 0 0 0 0 0 0 0 0 0 0 0 0 0 0 0 0 0 0 0 0 0 0 0 0 0 0 0 0 0 0 0 0 0 0 0 0 0 0 0 0 0 0 0 0 0 0 0 0 0 0 0 0 0 0 0 0 0 0 0 0 0 0 0 0 0 0 0 0 0 0 0 0 0 0 0 0 0 0 0 0 0 0 0 0 0 0 0 0 0 0 0 0 0 0 0 0 0 0 0 0 0 0 0 0 0 0 0 0 0 0 0 0 0 0 0 0 0 0 0 0 0 0 0 0 0 0 0 0 0 0 0 0 0 0 0 0 0 0 0 0 0 0 0 0 0 0 0 0 0 0 0 0 0 0 0 0 0 0 0 0 0 0 0 0 0 0 0 0 0 0 0 0 0 0 0 0 0 0 0 0 0 0 0 0 0 0 0 0 0 0 0 0 0 0 0 0 0 0 0 0 0 0 0 0 0 0 0 0 0 0 0 0 0 0 0 0 0 0 0 0 0 0 0 0 0 0 0 0 0 0 0 0 0 0 0 0 0 0 0 0 0 0 0 0 0 0 0 0 0 0 0 0 0 0 0 0 0 0 0 0 0 0 0 0 0 0 0 0 0 0 0 0 0 0 0 0 0 0 0 0 0 0 0 0 0 0 0 0 0 0 0 0 0 0 0 0 0 0 0 0 0 0 0 0 0 0 0 0 0 0 0 0 0 0 0 0 0 0 0 0 0 0 0 0 0 0 0 0 0 0 0 0 0 0 0 0 0 0 0 0 0 0 0 0 0 0 0 0 0 0 0 0 0 0 0 0 0 0 0 0 0 0 0 0 0 0 0 0 0 0 0 0 0 0 0 0 0 0 0 0 0 0 0 0 0 0 0 0 0 0 0 0 0 0 0 0 0 0 0 0 0 0 0 0 0 0 0 0 0 0 0 0 0 0 0 0 0 0 0 0 0 0 0 0 0 0 0 0 0 0 0 0 0 0 0 0 0 0 0 0 0 0 0 0 0 0 0 0 0 0 0 0 0 0 0 0 0 0 0 0 0 0 0 0 0 0 0 0 0 0 0 0 0 0 0 0 0 0 0 0 0 0 0 0 0 0 0 0 0 0 0 0 0 0 0 0 0 0 0 0 0 0 0 0 0 0 0 0 0 0 0 0 0 0 0 0 0 0 0 0 0 0 0 0 0 0 0 0 0 0 0 0 0 0 0 0 0 0 0 0 0 0 0 0 0 0 0 0 0 0 0 0 0 0 0 0 0 0 0 0 0 0 0 0 0 0 0 0 0 0 0 0 0 0 0 0 0 0 0 0 0 0 0 0 0 0 0 0 0 0 0 0 0 0 0 0 0 0 0 0 0 0 0 0 0 0 0 0 0 0 0 0 0 0 0 0 0 0 0 0 0 0 0 0 0 0 0 0 0 0 0 0 0 0 0 0 0 0 0 0 0 0 0 0 0 0 0 0 0 0 0 0 0 0 0 0 0 0 0 0 0 0 0 0 0 0 0 0 0 0 0 0 0 0 0 0 0 0 0 0 0 0 0 0 0 0 0 0 0 0 0 0 0 0 0 0 0 0 0 0 0 0 0 0 0 0 0 0 0 0 0 0 0 0 0 0 0 0 0 0 0 0 0 0 0 0 0 0 0 0 0 0 0 0 0 0 0 0 0 0 0 0 0 0 0 0 0 0 0 0 0 0 0 0 0 0 0 0 0 0 0 0 0 0 0 0 0 0 0 0 0 0 0 0 0 0 0 0 0 0 0 0 0 0 0 0 0 0 0 0 0 0 0 0 0 0 0 0 0 0 0 0 0 0 0 0 0 0 0 0 0 0 0 0 0 0 0 0 0 0 0 0 0 0 0 0 0 0 0 0 0 0 0 0 0 0 0 0 0 0 0 0 0 0 0 0 0 0 0 0 0 0 0 0 0 0 0 0 0 0 0 0 0 0 0 0 0 0 0 0 0 0 0 0 0 0 0 0 0 0 0 0 0 0 0 0 0 0 0 0 0 0 0 0 0 0 0 0 0 0 0 0 0 0 0 0 0 0 0 0 0 0 0 0 0 0 0 0 0 0 0 0 0 0 0 0 0 0 0 0 0 0 0 0 0 0 0 0 0 0 0 0 0 0 0 0 0 0 0 0 0 0 0 0 0 0 0 0 0 0 0 0 0 0 0 0 0 0 0 0 0 0 0 0 0 0 0 0 0 0 0 0 0 0 0 0 0 0 0 0 0 0 0 0 0 0 0 0 0 0 0 0 0 0 0 0 0 0 0 0 0 0 0 0 0 0 0 0 0 0 0 0 0 0 0 0 0 0 0 0 0 0 0 0 0 0 0 0 0 0 0 0 0 0 0 0 0 0 0 0 0 0 0 0 0 0 0 0 0 0 0 0 0 0 0 0 0 0 0 0 0 0 0 0 0 0 0 0 0 0 0 0 0 0 0 0 0 0 0 0 0 0 0 0 0 0 0 0 0 0 0 0 0 0 0 0 0 0 0 0 0 0 0 0 0 0 0 0 0 0 0 0 0 0 0 0 0 0 0 0 0 0 0 0 0 0 0 0 0 0 0 0 0 0 0
ctxt 13239450
btime 1613064757
processes 313217
procs_running 1
procs_blocked 0
softirq 201944290 1 120621467 2316 2706699 0 0 190 6167243 0 72446374
