cpu  1456598 4 3734 5874422 511 0 284 0 0 0
cpu0 40416 0 174 162961 9 0 152 0 0 0
cpu1 40384 0 144 163206 1 0 26 0 0 0
cpu2 40393 0 172 163188 2 0 5 0 0 0
cpu3 40393 0 125 163229 17 0 2 0 0 0
cpu4 40408 0 66 163295 2 0 2 0 0 0
cpu5 40406 0 81 163283 2 0 4 0 0 0
cpu6 40396 0 73 163300 0 0 2 0 0 0
cpu7 40412 0 70 163283 5 0 0 0 0 0
cpu8 40718 0 120 162927 6 0 2 0 0 0
cpu9 40436 0 83 163249 9 0 0 0 0 0
cpu10 40408 0 74 163268 4 0 0 0 0 0
cpu11 40491 0 92 163176 2 0 0 0 0 0
cpu12 40445 0 88 163219 11 0 0 0 0 0
cpu13 40464 0 96 163204 4 0 0 0 0 0
cpu14 40472 0 227 163042 4 0 18 0 0 0
cpu15 40513 0 110 163138 14 0 2 0 0 0
cpu16 40430 0 128 163208 2 0 0 0 0 0
cpu17 40495 0 95 163171 2 0 0 0 0 0
cpu18 40450 0 75 163194 51 0 0 0 0 0
cpu19 40402 0 78 163278 4 0 2 0 0 0
cpu20 40451 0 80 163192 41 0 2 0 0 0
cpu21 40398 0 121 163213 42 0 7 0 0 0
cpu22 40397 0 76 163233 58 0 0 0 0 0
cpu23 40410 0 61 163274 10 0 0 0 0 0
cpu24 40412 0 53 163302 0 0 0 0 0 0
cpu25 40403 0 54 163313 0 0 0 0 0 0
cpu26 40476 0 106 163182 0 0 2 0 0 0
cpu27 40434 0 57 163274 0 0 0 0 0 0
cpu28 40427 0 110 163192 0 0 32 0 0 0
cpu29 40508 0 88 163139 16 0 0 0 0 0
cpu30 40471 0 90 163191 2 0 0 0 0 0
cpu31 40484 0 84 163179 4 0 0 0 0 0
cpu32 40416 1 200 163127 7 0 15 0 0 0
cpu33 40535 2 103 163121 7 0 0 0 0 0
cpu34 40932 0 184 162515 122 0 0 0 0 0
cpu35 40500 0 80 163135 34 0 0 0 0 0
intr 4348871 56 0 0 0 609 0 0 0 1 0 257 0 0 0 0 0 0 0 0 0 0 0 0 0 0 0 0 0 0 0 0 92 542 46 97 148 180 108 84 1482 449 465 351 164 336 369 357 435 214 279 1651 164 2275 1320 2844 1523 0 0 0 0 19 16 51 14 47 450 159 350 658 484 10253 3519 0 0 16 8729 2 0 3716 129 350 450 3643 73 1346 118 690 99 97 3 2 8 187 1538 10 1319 6 5694 231 3185 8 40 1 237 816 71 13785 278 65 52 257 32 10 2 0 17 7610 1 0 0 0 0 0 0 0 0 0 0 0 0 0 0 0 0 0 0 0 0 0 0 0 0 0 0 0 0 0 0 0 0 0 0 0 0 0 22 0 0 0 0 0 0 0 0 0 0 0 0 0 0 0 0 0 0 0 0 0 0 0 0 0 0 0 0 0 0 0 0 0 0 0 0 0 0 0 0 0 0 0 0 0 0 0 0 0 0 0 0 0 0 0 0 0 0 0 0 0 0 0 0 0 0 0 0 0 0 0 0 0 0 0 0 0 0 0 0 0 0 0 0 0 0 0 0 0 0 0 0 0 0 0 0 0 0 0 0 0 0 0 0 0 0 0 0 0 0 0 0 0 0 0 0 0 0 0 0 0 0 0 0 0 0 0 0 0 0 0 0 0 0 0 0 0 0 0 0 0 0 0 0 0 0 0 0 0 0 0 0 0 0 0 0 0 0 0 0 0 0 0 0 0 0 0 0 0 0 0 0 0 0 0 0 0 0 0 0 0 0 0 0 0 0 0 0 0 0 0 0 0 0 0 0 0 0 0 0 0 0 0 0 0 0 0 0 0 0 0 0 0 0 0 0 0 0 0 0 0 0 0 0 0 0 0 0 0 0 0 0 0 0 0 0 0 0 0 0 0 0 0 0 0 0 0 0 0 0 0 0 0 0 0 0 0 0 0 0 0 0 0 0 0 0 0 0 0 0 0 0 0 0 0 0 0 0 0 0 0 0 0 0 0 0 0 0 0 0 0 0 0 0 0 0 0 0 0 0 0 0 0 0 0 0 0 0 0 0 0 0 0 0 0 0 0 0 0 0 0 0 0 0 0 0 0 0 0 0 0 0 0 0 0 0 0 0 0 0 0 0 0 0 0 0 0 0 0 0 0 0 0 0 0 0 0 0 0 0 0 0 0 0 0 0 0 0 0 0 0 0 0 0 0 0 0 0 0 0 0 0 0 0 0 0 0 0 0 0 0 0 0 0 0 0 0 0 0 0 0 0 0 0 0 0 0 0 0 0 0 0 0 0 0 0 0 0 0 0 0 0 0 0 0 0 0 0 0 0 0 0 0 0 0 0 0 0 0 0 0 0 0 0 0 0 0 0 0 0 0 0 0 0 0 0 0 0 0 0 0 0 0 0 0 0 0 0 0 0 0 0 0 0 0 0 0 0 0 0 0 0 0 0 0 0 0 0 0 0 0 0 0 0 0 0 0 0 0 0 0 0 0 0 0 0 0 0 0 0 0 0 0 0 0 0 0 0 0 0 0 0 0 0 0 0 0 0 0 0 0 0 0 0 0 0 0 0 0 0 0 0 0 0 0 0 0 0 0 0 0 0 0 0 0 0 0 0 0 0 0 0 0 0 0 0 0 0 0 0 0 0 0 0 0 0 0 0 0 0 0 0 0 0 0 0 0 0 0 0 0 0 0 0 0 0 0 0 0 0 0 0 0 0 0 0 0 0 0 0 0 0 0 0 0 0 0 0 0 0 0 0 0 0 0 0 0 0 0 0 0 0 0 0 0 0 0 0 0 0 0 0 0 0 0 0 0 0 0 0 0 0 0 0 0 0 0 0 0 0 0 0 0 0 0 0 0 0 0 0 0 0 0 0 0 0 0 0 0 0 0 0 0 0 0 0 0 0 0 0 0 0 0 0 0 0 0 0 0 0 0 0 0 0 0 0 0 0 0 0 0 0 0 0 0 0 0 0 0 0 0 0 0 0 0 0 0 0 0 0 0 0 0 0 0 0 0 0 0 0 0 0 0 0 0 0 0 0 0 0 0 0 0 0 0 0 0 0 0 0 0 0 0 0 0 0 0 0 0 0 0 0 0 0 0 0 0 0 0 0 0 0 0 0 0 0 0 0 0 0 0 0 0 0 0 0 0 0 0 0 0 0 0 0 0 0 0 0 0 0 0 0 0 0 0 0 0 0 0 0 0 0 0 0 0 0 0 0 0 0 0 0 0 0 0 0 0 0 0 0 0 0 0 0 0 0 0 0 0 0 0 0 0 0 0 0 0 0 0 0 0 0 0 0 0 0 0 0 0 0 0 0 0 0 0 0 0 0 0 0 0 0 0 0 0 0 0 0 0 0 0 0 0 0 0 0 0 0 0 0 0 0 0 0 0 0 0 0 0 0 0 0 0 0 0 0 0 0 0 0 0 0 0 0 0 0 0 0 0 0 0 0 0 0 0 0 0 0 0 0 0 0 0 0 0 0 0 0 0 0 0 0 0 0 0 0 0 0 0 0 0 0 0 0 0 0 0 0 0 0 0 0 0 0 0 0 0 0 0 0 0 0 0 0 0 0 0 0 0 0 0 0 0 0 0 0 0 0 0 0 0 0 0 0 0 0 0 0 0 0 0 0 0 0 0 0 0 0 0 0 0 0 0 0 0 0 0 0 0 0 0 0 0 0 0 0 0 0 0 0 0 0 0 0 0 0 0 0 0 0 0 0 0 0 0 0 0 0 0 0 0 0 0 0 0 0 0 0 0 0 0 0 0 0 0 0 0 0 0 0 0 0 0 0 0 0 0 0 0 0 0 0 0 0 0 0 0 0 0 0
ctxt 1572779
btime 1613124388
processes 35900
procs_running 1
procs_blocked 0
softirq 5700532 1 3223116 221 251497 0 0 36678 245261 0 1943758
