cpu  32612088 5 42375 11356361 693 0 3164 0 0 0
cpu0 253438 0 2092 87984 0 0 266 0 0 0
cpu1 254405 0 825 88611 7 0 17 0 0 0
cpu2 254164 0 772 88863 0 0 65 0 0 0
cpu3 254374 0 532 88940 1 0 34 0 0 0
cpu4 254336 0 810 88674 0 0 77 0 0 0
cpu5 254553 0 444 88842 0 0 31 0 0 0
cpu6 254292 0 447 89109 0 0 29 0 0 0
cpu7 254687 0 285 88900 0 0 14 0 0 0
cpu8 254349 0 639 88830 0 0 73 0 0 0
cpu9 254548 0 584 88677 0 0 61 0 0 0
cpu10 254412 0 388 89034 0 0 39 0 0 0
cpu11 254695 0 304 88862 0 0 25 0 0 0
cpu12 254428 0 726 88651 0 0 70 0 0 0
cpu13 254998 0 440 88427 1 0 18 0 0 0
cpu14 254705 0 368 88771 0 0 25 0 0 0
cpu15 254743 0 284 88847 0 0 14 0 0 0
cpu16 254617 0 445 88788 0 0 34 0 0 0
cpu17 254600 1 606 88624 0 0 47 0 0 0
cpu18 254915 0 265 88690 0 0 19 0 0 0
cpu19 254692 0 234 88943 0 0 16 0 0 0
cpu20 254454 0 586 88764 0 0 71 0 0 0
cpu21 255678 0 468 87719 0 0 20 0 0 0
cpu22 254833 0 322 88708 0 0 26 0 0 0
cpu23 254496 0 271 88942 0 0 130 0 0 0
cpu24 254654 0 548 88639 0 0 45 0 0 0
cpu25 255217 0 417 88232 0 0 20 0 0 0
cpu26 254926 0 251 88693 0 0 20 0 0 0
cpu27 254636 0 286 88943 0 0 10 0 0 0
cpu28 254816 0 376 88666 0 0 26 0 0 0
cpu29 254869 0 279 88716 0 0 13 0 0 0
cpu30 254859 0 224 88785 0 0 11 0 0 0
cpu31 254437 0 542 88823 0 0 79 0 0 0
cpu32 253445 0 1644 88569 0 0 251 0 0 0
cpu33 254842 0 232 88786 4 0 11 0 0 0
cpu34 254843 0 232 88788 0 0 14 0 0 0
cpu35 254839 0 186 88853 1 0 8 0 0 0
cpu36 254750 0 359 88741 0 0 32 0 0 0
cpu37 255434 0 348 88014 66 0 9 0 0 0
cpu38 254274 0 420 89090 0 0 40 0 0 0
cpu39 254836 0 183 88854 0 0 7 0 0 0
cpu40 254472 0 501 88875 1 0 26 0 0 0
cpu41 255077 0 229 88524 30 0 13 0 0 0
cpu42 254864 0 251 88746 0 0 18 0 0 0
cpu43 254858 0 168 88841 1 0 10 0 0 0
cpu44 254624 0 383 88828 1 0 26 0 0 0
cpu45 254992 0 263 88488 112 0 9 0 0 0
cpu46 254524 0 500 88770 0 0 73 0 0 0
cpu47 254778 0 200 88883 0 0 13 0 0 0
cpu48 254386 0 541 88871 0 0 60 0 0 0
cpu49 254752 0 303 88811 0 0 12 0 0 0
cpu50 254240 0 298 89286 0 0 25 0 0 0
cpu51 254796 0 212 88852 0 0 15 0 0 0
cpu52 254936 0 244 88684 0 0 11 0 0 0
cpu53 254828 0 287 88614 91 0 25 0 0 0
cpu54 254995 0 166 88697 4 0 13 0 0 0
cpu55 254838 0 186 88845 1 0 7 0 0 0
cpu56 254865 0 204 88794 0 0 7 0 0 0
cpu57 254750 0 278 88820 1 0 15 0 0 0
cpu58 254761 0 272 88823 0 0 15 0 0 0
cpu59 254811 0 187 88862 0 0 8 0 0 0
cpu60 254520 0 463 88815 0 0 65 0 0 0
cpu61 254931 0 280 88624 8 0 23 0 0 0
cpu62 254787 0 283 88776 0 0 18 0 0 0
cpu63 254717 0 287 88839 0 0 30 0 0 0
cpu64 254781 0 438 88436 185 0 11 0 0 0
cpu65 254789 0 348 88699 1 0 6 0 0 0
cpu66 254821 0 289 88733 1 0 20 0 0 0
cpu67 254653 0 284 88912 0 0 19 0 0 0
cpu68 254336 0 777 88645 0 0 111 0 0 0
cpu69 254998 0 262 88548 32 0 8 0 0 0
cpu70 254903 0 180 88775 0 0 4 0 0 0
cpu71 254800 0 220 88835 0 0 10 0 0 0
cpu72 254908 0 318 88615 2 0 17 0 0 0
cpu73 254900 0 402 88534 3 0 14 0 0 0
cpu74 254661 0 250 88924 1 0 24 0 0 0
cpu75 254824 0 206 88807 0 0 9 0 0 0
cpu76 254791 0 346 88710 1 0 22 0 0 0
cpu77 255075 0 351 88411 15 0 6 0 0 0
cpu78 254754 0 249 88838 0 0 16 0 0 0
cpu79 254781 0 220 88837 0 0 12 0 0 0
cpu80 254980 0 240 88637 0 0 6 0 0 0
cpu81 254967 0 397 88456 28 0 13 0 0 0
cpu82 254776 0 337 88729 0 0 18 0 0 0
cpu83 254830 0 223 88804 1 0 9 0 0 0
cpu84 254761 0 360 88722 0 0 16 0 0 0
cpu85 254824 0 283 88740 1 0 10 0 0 0
cpu86 254832 0 206 88809 0 0 13 0 0 0
cpu87 254757 0 208 88877 1 0 9 0 0 0
cpu88 254887 0 233 88728 0 0 12 0 0 0
cpu89 255718 2 260 87856 6 0 6 0 0 0
cpu90 254747 0 210 88878 0 0 14 0 0 0
cpu91 254714 0 300 88832 0 0 17 0 0 0
cpu92 254794 0 282 88711 0 0 64 0 0 0
cpu93 255492 0 220 88129 1 0 4 0 0 0
cpu94 254916 0 162 88765 0 0 7 0 0 0
cpu95 254882 0 156 88818 0 0 4 0 0 0
cpu96 254831 0 387 88603 6 0 26 0 0 0
cpu97 255126 0 230 88495 1 0 3 0 0 0
cpu98 254761 0 188 88875 0 0 11 0 0 0
cpu99 254860 0 173 88818 0 0 5 0 0 0
cpu100 254646 0 446 88715 12 0 32 0 0 0
cpu101 254857 0 140 88846 1 0 2 0 0 0
cpu102 254800 0 200 88833 1 0 7 0 0 0
cpu103 254867 0 171 88820 0 0 2 0 0 0
cpu104 254833 0 333 88672 0 0 12 0 0 0
cpu105 254823 0 201 88812 0 0 6 0 0 0
cpu106 254906 0 155 88785 0 0 6 0 0 0
cpu107 254874 0 156 88824 0 0 4 0 0 0
cpu108 254778 0 211 88841 1 0 10 0 0 0
cpu109 255310 0 224 88311 0 0 5 0 0 0
cpu110 254671 0 274 88880 0 0 12 0 0 0
cpu111 254890 0 164 88795 0 0 3 0 0 0
cpu112 254956 0 245 88627 0 0 20 0 0 0
cpu113 254982 0 242 88614 3 0 2 0 0 0
cpu114 254922 0 176 88742 0 0 9 0 0 0
cpu115 254872 0 147 88830 0 0 2 0 0 0
cpu116 255110 0 120 88608 0 0 2 0 0 0
cpu117 254962 0 150 88720 5 0 3 0 0 0
cpu118 254914 0 173 88748 0 0 8 0 0 0
cpu119 254849 0 163 88839 0 0 2 0 0 0
cpu120 255059 0 164 88619 0 0 2 0 0 0
cpu121 255073 0 133 88639 4 0 2 0 0 0
cpu122 254880 0 254 88697 0 0 9 0 0 0
cpu123 254858 0 158 88828 0 0 1 0 0 0
cpu124 255011 0 155 88669 0 0 9 0 0 0
cpu125 255098 0 157 88587 0 0 5 0 0 0
cpu126 254921 0 160 88750 0 0 6 0 0 0
cpu127 254896 0 204 88740 0 0 2 0 0 0
intr 91708978 129 0 0 0 680 0 0 0 1 0 285 0 0 0 0 0 0 0 0 0 0 0 0 0 0 0 0 0 0 0 0 0 0 0 0 260 0 576 286 4503 3650 226 1811 1080 2073 338 5066 881 3954 400 8 5691 2817 514 155 2245 2173 446 3 297 49400 345 0 1659 2767 735 0 942 2406 270 1 932 3099 644 3 3298 1403 411 472 1246 1323 1020 8 1111 1598 0 444 1451 2705 282 576 505 1116 453 38 1856 1183 1204 98 841 2991 358 51 1789 5184 226 10 293 2833 409 0 739 1808 414 3 503 2755 182 39 3294 3571 802 14 363 1544 418 0 900 10008 9184 1 1036 1475 295 0 528 1769 757 3 1352 852 420 277 480 1280 594 60 409 1508 2 2 760 1902 354 76 787 0 0 0 0 0 0 0 0 0 0 161 3642 3 385 63 107 38 25 106 13 0 236 26 9 1 7 7 405 338 5 149 3 1 55 79 288 3410 192 664 670 431 1112 73 78 0 0 0 0 0 0 0 0 0 0 0 0 0 0 0 0 10003 2164 4964 199 3299 192 142 127 145 31 70 246 127 141 73 95 76 41 31 27 19 21 12 42 21 11 74 133 6 2 39 9 13 7 13 21 56 33 0 356 108 74 59 78 135 73 39 6 3 0 43 0 28 32 15 3 5 3 9 18 2 0 8 0 0 0 0 0 0 0 0 0 0 0 0 0 0 0 0 0 0 0 0 0 0 0 0 0 0 0 0 0 0 0 0 0 0 0 0 0 0 0 0 0 0 0 0 0 0 0 0 0 0 0 0 0 0 0 0 0 0 0 0 0 0 0 0 0 0 0 0 0 0 0 0 0 0 0 0 0 0 0 0 0 0 0 0 0 0 0 0 0 0 0 0 0 0 0 0 0 0 0 0 0 0 0 0 0 0 0 0 0 0 0 0 0 0 0 0 0 0 0 0 0 0 0 0 0 0 0 0 0 0 0 0 0 0 0 0 0 0 0 0 0 0 0 0 0 0 0 0 0 0 0 0 0 0 0 0 0 0 0 0 0 0 0 0 0 0 0 0 0 0 0 0 0 0 0 0 0 0 0 0 0 0 0 0 0 0 0 0 0 0 0 0 0 0 0 0 0 0 0 0 0 0 0 0 0 0 0 0 0 0 0 0 0 0 0 0 0 0 0 0 0 0 0 0 0 0 0 0 0 0 0 0 0 0 0 0 0 0 0 0 0 0 0 0 0 0 0 0 0 0 0 0 0 0 0 0 0 0 0 0 0 0 0 0 0 0 0 0 0 0 0 0 0 0 0 0 0 0 0 0 0 0 0 0 0 0 0 0 0 0 0 0 0 0 0 0 0 0 0 0 0 0 0 0 0 0 0 0 0 0 0 0 0 0 0 0 0 0 0 0 0 0 0 0 0 0 0 0 0 0 0 0 0 0 0 0 0 0 0 0 0 0 0 0 0 0 0 0 0 0 0 0 0 0 0 0 0 0 0 0 0 0 0 0 0 0 0 0 0 0 0 0 0 0 0 0 0 0 0 0 0 0 0 0 0 0 0 0 0 0 0 0 0 0 0 0 0 0 0 0 0 0 0 0 0 0 0 0 0 0 0 0 0 0 0 0 0 0 0 0 0 0 0 0 0 49 0 0 0 3 0 0 0 0 0 0 0 0 0 0 0 0 0 0 0 0 0 0 0 0 0 49 0 0 0 0 0 0 0 0 0 0 0 0 0 0 0 0 0 0 0 0 0 0 0 0 0 0 0 0 0 0 0 0 0 0 0 0 0 0 0 0 0 0 0 0 0 0 0 0 0 0 0 0 0 0 0 0 0 0 0 0 0 0 0 0 0 22 0 0 0 0 0 0 0 0 0 0 0 0 0 0 0 0 0 0 0 0 0 0 0 0 0 0 0 0 0 0 0 0 0 0 0 0 0 0 0 0 0 0 0 0 0 0 0 0 0 0 0 0 0 0 0 0 0 0 0 0 0 0 0 0 0 0 0 0 0 0 0 0 0 0 0 0 0 0 0 0 0 0 0 0 0 0 0 0 0 0 0 0 0 0 0 0 0 0 0 0 0 0 0 0 0 0 0 0 0 0 0 0 0 0 0 0 0 0 0 0 0 0 0 0 0 0 0 0 0 0 0 0 0 0 0 0 0 0 0 0 0 0 0 0 0 0 0 0 0 0 0 0 0 0 0 0 0 0 0 0 0 0 0 0 0 0 0 0 0 0 0 0 0 0 0 0 0 0 0 0 0 0 0 0 0 0 0 0 0 0 0 0 0 0 0 0 0 0 0 0 0 0 0 0 0 0 0 0 0 0 0 0 0 0 0 0 0 0 0 0 0 0 0 0 0 0 0 0 0 0 0 0 0 0 0 0 0 0 0 0 0 0 0 0 0 0 0 0 0 0 0 0 0 0 0 0 0 0 0 0 0 0 0 0 0 0 0 0 0 0 0 0 0 0 0 0 0 0 0 0 0 0 0 0 0 0 0 0 0 0 0 0 0 0 0 0 0 0 0 0 0 0 0 0 0 0 0 0 0 0 0 0 0 0 0 0 0 0 0 0 0 0 0 0 0 0 0 0 0 0 0 0 0 0 0 0 0 0 0 0 0 0 0 0 0 0 0 0 0 0 0 0 0 0 0 0 0 0 0 0 0 0 0 0 0 0 0 0 0 0 0 0 0 0 0 0 0 0 0 0 0 0 0 0 0 0 0 0 0 0 0 0 0 0 0 0 0 0 0 0 0 0 0 0 0 0 0 0 0 0 0 0 0 0 0 0 0 0 0 0 0 0 0 0 0 0 0 0 0 0 0 0 0 0 0 0 0 0 0 0 0 0 0 0 0 0 0 0 0 0 0 0 0 0 0 0 0 0 0 0 0 0 0 0 0 0 0 0 0 0 0 0 0 0 0 0 0 0 0 0 0 0 0 0 0 0 0 0 0 0 0 0 0 0 0 0 0 0 0 0 0 0 0 0 0 0 0 0 0 0 0 0 0 0 0 0 0 0 0 0 0 0 0 0 0 0 0 0 0 0 0 0 0 0 0 0 0 0 0 0 0 0 0 0 0 0 0 0 0 0 0 0 0 0 0 0 0 0 0 0 0 0 0 0 0 0 0 0 0 0 0 0 0 0 0 0 0 0 0 0 0 0 0 0 0 0 0 0 0 0 0 0 0 0 0 0 0 0 0 0 0 0 0 0 0 0 0 0 0 0 0 0 0 0 0 0 0 0 0 0 0 0 0 0 0 0 0 0 0 0 0 0 0 0 0 0 0 0 0 0 0 0 0 0 0 0 0 0 0 0 0 0 0 0 0 0 0 0 0 0 0 0 0 0 0 0 0 0 0 0 0 0 0 0 0 0 0 0 0 0 0 0 0 0 0 0 0 0 0 0 0 0 0 0 0 0 0 0 0 0 0 0 0 0 0 0 0 0 0 0 0 0 0 0 0 0 0 0 0 0 0 0 0 0 0 0 0 0 0 0 0 0 0 0 0 0 0 0 0 0 0 0 0 0 0 0 0 0 0 0 0 0 0 0 0 0 0 0 0 0 0 0 0 0 0 0 0 0 0 0 0 0 0 0 0 0 0 0 0 0 0 0 0 0 0 0 0 0 0 0 0 0 0 0 0 0 0 0 0 0 0 0 0 0 0 0 0 0 0 0 0 0 0 0 0 0 0 0 0 0 0 0 0 0 0 0 0 0 0 0 0 0 0 0 0 0 0 0 0 0 0 0 0 0 0 0 0 0 0 0 0 0 0 0 0 0 0 0 0 0 0 0 0 0 0 0 0 0 0 0 0 0 0 0 0 0 0 0 0 0 0 0 0 0 0 0 0 0 0 0 0 0 0 0 0 0 0 0 0 0 0 0 0 0 0 0 0 0 0 0 0 0 0 0 0 0 0 0 0 0 0 0 0 0 0 0 0 0 0 0 0 0 0 0 0 0 0 0 0 0 0 0 0 0 0 0 0 0 0 0 0 0 0 0 0 0 0 0 0 0 0 0 0 0 0 0 0 0 0 0 0 0 0 0 0 0 0 0 0 0 0 0 0 0 0 0 0 0 0 0 0 0 0 0 0 0 0 0 0 0 0 0 0 0 0 0 0 0 0 0 0 0 0 0 0 0 0 0 0 0 0 0 0 0 0 0 0 0 0 0 0 0 0 0 0 0 0 0 0 0 0 0 0 0 0 0 0 0 0 0 0 0 0 0 0 0 0 0 0 0 0 0 0 0 0 0 0 0 0 0 0 0 0 0 0 0 0 0 0 0 0 0 0 0 0 0 0 0 0 0 0 0 0 0 0 0 0 0 0 0 0 0 0 0 0 0 0 0 0 0 0 0 0 0 0 0 0 0 0 0 0 0 0 0 0 0 0 0 0 0 0 0 0 0 0 0 0 0 0 0 0 0 0 0 0 0 0 0 0 0 0 0 0 0 0 0 0 0 0 0 0 0 0 0 0 0 0 0 0 0 0 0 0 0 0 0 0 0 0 0 0 0 0 0 0 0 0 0 0 0 0 0 0 0 0 0 0 0 0 0 0 0 0 0 0 0 0 0 0 0 0 0 0 0 0 0 0 0 0 0 0 0 0 0 0 0 0 0 0 0 0 0 0 0 0 0 0 0 0 0 0 0 0 0 0 0 0 0 0 0 0 0 0 0 0 0 0 0 0 0 0 0 0 0 0 0 0 0 0 0 0 0 0 0 0 0 0 0 0 0 0 0 0 0 0 0 0 0 0 0 0 0 0 0 0 0 0 0 0 0 0 0 0 0 0 0 0 0 0 0 0 0 0 0 0 0 0 0 0 0 0 0 0 0 0 0 0 0 0 0 0 0 0 0 0 0 0 0 0 0 0 0 0 0 0 0 0 0 0 0 0 0 0 0 0 0 0 0 0 0 0 0 0 0 0 0 0 0 0 0 0 0 0 0 0 0 0 0 0 0 0 0 0 0 0 0 0 0 0 0 0 0 0 0 0 0 0 0 0 0 0 0 0 0 0 0 0 0 0 0 0 0 0 0 0 0 0 0 0 0 0 0 0 0 0 0 0 0 0 0 0 0 0 0 0 0 0 0 0 0 0 0 0 0 0 0 0 0 0 0 0 0 0 0 0 0 0 0 0 0 0 0 0 0 0 0 0 0 0 0 0 0 0 0 0 0 0 0 0 0 0 0 0 0 0 0 0 0 0 0 0 0 0 0 0 0 0 0 0 0 0 0 0 0 0 0 0 0 0 0 0 0 0 0 0 0 0 0 0 0 0 0 0 0 0 0 0 0 0 0 0 0 0 0 0 0 0 0 0 0 0 0 0 0 0 0 0 0 0 0 0 0 0 0 0 0 0 0 0 0 0 0 0 0 0 0 0 0 0 0 0 0 0 0 0 0 0 0 0 0 0 0 0 0 0 0 0 0 0 0 0 0 0 0 0 0 0 0 0 0 0 0 0 0 0 0 0 0 0 0 0 0 0 0 0 0 0 0 0 0 0 0 0 0 0 0 0 0 0 0 0 0 0 0 0 0 0 0 0 0 0 0 0 0 0 0 0 0 0 0 0 0 0 0 0 0 0 0 0 0 0 0 0 0 0 0 0 0 0 0 0 0 0 0 0 0 0 0 0 0 0 0 0 0 0 0 0 0 0 0 0 0 0 0 0 0 0 0 0 0 0 0 0 0 0 0 0 0 0 0 0 0 0 0 0 0 0 0 0 0 0 0 0 0 0 0 0 0 0 0 0 0 0 0 0 0 0 0 0 0 0 0 0 0 0 0 0 0 0 0 0 0 0 0 0 0 0 0 0 0 0 0 0 0 0 0 0 0 0 0 0 0 0 0 0 0 0 0 0 0 0 0 0 0 0 0 0 0 0 0 0 0 0 0 0 0 0 0 0 0 0 0 0 0 0 0 0 0 0 0 0 0 0 0 0 0 0 0 0 0 0 0 0 0 0 0 0 0 0 0 0 0 0 0 0 0 0 0 0 0 0 0 0 0 0 0 0 0 0 0 0 0 0 0 0 0 0 0 0 0 0 0 0 0 0 0 0 0 0 0 0 0 0 0 0 0 0 0 0 0 0 0 0 0 0 0 0 0 0 0 0 0 0 0 0 0 0 0 0 0 0 0 0 0 0 0 0 0 0 0 0 0 0 0 0 0 0 0 0 0 0 0 0 0 0 0 0 0 0 0 0 0 0 0 0 0 0 0 0 0 0 0 0 0 0 0 0 0 0 0 0 0 0 0 0 0 0 0 0 0 0 0 0 0 0 0 0 0 0 0 0 0 0 0 0 0 0 0 0 0 0 0 0 0 0 0 0 0 0 0 0 0 0 0 0 0 0 0 0 0 0 0 0 0 0 0 0 0 0 0 0 0 0 0 0 0 0 0 0 0 0 0 0 0 0 0 0 0 0 0 0 0 0 0 0 0 0 0 0 0 0 0 0 0 0 0 0 0 0 0 0 0 0 0 0 0 0 0 0 0 0 0 0 0 0 0 0 0 0 0 0 0 0 0 0 0 0 0 0 0 0 0 0 0 0 0 0 0 0 0 0 0 0 0 0 0 0 0 0 0 0 0 0 0 0 0 0 0 0 0 0 0 0 0 0 0 0 0 0 0 0 0 0 0 0 0 0 0 0 0 0 0 0 0 0 0 0 0 0 0 0 0 0 0 0 0 0 0 0 0 0 0 0 0 0 0 0 0 0 0 0 0 0 0 0 0 0 0 0 0 0 0 0 0 0 0 0 0 0 0 0 0 0 0 0 0 0 0 0 0 0 0 0 0 0 0 0 0 0 0 0 0 0 0 0 0 0 0 0 0 0 0 0 0 0 0 0 0 0 0 0 0 0 0 0 0 0 0 0 0 0 0 0 0 0 0 0 0 0 0 0 0 0 0 0 0 0 0 0 0 0 0 0 0 0 0 0 0 0 0 0 0 0 0 0 0 0 0 0 0 0 0 0 0 0 0 0 0 0 0 0 0 0 0 0 0 0 0 0 0 0 0 0 0 0 0 0 0 0 0 0 0 0 0 0 0 0 0 0 0 0 0 0 0 0 0 0 0 0 0 0 0 0 0 0 0 0 0 0 0 0 0 0 0 0 0 0 0 0 0 0 0 0 0 0 0 0 0 0 0 0 0 0 0 0 0 0 0 0 0 0 0 0 0 0 0 0 0 0 0 0 0 0 0 0 0 0 0 0 0 0 0 0 0 0 0 0 0 0 0 0 0 0 0 0 0 0 0 0 0 0 0 0 0 0 0 0 0 0 0 0 0 0 0 0 0 0 0 0 0 0 0 0 0 0 0 0 0 0 0 0 0 0 0 0 0 0 0 0 0 0 0 0 0 0 0 0 0 0 0 0 0 0 0 0 0 0 0 0 0 0 0 0 0 0 0 0 0 0 0 0 0 0 0 0 0 0 0 0 0 0 0 0 0 0 0 0 0 0 0 0 0 0 0 0 0 0 0 0 0 0 0 0 0 0 0 0 0 0 0 0 0 0 0 0 0 0 0 0 0 0 0 0 0 0 0 0 0 0 0 0 0 0 0 0 0 0 0 0 0 0 0 0 0 0 0 0 0 0 0 0 0 0 0 0 0 0 0 0 0 0 0 0 0 0 0 0 0 0 0 0 0 0 0 0 0 0 0 0 0 0 0 0 0 0 0 0 0 0 0 0 0 0 0 0 0 0 0 0 0 0 0 0 0 0 0 0 0 0 0 0 0 0 0 0 0 0 0 0 0 0 0 0 0 0 0 0 0 0 0 0 0 0 0 0 0 0 0 0 0 0 0 0 0 0 0 0 0 0 0 0 0 0 0 0 0 0 0 0 0 0 0 0 0 0 0 0 0 0 0 0 0 0 0 0 0 0 0 0 0 0 0 0 0 0 0 0 0 0 0 0 0 0 0 0 0 0 0 0 0 0 0 0 0 0 0 0 0 0 0 0 0 0 0 0 0 0 0 0 0 0 0 0 0 0 0 0 0 0 0 0 0 0 0 0 0 0 0 0 0 0 0 0 0 0 0 0 0 0 0 0 0 0 0 0 0 0 0 0 0 0 0 0 0 0 0 0 0 0 0 0 0 0 0 0 0 0 0 0 0 0 0 0 0 0 0 0 0 0 0 0 0 0 0 0 0 0 0 0 0 0 0 0 0 0 0 0 0 0 0 0 0 0 0 0 0 0 0 0 0 0 0 0 0 0 0 0 0 0 0 0 0 0 0 0 0 0 0 0 0 0 0 0 0 0 0 0 0 0 0 0 0 0 0 0 0 0 0 0 0 0 0 0 0 0 0 0 0 0 0 0 0 0 0 0 0 0 0 0 0 0 0 0 0 0 0 0 0 0 0 0 0 0 0 0 0 0 0 0 0 0 0 0 0 0 0 0 0 0 0 0 0 0 0 0 0 0 0 0 0 0 0 0 0 0 0 0 0 0 0 0 0 0 0 0 0 0 0 0 0 0 0 0 0 0 0 0 0 0 0 0 0 0 0 0 0 0 0 0 0 0 0 0 0 0 0 0 0 0 0 0 0 0 0 0 0 0 0 0 0 0 0 0 0 0 0 0 0 0 0 0 0 0 0 0 0 0 0 0 0 0 0 0 0 0 0 0 0 0 0 0 0 0 0 0 0 0 0 0 0 0 0 0 0 0 0 0 0 0 0 0 0 0 0 0 0 0 0 0 0 0 0 0 0 0 0 0 0 0 0 0 0 0 0 0 0 0 0 0 0 0 0 0 0 0 0 0 0 0 0 0 0 0 0 0 0 0 0 0 0 0 0 0 0 0 0 0 0 0 0 0 0 0 0 0 0 0 0 0 0 0 0 0 0 0 0 0 0 0 0 0 0 0 0 0 0 0 0 0 0 0 0 0 0 0 0 0 0 0 0 0 0 0 0 0 0 0 0 0 0 0 0 0 0 0 0 0 0 0 0 0 0 0 0 0 0 0 0 0 0 0 0 0 0 0 0 0 0 0 0 0 0 0 0 0 0 0 0 0 0 0 0 0 0 0 0 0 0 0 0 0 0 0 0 0 0 0 0 0 0 0 0 0 0 0 0 0 0 0 0 0 0 0 0 0 0 0 0 0 0 0 0 0 0 0 0 0 0 0 0 0 0 0 0 0 0 0 0 0 0 0 0 0 0 0 0 0 0 0 0 0 0 0 0 0 0 0 0 0 0 0 0 0 0 0 0 0 0 0 0 0 0 0 0 0 0 0 0 0 0 0 0 0 0 0 0 0 0 0 0 0 0 0 0 0 0 0 0 0 0 0 0 0 0 0 0 0 0 0 0 0 0 0 0 0 0 0 0 0 0 0 0 0 0 0 0 0 0 0 0 0 0 0 0 0 0 0 0 0 0 0 0 0 0 0 0 0 0 0 0 0 0 0 0 0 0 0 0 0 0 0 0 0 0 0 0 0 0 0 0 0 0 0 0 0 0 0 0 0 0 0 0 0 0 0 0 0 0 0 0 0 0 0 0 0 0 0 0 0 0 0 0 0 0 0 0 0 0 0 0 0 0 0 0 0 0 0 0 0 0 0 0 0 0 0 0 0 0 0 0 0 0 0 0 0 0 0 0 0 0 0 0 0 0 0 0 0 0 0 0 0 0 0 0 0 0 0 0 0 0 0 0 0 0 0 0 0 0 0 0 0 0 0 0 0 0 0 0 0 0 0 0 0 0 0 0 0 0 0 0 0 0 0 0 0 0 0 0 0 0 0 0 0 0 0 0 0 0 0 0 0 0 0 0 0 0 0 0 0 0 0 0 0 0 0 0 0 0 0 0 0 0 0 0 0 0 0 0 0 0 0 0 0 0 0 0 0 0 0 0 0 0 0 0 0 0 0 0 0 0 0 0 0 0 0 0 0 0 0 0 0 0 0 0 0 0 0 0 0 0 0 0 0 0 0 0 0 0 0 0 0 0 0 0 0 0 0 0 0 0 0 0 0 0 0 0 0 0 0 0 0 0 0 0 0 0 0 0 0 0 0 0 0 0 0 0 0 0 0 0 0 0 0 0 0 0 0 0 0 0 0 0 0
ctxt 5248314
btime 1613122782
processes 106637
procs_running 1
procs_blocked 0
softirq 95460801 1 58111306 1304 937908 0 0 229 3107478 0 33302575
