cpu  8938838 5 21198 5062247 385 0 1929 0 0 0
cpu0 139358 0 738 78792 0 0 156 0 0 0
cpu1 139439 0 470 79195 12 0 22 0 0 0
cpu2 139250 0 673 79227 0 0 2 0 0 0
cpu3 139898 0 201 79035 2 0 10 0 0 0
cpu4 139074 0 766 79205 0 0 98 0 0 0
cpu5 140124 0 134 78862 21 0 4 0 0 0
cpu6 139705 0 326 79052 0 0 9 0 0 0
cpu7 139816 0 192 79126 8 0 4 0 0 0
cpu8 139463 0 421 79221 0 0 39 0 0 0
cpu9 139950 0 116 79018 65 0 2 0 0 0
cpu10 138490 0 1256 79153 0 0 241 0 0 0
cpu11 139700 0 251 79186 3 0 3 0 0 0
cpu12 139379 0 597 79154 0 0 12 0 0 0
cpu13 139788 0 169 79170 3 0 8 0 0 0
cpu14 138874 0 991 79205 3 0 73 0 0 0
cpu15 140049 0 102 78995 1 0 0 0 0 0
cpu16 138978 0 961 79193 5 0 5 0 0 0
cpu17 139917 0 110 79073 27 0 0 0 0 0
cpu18 139246 0 636 79222 0 0 44 0 0 0
cpu19 139889 0 162 79069 4 0 8 0 0 0
cpu20 139132 0 668 79227 1 0 119 0 0 0
cpu21 139580 0 454 79005 2 0 82 0 0 0
cpu22 139627 0 273 79199 0 0 42 0 0 0
cpu23 140087 0 188 78821 28 0 4 0 0 0
cpu24 139854 0 94 79136 24 0 1 0 0 0
cpu25 139925 0 102 79098 10 0 1 0 0 0
cpu26 139395 0 556 79189 0 0 1 0 0 0
cpu27 140208 0 304 78608 9 0 4 0 0 0
cpu28 139800 0 114 79189 0 0 26 0 0 0
cpu29 139737 0 242 79154 2 0 5 0 0 0
cpu30 139751 0 188 79192 0 0 0 0 0 0
cpu31 139812 0 151 79158 1 0 7 0 0 0
cpu32 139302 0 602 79211 0 0 16 0 0 0
cpu33 140238 0 351 78530 4 0 11 0 0 0
cpu34 139446 0 486 79209 0 0 0 0 0 0
cpu35 139986 0 127 79011 1 0 3 0 0 0
cpu36 139679 0 224 79211 0 0 25 0 0 0
cpu37 139862 0 95 79177 1 0 0 0 0 0
cpu38 139716 0 212 79207 0 0 2 0 0 0
cpu39 139992 0 154 78983 1 0 2 0 0 0
cpu40 139802 0 122 79207 0 0 5 0 0 0
cpu41 139796 0 214 79038 40 0 42 0 0 0
cpu42 136957 0 2330 79217 0 0 631 0 0 0
cpu43 139767 0 165 79205 0 0 0 0 0 0
cpu44 139786 0 151 79198 0 0 3 0 0 0
cpu45 139974 0 199 78926 12 0 21 0 0 0
cpu46 139660 0 288 79162 0 0 17 0 0 0
cpu47 139971 0 95 79068 2 0 0 0 0 0
cpu48 139529 0 398 79198 0 0 0 0 0 0
cpu49 139917 0 93 79112 0 0 0 0 0 0
cpu50 139730 0 189 79205 0 0 10 0 0 0
cpu51 139929 0 116 79081 2 0 0 0 0 0
cpu52 139661 0 235 79209 0 0 26 0 0 0
cpu53 140064 0 155 78904 0 0 2 0 0 0
cpu54 139801 0 105 79207 0 0 17 0 0 0
cpu55 139847 1 301 78941 6 0 30 0 0 0
cpu56 139650 0 276 79203 0 0 0 0 0 0
cpu57 140062 2 113 78935 7 0 0 0 0 0
cpu58 139853 0 68 79206 0 0 1 0 0 0
cpu59 139828 0 167 79124 4 0 4 0 0 0
cpu60 139868 0 57 79203 0 0 1 0 0 0
cpu61 140150 0 213 78713 46 0 2 0 0 0
cpu62 139849 0 84 79196 0 0 0 0 0 0
cpu63 139843 0 180 79093 4 0 3 0 0 0
intr 25400020 82 0 0 0 630 0 0 0 1 0 285 0 0 0 0 0 0 0 0 0 0 0 0 0 0 0 0 0 0 0 0 0 0 0 0 0 0 0 105 11763 301 2708 0 2995 5 1517 0 483 50 625 0 2502 0 29 1 30 2 209 0 1096 0 1720 143 3523 105 2742 13454 300 8 324 8 930 40 466 8 1 0 365 2 16246 49 146 42 14529 0 11 0 53 2 116 0 558 0 309 2 202 2 2104 18 236 1 2 0 0 0 0 0 0 0 0 0 0 0 0 0 0 0 0 0 93 30314 0 0 0 0 0 0 0 0 0 0 0 0 0 0 0 0 0 0 0 0 0 0 0 0 0 0 0 0 0 0 0 0 0 0 0 0 0 0 0 0 0 0 0 0 0 0 0 0 0 0 0 0 0 0 0 0 0 0 0 0 0 0 0 0 0 0 0 0 0 0 0 0 0 0 0 17 0 0 0 0 0 0 0 0 0 0 0 0 0 0 0 0 0 0 0 0 0 0 0 0 0 0 0 0 0 0 0 0 0 0 0 0 0 0 0 0 0 0 0 0 0 0 0 0 0 0 0 0 0 0 0 0 0 0 0 0 0 0 0 0 0 0 0 0 0 0 0 0 0 0 0 0 0 0 0 0 0 0 0 0 0 0 0 0 0 0 0 0 0 0 0 0 0 0 0 0 0 0 0 0 0 0 0 0 0 0 0 0 0 0 0 0 0 0 0 0 0 0 0 0 0 0 0 0 0 0 0 0 0 0 0 0 0 0 0 0 0 0 0 0 0 0 0 0 0 0 0 0 0 0 0 0 0 0 0 0 0 0 0 0 0 0 0 0 0 0 0 0 0 0 0 0 0 0 0 0 0 0 0 0 0 0 0 0 0 0 0 0 0 0 0 0 0 0 0 0 0 0 0 0 0 0 0 0 0 0 0 0 0 0 0 0 0 0 0 0 0 0 0 0 0 0 0 0 0 0 0 0 0 0 0 0 0 0 0 0 0 0 0 0 0 0 0 0 0 0 0 0 0 0 0 0 0 0 0 0 0 0 0 0 0 0 0 0 0 0 0 0 0 0 0 0 0 0 0 0 0 0 0 0 0 0 0 0 0 0 0 0 0 0 0 0 0 0 0 0 0 0 0 0 0 0 0 0 0 0 0 0 0 0 0 0 0 0 0 0 0 0 0 0 0 0 0 0 0 0 0 0 0 0 0 0 0 0 0 0 0 0 0 0 0 0 0 0 0 0 0 0 0 0 0 0 0 0 0 0 0 0 0 0 0 0 0 0 0 0 0 0 0 0 0 0 0 0 0 0 0 0 0 0 0 0 0 0 0 0 0 0 0 0 0 0 0 0 0 0 0 0 0 0 0 0 0 0 0 0 0 0 0 0 0 0 0 0 0 0 0 0 0 0 0 0 0 0 0 0 0 0 0 0 0 0 0 0 0 0 0 0 0 0 0 0 0 0 0 0 0 0 0 0 0 0 0 0 0 0 0 0 0 0 0 0 0 0 0 0 0 0 0 0 0 0 0 0 0 0 0 0 0 0 0 0 0 0 0 0 0 0 0 0 0 0 0 0 0 0 0 0 0 0 0 0 0 0 0 0 0 0 0 0 0 0 0 0 0 0 0 0 0 0 0 0 0 0 0 0 0 0 0 0 0 0 0 0 0 0 0 0 0 0 0 0 0 0 0 0 0 0 0 0 0 0 0 0 0 0 0 0 0 0 0 0 0 0 0 0 0 0 0 0 0 0 0 0 0 0 0 0 0 0 0 0 0 0 0 0 0 0 0 0 0 0 0 0 0 0 0 0 0 0 0 0 0 0 0 0 0 0 0 0 0 0 0 0 0 0 0 0 0 0 0 0 0 0 0 0 0 0 0 0 0 0 0 0 0 0 0 0 0 0 0 0 0 0 0 0 0 0 0 0 0 0 0 0 0 0 0 0 0 0 0 0 0 0 0 0 0 0 0 0 0 0 0 0 0 0 0 0 0 0 0 0 0 0 0 0 0 0 0 0 0 0 0 0 0 0 0 0 0 0 0 0 0 0 0 0 0 0 0 0 0 0 0 0 0 0 0 0 0 0 0 0 0 0 0 0 0 0 0 0 0 0 0 0 0 0 0 0 0 0 0 0 0 0 0 0 0 0 0 0 0 0 0 0 0 0 0 0 0 0 0 0 0 0 0 0 0 0 0 0 0 0 0 0 0 0 0 0 0 0 0 0 0 0 0 0 0 0 0 0 0 0 0 0 0 0 0 0 0 0 0 0 0 0 0 0 0 0 0 0 0 0 0 0 0 0 0 0 0 0 0 0 0 0 0 0 0 0 0 0 0 0 0 0 0 0 0 0 0 0 0 0 0 0 0 0 0 0 0 0 0 0 0 0 0 0 0 0 0 0 0 0 0 0 0 0 0 0 0 0 0 0 0 0 0 0 0 0 0 0 0 0 0 0 0 0 0 0 0 0 0 0 0 0 0 0 0 0 0 0 0 0 0 0 0 0 0 0 0 0 0 0 0 0 0 0 0 0 0 0 0 0 0 0 0 0 0 0 0 0 0 0 0 0 0 0 0 0 0 0 0 0 0 0 0 0 0 0 0 0 0 0 0 0 0 0 0 0 0 0 0 0 0 0 0 0 0 0 0 0 0 0 0 0 0 0 0 0 0 0 0 0 0 0 0 0 0 0 0 0 0 0 0 0 0 0 0 0 0 0 0 0 0 0 0 0 0 0 0 0 0 0 0 0 0 0 0 0 0 0 0 0 0 0 0 0 0 0 0 0 0 0 0 0 0 0 0 0 0 0 0 0 0 0 0 0 0 0 0 0 0 0 0 0 0 0 0 0 0 0 0 0 0 0 0 0 0 0 0 0 0 0 0 0 0 0 0 0 0 0 0 0 0 0 0 0 0 0 0 0 0 0 0 0 0 0 0 0 0 0 0 0 0 0 0 0 0 0 0 0 0 0 0 0 0 0 0 0 0 0 0 0 0 0 0 0 0 0 0 0 0 0 0 0 0 0 0 0 0 0 0 0 0 0 0 0 0 0 0 0 0 0 0 0 0 0 0 0 0 0 0 0 0 0 0 0 0 0 0 0 0 0 0 0 0 0 0 0 0 0 0 0 0 0 0 0 0 0 0 0 0 0 0 0 0 0 0 0 0 0 0 0 0 0 0 0 0 0 0 0 0 0 0 0 0 0 0 0 0 0 0 0 0 0 0 0 0 0 0 0 0 0 0 0 0 0 0 0 0 0 0 0 0 0 0 0 0 0 0 0 0 0 0 0 0 0 0 0 0 0 0 0 0 0 0 0 0 0 0 0 0 0 0 0 0 0 0 0 0 0 0 0 0 0 0 0 0 0 0 0 0 0 0 0 0 0 0 0 0 0 0 0 0 0 0 0 0 0 0 0 0 0 0 0 0 0 0 0 0 0 0 0 0 0 0 0 0 0 0 0 0 0 0 0 0 0 0 0 0 0 0 0 0 0 0 0 0 0 0 0 0 0 0 0 0 0 0 0 0 0 0 0 0 0 0 0 0 0 0 0 0 0 0 0 0 0 0 0 0 0 0 0 0 0 0 0 0 0 0 0 0 0 0 0 0 0 0 0 0 0 0 0 0 0 0 0 0 0 0 0 0 0 0 0 0 0 0 0 0 0 0 0 0 0 0 0 0 0 0 0 0 0 0 0 0 0 0 0 0 0 0 0 0 0 0 0 0 0 0 0 0 0 0 0 0 0 0 0 0 0 0 0 0 0 0 0 0 0 0 0 0 0 0 0 0 0 0 0 0 0 0 0 0 0 0 0 0 0 0 0 0 0 0 0 0 0 0 0 0 0 0 0 0 0 0 0 0 0 0 0 0 0 0 0 0 0 0 0 0 0 0 0 0 0 0 0 0 0 0 0 0 0 0 0 0 0 0 0 0 0 0 0 0 0 0 0 0 0 0 0 0 0 0 0 0 0 0 0 0 0 0 0 0 0 0 0 0 0 0 0 0 0 0 0 0 0 0 0 0 0 0 0 0 0 0 0 0 0 0 0 0 0 0 0 0 0 0 0 0 0 0 0 0 0 0 0 0 0 0 0 0 0 0 0 0 0 0 0 0 0 0 0 0 0 0 0 0 0 0 0 0 0 0 0 0 0 0 0 0 0 0 0 0 0 0 0 0 0 0 0 0 0 0 0 0 0 0 0 0 0 0 0 0 0 0 0 0 0 0 0 0 0 0 0 0 0 0 0 0 0 0 0 0 0 0 0 0 0 0 0 0 0 0 0 0 0 0 0 0 0 0 0 0 0 0 0 0 0 0 0 0 0 0 0 0 0 0 0 0 0 0 0 0 0 0 0 0 0 0 0 0 0 0 0 0 0 0 0 0 0 0 0 0 0 0 0 0 0 0 0 0 0 0 0 0 0 0 0 0 0 0 0 0 0 0 0 0 0 0 0 0 0 0 0 0 0 0 0 0 0 0 0 0 0 0 0 0 0 0 0 0 0 0 0 0 0 0 0 0 0 0 0 0 0 0 0 0 0 0 0 0 0 0 0 0 0 0 0 0 0 0 0 0 0 0 0 0 0 0 0 0 0 0 0 0 0 0 0 0 0 0 0 0 0 0 0 0 0 0 0 0 0 0 0 0 0 0 0 0 0 0 0 0 0 0 0 0 0 0 0 0 0 0 0 0 0 0 0 0 0 0 0 0 0 0 0 0 0 0 0 0 0 0 0 0 0 0 0 0 0 0 0 0 0 0 0 0 0 0 0 0 0 0 0 0 0 0 0 0 0 0 0 0 0 0 0 0 0 0 0 0 0 0 0 0 0 0 0 0 0 0 0 0 0 0 0 0 0 0 0 0 0 0 0 0 0 0 0 0 0 0 0 0 0 0 0 0 0 0 0 0 0 0 0 0 0 0 0 0 0 0 0 0 0 0 0 0 0 0 0 0 0 0 0 0 0 0 0 0 0 0 0 0 0 0 0 0 0 0 0 0 0 0 0 0 0 0 0 0 0 0 0 0 0 0 0 0 0 0 0 0 0 0 0 0 0 0 0 0 0 0 0 0 0 0 0 0 0 0 0 0 0 0 0 0 0 0 0 0 0 0 0 0 0 0 0 0 0 0 0 0 0 0 0 0 0 0 0 0 0 0 0 0 0 0 0 0 0 0 0 0 0 0 0 0
ctxt 3727322
btime 1613123985
processes 82821
procs_running 1
procs_blocked 0
softirq 30169927 1 17953547 1148 612115 0 0 144 948090 0 10654882
