cpu  34774575 5 43803 11487734 695 0 3261 0 0 0
cpu0 270342 0 2111 88983 0 0 275 0 0 0
cpu1 271293 0 843 89638 7 0 17 0 0 0
cpu2 271064 0 774 89894 0 0 65 0 0 0
cpu3 271248 0 543 89987 1 0 34 0 0 0
cpu4 271213 0 836 89703 0 0 78 0 0 0
cpu5 271453 0 446 89872 0 0 32 0 0 0
cpu6 271194 0 448 90139 0 0 29 0 0 0
cpu7 271588 0 288 89930 0 0 14 0 0 0
cpu8 271234 0 657 89859 0 0 74 0 0 0
cpu9 271448 0 589 89705 0 0 61 0 0 0
cpu10 271313 0 389 90065 0 0 39 0 0 0
cpu11 271594 0 310 89891 0 0 25 0 0 0
cpu12 271311 0 748 89680 0 0 70 0 0 0
cpu13 271930 0 451 89418 1 0 18 0 0 0
cpu14 271606 0 370 89801 0 0 25 0 0 0
cpu15 271608 0 320 89875 0 0 18 0 0 0
cpu16 271491 0 474 89817 0 0 34 0 0 0
cpu17 271512 1 615 89636 0 0 47 0 0 0
cpu18 271780 0 299 89720 0 0 24 0 0 0
cpu19 271590 0 240 89972 0 0 16 0 0 0
cpu20 271330 0 610 89795 0 0 73 0 0 0
cpu21 272548 0 482 88766 0 0 20 0 0 0
cpu22 271734 0 324 89738 0 0 26 0 0 0
cpu23 271398 0 272 89972 0 0 130 0 0 0
cpu24 271546 0 559 89668 0 0 46 0 0 0
cpu25 272094 0 442 89262 0 0 22 0 0 0
cpu26 271828 0 252 89724 0 0 20 0 0 0
cpu27 271534 0 289 89974 0 0 10 0 0 0
cpu28 271698 0 396 89696 0 0 26 0 0 0
cpu29 271600 0 352 89819 0 0 20 0 0 0
cpu30 271760 0 227 89815 0 0 11 0 0 0
cpu31 271340 0 543 89852 0 0 79 0 0 0
cpu32 270336 0 1658 89598 0 0 252 0 0 0
cpu33 271743 0 234 89816 4 0 11 0 0 0
cpu34 271745 0 233 89818 0 0 14 0 0 0
cpu35 271740 0 188 89883 1 0 8 0 0 0
cpu36 271641 0 372 89769 0 0 32 0 0 0
cpu37 272332 0 354 89044 66 0 9 0 0 0
cpu38 271176 0 421 90120 0 0 40 0 0 0
cpu39 271719 0 202 89883 0 0 10 0 0 0
cpu40 271365 0 511 89904 1 0 27 0 0 0
cpu41 271978 0 232 89554 30 0 13 0 0 0
cpu42 271766 0 253 89776 0 0 18 0 0 0
cpu43 271761 0 168 89870 1 0 10 0 0 0
cpu44 271519 0 392 89857 1 0 26 0 0 0
cpu45 271842 0 305 89521 112 0 13 0 0 0
cpu46 271427 0 501 89799 0 0 73 0 0 0
cpu47 271677 0 204 89912 0 0 15 0 0 0
cpu48 271232 0 591 89899 0 0 70 0 0 0
cpu49 271706 0 315 89778 0 0 12 0 0 0
cpu50 271142 0 299 90316 0 0 25 0 0 0
cpu51 271699 0 213 89882 0 0 15 0 0 0
cpu52 271818 0 265 89713 0 0 11 0 0 0
cpu53 271727 0 291 89645 91 0 25 0 0 0
cpu54 271897 0 166 89727 4 0 13 0 0 0
cpu55 271731 0 188 89884 1 0 8 0 0 0
cpu56 271750 0 224 89822 0 0 7 0 0 0
cpu57 271557 0 320 89892 1 0 19 0 0 0
cpu58 271664 0 272 89853 0 0 15 0 0 0
cpu59 271647 0 242 89892 0 0 21 0 0 0
cpu60 271418 0 481 89833 0 0 65 0 0 0
cpu61 271829 0 284 89655 8 0 24 0 0 0
cpu62 271689 0 284 89803 0 0 18 0 0 0
cpu63 271621 0 288 89869 0 0 30 0 0 0
cpu64 271674 0 450 89465 185 0 11 0 0 0
cpu65 271745 0 378 89650 1 0 6 0 0 0
cpu66 271723 0 290 89763 1 0 20 0 0 0
cpu67 271555 0 286 89942 0 0 19 0 0 0
cpu68 271222 0 795 89674 0 0 111 0 0 0
cpu69 271898 0 265 89578 32 0 8 0 0 0
cpu70 271806 0 181 89805 0 0 4 0 0 0
cpu71 271703 0 222 89864 0 0 10 0 0 0
cpu72 271805 0 325 89644 2 0 17 0 0 0
cpu73 271791 0 416 89564 3 0 14 0 0 0
cpu74 271564 0 251 89954 1 0 24 0 0 0
cpu75 271724 0 210 89836 0 0 9 0 0 0
cpu76 271683 0 358 89739 1 0 22 0 0 0
cpu77 271978 0 354 89439 15 0 6 0 0 0
cpu78 271656 0 250 89868 0 0 16 0 0 0
cpu79 271679 0 226 89867 0 0 12 0 0 0
cpu80 271866 0 258 89666 0 0 6 0 0 0
cpu81 271867 0 400 89484 28 0 13 0 0 0
cpu82 271678 0 338 89759 0 0 18 0 0 0
cpu83 271733 0 225 89833 1 0 9 0 0 0
cpu84 271648 0 376 89752 0 0 17 0 0 0
cpu85 271725 0 286 89768 1 0 10 0 0 0
cpu86 271734 0 207 89839 0 0 13 0 0 0
cpu87 271661 0 209 89906 1 0 9 0 0 0
cpu88 271784 0 240 89758 0 0 12 0 0 0
cpu89 273054 2 325 88377 6 0 6 0 0 0
cpu90 271650 0 210 89909 0 0 14 0 0 0
cpu91 271625 0 303 89853 0 0 17 0 0 0
cpu92 271678 0 299 89741 0 0 66 0 0 0
cpu93 272227 0 311 89216 1 0 8 0 0 0
cpu94 271817 0 164 89795 0 0 7 0 0 0
cpu95 271785 0 157 89848 0 0 4 0 0 0
cpu96 271728 0 394 89632 6 0 26 0 0 0
cpu97 272007 0 237 89537 1 0 3 0 0 0
cpu98 271663 0 188 89905 0 0 11 0 0 0
cpu99 271748 0 187 89847 0 0 7 0 0 0
cpu100 271528 0 466 89745 12 0 32 0 0 0
cpu101 271725 0 146 89901 1 0 3 0 0 0
cpu102 271702 0 201 89863 1 0 7 0 0 0
cpu103 271770 0 172 89849 0 0 2 0 0 0
cpu104 271735 0 335 89702 0 0 13 0 0 0
cpu105 271786 0 215 89768 0 0 6 0 0 0
cpu106 271802 0 156 89821 0 0 6 0 0 0
cpu107 271754 0 157 89876 0 0 4 0 0 0
cpu108 271676 0 216 89871 2 0 10 0 0 0
cpu109 272158 0 275 89342 0 0 8 0 0 0
cpu110 271573 0 275 89911 0 0 12 0 0 0
cpu111 271752 0 167 89864 0 0 3 0 0 0
cpu112 271848 0 257 89657 0 0 20 0 0 0
cpu113 271884 0 244 89641 3 0 2 0 0 0
cpu114 271817 0 177 89779 0 0 9 0 0 0
cpu115 271726 0 150 89907 0 0 2 0 0 0
cpu116 272019 0 134 89617 0 0 2 0 0 0
cpu117 271815 0 196 89749 5 0 8 0 0 0
cpu118 271809 0 174 89786 0 0 8 0 0 0
cpu119 271700 0 165 89916 0 0 2 0 0 0
cpu120 271952 0 174 89648 0 0 2 0 0 0
cpu121 271960 0 153 89666 4 0 2 0 0 0
cpu122 271781 0 254 89728 0 0 9 0 0 0
cpu123 271737 0 160 89882 0 0 1 0 0 0
cpu124 271910 0 160 89698 0 0 9 0 0 0
cpu125 271994 0 165 89616 0 0 5 0 0 0
cpu126 271815 0 168 89780 0 0 8 0 0 0
cpu127 271799 0 215 89760 0 0 2 0 0 0
intr 98085029 129 0 0 0 680 0 0 0 1 0 285 0 0 0 0 0 0 0 0 0 0 0 0 0 0 0 0 0 0 0 0 0 0 0 0 260 0 576 423 4504 3702 226 1811 1080 2073 338 5066 881 3954 400 78 5691 2941 514 256 2245 2173 449 343 297 49539 345 911 1659 2767 735 1537 942 2406 270 1 932 3099 644 78 3298 1453 411 472 1246 1326 1020 4175 1111 1598 0 444 1451 2708 282 745 505 1116 453 819 1856 1183 1204 98 841 2991 358 275 1789 5184 226 10 293 2833 409 0 739 1808 414 3 503 2755 182 39 3294 3571 802 14 363 1544 418 75 900 10008 11068 4472 1036 1475 295 0 528 1769 757 185 1352 852 420 277 480 1280 594 2534 409 1508 2 4 760 1902 354 835 787 0 0 0 0 0 0 0 0 0 0 161 3642 3 385 63 107 38 25 106 13 0 236 26 9 1 7 10 405 338 5 149 3 1 55 79 351 3410 192 665 671 435 1113 78 78 0 0 0 0 0 0 0 0 0 0 0 0 0 0 0 0 10003 2164 5029 199 3299 219 142 127 145 31 71 246 130 149 73 95 76 41 31 27 19 21 12 42 21 11 74 133 6 2 39 9 13 7 13 21 56 33 0 356 108 74 59 78 135 73 39 6 3 0 55 0 28 32 15 3 5 3 9 18 2 0 9 0 0 0 0 0 0 0 0 0 0 0 0 0 0 0 0 0 0 0 0 0 0 0 0 0 0 0 0 0 0 0 0 0 0 0 0 0 0 0 0 0 0 0 0 0 0 0 0 0 0 0 0 0 0 0 0 0 0 0 0 0 0 0 0 0 0 0 0 0 0 0 0 0 0 0 0 0 0 0 0 0 0 0 0 0 0 0 0 0 0 0 0 0 0 0 0 0 0 0 0 0 0 0 0 0 0 0 0 0 0 0 0 0 0 0 0 0 0 0 0 0 0 0 0 0 0 0 0 0 0 0 0 0 0 0 0 0 0 0 0 0 0 0 0 0 0 0 0 0 0 0 0 0 0 0 0 0 0 0 0 0 0 0 0 0 0 0 0 0 0 0 0 0 0 0 0 0 0 0 0 0 0 0 0 0 0 0 0 0 0 0 0 0 0 0 0 0 0 0 0 0 0 0 0 0 0 0 0 0 0 0 0 0 0 0 0 0 0 0 0 0 0 0 0 0 0 0 0 0 0 0 0 0 0 0 0 0 0 0 0 0 0 0 0 0 0 0 0 0 0 0 0 0 0 0 0 0 0 0 0 0 0 0 0 0 0 0 0 0 0 0 0 0 0 0 0 0 0 0 0 0 0 0 0 0 0 0 0 0 0 0 0 0 0 0 0 0 0 0 0 0 0 0 0 0 0 0 0 0 0 0 0 0 0 0 0 0 0 0 0 0 0 0 0 0 0 0 0 0 0 0 0 0 0 0 0 0 0 0 0 0 0 0 0 0 0 0 0 0 0 0 0 0 0 0 0 0 0 0 0 0 0 0 0 0 0 0 0 0 0 0 0 0 0 0 0 0 0 0 0 0 0 0 0 0 0 0 0 0 0 0 0 0 0 0 0 0 0 0 0 0 0 0 0 0 0 0 0 0 0 0 0 0 0 0 0 0 0 0 0 0 0 0 0 0 49 0 0 0 3 0 0 0 0 0 0 0 0 0 0 0 0 0 0 0 0 0 0 0 0 0 49 0 0 0 0 0 0 0 0 0 0 0 0 0 0 0 0 0 0 0 0 0 0 0 0 0 0 0 0 0 0 0 0 0 0 0 0 0 0 0 0 0 0 0 0 0 0 0 0 0 0 0 0 0 0 0 0 0 0 0 0 0 0 0 0 0 22 0 0 0 0 0 0 0 0 0 0 0 0 0 0 0 0 0 0 0 0 0 0 0 0 0 0 0 0 0 0 0 0 0 0 0 0 0 0 0 0 0 0 0 0 0 0 0 0 0 0 0 0 0 0 0 0 0 0 0 0 0 0 0 0 0 0 0 0 0 0 0 0 0 0 0 0 0 0 0 0 0 0 0 0 0 0 0 0 0 0 0 0 0 0 0 0 0 0 0 0 0 0 0 0 0 0 0 0 0 0 0 0 0 0 0 0 0 0 0 0 0 0 0 0 0 0 0 0 0 0 0 0 0 0 0 0 0 0 0 0 0 0 0 0 0 0 0 0 0 0 0 0 0 0 0 0 0 0 0 0 0 0 0 0 0 0 0 0 0 0 0 0 0 0 0 0 0 0 0 0 0 0 0 0 0 0 0 0 0 0 0 0 0 0 0 0 0 0 0 0 0 0 0 0 0 0 0 0 0 0 0 0 0 0 0 0 0 0 0 0 0 0 0 0 0 0 0 0 0 0 0 0 0 0 0 0 0 0 0 0 0 0 0 0 0 0 0 0 0 0 0 0 0 0 0 0 0 0 0 0 0 0 0 0 0 0 0 0 0 0 0 0 0 0 0 0 0 0 0 0 0 0 0 0 0 0 0 0 0 0 0 0 0 0 0 0 0 0 0 0 0 0 0 0 0 0 0 0 0 0 0 0 0 0 0 0 0 0 0 0 0 0 0 0 0 0 0 0 0 0 0 0 0 0 0 0 0 0 0 0 0 0 0 0 0 0 0 0 0 0 0 0 0 0 0 0 0 0 0 0 0 0 0 0 0 0 0 0 0 0 0 0 0 0 0 0 0 0 0 0 0 0 0 0 0 0 0 0 0 0 0 0 0 0 0 0 0 0 0 0 0 0 0 0 0 0 0 0 0 0 0 0 0 0 0 0 0 0 0 0 0 0 0 0 0 0 0 0 0 0 0 0 0 0 0 0 0 0 0 0 0 0 0 0 0 0 0 0 0 0 0 0 0 0 0 0 0 0 0 0 0 0 0 0 0 0 0 0 0 0 0 0 0 0 0 0 0 0 0 0 0 0 0 0 0 0 0 0 0 0 0 0 0 0 0 0 0 0 0 0 0 0 0 0 0 0 0 0 0 0 0 0 0 0 0 0 0 0 0 0 0 0 0 0 0 0 0 0 0 0 0 0 0 0 0 0 0 0 0 0 0 0 0 0 0 0 0 0 0 0 0 0 0 0 0 0 0 0 0 0 0 0 0 0 0 0 0 0 0 0 0 0 0 0 0 0 0 0 0 0 0 0 0 0 0 0 0 0 0 0 0 0 0 0 0 0 0 0 0 0 0 0 0 0 0 0 0 0 0 0 0 0 0 0 0 0 0 0 0 0 0 0 0 0 0 0 0 0 0 0 0 0 0 0 0 0 0 0 0 0 0 0 0 0 0 0 0 0 0 0 0 0 0 0 0 0 0 0 0 0 0 0 0 0 0 0 0 0 0 0 0 0 0 0 0 0 0 0 0 0 0 0 0 0 0 0 0 0 0 0 0 0 0 0 0 0 0 0 0 0 0 0 0 0 0 0 0 0 0 0 0 0 0 0 0 0 0 0 0 0 0 0 0 0 0 0 0 0 0 0 0 0 0 0 0 0 0 0 0 0 0 0 0 0 0 0 0 0 0 0 0 0 0 0 0 0 0 0 0 0 0 0 0 0 0 0 0 0 0 0 0 0 0 0 0 0 0 0 0 0 0 0 0 0 0 0 0 0 0 0 0 0 0 0 0 0 0 0 0 0 0 0 0 0 0 0 0 0 0 0 0 0 0 0 0 0 0 0 0 0 0 0 0 0 0 0 0 0 0 0 0 0 0 0 0 0 0 0 0 0 0 0 0 0 0 0 0 0 0 0 0 0 0 0 0 0 0 0 0 0 0 0 0 0 0 0 0 0 0 0 0 0 0 0 0 0 0 0 0 0 0 0 0 0 0 0 0 0 0 0 0 0 0 0 0 0 0 0 0 0 0 0 0 0 0 0 0 0 0 0 0 0 0 0 0 0 0 0 0 0 0 0 0 0 0 0 0 0 0 0 0 0 0 0 0 0 0 0 0 0 0 0 0 0 0 0 0 0 0 0 0 0 0 0 0 0 0 0 0 0 0 0 0 0 0 0 0 0 0 0 0 0 0 0 0 0 0 0 0 0 0 0 0 0 0 0 0 0 0 0 0 0 0 0 0 0 0 0 0 0 0 0 0 0 0 0 0 0 0 0 0 0 0 0 0 0 0 0 0 0 0 0 0 0 0 0 0 0 0 0 0 0 0 0 0 0 0 0 0 0 0 0 0 0 0 0 0 0 0 0 0 0 0 0 0 0 0 0 0 0 0 0 0 0 0 0 0 0 0 0 0 0 0 0 0 0 0 0 0 0 0 0 0 0 0 0 0 0 0 0 0 0 0 0 0 0 0 0 0 0 0 0 0 0 0 0 0 0 0 0 0 0 0 0 0 0 0 0 0 0 0 0 0 0 0 0 0 0 0 0 0 0 0 0 0 0 0 0 0 0 0 0 0 0 0 0 0 0 0 0 0 0 0 0 0 0 0 0 0 0 0 0 0 0 0 0 0 0 0 0 0 0 0 0 0 0 0 0 0 0 0 0 0 0 0 0 0 0 0 0 0 0 0 0 0 0 0 0 0 0 0 0 0 0 0 0 0 0 0 0 0 0 0 0 0 0 0 0 0 0 0 0 0 0 0 0 0 0 0 0 0 0 0 0 0 0 0 0 0 0 0 0 0 0 0 0 0 0 0 0 0 0 0 0 0 0 0 0 0 0 0 0 0 0 0 0 0 0 0 0 0 0 0 0 0 0 0 0 0 0 0 0 0 0 0 0 0 0 0 0 0 0 0 0 0 0 0 0 0 0 0 0 0 0 0 0 0 0 0 0 0 0 0 0 0 0 0 0 0 0 0 0 0 0 0 0 0 0 0 0 0 0 0 0 0 0 0 0 0 0 0 0 0 0 0 0 0 0 0 0 0 0 0 0 0 0 0 0 0 0 0 0 0 0 0 0 0 0 0 0 0 0 0 0 0 0 0 0 0 0 0 0 0 0 0 0 0 0 0 0 0 0 0 0 0 0 0 0 0 0 0 0 0 0 0 0 0 0 0 0 0 0 0 0 0 0 0 0 0 0 0 0 0 0 0 0 0 0 0 0 0 0 0 0 0 0 0 0 0 0 0 0 0 0 0 0 0 0 0 0 0 0 0 0 0 0 0 0 0 0 0 0 0 0 0 0 0 0 0 0 0 0 0 0 0 0 0 0 0 0 0 0 0 0 0 0 0 0 0 0 0 0 0 0 0 0 0 0 0 0 0 0 0 0 0 0 0 0 0 0 0 0 0 0 0 0 0 0 0 0 0 0 0 0 0 0 0 0 0 0 0 0 0 0 0 0 0 0 0 0 0 0 0 0 0 0 0 0 0 0 0 0 0 0 0 0 0 0 0 0 0 0 0 0 0 0 0 0 0 0 0 0 0 0 0 0 0 0 0 0 0 0 0 0 0 0 0 0 0 0 0 0 0 0 0 0 0 0 0 0 0 0 0 0 0 0 0 0 0 0 0 0 0 0 0 0 0 0 0 0 0 0 0 0 0 0 0 0 0 0 0 0 0 0 0 0 0 0 0 0 0 0 0 0 0 0 0 0 0 0 0 0 0 0 0 0 0 0 0 0 0 0 0 0 0 0 0 0 0 0 0 0 0 0 0 0 0 0 0 0 0 0 0 0 0 0 0 0 0 0 0 0 0 0 0 0 0 0 0 0 0 0 0 0 0 0 0 0 0 0 0 0 0 0 0 0 0 0 0 0 0 0 0 0 0 0 0 0 0 0 0 0 0 0 0 0 0 0 0 0 0 0 0 0 0 0 0 0 0 0 0 0 0 0 0 0 0 0 0 0 0 0 0 0 0 0 0 0 0 0 0 0 0 0 0 0 0 0 0 0 0 0 0 0 0 0 0 0 0 0 0 0 0 0 0 0 0 0 0 0 0 0 0 0 0 0 0 0 0 0 0 0 0 0 0 0 0 0 0 0 0 0 0 0 0 0 0 0 0 0 0 0 0 0 0 0 0 0 0 0 0 0 0 0 0 0 0 0 0 0 0 0 0 0 0 0 0 0 0 0 0 0 0 0 0 0 0 0 0 0 0 0 0 0 0 0 0 0 0 0 0 0 0 0 0 0 0 0 0 0 0 0 0 0 0 0 0 0 0 0 0 0 0 0 0 0 0 0 0 0 0 0 0 0 0 0 0 0 0 0 0 0 0 0 0 0 0 0 0 0 0 0 0 0 0 0 0 0 0 0 0 0 0 0 0 0 0 0 0 0 0 0 0 0 0 0 0 0 0 0 0 0 0 0 0 0 0 0 0 0 0 0 0 0 0 0 0 0 0 0 0 0 0 0 0 0 0 0 0 0 0 0 0 0 0 0 0 0 0 0 0 0 0 0 0 0 0 0 0 0 0 0 0 0 0 0 0 0 0 0 0 0 0 0 0 0 0 0 0 0 0 0 0 0 0 0 0 0 0 0 0 0 0 0 0 0 0 0 0 0 0 0 0 0 0 0 0 0 0 0 0 0 0 0 0 0 0 0 0 0 0 0 0 0 0 0 0 0 0 0 0 0 0 0 0 0 0 0 0 0 0 0 0 0 0 0 0 0 0 0 0 0 0 0 0 0 0 0 0 0 0 0 0 0 0 0 0 0 0 0 0 0 0 0 0 0 0 0 0 0 0 0 0 0 0 0 0 0 0 0 0 0 0 0 0 0 0 0 0 0 0 0 0 0 0 0 0 0 0 0 0 0 0 0 0 0 0 0 0 0 0 0 0 0 0 0 0 0 0 0 0 0 0 0 0 0 0 0 0 0 0 0 0 0 0 0 0 0 0 0 0 0 0 0 0 0 0 0 0 0 0 0 0 0 0 0 0 0 0 0 0 0 0 0 0 0 0 0 0 0 0 0 0 0 0 0 0 0 0 0 0 0 0 0 0 0 0 0 0 0 0 0 0 0 0 0 0 0 0 0 0 0 0 0 0 0 0 0 0 0 0 0 0 0 0 0 0 0 0 0 0 0 0 0 0 0 0 0 0 0 0 0 0 0 0 0 0 0 0 0 0 0 0 0 0 0 0 0 0 0 0 0 0 0 0 0 0 0 0 0 0 0 0 0 0 0 0 0 0 0 0 0 0 0 0 0 0 0 0 0 0 0 0 0 0 0 0 0 0 0 0 0 0 0 0 0 0 0 0 0 0 0 0 0 0 0 0 0 0 0 0 0 0 0 0 0 0 0 0 0 0 0 0 0 0 0 0 0 0 0 0 0 0 0 0 0 0 0 0 0 0 0 0 0 0 0 0 0 0 0 0 0 0 0 0 0 0 0 0 0 0 0 0 0 0 0 0 0 0 0 0 0 0 0 0 0 0 0 0 0 0 0 0 0 0 0 0 0 0 0 0 0 0 0 0 0 0 0 0 0 0 0 0 0 0 0 0 0 0 0 0 0 0 0 0 0 0 0 0 0 0 0 0 0 0 0 0 0 0 0 0 0 0 0 0 0 0 0 0 0 0 0 0 0 0 0 0 0 0 0 0 0 0 0 0 0 0 0 0 0 0 0 0 0 0 0 0 0 0 0 0 0 0 0 0 0 0 0 0 0 0 0 0 0 0 0 0 0 0 0 0 0 0 0 0 0 0 0 0 0 0 0 0 0 0 0 0 0 0 0 0 0 0 0 0 0 0 0 0 0 0 0 0 0 0 0 0 0 0 0 0 0 0 0 0 0 0 0 0 0 0 0 0 0 0 0 0 0 0 0 0 0 0 0 0 0 0 0 0 0 0 0 0 0 0 0 0 0 0 0 0 0 0 0 0 0 0 0 0 0 0 0 0 0 0 0 0 0 0 0 0 0 0 0 0 0 0 0 0 0 0 0 0 0 0 0 0 0 0 0 0 0 0 0 0 0 0 0 0 0 0 0 0 0 0 0 0 0 0 0 0 0 0 0 0 0 0 0 0 0 0 0 0 0 0 0 0 0 0 0 0 0 0 0 0 0 0 0 0 0 0 0 0 0 0 0 0 0 0 0 0 0 0 0 0 0 0 0 0 0 0 0 0 0 0 0 0 0 0 0 0 0 0 0 0 0 0 0 0 0 0 0 0 0 0 0 0 0 0 0 0 0 0 0 0 0 0 0 0 0 0 0 0 0 0 0 0 0 0 0 0 0 0 0 0 0 0 0 0 0 0 0 0 0 0 0 0 0 0 0 0 0 0 0 0 0 0 0 0 0 0 0 0 0 0 0 0 0 0 0 0 0 0 0 0 0 0 0 0 0 0 0 0 0 0 0 0 0 0 0 0 0 0 0 0 0 0 0 0 0 0 0 0 0 0 0 0 0 0 0 0 0 0 0 0 0 0 0 0 0 0 0 0 0 0 0 0 0 0 0 0 0 0 0 0 0 0 0 0 0 0 0 0 0 0 0 0 0 0 0 0 0 0 0 0 0 0 0 0 0 0 0 0 0 0 0 0 0 0 0 0 0 0 0 0 0 0 0 0 0 0 0 0 0 0 0 0 0 0 0 0 0 0 0 0 0 0 0 0 0 0 0 0 0 0 0 0 0 0 0 0 0 0 0 0 0 0 0 0 0 0 0 0 0 0 0 0 0 0 0 0 0 0 0 0 0 0 0 0 0 0 0 0 0 0 0 0 0 0 0 0 0 0 0 0 0 0 0 0 0 0 0 0 0 0 0 0 0 0 0 0 0 0 0 0 0 0 0 0 0 0 0 0 0 0 0 0 0 0 0 0 0 0 0 0 0 0 0 0 0 0 0 0 0 0 0 0 0 0 0 0 0 0 0 0 0 0 0 0 0 0 0 0 0 0 0 0 0 0 0 0 0 0 0 0 0 0 0 0 0 0 0 0 0 0 0 0 0 0 0 0 0 0 0 0 0 0 0 0 0 0 0 0 0 0 0 0 0 0 0 0 0 0 0 0 0 0 0 0 0 0 0 0 0 0 0 0 0 0 0 0 0 0 0 0 0 0 0 0 0 0 0 0 0 0 0 0 0 0 0 0 0 0 0 0 0 0 0 0 0 0 0 0 0 0 0 0 0 0 0 0 0 0 0 0 0 0 0 0 0 0 0 0 0 0 0 0 0 0 0 0 0 0 0 0 0 0 0 0 0 0 0 0 0 0 0 0 0 0 0 0 0 0 0 0 0 0 0 0 0 0 0 0 0 0 0 0 0 0 0 0 0 0 0 0 0 0 0 0 0 0 0 0 0 0 0 0 0 0 0 0 0 0 0 0 0 0 0 0 0 0 0 0 0 0 0 0 0 0 0 0 0 0 0 0 0 0 0 0 0 0 0 0 0 0 0 0 0 0 0 0 0 0 0 0 0 0 0 0 0 0 0 0 0 0 0 0 0 0 0 0 0 0 0 0 0 0 0 0 0 0 0 0 0 0 0 0 0 0 0 0 0 0 0 0 0 0 0 0 0 0 0 0 0 0 0 0 0 0 0 0 0 0 0 0 0 0 0 0 0 0 0 0 0 0 0 0 0 0 0 0 0 0 0 0 0 0 0 0 0 0 0 0 0 0 0 0 0 0 0 0 0 0 0 0 0 0 0 0 0 0 0 0 0 0 0 0 0 0 0 0 0 0 0 0 0 0 0 0 0 0 0 0 0 0 0 0 0 0 0 0 0 0 0 0 0 0 0 0 0 0 0 0 0 0 0 0 0 0 0 0 0 0 0 0 0 0 0 0 0 0 0 0 0 0 0 0 0 0 0 0 0 0 0 0 0 0 0 0 0 0 0 0 0 0 0 0 0 0 0 0 0 0 0 0 0 0 0 0 0 0 0 0 0 0 0 0 0 0 0 0 0 0 0 0 0 0 0 0 0 0 0 0 0 0 0 0 0 0 0 0 0 0 0 0 0 0 0 0 0 0 0 0 0 0 0 0 0 0 0 0 0 0 0 0 0 0 0 0 0 0 0 0 0 0 0 0 0 0 0 0 0 0 0 0 0 0 0 0 0 0 0 0 0 0 0 0 0 0 0 0 0 0 0 0 0 0 0 0 0 0 0 0 0 0 0 0 0 0 0 0 0 0 0 0 0 0 0 0 0 0 0 0
ctxt 5856393
btime 1613122782
processes 121359
procs_running 1
procs_blocked 0
softirq 102123574 1 62052224 1346 1063330 0 0 229 3309254 0 35697190
