cpu  17970296 3 23872 7004361 458 0 2470 0 0 0
cpu0 498676 0 981 194473 1 0 465 0 0 0
cpu1 499178 0 847 194364 22 0 74 0 0 0
cpu2 498915 0 857 194621 17 0 105 0 0 0
cpu3 499091 0 661 194714 5 0 30 0 0 0
cpu4 498883 0 846 194732 3 0 32 0 0 0
cpu5 499179 0 532 194736 2 0 41 0 0 0
cpu6 498964 0 626 194850 6 0 40 0 0 0
cpu7 499028 0 752 194624 1 0 72 0 0 0
cpu8 499187 0 526 194746 1 0 24 0 0 0
cpu9 499376 0 708 194369 1 0 38 0 0 0
cpu10 498757 0 914 194734 6 0 66 0 0 0
cpu11 498920 0 658 194865 1 0 32 0 0 0
cpu12 498818 0 845 194738 38 0 30 0 0 0
cpu13 499737 0 587 194126 4 0 30 0 0 0
cpu14 499134 0 605 194652 88 0 13 0 0 0
cpu15 497463 0 1569 194672 49 0 725 0 0 0
cpu16 499172 0 710 194577 2 0 14 0 0 0
cpu17 498804 0 877 194753 2 0 40 0 0 0
cpu18 499240 0 435 194756 4 0 19 0 0 0
cpu19 499344 0 630 194415 15 0 47 0 0 0
cpu20 499027 0 694 194673 5 0 84 0 0 0
cpu21 499354 0 359 194768 1 0 6 0 0 0
cpu22 499221 0 434 194786 23 0 13 0 0 0
cpu23 498704 0 772 194885 0 0 125 0 0 0
cpu24 499188 0 455 194805 7 0 30 0 0 0
cpu25 499204 0 443 194785 13 0 30 0 0 0
cpu26 499403 0 312 194762 2 0 2 0 0 0
cpu27 499639 0 494 194322 16 0 4 0 0 0
cpu28 500006 0 887 193502 2 0 90 0 0 0
cpu29 499896 0 602 193926 1 0 36 0 0 0
cpu30 500528 0 655 193193 77 0 18 0 0 0
cpu31 499488 0 486 194478 1 0 18 0 0 0
cpu32 499250 0 460 194755 1 0 10 0 0 0
cpu33 499228 1 498 194706 6 0 28 0 0 0
cpu34 499164 0 537 194746 13 0 8 0 0 0
cpu35 499117 0 607 194735 2 0 14 0 0 0
intr 49867063 56 0 0 0 610 0 0 0 1 0 250 0 0 0 0 0 0 0 0 0 0 0 0 0 0 0 0 0 0 0 0 94 402 465 749 2629 373 620 1308 167 131 170 460 80 4694 468 3890 2320 508 435 247 387 400 176 1340 31 0 0 0 0 329 534 194 841 154 80 10207 147 96 724 492 205 0 0 17 11032 2 0 16927 1989 4155 595 2298 3073 724 4340 1446 5235 5022 2867 6258 401 1371 163574 1490 4163 5829 1452 388 1204 685 515 604 1389 508 539 3633 1895 6692 3962 4451 3296 1252 1458 0 16 7787 1 0 0 0 0 0 0 0 0 0 0 0 0 0 0 0 0 0 0 0 0 0 0 0 0 0 0 0 0 0 0 0 0 0 0 0 0 0 25 0 0 0 0 0 0 0 0 0 0 0 0 0 0 0 0 0 0 0 0 0 0 0 0 0 0 0 0 0 0 0 0 0 0 0 0 0 0 0 0 0 0 0 0 0 0 0 0 0 0 0 0 0 0 0 0 0 0 0 0 0 0 0 0 0 0 0 0 0 0 0 0 0 0 0 0 0 0 0 0 0 0 0 0 0 0 0 0 0 0 0 0 0 0 0 0 0 0 0 0 0 0 0 0 0 0 0 0 0 0 0 0 0 0 0 0 0 0 0 0 0 0 0 0 0 0 0 0 0 0 0 0 0 0 0 0 0 0 0 0 0 0 0 0 0 0 0 0 0 0 0 0 0 0 0 0 0 0 0 0 0 0 0 0 0 0 0 0 0 0 0 0 0 0 0 0 0 0 0 0 0 0 0 0 0 0 0 0 0 0 0 0 0 0 0 0 0 0 0 0 0 0 0 0 0 0 0 0 0 0 0 0 0 0 0 0 0 0 0 0 0 0 0 0 0 0 0 0 0 0 0 0 0 0 0 0 0 0 0 0 0 0 0 0 0 0 0 0 0 0 0 0 0 0 0 0 0 0 0 0 0 0 0 0 0 0 0 0 0 0 0 0 0 0 0 0 0 0 0 0 0 0 0 0 0 0 0 0 0 0 0 0 0 0 0 0 0 0 0 0 0 0 0 0 0 0 0 0 0 0 0 0 0 0 0 0 0 0 0 0 0 0 0 0 0 0 0 0 0 0 0 0 0 0 0 0 0 0 0 0 0 0 0 0 0 0 0 0 0 0 0 0 0 0 0 0 0 0 0 0 0 0 0 0 0 0 0 0 0 0 0 0 0 0 0 0 0 0 0 0 0 0 0 0 0 0 0 0 0 0 0 0 0 0 0 0 0 0 0 0 0 0 0 0 0 0 0 0 0 0 0 0 0 0 0 0 0 0 0 0 0 0 0 0 0 0 0 0 0 0 0 0 0 0 0 0 0 0 0 0 0 0 0 0 0 0 0 0 0 0 0 0 0 0 0 0 0 0 0 0 0 0 0 0 0 0 0 0 0 0 0 0 0 0 0 0 0 0 0 0 0 0 0 0 0 0 0 0 0 0 0 0 0 0 0 0 0 0 0 0 0 0 0 0 0 0 0 0 0 0 0 0 0 0 0 0 0 0 0 0 0 0 0 0 0 0 0 0 0 0 0 0 0 0 0 0 0 0 0 0 0 0 0 0 0 0 0 0 0 0 0 0 0 0 0 0 0 0 0 0 0 0 0 0 0 0 0 0 0 0 0 0 0 0 0 0 0 0 0 0 0 0 0 0 0 0 0 0 0 0 0 0 0 0 0 0 0 0 0 0 0 0 0 0 0 0 0 0 0 0 0 0 0 0 0 0 0 0 0 0 0 0 0 0 0 0 0 0 0 0 0 0 0 0 0 0 0 0 0 0 0 0 0 0 0 0 0 0 0 0 0 0 0 0 0 0 0 0 0 0 0 0 0 0 0 0 0 0 0 0 0 0 0 0 0 0 0 0 0 0 0 0 0 0 0 0 0 0 0 0 0 0 0 0 0 0 0 0 0 0 0 0 0 0 0 0 0 0 0 0 0 0 0 0 0 0 0 0 0 0 0 0 0 0 0 0 0 0 0 0 0 0 0 0 0 0 0 0 0 0 0 0 0 0 0 0 0 0 0 0 0 0 0 0 0 0 0 0 0 0 0 0 0 0 0 0 0 0 0 0 0 0 0 0 0 0 0 0 0 0 0 0 0 0 0 0 0 0 0 0 0 0 0 0 0 0 0 0 0 0 0 0 0 0 0 0 0 0 0 0 0 0 0 0 0 0 0 0 0 0 0 0 0 0 0 0 0 0 0 0 0 0 0 0 0 0 0 0 0 0 0 0 0 0 0 0 0 0 0 0 0 0 0 0 0 0 0 0 0 0 0 0 0 0 0 0 0 0 0 0 0 0 0 0 0 0 0 0 0 0 0 0 0 0 0 0 0 0 0 0 0 0 0 0 0 0 0 0 0 0 0 0 0 0 0 0 0 0 0 0 0 0 0 0 0 0 0 0 0 0 0 0 0 0 0 0 0 0 0 0 0 0 0 0 0 0 0 0 0 0 0 0 0 0 0 0 0 0 0 0 0 0 0 0 0 0 0 0 0 0 0 0 0 0 0 0 0 0 0 0 0 0 0 0 0 0 0 0 0 0 0 0 0 0 0 0 0 0 0 0 0 0 0 0 0 0 0 0 0 0 0 0 0 0 0 0 0 0 0 0 0 0 0 0 0 0 0 0 0 0 0 0 0 0 0 0 0 0 0 0 0 0 0 0 0 0 0 0 0 0 0 0 0 0 0 0 0 0 0 0 0 0 0 0 0 0 0 0 0 0 0 0 0 0 0 0 0 0 0 0 0 0 0 0 0 0 0 0 0 0 0 0 0 0 0 0 0 0 0 0 0 0 0 0 0 0 0 0 0 0
ctxt 13853255
btime 1613124388
processes 352202
procs_running 1
procs_blocked 0
softirq 64129200 1 36631706 742 2657148 0 0 263494 1730317 0 22845792
