cpu  7457069 6 14849 2115907 127 0 714 0 0 0
cpu0 116388 0 448 32770 0 0 158 0 0 0
cpu1 116536 0 134 33127 8 0 16 0 0 0
cpu2 116466 0 278 33084 0 0 3 0 0 0
cpu3 116562 0 74 33202 0 0 0 0 0 0
cpu4 116267 0 460 33088 0 0 7 0 0 0
cpu5 116560 0 74 33202 0 0 2 0 0 0
cpu6 116664 0 614 32502 0 0 5 0 0 0
cpu7 115927 0 611 33173 0 0 124 0 0 0
cpu8 116412 0 378 33030 0 0 3 0 0 0
cpu9 116209 0 383 33190 0 0 47 0 0 0
cpu10 116577 0 328 32905 1 0 5 0 0 0
cpu11 116329 0 282 33200 0 0 24 0 0 0
cpu12 116496 2 600 32708 13 0 8 0 0 0
cpu13 116580 0 65 33189 0 0 1 0 0 0
cpu14 116611 1 278 32935 2 0 4 0 0 0
cpu15 116353 0 249 33205 0 0 29 0 0 0
cpu16 116564 0 297 32957 0 0 2 0 0 0
cpu17 116594 0 44 33197 0 0 0 0 0 0
cpu18 116604 0 266 32961 0 0 2 0 0 0
cpu19 116596 0 46 33189 0 0 0 0 0 0
cpu20 116343 0 358 33120 0 0 1 0 0 0
cpu21 116604 0 54 33166 7 0 0 0 0 0
cpu22 116192 0 502 33132 0 0 5 0 0 0
cpu23 116578 0 56 33195 0 0 0 0 0 0
cpu24 116327 0 542 32925 6 0 3 0 0 0
cpu25 116589 0 44 33197 0 0 0 0 0 0
cpu26 116574 0 383 32877 0 0 1 0 0 0
cpu27 116587 0 42 33199 0 0 0 0 0 0
cpu28 116350 0 329 33141 0 0 6 0 0 0
cpu29 116582 0 61 33173 9 0 0 0 0 0
cpu30 116331 0 403 33094 0 0 2 0 0 0
cpu31 116589 0 54 33160 20 0 0 0 0 0
cpu32 116525 0 154 33155 0 0 0 0 0 0
cpu33 116537 0 96 33193 1 0 1 0 0 0
cpu34 116416 0 326 33084 0 0 1 0 0 0
cpu35 116496 0 91 33162 7 0 58 0 0 0
cpu36 116398 0 297 33134 0 0 0 0 0 0
cpu37 116564 0 69 33187 3 0 2 0 0 0
cpu38 117180 0 275 32362 0 0 1 0 0 0
cpu39 116521 0 116 33172 7 0 9 0 0 0
cpu40 116695 0 782 32327 2 0 1 0 0 0
cpu41 115803 0 753 33169 10 0 89 0 0 0
cpu42 117031 0 338 32426 2 0 1 0 0 0
cpu43 116360 0 243 33184 6 0 28 0 0 0
cpu44 116565 0 339 32899 0 0 1 0 0 0
cpu45 116566 0 66 33190 0 0 0 0 0 0
cpu46 116714 0 191 32911 0 0 0 0 0 0
cpu47 116463 0 156 33193 0 0 7 0 0 0
cpu48 116676 0 244 32887 1 0 0 0 0 0
cpu49 116608 0 57 33154 0 0 0 0 0 0
cpu50 116651 0 118 33044 0 0 0 0 0 0
cpu51 116590 0 54 33176 0 0 0 0 0 0
cpu52 116544 0 152 33115 0 0 0 0 0 0
cpu53 116585 0 46 33184 0 0 0 0 0 0
cpu54 116578 0 110 33126 0 0 0 0 0 0
cpu55 116586 0 60 33167 2 0 0 0 0 0
cpu56 116609 0 149 33060 0 0 0 0 0 0
cpu57 116453 0 162 33177 0 0 27 0 0 0
cpu58 116580 0 181 33053 0 0 0 0 0 0
cpu59 116588 0 52 33178 0 0 0 0 0 0
cpu60 116578 0 85 33145 0 0 0 0 0 0
cpu61 116583 0 54 33178 0 0 3 0 0 0
cpu62 116466 0 200 33146 0 0 1 0 0 0
cpu63 116594 0 72 33143 0 0 0 0 0 0
intr 22055949 84 0 0 0 630 0 0 0 1 0 282 0 0 0 0 0 0 0 0 0 0 0 0 0 0 0 0 0 0 0 0 0 0 0 0 0 0 0 5 624 603 0 1994 1218 4 2314 36 17124 2 3240 263 782 0 20273 4 0 393 4 510 2 1302 227 6 0 337 24 5734 97 0 131 0 521 0 32655 0 1085 3 2466 5 16560 2 13507 31 456 3 4662 3 0 0 0 0 0 2 0 789 4 5 1 7 147 26 34 0 0 0 0 0 0 0 0 0 0 0 0 0 0 0 0 0 92 30242 0 0 0 0 0 0 0 0 0 0 0 0 0 0 0 0 0 0 0 0 0 0 0 0 0 0 0 0 0 0 0 0 0 0 0 0 0 0 0 0 0 0 0 0 0 0 0 0 0 0 0 0 0 0 0 0 0 0 0 0 0 0 0 0 0 0 0 0 0 0 0 0 0 0 0 23 0 0 0 0 0 0 0 0 0 0 0 0 0 0 0 0 0 0 0 0 0 0 0 0 0 0 0 0 0 0 0 0 0 0 0 0 0 0 0 0 0 0 0 0 0 0 0 0 0 0 0 0 0 0 0 0 0 0 0 0 0 0 0 0 0 0 0 0 0 0 0 0 0 0 0 0 0 0 0 0 0 0 0 0 0 0 0 0 0 0 0 0 0 0 0 0 0 0 0 0 0 0 0 0 0 0 0 0 0 0 0 0 0 0 0 0 0 0 0 0 0 0 0 0 0 0 0 0 0 0 0 0 0 0 0 0 0 0 0 0 0 0 0 0 0 0 0 0 0 0 0 0 0 0 0 0 0 0 0 0 0 0 0 0 0 0 0 0 0 0 0 0 0 0 0 0 0 0 0 0 0 0 0 0 0 0 0 0 0 0 0 0 0 0 0 0 0 0 0 0 0 0 0 0 0 0 0 0 0 0 0 0 0 0 0 0 0 0 0 0 0 0 0 0 0 0 0 0 0 0 0 0 0 0 0 0 0 0 0 0 0 0 0 0 0 0 0 0 0 0 0 0 0 0 0 0 0 0 0 0 0 0 0 0 0 0 0 0 0 0 0 0 0 0 0 0 0 0 0 0 0 0 0 0 0 0 0 0 0 0 0 0 0 0 0 0 0 0 0 0 0 0 0 0 0 0 0 0 0 0 0 0 0 0 0 0 0 0 0 0 0 0 0 0 0 0 0 0 0 0 0 0 0 0 0 0 0 0 0 0 0 0 0 0 0 0 0 0 0 0 0 0 0 0 0 0 0 0 0 0 0 0 0 0 0 0 0 0 0 0 0 0 0 0 0 0 0 0 0 0 0 0 0 0 0 0 0 0 0 0 0 0 0 0 0 0 0 0 0 0 0 0 0 0 0 0 0 0 0 0 0 0 0 0 0 0 0 0 0 0 0 0 0 0 0 0 0 0 0 0 0 0 0 0 0 0 0 0 0 0 0 0 0 0 0 0 0 0 0 0 0 0 0 0 0 0 0 0 0 0 0 0 0 0 0 0 0 0 0 0 0 0 0 0 0 0 0 0 0 0 0 0 0 0 0 0 0 0 0 0 0 0 0 0 0 0 0 0 0 0 0 0 0 0 0 0 0 0 0 0 0 0 0 0 0 0 0 0 0 0 0 0 0 0 0 0 0 0 0 0 0 0 0 0 0 0 0 0 0 0 0 0 0 0 0 0 0 0 0 0 0 0 0 0 0 0 0 0 0 0 0 0 0 0 0 0 0 0 0 0 0 0 0 0 0 0 0 0 0 0 0 0 0 0 0 0 0 0 0 0 0 0 0 0 0 0 0 0 0 0 0 0 0 0 0 0 0 0 0 0 0 0 0 0 0 0 0 0 0 0 0 0 0 0 0 0 0 0 0 0 0 0 0 0 0 0 0 0 0 0 0 0 0 0 0 0 0 0 0 0 0 0 0 0 0 0 0 0 0 0 0 0 0 0 0 0 0 0 0 0 0 0 0 0 0 0 0 0 0 0 0 0 0 0 0 0 0 0 0 0 0 0 0 0 0 0 0 0 0 0 0 0 0 0 0 0 0 0 0 0 0 0 0 0 0 0 0 0 0 0 0 0 0 0 0 0 0 0 0 0 0 0 0 0 0 0 0 0 0 0 0 0 0 0 0 0 0 0 0 0 0 0 0 0 0 0 0 0 0 0 0 0 0 0 0 0 0 0 0 0 0 0 0 0 0 0 0 0 0 0 0 0 0 0 0 0 0 0 0 0 0 0 0 0 0 0 0 0 0 0 0 0 0 0 0 0 0 0 0 0 0 0 0 0 0 0 0 0 0 0 0 0 0 0 0 0 0 0 0 0 0 0 0 0 0 0 0 0 0 0 0 0 0 0 0 0 0 0 0 0 0 0 0 0 0 0 0 0 0 0 0 0 0 0 0 0 0 0 0 0 0 0 0 0 0 0 0 0 0 0 0 0 0 0 0 0 0 0 0 0 0 0 0 0 0 0 0 0 0 0 0 0 0 0 0 0 0 0 0 0 0 0 0 0 0 0 0 0 0 0 0 0 0 0 0 0 0 0 0 0 0 0 0 0 0 0 0 0 0 0 0 0 0 0 0 0 0 0 0 0 0 0 0 0 0 0 0 0 0 0 0 0 0 0 0 0 0 0 0 0 0 0 0 0 0 0 0 0 0 0 0 0 0 0 0 0 0 0 0 0 0 0 0 0 0 0 0 0 0 0 0 0 0 0 0 0 0 0 0 0 0 0 0 0 0 0 0 0 0 0 0 0 0 0 0 0 0 0 0 0 0 0 0 0 0 0 0 0 0 0 0 0 0 0 0 0 0 0 0 0 0 0 0 0 0 0 0 0 0 0 0 0 0 0 0 0 0 0 0 0 0 0 0 0 0 0 0 0 0 0 0 0 0 0 0 0 0 0 0 0 0 0 0 0 0 0 0 0 0 0 0 0 0 0 0 0 0 0 0 0 0 0 0 0 0 0 0 0 0 0 0 0 0 0 0 0 0 0 0 0 0 0 0 0 0 0 0 0 0 0 0 0 0 0 0 0 0 0 0 0 0 0 0 0 0 0 0 0 0 0 0 0 0 0 0 0 0 0 0 0 0 0 0 0 0 0 0 0 0 0 0 0 0 0 0 0 0 0 0 0 0 0 0 0 0 0 0 0 0 0 0 0 0 0 0 0 0 0 0 0 0 0 0 0 0 0 0 0 0 0 0 0 0 0 0 0 0 0 0 0 0 0 0 0 0 0 0 0 0 0 0 0 0 0 0 0 0 0 0 0 0 0 0 0 0 0 0 0 0 0 0 0 0 0 0 0 0 0 0 0 0 0 0 0 0 0 0 0 0 0 0 0 0 0 0 0 0 0 0 0 0 0 0 0 0 0 0 0 0 0 0 0 0 0 0 0 0 0 0 0 0 0 0 0 0 0 0 0 0 0 0 0 0 0 0 0 0 0 0 0 0 0 0 0 0 0 0 0 0 0 0 0 0 0 0 0 0 0 0 0 0 0 0 0 0 0 0 0 0 0 0 0 0 0 0 0 0 0 0 0 0 0 0 0 0 0 0 0 0 0 0 0 0 0 0 0 0 0 0 0 0 0 0 0 0 0 0 0 0 0 0 0 0 0 0 0 0 0 0 0 0 0 0 0 0 0 0 0 0 0 0 0 0 0 0 0 0 0 0 0 0 0 0 0 0 0 0 0 0 0 0 0 0 0 0 0 0 0 0 0 0 0 0 0 0 0 0 0 0 0 0 0 0 0 0 0 0 0 0 0 0 0 0 0 0 0 0 0 0 0 0 0 0 0 0 0 0 0 0 0 0 0 0 0 0 0 0 0 0 0 0 0 0 0 0 0 0 0 0 0 0 0 0 0 0 0 0 0 0 0 0 0 0 0 0 0 0 0 0 0 0 0 0 0 0 0 0 0 0 0 0 0 0 0 0 0 0 0 0 0 0 0 0 0 0 0 0 0 0 0 0 0 0 0 0 0 0 0 0 0 0 0 0 0 0 0 0 0 0 0 0 0 0 0 0 0 0 0 0 0 0 0 0 0 0 0 0 0 0 0 0 0 0 0 0 0 0 0 0 0 0 0 0 0 0 0 0 0 0 0 0 0 0 0 0 0 0 0 0 0 0 0 0 0 0 0 0 0 0 0 0 0 0 0 0 0 0 0 0 0 0 0 0 0 0 0 0 0 0 0 0 0 0 0 0 0 0 0 0 0 0 0 0 0 0 0 0 0 0 0 0 0 0 0 0 0 0 0 0 0 0 0 0 0 0 0 0 0 0 0 0 0 0 0 0 0 0 0 0 0 0 0 0 0 0 0 0 0 0 0 0 0 0 0 0 0 0 0 0 0 0 0 0 0 0 0 0 0 0 0 0 0 0 0 0 0 0 0 0 0 0 0 0 0 0 0 0 0 0 0 0 0 0 0 0 0 0 0 0 0 0 0 0 0 0 0 0 0 0 0 0 0 0 0 0 0 0 0 0 0 0 0 0 0 0 0 0 0 0 0 0 0 0 0 0 0 0 0 0 0 0 0 0 0 0 0 0 0 0 0 0 0 0 0 0 0 0 0 0 0 0 0 0 0 0 0 0 0 0 0 0 0 0 0 0 0 0 0 0 0 0 0 0 0 0 0 0 0 0 0 0 0 0 0 0 0 0 0 0 0 0 0 0 0 0 0 0 0 0 0 0 0 0 0 0 0 0 0 0 0 0 0 0 0 0 0 0 0 0 0 0 0 0 0 0 0 0 0 0 0 0 0 0 0 0 0 0 0 0 0 0 0 0 0 0 0 0 0 0 0 0 0 0 0 0 0 0 0 0 0 0 0 0 0 0 0 0 0 0 0 0 0 0 0 0 0 0 0 0 0 0 0 0 0 0 0 0 0 0 0 0 0 0 0 0 0 0 0 0 0 0 0 0 0 0 0 0 0 0 0 0 0 0 0 0 0 0 0 0 0 0 0 0 0 0 0 0 0 0 0 0 0 0 0 0 0 0 0 0 0 0 0 0 0 0 0 0 0 0 0 0 0 0 0 0 0 0 0 0 0 0 0 0 0 0 0 0 0 0 0 0 0 0 0 0 0 0 0 0 0 0 0 0 0 0 0 0 0 0 0 0 0 0 0 0 0 0 0 0 0 0 0 0 0 0 0 0 0 0 0 0 0 0 0 0 0 0 0 0
ctxt 3744298
btime 1613144793
processes 87042
procs_running 1
procs_blocked 0
softirq 23494101 1 13193029 949 710348 0 0 142 822695 0 8766937
