cpu  2066562 6 10573 26198970 400 0 252 0 0 0
cpu0 16123 0 563 203945 0 0 120 0 0 0
cpu1 16134 0 49 204744 0 0 4 0 0 0
cpu2 16220 0 135 204562 0 0 0 0 0 0
cpu3 16060 0 75 204777 2 0 3 0 0 0
cpu4 16095 0 95 204750 0 0 0 0 0 0
cpu5 16137 0 52 204749 0 0 0 0 0 0
cpu6 16247 0 210 204481 2 0 0 0 0 0
cpu7 16070 0 112 204755 0 0 1 0 0 0
cpu8 16098 0 101 204739 0 0 1 0 0 0
cpu9 16138 0 47 204757 0 0 0 0 0 0
cpu10 16284 0 142 204506 2 0 0 0 0 0
cpu11 16135 0 56 204737 0 0 0 0 0 0
cpu12 16113 0 128 204682 0 0 0 0 0 0
cpu13 16137 0 44 204752 0 0 0 0 0 0
cpu14 16207 0 89 204635 0 0 0 0 0 0
cpu15 15744 0 438 204740 0 0 8 0 0 0
cpu16 16120 0 84 204734 0 0 0 0 0 0
cpu17 16137 0 46 204749 0 0 0 0 0 0
cpu18 16181 0 63 204681 1 0 0 0 0 0
cpu19 16137 0 46 204752 0 0 0 0 0 0
cpu20 16000 0 90 204827 0 0 2 0 0 0
cpu21 16135 0 45 204755 0 0 0 0 0 0
cpu22 16162 0 66 204707 0 0 0 0 0 0
cpu23 16138 0 52 204741 0 0 0 0 0 0
cpu24 16128 0 65 204741 0 0 1 0 0 0
cpu25 16137 0 46 204750 0 0 0 0 0 0
cpu26 16699 0 212 203936 4 0 16 0 0 0
cpu27 16111 0 77 204737 0 0 2 0 0 0
cpu28 16136 0 74 204715 0 0 0 0 0 0
cpu29 16137 0 46 204747 0 0 0 0 0 0
cpu30 16225 0 86 204609 2 0 0 0 0 0
cpu31 16138 0 50 204744 0 0 0 0 0 0
cpu32 16130 0 64 204719 0 0 0 0 0 0
cpu33 16137 0 48 204745 0 0 0 0 0 0
cpu34 16198 0 62 204590 69 0 0 0 0 0
cpu35 15931 0 219 204730 0 0 44 0 0 0
cpu36 16136 0 54 204738 0 0 0 0 0 0
cpu37 16136 0 49 204741 0 0 0 0 0 0
cpu38 16149 0 57 204718 0 0 0 0 0 0
cpu39 16134 0 53 204735 0 0 1 0 0 0
cpu40 16174 0 71 204682 0 0 0 0 0 0
cpu41 16137 0 42 204742 0 0 0 0 0 0
cpu42 16148 0 57 204709 3 0 0 0 0 0
cpu43 16137 0 47 204739 0 0 0 0 0 0
cpu44 16137 0 94 204693 0 0 0 0 0 0
cpu45 16136 0 45 204744 0 0 0 0 0 0
cpu46 16354 0 77 204488 0 0 0 0 0 0
cpu47 16023 0 172 204730 0 0 4 0 0 0
cpu48 16110 0 93 204719 1 0 1 0 0 0
cpu49 16136 0 49 204739 0 0 0 0 0 0
cpu50 16144 0 57 204720 0 0 0 0 0 0
cpu51 16140 0 50 204734 0 0 0 0 0 0
cpu52 16134 0 69 204698 16 0 0 0 0 0
cpu53 16135 0 46 204739 0 0 0 0 0 0
cpu54 16145 0 68 204681 4 0 0 0 0 0
cpu55 16139 0 55 204730 1 0 0 0 0 0
cpu56 16111 0 67 204736 0 0 2 0 0 0
cpu57 16137 0 45 204740 0 0 0 0 0 0
cpu58 16200 0 98 204612 1 0 0 0 0 0
cpu59 16136 0 43 204736 0 0 0 0 0 0
cpu60 16138 0 50 204730 0 0 0 0 0 0
cpu61 16137 0 49 204731 0 0 0 0 0 0
cpu62 16186 0 89 204620 4 0 0 0 0 0
cpu63 16136 0 46 204733 0 0 0 0 0 0
cpu64 16134 0 59 204721 1 0 0 0 0 0
cpu65 16131 0 47 204740 0 0 0 0 0 0
cpu66 16293 0 144 204446 1 0 0 0 0 0
cpu67 16137 0 50 204729 0 0 0 0 0 0
cpu68 16108 0 90 204709 0 0 0 0 0 0
cpu69 16128 0 50 204732 1 0 0 0 0 0
cpu70 16316 0 244 204271 81 0 0 0 0 0
cpu71 16119 0 62 204728 0 0 1 0 0 0
cpu72 16110 0 81 204718 1 0 1 0 0 0
cpu73 16135 0 52 204733 0 0 0 0 0 0
cpu74 16270 0 157 204424 46 0 0 0 0 0
cpu75 16137 0 44 204731 0 0 0 0 0 0
cpu76 16129 0 88 204669 8 0 0 0 0 0
cpu77 16135 0 48 204729 0 0 0 0 0 0
cpu78 16199 2 98 204593 16 0 2 0 0 0
cpu79 15828 0 345 204727 0 0 8 0 0 0
cpu80 16130 0 63 204715 0 0 0 0 0 0
cpu81 16136 0 49 204724 0 0 0 0 0 0
cpu82 16202 0 67 204629 4 0 0 0 0 0
cpu83 16136 0 46 204726 0 0 0 0 0 0
cpu84 16105 0 70 204725 0 0 0 0 0 0
cpu85 16136 0 48 204719 0 0 0 0 0 0
cpu86 16221 0 64 204621 0 0 0 0 0 0
cpu87 16139 0 50 204716 0 0 0 0 0 0
cpu88 16133 0 106 204667 0 0 0 0 0 0
cpu89 16136 0 49 204718 0 0 0 0 0 0
cpu90 16163 0 57 204665 10 0 0 0 0 0
cpu91 16089 0 97 204721 0 0 1 0 0 0
cpu92 16143 0 63 204700 0 0 0 0 0 0
cpu93 16136 0 52 204712 0 0 0 0 0 0
cpu94 16176 0 124 204590 1 0 4 0 0 0
cpu95 16142 0 60 204706 0 0 0 0 0 0
cpu96 16138 0 68 204701 0 0 0 0 0 0
cpu97 16135 0 49 204715 0 0 0 0 0 0
cpu98 16206 0 76 204544 59 0 4 0 0 0
cpu99 16135 0 50 204715 0 0 0 0 0 0
cpu100 16064 0 88 204745 1 0 2 0 0 0
cpu101 16136 0 50 204711 0 0 0 0 0 0
cpu102 16132 0 63 204706 1 0 0 0 0 0
cpu103 16136 0 54 204707 0 0 0 0 0 0
cpu104 16038 0 98 204754 0 0 4 0 0 0
cpu105 16135 0 56 204707 0 0 0 0 0 0
cpu106 16137 0 50 204703 2 0 0 0 0 0
cpu107 16137 0 50 204707 0 0 0 0 0 0
cpu108 16118 0 68 204710 0 0 0 0 0 0
cpu109 16137 0 48 204707 0 0 0 0 0 0
cpu110 16334 0 73 204485 0 0 0 0 0 0
cpu111 16038 0 145 204708 0 0 0 0 0 0
cpu112 16140 0 73 204671 10 0 0 0 0 0
cpu113 16136 0 49 204707 0 0 0 0 0 0
cpu114 16250 0 71 204564 4 0 0 0 0 0
cpu115 16136 0 46 204711 0 0 0 0 0 0
cpu116 16135 0 62 204701 0 0 0 0 0 0
cpu117 16136 0 50 204708 0 0 0 0 0 0
cpu118 16232 0 104 204548 1 0 0 0 0 0
cpu119 16136 0 50 204696 0 0 0 0 0 0
cpu120 16137 0 56 204697 0 0 0 0 0 0
cpu121 16135 0 49 204709 0 0 0 0 0 0
cpu122 16263 0 107 204496 2 0 0 0 0 0
cpu123 16137 0 56 204698 0 0 0 0 0 0
cpu124 16136 0 58 204699 0 0 0 0 0 0
cpu125 16137 0 64 204686 0 0 0 0 0 0
cpu126 16218 0 93 204573 1 0 0 0 0 0
cpu127 16139 0 56 204690 0 0 0 0 0 0
intr 7287571 129 0 0 0 678 0 0 0 1 0 254 0 0 0 0 0 0 0 0 0 0 0 0 0 0 0 0 0 0 0 0 0 0 0 0 260 0 5 2 0 103 0 7 3 1153 6 0 0 0 0 1 4 5451 0 0 0 41 61 0 2 1 2 0 30133 213 0 0 0 0 11 0 3 289 4 0 2 157 0 0 2 36 3 0 9 3545 0 0 2 152 113 0 0 0 10 0 2 3 3 0 1 0 20 0 33 0 0 0 0 391 0 0 15 0 0 0 0 5586 0 0 0 0 0 0 0 1 0 0 0 1017 0 0 6726 0 0 0 5240 0 12 0 3 0 52 0 0 0 0 0 5 367 0 0 6 0 0 0 67 0 0 0 0 0 0 0 0 0 0 160 168 32 32 866 10 198 12 67 5 4 52 7 111 472 26 11 14 98 15 227 67 10 4 20 6 87 9 6 6 0 3 2 0 0 0 0 0 0 0 0 0 0 0 0 0 0 0 0 0 1 3 2 0 5 0 1 39 5 1 8 0 0 4 6 667 4197 1537 616 655 80 10010 3354 1305 16 1633 28 37 364 87 128 2289 82 200 32 269 68 178 107 256 3 4 87 3 3 0 3 3 9 0 3 5 31 8 1 5 11 14 3 2 3 11 0 0 0 0 0 0 0 0 0 0 0 0 0 0 0 0 0 0 0 0 0 0 0 0 0 0 0 0 0 0 0 0 0 0 0 0 0 0 0 0 0 0 0 0 0 0 0 0 0 0 0 0 0 0 0 0 0 0 0 0 0 0 0 0 0 0 0 0 0 0 0 0 0 0 0 0 0 0 0 0 0 0 0 0 0 0 0 0 0 0 0 0 0 0 0 0 0 0 0 0 0 0 0 0 0 0 0 0 0 0 0 0 0 0 0 0 0 0 0 0 0 0 0 0 0 0 0 0 0 0 0 0 0 0 0 0 0 0 0 0 0 0 0 0 0 0 0 0 0 0 0 0 0 0 0 0 0 0 0 0 0 0 0 0 0 0 0 0 0 0 0 0 0 0 0 0 0 0 0 0 0 0 0 0 0 0 0 0 0 0 0 0 0 0 0 0 0 0 0 0 0 0 0 0 0 0 0 0 0 0 0 0 0 0 0 0 0 0 0 0 0 0 0 0 0 0 0 0 0 0 0 0 0 0 0 0 0 0 0 0 0 0 0 0 0 0 0 0 0 0 0 0 0 0 0 0 0 0 0 0 0 0 0 0 0 0 0 0 0 0 0 0 0 0 0 0 0 0 0 0 0 0 0 0 0 0 0 0 0 0 0 0 0 0 0 0 0 0 0 0 0 0 0 0 0 0 0 0 0 0 0 0 0 0 0 0 0 0 0 0 0 0 0 0 0 0 0 0 0 0 0 0 0 0 0 0 0 0 0 0 0 0 0 0 0 0 0 0 0 0 0 0 0 0 0 0 0 0 0 0 0 0 0 0 0 0 0 0 0 0 0 0 0 0 0 0 0 0 0 0 0 0 0 0 0 0 0 0 0 0 0 0 0 0 0 0 0 0 0 0 0 0 0 0 0 0 0 0 0 0 0 0 0 0 0 0 0 0 0 0 0 0 0 0 0 0 0 0 0 0 0 0 0 0 0 0 0 0 0 0 0 0 0 0 0 3 0 0 0 0 0 0 0 0 0 0 0 0 0 0 0 49 0 0 0 0 0 0 0 0 0 0 0 0 49 0 0 0 0 0 0 0 0 0 0 0 0 0 0 0 0 0 0 0 0 0 0 0 0 0 0 0 0 0 0 0 0 0 0 0 0 0 0 0 0 0 0 0 16 0 0 0 0 0 0 0 0 0 0 0 0 0 0 0 0 0 0 0 0 0 0 0 0 0 0 0 0 0 0 0 0 0 0 0 0 0 0 0 0 0 0 0 0 0 0 0 0 0 0 0 0 0 0 0 0 0 0 0 0 0 0 0 0 0 0 0 0 0 0 0 0 0 0 0 0 0 0 0 0 0 0 0 0 0 0 0 0 0 0 0 0 0 0 0 0 0 0 0 0 0 0 0 0 0 0 0 0 0 0 0 0 0 0 0 0 0 0 0 0 0 0 0 0 0 0 0 0 0 0 0 0 0 0 0 0 0 0 0 0 0 0 0 0 0 0 0 0 0 0 0 0 0 0 0 0 0 0 0 0 0 0 0 0 0 0 0 0 0 0 0 0 0 0 0 0 0 0 0 0 0 0 0 0 0 0 0 0 0 0 0 0 0 0 0 0 0 0 0 0 0 0 0 0 0 0 0 0 0 0 0 0 0 0 0 0 0 0 0 0 0 0 0 0 0 0 0 0 0 0 0 0 0 0 0 0 0 0 0 0 0 0 0 0 0 0 0 0 0 0 0 0 0 0 0 0 0 0 0 0 0 0 0 0 0 0 0 0 0 0 0 0 0 0 0 0 0 0 0 0 0 0 0 0 0 0 0 0 0 0 0 0 0 0 0 0 0 0 0 0 0 0 0 0 0 0 0 0 0 0 0 0 0 0 0 0 0 0 0 0 0 0 0 0 0 0 0 0 0 0 0 0 0 0 0 0 0 0 0 0 0 0 0 0 0 0 0 0 0 0 0 0 0 0 0 0 0 0 0 0 0 0 0 0 0 0 0 0 0 0 0 0 0 0 0 0 0 0 0 0 0 0 0 0 0 0 0 0 0 0 0 0 0 0 0 0 0 0 0 0 0 0 0 0 0 0 0 0 0 0 0 0 0 0 0 0 0 0 0 0 0 0 0 0 0 0 0 0 0 0 0 0 0 0 0 0 0 0 0 0 0 0 0 0 0 0 0 0 0 0 0 0 0 0 0 0 0 0 0 0 0 0 0 0 0 0 0 0 0 0 0 0 0 0 0 0 0 0 0 0 0 0 0 0 0 0 0 0 0 0 0 0 0 0 0 0 0 0 0 0 0 0 0 0 0 0 0 0 0 0 0 0 0 0 0 0 0 0 0 0 0 0 0 0 0 0 0 0 0 0 0 0 0 0 0 0 0 0 0 0 0 0 0 0 0 0 0 0 0 0 0 0 0 0 0 0 0 0 0 0 0 0 0 0 0 0 0 0 0 0 0 0 0 0 0 0 0 0 0 0 0 0 0 0 0 0 0 0 0 0 0 0 0 0 0 0 0 0 0 0 0 0 0 0 0 0 0 0 0 0 0 0 0 0 0 0 0 0 0 0 0 0 0 0 0 0 0 0 0 0 0 0 0 0 0 0 0 0 0 0 0 0 0 0 0 0 0 0 0 0 0 0 0 0 0 0 0 0 0 0 0 0 0 0 0 0 0 0 0 0 0 0 0 0 0 0 0 0 0 0 0 0 0 0 0 0 0 0 0 0 0 0 0 0 0 0 0 0 0 0 0 0 0 0 0 0 0 0 0 0 0 0 0 0 0 0 0 0 0 0 0 0 0 0 0 0 0 0 0 0 0 0 0 0 0 0 0 0 0 0 0 0 0 0 0 0 0 0 0 0 0 0 0 0 0 0 0 0 0 0 0 0 0 0 0 0 0 0 0 0 0 0 0 0 0 0 0 0 0 0 0 0 0 0 0 0 0 0 0 0 0 0 0 0 0 0 0 0 0 0 0 0 0 0 0 0 0 0 0 0 0 0 0 0 0 0 0 0 0 0 0 0 0 0 0 0 0 0 0 0 0 0 0 0 0 0 0 0 0 0 0 0 0 0 0 0 0 0 0 0 0 0 0 0 0 0 0 0 0 0 0 0 0 0 0 0 0 0 0 0 0 0 0 0 0 0 0 0 0 0 0 0 0 0 0 0 0 0 0 0 0 0 0 0 0 0 0 0 0 0 0 0 0 0 0 0 0 0 0 0 0 0 0 0 0 0 0 0 0 0 0 0 0 0 0 0 0 0 0 0 0 0 0 0 0 0 0 0 0 0 0 0 0 0 0 0 0 0 0 0 0 0 0 0 0 0 0 0 0 0 0 0 0 0 0 0 0 0 0 0 0 0 0 0 0 0 0 0 0 0 0 0 0 0 0 0 0 0 0 0 0 0 0 0 0 0 0 0 0 0 0 0 0 0 0 0 0 0 0 0 0 0 0 0 0 0 0 0 0 0 0 0 0 0 0 0 0 0 0 0 0 0 0 0 0 0 0 0 0 0 0 0 0 0 0 0 0 0 0 0 0 0 0 0 0 0 0 0 0 0 0 0 0 0 0 0 0 0 0 0 0 0 0 0 0 0 0 0 0 0 0 0 0 0 0 0 0 0 0 0 0 0 0 0 0 0 0 0 0 0 0 0 0 0 0 0 0 0 0 0 0 0 0 0 0 0 0 0 0 0 0 0 0 0 0 0 0 0 0 0 0 0 0 0 0 0 0 0 0 0 0 0 0 0 0 0 0 0 0 0 0 0 0 0 0 0 0 0 0 0 0 0 0 0 0 0 0 0 0 0 0 0 0 0 0 0 0 0 0 0 0 0 0 0 0 0 0 0 0 0 0 0 0 0 0 0 0 0 0 0 0 0 0 0 0 0 0 0 0 0 0 0 0 0 0 0 0 0 0 0 0 0 0 0 0 0 0 0 0 0 0 0 0 0 0 0 0 0 0 0 0 0 0 0 0 0 0 0 0 0 0 0 0 0 0 0 0 0 0 0 0 0 0 0 0 0 0 0 0 0 0 0 0 0 0 0 0 0 0 0 0 0 0 0 0 0 0 0 0 0 0 0 0 0 0 0 0 0 0 0 0 0 0 0 0 0 0 0 0 0 0 0 0 0 0 0 0 0 0 0 0 0 0 0 0 0 0 0 0 0 0 0 0 0 0 0 0 0 0 0 0 0 0 0 0 0 0 0 0 0 0 0 0 0 0 0 0 0 0 0 0 0 0 0 0 0 0 0 0 0 0 0 0 0 0 0 0 0 0 0 0 0 0 0 0 0 0 0 0 0 0 0 0 0 0 0 0 0 0 0 0 0 0 0 0 0 0 0 0 0 0 0 0 0 0 0 0 0 0 0 0 0 0 0 0 0 0 0 0 0 0 0 0 0 0 0 0 0 0 0 0 0 0 0 0 0 0 0 0 0 0 0 0 0 0 0 0 0 0 0 0 0 0 0 0 0 0 0 0 0 0 0 0 0 0 0 0 0 0 0 0 0 0 0 0 0 0 0 0 0 0 0 0 0 0 0 0 0 0 0 0 0 0 0 0 0 0 0 0 0 0 0 0 0 0 0 0 0 0 0 0 0 0 0 0 0 0 0 0 0 0 0 0 0 0 0 0 0 0 0 0 0 0 0 0 0 0 0 0 0 0 0 0 0 0 0 0 0 0 0 0 0 0 0 0 0 0 0 0 0 0 0 0 0 0 0 0 0 0 0 0 0 0 0 0 0 0 0 0 0 0 0 0 0 0 0 0 0 0 0 0 0 0 0 0 0 0 0 0 0 0 0 0 0 0 0 0 0 0 0 0 0 0 0 0 0 0 0 0 0 0 0 0 0 0 0 0 0 0 0 0 0 0 0 0 0 0 0 0 0 0 0 0 0 0 0 0 0 0 0 0 0 0 0 0 0 0 0 0 0 0 0 0 0 0 0 0 0 0 0 0 0 0 0 0 0 0 0 0 0 0 0 0 0 0 0 0 0 0 0 0 0 0 0 0 0 0 0 0 0 0 0 0 0 0 0 0 0 0 0 0 0 0 0 0 0 0 0 0 0 0 0 0 0 0 0 0 0 0 0 0 0 0 0 0 0 0 0 0 0 0 0 0 0 0 0 0 0 0 0 0 0 0 0 0 0 0 0 0 0 0 0 0 0 0 0 0 0 0 0 0 0 0 0 0 0 0 0 0 0 0 0 0 0 0 0 0 0 0 0 0 0 0 0 0 0 0 0 0 0 0 0 0 0 0 0 0 0 0 0 0 0 0 0 0 0 0 0 0 0 0 0 0 0 0 0 0 0 0 0 0 0 0 0 0 0 0 0 0 0 0 0 0 0 0 0 0 0 0 0 0 0 0 0 0 0 0 0 0 0 0 0 0 0 0 0 0 0 0 0 0 0 0 0 0 0 0 0 0 0 0 0 0 0 0 0 0 0 0 0 0 0 0 0 0 0 0 0 0 0 0 0 0 0 0 0 0 0 0 0 0 0 0 0 0 0 0 0 0 0 0 0 0 0 0 0 0 0 0 0 0 0 0 0 0 0 0 0 0 0 0 0 0 0 0 0 0 0 0 0 0 0 0 0 0 0 0 0 0 0 0 0 0 0 0 0 0 0 0 0 0 0 0 0 0 0 0 0 0 0 0 0 0 0 0 0 0 0 0 0 0 0 0 0 0 0 0 0 0 0 0 0 0 0 0 0 0 0 0 0 0 0 0 0 0 0 0 0 0 0 0 0 0 0 0 0 0 0 0 0 0 0 0 0 0 0 0 0 0 0 0 0 0 0 0 0 0 0 0 0 0 0 0 0 0 0 0 0 0 0 0 0 0 0 0 0 0 0 0 0 0 0 0 0 0 0 0 0 0 0 0 0 0 0 0 0 0 0 0 0 0 0 0 0 0 0 0 0 0 0 0 0 0 0 0 0 0 0 0 0 0 0 0 0 0 0 0 0 0 0 0 0 0 0 0 0 0 0 0 0 0 0 0 0 0 0 0 0 0 0 0 0 0 0 0 0 0 0 0 0 0 0 0 0 0 0 0 0 0 0 0 0 0 0 0 0 0 0 0 0 0 0 0 0 0 0 0 0 0 0 0 0 0 0 0 0 0 0 0 0 0 0 0 0 0 0 0 0 0 0 0 0 0 0 0 0 0 0 0 0 0 0 0 0 0 0 0 0 0 0 0 0 0 0 0 0 0 0 0 0 0 0 0 0 0 0 0 0 0 0 0 0 0 0 0 0 0 0 0 0 0 0 0 0 0 0 0 0 0 0 0 0 0 0 0 0 0 0 0 0 0 0 0 0 0 0 0 0 0 0 0 0 0 0 0 0 0 0 0 0 0 0 0 0 0 0 0 0 0 0 0 0 0 0 0 0 0 0 0 0 0 0 0 0 0 0 0 0 0 0 0 0 0 0 0 0 0 0 0 0 0 0 0 0 0 0 0 0 0 0 0 0 0 0 0 0 0 0 0 0 0 0 0 0 0 0 0 0 0 0 0 0 0 0 0 0 0 0 0 0 0 0 0 0 0 0 0 0 0 0 0 0 0 0 0 0 0 0 0 0 0 0 0 0 0 0 0 0 0 0 0 0 0 0 0 0 0 0 0 0 0 0 0 0 0 0 0 0 0 0 0 0 0 0 0 0 0 0 0 0 0 0 0 0 0 0 0 0 0 0 0 0 0 0 0 0 0 0 0 0 0 0 0 0 0 0 0 0 0 0 0 0 0 0 0 0 0 0 0 0 0 0 0 0 0 0 0 0 0 0 0 0 0 0 0 0 0 0 0 0 0 0 0 0 0 0 0 0 0 0 0 0 0 0 0 0 0 0 0 0 0 0 0 0 0 0 0 0 0 0 0 0 0 0 0 0 0 0 0 0 0 0 0 0 0 0 0 0 0 0 0 0 0 0 0 0 0 0 0 0 0 0 0 0 0 0 0 0 0 0 0 0 0 0 0 0 0 0 0 0 0 0 0 0 0 0 0 0 0 0 0 0 0 0 0 0 0 0 0 0 0 0 0 0 0 0 0 0 0 0 0 0 0 0 0 0 0 0 0 0 0 0 0 0 0 0 0 0 0 0 0 0 0 0 0 0 0 0 0 0 0 0 0 0 0 0 0 0 0 0 0 0 0 0 0 0 0 0 0 0 0 0 0 0 0 0 0 0 0 0 0 0 0 0 0 0 0 0 0 0 0 0 0 0 0 0 0 0 0 0 0 0 0 0 0 0 0 0 0 0 0 0 0 0 0 0 0 0 0 0 0 0 0 0 0 0 0 0 0 0 0 0 0 0 0 0 0 0 0 0 0 0 0 0 0 0 0 0 0 0 0 0 0 0 0 0 0 0 0 0 0 0 0 0 0 0 0 0 0 0 0 0 0 0 0 0 0 0 0 0 0 0 0 0 0 0 0 0 0 0 0 0 0 0 0 0 0 0 0 0 0 0 0 0 0 0 0 0 0 0 0 0 0 0 0 0 0 0 0 0 0 0 0 0 0 0 0 0 0 0 0 0 0 0 0 0 0 0 0 0 0 0 0 0 0 0 0 0 0 0 0 0 0 0 0 0 0 0 0 0 0 0 0 0 0 0 0 0 0 0 0 0 0 0 0 0 0 0 0 0 0 0 0 0 0 0 0 0 0 0 0 0 0 0 0 0 0 0 0 0 0 0 0 0 0 0 0 0 0 0 0 0 0 0 0 0 0 0 0 0 0 0 0 0 0 0 0 0 0 0 0 0 0 0 0 0 0 0 0 0 0 0 0 0 0 0 0 0 0 0 0 0 0 0 0 0 0 0 0 0 0 0 0 0 0 0 0 0 0 0 0 0 0 0 0 0 0 0 0 0 0 0 0 0 0 0 0 0 0 0 0 0 0 0 0 0 0 0 0 0 0 0 0 0 0 0 0 0 0 0 0 0 0 0 0 0 0 0 0 0 0 0 0 0 0 0 0 0 0 0 0 0 0 0 0 0 0 0 0 0 0 0 0 0 0 0 0 0 0 0 0 0 0 0 0 0 0 0 0 0 0 0 0 0 0 0 0 0 0 0 0 0 0 0 0 0 0 0 0 0 0 0 0 0 0 0 0 0 0 0 0 0 0 0 0 0 0 0 0 0 0 0 0 0 0 0 0 0 0 0 0 0 0 0 0 0 0 0 0 0 0 0 0 0 0 0 0 0 0 0 0 0 0 0 0 0 0 0 0 0 0 0 0 0 0 0 0 0 0 0 0 0 0 0 0 0 0 0 0 0 0 0 0 0 0 0 0 0 0 0 0 0 0 0 0 0 0 0 0 0 0 0 0 0 0 0 0 0 0 0 0 0 0 0 0 0 0 0 0 0 0 0 0 0 0 0 0 0 0 0 0 0 0 0 0 0 0 0 0 0 0 0 0 0 0 0 0 0 0 0 0 0 0 0 0 0 0 0 0 0 0 0 0 0 0 0 0 0 0 0 0 0 0 0 0 0 0 0 0 0 0 0 0 0 0 0 0 0 0 0 0 0 0 0 0 0 0 0 0 0 0 0 0 0 0 0 0 0 0 0 0 0 0 0 0 0 0 0 0 0 0 0 0 0 0 0 0 0 0 0 0 0 0 0 0 0 0 0 0 0 0 0 0 0 0 0 0 0 0 0 0 0 0 0 0 0 0 0 0 0 0 0 0 0 0 0 0 0 0 0 0 0 0 0 0 0 0 0 0 0 0 0 0 0 0 0 0 0 0 0 0 0 0 0 0 0 0 0 0 0 0 0 0 0 0 0 0 0 0 0 0 0 0 0 0 0 0 0 0 0 0 0 0 0 0 0 0 0 0 0 0 0 0 0 0 0 0 0 0 0 0 0 0 0 0 0 0 0 0 0 0 0 0 0 0 0 0 0 0 0 0 0 0 0 0 0 0 0 0 0 0 0 0 0 0 0 0 0 0 0 0 0 0 0 0 0 0 0 0 0 0 0 0 0 0 0 0 0 0 0 0 0 0 0 0 0 0 0 0 0 0 0 0 0 0 0 0 0 0 0 0 0 0 0 0 0 0 0 0 0 0 0 0 0 0 0 0 0 0 0 0 0 0 0 0 0 0 0 0 0 0 0 0 0 0 0 0 0 0 0 0 0 0 0 0 0 0 0 0 0 0 0 0 0 0 0 0 0 0 0 0 0 0 0 0 0 0 0 0 0 0 0 0 0 0 0 0 0 0 0 0 0 0 0 0 0 0 0 0 0 0 0 0 0 0 0 0 0 0 0 0 0 0 0 0 0 0 0 0 0 0 0 0 0 0 0 0 0 0 0 0 0 0 0 0 0 0 0 0 0 0 0 0 0 0 0 0 0 0 0 0 0 0 0 0 0 0 0 0 0 0 0 0
ctxt 1193744
btime 1613064758
processes 21013
procs_running 1
procs_blocked 0
softirq 6994972 1 3891502 1269 163040 0 0 166 439961 0 2499033
