cpu  23175972 4 43348 6960070 514 0 3507 0 0 0
cpu0 643222 0 1362 193327 9 0 706 0 0 0
cpu1 642220 0 2632 193474 1 0 114 0 0 0
cpu2 643087 0 1760 193525 2 0 47 0 0 0
cpu3 643731 0 968 193619 17 0 96 0 0 0
cpu4 643067 0 1599 193697 2 0 66 0 0 0
cpu5 643613 0 1093 193688 2 0 36 0 0 0
cpu6 643348 0 1526 193494 1 0 56 0 0 0
cpu7 644042 0 746 193592 5 0 39 0 0 0
cpu8 643781 0 1353 193254 6 0 32 0 0 0
cpu9 641937 0 2722 193623 9 0 139 0 0 0
cpu10 643586 0 1262 193452 4 0 112 0 0 0
cpu11 643363 0 1696 193304 2 0 46 0 0 0
cpu12 644448 0 764 193140 11 0 54 0 0 0
cpu13 642921 0 2032 193436 4 0 32 0 0 0
cpu14 643092 0 2290 192876 4 0 154 0 0 0
cpu15 644780 0 2041 191549 14 0 35 0 0 0
cpu16 643723 0 1406 193245 2 0 36 0 0 0
cpu17 643576 0 1245 193527 2 0 70 0 0 0
cpu18 644308 0 489 193558 51 0 20 0 0 0
cpu19 643979 0 854 193461 4 0 120 0 0 0
cpu20 643999 0 881 193461 41 0 41 0 0 0
cpu21 643976 0 757 193602 42 0 57 0 0 0
cpu22 644207 0 491 193637 58 0 29 0 0 0
cpu23 643367 0 1336 193685 10 0 16 0 0 0
cpu24 644460 0 592 193331 0 0 34 0 0 0
cpu25 644329 0 374 193709 0 0 12 0 0 0
cpu26 644386 0 453 193568 1 0 15 0 0 0
cpu27 643872 0 884 193634 0 0 31 0 0 0
cpu28 642381 0 1564 193511 0 0 962 0 0 0
cpu29 644304 0 748 193316 16 0 22 0 0 0
cpu30 644202 0 664 193522 2 0 21 0 0 0
cpu31 644686 0 728 192950 4 0 42 0 0 0
cpu32 644968 1 1297 192099 7 0 50 0 0 0
cpu33 644036 2 865 193412 7 0 97 0 0 0
cpu34 645238 0 693 192319 122 0 37 0 0 0
cpu35 643723 0 1167 193459 34 0 18 0 0 0
intr 63814751 56 0 0 0 609 0 0 0 1 0 257 0 0 0 0 0 0 0 0 0 0 0 0 0 0 0 0 0 0 0 0 92 572 46 395 175 311 371 180 1489 468 800 459 337 497 649 448 555 468 526 1673 226 2547 1527 2844 1532 0 0 0 0 19 85 469 14 993 587 300 627 663 533 10318 3590 0 0 16 11218 2 0 18136 1073 3915 1783 4564 2229 7033 1692 1952 2371 2384 3472 1344 1027 1210 3956 2578 2229 2850 7199 6646 4734 726 1368 1814 636 1771 1633 185953 4891 2738 1637 1166 2102 3989 682 0 17 7834 1 0 0 0 0 0 0 0 0 0 0 0 0 0 0 0 0 0 0 0 0 0 0 0 0 0 0 0 0 0 0 0 0 0 0 0 0 0 22 0 0 0 0 0 0 0 0 0 0 0 0 0 0 0 0 0 0 0 0 0 0 0 0 0 0 0 0 0 0 0 0 0 0 0 0 0 0 0 0 0 0 0 0 0 0 0 0 0 0 0 0 0 0 0 0 0 0 0 0 0 0 0 0 0 0 0 0 0 0 0 0 0 0 0 0 0 0 0 0 0 0 0 0 0 0 0 0 0 0 0 0 0 0 0 0 0 0 0 0 0 0 0 0 0 0 0 0 0 0 0 0 0 0 0 0 0 0 0 0 0 0 0 0 0 0 0 0 0 0 0 0 0 0 0 0 0 0 0 0 0 0 0 0 0 0 0 0 0 0 0 0 0 0 0 0 0 0 0 0 0 0 0 0 0 0 0 0 0 0 0 0 0 0 0 0 0 0 0 0 0 0 0 0 0 0 0 0 0 0 0 0 0 0 0 0 0 0 0 0 0 0 0 0 0 0 0 0 0 0 0 0 0 0 0 0 0 0 0 0 0 0 0 0 0 0 0 0 0 0 0 0 0 0 0 0 0 0 0 0 0 0 0 0 0 0 0 0 0 0 0 0 0 0 0 0 0 0 0 0 0 0 0 0 0 0 0 0 0 0 0 0 0 0 0 0 0 0 0 0 0 0 0 0 0 0 0 0 0 0 0 0 0 0 0 0 0 0 0 0 0 0 0 0 0 0 0 0 0 0 0 0 0 0 0 0 0 0 0 0 0 0 0 0 0 0 0 0 0 0 0 0 0 0 0 0 0 0 0 0 0 0 0 0 0 0 0 0 0 0 0 0 0 0 0 0 0 0 0 0 0 0 0 0 0 0 0 0 0 0 0 0 0 0 0 0 0 0 0 0 0 0 0 0 0 0 0 0 0 0 0 0 0 0 0 0 0 0 0 0 0 0 0 0 0 0 0 0 0 0 0 0 0 0 0 0 0 0 0 0 0 0 0 0 0 0 0 0 0 0 0 0 0 0 0 0 0 0 0 0 0 0 0 0 0 0 0 0 0 0 0 0 0 0 0 0 0 0 0 0 0 0 0 0 0 0 0 0 0 0 0 0 0 0 0 0 0 0 0 0 0 0 0 0 0 0 0 0 0 0 0 0 0 0 0 0 0 0 0 0 0 0 0 0 0 0 0 0 0 0 0 0 0 0 0 0 0 0 0 0 0 0 0 0 0 0 0 0 0 0 0 0 0 0 0 0 0 0 0 0 0 0 0 0 0 0 0 0 0 0 0 0 0 0 0 0 0 0 0 0 0 0 0 0 0 0 0 0 0 0 0 0 0 0 0 0 0 0 0 0 0 0 0 0 0 0 0 0 0 0 0 0 0 0 0 0 0 0 0 0 0 0 0 0 0 0 0 0 0 0 0 0 0 0 0 0 0 0 0 0 0 0 0 0 0 0 0 0 0 0 0 0 0 0 0 0 0 0 0 0 0 0 0 0 0 0 0 0 0 0 0 0 0 0 0 0 0 0 0 0 0 0 0 0 0 0 0 0 0 0 0 0 0 0 0 0 0 0 0 0 0 0 0 0 0 0 0 0 0 0 0 0 0 0 0 0 0 0 0 0 0 0 0 0 0 0 0 0 0 0 0 0 0 0 0 0 0 0 0 0 0 0 0 0 0 0 0 0 0 0 0 0 0 0 0 0 0 0 0 0 0 0 0 0 0 0 0 0 0 0 0 0 0 0 0 0 0 0 0 0 0 0 0 0 0 0 0 0 0 0 0 0 0 0 0 0 0 0 0 0 0 0 0 0 0 0 0 0 0 0 0 0 0 0 0 0 0 0 0 0 0 0 0 0 0 0 0 0 0 0 0 0 0 0 0 0 0 0 0 0 0 0 0 0 0 0 0 0 0 0 0 0 0 0 0 0 0 0 0 0 0 0 0 0 0 0 0 0 0 0 0 0 0 0 0 0 0 0 0 0 0 0 0 0 0 0 0 0 0 0 0 0 0 0 0 0 0 0 0 0 0 0 0 0 0 0 0 0 0 0 0 0 0 0 0 0 0 0 0 0 0 0 0 0 0 0 0 0 0 0 0 0 0 0 0 0 0 0 0 0 0 0 0 0 0 0 0 0 0 0 0 0 0 0 0 0 0 0 0 0 0 0 0 0 0 0 0 0 0 0 0 0 0 0 0 0 0 0 0 0 0 0 0 0 0 0 0 0 0 0 0 0 0 0 0 0 0 0 0 0 0 0 0 0 0 0 0 0 0 0 0 0 0 0 0 0 0 0 0 0 0 0 0 0 0 0 0 0 0 0 0 0 0 0 0 0 0 0 0 0 0 0 0 0 0 0 0 0 0 0 0 0 0 0 0 0 0 0 0 0 0 0 0 0 0 0 0 0 0 0 0 0 0 0 0 0 0 0 0 0 0 0 0 0 0 0 0 0 0 0 0 0 0 0 0 0 0 0 0 0 0 0 0 0 0 0 0 0 0 0 0 0 0 0 0 0 0 0 0 0
ctxt 16141694
btime 1613124388
processes 401677
procs_running 1
procs_blocked 0
softirq 82578859 1 47710888 732 3031733 0 0 293219 2186153 0 29356133
