cpu  24168877 4 32927 7101836 497 0 3444 0 0 0
cpu0 670958 0 1220 197060 13 0 558 0 0 0
cpu1 673257 0 1216 195107 1 0 130 0 0 0
cpu2 670402 0 1631 196674 2 0 906 0 0 0
cpu3 670882 0 1257 197430 4 0 91 0 0 0
cpu4 671336 0 1169 197052 44 0 59 0 0 0
cpu5 671355 0 953 197296 29 0 18 0 0 0
cpu6 671126 0 958 197500 16 0 42 0 0 0
cpu7 671191 0 842 197576 13 0 31 0 0 0
cpu8 671247 0 818 197491 72 0 28 0 0 0
cpu9 670950 0 964 197675 2 0 72 0 0 0
cpu10 671070 0 969 197567 4 0 50 0 0 0
cpu11 671278 0 878 197459 0 0 36 0 0 0
cpu12 669640 0 2277 197465 9 0 255 0 0 0
cpu13 671247 0 1024 197296 1 0 85 0 0 0
cpu14 671127 0 858 197645 1 0 24 0 0 0
cpu15 670949 0 1132 197412 5 0 161 0 0 0
cpu16 670689 0 1242 197561 2 0 159 0 0 0
cpu17 671026 0 1096 197489 7 0 21 0 0 0
cpu18 671860 0 655 197121 3 0 12 0 0 0
cpu19 672250 0 864 196436 48 0 28 0 0 0
cpu20 672135 0 838 196604 1 0 51 0 0 0
cpu21 671988 0 947 196629 2 0 71 0 0 0
cpu22 671997 0 611 196960 62 0 19 0 0 0
cpu23 671769 0 579 197198 70 0 12 0 0 0
cpu24 671769 0 417 197450 4 0 10 0 0 0
cpu25 671361 0 722 197554 1 0 10 0 0 0
cpu26 671368 0 598 197643 0 0 43 0 0 0
cpu27 671020 0 882 197629 1 0 118 0 0 0
cpu28 671566 0 534 197527 1 0 20 0 0 0
cpu29 671556 0 460 197620 0 0 15 0 0 0
cpu30 671466 0 632 197533 10 0 8 0 0 0
cpu31 671908 0 400 197317 1 0 24 0 0 0
cpu32 671576 2 457 197588 8 0 10 0 0 0
cpu33 671606 0 604 197352 20 0 50 0 0 0
cpu34 670826 0 1180 197487 19 0 132 0 0 0
cpu35 671109 0 1031 197416 2 0 71 0 0 0
intr 66618495 56 0 0 0 614 0 0 0 1 0 263 0 0 0 0 0 0 0 0 0 0 0 0 0 0 0 0 0 0 0 0 0 742 195 599 433 4717 2539 590 380 3010 1162 74 127 2314 285 597 249 568 477 216 6151 827 177 2204 3248 0 0 0 0 387 128 364 95 70 128 614 119 1019 1822 1372 347 93 0 16 14855 3420 0 16852 897 161655 1154 565 1012 1399 1576 1523 1355 1381 1937 73345 7661 3254 2894 2400 1042 1369 615 5610 2530 340 1236 456 560 1908 1367 967 2708 974 840 1639 1029 1770 1387 0 18 7921 1 0 0 0 0 0 0 0 0 0 0 0 0 0 0 0 0 0 0 0 0 0 0 0 0 0 0 0 0 0 0 0 0 0 0 0 0 0 21 0 0 0 0 0 0 0 0 0 0 0 0 0 0 0 0 0 0 0 0 0 0 0 0 0 0 0 0 0 0 0 0 0 0 0 0 0 0 0 0 0 0 0 0 0 0 0 0 0 0 0 0 0 0 0 0 0 0 0 0 0 0 0 0 0 0 0 0 0 0 0 0 0 0 0 0 0 0 0 0 0 0 0 0 0 0 0 0 0 0 0 0 0 0 0 0 0 0 0 0 0 0 0 0 0 0 0 0 0 0 0 0 0 0 0 0 0 0 0 0 0 0 0 0 0 0 0 0 0 0 0 0 0 0 0 0 0 0 0 0 0 0 0 0 0 0 0 0 0 0 0 0 0 0 0 0 0 0 0 0 0 0 0 0 0 0 0 0 0 0 0 0 0 0 0 0 0 0 0 0 0 0 0 0 0 0 0 0 0 0 0 0 0 0 0 0 0 0 0 0 0 0 0 0 0 0 0 0 0 0 0 0 0 0 0 0 0 0 0 0 0 0 0 0 0 0 0 0 0 0 0 0 0 0 0 0 0 0 0 0 0 0 0 0 0 0 0 0 0 0 0 0 0 0 0 0 0 0 0 0 0 0 0 0 0 0 0 0 0 0 0 0 0 0 0 0 0 0 0 0 0 0 0 0 0 0 0 0 0 0 0 0 0 0 0 0 0 0 0 0 0 0 0 0 0 0 0 0 0 0 0 0 0 0 0 0 0 0 0 0 0 0 0 0 0 0 0 0 0 0 0 0 0 0 0 0 0 0 0 0 0 0 0 0 0 0 0 0 0 0 0 0 0 0 0 0 0 0 0 0 0 0 0 0 0 0 0 0 0 0 0 0 0 0 0 0 0 0 0 0 0 0 0 0 0 0 0 0 0 0 0 0 0 0 0 0 0 0 0 0 0 0 0 0 0 0 0 0 0 0 0 0 0 0 0 0 0 0 0 0 0 0 0 0 0 0 0 0 0 0 0 0 0 0 0 0 0 0 0 0 0 0 0 0 0 0 0 0 0 0 0 0 0 0 0 0 0 0 0 0 0 0 0 0 0 0 0 0 0 0 0 0 0 0 0 0 0 0 0 0 0 0 0 0 0 0 0 0 0 0 0 0 0 0 0 0 0 0 0 0 0 0 0 0 0 0 0 0 0 0 0 0 0 0 0 0 0 0 0 0 0 0 0 0 0 0 0 0 0 0 0 0 0 0 0 0 0 0 0 0 0 0 0 0 0 0 0 0 0 0 0 0 0 0 0 0 0 0 0 0 0 0 0 0 0 0 0 0 0 0 0 0 0 0 0 0 0 0 0 0 0 0 0 0 0 0 0 0 0 0 0 0 0 0 0 0 0 0 0 0 0 0 0 0 0 0 0 0 0 0 0 0 0 0 0 0 0 0 0 0 0 0 0 0 0 0 0 0 0 0 0 0 0 0 0 0 0 0 0 0 0 0 0 0 0 0 0 0 0 0 0 0 0 0 0 0 0 0 0 0 0 0 0 0 0 0 0 0 0 0 0 0 0 0 0 0 0 0 0 0 0 0 0 0 0 0 0 0 0 0 0 0 0 0 0 0 0 0 0 0 0 0 0 0 0 0 0 0 0 0 0 0 0 0 0 0 0 0 0 0 0 0 0 0 0 0 0 0 0 0 0 0 0 0 0 0 0 0 0 0 0 0 0 0 0 0 0 0 0 0 0 0 0 0 0 0 0 0 0 0 0 0 0 0 0 0 0 0 0 0 0 0 0 0 0 0 0 0 0 0 0 0 0 0 0 0 0 0 0 0 0 0 0 0 0 0 0 0 0 0 0 0 0 0 0 0 0 0 0 0 0 0 0 0 0 0 0 0 0 0 0 0 0 0 0 0 0 0 0 0 0 0 0 0 0 0 0 0 0 0 0 0 0 0 0 0 0 0 0 0 0 0 0 0 0 0 0 0 0 0 0 0 0 0 0 0 0 0 0 0 0 0 0 0 0 0 0 0 0 0 0 0 0 0 0 0 0 0 0 0 0 0 0 0 0 0 0 0 0 0 0 0 0 0 0 0 0 0 0 0 0 0 0 0 0 0 0 0 0 0 0 0 0 0 0 0 0 0 0 0 0 0 0 0 0 0 0 0 0 0 0 0 0 0 0 0 0 0 0 0 0 0 0 0 0 0 0 0 0 0 0 0 0 0 0 0 0 0 0 0 0 0 0 0 0 0 0 0 0 0 0 0 0 0 0 0 0 0 0 0 0 0 0 0 0 0 0 0 0 0 0 0 0 0 0 0 0 0 0 0 0 0 0 0 0 0 0 0 0 0 0 0 0 0 0 0 0 0 0 0 0 0 0 0 0 0 0 0 0 0 0 0 0 0 0 0 0 0 0 0 0 0 0 0 0 0 0 0 0 0 0 0 0 0 0 0 0 0 0 0 0 0 0 0 0 0 0 0 0 0 0 0 0 0 0 0 0 0 0 0 0 0 0 0 0 0 0 0 0 0
ctxt 17249501
btime 1613124388
processes 430382
procs_running 1
procs_blocked 0
softirq 86980555 1 50366497 744 3235632 0 0 307027 2277360 0 30793294
