cpu  22648476 8 22725 11881733 424 0 1208 0 0 0
cpu0 177008 0 1068 91634 0 0 257 0 0 0
cpu1 176966 0 102 92896 0 0 37 0 0 0
cpu2 176604 0 376 92977 1 0 3 0 0 0
cpu3 176619 0 442 92880 2 0 36 0 0 0
cpu4 177203 0 448 92306 8 0 6 0 0 0
cpu5 176941 0 119 92908 0 0 12 0 0 0
cpu6 176751 0 302 92919 0 0 11 0 0 0
cpu7 176760 0 242 92955 0 0 16 0 0 0
cpu8 177465 0 315 92174 0 0 11 0 0 0
cpu9 176862 0 82 93026 0 0 1 0 0 0
cpu10 176775 0 258 92914 8 0 18 0 0 0
cpu11 176836 0 200 92937 0 0 10 0 0 0
cpu12 177116 0 294 92544 0 0 4 0 0 0
cpu13 177006 0 75 92897 0 0 0 0 0 0
cpu14 176824 0 246 92893 0 0 17 0 0 0
cpu15 176229 0 541 93109 0 0 68 0 0 0
cpu16 176893 0 330 92732 0 0 8 0 0 0
cpu17 177000 0 78 92901 0 0 0 0 0 0
cpu18 176881 0 140 92959 0 0 4 0 0 0
cpu19 176827 0 207 92923 0 0 17 0 0 0
cpu20 177067 5 267 92609 5 0 8 0 0 0
cpu21 177007 0 75 92895 0 0 0 0 0 0
cpu22 176894 0 139 92938 0 0 8 0 0 0
cpu23 176627 0 246 93085 0 0 13 0 0 0
cpu24 177176 0 206 92575 2 0 4 0 0 0
cpu25 176807 0 176 92980 0 0 7 0 0 0
cpu26 176992 0 85 92898 0 0 1 0 0 0
cpu27 176922 0 152 92891 0 0 9 0 0 0
cpu28 177236 0 316 92402 0 0 6 0 0 0
cpu29 176970 0 89 92914 0 0 1 0 0 0
cpu30 176912 0 94 92966 0 0 3 0 0 0
cpu31 176965 0 110 92892 0 0 3 0 0 0
cpu32 176990 0 292 92648 19 0 1 0 0 0
cpu33 176943 0 132 92899 0 0 0 0 0 0
cpu34 176904 0 88 92975 0 0 0 0 0 0
cpu35 176944 0 132 92889 0 0 6 0 0 0
cpu36 176972 0 315 92649 17 0 8 0 0 0
cpu37 176959 0 94 92920 0 0 2 0 0 0
cpu38 176793 0 154 93007 0 0 2 0 0 0
cpu39 176906 0 166 92885 0 0 13 0 0 0
cpu40 176960 0 250 92741 4 0 8 0 0 0
cpu41 176898 0 156 92895 0 0 19 0 0 0
cpu42 176808 0 113 93042 0 0 5 0 0 0
cpu43 176788 0 140 93024 0 0 4 0 0 0
cpu44 176872 0 260 92813 1 0 19 0 0 0
cpu45 176992 0 76 92902 0 0 0 0 0 0
cpu46 176766 0 144 93049 2 0 7 0 0 0
cpu47 176824 0 218 92895 0 0 24 0 0 0
cpu48 177054 0 169 92769 1 0 2 0 0 0
cpu49 177030 0 72 92861 0 0 0 0 0 0
cpu50 176931 0 76 92956 2 0 1 0 0 0
cpu51 176746 0 178 93041 0 0 15 0 0 0
cpu52 176924 0 178 92853 0 0 8 0 0 0
cpu53 177002 0 76 92882 0 0 0 0 0 0
cpu54 176812 0 80 93061 1 0 2 0 0 0
cpu55 176898 0 176 92887 0 0 3 0 0 0
cpu56 176959 0 191 92733 1 0 34 0 0 0
cpu57 176981 0 91 92884 0 0 2 0 0 0
cpu58 176922 0 81 92960 0 0 0 0 0 0
cpu59 176931 0 140 92876 0 0 16 0 0 0
cpu60 177256 0 164 92537 1 0 2 0 0 0
cpu61 176988 0 80 92888 0 0 2 0 0 0
cpu62 176994 0 77 92887 0 0 0 0 0 0
cpu63 176784 0 160 93012 0 0 7 0 0 0
cpu64 177273 0 408 92250 7 0 6 0 0 0
cpu65 176981 0 77 92901 0 0 0 0 0 0
cpu66 176875 0 136 92947 1 0 0 0 0 0
cpu67 176698 0 241 93005 0 0 12 0 0 0
cpu68 177307 0 365 92264 2 0 12 0 0 0
cpu69 176961 0 90 92907 0 0 0 0 0 0
cpu70 176590 0 373 92936 0 0 60 0 0 0
cpu71 176768 0 261 92900 0 0 21 0 0 0
cpu72 176962 0 150 92832 4 0 1 0 0 0
cpu73 176988 0 72 92891 1 0 0 0 0 0
cpu74 176869 0 123 92937 0 0 7 0 0 0
cpu75 176902 0 179 92866 1 0 11 0 0 0
cpu76 177608 0 366 91848 116 0 1 0 0 0
cpu77 177007 0 67 92880 0 0 1 0 0 0
cpu78 176869 0 130 92947 0 0 2 0 0 0
cpu79 176240 0 620 92966 0 0 117 0 0 0
cpu80 177216 0 240 92472 12 0 2 0 0 0
cpu81 176982 0 87 92886 0 0 0 0 0 0
cpu82 176914 0 126 92890 0 0 2 0 0 0
cpu83 176688 0 269 92957 1 0 21 0 0 0
cpu84 177293 0 256 92272 106 0 5 0 0 0
cpu85 177006 0 100 92833 6 0 0 0 0 0
cpu86 176913 0 94 92940 0 0 2 0 0 0
cpu87 176925 0 158 92863 0 0 3 0 0 0
cpu88 177241 0 179 92527 1 0 1 0 0 0
cpu89 176992 0 92 92865 0 0 0 0 0 0
cpu90 176943 0 89 92907 8 0 0 0 0 0
cpu91 176781 0 180 92979 0 0 6 0 0 0
cpu92 177125 0 198 92617 1 0 2 0 0 0
cpu93 176974 0 78 92899 0 0 0 0 0 0
cpu94 176941 0 99 92901 0 0 0 0 0 0
cpu95 176932 0 147 92862 1 0 2 0 0 0
cpu96 176943 0 343 92659 2 0 0 0 0 0
cpu97 176960 0 93 92892 0 0 0 0 0 0
cpu98 176835 0 110 93000 0 0 0 0 0 0
cpu99 176902 0 117 92911 0 0 6 0 0 0
cpu100 177042 0 286 92601 2 0 1 0 0 0
cpu101 176927 0 76 92942 0 0 0 0 0 0
cpu102 176880 0 104 92959 0 0 0 0 0 0
cpu103 176781 0 149 93003 0 0 5 0 0 0
cpu104 177087 0 191 92664 2 0 2 0 0 0
cpu105 176994 0 79 92870 0 0 2 0 0 0
cpu106 176983 0 91 92874 0 0 0 0 0 0
cpu107 176931 0 116 92884 0 0 5 0 0 0
cpu108 177026 0 132 92766 9 0 4 0 0 0
cpu109 177003 0 89 92851 0 0 0 0 0 0
cpu110 176986 0 81 92871 0 0 1 0 0 0
cpu111 176915 0 150 92871 0 0 2 0 0 0
cpu112 176984 0 91 92861 0 0 2 0 0 0
cpu113 177006 0 76 92860 0 0 0 0 0 0
cpu114 176898 0 73 92967 1 0 0 0 0 0
cpu115 176905 0 162 92867 0 0 6 0 0 0
cpu116 177027 0 138 92768 0 0 0 0 0 0
cpu117 177002 0 89 92835 11 0 0 0 0 0
cpu118 176928 0 91 92918 1 0 0 0 0 0
cpu119 176838 0 209 92879 0 0 9 0 0 0
cpu120 177104 0 138 92693 0 0 0 0 0 0
cpu121 177004 0 72 92863 0 0 1 0 0 0
cpu122 176991 0 79 92867 3 0 0 0 0 0
cpu123 176821 0 110 92996 0 0 2 0 0 0
cpu124 177645 0 206 92074 4 0 2 0 0 0
cpu125 176995 0 70 92869 0 0 0 0 0 0
cpu126 176819 0 94 93012 0 0 0 0 0 0
cpu127 176823 0 180 92925 1 0 3 0 0 0
intr 65548341 130 0 0 0 681 0 0 0 1 0 285 0 0 0 0 0 0 0 0 0 0 0 0 0 0 0 0 0 0 0 0 0 0 0 0 260 0 5266 208 107 6593 1847 0 1 3283 3 7 3 2997 1239 0 0 8562 582 2 0 4755 4370 0 0 3527 1861 10 1 3433 6398 0 0 1283 6 0 122 2160 507 0 0 11479 227 2 4 2214 442 0 45 3137 4 160 177 2988 187 0 769 1920 45596 0 1 1545 11 142 12 1899 8138 100 0 3438 4435 0 0 6324 0 0 92 4505 748 0 0 9021 1248 0 2 4547 4689 0 0 2702 0 0 0 2196 1804 0 16 1425 1 0 0 1579 3 8 0 4376 4 0 0 2251 22 0 0 2305 726 0 0 2484 0 0 0 0 0 0 0 0 0 0 0 0 0 157 880 476 348 10759 2029 6255 130 466 333 280 828 64 143 27 217 731 128 486 132 154 25 19 27 164 1 2 46 5 0 293 9 3 0 0 0 0 0 0 0 0 0 0 0 0 0 0 0 0 0 0 6 0 0 0 20 0 20 2 5 10 0 340 2 5 84 12 3928 15 6 13 184 18 1 5 4 51 89 8 12 4 8 3 1 0 4 9 61 5 421 147 195 376 79 53 14 9 10 111 127 24 18 0 0 11 54 118 126 82 1 7 18 52 0 0 0 0 0 0 0 0 0 0 0 0 0 0 0 0 0 0 0 0 0 0 0 0 0 0 0 0 0 0 0 0 0 0 0 0 0 0 0 0 0 0 0 0 0 0 0 0 0 0 0 0 0 0 0 0 0 0 0 0 0 0 0 0 0 0 0 0 0 0 0 0 0 0 0 0 0 0 0 0 0 0 0 0 0 0 0 0 0 0 0 0 0 0 0 0 0 0 0 0 0 0 0 0 0 0 0 0 0 0 0 0 0 0 0 0 0 0 0 0 0 0 0 0 0 0 0 0 0 0 0 0 0 0 0 0 0 0 0 0 0 0 0 0 0 0 0 0 0 0 0 0 0 0 0 0 0 0 0 0 0 0 0 0 0 0 0 0 0 0 0 0 0 0 0 0 0 0 0 0 0 0 0 0 0 0 0 0 0 0 0 0 0 0 0 0 0 0 0 0 0 0 0 0 0 0 0 0 0 0 0 0 0 0 0 0 0 0 0 0 0 0 0 0 0 0 0 0 0 0 0 0 0 0 0 0 0 0 0 0 0 0 0 0 0 0 0 0 0 0 0 0 0 0 0 0 0 0 0 0 0 0 0 0 0 0 0 0 0 0 0 0 0 0 0 0 0 0 0 0 0 0 0 0 0 0 0 0 0 0 0 0 0 0 0 0 0 0 0 0 0 0 0 0 0 0 0 0 0 0 0 0 0 0 0 0 0 0 0 0 0 0 0 0 0 0 0 0 0 0 0 0 0 0 0 0 0 0 0 0 0 0 0 0 0 0 0 0 0 0 0 0 0 0 0 0 0 0 0 0 0 0 0 0 0 0 0 0 0 0 0 0 0 0 0 0 0 0 0 0 0 0 0 0 0 0 0 0 0 0 0 0 0 0 0 0 0 0 0 0 0 0 0 0 0 0 0 0 0 0 0 0 0 0 0 0 0 0 0 0 0 0 0 3 0 0 0 0 0 0 0 0 0 0 0 0 0 0 0 0 0 0 0 0 0 0 0 21 1 0 0 27 0 0 0 0 0 0 0 0 0 0 0 0 0 0 0 0 0 0 0 0 0 0 0 0 0 0 0 0 0 0 0 49 0 0 0 0 0 0 0 0 0 0 0 0 0 0 0 0 0 0 0 0 0 0 0 0 0 0 0 0 0 0 0 0 0 19 0 0 0 0 0 0 0 0 0 0 0 0 0 0 0 0 0 0 0 0 0 0 0 0 0 0 0 0 0 0 0 0 0 0 0 0 0 0 0 0 0 0 0 0 0 0 0 0 0 0 0 0 0 0 0 0 0 0 0 0 0 0 0 0 0 0 0 0 0 0 0 0 0 0 0 0 0 0 0 0 0 0 0 0 0 0 0 0 0 0 0 0 0 0 0 0 0 0 0 0 0 0 0 0 0 0 0 0 0 0 0 0 0 0 0 0 0 0 0 0 0 0 0 0 0 0 0 0 0 0 0 0 0 0 0 0 0 0 0 0 0 0 0 0 0 0 0 0 0 0 0 0 0 0 0 0 0 0 0 0 0 0 0 0 0 0 0 0 0 0 0 0 0 0 0 0 0 0 0 0 0 0 0 0 0 0 0 0 0 0 0 0 0 0 0 0 0 0 0 0 0 0 0 0 0 0 0 0 0 0 0 0 0 0 0 0 0 0 0 0 0 0 0 0 0 0 0 0 0 0 0 0 0 0 0 0 0 0 0 0 0 0 0 0 0 0 0 0 0 0 0 0 0 0 0 0 0 0 0 0 0 0 0 0 0 0 0 0 0 0 0 0 0 0 0 0 0 0 0 0 0 0 0 0 0 0 0 0 0 0 0 0 0 0 0 0 0 0 0 0 0 0 0 0 0 0 0 0 0 0 0 0 0 0 0 0 0 0 0 0 0 0 0 0 0 0 0 0 0 0 0 0 0 0 0 0 0 0 0 0 0 0 0 0 0 0 0 0 0 0 0 0 0 0 0 0 0 0 0 0 0 0 0 0 0 0 0 0 0 0 0 0 0 0 0 0 0 0 0 0 0 0 0 0 0 0 0 0 0 0 0 0 0 0 0 0 0 0 0 0 0 0 0 0 0 0 0 0 0 0 0 0 0 0 0 0 0 0 0 0 0 0 0 0 0 0 0 0 0 0 0 0 0 0 0 0 0 0 0 0 0 0 0 0 0 0 0 0 0 0 0 0 0 0 0 0 0 0 0 0 0 0 0 0 0 0 0 0 0 0 0 0 0 0 0 0 0 0 0 0 0 0 0 0 0 0 0 0 0 0 0 0 0 0 0 0 0 0 0 0 0 0 0 0 0 0 0 0 0 0 0 0 0 0 0 0 0 0 0 0 0 0 0 0 0 0 0 0 0 0 0 0 0 0 0 0 0 0 0 0 0 0 0 0 0 0 0 0 0 0 0 0 0 0 0 0 0 0 0 0 0 0 0 0 0 0 0 0 0 0 0 0 0 0 0 0 0 0 0 0 0 0 0 0 0 0 0 0 0 0 0 0 0 0 0 0 0 0 0 0 0 0 0 0 0 0 0 0 0 0 0 0 0 0 0 0 0 0 0 0 0 0 0 0 0 0 0 0 0 0 0 0 0 0 0 0 0 0 0 0 0 0 0 0 0 0 0 0 0 0 0 0 0 0 0 0 0 0 0 0 0 0 0 0 0 0 0 0 0 0 0 0 0 0 0 0 0 0 0 0 0 0 0 0 0 0 0 0 0 0 0 0 0 0 0 0 0 0 0 0 0 0 0 0 0 0 0 0 0 0 0 0 0 0 0 0 0 0 0 0 0 0 0 0 0 0 0 0 0 0 0 0 0 0 0 0 0 0 0 0 0 0 0 0 0 0 0 0 0 0 0 0 0 0 0 0 0 0 0 0 0 0 0 0 0 0 0 0 0 0 0 0 0 0 0 0 0 0 0 0 0 0 0 0 0 0 0 0 0 0 0 0 0 0 0 0 0 0 0 0 0 0 0 0 0 0 0 0 0 0 0 0 0 0 0 0 0 0 0 0 0 0 0 0 0 0 0 0 0 0 0 0 0 0 0 0 0 0 0 0 0 0 0 0 0 0 0 0 0 0 0 0 0 0 0 0 0 0 0 0 0 0 0 0 0 0 0 0 0 0 0 0 0 0 0 0 0 0 0 0 0 0 0 0 0 0 0 0 0 0 0 0 0 0 0 0 0 0 0 0 0 0 0 0 0 0 0 0 0 0 0 0 0 0 0 0 0 0 0 0 0 0 0 0 0 0 0 0 0 0 0 0 0 0 0 0 0 0 0 0 0 0 0 0 0 0 0 0 0 0 0 0 0 0 0 0 0 0 0 0 0 0 0 0 0 0 0 0 0 0 0 0 0 0 0 0 0 0 0 0 0 0 0 0 0 0 0 0 0 0 0 0 0 0 0 0 0 0 0 0 0 0 0 0 0 0 0 0 0 0 0 0 0 0 0 0 0 0 0 0 0 0 0 0 0 0 0 0 0 0 0 0 0 0 0 0 0 0 0 0 0 0 0 0 0 0 0 0 0 0 0 0 0 0 0 0 0 0 0 0 0 0 0 0 0 0 0 0 0 0 0 0 0 0 0 0 0 0 0 0 0 0 0 0 0 0 0 0 0 0 0 0 0 0 0 0 0 0 0 0 0 0 0 0 0 0 0 0 0 0 0 0 0 0 0 0 0 0 0 0 0 0 0 0 0 0 0 0 0 0 0 0 0 0 0 0 0 0 0 0 0 0 0 0 0 0 0 0 0 0 0 0 0 0 0 0 0 0 0 0 0 0 0 0 0 0 0 0 0 0 0 0 0 0 0 0 0 0 0 0 0 0 0 0 0 0 0 0 0 0 0 0 0 0 0 0 0 0 0 0 0 0 0 0 0 0 0 0 0 0 0 0 0 0 0 0 0 0 0 0 0 0 0 0 0 0 0 0 0 0 0 0 0 0 0 0 0 0 0 0 0 0 0 0 0 0 0 0 0 0 0 0 0 0 0 0 0 0 0 0 0 0 0 0 0 0 0 0 0 0 0 0 0 0 0 0 0 0 0 0 0 0 0 0 0 0 0 0 0 0 0 0 0 0 0 0 0 0 0 0 0 0 0 0 0 0 0 0 0 0 0 0 0 0 0 0 0 0 0 0 0 0 0 0 0 0 0 0 0 0 0 0 0 0 0 0 0 0 0 0 0 0 0 0 0 0 0 0 0 0 0 0 0 0 0 0 0 0 0 0 0 0 0 0 0 0 0 0 0 0 0 0 0 0 0 0 0 0 0 0 0 0 0 0 0 0 0 0 0 0 0 0 0 0 0 0 0 0 0 0 0 0 0 0 0 0 0 0 0 0 0 0 0 0 0 0 0 0 0 0 0 0 0 0 0 0 0 0 0 0 0 0 0 0 0 0 0 0 0 0 0 0 0 0 0 0 0 0 0 0 0 0 0 0 0 0 0 0 0 0 0 0 0 0 0 0 0 0 0 0 0 0 0 0 0 0 0 0 0 0 0 0 0 0 0 0 0 0 0 0 0 0 0 0 0 0 0 0 0 0 0 0 0 0 0 0 0 0 0 0 0 0 0 0 0 0 0 0 0 0 0 0 0 0 0 0 0 0 0 0 0 0 0 0 0 0 0 0 0 0 0 0 0 0 0 0 0 0 0 0 0 0 0 0 0 0 0 0 0 0 0 0 0 0 0 0 0 0 0 0 0 0 0 0 0 0 0 0 0 0 0 0 0 0 0 0 0 0 0 0 0 0 0 0 0 0 0 0 0 0 0 0 0 0 0 0 0 0 0 0 0 0 0 0 0 0 0 0 0 0 0 0 0 0 0 0 0 0 0 0 0 0 0 0 0 0 0 0 0 0 0 0 0 0 0 0 0 0 0 0 0 0 0 0 0 0 0 0 0 0 0 0 0 0 0 0 0 0 0 0 0 0 0 0 0 0 0 0 0 0 0 0 0 0 0 0 0 0 0 0 0 0 0 0 0 0 0 0 0 0 0 0 0 0 0 0 0 0 0 0 0 0 0 0 0 0 0 0 0 0 0 0 0 0 0 0 0 0 0 0 0 0 0 0 0 0 0 0 0 0 0 0 0 0 0 0 0 0 0 0 0 0 0 0 0 0 0 0 0 0 0 0 0 0 0 0 0 0 0 0 0 0 0 0 0 0 0 0 0 0 0 0 0 0 0 0 0 0 0 0 0 0 0 0 0 0 0 0 0 0 0 0 0 0 0 0 0 0 0 0 0 0 0 0 0 0 0 0 0 0 0 0 0 0 0 0 0 0 0 0 0 0 0 0 0 0 0 0 0 0 0 0 0 0 0 0 0 0 0 0 0 0 0 0 0 0 0 0 0 0 0 0 0 0 0 0 0 0 0 0 0 0 0 0 0 0 0 0 0 0 0 0 0 0 0 0 0 0 0 0 0 0 0 0 0 0 0 0 0 0 0 0 0 0 0 0 0 0 0 0 0 0 0 0 0 0 0 0 0 0 0 0 0 0 0 0 0 0 0 0 0 0 0 0 0 0 0 0 0 0 0 0 0 0 0 0 0 0 0 0 0 0 0 0 0 0 0 0 0 0 0 0 0 0 0 0 0 0 0 0 0 0 0 0 0 0 0 0 0 0 0 0 0 0 0 0 0 0 0 0 0 0 0 0 0 0 0 0 0 0 0 0 0 0 0 0 0 0 0 0 0 0 0 0 0 0 0 0 0 0 0 0 0 0 0 0 0 0 0 0 0 0 0 0 0 0 0 0 0 0 0 0 0 0 0 0 0 0 0 0 0 0 0 0 0 0 0 0 0 0 0 0 0 0 0 0 0 0 0 0 0 0 0 0 0 0 0 0 0 0 0 0 0 0 0 0 0 0 0 0 0 0 0 0 0 0 0 0 0 0 0 0 0 0 0 0 0 0 0 0 0 0 0 0 0 0 0 0 0 0 0 0 0 0 0 0 0 0 0 0 0 0 0 0 0 0 0 0 0 0 0 0 0 0 0 0 0 0 0 0 0 0 0 0 0 0 0 0 0 0 0 0 0 0 0 0 0 0 0 0 0 0 0 0 0 0 0 0 0 0 0 0 0 0 0 0 0 0 0 0 0 0 0 0 0 0 0 0 0 0 0 0 0 0 0 0 0 0 0 0 0 0 0 0 0 0 0 0 0 0 0 0 0 0 0 0 0 0 0 0 0 0 0 0 0 0 0 0 0 0 0 0 0 0 0 0 0 0 0 0 0 0 0 0 0 0 0 0 0 0 0 0 0 0 0 0 0 0 0 0 0 0 0 0 0 0 0 0 0 0 0 0 0 0 0 0 0 0 0 0 0 0 0 0 0 0 0 0 0 0 0 0 0 0 0 0 0 0 0 0 0 0 0 0 0 0 0 0 0 0 0 0 0 0 0 0 0 0 0 0 0 0 0 0 0 0 0 0 0 0 0 0 0 0 0 0 0 0 0 0 0 0 0 0 0 0 0 0 0 0 0 0 0 0 0 0 0 0 0 0 0 0 0 0 0 0 0 0 0 0 0 0 0 0 0 0 0 0 0 0 0 0 0 0 0 0 0 0 0 0 0 0 0 0 0 0 0 0 0 0 0 0 0 0 0 0 0 0 0 0 0 0 0 0 0 0 0 0 0 0 0 0 0 0 0 0 0 0 0 0 0 0 0 0 0 0 0 0 0 0 0 0 0 0 0 0 0 0 0 0 0 0 0 0 0 0 0 0 0 0 0 0 0 0 0 0 0 0 0 0 0 0 0 0 0 0 0 0 0 0 0 0 0 0 0 0 0 0 0 0 0 0 0 0 0 0 0 0 0 0 0 0 0 0 0 0 0 0 0 0 0 0 0 0 0 0 0 0 0 0 0 0 0 0 0 0 0 0 0 0 0 0 0 0 0 0 0 0 0 0 0 0 0 0 0 0 0 0 0 0 0 0 0 0 0 0 0 0 0 0 0 0 0 0 0 0 0 0 0 0 0 0 0 0 0 0 0 0 0 0 0 0 0 0 0 0 0 0 0 0 0 0 0 0 0 0 0 0 0 0 0 0 0 0 0 0 0 0 0 0 0 0 0 0 0 0 0 0 0 0 0 0 0 0 0 0 0 0 0 0 0 0 0 0 0 0 0 0 0 0 0 0 0 0 0 0 0 0 0 0 0 0 0 0 0 0 0 0 0 0 0 0 0 0 0 0 0 0 0 0 0 0 0 0 0 0 0 0 0 0 0 0 0 0 0 0 0 0 0 0 0 0 0 0 0 0 0 0 0 0 0 0 0 0 0 0 0 0 0 0 0 0 0 0 0 0 0 0 0 0 0 0 0 0 0 0 0 0 0 0 0 0 0 0 0 0 0 0 0 0 0 0 0 0 0 0 0 0 0 0 0 0 0 0 0 0 0 0 0 0 0 0 0 0 0 0 0 0 0 0 0 0 0 0 0 0 0 0 0 0 0 0 0 0 0 0 0 0 0 0 0 0 0 0 0 0 0 0 0 0 0 0 0 0 0 0 0 0 0 0 0 0 0 0 0 0 0 0 0 0 0 0 0 0 0 0 0 0 0 0 0 0 0 0 0 0 0 0 0 0 0 0 0 0 0 0 0 0 0 0 0 0 0 0 0 0 0 0 0 0 0 0 0 0 0 0 0 0 0 0 0 0 0 0 0 0 0 0 0 0 0 0 0 0 0 0 0 0 0 0 0 0 0 0 0 0 0 0 0 0 0 0 0 0 0 0 0 0 0 0 0 0 0 0 0 0 0 0 0 0 0 0 0 0 0 0 0 0 0 0 0 0 0 0 0 0 0 0 0 0 0 0 0 0 0 0 0 0 0 0 0 0 0 0 0 0 0 0 0 0 0 0 0 0 0 0 0 0 0 0 0 0 0 0 0 0 0 0 0 0 0 0 0 0 0 0 0 0 0 0 0 0 0 0 0 0 0 0 0 0 0 0 0 0 0 0 0 0 0 0 0 0 0 0 0 0 0 0 0 0 0 0 0 0 0 0 0 0 0 0 0 0 0 0 0 0 0 0 0 0 0 0 0 0 0 0 0 0 0 0 0 0 0 0 0 0 0 0 0 0 0 0 0 0 0 0 0 0 0 0 0 0 0 0 0 0 0 0 0 0 0 0 0 0 0 0 0 0 0 0 0 0 0 0 0 0 0 0 0 0 0 0 0 0 0 0 0 0 0 0 0 0 0 0 0 0 0 0 0 0 0 0 0 0 0 0 0 0 0 0 0 0 0 0 0 0 0 0 0 0 0 0 0 0 0 0 0 0 0 0 0 0 0 0 0 0 0 0 0 0 0 0 0 0 0 0 0 0 0 0 0 0 0 0 0 0 0 0 0 0 0 0 0 0 0 0 0 0 0 0 0 0 0 0 0 0 0 0 0 0 0 0 0 0 0 0 0 0 0 0 0 0 0 0 0 0 0 0 0 0 0 0 0 0 0 0 0 0 0 0 0 0 0 0 0 0 0 0 0 0 0 0 0 0 0 0 0 0 0 0 0 0 0 0 0 0 0 0 0 0 0 0 0 0 0 0 0 0 0 0 0 0 0 0 0 0 0 0 0 0 0 0 0 0 0 0 0 0 0 0 0 0 0 0 0 0 0 0 0 0 0 0 0 0 0 0 0 0 0 0 0 0 0 0 0 0 0 0 0 0 0 0 0 0 0 0 0 0 0 0 0 0 0 0 0 0 0 0 0 0 0 0 0 0 0 0 0 0 0 0 0 0 0 0 0 0 0 0 0 0 0 0 0 0 0 0 0 0 0 0 0 0 0 0 0 0 0 0 0 0 0 0 0 0 0 0 0 0 0 0 0 0 0 0 0 0 0 0 0 0 0 0 0 0 0 0 0 0 0 0 0 0 0 0 0 0 0 0 0 0 0 0 0 0 0 0 0 0 0 0 0 0 0 0 0 0 0 0 0 0 0 0 0 0 0 0 0 0 0 0 0 0 0 0 0 0 0 0 0 0 0 0 0 0 0 0 0 0 0 0 0 0 0 0 0 0 0 0 0 0 0 0 0 0 0 0 0 0 0 0 0 0 0 0 0 0 0 0 0 0 0 0 0 0 0 0 0 0 0 0 0 0 0 0 0 0 0 0 0 0 0 0 0 0 0 0 0 0 0 0 0 0 0 0 0 0 0 0 0 0 0 0 0 0 0 0 0 0 0 0 0 0 0 0 0 0 0 0 0 0 0 0 0 0 0 0 0 0 0 0 0 0 0 0 0 0 0 0 0 0 0 0 0 0 0 0 0 0 0 0 0 0 0 0 0 0 0 0 0 0 0 0 0 0 0 0 0 0 0 0 0 0 0 0 0 0 0 0 0 0 0 0 0 0 0 0 0 0 0 0 0 0 0
ctxt 5345619
btime 1613122782
processes 117878
procs_running 1
procs_blocked 0
softirq 70399464 1 41177883 1262 1015412 0 0 170 2241963 0 25962773
