cpu  19437342 3 25012 7035333 458 0 2640 0 0 0
cpu0 539388 0 1030 195353 1 0 498 0 0 0
cpu1 539928 0 864 195243 22 0 76 0 0 0
cpu2 539648 0 888 195504 17 0 106 0 0 0
cpu3 539814 0 703 195596 5 0 31 0 0 0
cpu4 539624 0 868 195614 3 0 32 0 0 0
cpu5 539934 0 551 195610 2 0 41 0 0 0
cpu6 539695 0 659 195733 6 0 40 0 0 0
cpu7 539834 0 782 195437 1 0 72 0 0 0
cpu8 539919 0 557 195626 1 0 28 0 0 0
cpu9 540137 0 718 195247 1 0 38 0 0 0
cpu10 539496 0 941 195614 6 0 66 0 0 0
cpu11 539500 0 809 195745 1 0 69 0 0 0
cpu12 539541 0 887 195619 38 0 31 0 0 0
cpu13 540452 0 632 195008 4 0 36 0 0 0
cpu14 539883 0 622 195534 88 0 13 0 0 0
cpu15 538086 0 1650 195553 49 0 787 0 0 0
cpu16 539926 0 721 195459 2 0 15 0 0 0
cpu17 539612 0 902 195567 2 0 40 0 0 0
cpu18 539976 0 464 195637 4 0 20 0 0 0
cpu19 540143 0 656 195239 15 0 47 0 0 0
cpu20 539736 0 743 195556 5 0 91 0 0 0
cpu21 540096 0 386 195647 1 0 7 0 0 0
cpu22 539946 0 474 195661 23 0 20 0 0 0
cpu23 539458 0 781 195767 0 0 126 0 0 0
cpu24 539912 0 504 195679 7 0 30 0 0 0
cpu25 539972 0 454 195653 13 0 30 0 0 0
cpu26 540192 0 342 195587 2 0 4 0 0 0
cpu27 540399 0 499 195202 16 0 5 0 0 0
cpu28 540748 0 910 194384 2 0 91 0 0 0
cpu29 540665 0 612 194793 1 0 36 0 0 0
cpu30 541258 0 691 194075 77 0 18 0 0 0
cpu31 540619 0 560 194911 1 0 21 0 0 0
cpu32 539997 0 476 195637 1 0 12 0 0 0
cpu33 539992 1 504 195583 6 0 28 0 0 0
cpu34 539923 0 544 195629 13 0 8 0 0 0
cpu35 539880 0 612 195613 2 0 14 0 0 0
intr 53942602 56 0 0 0 610 0 0 0 1 0 250 0 0 0 0 0 0 0 0 0 0 0 0 0 0 0 0 0 0 0 0 94 525 468 749 2629 373 620 1308 167 132 170 460 80 4697 480 3890 2320 508 441 247 387 435 176 1365 31 0 0 0 0 368 534 194 842 154 117 10207 169 150 724 492 206 0 0 17 11266 2 0 18149 1989 4155 774 2570 3073 983 4363 1793 5235 5022 3033 6673 1441 1423 176985 1658 4178 6183 1453 2131 1207 2090 515 604 1415 866 539 3697 1902 6959 4578 5070 3296 1279 1458 0 16 7807 1 0 0 0 0 0 0 0 0 0 0 0 0 0 0 0 0 0 0 0 0 0 0 0 0 0 0 0 0 0 0 0 0 0 0 0 0 0 25 0 0 0 0 0 0 0 0 0 0 0 0 0 0 0 0 0 0 0 0 0 0 0 0 0 0 0 0 0 0 0 0 0 0 0 0 0 0 0 0 0 0 0 0 0 0 0 0 0 0 0 0 0 0 0 0 0 0 0 0 0 0 0 0 0 0 0 0 0 0 0 0 0 0 0 0 0 0 0 0 0 0 0 0 0 0 0 0 0 0 0 0 0 0 0 0 0 0 0 0 0 0 0 0 0 0 0 0 0 0 0 0 0 0 0 0 0 0 0 0 0 0 0 0 0 0 0 0 0 0 0 0 0 0 0 0 0 0 0 0 0 0 0 0 0 0 0 0 0 0 0 0 0 0 0 0 0 0 0 0 0 0 0 0 0 0 0 0 0 0 0 0 0 0 0 0 0 0 0 0 0 0 0 0 0 0 0 0 0 0 0 0 0 0 0 0 0 0 0 0 0 0 0 0 0 0 0 0 0 0 0 0 0 0 0 0 0 0 0 0 0 0 0 0 0 0 0 0 0 0 0 0 0 0 0 0 0 0 0 0 0 0 0 0 0 0 0 0 0 0 0 0 0 0 0 0 0 0 0 0 0 0 0 0 0 0 0 0 0 0 0 0 0 0 0 0 0 0 0 0 0 0 0 0 0 0 0 0 0 0 0 0 0 0 0 0 0 0 0 0 0 0 0 0 0 0 0 0 0 0 0 0 0 0 0 0 0 0 0 0 0 0 0 0 0 0 0 0 0 0 0 0 0 0 0 0 0 0 0 0 0 0 0 0 0 0 0 0 0 0 0 0 0 0 0 0 0 0 0 0 0 0 0 0 0 0 0 0 0 0 0 0 0 0 0 0 0 0 0 0 0 0 0 0 0 0 0 0 0 0 0 0 0 0 0 0 0 0 0 0 0 0 0 0 0 0 0 0 0 0 0 0 0 0 0 0 0 0 0 0 0 0 0 0 0 0 0 0 0 0 0 0 0 0 0 0 0 0 0 0 0 0 0 0 0 0 0 0 0 0 0 0 0 0 0 0 0 0 0 0 0 0 0 0 0 0 0 0 0 0 0 0 0 0 0 0 0 0 0 0 0 0 0 0 0 0 0 0 0 0 0 0 0 0 0 0 0 0 0 0 0 0 0 0 0 0 0 0 0 0 0 0 0 0 0 0 0 0 0 0 0 0 0 0 0 0 0 0 0 0 0 0 0 0 0 0 0 0 0 0 0 0 0 0 0 0 0 0 0 0 0 0 0 0 0 0 0 0 0 0 0 0 0 0 0 0 0 0 0 0 0 0 0 0 0 0 0 0 0 0 0 0 0 0 0 0 0 0 0 0 0 0 0 0 0 0 0 0 0 0 0 0 0 0 0 0 0 0 0 0 0 0 0 0 0 0 0 0 0 0 0 0 0 0 0 0 0 0 0 0 0 0 0 0 0 0 0 0 0 0 0 0 0 0 0 0 0 0 0 0 0 0 0 0 0 0 0 0 0 0 0 0 0 0 0 0 0 0 0 0 0 0 0 0 0 0 0 0 0 0 0 0 0 0 0 0 0 0 0 0 0 0 0 0 0 0 0 0 0 0 0 0 0 0 0 0 0 0 0 0 0 0 0 0 0 0 0 0 0 0 0 0 0 0 0 0 0 0 0 0 0 0 0 0 0 0 0 0 0 0 0 0 0 0 0 0 0 0 0 0 0 0 0 0 0 0 0 0 0 0 0 0 0 0 0 0 0 0 0 0 0 0 0 0 0 0 0 0 0 0 0 0 0 0 0 0 0 0 0 0 0 0 0 0 0 0 0 0 0 0 0 0 0 0 0 0 0 0 0 0 0 0 0 0 0 0 0 0 0 0 0 0 0 0 0 0 0 0 0 0 0 0 0 0 0 0 0 0 0 0 0 0 0 0 0 0 0 0 0 0 0 0 0 0 0 0 0 0 0 0 0 0 0 0 0 0 0 0 0 0 0 0 0 0 0 0 0 0 0 0 0 0 0 0 0 0 0 0 0 0 0 0 0 0 0 0 0 0 0 0 0 0 0 0 0 0 0 0 0 0 0 0 0 0 0 0 0 0 0 0 0 0 0 0 0 0 0 0 0 0 0 0 0 0 0 0 0 0 0 0 0 0 0 0 0 0 0 0 0 0 0 0 0 0 0 0 0 0 0 0 0 0 0 0 0 0 0 0 0 0 0 0 0 0 0 0 0 0 0 0 0 0 0 0 0 0 0 0 0 0 0 0 0 0 0 0 0 0 0 0 0 0 0 0 0 0 0 0 0 0 0 0 0 0 0 0 0 0 0 0 0 0 0 0 0 0 0 0 0 0 0 0 0 0 0 0 0 0 0 0 0 0 0 0 0 0 0 0 0 0 0 0 0 0 0 0 0 0 0 0 0 0 0 0 0 0 0 0 0 0 0 0 0 0 0 0 0 0 0 0 0 0 0 0 0 0 0 0 0 0 0 0 0 0 0 0 0 0 0 0
ctxt 15014363
btime 1613124388
processes 382576
procs_running 1
procs_blocked 0
softirq 69326951 1 39617507 773 2890964 0 0 286524 1862688 0 24668494
