cpu  27094496 4 38162 7168956 497 0 3759 0 0 0
cpu0 751960 0 1589 198958 13 0 631 0 0 0
cpu1 754591 0 1272 197000 1 0 134 0 0 0
cpu2 751391 0 1907 198581 2 0 1020 0 0 0
cpu3 751575 0 1936 199337 4 0 95 0 0 0
cpu4 752671 0 1216 198955 44 0 59 0 0 0
cpu5 753100 0 1036 198754 29 0 20 0 0 0
cpu6 752455 0 1005 199407 16 0 42 0 0 0
cpu7 752497 0 919 199471 13 0 37 0 0 0
cpu8 752572 0 870 199397 72 0 30 0 0 0
cpu9 752318 0 983 199575 2 0 72 0 0 0
cpu10 752270 0 1126 199470 4 0 76 0 0 0
cpu11 752637 0 894 199368 0 0 37 0 0 0
cpu12 750864 0 2416 199366 9 0 273 0 0 0
cpu13 752625 0 1079 199144 1 0 88 0 0 0
cpu14 752424 0 945 199543 1 0 25 0 0 0
cpu15 752300 0 1168 199310 5 0 161 0 0 0
cpu16 751780 0 1506 199468 2 0 183 0 0 0
cpu17 752381 0 1124 199393 7 0 21 0 0 0
cpu18 752991 0 959 198970 3 0 14 0 0 0
cpu19 753603 0 892 198338 48 0 28 0 0 0
cpu20 753772 0 1048 198038 2 0 52 0 0 0
cpu21 752677 0 1701 198468 2 0 74 0 0 0
cpu22 752567 0 1406 198858 62 0 42 0 0 0
cpu23 753121 0 600 199107 70 0 12 0 0 0
cpu24 753147 0 481 199293 4 0 10 0 0 0
cpu25 752742 0 784 199396 1 0 11 0 0 0
cpu26 752693 0 648 199551 0 0 44 0 0 0
cpu27 752384 0 895 199538 1 0 118 0 0 0
cpu28 752906 0 567 199437 1 0 21 0 0 0
cpu29 752924 0 474 199520 0 0 16 0 0 0
cpu30 752885 0 656 199373 10 0 8 0 0 0
cpu31 753274 0 416 199215 1 0 25 0 0 0
cpu32 752861 2 548 199497 8 0 10 0 0 0
cpu33 752922 0 661 199260 20 0 53 0 0 0
cpu34 752077 0 1364 199328 19 0 133 0 0 0
cpu35 752528 0 1057 199254 2 0 71 0 0 0
intr 74735612 56 0 0 0 614 0 0 0 1 0 263 0 0 0 0 0 0 0 0 0 0 0 0 0 0 0 0 0 0 0 0 0 742 197 607 522 4765 2539 590 413 3010 1162 175 127 2377 286 669 276 670 480 285 6151 837 183 2204 3248 0 0 0 0 387 128 442 95 70 128 614 119 1019 1858 1372 351 93 0 16 15616 3747 0 19475 988 185984 2676 584 1012 1400 1753 1863 1355 1467 1937 82826 8361 3981 3138 2720 1042 1864 706 5728 3818 626 1238 470 720 1950 1367 1164 2804 974 862 1640 2261 1905 1387 0 18 7961 1 0 0 0 0 0 0 0 0 0 0 0 0 0 0 0 0 0 0 0 0 0 0 0 0 0 0 0 0 0 0 0 0 0 0 0 0 0 21 0 0 0 0 0 0 0 0 0 0 0 0 0 0 0 0 0 0 0 0 0 0 0 0 0 0 0 0 0 0 0 0 0 0 0 0 0 0 0 0 0 0 0 0 0 0 0 0 0 0 0 0 0 0 0 0 0 0 0 0 0 0 0 0 0 0 0 0 0 0 0 0 0 0 0 0 0 0 0 0 0 0 0 0 0 0 0 0 0 0 0 0 0 0 0 0 0 0 0 0 0 0 0 0 0 0 0 0 0 0 0 0 0 0 0 0 0 0 0 0 0 0 0 0 0 0 0 0 0 0 0 0 0 0 0 0 0 0 0 0 0 0 0 0 0 0 0 0 0 0 0 0 0 0 0 0 0 0 0 0 0 0 0 0 0 0 0 0 0 0 0 0 0 0 0 0 0 0 0 0 0 0 0 0 0 0 0 0 0 0 0 0 0 0 0 0 0 0 0 0 0 0 0 0 0 0 0 0 0 0 0 0 0 0 0 0 0 0 0 0 0 0 0 0 0 0 0 0 0 0 0 0 0 0 0 0 0 0 0 0 0 0 0 0 0 0 0 0 0 0 0 0 0 0 0 0 0 0 0 0 0 0 0 0 0 0 0 0 0 0 0 0 0 0 0 0 0 0 0 0 0 0 0 0 0 0 0 0 0 0 0 0 0 0 0 0 0 0 0 0 0 0 0 0 0 0 0 0 0 0 0 0 0 0 0 0 0 0 0 0 0 0 0 0 0 0 0 0 0 0 0 0 0 0 0 0 0 0 0 0 0 0 0 0 0 0 0 0 0 0 0 0 0 0 0 0 0 0 0 0 0 0 0 0 0 0 0 0 0 0 0 0 0 0 0 0 0 0 0 0 0 0 0 0 0 0 0 0 0 0 0 0 0 0 0 0 0 0 0 0 0 0 0 0 0 0 0 0 0 0 0 0 0 0 0 0 0 0 0 0 0 0 0 0 0 0 0 0 0 0 0 0 0 0 0 0 0 0 0 0 0 0 0 0 0 0 0 0 0 0 0 0 0 0 0 0 0 0 0 0 0 0 0 0 0 0 0 0 0 0 0 0 0 0 0 0 0 0 0 0 0 0 0 0 0 0 0 0 0 0 0 0 0 0 0 0 0 0 0 0 0 0 0 0 0 0 0 0 0 0 0 0 0 0 0 0 0 0 0 0 0 0 0 0 0 0 0 0 0 0 0 0 0 0 0 0 0 0 0 0 0 0 0 0 0 0 0 0 0 0 0 0 0 0 0 0 0 0 0 0 0 0 0 0 0 0 0 0 0 0 0 0 0 0 0 0 0 0 0 0 0 0 0 0 0 0 0 0 0 0 0 0 0 0 0 0 0 0 0 0 0 0 0 0 0 0 0 0 0 0 0 0 0 0 0 0 0 0 0 0 0 0 0 0 0 0 0 0 0 0 0 0 0 0 0 0 0 0 0 0 0 0 0 0 0 0 0 0 0 0 0 0 0 0 0 0 0 0 0 0 0 0 0 0 0 0 0 0 0 0 0 0 0 0 0 0 0 0 0 0 0 0 0 0 0 0 0 0 0 0 0 0 0 0 0 0 0 0 0 0 0 0 0 0 0 0 0 0 0 0 0 0 0 0 0 0 0 0 0 0 0 0 0 0 0 0 0 0 0 0 0 0 0 0 0 0 0 0 0 0 0 0 0 0 0 0 0 0 0 0 0 0 0 0 0 0 0 0 0 0 0 0 0 0 0 0 0 0 0 0 0 0 0 0 0 0 0 0 0 0 0 0 0 0 0 0 0 0 0 0 0 0 0 0 0 0 0 0 0 0 0 0 0 0 0 0 0 0 0 0 0 0 0 0 0 0 0 0 0 0 0 0 0 0 0 0 0 0 0 0 0 0 0 0 0 0 0 0 0 0 0 0 0 0 0 0 0 0 0 0 0 0 0 0 0 0 0 0 0 0 0 0 0 0 0 0 0 0 0 0 0 0 0 0 0 0 0 0 0 0 0 0 0 0 0 0 0 0 0 0 0 0 0 0 0 0 0 0 0 0 0 0 0 0 0 0 0 0 0 0 0 0 0 0 0 0 0 0 0 0 0 0 0 0 0 0 0 0 0 0 0 0 0 0 0 0 0 0 0 0 0 0 0 0 0 0 0 0 0 0 0 0 0 0 0 0 0 0 0 0 0 0 0 0 0 0 0 0 0 0 0 0 0 0 0 0 0 0 0 0 0 0 0 0 0 0 0 0 0 0 0 0 0 0 0 0 0 0 0 0 0 0 0 0 0 0 0 0 0 0 0 0 0 0 0 0 0 0 0 0 0 0 0 0 0 0 0 0 0 0 0 0 0 0 0 0 0 0 0 0 0 0 0 0 0 0 0 0 0 0 0 0 0 0 0 0 0 0 0 0 0 0 0 0 0 0 0 0 0 0 0 0 0 0 0 0 0 0 0 0 0 0 0 0 0 0 0 0 0 0 0 0 0 0 0 0 0 0 0 0
ctxt 19577524
btime 1613124388
processes 491542
procs_running 1
procs_blocked 0
softirq 97707991 1 56582468 803 3705832 0 0 351817 2542125 0 34524945
