cpu  6479607 7 12167 27471403 487 0 416 0 0 0
cpu0 50633 0 369 213876 0 0 97 0 0 0
cpu1 50645 0 63 214651 0 0 1 0 0 0
cpu2 50599 0 102 214650 0 0 0 0 0 0
cpu3 50388 0 184 214770 7 0 9 0 0 0
cpu4 50610 0 96 214669 0 0 2 0 0 0
cpu5 50640 0 52 214678 0 0 6 0 0 0
cpu6 50586 0 107 214638 0 0 9 0 0 0
cpu7 50412 0 228 214702 0 0 14 0 0 0
cpu8 50620 0 78 214671 0 0 1 0 0 0
cpu9 50648 0 52 214676 0 0 0 0 0 0
cpu10 50798 0 80 214493 0 0 0 0 0 0
cpu11 50677 0 79 214616 0 0 1 0 0 0
cpu12 50634 0 80 214658 0 0 1 0 0 0
cpu13 50644 0 51 214675 0 0 0 0 0 0
cpu14 50653 0 62 214649 0 0 3 0 0 0
cpu15 50667 0 96 214603 0 0 2 0 0 0
cpu16 50642 0 60 214664 0 0 1 0 0 0
cpu17 50646 0 53 214667 0 0 0 0 0 0
cpu18 50659 0 61 214648 0 0 0 0 0 0
cpu19 50648 0 96 214617 2 0 1 0 0 0
cpu20 50642 0 72 214660 0 0 0 0 0 0
cpu21 50647 0 52 214677 0 0 0 0 0 0
cpu22 50644 0 52 214666 0 0 0 0 0 0
cpu23 50676 2 179 214505 0 0 5 0 0 0
cpu24 50623 0 113 214627 0 0 2 0 0 0
cpu25 50645 0 39 214683 0 0 0 0 0 0
cpu26 50344 0 171 214798 0 0 12 0 0 0
cpu27 50704 0 144 214490 0 0 2 0 0 0
cpu28 50644 0 190 214453 0 0 0 0 0 0
cpu29 50646 0 50 214660 0 0 0 0 0 0
cpu30 50568 0 125 214670 0 0 2 0 0 0
cpu31 50602 0 201 214540 1 0 5 0 0 0
cpu32 50625 0 58 214679 0 0 1 0 0 0
cpu33 50637 0 56 214600 0 0 18 0 0 0
cpu34 50546 0 136 214674 0 0 13 0 0 0
cpu35 50733 0 228 214388 2 0 4 0 0 0
cpu36 50643 0 124 214586 0 0 0 0 0 0
cpu37 50649 0 51 214659 0 0 0 0 0 0
cpu38 50630 0 64 214668 0 0 1 0 0 0
cpu39 50778 0 244 214329 6 0 0 0 0 0
cpu40 50643 0 94 214615 0 0 0 0 0 0
cpu41 50648 0 45 214672 1 0 0 0 0 0
cpu42 50608 0 83 214663 0 0 4 0 0 0
cpu43 50790 0 162 214376 28 0 0 0 0 0
cpu44 50648 0 64 214646 0 0 0 0 0 0
cpu45 50648 0 47 214660 0 0 0 0 0 0
cpu46 50674 0 58 214624 0 0 0 0 0 0
cpu47 50586 0 454 214236 2 0 43 0 0 0
cpu48 50648 0 54 214657 0 0 0 0 0 0
cpu49 50648 0 48 214654 0 0 0 0 0 0
cpu50 50661 0 67 214630 1 0 0 0 0 0
cpu51 50625 0 110 214608 2 0 1 0 0 0
cpu52 50646 0 52 214663 0 0 0 0 0 0
cpu53 50651 0 54 214643 2 0 0 0 0 0
cpu54 50643 0 58 214649 0 0 0 0 0 0
cpu55 50531 0 153 214657 5 0 2 0 0 0
cpu56 50646 0 54 214660 0 0 0 0 0 0
cpu57 50585 0 48 214717 0 0 0 0 0 0
cpu58 50634 0 62 214659 1 0 2 0 0 0
cpu59 50483 0 126 214649 77 0 4 0 0 0
cpu60 50480 0 219 214627 2 0 29 0 0 0
cpu61 50640 0 46 214669 0 0 0 0 0 0
cpu62 50598 0 78 214672 0 0 3 0 0 0
cpu63 50606 0 96 214639 0 0 3 0 0 0
cpu64 50612 0 78 214661 0 0 0 0 0 0
cpu65 50646 0 59 214645 0 0 0 0 0 0
cpu66 50596 0 102 214650 1 0 2 0 0 0
cpu67 50692 0 144 214411 88 0 3 0 0 0
cpu68 50380 0 121 214818 0 0 5 0 0 0
cpu69 50646 0 54 214645 1 0 0 0 0 0
cpu70 50518 0 177 214641 0 0 13 0 0 0
cpu71 50700 0 118 214497 31 0 0 0 0 0
cpu72 50633 0 74 214639 0 0 0 0 0 0
cpu73 50646 0 38 214663 0 0 0 0 0 0
cpu74 50708 0 64 214584 0 0 0 0 0 0
cpu75 50733 0 72 214532 2 0 1 0 0 0
cpu76 50420 0 78 214832 0 0 4 0 0 0
cpu77 50646 0 37 214665 0 0 0 0 0 0
cpu78 50641 0 43 214652 0 0 0 0 0 0
cpu79 50632 0 90 214600 2 0 1 0 0 0
cpu80 50645 0 53 214649 1 0 0 0 0 0
cpu81 50649 0 38 214650 0 0 0 0 0 0
cpu82 50576 0 54 214706 0 0 0 0 0 0
cpu83 50642 0 69 214628 1 0 1 0 0 0
cpu84 50639 0 63 214641 0 0 0 0 0 0
cpu85 50648 0 39 214651 0 0 0 0 0 0
cpu86 50696 0 55 214593 1 0 0 0 0 0
cpu87 50649 1 88 214593 4 0 2 0 0 0
cpu88 50644 0 53 214651 0 0 0 0 0 0
cpu89 50647 0 44 214653 0 0 0 0 0 0
cpu90 50271 0 174 214884 0 0 2 0 0 0
cpu91 50374 0 138 214785 1 0 7 0 0 0
cpu92 50644 0 67 214624 1 0 0 0 0 0
cpu93 50645 0 38 214653 0 0 0 0 0 0
cpu94 50314 0 124 214896 0 0 2 0 0 0
cpu95 50593 0 163 214553 1 0 5 0 0 0
cpu96 50646 0 59 214630 5 0 0 0 0 0
cpu97 50646 0 46 214645 0 0 0 0 0 0
cpu98 50635 0 58 214639 0 0 0 0 0 0
cpu99 50742 2 182 214426 2 0 1 0 0 0
cpu100 50644 0 55 214640 0 0 0 0 0 0
cpu101 50644 0 60 214633 0 0 0 0 0 0
cpu102 50610 0 76 214647 0 0 4 0 0 0
cpu103 50821 0 253 214258 5 0 0 0 0 0
cpu104 50644 0 57 214629 0 0 0 0 0 0
cpu105 50642 0 61 214629 0 0 0 0 0 0
cpu106 50280 0 73 214954 0 0 2 0 0 0
cpu107 50876 0 169 214282 7 0 0 0 0 0
cpu108 50650 0 71 214601 7 0 0 0 0 0
cpu109 50642 0 44 214646 0 0 0 0 0 0
cpu110 50647 0 51 214634 0 0 0 0 0 0
cpu111 50171 0 213 214904 0 0 19 0 0 0
cpu112 50658 0 68 214609 0 0 0 0 0 0
cpu113 50646 0 44 214641 0 0 0 0 0 0
cpu114 50644 0 63 214612 11 0 0 0 0 0
cpu115 51175 0 238 213830 70 0 0 0 0 0
cpu116 50604 0 94 214628 0 0 4 0 0 0
cpu117 50646 0 47 214630 0 0 0 0 0 0
cpu118 50644 0 51 214625 0 0 0 0 0 0
cpu119 50330 0 118 214861 4 0 1 0 0 0
cpu120 50647 0 58 214625 0 0 1 0 0 0
cpu121 50647 0 52 214629 1 0 0 0 0 0
cpu122 50640 0 53 214638 0 0 0 0 0 0
cpu123 50688 0 102 214485 54 0 0 0 0 0
cpu124 50647 0 45 214633 1 0 0 0 0 0
cpu125 50646 0 59 214618 0 0 0 0 0 0
cpu126 50627 0 64 214633 1 0 0 0 0 0
cpu127 50555 0 92 214671 1 0 1 0 0 0
intr 19639349 130 0 0 0 683 0 0 0 1 0 285 0 0 0 0 0 0 0 0 0 0 0 0 0 0 0 0 0 0 0 0 0 0 0 0 260 0 5 2 838 2012 182 3962 2539 1918 0 3 97 1304 0 0 4782 1967 3 0 20 636 17 0 0 1564 0 0 651 734 834 1 2 1050 3 35366 148 499 9 8 0 214 123 6 1098 287 166 0 0 1241 0 277 5 957 0 0 0 1232 0 0 743 3141 0 0 3031 188 0 0 2963 1275 614 0 466 624 0 0 2 373 158 0 0 672 0 0 0 1727 11 0 1 1880 0 0 140 2261 0 0 0 1378 0 0 0 622 0 0 0 264 0 1 1693 143 0 0 0 580 0 0 0 238 0 0 0 0 0 0 0 0 0 0 0 0 0 163 162 1 62 4 80 206 15 155 1 3 0 6 0 6 0 10 141 11 3 764 3 128 2 84 12 69 14 100 62 7 9 4 0 0 0 0 0 0 0 0 0 0 0 0 0 0 0 0 0 69 7 81 8 70 10 3 1 3 3 44 0 6 26 6 136 39 19 5 19 33 76 0 0 8 0 1 25 0 32 0 1 1 0 6 385 0 0 37 6076 5087 105 150 418 547 241 184 137 201 526 61 186 393 3008 20 71 221 532 28 9906 108 546 69 0 0 0 0 0 0 0 0 0 0 0 0 0 0 0 0 0 0 0 0 0 0 0 0 0 0 0 0 0 0 0 0 0 0 0 0 0 0 0 0 0 0 0 0 0 0 0 0 0 0 0 0 0 0 0 0 0 0 0 0 0 0 0 0 0 0 0 0 0 0 0 0 0 0 0 0 0 0 0 0 0 0 0 0 0 0 0 0 0 0 0 0 0 0 0 0 0 0 0 0 0 0 0 0 0 0 0 0 0 0 0 0 0 0 0 0 0 0 0 0 0 0 0 0 0 0 0 0 0 0 0 0 0 0 0 0 0 0 0 0 0 0 0 0 0 0 0 0 0 0 0 0 0 0 0 0 0 0 0 0 0 0 0 0 0 0 0 0 0 0 0 0 0 0 0 0 0 0 0 0 0 0 0 0 0 0 0 0 0 0 0 0 0 0 0 0 0 0 0 0 0 0 0 0 0 0 0 0 0 0 0 0 0 0 0 0 0 0 0 0 0 0 0 0 0 0 0 0 0 0 0 0 0 0 0 0 0 0 0 0 0 0 0 0 0 0 0 0 0 0 0 0 0 0 0 0 0 0 0 0 0 0 0 0 0 0 0 0 0 0 0 0 0 0 0 0 0 0 0 0 0 0 0 0 0 0 0 0 0 0 0 0 0 0 0 0 0 0 0 0 0 0 0 0 0 0 0 0 0 0 0 0 0 0 0 0 0 0 0 0 0 0 0 0 0 0 0 0 0 0 0 0 0 0 0 0 0 0 0 0 0 0 0 0 0 0 0 0 0 0 0 0 0 0 0 0 0 0 0 0 0 0 0 0 0 0 0 0 0 0 0 0 0 0 0 0 0 0 0 0 0 0 0 0 0 0 0 0 0 0 0 0 0 0 0 0 0 0 0 0 0 0 0 0 0 0 0 0 0 0 0 0 0 0 0 0 0 0 0 0 0 0 0 4 0 0 0 0 0 0 0 47 0 0 48 0 0 0 0 0 0 0 0 0 0 0 0 1 0 0 0 0 0 0 0 0 0 0 0 0 0 0 0 0 0 0 0 0 0 0 0 0 0 0 0 0 0 0 0 0 0 0 0 0 0 0 0 0 0 0 0 0 0 0 0 0 0 0 0 0 0 0 0 0 0 0 0 0 0 0 0 0 0 0 0 0 0 20 0 0 0 0 0 0 0 0 0 0 0 0 0 0 0 0 0 0 0 0 0 0 0 0 0 0 0 0 0 0 0 0 0 0 0 0 0 0 0 0 0 0 0 0 0 0 0 0 0 0 0 0 0 0 0 0 0 0 0 0 0 0 0 0 0 0 0 0 0 0 0 0 0 0 0 0 0 0 0 0 0 0 0 0 0 0 0 0 0 0 0 0 0 0 0 0 0 0 0 0 0 0 0 0 0 0 0 0 0 0 0 0 0 0 0 0 0 0 0 0 0 0 0 0 0 0 0 0 0 0 0 0 0 0 0 0 0 0 0 0 0 0 0 0 0 0 0 0 0 0 0 0 0 0 0 0 0 0 0 0 0 0 0 0 0 0 0 0 0 0 0 0 0 0 0 0 0 0 0 0 0 0 0 0 0 0 0 0 0 0 0 0 0 0 0 0 0 0 0 0 0 0 0 0 0 0 0 0 0 0 0 0 0 0 0 0 0 0 0 0 0 0 0 0 0 0 0 0 0 0 0 0 0 0 0 0 0 0 0 0 0 0 0 0 0 0 0 0 0 0 0 0 0 0 0 0 0 0 0 0 0 0 0 0 0 0 0 0 0 0 0 0 0 0 0 0 0 0 0 0 0 0 0 0 0 0 0 0 0 0 0 0 0 0 0 0 0 0 0 0 0 0 0 0 0 0 0 0 0 0 0 0 0 0 0 0 0 0 0 0 0 0 0 0 0 0 0 0 0 0 0 0 0 0 0 0 0 0 0 0 0 0 0 0 0 0 0 0 0 0 0 0 0 0 0 0 0 0 0 0 0 0 0 0 0 0 0 0 0 0 0 0 0 0 0 0 0 0 0 0 0 0 0 0 0 0 0 0 0 0 0 0 0 0 0 0 0 0 0 0 0 0 0 0 0 0 0 0 0 0 0 0 0 0 0 0 0 0 0 0 0 0 0 0 0 0 0 0 0 0 0 0 0 0 0 0 0 0 0 0 0 0 0 0 0 0 0 0 0 0 0 0 0 0 0 0 0 0 0 0 0 0 0 0 0 0 0 0 0 0 0 0 0 0 0 0 0 0 0 0 0 0 0 0 0 0 0 0 0 0 0 0 0 0 0 0 0 0 0 0 0 0 0 0 0 0 0 0 0 0 0 0 0 0 0 0 0 0 0 0 0 0 0 0 0 0 0 0 0 0 0 0 0 0 0 0 0 0 0 0 0 0 0 0 0 0 0 0 0 0 0 0 0 0 0 0 0 0 0 0 0 0 0 0 0 0 0 0 0 0 0 0 0 0 0 0 0 0 0 0 0 0 0 0 0 0 0 0 0 0 0 0 0 0 0 0 0 0 0 0 0 0 0 0 0 0 0 0 0 0 0 0 0 0 0 0 0 0 0 0 0 0 0 0 0 0 0 0 0 0 0 0 0 0 0 0 0 0 0 0 0 0 0 0 0 0 0 0 0 0 0 0 0 0 0 0 0 0 0 0 0 0 0 0 0 0 0 0 0 0 0 0 0 0 0 0 0 0 0 0 0 0 0 0 0 0 0 0 0 0 0 0 0 0 0 0 0 0 0 0 0 0 0 0 0 0 0 0 0 0 0 0 0 0 0 0 0 0 0 0 0 0 0 0 0 0 0 0 0 0 0 0 0 0 0 0 0 0 0 0 0 0 0 0 0 0 0 0 0 0 0 0 0 0 0 0 0 0 0 0 0 0 0 0 0 0 0 0 0 0 0 0 0 0 0 0 0 0 0 0 0 0 0 0 0 0 0 0 0 0 0 0 0 0 0 0 0 0 0 0 0 0 0 0 0 0 0 0 0 0 0 0 0 0 0 0 0 0 0 0 0 0 0 0 0 0 0 0 0 0 0 0 0 0 0 0 0 0 0 0 0 0 0 0 0 0 0 0 0 0 0 0 0 0 0 0 0 0 0 0 0 0 0 0 0 0 0 0 0 0 0 0 0 0 0 0 0 0 0 0 0 0 0 0 0 0 0 0 0 0 0 0 0 0 0 0 0 0 0 0 0 0 0 0 0 0 0 0 0 0 0 0 0 0 0 0 0 0 0 0 0 0 0 0 0 0 0 0 0 0 0 0 0 0 0 0 0 0 0 0 0 0 0 0 0 0 0 0 0 0 0 0 0 0 0 0 0 0 0 0 0 0 0 0 0 0 0 0 0 0 0 0 0 0 0 0 0 0 0 0 0 0 0 0 0 0 0 0 0 0 0 0 0 0 0 0 0 0 0 0 0 0 0 0 0 0 0 0 0 0 0 0 0 0 0 0 0 0 0 0 0 0 0 0 0 0 0 0 0 0 0 0 0 0 0 0 0 0 0 0 0 0 0 0 0 0 0 0 0 0 0 0 0 0 0 0 0 0 0 0 0 0 0 0 0 0 0 0 0 0 0 0 0 0 0 0 0 0 0 0 0 0 0 0 0 0 0 0 0 0 0 0 0 0 0 0 0 0 0 0 0 0 0 0 0 0 0 0 0 0 0 0 0 0 0 0 0 0 0 0 0 0 0 0 0 0 0 0 0 0 0 0 0 0 0 0 0 0 0 0 0 0 0 0 0 0 0 0 0 0 0 0 0 0 0 0 0 0 0 0 0 0 0 0 0 0 0 0 0 0 0 0 0 0 0 0 0 0 0 0 0 0 0 0 0 0 0 0 0 0 0 0 0 0 0 0 0 0 0 0 0 0 0 0 0 0 0 0 0 0 0 0 0 0 0 0 0 0 0 0 0 0 0 0 0 0 0 0 0 0 0 0 0 0 0 0 0 0 0 0 0 0 0 0 0 0 0 0 0 0 0 0 0 0 0 0 0 0 0 0 0 0 0 0 0 0 0 0 0 0 0 0 0 0 0 0 0 0 0 0 0 0 0 0 0 0 0 0 0 0 0 0 0 0 0 0 0 0 0 0 0 0 0 0 0 0 0 0 0 0 0 0 0 0 0 0 0 0 0 0 0 0 0 0 0 0 0 0 0 0 0 0 0 0 0 0 0 0 0 0 0 0 0 0 0 0 0 0 0 0 0 0 0 0 0 0 0 0 0 0 0 0 0 0 0 0 0 0 0 0 0 0 0 0 0 0 0 0 0 0 0 0 0 0 0 0 0 0 0 0 0 0 0 0 0 0 0 0 0 0 0 0 0 0 0 0 0 0 0 0 0 0 0 0 0 0 0 0 0 0 0 0 0 0 0 0 0 0 0 0 0 0 0 0 0 0 0 0 0 0 0 0 0 0 0 0 0 0 0 0 0 0 0 0 0 0 0 0 0 0 0 0 0 0 0 0 0 0 0 0 0 0 0 0 0 0 0 0 0 0 0 0 0 0 0 0 0 0 0 0 0 0 0 0 0 0 0 0 0 0 0 0 0 0 0 0 0 0 0 0 0 0 0 0 0 0 0 0 0 0 0 0 0 0 0 0 0 0 0 0 0 0 0 0 0 0 0 0 0 0 0 0 0 0 0 0 0 0 0 0 0 0 0 0 0 0 0 0 0 0 0 0 0 0 0 0 0 0 0 0 0 0 0 0 0 0 0 0 0 0 0 0 0 0 0 0 0 0 0 0 0 0 0 0 0 0 0 0 0 0 0 0 0 0 0 0 0 0 0 0 0 0 0 0 0 0 0 0 0 0 0 0 0 0 0 0 0 0 0 0 0 0 0 0 0 0 0 0 0 0 0 0 0 0 0 0 0 0 0 0 0 0 0 0 0 0 0 0 0 0 0 0 0 0 0 0 0 0 0 0 0 0 0 0 0 0 0 0 0 0 0 0 0 0 0 0 0 0 0 0 0 0 0 0 0 0 0 0 0 0 0 0 0 0 0 0 0 0 0 0 0 0 0 0 0 0 0 0 0 0 0 0 0 0 0 0 0 0 0 0 0 0 0 0 0 0 0 0 0 0 0 0 0 0 0 0 0 0 0 0 0 0 0 0 0 0 0 0 0 0 0 0 0 0 0 0 0 0 0 0 0 0 0 0 0 0 0 0 0 0 0 0 0 0 0 0 0 0 0 0 0 0 0 0 0 0 0 0 0 0 0 0 0 0 0 0 0 0 0 0 0 0 0 0 0 0 0 0 0 0 0 0 0 0 0 0 0 0 0 0 0 0 0 0 0 0 0 0 0 0 0 0 0 0 0 0 0 0 0 0 0 0 0 0 0 0 0 0 0 0 0 0 0 0 0 0 0 0 0 0 0 0 0 0 0 0 0 0 0 0 0 0 0 0 0 0 0 0 0 0 0 0 0 0 0 0 0 0 0 0 0 0 0 0 0 0 0 0 0 0 0 0 0 0 0 0 0 0 0 0 0 0 0 0 0 0 0 0 0 0 0 0 0 0 0 0 0 0 0 0 0 0 0 0 0 0 0 0 0 0 0 0 0 0 0 0 0 0 0 0 0 0 0 0 0 0 0 0 0 0 0 0 0 0 0 0 0 0 0 0 0 0 0 0 0 0 0 0 0 0 0 0 0 0 0 0 0 0 0 0 0 0 0 0 0 0 0 0 0 0 0 0 0 0 0 0 0 0 0 0 0 0 0 0 0 0 0 0 0 0 0 0 0 0 0 0 0 0 0 0 0 0 0 0 0 0 0 0 0 0 0 0 0 0 0 0 0 0 0 0 0 0 0 0 0 0 0 0 0 0 0 0 0 0 0 0 0 0 0 0 0 0 0 0 0 0 0 0 0 0 0 0 0 0 0 0 0 0 0 0 0 0 0 0 0 0 0 0 0 0 0 0 0 0 0 0 0 0 0 0 0 0 0 0 0 0 0 0 0 0 0 0 0 0 0 0 0 0 0 0 0 0 0 0 0 0 0 0 0 0 0 0 0 0 0 0 0 0 0 0 0 0 0 0 0 0 0 0 0 0 0 0 0 0 0 0 0 0 0 0 0 0 0 0 0 0 0 0 0 0 0 0 0 0 0 0 0 0 0 0 0 0 0 0 0 0 0 0 0 0 0 0 0 0 0 0 0 0 0 0 0 0 0 0 0 0 0 0 0 0 0 0 0 0 0 0 0 0 0 0 0 0 0 0 0 0 0 0 0 0 0 0 0 0 0 0 0 0 0 0 0 0 0 0 0 0 0 0 0 0 0 0 0 0 0 0 0 0 0 0 0 0 0 0 0 0 0 0 0 0 0 0 0 0 0 0 0 0 0 0 0 0 0 0 0 0 0 0 0 0 0 0 0 0 0 0 0 0 0 0 0 0 0 0 0 0 0 0 0 0 0 0 0 0 0 0 0 0 0 0 0 0 0 0 0 0 0 0 0 0 0 0 0 0 0 0 0 0 0 0 0 0 0 0 0 0 0 0 0 0 0 0 0 0 0 0 0 0 0 0 0 0 0 0 0 0 0 0 0 0 0 0 0 0 0 0 0 0 0 0 0 0 0 0 0 0 0 0 0 0 0 0 0 0 0 0 0 0 0 0 0 0 0 0 0 0 0 0 0 0 0 0 0 0 0 0 0 0 0 0 0 0 0 0 0 0 0 0 0 0 0 0 0 0 0 0 0 0 0 0 0 0 0 0 0 0 0 0 0 0 0 0 0 0 0 0 0 0 0 0 0 0 0 0 0 0 0 0 0 0 0 0 0 0 0 0 0 0 0 0 0 0 0 0 0 0 0 0 0 0 0 0 0 0 0 0 0 0 0 0 0 0 0 0 0 0 0 0 0 0 0 0 0 0 0 0 0 0 0 0 0 0 0 0 0 0 0 0 0 0 0 0 0 0 0 0 0 0 0 0 0 0 0 0 0 0 0 0 0 0 0 0 0 0 0 0 0 0 0 0 0 0 0 0 0 0 0 0 0 0 0 0 0 0 0 0 0 0 0 0 0 0 0 0 0 0 0 0 0 0 0 0 0 0 0 0 0 0 0 0 0 0 0 0 0 0 0 0 0 0 0 0 0 0 0 0 0 0 0 0 0 0 0 0 0 0 0 0 0 0 0 0 0 0 0 0 0 0 0 0 0 0 0 0 0 0 0 0 0 0 0 0 0 0 0 0 0 0 0 0 0 0 0 0 0 0 0 0 0 0 0 0 0 0 0 0 0 0 0 0 0 0 0 0 0 0 0 0 0 0 0 0 0 0 0 0 0 0 0 0 0 0 0 0 0 0 0 0 0 0 0 0 0 0 0 0 0 0 0 0 0 0 0 0 0 0 0 0 0 0 0 0 0 0 0 0 0 0 0 0 0 0 0 0 0 0 0 0 0 0 0 0 0 0 0 0 0 0 0 0 0 0 0 0 0 0 0 0 0 0 0 0 0 0 0 0 0 0 0 0 0 0 0 0 0 0 0 0 0 0 0 0 0 0 0 0 0 0 0 0 0 0 0 0 0 0 0 0 0 0 0 0 0 0 0 0 0 0 0 0 0 0 0 0 0 0 0 0 0 0 0 0 0 0 0 0 0 0 0 0 0 0 0 0 0 0 0 0 0 0 0 0 0 0 0 0 0 0 0 0 0 0 0 0 0 0 0 0 0 0 0 0 0 0 0 0 0 0 0 0 0 0 0 0 0 0 0 0 0 0 0 0 0 0 0 0 0 0 0 0 0 0 0 0 0 0 0 0 0 0 0 0 0 0 0 0 0 0 0 0 0 0 0 0 0 0 0 0 0 0 0 0 0 0 0 0 0 0 0 0 0 0 0 0 0 0 0 0 0 0 0 0 0 0 0 0 0 0 0 0 0 0 0 0 0 0 0 0 0 0 0 0 0 0 0 0 0 0 0 0 0 0 0 0 0 0 0 0 0 0 0 0 0 0 0 0 0 0 0 0 0 0 0 0 0 0 0 0 0 0 0 0 0 0 0 0 0 0 0 0 0 0 0 0 0 0 0 0 0 0 0 0 0 0 0 0 0 0 0 0 0 0 0 0 0 0 0 0 0 0 0 0 0 0 0 0 0 0 0 0 0 0 0 0 0 0 0 0 0 0 0 0 0 0 0 0 0 0 0 0 0 0 0 0 0 0 0 0 0 0 0 0 0 0 0 0 0 0 0 0 0 0 0 0 0 0 0 0 0 0 0 0 0 0 0 0 0 0 0 0 0 0 0 0 0 0 0 0 0 0 0 0 0 0 0 0 0 0 0 0 0 0 0 0 0 0 0 0 0 0 0 0 0 0 0 0 0 0 0 0 0 0 0 0 0 0 0 0 0 0 0 0 0 0 0 0 0 0 0 0 0 0 0 0 0 0 0 0 0 0 0 0 0 0 0 0 0 0 0 0 0 0 0 0 0 0 0 0 0 0 0 0 0 0 0 0 0 0 0 0 0 0 0 0 0 0 0 0 0 0 0 0 0 0 0 0 0 0 0 0 0 0 0 0 0 0 0 0 0 0 0 0 0 0 0 0 0 0 0 0 0 0 0 0 0 0 0 0 0 0 0 0 0 0 0 0 0 0 0 0 0 0 0 0 0 0 0 0 0 0 0 0 0 0 0 0 0 0 0 0 0 0 0 0 0 0 0 0 0 0 0 0 0 0 0 0 0 0 0 0 0 0 0 0 0 0 0 0 0 0 0 0 0 0 0 0 0 0 0 0 0 0 0 0 0 0 0 0 0 0 0 0 0 0 0 0 0 0 0 0 0 0 0 0 0 0 0 0 0 0 0 0 0 0 0 0 0 0 0 0 0 0 0 0 0 0 0 0 0 0 0 0 0 0 0 0 0 0 0 0 0 0 0 0 0 0 0 0 0 0 0 0 0 0 0 0 0 0 0 0 0 0 0 0 0 0 0 0 0 0 0 0 0 0 0 0 0 0 0 0 0 0 0 0 0 0 0 0 0 0 0 0 0 0 0 0 0 0 0 0 0 0 0 0 0 0 0 0 0 0 0 0 0 0 0 0 0 0 0 0 0 0 0 0 0 0 0 0 0 0 0 0 0 0 0 0 0 0 0 0 0 0 0 0 0 0 0 0 0 0 0 0 0 0 0 0 0 0 0 0 0 0 0 0 0 0 0 0 0 0 0 0 0 0 0 0 0 0 0 0 0 0 0 0 0 0 0 0 0 0 0 0 0 0 0 0 0 0 0 0 0 0 0 0 0 0 0 0 0 0 0 0 0 0 0 0 0 0 0 0 0 0 0 0 0 0 0 0 0 0 0 0 0 0 0 0 0 0 0 0 0 0 0 0 0 0 0 0 0 0 0 0 0 0 0 0 0 0 0 0 0 0 0
ctxt 2282404
btime 1613064757
processes 53192
procs_running 1
procs_blocked 0
softirq 21724789 1 12757079 1198 433593 0 0 161 877240 0 7655517
