cpu  25743126 4 32745 7092633 425 0 3854 0 0 0
cpu0 714819 0 1054 196848 1 0 602 0 0 0
cpu1 714980 0 746 197364 1 0 140 0 0 0
cpu2 715000 0 764 197302 0 0 92 0 0 0
cpu3 715271 0 665 197145 4 0 37 0 0 0
cpu4 714134 0 1596 197095 2 0 298 0 0 0
cpu5 714830 0 952 197260 14 0 67 0 0 0
cpu6 715010 0 793 197282 2 0 32 0 0 0
cpu7 714977 0 904 197188 4 0 63 0 0 0
cpu8 715495 0 958 196636 1 0 31 0 0 0
cpu9 714982 0 1057 197051 1 0 39 0 0 0
cpu10 714723 0 1344 196858 4 0 190 0 0 0
cpu11 714708 0 1082 197287 2 0 60 0 0 0
cpu12 715191 0 1150 196729 4 0 50 0 0 0
cpu13 715060 0 1017 196951 49 0 47 0 0 0
cpu14 714251 0 1421 197363 4 0 83 0 0 0
cpu15 714464 0 1296 197286 5 0 82 0 0 0
cpu16 714558 0 1184 197269 1 0 111 0 0 0
cpu17 714948 0 832 197265 5 0 68 0 0 0
cpu18 715321 0 463 197296 5 0 38 0 0 0
cpu19 715107 0 656 197319 1 0 41 0 0 0
cpu20 715408 0 410 197270 3 0 31 0 0 0
cpu21 715347 0 441 197323 9 0 6 0 0 0
cpu22 715080 0 614 197364 12 0 61 0 0 0
cpu23 715319 0 421 197368 2 0 8 0 0 0
cpu24 713239 0 1720 197051 15 0 1078 0 0 0
cpu25 715007 0 713 197349 3 0 56 0 0 0
cpu26 715233 0 577 197289 8 0 12 0 0 0
cpu27 715411 0 847 196817 0 0 54 0 0 0
cpu28 716308 0 1030 195582 81 0 93 0 0 0
cpu29 715830 0 841 196402 33 0 23 0 0 0
cpu30 716107 0 768 196150 54 0 13 0 0 0
cpu31 715594 3 1115 196322 40 0 54 0 0 0
cpu32 715806 0 1046 196204 6 0 61 0 0 0
cpu33 714978 0 1071 196964 12 0 80 0 0 0
cpu34 715308 0 659 197100 15 0 23 0 0 0
cpu35 715310 0 522 197265 1 0 16 0 0 0
intr 71135024 56 0 0 0 610 0 0 0 1 0 275 0 0 0 0 0 0 0 0 0 0 0 0 0 0 0 0 0 0 0 0 0 94 733 325 125 301 872 710 131 485 89 260 341 324 274 1495 457 412 331 398 307 229 193 1418 3734 0 0 0 0 204 1854 755 454 114 10338 3723 4011 1771 549 724 306 170 0 16 11751 1 0 27885 2768 4303 1477 2001 3833 825 4681 2292 3998 1876 6870 4245 1760 5003 3389 3935 1369 3782 4384 6107 1886 3773 1299 221697 5950 1834 3494 922 5324 1125 1525 5786 2824 1324 2399 0 16 7915 1 0 0 0 0 0 0 0 0 0 0 0 0 0 0 0 0 0 0 0 0 0 0 0 0 0 0 0 0 0 0 0 0 0 0 0 0 0 24 0 0 0 0 0 0 0 0 0 0 0 0 0 0 0 0 0 0 0 0 0 0 0 0 0 0 0 0 0 0 0 0 0 0 0 0 0 0 0 0 0 0 0 0 0 0 0 0 0 0 0 0 0 0 0 0 0 0 0 0 0 0 0 0 0 0 0 0 0 0 0 0 0 0 0 0 0 0 0 0 0 0 0 0 0 0 0 0 0 0 0 0 0 0 0 0 0 0 0 0 0 0 0 0 0 0 0 0 0 0 0 0 0 0 0 0 0 0 0 0 0 0 0 0 0 0 0 0 0 0 0 0 0 0 0 0 0 0 0 0 0 0 0 0 0 0 0 0 0 0 0 0 0 0 0 0 0 0 0 0 0 0 0 0 0 0 0 0 0 0 0 0 0 0 0 0 0 0 0 0 0 0 0 0 0 0 0 0 0 0 0 0 0 0 0 0 0 0 0 0 0 0 0 0 0 0 0 0 0 0 0 0 0 0 0 0 0 0 0 0 0 0 0 0 0 0 0 0 0 0 0 0 0 0 0 0 0 0 0 0 0 0 0 0 0 0 0 0 0 0 0 0 0 0 0 0 0 0 0 0 0 0 0 0 0 0 0 0 0 0 0 0 0 0 0 0 0 0 0 0 0 0 0 0 0 0 0 0 0 0 0 0 0 0 0 0 0 0 0 0 0 0 0 0 0 0 0 0 0 0 0 0 0 0 0 0 0 0 0 0 0 0 0 0 0 0 0 0 0 0 0 0 0 0 0 0 0 0 0 0 0 0 0 0 0 0 0 0 0 0 0 0 0 0 0 0 0 0 0 0 0 0 0 0 0 0 0 0 0 0 0 0 0 0 0 0 0 0 0 0 0 0 0 0 0 0 0 0 0 0 0 0 0 0 0 0 0 0 0 0 0 0 0 0 0 0 0 0 0 0 0 0 0 0 0 0 0 0 0 0 0 0 0 0 0 0 0 0 0 0 0 0 0 0 0 0 0 0 0 0 0 0 0 0 0 0 0 0 0 0 0 0 0 0 0 0 0 0 0 0 0 0 0 0 0 0 0 0 0 0 0 0 0 0 0 0 0 0 0 0 0 0 0 0 0 0 0 0 0 0 0 0 0 0 0 0 0 0 0 0 0 0 0 0 0 0 0 0 0 0 0 0 0 0 0 0 0 0 0 0 0 0 0 0 0 0 0 0 0 0 0 0 0 0 0 0 0 0 0 0 0 0 0 0 0 0 0 0 0 0 0 0 0 0 0 0 0 0 0 0 0 0 0 0 0 0 0 0 0 0 0 0 0 0 0 0 0 0 0 0 0 0 0 0 0 0 0 0 0 0 0 0 0 0 0 0 0 0 0 0 0 0 0 0 0 0 0 0 0 0 0 0 0 0 0 0 0 0 0 0 0 0 0 0 0 0 0 0 0 0 0 0 0 0 0 0 0 0 0 0 0 0 0 0 0 0 0 0 0 0 0 0 0 0 0 0 0 0 0 0 0 0 0 0 0 0 0 0 0 0 0 0 0 0 0 0 0 0 0 0 0 0 0 0 0 0 0 0 0 0 0 0 0 0 0 0 0 0 0 0 0 0 0 0 0 0 0 0 0 0 0 0 0 0 0 0 0 0 0 0 0 0 0 0 0 0 0 0 0 0 0 0 0 0 0 0 0 0 0 0 0 0 0 0 0 0 0 0 0 0 0 0 0 0 0 0 0 0 0 0 0 0 0 0 0 0 0 0 0 0 0 0 0 0 0 0 0 0 0 0 0 0 0 0 0 0 0 0 0 0 0 0 0 0 0 0 0 0 0 0 0 0 0 0 0 0 0 0 0 0 0 0 0 0 0 0 0 0 0 0 0 0 0 0 0 0 0 0 0 0 0 0 0 0 0 0 0 0 0 0 0 0 0 0 0 0 0 0 0 0 0 0 0 0 0 0 0 0 0 0 0 0 0 0 0 0 0 0 0 0 0 0 0 0 0 0 0 0 0 0 0 0 0 0 0 0 0 0 0 0 0 0 0 0 0 0 0 0 0 0 0 0 0 0 0 0 0 0 0 0 0 0 0 0 0 0 0 0 0 0 0 0 0 0 0 0 0 0 0 0 0 0 0 0 0 0 0 0 0 0 0 0 0 0 0 0 0 0 0 0 0 0 0 0 0 0 0 0 0 0 0 0 0 0 0 0 0 0 0 0 0 0 0 0 0 0 0 0 0 0 0 0 0 0 0 0 0 0 0 0 0 0 0 0 0 0 0 0 0 0 0 0 0 0 0 0 0 0 0 0 0 0 0 0 0 0 0 0 0 0 0 0 0 0 0 0 0 0 0 0 0 0 0 0 0 0 0 0 0 0 0 0 0 0 0 0 0 0 0 0 0 0 0 0 0 0 0 0 0 0 0 0 0 0 0 0 0 0 0 0 0 0 0 0 0 0 0 0 0 0 0 0 0 0 0 0 0 0 0 0 0 0 0 0 0 0 0 0 0 0
ctxt 18932639
btime 1613124388
processes 477204
procs_running 1
procs_blocked 0
softirq 92548329 1 53222420 761 3609834 0 0 355806 2423683 0 32935824
