cpu  32166439 4 59702 7121187 515 0 5102 0 0 0
cpu0 893037 0 1629 197900 9 0 876 0 0 0
cpu1 892315 0 2882 197828 1 0 138 0 0 0
cpu2 892928 0 2034 198105 2 0 59 0 0 0
cpu3 893624 0 1186 198201 17 0 105 0 0 0
cpu4 892956 0 1822 198272 2 0 90 0 0 0
cpu5 893316 0 1545 198188 2 0 87 0 0 0
cpu6 893212 0 1904 197949 1 0 64 0 0 0
cpu7 893893 0 1144 198033 5 0 54 0 0 0
cpu8 893590 0 1654 197833 6 0 49 0 0 0
cpu9 891414 0 3347 198204 9 0 164 0 0 0
cpu10 892903 0 2002 198017 4 0 198 0 0 0
cpu11 892701 0 2428 197871 2 0 115 0 0 0
cpu12 894155 0 1170 197714 11 0 70 0 0 0
cpu13 892279 0 2883 197879 4 0 82 0 0 0
cpu14 891548 0 3910 197442 4 0 217 0 0 0
cpu15 894912 0 2473 195685 14 0 48 0 0 0
cpu16 892550 0 2555 197831 2 0 179 0 0 0
cpu17 893368 0 1589 198076 2 0 92 0 0 0
cpu18 894276 0 646 198132 51 0 26 0 0 0
cpu19 894016 0 1006 197972 4 0 125 0 0 0
cpu20 893931 0 1069 198043 41 0 44 0 0 0
cpu21 893954 0 902 198180 42 0 62 0 0 0
cpu22 894020 0 755 198226 58 0 68 0 0 0
cpu23 893140 0 1670 198249 10 0 48 0 0 0
cpu24 894358 0 907 197812 0 0 37 0 0 0
cpu25 894192 0 713 198206 0 0 19 0 0 0
cpu26 894118 0 801 198139 1 0 71 0 0 0
cpu27 893717 0 1230 198146 0 0 35 0 0 0
cpu28 891232 0 2402 198101 0 0 1391 0 0 0
cpu29 893907 0 1334 197778 16 0 71 0 0 0
cpu30 894115 0 934 198032 2 0 30 0 0 0
cpu31 894310 0 1264 197488 4 0 50 0 0 0
cpu32 894490 1 1894 196667 7 0 67 0 0 0
cpu33 895198 2 1180 196626 7 0 102 0 0 0
cpu34 895478 0 1069 196391 122 0 48 0 0 0
cpu35 893270 0 1750 197950 34 0 105 0 0 0
intr 88499829 56 0 0 0 609 0 0 0 1 0 257 0 0 0 0 0 0 0 0 0 0 0 0 0 0 0 0 0 0 0 0 92 580 46 397 175 338 493 299 1489 513 830 526 343 779 728 449 581 812 526 1764 226 2553 1527 2865 1634 0 0 0 0 19 187 580 14 1264 716 304 630 711 541 10356 3699 0 0 16 12163 2 0 24514 1180 4317 1828 4786 2421 7584 2242 2084 5836 3128 4948 1823 1728 1747 4816 8746 2510 4697 7375 6791 4792 1179 1632 2230 992 2196 1912 256660 8268 3337 3768 1905 2618 8122 5282 0 17 7934 1 0 0 0 0 0 0 0 0 0 0 0 0 0 0 0 0 0 0 0 0 0 0 0 0 0 0 0 0 0 0 0 0 0 0 0 0 0 22 0 0 0 0 0 0 0 0 0 0 0 0 0 0 0 0 0 0 0 0 0 0 0 0 0 0 0 0 0 0 0 0 0 0 0 0 0 0 0 0 0 0 0 0 0 0 0 0 0 0 0 0 0 0 0 0 0 0 0 0 0 0 0 0 0 0 0 0 0 0 0 0 0 0 0 0 0 0 0 0 0 0 0 0 0 0 0 0 0 0 0 0 0 0 0 0 0 0 0 0 0 0 0 0 0 0 0 0 0 0 0 0 0 0 0 0 0 0 0 0 0 0 0 0 0 0 0 0 0 0 0 0 0 0 0 0 0 0 0 0 0 0 0 0 0 0 0 0 0 0 0 0 0 0 0 0 0 0 0 0 0 0 0 0 0 0 0 0 0 0 0 0 0 0 0 0 0 0 0 0 0 0 0 0 0 0 0 0 0 0 0 0 0 0 0 0 0 0 0 0 0 0 0 0 0 0 0 0 0 0 0 0 0 0 0 0 0 0 0 0 0 0 0 0 0 0 0 0 0 0 0 0 0 0 0 0 0 0 0 0 0 0 0 0 0 0 0 0 0 0 0 0 0 0 0 0 0 0 0 0 0 0 0 0 0 0 0 0 0 0 0 0 0 0 0 0 0 0 0 0 0 0 0 0 0 0 0 0 0 0 0 0 0 0 0 0 0 0 0 0 0 0 0 0 0 0 0 0 0 0 0 0 0 0 0 0 0 0 0 0 0 0 0 0 0 0 0 0 0 0 0 0 0 0 0 0 0 0 0 0 0 0 0 0 0 0 0 0 0 0 0 0 0 0 0 0 0 0 0 0 0 0 0 0 0 0 0 0 0 0 0 0 0 0 0 0 0 0 0 0 0 0 0 0 0 0 0 0 0 0 0 0 0 0 0 0 0 0 0 0 0 0 0 0 0 0 0 0 0 0 0 0 0 0 0 0 0 0 0 0 0 0 0 0 0 0 0 0 0 0 0 0 0 0 0 0 0 0 0 0 0 0 0 0 0 0 0 0 0 0 0 0 0 0 0 0 0 0 0 0 0 0 0 0 0 0 0 0 0 0 0 0 0 0 0 0 0 0 0 0 0 0 0 0 0 0 0 0 0 0 0 0 0 0 0 0 0 0 0 0 0 0 0 0 0 0 0 0 0 0 0 0 0 0 0 0 0 0 0 0 0 0 0 0 0 0 0 0 0 0 0 0 0 0 0 0 0 0 0 0 0 0 0 0 0 0 0 0 0 0 0 0 0 0 0 0 0 0 0 0 0 0 0 0 0 0 0 0 0 0 0 0 0 0 0 0 0 0 0 0 0 0 0 0 0 0 0 0 0 0 0 0 0 0 0 0 0 0 0 0 0 0 0 0 0 0 0 0 0 0 0 0 0 0 0 0 0 0 0 0 0 0 0 0 0 0 0 0 0 0 0 0 0 0 0 0 0 0 0 0 0 0 0 0 0 0 0 0 0 0 0 0 0 0 0 0 0 0 0 0 0 0 0 0 0 0 0 0 0 0 0 0 0 0 0 0 0 0 0 0 0 0 0 0 0 0 0 0 0 0 0 0 0 0 0 0 0 0 0 0 0 0 0 0 0 0 0 0 0 0 0 0 0 0 0 0 0 0 0 0 0 0 0 0 0 0 0 0 0 0 0 0 0 0 0 0 0 0 0 0 0 0 0 0 0 0 0 0 0 0 0 0 0 0 0 0 0 0 0 0 0 0 0 0 0 0 0 0 0 0 0 0 0 0 0 0 0 0 0 0 0 0 0 0 0 0 0 0 0 0 0 0 0 0 0 0 0 0 0 0 0 0 0 0 0 0 0 0 0 0 0 0 0 0 0 0 0 0 0 0 0 0 0 0 0 0 0 0 0 0 0 0 0 0 0 0 0 0 0 0 0 0 0 0 0 0 0 0 0 0 0 0 0 0 0 0 0 0 0 0 0 0 0 0 0 0 0 0 0 0 0 0 0 0 0 0 0 0 0 0 0 0 0 0 0 0 0 0 0 0 0 0 0 0 0 0 0 0 0 0 0 0 0 0 0 0 0 0 0 0 0 0 0 0 0 0 0 0 0 0 0 0 0 0 0 0 0 0 0 0 0 0 0 0 0 0 0 0 0 0 0 0 0 0 0 0 0 0 0 0 0 0 0 0 0 0 0 0 0 0 0 0 0 0 0 0 0 0 0 0 0 0 0 0 0 0 0 0 0 0 0 0 0 0 0 0 0 0 0 0 0 0 0 0 0 0 0 0 0 0 0 0 0 0 0 0 0 0 0 0 0 0 0 0 0 0 0 0 0 0 0 0 0 0 0 0 0 0 0 0 0 0 0 0 0 0 0 0 0 0 0 0 0 0 0 0 0 0 0 0 0 0 0 0 0 0 0 0 0 0 0 0 0 0 0 0 0 0 0 0 0 0 0 0 0 0 0 0 0 0 0 0 0 0 0 0 0 0 0 0 0 0 0 0 0 0 0 0 0 0
ctxt 22493431
btime 1613124388
processes 561884
procs_running 1
procs_blocked 0
softirq 114700233 1 66337895 934 4253950 0 0 407556 2989758 0 40710139
