cpu  37856180 5 45305 11617519 695 0 3366 0 0 0
cpu0 294420 0 2119 89989 0 0 284 0 0 0
cpu1 295371 0 851 90653 7 0 17 0 0 0
cpu2 295141 0 785 90907 0 0 66 0 0 0
cpu3 295314 0 568 90992 1 0 36 0 0 0
cpu4 295295 0 840 90718 0 0 78 0 0 0
cpu5 295471 0 506 90895 0 0 33 0 0 0
cpu6 295278 0 454 91152 0 0 29 0 0 0
cpu7 295626 0 326 90949 0 0 20 0 0 0
cpu8 295315 0 662 90875 0 0 74 0 0 0
cpu9 295505 0 617 90718 0 0 63 0 0 0
cpu10 295396 0 393 91080 0 0 39 0 0 0
cpu11 295668 0 319 90909 0 0 26 0 0 0
cpu12 295395 0 750 90695 0 0 70 0 0 0
cpu13 296001 0 470 90428 1 0 18 0 0 0
cpu14 295694 0 379 90806 0 0 25 0 0 0
cpu15 295679 0 332 90894 0 0 19 0 0 0
cpu16 295576 0 476 90833 0 0 34 0 0 0
cpu17 295588 1 626 90649 0 0 48 0 0 0
cpu18 295881 0 303 90717 0 0 24 0 0 0
cpu19 295655 0 258 90989 0 0 18 0 0 0
cpu20 295413 0 613 90811 0 0 73 0 0 0
cpu21 296604 0 515 89778 0 0 20 0 0 0
cpu22 295817 0 326 90754 0 0 26 0 0 0
cpu23 295472 0 275 90991 0 0 136 0 0 0
cpu24 295628 0 563 90683 0 0 46 0 0 0
cpu25 296190 0 465 90244 0 0 22 0 0 0
cpu26 295910 0 257 90739 0 0 20 0 0 0
cpu27 295598 0 306 90993 0 0 12 0 0 0
cpu28 295781 0 399 90712 0 0 26 0 0 0
cpu29 295678 0 360 90834 0 0 20 0 0 0
cpu30 295822 0 251 90831 0 0 12 0 0 0
cpu31 295373 0 588 90871 0 0 83 0 0 0
cpu32 294419 0 1660 90614 0 0 252 0 0 0
cpu33 295828 0 235 90832 4 0 11 0 0 0
cpu34 295818 0 242 90837 0 0 14 0 0 0
cpu35 295812 0 198 90902 1 0 10 0 0 0
cpu36 295725 0 374 90785 0 0 32 0 0 0
cpu37 296475 0 371 89985 66 0 9 0 0 0
cpu38 295260 0 423 91136 0 0 40 0 0 0
cpu39 295801 0 204 90902 0 0 10 0 0 0
cpu40 295447 0 515 90920 1 0 27 0 0 0
cpu41 296061 0 238 90567 30 0 13 0 0 0
cpu42 295798 0 256 90841 0 0 18 0 0 0
cpu43 295841 0 171 90889 1 0 10 0 0 0
cpu44 295602 0 394 90873 1 0 26 0 0 0
cpu45 295900 0 336 90534 112 0 13 0 0 0
cpu46 295505 0 510 90815 0 0 73 0 0 0
cpu47 295738 0 224 90931 0 0 17 0 0 0
cpu48 295316 0 594 90915 0 0 70 0 0 0
cpu49 295776 0 332 90794 0 0 14 0 0 0
cpu50 295209 0 316 91332 0 0 25 0 0 0
cpu51 295734 0 255 90900 0 0 21 0 0 0
cpu52 295902 0 268 90729 0 0 11 0 0 0
cpu53 295806 0 299 90660 91 0 26 0 0 0
cpu54 295916 0 180 90794 4 0 14 0 0 0
cpu55 295795 0 205 90903 1 0 9 0 0 0
cpu56 295834 0 226 90838 0 0 7 0 0 0
cpu57 295637 0 327 90907 1 0 19 0 0 0
cpu58 295693 0 278 90921 0 0 15 0 0 0
cpu59 295718 0 252 90911 0 0 22 0 0 0
cpu60 295498 0 486 90849 0 0 66 0 0 0
cpu61 295927 0 292 90651 8 0 24 0 0 0
cpu62 295711 0 299 90868 0 0 19 0 0 0
cpu63 295649 0 337 90888 0 0 36 0 0 0
cpu64 295758 0 452 90481 185 0 11 0 0 0
cpu65 295827 0 382 90667 1 0 6 0 0 0
cpu66 295798 0 297 90784 1 0 20 0 0 0
cpu67 295632 0 293 90961 0 0 19 0 0 0
cpu68 295306 0 797 90690 0 0 111 0 0 0
cpu69 295966 0 283 90594 32 0 8 0 0 0
cpu70 295884 0 184 90826 0 0 4 0 0 0
cpu71 295730 0 252 90903 0 0 12 0 0 0
cpu72 295889 0 327 90660 2 0 17 0 0 0
cpu73 295861 0 430 90580 3 0 15 0 0 0
cpu74 295643 0 252 90974 1 0 24 0 0 0
cpu75 295800 0 216 90855 0 0 10 0 0 0
cpu76 295766 0 361 90756 1 0 22 0 0 0
cpu77 296063 0 362 90444 15 0 6 0 0 0
cpu78 295739 0 252 90885 0 0 16 0 0 0
cpu79 295749 0 239 90885 0 0 12 0 0 0
cpu80 295950 0 260 90682 0 0 6 0 0 0
cpu81 295933 0 416 90503 28 0 13 0 0 0
cpu82 295755 0 343 90778 0 0 18 0 0 0
cpu83 295800 0 241 90851 1 0 9 0 0 0
cpu84 295732 0 378 90768 0 0 17 0 0 0
cpu85 296254 0 352 90277 1 0 10 0 0 0
cpu86 295596 0 216 91066 0 0 15 0 0 0
cpu87 295746 0 211 90918 1 0 9 0 0 0
cpu88 295868 0 242 90774 0 0 12 0 0 0
cpu89 297176 2 346 89333 6 0 6 0 0 0
cpu90 295732 0 213 90925 0 0 14 0 0 0
cpu91 295686 0 320 90871 0 0 22 0 0 0
cpu92 295757 0 301 90757 0 0 71 0 0 0
cpu93 296312 0 317 90226 1 0 9 0 0 0
cpu94 295890 0 175 90814 0 0 7 0 0 0
cpu95 295830 0 190 90866 0 0 10 0 0 0
cpu96 295811 0 396 90648 6 0 26 0 0 0
cpu97 296091 0 240 90552 1 0 3 0 0 0
cpu98 295745 0 192 90922 0 0 11 0 0 0
cpu99 295821 0 196 90866 0 0 8 0 0 0
cpu100 295612 0 468 90761 12 0 32 0 0 0
cpu101 295807 0 152 90913 1 0 4 0 0 0
cpu102 295741 0 206 90919 1 0 7 0 0 0
cpu103 295852 0 174 90868 0 0 2 0 0 0
cpu104 295818 0 337 90718 0 0 13 0 0 0
cpu105 295867 0 220 90783 0 0 6 0 0 0
cpu106 295885 0 158 90838 0 0 6 0 0 0
cpu107 295720 0 186 90956 0 0 10 0 0 0
cpu108 295760 0 217 90887 2 0 10 0 0 0
cpu109 296284 0 298 90295 0 0 8 0 0 0
cpu110 295619 0 314 90927 0 0 12 0 0 0
cpu111 295803 0 205 90873 0 0 6 0 0 0
cpu112 295932 0 259 90673 0 0 20 0 0 0
cpu113 295964 0 252 90656 3 0 2 0 0 0
cpu114 295883 0 197 90795 0 0 10 0 0 0
cpu115 295773 0 182 90926 0 0 7 0 0 0
cpu116 296103 0 136 90633 0 0 2 0 0 0
cpu117 295896 0 204 90760 5 0 9 0 0 0
cpu118 295890 0 179 90802 0 0 8 0 0 0
cpu119 295769 0 178 90935 0 0 3 0 0 0
cpu120 296036 0 176 90664 0 0 2 0 0 0
cpu121 296043 0 156 90681 4 0 2 0 0 0
cpu122 295855 0 265 90744 0 0 9 0 0 0
cpu123 295811 0 170 90900 0 0 2 0 0 0
cpu124 295990 0 165 90716 0 0 9 0 0 0
cpu125 296092 0 170 90613 0 0 5 0 0 0
cpu126 295854 0 219 90792 0 0 8 0 0 0
cpu127 295870 0 237 90769 0 0 2 0 0 0
intr 106898790 129 0 0 0 680 0 0 0 1 0 285 0 0 0 0 0 0 0 0 0 0 0 0 0 0 0 0 0 0 0 0 0 0 0 0 260 0 576 453 4519 4140 226 1811 1080 3389 338 5148 882 4016 400 78 5691 3824 514 586 2245 2854 453 343 297 52064 345 911 1659 4011 735 1537 942 3771 270 1 932 4035 644 78 3298 1453 411 472 1246 1326 1020 4225 1111 2369 0 444 1451 4038 282 801 505 2019 453 819 1856 1806 1461 98 841 4027 358 275 1789 5692 226 10 293 4269 409 144 739 2077 414 3 503 3500 182 102 3294 4580 802 14 363 1544 418 75 900 10988 13328 4472 1036 2859 295 0 528 2597 757 350 1352 852 420 277 480 1599 594 2542 409 1807 2 7 760 3396 354 835 787 0 0 0 0 0 0 0 0 0 0 161 3642 3 385 63 107 38 25 106 13 0 236 26 9 1 7 10 405 338 5 149 3 1 55 79 351 3440 192 668 672 436 1113 78 78 0 0 0 0 0 0 0 0 0 0 0 0 0 0 0 0 10003 2164 5122 199 3299 237 142 127 145 31 71 246 130 149 73 95 76 41 33 27 37 21 12 42 21 11 74 133 6 2 39 9 13 7 13 21 56 33 0 356 108 74 80 126 135 82 39 6 3 0 55 0 28 32 15 3 5 3 9 18 5 0 10 0 0 0 0 0 0 0 0 0 0 0 0 0 0 0 0 0 0 0 0 0 0 0 0 0 0 0 0 0 0 0 0 0 0 0 0 0 0 0 0 0 0 0 0 0 0 0 0 0 0 0 0 0 0 0 0 0 0 0 0 0 0 0 0 0 0 0 0 0 0 0 0 0 0 0 0 0 0 0 0 0 0 0 0 0 0 0 0 0 0 0 0 0 0 0 0 0 0 0 0 0 0 0 0 0 0 0 0 0 0 0 0 0 0 0 0 0 0 0 0 0 0 0 0 0 0 0 0 0 0 0 0 0 0 0 0 0 0 0 0 0 0 0 0 0 0 0 0 0 0 0 0 0 0 0 0 0 0 0 0 0 0 0 0 0 0 0 0 0 0 0 0 0 0 0 0 0 0 0 0 0 0 0 0 0 0 0 0 0 0 0 0 0 0 0 0 0 0 0 0 0 0 0 0 0 0 0 0 0 0 0 0 0 0 0 0 0 0 0 0 0 0 0 0 0 0 0 0 0 0 0 0 0 0 0 0 0 0 0 0 0 0 0 0 0 0 0 0 0 0 0 0 0 0 0 0 0 0 0 0 0 0 0 0 0 0 0 0 0 0 0 0 0 0 0 0 0 0 0 0 0 0 0 0 0 0 0 0 0 0 0 0 0 0 0 0 0 0 0 0 0 0 0 0 0 0 0 0 0 0 0 0 0 0 0 0 0 0 0 0 0 0 0 0 0 0 0 0 0 0 0 0 0 0 0 0 0 0 0 0 0 0 0 0 0 0 0 0 0 0 0 0 0 0 0 0 0 0 0 0 0 0 0 0 0 0 0 0 0 0 0 0 0 0 0 0 0 0 0 0 0 0 0 0 0 0 0 0 0 0 0 0 0 0 0 0 0 0 0 0 0 0 0 0 0 0 0 0 0 0 0 0 0 0 0 0 0 0 0 0 0 0 0 0 0 49 0 0 0 3 0 0 0 0 0 0 0 0 0 0 0 0 0 0 0 0 0 0 0 0 0 49 0 0 0 0 0 0 0 0 0 0 0 0 0 0 0 0 0 0 0 0 0 0 0 0 0 0 0 0 0 0 0 0 0 0 0 0 0 0 0 0 0 0 0 0 0 0 0 0 0 0 0 0 0 0 0 0 0 0 0 0 0 0 0 0 0 22 0 0 0 0 0 0 0 0 0 0 0 0 0 0 0 0 0 0 0 0 0 0 0 0 0 0 0 0 0 0 0 0 0 0 0 0 0 0 0 0 0 0 0 0 0 0 0 0 0 0 0 0 0 0 0 0 0 0 0 0 0 0 0 0 0 0 0 0 0 0 0 0 0 0 0 0 0 0 0 0 0 0 0 0 0 0 0 0 0 0 0 0 0 0 0 0 0 0 0 0 0 0 0 0 0 0 0 0 0 0 0 0 0 0 0 0 0 0 0 0 0 0 0 0 0 0 0 0 0 0 0 0 0 0 0 0 0 0 0 0 0 0 0 0 0 0 0 0 0 0 0 0 0 0 0 0 0 0 0 0 0 0 0 0 0 0 0 0 0 0 0 0 0 0 0 0 0 0 0 0 0 0 0 0 0 0 0 0 0 0 0 0 0 0 0 0 0 0 0 0 0 0 0 0 0 0 0 0 0 0 0 0 0 0 0 0 0 0 0 0 0 0 0 0 0 0 0 0 0 0 0 0 0 0 0 0 0 0 0 0 0 0 0 0 0 0 0 0 0 0 0 0 0 0 0 0 0 0 0 0 0 0 0 0 0 0 0 0 0 0 0 0 0 0 0 0 0 0 0 0 0 0 0 0 0 0 0 0 0 0 0 0 0 0 0 0 0 0 0 0 0 0 0 0 0 0 0 0 0 0 0 0 0 0 0 0 0 0 0 0 0 0 0 0 0 0 0 0 0 0 0 0 0 0 0 0 0 0 0 0 0 0 0 0 0 0 0 0 0 0 0 0 0 0 0 0 0 0 0 0 0 0 0 0 0 0 0 0 0 0 0 0 0 0 0 0 0 0 0 0 0 0 0 0 0 0 0 0 0 0 0 0 0 0 0 0 0 0 0 0 0 0 0 0 0 0 0 0 0 0 0 0 0 0 0 0 0 0 0 0 0 0 0 0 0 0 0 0 0 0 0 0 0 0 0 0 0 0 0 0 0 0 0 0 0 0 0 0 0 0 0 0 0 0 0 0 0 0 0 0 0 0 0 0 0 0 0 0 0 0 0 0 0 0 0 0 0 0 0 0 0 0 0 0 0 0 0 0 0 0 0 0 0 0 0 0 0 0 0 0 0 0 0 0 0 0 0 0 0 0 0 0 0 0 0 0 0 0 0 0 0 0 0 0 0 0 0 0 0 0 0 0 0 0 0 0 0 0 0 0 0 0 0 0 0 0 0 0 0 0 0 0 0 0 0 0 0 0 0 0 0 0 0 0 0 0 0 0 0 0 0 0 0 0 0 0 0 0 0 0 0 0 0 0 0 0 0 0 0 0 0 0 0 0 0 0 0 0 0 0 0 0 0 0 0 0 0 0 0 0 0 0 0 0 0 0 0 0 0 0 0 0 0 0 0 0 0 0 0 0 0 0 0 0 0 0 0 0 0 0 0 0 0 0 0 0 0 0 0 0 0 0 0 0 0 0 0 0 0 0 0 0 0 0 0 0 0 0 0 0 0 0 0 0 0 0 0 0 0 0 0 0 0 0 0 0 0 0 0 0 0 0 0 0 0 0 0 0 0 0 0 0 0 0 0 0 0 0 0 0 0 0 0 0 0 0 0 0 0 0 0 0 0 0 0 0 0 0 0 0 0 0 0 0 0 0 0 0 0 0 0 0 0 0 0 0 0 0 0 0 0 0 0 0 0 0 0 0 0 0 0 0 0 0 0 0 0 0 0 0 0 0 0 0 0 0 0 0 0 0 0 0 0 0 0 0 0 0 0 0 0 0 0 0 0 0 0 0 0 0 0 0 0 0 0 0 0 0 0 0 0 0 0 0 0 0 0 0 0 0 0 0 0 0 0 0 0 0 0 0 0 0 0 0 0 0 0 0 0 0 0 0 0 0 0 0 0 0 0 0 0 0 0 0 0 0 0 0 0 0 0 0 0 0 0 0 0 0 0 0 0 0 0 0 0 0 0 0 0 0 0 0 0 0 0 0 0 0 0 0 0 0 0 0 0 0 0 0 0 0 0 0 0 0 0 0 0 0 0 0 0 0 0 0 0 0 0 0 0 0 0 0 0 0 0 0 0 0 0 0 0 0 0 0 0 0 0 0 0 0 0 0 0 0 0 0 0 0 0 0 0 0 0 0 0 0 0 0 0 0 0 0 0 0 0 0 0 0 0 0 0 0 0 0 0 0 0 0 0 0 0 0 0 0 0 0 0 0 0 0 0 0 0 0 0 0 0 0 0 0 0 0 0 0 0 0 0 0 0 0 0 0 0 0 0 0 0 0 0 0 0 0 0 0 0 0 0 0 0 0 0 0 0 0 0 0 0 0 0 0 0 0 0 0 0 0 0 0 0 0 0 0 0 0 0 0 0 0 0 0 0 0 0 0 0 0 0 0 0 0 0 0 0 0 0 0 0 0 0 0 0 0 0 0 0 0 0 0 0 0 0 0 0 0 0 0 0 0 0 0 0 0 0 0 0 0 0 0 0 0 0 0 0 0 0 0 0 0 0 0 0 0 0 0 0 0 0 0 0 0 0 0 0 0 0 0 0 0 0 0 0 0 0 0 0 0 0 0 0 0 0 0 0 0 0 0 0 0 0 0 0 0 0 0 0 0 0 0 0 0 0 0 0 0 0 0 0 0 0 0 0 0 0 0 0 0 0 0 0 0 0 0 0 0 0 0 0 0 0 0 0 0 0 0 0 0 0 0 0 0 0 0 0 0 0 0 0 0 0 0 0 0 0 0 0 0 0 0 0 0 0 0 0 0 0 0 0 0 0 0 0 0 0 0 0 0 0 0 0 0 0 0 0 0 0 0 0 0 0 0 0 0 0 0 0 0 0 0 0 0 0 0 0 0 0 0 0 0 0 0 0 0 0 0 0 0 0 0 0 0 0 0 0 0 0 0 0 0 0 0 0 0 0 0 0 0 0 0 0 0 0 0 0 0 0 0 0 0 0 0 0 0 0 0 0 0 0 0 0 0 0 0 0 0 0 0 0 0 0 0 0 0 0 0 0 0 0 0 0 0 0 0 0 0 0 0 0 0 0 0 0 0 0 0 0 0 0 0 0 0 0 0 0 0 0 0 0 0 0 0 0 0 0 0 0 0 0 0 0 0 0 0 0 0 0 0 0 0 0 0 0 0 0 0 0 0 0 0 0 0 0 0 0 0 0 0 0 0 0 0 0 0 0 0 0 0 0 0 0 0 0 0 0 0 0 0 0 0 0 0 0 0 0 0 0 0 0 0 0 0 0 0 0 0 0 0 0 0 0 0 0 0 0 0 0 0 0 0 0 0 0 0 0 0 0 0 0 0 0 0 0 0 0 0 0 0 0 0 0 0 0 0 0 0 0 0 0 0 0 0 0 0 0 0 0 0 0 0 0 0 0 0 0 0 0 0 0 0 0 0 0 0 0 0 0 0 0 0 0 0 0 0 0 0 0 0 0 0 0 0 0 0 0 0 0 0 0 0 0 0 0 0 0 0 0 0 0 0 0 0 0 0 0 0 0 0 0 0 0 0 0 0 0 0 0 0 0 0 0 0 0 0 0 0 0 0 0 0 0 0 0 0 0 0 0 0 0 0 0 0 0 0 0 0 0 0 0 0 0 0 0 0 0 0 0 0 0 0 0 0 0 0 0 0 0 0 0 0 0 0 0 0 0 0 0 0 0 0 0 0 0 0 0 0 0 0 0 0 0 0 0 0 0 0 0 0 0 0 0 0 0 0 0 0 0 0 0 0 0 0 0 0 0 0 0 0 0 0 0 0 0 0 0 0 0 0 0 0 0 0 0 0 0 0 0 0 0 0 0 0 0 0 0 0 0 0 0 0 0 0 0 0 0 0 0 0 0 0 0 0 0 0 0 0 0 0 0 0 0 0 0 0 0 0 0 0 0 0 0 0 0 0 0 0 0 0 0 0 0 0 0 0 0 0 0 0 0 0 0 0 0 0 0 0 0 0 0 0 0 0 0 0 0 0 0 0 0 0 0 0 0 0 0 0 0 0 0 0 0 0 0 0 0 0 0 0 0 0 0 0 0 0 0 0 0 0 0 0 0 0 0 0 0 0 0 0 0 0 0 0 0 0 0 0 0 0 0 0 0 0 0 0 0 0 0 0 0 0 0 0 0 0 0 0 0 0 0 0 0 0 0 0 0 0 0 0 0 0 0 0 0 0 0 0 0 0 0 0 0 0 0 0 0 0 0 0 0 0 0 0 0 0 0 0 0 0 0 0 0 0 0 0 0 0 0 0 0 0 0 0 0 0 0 0 0 0 0 0 0 0 0 0 0 0 0 0 0 0 0 0 0 0 0 0 0 0 0 0 0 0 0 0 0 0 0 0 0 0 0 0 0 0 0 0 0 0 0 0 0 0 0 0 0 0 0 0 0 0 0 0 0 0 0 0 0 0 0 0 0 0 0 0 0 0 0 0 0 0 0 0 0 0 0 0 0 0 0 0 0 0 0 0 0 0 0 0 0 0 0 0 0 0 0 0 0 0 0 0 0 0 0 0 0 0 0 0 0 0 0 0 0 0 0 0 0 0 0 0 0 0 0 0 0 0 0 0 0 0 0 0 0 0 0 0 0 0 0 0 0 0 0 0 0 0 0 0 0 0 0 0 0 0 0 0 0 0 0 0 0 0 0 0 0 0 0 0 0 0 0 0 0 0 0 0 0 0 0 0 0 0 0 0 0 0 0 0 0 0 0 0 0 0 0 0 0 0 0 0 0 0 0 0 0 0 0 0 0 0 0 0 0 0 0 0 0 0 0 0 0 0 0 0 0 0 0 0 0 0 0 0 0 0 0 0 0 0 0 0 0 0 0 0 0 0 0 0 0 0 0 0 0 0 0 0 0 0 0 0 0 0 0 0 0 0 0 0 0 0 0 0 0 0 0 0 0 0 0 0 0 0 0 0 0 0 0 0 0 0 0 0 0 0 0 0 0 0 0 0 0 0 0 0 0 0 0 0 0 0 0 0 0 0 0 0 0 0 0 0 0 0 0 0 0 0 0 0 0 0 0 0 0 0 0 0 0 0 0 0 0 0 0 0 0 0 0 0 0 0 0 0 0 0 0 0 0 0 0 0 0 0 0 0 0 0 0 0 0 0 0 0 0 0 0 0 0 0 0 0 0 0 0 0 0 0 0 0 0 0 0 0 0 0 0 0 0 0 0 0 0 0 0 0 0 0 0 0 0 0 0 0 0 0 0 0 0 0 0 0 0 0 0 0 0 0 0 0 0 0 0 0 0 0 0 0 0 0 0 0 0 0 0 0 0 0 0 0 0 0 0 0 0 0 0 0 0 0 0 0 0 0 0 0 0 0 0 0 0 0 0 0 0 0 0 0 0 0 0 0 0 0 0 0 0 0 0 0 0 0 0 0 0 0 0 0 0 0 0 0 0 0 0 0 0 0 0 0 0 0 0 0 0 0 0 0 0 0 0 0 0 0 0 0 0 0 0 0 0 0 0 0 0 0 0 0 0 0 0 0 0 0 0 0 0 0 0 0 0 0 0 0 0 0 0 0 0 0 0 0 0 0 0 0 0 0 0 0 0 0 0 0 0 0 0 0 0 0 0 0 0 0 0 0 0 0 0 0 0 0 0 0 0 0 0 0 0 0 0 0 0 0 0 0 0 0 0 0 0 0 0 0 0 0 0 0 0 0 0 0 0 0 0 0 0 0 0 0 0 0 0 0 0 0 0 0 0 0 0 0 0 0 0 0 0 0 0 0 0 0 0 0 0 0 0 0 0 0 0 0 0 0 0 0 0 0 0 0 0 0 0 0 0 0 0 0 0 0 0 0 0 0 0 0 0 0 0 0 0 0 0 0 0 0 0 0 0 0 0 0 0 0 0 0 0 0 0 0 0 0 0 0 0 0 0 0 0 0 0 0 0 0 0 0 0 0 0 0 0 0 0 0 0 0 0 0 0 0 0 0 0 0 0 0 0 0 0 0 0 0 0 0 0 0 0 0 0 0 0 0 0 0 0 0 0 0 0 0 0 0 0 0 0 0 0 0 0 0 0 0 0 0 0 0 0 0 0 0 0 0 0 0 0 0 0 0 0 0 0 0 0 0 0 0 0 0 0 0 0 0 0 0 0 0 0 0 0 0 0 0 0 0 0 0 0 0 0 0 0 0 0 0 0 0 0 0 0 0 0 0 0 0 0 0 0 0 0 0 0 0 0 0 0 0 0 0 0 0 0 0 0 0 0 0 0 0 0 0 0 0 0 0 0 0 0 0 0 0 0 0 0 0 0 0 0 0 0 0 0 0 0 0 0 0 0 0 0 0 0 0 0 0 0 0 0 0 0 0 0 0 0 0 0 0 0 0 0 0 0 0 0 0 0 0 0 0 0 0 0 0 0 0 0 0 0 0 0 0 0 0 0 0 0 0 0 0 0 0 0 0 0 0 0 0 0 0 0 0 0 0 0 0 0 0 0 0 0 0 0 0 0 0 0 0 0 0 0 0 0 0 0 0 0 0 0 0 0 0 0 0 0 0 0 0 0 0 0 0 0 0 0 0 0 0 0 0 0 0 0 0 0 0 0 0 0 0 0 0 0 0 0 0 0 0 0 0 0 0 0 0 0 0 0 0 0 0 0 0 0 0 0 0 0 0 0 0 0 0 0 0 0 0 0 0 0 0 0 0 0 0 0 0 0 0 0 0 0 0 0 0 0 0 0 0 0 0 0 0 0 0 0 0 0 0 0 0 0 0 0 0 0 0 0 0 0 0 0 0 0 0 0 0 0 0 0 0 0 0 0 0 0 0 0 0 0 0 0 0 0 0 0 0 0 0 0 0 0 0 0 0 0 0 0 0 0 0 0 0 0 0 0 0 0 0 0 0 0 0 0 0 0 0 0 0 0 0 0 0 0 0 0 0 0 0 0 0 0 0 0 0 0 0 0 0 0 0 0 0 0 0 0 0 0 0 0 0 0 0 0 0 0 0 0 0 0 0 0 0 0 0 0 0 0 0 0 0 0 0 0 0 0 0 0 0 0 0 0 0 0 0 0 0 0 0 0 0 0 0 0 0 0 0 0 0 0 0 0 0 0 0 0 0 0 0 0 0 0 0 0 0 0 0 0 0 0 0 0 0 0 0 0 0 0 0 0 0 0 0 0 0 0 0 0 0 0 0 0 0 0 0 0 0 0 0 0 0 0 0 0 0 0 0 0 0 0 0 0 0 0 0 0 0 0 0 0 0 0 0 0 0 0 0 0 0 0 0 0 0 0 0 0 0 0 0 0 0 0 0 0 0 0 0 0 0 0 0 0 0 0 0 0 0 0 0 0 0 0 0 0 0 0 0 0 0 0 0 0 0 0 0 0 0 0 0 0 0 0 0 0 0 0 0 0 0 0 0 0 0 0 0 0 0 0 0 0 0 0 0 0 0 0 0 0 0 0 0 0 0 0 0 0 0 0 0 0 0 0 0 0 0 0 0 0 0 0 0 0 0 0 0 0 0 0 0 0 0 0 0 0 0 0 0 0 0 0 0 0 0 0 0 0 0 0 0 0 0 0 0 0 0 0 0 0 0 0 0 0 0 0 0 0 0 0 0 0 0 0 0 0 0 0 0 0 0 0 0 0 0 0 0 0 0 0 0 0 0 0 0 0 0 0 0 0 0 0 0 0 0 0 0 0 0 0 0 0 0 0 0 0 0 0 0 0 0 0 0 0 0 0 0 0 0 0 0 0 0 0 0 0 0 0 0 0 0 0 0 0 0 0 0 0 0 0 0 0 0 0 0 0 0 0 0 0 0 0 0 0 0 0 0 0 0 0 0 0 0 0 0 0 0 0 0 0 0 0 0 0 0 0 0 0 0 0 0 0 0 0 0 0 0 0 0 0 0 0 0 0 0 0 0 0 0 0 0 0 0 0 0 0 0 0 0 0 0 0 0 0 0 0 0 0 0 0 0 0 0 0 0 0 0 0 0 0 0 0 0 0 0 0 0 0 0 0 0 0 0 0 0 0 0 0 0 0 0 0 0 0 0 0 0 0 0 0 0 0 0 0 0 0 0 0 0 0 0 0 0 0 0 0 0 0 0 0 0 0 0 0 0 0 0 0 0 0 0 0 0 0 0 0 0 0 0 0 0 0 0 0 0 0 0 0 0 0 0 0 0 0 0 0 0 0 0 0 0 0 0 0 0 0 0 0 0 0 0 0
ctxt 6481651
btime 1613122782
processes 135274
procs_running 1
procs_blocked 0
softirq 112128972 1 68159915 1402 1199110 0 0 230 3584688 0 39183626
