cpu  30724370 5 47508 25922257 413 0 3998 0 0 0
cpu0 238035 0 2620 201677 0 0 373 0 0 0
cpu1 240248 0 134 202534 0 0 17 0 0 0
cpu2 240205 0 180 202574 16 0 2 0 0 0
cpu3 238952 0 460 203500 3 0 32 0 0 0
cpu4 238639 0 1940 202202 0 0 166 0 0 0
cpu5 240210 0 129 202647 7 0 1 0 0 0
cpu6 240119 0 233 202616 0 0 21 0 0 0
cpu7 239941 0 173 202845 0 0 16 0 0 0
cpu8 238980 0 1467 202353 10 0 169 0 0 0
cpu9 240130 0 111 202739 0 0 0 0 0 0
cpu10 240208 0 90 202688 0 0 0 0 0 0
cpu11 240105 0 162 202697 0 0 12 0 0 0
cpu12 239092 0 1246 202499 0 0 109 0 0 0
cpu13 240254 0 91 202639 0 0 0 0 0 0
cpu14 240242 0 102 202642 0 0 4 0 0 0
cpu15 240189 0 201 202586 0 0 17 0 0 0
cpu16 239792 0 1444 201549 1 0 188 0 0 0
cpu17 240282 0 86 202612 1 0 0 0 0 0
cpu18 239994 0 112 202858 0 0 4 0 0 0
cpu19 240192 0 117 202657 0 0 3 0 0 0
cpu20 239216 0 1327 202304 0 0 119 0 0 0
cpu21 240199 0 120 202564 1 0 57 0 0 0
cpu22 240162 0 92 202724 0 0 3 0 0 0
cpu23 240282 0 90 202607 0 0 2 0 0 0
cpu24 239274 0 1172 202313 0 0 136 0 0 0
cpu25 240297 0 86 202598 0 0 0 0 0 0
cpu26 240314 0 102 202556 0 0 0 0 0 0
cpu27 240104 0 94 202770 0 0 4 0 0 0
cpu28 239210 1 1152 202485 0 0 129 0 0 0
cpu29 240300 0 86 202590 0 0 0 0 0 0
cpu30 240212 0 115 202649 1 0 0 0 0 0
cpu31 240299 0 82 202597 0 0 0 0 0 0
cpu32 239225 0 1142 202504 1 0 94 0 0 0
cpu33 240287 0 96 202596 0 0 0 0 0 0
cpu34 240308 0 93 202571 0 0 1 0 0 0
cpu35 240152 0 188 202612 0 0 23 0 0 0
cpu36 239170 0 1456 202194 4 0 138 0 0 0
cpu37 240154 0 158 202662 0 0 2 0 0 0
cpu38 240333 0 78 202566 0 0 0 0 0 0
cpu39 240112 0 102 202756 0 0 3 0 0 0
cpu40 239325 0 1310 202181 1 0 142 0 0 0
cpu41 240266 0 118 202586 0 0 3 0 0 0
cpu42 240185 0 84 202699 0 0 2 0 0 0
cpu43 240092 0 170 202689 0 0 18 0 0 0
cpu44 239367 0 1118 202355 5 0 117 0 0 0
cpu45 240284 0 88 202598 0 0 2 0 0 0
cpu46 240186 0 94 202687 0 0 2 0 0 0
cpu47 240268 0 103 202597 1 0 3 0 0 0
cpu48 239364 0 1074 202403 0 0 122 0 0 0
cpu49 240029 0 88 202847 1 0 3 0 0 0
cpu50 240239 0 79 202654 0 0 1 0 0 0
cpu51 240254 0 113 202598 0 0 1 0 0 0
cpu52 239574 0 1074 202210 1 0 88 0 0 0
cpu53 240321 0 72 202561 8 0 0 0 0 0
cpu54 240274 0 71 202618 1 0 0 0 0 0
cpu55 240230 0 115 202616 1 0 8 0 0 0
cpu56 239400 0 1122 202324 1 0 115 0 0 0
cpu57 240316 0 78 202580 0 0 0 0 0 0
cpu58 239981 0 288 202659 0 0 35 0 0 0
cpu59 240015 0 360 202562 0 0 33 0 0 0
cpu60 239276 0 1387 202151 1 0 126 0 0 0
cpu61 240250 0 89 202630 0 0 0 0 0 0
cpu62 240063 0 97 202795 0 0 5 0 0 0
cpu63 239859 0 288 202784 0 0 12 0 0 0
cpu64 239834 0 1225 201781 20 0 78 0 0 0
cpu65 240037 0 101 202809 5 0 1 0 0 0
cpu66 239883 0 119 202918 1 0 5 0 0 0
cpu67 240053 0 281 202610 2 0 14 0 0 0
cpu68 239764 2 914 202200 24 0 52 0 0 0
cpu69 240282 0 80 202594 0 0 0 0 0 0
cpu70 240272 0 97 202593 0 0 3 0 0 0
cpu71 240084 0 258 202590 1 0 30 0 0 0
cpu72 240048 0 934 201552 165 0 236 0 0 0
cpu73 240183 0 93 202685 1 0 0 0 0 0
cpu74 240267 0 85 202610 0 0 0 0 0 0
cpu75 240266 0 112 202578 3 0 0 0 0 0
cpu76 241494 0 848 200581 1 0 31 0 0 0
cpu77 240277 0 84 202605 0 0 0 0 0 0
cpu78 240284 0 80 202597 0 0 0 0 0 0
cpu79 240154 0 201 202589 1 0 16 0 0 0
cpu80 239952 0 810 202107 8 0 76 0 0 0
cpu81 240294 0 92 202584 0 0 0 0 0 0
cpu82 240253 0 90 202612 0 0 2 0 0 0
cpu83 240279 0 81 202596 0 0 0 0 0 0
cpu84 239524 0 876 202474 1 0 62 0 0 0
cpu85 240297 0 85 202573 0 0 0 0 0 0
cpu86 240330 0 73 202553 0 0 0 0 0 0
cpu87 240177 0 108 202659 0 0 3 0 0 0
cpu88 239714 0 733 202437 0 0 69 0 0 0
cpu89 239957 0 106 202882 0 0 4 0 0 0
cpu90 240316 0 87 202552 0 0 0 0 0 0
cpu91 240290 0 81 202582 0 0 2 0 0 0
cpu92 239836 0 880 202174 0 0 59 0 0 0
cpu93 240307 0 75 202565 1 0 0 0 0 0
cpu94 240228 0 113 202603 0 0 2 0 0 0
cpu95 240284 0 82 202581 3 0 0 0 0 0
cpu96 239617 0 793 202493 1 0 46 0 0 0
cpu97 240296 0 89 202564 0 0 0 0 0 0
cpu98 240297 0 100 202555 0 0 0 0 0 0
cpu99 240162 0 179 202588 0 0 18 0 0 0
cpu100 239720 0 855 202310 0 0 60 0 0 0
cpu101 240254 0 110 202591 0 0 0 0 0 0
cpu102 240256 0 92 202600 2 0 0 0 0 0
cpu103 240288 0 84 202571 0 0 0 0 0 0
cpu104 239761 0 847 202253 0 0 65 0 0 0
cpu105 240300 0 86 202563 0 0 0 0 0 0
cpu106 240287 0 84 202575 0 0 0 0 0 0
cpu107 240259 0 103 202579 0 0 1 0 0 0
cpu108 240002 0 591 202274 35 0 44 0 0 0
cpu109 240302 0 79 202562 0 0 0 0 0 0
cpu110 240264 0 112 202547 11 0 1 0 0 0
cpu111 240260 0 88 202598 0 0 2 0 0 0
cpu112 239738 0 736 202409 4 0 55 0 0 0
cpu113 240307 0 87 202514 1 0 0 0 0 0
cpu114 240318 0 74 202550 1 0 0 0 0 0
cpu115 240257 0 96 202580 0 0 2 0 0 0
cpu116 239954 0 730 202193 2 0 53 0 0 0
cpu117 240293 0 96 202546 0 0 0 0 0 0
cpu118 240332 0 78 202534 0 0 0 0 0 0
cpu119 240130 0 134 202669 0 0 7 0 0 0
cpu120 239842 0 692 202350 4 0 47 0 0 0
cpu121 240309 0 79 202554 0 0 0 0 0 0
cpu122 240093 0 142 202694 0 0 1 0 0 0
cpu123 239726 0 564 202570 0 0 77 0 0 0
cpu124 239873 0 878 202132 3 0 41 0 0 0
cpu125 240304 0 116 202485 0 0 0 0 0 0
cpu126 240287 0 108 202541 0 0 0 0 0 0
cpu127 240173 0 256 202509 0 0 1 0 0 0
intr 85958031 133 0 0 0 680 0 0 0 1 0 272 0 0 0 0 0 0 0 0 0 0 0 0 0 0 0 0 0 0 0 0 0 0 0 0 260 0 763 162 1033 14027 3882 0 546 1030 452 0 241 4181 641 1 954 4487 115 3 553 1707 1121 50012 161 987 1061 0 254 349 773 54 314 0 16 2 803 2545 962 3 407 92 221 15 467 4374 297 0 928 1756 422 462 382 600 19 0 359 3819 43 0 2019 4805 327 2 208 9418 8062 40 999 5296 4831 0 1016 1859 18564 0 413 1831 10 2 462 3808 3830 0 496 790 54 0 251 1889 9 8 651 118 12 0 347 5 1339 0 439 1327 373 4 367 445 67 0 323 1515 2 18 816 1247 16 0 48 10 56 0 283 0 0 0 0 0 0 0 0 0 0 1907 898 13589 161 377 560 45 55 22 1669 190 252 13 153 59 130 122 2 9 3142 324 120 146 172 260 3913 82 7 14 2 481 391 4 49 0 0 0 0 0 0 0 0 0 0 0 0 0 0 0 0 21 7 17 177 18 0 0 2 3 4 11 3 0 4 49 51 10 29 9 13 53 20 53 3 6 9 5 1 80 8 4 67 4 285 4 4 2 14 483 747 221 43 43 3 30 65 24 6 4 22 9 9 38 98 26 2 11 1 2 3 115 32 161 0 0 0 0 0 0 0 0 0 0 0 0 0 0 0 0 0 0 0 0 0 0 0 0 0 0 0 0 0 0 0 0 0 0 0 0 0 0 0 0 0 0 0 0 0 0 0 0 0 0 0 0 0 0 0 0 0 0 0 0 0 0 0 0 0 0 0 0 0 0 0 0 0 0 0 0 0 0 0 0 0 0 0 0 0 0 0 0 0 0 0 0 0 0 0 0 0 0 0 0 0 0 0 0 0 0 0 0 0 0 0 0 0 0 0 0 0 0 0 0 0 0 0 0 0 0 0 0 0 0 0 0 0 0 0 0 0 0 0 0 0 0 0 0 0 0 0 0 0 0 0 0 0 0 0 0 0 0 0 0 0 0 0 0 0 0 0 0 0 0 0 0 0 0 0 0 0 0 0 0 0 0 0 0 0 0 0 0 0 0 0 0 0 0 0 0 0 0 0 0 0 0 0 0 0 0 0 0 0 0 0 0 0 0 0 0 0 0 0 0 0 0 0 0 0 0 0 0 0 0 0 0 0 0 0 0 0 0 0 0 0 0 0 0 0 0 0 0 0 0 0 0 0 0 0 0 0 0 0 0 0 0 0 0 0 0 0 0 0 0 0 0 0 0 0 0 0 0 0 0 0 0 0 0 0 0 0 0 0 0 0 0 0 0 0 0 0 0 0 0 0 0 0 0 0 0 0 0 0 0 0 0 0 0 0 0 0 0 0 0 0 0 0 0 0 0 0 0 0 0 0 0 0 0 0 0 0 0 0 0 0 0 0 0 0 0 0 0 0 0 0 0 0 0 0 0 0 0 0 0 0 0 0 0 0 0 0 0 0 0 0 0 0 0 0 0 0 0 0 0 0 0 0 0 0 0 0 0 0 0 0 0 0 0 0 0 0 0 0 0 0 0 0 0 0 0 0 0 0 0 0 0 0 0 0 0 0 0 0 0 0 0 0 0 0 0 0 0 0 0 0 0 0 0 0 0 0 0 0 0 0 48 0 0 0 0 0 0 0 3 0 0 0 0 0 0 0 0 0 0 0 0 0 0 0 0 0 0 0 0 0 0 0 0 0 0 0 0 0 0 0 0 0 0 0 0 0 0 0 0 0 0 0 0 0 0 0 0 0 0 0 0 0 0 0 0 0 0 48 0 0 0 0 0 0 0 0 23 0 0 0 0 0 0 0 0 0 0 0 0 0 0 0 0 0 0 0 0 0 0 0 0 0 0 0 0 0 0 0 0 0 0 0 0 0 0 0 0 0 0 0 0 0 0 0 0 0 0 0 0 0 0 0 0 0 0 0 0 0 0 0 0 0 0 0 0 0 0 0 0 0 0 0 0 0 0 0 0 0 0 0 0 0 0 0 0 0 0 0 0 0 0 0 0 0 0 0 0 0 0 0 0 0 0 0 0 0 0 0 0 0 0 0 0 0 0 0 0 0 0 0 0 0 0 0 0 0 0 0 0 0 0 0 0 0 0 0 0 0 0 0 0 0 0 0 0 0 0 0 0 0 0 0 0 0 0 0 0 0 0 0 0 0 0 0 0 0 0 0 0 0 0 0 0 0 0 0 0 0 0 0 0 0 0 0 0 0 0 0 0 0 0 0 0 0 0 0 0 0 0 0 0 0 0 0 0 0 0 0 0 0 0 0 0 0 0 0 0 0 0 0 0 0 0 0 0 0 0 0 0 0 0 0 0 0 0 0 0 0 0 0 0 0 0 0 0 0 0 0 0 0 0 0 0 0 0 0 0 0 0 0 0 0 0 0 0 0 0 0 0 0 0 0 0 0 0 0 0 0 0 0 0 0 0 0 0 0 0 0 0 0 0 0 0 0 0 0 0 0 0 0 0 0 0 0 0 0 0 0 0 0 0 0 0 0 0 0 0 0 0 0 0 0 0 0 0 0 0 0 0 0 0 0 0 0 0 0 0 0 0 0 0 0 0 0 0 0 0 0 0 0 0 0 0 0 0 0 0 0 0 0 0 0 0 0 0 0 0 0 0 0 0 0 0 0 0 0 0 0 0 0 0 0 0 0 0 0 0 0 0 0 0 0 0 0 0 0 0 0 0 0 0 0 0 0 0 0 0 0 0 0 0 0 0 0 0 0 0 0 0 0 0 0 0 0 0 0 0 0 0 0 0 0 0 0 0 0 0 0 0 0 0 0 0 0 0 0 0 0 0 0 0 0 0 0 0 0 0 0 0 0 0 0 0 0 0 0 0 0 0 0 0 0 0 0 0 0 0 0 0 0 0 0 0 0 0 0 0 0 0 0 0 0 0 0 0 0 0 0 0 0 0 0 0 0 0 0 0 0 0 0 0 0 0 0 0 0 0 0 0 0 0 0 0 0 0 0 0 0 0 0 0 0 0 0 0 0 0 0 0 0 0 0 0 0 0 0 0 0 0 0 0 0 0 0 0 0 0 0 0 0 0 0 0 0 0 0 0 0 0 0 0 0 0 0 0 0 0 0 0 0 0 0 0 0 0 0 0 0 0 0 0 0 0 0 0 0 0 0 0 0 0 0 0 0 0 0 0 0 0 0 0 0 0 0 0 0 0 0 0 0 0 0 0 0 0 0 0 0 0 0 0 0 0 0 0 0 0 0 0 0 0 0 0 0 0 0 0 0 0 0 0 0 0 0 0 0 0 0 0 0 0 0 0 0 0 0 0 0 0 0 0 0 0 0 0 0 0 0 0 0 0 0 0 0 0 0 0 0 0 0 0 0 0 0 0 0 0 0 0 0 0 0 0 0 0 0 0 0 0 0 0 0 0 0 0 0 0 0 0 0 0 0 0 0 0 0 0 0 0 0 0 0 0 0 0 0 0 0 0 0 0 0 0 0 0 0 0 0 0 0 0 0 0 0 0 0 0 0 0 0 0 0 0 0 0 0 0 0 0 0 0 0 0 0 0 0 0 0 0 0 0 0 0 0 0 0 0 0 0 0 0 0 0 0 0 0 0 0 0 0 0 0 0 0 0 0 0 0 0 0 0 0 0 0 0 0 0 0 0 0 0 0 0 0 0 0 0 0 0 0 0 0 0 0 0 0 0 0 0 0 0 0 0 0 0 0 0 0 0 0 0 0 0 0 0 0 0 0 0 0 0 0 0 0 0 0 0 0 0 0 0 0 0 0 0 0 0 0 0 0 0 0 0 0 0 0 0 0 0 0 0 0 0 0 0 0 0 0 0 0 0 0 0 0 0 0 0 0 0 0 0 0 0 0 0 0 0 0 0 0 0 0 0 0 0 0 0 0 0 0 0 0 0 0 0 0 0 0 0 0 0 0 0 0 0 0 0 0 0 0 0 0 0 0 0 0 0 0 0 0 0 0 0 0 0 0 0 0 0 0 0 0 0 0 0 0 0 0 0 0 0 0 0 0 0 0 0 0 0 0 0 0 0 0 0 0 0 0 0 0 0 0 0 0 0 0 0 0 0 0 0 0 0 0 0 0 0 0 0 0 0 0 0 0 0 0 0 0 0 0 0 0 0 0 0 0 0 0 0 0 0 0 0 0 0 0 0 0 0 0 0 0 0 0 0 0 0 0 0 0 0 0 0 0 0 0 0 0 0 0 0 0 0 0 0 0 0 0 0 0 0 0 0 0 0 0 0 0 0 0 0 0 0 0 0 0 0 0 0 0 0 0 0 0 0 0 0 0 0 0 0 0 0 0 0 0 0 0 0 0 0 0 0 0 0 0 0 0 0 0 0 0 0 0 0 0 0 0 0 0 0 0 0 0 0 0 0 0 0 0 0 0 0 0 0 0 0 0 0 0 0 0 0 0 0 0 0 0 0 0 0 0 0 0 0 0 0 0 0 0 0 0 0 0 0 0 0 0 0 0 0 0 0 0 0 0 0 0 0 0 0 0 0 0 0 0 0 0 0 0 0 0 0 0 0 0 0 0 0 0 0 0 0 0 0 0 0 0 0 0 0 0 0 0 0 0 0 0 0 0 0 0 0 0 0 0 0 0 0 0 0 0 0 0 0 0 0 0 0 0 0 0 0 0 0 0 0 0 0 0 0 0 0 0 0 0 0 0 0 0 0 0 0 0 0 0 0 0 0 0 0 0 0 0 0 0 0 0 0 0 0 0 0 0 0 0 0 0 0 0 0 0 0 0 0 0 0 0 0 0 0 0 0 0 0 0 0 0 0 0 0 0 0 0 0 0 0 0 0 0 0 0 0 0 0 0 0 0 0 0 0 0 0 0 0 0 0 0 0 0 0 0 0 0 0 0 0 0 0 0 0 0 0 0 0 0 0 0 0 0 0 0 0 0 0 0 0 0 0 0 0 0 0 0 0 0 0 0 0 0 0 0 0 0 0 0 0 0 0 0 0 0 0 0 0 0 0 0 0 0 0 0 0 0 0 0 0 0 0 0 0 0 0 0 0 0 0 0 0 0 0 0 0 0 0 0 0 0 0 0 0 0 0 0 0 0 0 0 0 0 0 0 0 0 0 0 0 0 0 0 0 0 0 0 0 0 0 0 0 0 0 0 0 0 0 0 0 0 0 0 0 0 0 0 0 0 0 0 0 0 0 0 0 0 0 0 0 0 0 0 0 0 0 0 0 0 0 0 0 0 0 0 0 0 0 0 0 0 0 0 0 0 0 0 0 0 0 0 0 0 0 0 0 0 0 0 0 0 0 0 0 0 0 0 0 0 0 0 0 0 0 0 0 0 0 0 0 0 0 0 0 0 0 0 0 0 0 0 0 0 0 0 0 0 0 0 0 0 0 0 0 0 0 0 0 0 0 0 0 0 0 0 0 0 0 0 0 0 0 0 0 0 0 0 0 0 0 0 0 0 0 0 0 0 0 0 0 0 0 0 0 0 0 0 0 0 0 0 0 0 0 0 0 0 0 0 0 0 0 0 0 0 0 0 0 0 0 0 0 0 0 0 0 0 0 0 0 0 0 0 0 0 0 0 0 0 0 0 0 0 0 0 0 0 0 0 0 0 0 0 0 0 0 0 0 0 0 0 0 0 0 0 0 0 0 0 0 0 0 0 0 0 0 0 0 0 0 0 0 0 0 0 0 0 0 0 0 0 0 0 0 0 0 0 0 0 0 0 0 0 0 0 0 0 0 0 0 0 0 0 0 0 0 0 0 0 0 0 0 0 0 0 0 0 0 0 0 0 0 0 0 0 0 0 0 0 0 0 0 0 0 0 0 0 0 0 0 0 0 0 0 0 0 0 0 0 0 0 0 0 0 0 0 0 0 0 0 0 0 0 0 0 0 0 0 0 0 0 0 0 0 0 0 0 0 0 0 0 0 0 0 0 0 0 0 0 0 0 0 0 0 0 0 0 0 0 0 0 0 0 0 0 0 0 0 0 0 0 0 0 0 0 0 0 0 0 0 0 0 0 0 0 0 0 0 0 0 0 0 0 0 0 0 0 0 0 0 0 0 0 0 0 0 0 0 0 0 0 0 0 0 0 0 0 0 0 0 0 0 0 0 0 0 0 0 0 0 0 0 0 0 0 0 0 0 0 0 0 0 0 0 0 0 0 0 0 0 0 0 0 0 0 0 0 0 0 0 0 0 0 0 0 0 0 0 0 0 0 0 0 0 0 0 0 0 0 0 0 0 0 0 0 0 0 0 0 0 0 0 0 0 0 0 0 0 0 0 0 0 0 0 0 0 0 0 0 0 0 0 0 0 0 0 0 0 0 0 0 0 0 0 0 0 0 0 0 0 0 0 0 0 0 0 0 0 0 0 0 0 0 0 0 0 0 0 0 0 0 0 0 0 0 0 0 0 0 0 0 0 0 0 0 0 0 0 0 0 0 0 0 0 0 0 0 0 0 0 0 0 0 0 0 0 0 0 0 0 0 0 0 0 0 0 0 0 0 0 0 0 0 0 0 0 0 0 0 0 0 0 0 0 0 0 0 0 0 0 0 0 0 0 0 0 0 0 0 0 0 0 0 0 0 0 0 0 0 0 0 0 0 0 0 0 0 0 0 0 0 0 0 0 0 0 0 0 0 0 0 0 0 0 0 0 0 0 0 0 0 0 0 0 0 0 0 0 0 0 0 0 0 0 0 0 0 0 0 0 0 0 0 0 0 0 0 0 0 0 0 0 0 0 0 0 0 0 0 0 0 0 0 0 0 0 0 0 0 0 0 0 0 0 0 0 0 0 0 0 0 0 0 0 0 0 0 0 0 0 0 0 0 0 0 0 0 0 0 0 0 0 0 0 0 0 0 0 0 0 0 0 0 0 0 0 0 0 0 0 0 0 0 0 0 0 0 0 0 0 0 0 0 0 0 0 0 0 0 0 0 0 0 0 0 0 0 0 0 0 0 0 0 0 0 0 0 0 0 0 0 0 0 0 0 0 0 0 0 0 0 0 0 0 0 0 0 0 0 0 0 0 0 0 0 0 0 0 0 0 0 0 0 0 0 0 0 0 0 0 0 0 0 0 0 0 0 0 0 0 0 0 0 0 0 0 0 0 0 0 0 0 0 0 0 0 0 0 0 0 0 0 0 0 0 0 0 0 0 0 0 0 0 0 0 0 0 0 0 0 0 0 0 0 0 0 0 0 0 0 0 0 0 0 0 0 0 0 0 0 0 0 0 0 0 0 0 0 0 0 0 0 0 0 0 0 0 0 0 0 0 0 0 0 0 0 0 0 0 0 0 0 0 0 0 0 0 0 0 0 0 0 0 0 0 0 0 0 0 0 0 0 0 0 0 0 0 0 0 0 0 0 0 0 0 0 0 0 0 0 0 0 0 0 0 0 0 0 0 0 0 0 0 0 0 0 0 0 0 0 0 0 0 0 0 0 0 0 0 0 0 0 0 0 0 0 0 0 0 0 0 0 0 0 0 0 0 0 0 0 0 0 0 0 0 0 0 0 0 0 0 0 0 0 0 0 0 0 0 0 0 0 0 0 0 0 0 0 0 0 0 0 0 0 0 0 0 0 0 0 0 0 0 0 0 0 0 0 0 0 0 0 0 0 0 0 0 0 0 0 0 0 0 0 0 0 0 0 0 0 0 0 0 0 0 0 0 0 0 0 0 0 0 0 0 0 0 0 0 0 0 0 0 0 0 0 0 0 0 0 0 0 0 0 0 0 0 0 0 0 0 0 0 0 0 0 0 0 0 0 0 0 0 0 0 0 0 0 0 0 0 0 0 0 0 0 0 0 0 0 0 0 0 0 0 0 0 0 0 0 0 0 0 0 0 0 0 0 0 0 0 0 0 0 0 0 0 0 0 0 0 0 0 0 0 0 0 0 0 0 0 0 0 0 0 0 0 0 0 0 0 0 0 0 0 0 0 0 0 0 0 0 0 0 0 0 0 0 0 0 0 0 0 0 0 0 0 0 0 0 0 0 0 0 0 0 0 0 0 0 0 0 0 0 0 0 0 0 0 0 0 0 0 0 0 0 0 0 0 0 0 0 0 0 0 0 0 0 0 0 0 0 0 0 0 0 0 0 0 0 0 0 0 0 0 0 0 0 0 0 0 0 0 0 0 0 0 0 0 0 0 0 0 0 0 0 0 0 0 0 0 0 0 0 0 0 0 0 0 0 0 0 0 0 0 0 0 0 0 0 0 0 0 0 0 0 0 0 0 0 0 0 0 0 0 0 0 0 0 0 0 0 0 0 0 0 0 0 0 0 0 0 0 0 0 0 0 0 0 0 0 0 0 0 0 0 0 0 0 0 0 0 0 0 0 0 0 0 0 0 0 0 0 0 0 0 0 0 0 0 0 0 0 0 0 0 0 0 0 0 0 0 0 0 0 0 0 0 0 0 0 0 0 0 0 0 0 0 0 0 0 0 0 0 0 0 0 0 0 0 0 0 0 0 0 0 0 0 0 0 0 0 0 0 0 0 0 0 0 0 0 0 0 0 0 0 0 0 0 0 0 0 0 0 0 0 0 0 0 0 0 0 0 0 0 0 0 0 0 0 0 0 0 0 0 0 0 0 0 0 0 0 0 0 0 0 0 0 0 0 0 0 0 0 0 0 0 0 0 0 0 0 0 0 0 0 0 0 0 0 0 0 0 0 0 0 0 0 0 0 0 0 0 0 0 0 0 0 0 0 0 0 0 0 0 0 0 0 0 0 0 0 0 0 0 0 0 0 0 0 0 0 0 0 0 0 0 0 0 0 0 0 0 0 0 0 0 0 0 0 0 0 0 0 0 0 0 0 0 0 0 0 0 0 0 0 0 0 0 0 0 0 0 0 0 0 0 0 0 0 0 0 0 0 0 0 0 0 0 0 0 0 0 0 0 0 0 0 0 0 0 0 0 0 0 0 0 0 0 0 0 0 0 0 0 0 0 0 0 0 0 0 0 0 0 0 0 0 0 0 0 0 0 0 0 0 0 0 0 0 0 0 0 0 0 0 0 0 0 0 0 0 0 0 0 0 0 0 0 0 0 0 0 0 0 0 0 0 0 0 0 0 0 0 0 0 0 0 0 0 0 0 0 0 0 0 0 0 0 0 0 0 0 0 0 0 0 0 0 0 0 0 0 0 0 0 0 0 0 0 0 0 0 0 0 0 0 0 0 0 0 0 0 0 0 0 0 0 0 0 0 0 0 0 0 0 0 0 0 0 0 0 0 0 0 0 0 0 0 0 0 0 0 0 0 0 0 0 0 0 0 0 0 0 0 0 0 0 0 0 0 0 0 0 0 0 0 0 0 0 0 0 0 0 0 0 0 0 0 0 0 0 0 0 0 0 0 0 0 0 0 0 0 0 0 0 0 0 0 0 0 0 0 0 0 0 0 0 0 0 0 0 0 0 0 0 0 0 0 0 0 0 0 0 0 0 0 0 0 0 0 0 0 0 0 0 0 0 0 0 0 0 0 0 0 0 0 0 0 0 0 0 0 0 0 0 0 0 0 0 0 0 0 0 0 0 0 0 0 0 0 0 0 0 0 0 0 0 0 0 0 0 0 0 0 0 0 0 0 0 0 0 0 0 0 0 0 0 0 0 0 0 0 0 0 0 0 0 0 0 0 0 0 0 0 0 0 0 0 0 0 0 0 0 0 0 0 0 0 0 0 0 0 0 0 0 0 0 0 0 0 0 0 0 0 0 0 0 0 0 0 0 0 0 0 0 0 0 0 0 0 0 0 0 0 0 0 0 0 0 0 0 0 0 0 0 0 0 0 0 0 0 0 0 0 0 0 0 0 0 0 0 0 0 0 0 0 0 0 0 0 0 0 0 0 0 0 0 0 0 0 0 0 0 0 0 0 0 0 0 0 0 0 0 0 0 0 0 0 0 0 0 0 0 0 0 0 0 0 0 0 0 0 0 0 0 0 0 0 0 0 0 0 0 0 0 0 0 0 0 0 0 0 0 0 0 0 0 0 0 0 0 0
ctxt 5648264
btime 1613064757
processes 110395
procs_running 1
procs_blocked 0
softirq 94753791 1 57804504 1641 962220 0 0 862 2999347 0 32985216
