cpu  4502129 5 10281 37080340 534 0 360 0 0 0
cpu0 35176 0 337 288919 0 0 121 0 0 0
cpu1 35180 0 75 289697 8 0 9 0 0 0
cpu2 35126 0 68 289783 0 0 1 0 0 0
cpu3 35156 0 211 289574 1 0 12 0 0 0
cpu4 35180 0 48 289742 0 0 1 0 0 0
cpu5 35158 0 66 289751 0 0 0 0 0 0
cpu6 35172 0 50 289760 0 0 0 0 0 0
cpu7 35067 0 72 289839 0 0 0 0 0 0
cpu8 35199 0 66 289709 0 0 0 0 0 0
cpu9 35167 0 59 289754 0 0 0 0 0 0
cpu10 35164 0 58 289760 0 0 0 0 0 0
cpu11 35199 0 77 289701 0 0 2 0 0 0
cpu12 35223 0 97 289649 0 0 0 0 0 0
cpu13 35172 0 56 289753 0 0 0 0 0 0
cpu14 35167 0 51 289753 0 0 0 0 0 0
cpu15 34974 0 151 289836 0 0 11 0 0 0
cpu16 35210 0 107 289638 0 0 0 0 0 0
cpu17 35180 0 53 289744 0 0 0 0 0 0
cpu18 35173 0 47 289756 0 0 0 0 0 0
cpu19 35062 0 225 289528 0 0 19 0 0 0
cpu20 35212 0 140 289613 0 0 0 0 0 0
cpu21 35172 0 53 289751 0 0 0 0 0 0
cpu22 35171 0 52 289750 0 0 0 0 0 0
cpu23 35156 0 96 289710 0 0 2 0 0 0
cpu24 35289 0 231 289362 0 0 0 0 0 0
cpu25 35100 0 63 289809 0 0 4 0 0 0
cpu26 35173 0 48 289754 0 0 0 0 0 0
cpu27 35166 0 73 289731 0 0 1 0 0 0
cpu28 35323 0 229 289407 0 0 0 0 0 0
cpu29 35182 0 46 289745 0 0 0 0 0 0
cpu30 35168 0 51 289749 0 0 0 0 0 0
cpu31 35006 0 135 289801 0 0 13 0 0 0
cpu32 35204 0 84 289641 28 0 0 0 0 0
cpu33 35140 0 48 289779 0 0 0 0 0 0
cpu34 34703 0 94 290132 0 0 6 0 0 0
cpu35 35102 0 135 289722 8 0 6 0 0 0
cpu36 35359 0 198 289376 53 0 0 0 0 0
cpu37 35198 0 43 289727 0 0 0 0 0 0
cpu38 35022 0 68 289860 0 0 1 0 0 0
cpu39 35141 0 78 289749 0 0 1 0 0 0
cpu40 35247 0 117 289593 0 0 0 0 0 0
cpu41 35177 0 54 289741 0 0 0 0 0 0
cpu42 35163 0 56 289748 0 0 0 0 0 0
cpu43 35604 0 134 289231 1 0 0 0 0 0
cpu44 35186 0 59 289716 0 0 2 0 0 0
cpu45 35101 0 70 289784 2 0 3 0 0 0
cpu46 35172 0 51 289737 0 0 0 0 0 0
cpu47 35157 0 60 289745 0 0 0 0 0 0
cpu48 35193 0 52 289712 1 0 0 0 0 0
cpu49 35028 0 56 289878 0 0 0 0 0 0
cpu50 35167 0 50 289729 0 0 0 0 0 0
cpu51 35220 0 93 289568 70 0 0 0 0 0
cpu52 35189 0 48 289726 0 0 0 0 0 0
cpu53 35171 0 54 289739 0 0 0 0 0 0
cpu54 35138 0 65 289756 1 0 0 0 0 0
cpu55 35179 0 61 289715 2 0 1 0 0 0
cpu56 35177 0 47 289734 0 0 0 0 0 0
cpu57 35176 0 46 289741 1 0 0 0 0 0
cpu58 35159 0 55 289728 0 0 1 0 0 0
cpu59 35443 0 98 289394 19 0 0 0 0 0
cpu60 35178 0 47 289736 0 0 0 0 0 0
cpu61 35092 0 58 289817 0 0 1 0 0 0
cpu62 35160 0 54 289667 0 0 14 0 0 0
cpu63 35014 0 128 289787 0 0 15 0 0 0
cpu64 35174 0 45 289739 1 0 0 0 0 0
cpu65 35159 0 52 289746 0 0 1 0 0 0
cpu66 35060 0 60 289823 0 0 2 0 0 0
cpu67 35198 0 115 289636 0 0 3 0 0 0
cpu68 35179 0 49 289725 0 0 0 0 0 0
cpu69 35142 0 69 289748 0 0 0 0 0 0
cpu70 35155 0 60 289742 0 0 0 0 0 0
cpu71 35140 0 44 289773 0 0 0 0 0 0
cpu72 35180 0 67 289709 0 0 0 0 0 0
cpu73 35166 0 49 289734 0 0 1 0 0 0
cpu74 35155 0 51 289748 0 0 0 0 0 0
cpu75 35149 0 84 289714 0 0 2 0 0 0
cpu76 35175 0 54 289711 0 0 0 0 0 0
cpu77 35182 0 46 289728 0 0 0 0 0 0
cpu78 35162 0 53 289741 0 0 0 0 0 0
cpu79 35042 0 136 289747 0 0 8 0 0 0
cpu80 35212 0 103 289626 0 0 0 0 0 0
cpu81 35183 0 45 289718 2 0 0 0 0 0
cpu82 35172 0 45 289733 0 0 0 0 0 0
cpu83 35026 0 128 289767 0 0 12 0 0 0
cpu84 35305 0 86 289537 2 0 0 0 0 0
cpu85 35174 0 46 289734 0 0 0 0 0 0
cpu86 35169 0 46 289735 0 0 0 0 0 0
cpu87 35014 0 208 289698 0 0 29 0 0 0
cpu88 35341 0 136 289461 1 0 0 0 0 0
cpu89 35179 0 43 289725 2 0 0 0 0 0
cpu90 35154 0 48 289746 0 0 0 0 0 0
cpu91 35179 0 50 289711 0 0 0 0 0 0
cpu92 35296 0 229 289410 20 0 0 0 0 0
cpu93 35175 0 51 289723 0 0 0 0 0 0
cpu94 35157 0 46 289744 0 0 2 0 0 0
cpu95 35164 0 68 289701 4 0 0 0 0 0
cpu96 35245 0 102 289613 0 0 0 0 0 0
cpu97 34943 0 80 289938 0 0 6 0 0 0
cpu98 35172 0 47 289729 0 0 0 0 0 0
cpu99 35096 0 83 289745 1 0 5 0 0 0
cpu100 35303 0 111 289509 20 0 0 0 0 0
cpu101 35175 0 48 289721 0 0 0 0 0 0
cpu102 35168 0 41 289733 0 0 0 0 0 0
cpu103 35175 1 53 289713 0 0 0 0 0 0
cpu104 35252 0 73 289614 4 0 0 0 0 0
cpu105 35174 0 43 289728 0 0 0 0 0 0
cpu106 35171 0 40 289733 0 0 0 0 0 0
cpu107 35700 0 226 288895 101 0 0 0 0 0
cpu108 35210 0 64 289658 7 0 0 0 0 0
cpu109 35177 0 44 289717 0 0 0 0 0 0
cpu110 35076 0 80 289772 0 0 8 0 0 0
cpu111 35240 0 68 289604 26 0 0 0 0 0
cpu112 35189 0 54 289703 2 0 0 0 0 0
cpu113 35169 0 54 289706 0 0 0 0 0 0
cpu114 35171 0 47 289719 0 0 0 0 0 0
cpu115 35294 0 130 289413 91 0 4 0 0 0
cpu116 35180 0 52 289703 1 0 0 0 0 0
cpu117 35181 0 57 289683 0 0 0 0 0 0
cpu118 34865 0 85 289965 0 0 2 0 0 0
cpu119 35229 2 55 289651 2 0 0 0 0 0
cpu120 35185 0 66 289674 11 0 0 0 0 0
cpu121 35181 0 50 289703 0 0 0 0 0 0
cpu122 35170 0 46 289722 0 0 0 0 0 0
cpu123 35374 0 130 289410 2 0 0 0 0 0
cpu124 35178 0 54 289663 0 0 0 0 0 0
cpu125 35179 0 52 289699 1 0 0 0 0 0
cpu126 35168 0 46 289720 0 0 0 0 0 0
cpu127 35191 0 81 289655 2 0 3 0 0 0
intr 14393688 130 0 0 0 682 0 0 0 1 0 283 0 0 0 0 0 0 0 0 0 0 0 0 0 0 0 0 0 0 0 0 0 0 0 0 260 0 203 0 13 2985 572 0 8 778 7 0 2 2 0 5 2 3087 0 0 0 2222 56 0 340 2307 2 256 2 49 9 137 233 1627 3 63 3 4047 923 175 2 565 91 0 0 0 1651 0 0 0 6 5 0 39 0 0 2 434 0 5 2 109 5 0 38024 7024 20 0 152 2038 0 1 0 9 0 0 0 437 0 0 0 3761 0 0 0 1088 0 0 0 4887 0 0 0 9 57 0 235 539 0 0 0 2136 0 0 0 452 0 0 0 19 0 0 6 11 0 0 0 4198 2 0 0 0 0 0 0 0 0 0 0 0 0 159 397 2 231 26 282 157 180 649 1793 3013 116 36 68 2 11 7 30 586 153 495 171 34 362 14 75 17 45 42 95 5 162 10 7 0 0 0 0 0 0 0 0 0 0 0 0 0 0 0 0 5 51 393 0 1 34 11 1 0 14 2 3 17 15 24 62 3 1 4 1 2 29 0 4 0 4 33 0 28 5 48 0 0 0 3 0 44 4 0 122 21 21 92 49 294 70 195 388 33 198 88 1228 1544 330 1 54 23 9942 2812 3655 353 99 270 0 0 0 0 0 0 0 0 0 0 0 0 0 0 0 0 0 0 0 0 0 0 0 0 0 0 0 0 0 0 0 0 0 0 0 0 0 0 0 0 0 0 0 0 0 0 0 0 0 0 0 0 0 0 0 0 0 0 0 0 0 0 0 0 0 0 0 0 0 0 0 0 0 0 0 0 0 0 0 0 0 0 0 0 0 0 0 0 0 0 0 0 0 0 0 0 0 0 0 0 0 0 0 0 0 0 0 0 0 0 0 0 0 0 0 0 0 0 0 0 0 0 0 0 0 0 0 0 0 0 0 0 0 0 0 0 0 0 0 0 0 0 0 0 0 0 0 0 0 0 0 0 0 0 0 0 0 0 0 0 0 0 0 0 0 0 0 0 0 0 0 0 0 0 0 0 0 0 0 0 0 0 0 0 0 0 0 0 0 0 0 0 0 0 0 0 0 0 0 0 0 0 0 0 0 0 0 0 0 0 0 0 0 0 0 0 0 0 0 0 0 0 0 0 0 0 0 0 0 0 0 0 0 0 0 0 0 0 0 0 0 0 0 0 0 0 0 0 0 0 0 0 0 0 0 0 0 0 0 0 0 0 0 0 0 0 0 0 0 0 0 0 0 0 0 0 0 0 0 0 0 0 0 0 0 0 0 0 0 0 0 0 0 0 0 0 0 0 0 0 0 0 0 0 0 0 0 0 0 0 0 0 0 0 0 0 0 0 0 0 0 0 0 0 0 0 0 0 0 0 0 0 0 0 0 0 0 0 0 0 0 0 0 0 0 0 0 0 0 0 0 0 0 0 0 0 0 0 0 0 0 0 0 0 0 0 0 0 0 0 0 0 0 0 0 0 0 0 0 0 0 0 0 0 0 0 0 0 0 0 0 0 0 0 0 0 0 0 0 0 0 0 0 0 0 0 0 0 0 0 0 0 0 0 0 0 0 0 0 0 0 0 3 0 0 0 0 0 0 0 0 0 0 0 0 0 0 0 0 0 0 0 0 0 0 0 0 0 0 0 0 0 0 0 0 0 0 0 0 0 0 0 0 0 0 0 0 0 0 0 0 0 0 0 0 0 0 0 0 0 0 0 0 0 0 49 0 0 0 0 0 0 0 0 0 0 0 0 0 0 0 0 0 0 0 0 0 0 0 0 0 49 0 0 0 0 0 18 0 0 0 0 0 0 0 0 0 0 0 0 0 0 0 0 0 0 0 0 0 0 0 0 0 0 0 0 0 0 0 0 0 0 0 0 0 0 0 0 0 0 0 0 0 0 0 0 0 0 0 0 0 0 0 0 0 0 0 0 0 0 0 0 0 0 0 0 0 0 0 0 0 0 0 0 0 0 0 0 0 0 0 0 0 0 0 0 0 0 0 0 0 0 0 0 0 0 0 0 0 0 0 0 0 0 0 0 0 0 0 0 0 0 0 0 0 0 0 0 0 0 0 0 0 0 0 0 0 0 0 0 0 0 0 0 0 0 0 0 0 0 0 0 0 0 0 0 0 0 0 0 0 0 0 0 0 0 0 0 0 0 0 0 0 0 0 0 0 0 0 0 0 0 0 0 0 0 0 0 0 0 0 0 0 0 0 0 0 0 0 0 0 0 0 0 0 0 0 0 0 0 0 0 0 0 0 0 0 0 0 0 0 0 0 0 0 0 0 0 0 0 0 0 0 0 0 0 0 0 0 0 0 0 0 0 0 0 0 0 0 0 0 0 0 0 0 0 0 0 0 0 0 0 0 0 0 0 0 0 0 0 0 0 0 0 0 0 0 0 0 0 0 0 0 0 0 0 0 0 0 0 0 0 0 0 0 0 0 0 0 0 0 0 0 0 0 0 0 0 0 0 0 0 0 0 0 0 0 0 0 0 0 0 0 0 0 0 0 0 0 0 0 0 0 0 0 0 0 0 0 0 0 0 0 0 0 0 0 0 0 0 0 0 0 0 0 0 0 0 0 0 0 0 0 0 0 0 0 0 0 0 0 0 0 0 0 0 0 0 0 0 0 0 0 0 0 0 0 0 0 0 0 0 0 0 0 0 0 0 0 0 0 0 0 0 0 0 0 0 0 0 0 0 0 0 0 0 0 0 0 0 0 0 0 0 0 0 0 0 0 0 0 0 0 0 0 0 0 0 0 0 0 0 0 0 0 0 0 0 0 0 0 0 0 0 0 0 0 0 0 0 0 0 0 0 0 0 0 0 0 0 0 0 0 0 0 0 0 0 0 0 0 0 0 0 0 0 0 0 0 0 0 0 0 0 0 0 0 0 0 0 0 0 0 0 0 0 0 0 0 0 0 0 0 0 0 0 0 0 0 0 0 0 0 0 0 0 0 0 0 0 0 0 0 0 0 0 0 0 0 0 0 0 0 0 0 0 0 0 0 0 0 0 0 0 0 0 0 0 0 0 0 0 0 0 0 0 0 0 0 0 0 0 0 0 0 0 0 0 0 0 0 0 0 0 0 0 0 0 0 0 0 0 0 0 0 0 0 0 0 0 0 0 0 0 0 0 0 0 0 0 0 0 0 0 0 0 0 0 0 0 0 0 0 0 0 0 0 0 0 0 0 0 0 0 0 0 0 0 0 0 0 0 0 0 0 0 0 0 0 0 0 0 0 0 0 0 0 0 0 0 0 0 0 0 0 0 0 0 0 0 0 0 0 0 0 0 0 0 0 0 0 0 0 0 0 0 0 0 0 0 0 0 0 0 0 0 0 0 0 0 0 0 0 0 0 0 0 0 0 0 0 0 0 0 0 0 0 0 0 0 0 0 0 0 0 0 0 0 0 0 0 0 0 0 0 0 0 0 0 0 0 0 0 0 0 0 0 0 0 0 0 0 0 0 0 0 0 0 0 0 0 0 0 0 0 0 0 0 0 0 0 0 0 0 0 0 0 0 0 0 0 0 0 0 0 0 0 0 0 0 0 0 0 0 0 0 0 0 0 0 0 0 0 0 0 0 0 0 0 0 0 0 0 0 0 0 0 0 0 0 0 0 0 0 0 0 0 0 0 0 0 0 0 0 0 0 0 0 0 0 0 0 0 0 0 0 0 0 0 0 0 0 0 0 0 0 0 0 0 0 0 0 0 0 0 0 0 0 0 0 0 0 0 0 0 0 0 0 0 0 0 0 0 0 0 0 0 0 0 0 0 0 0 0 0 0 0 0 0 0 0 0 0 0 0 0 0 0 0 0 0 0 0 0 0 0 0 0 0 0 0 0 0 0 0 0 0 0 0 0 0 0 0 0 0 0 0 0 0 0 0 0 0 0 0 0 0 0 0 0 0 0 0 0 0 0 0 0 0 0 0 0 0 0 0 0 0 0 0 0 0 0 0 0 0 0 0 0 0 0 0 0 0 0 0 0 0 0 0 0 0 0 0 0 0 0 0 0 0 0 0 0 0 0 0 0 0 0 0 0 0 0 0 0 0 0 0 0 0 0 0 0 0 0 0 0 0 0 0 0 0 0 0 0 0 0 0 0 0 0 0 0 0 0 0 0 0 0 0 0 0 0 0 0 0 0 0 0 0 0 0 0 0 0 0 0 0 0 0 0 0 0 0 0 0 0 0 0 0 0 0 0 0 0 0 0 0 0 0 0 0 0 0 0 0 0 0 0 0 0 0 0 0 0 0 0 0 0 0 0 0 0 0 0 0 0 0 0 0 0 0 0 0 0 0 0 0 0 0 0 0 0 0 0 0 0 0 0 0 0 0 0 0 0 0 0 0 0 0 0 0 0 0 0 0 0 0 0 0 0 0 0 0 0 0 0 0 0 0 0 0 0 0 0 0 0 0 0 0 0 0 0 0 0 0 0 0 0 0 0 0 0 0 0 0 0 0 0 0 0 0 0 0 0 0 0 0 0 0 0 0 0 0 0 0 0 0 0 0 0 0 0 0 0 0 0 0 0 0 0 0 0 0 0 0 0 0 0 0 0 0 0 0 0 0 0 0 0 0 0 0 0 0 0 0 0 0 0 0 0 0 0 0 0 0 0 0 0 0 0 0 0 0 0 0 0 0 0 0 0 0 0 0 0 0 0 0 0 0 0 0 0 0 0 0 0 0 0 0 0 0 0 0 0 0 0 0 0 0 0 0 0 0 0 0 0 0 0 0 0 0 0 0 0 0 0 0 0 0 0 0 0 0 0 0 0 0 0 0 0 0 0 0 0 0 0 0 0 0 0 0 0 0 0 0 0 0 0 0 0 0 0 0 0 0 0 0 0 0 0 0 0 0 0 0 0 0 0 0 0 0 0 0 0 0 0 0 0 0 0 0 0 0 0 0 0 0 0 0 0 0 0 0 0 0 0 0 0 0 0 0 0 0 0 0 0 0 0 0 0 0 0 0 0 0 0 0 0 0 0 0 0 0 0 0 0 0 0 0 0 0 0 0 0 0 0 0 0 0 0 0 0 0 0 0 0 0 0 0 0 0 0 0 0 0 0 0 0 0 0 0 0 0 0 0 0 0 0 0 0 0 0 0 0 0 0 0 0 0 0 0 0 0 0 0 0 0 0 0 0 0 0 0 0 0 0 0 0 0 0 0 0 0 0 0 0 0 0 0 0 0 0 0 0 0 0 0 0 0 0 0 0 0 0 0 0 0 0 0 0 0 0 0 0 0 0 0 0 0 0 0 0 0 0 0 0 0 0 0 0 0 0 0 0 0 0 0 0 0 0 0 0 0 0 0 0 0 0 0 0 0 0 0 0 0 0 0 0 0 0 0 0 0 0 0 0 0 0 0 0 0 0 0 0 0 0 0 0 0 0 0 0 0 0 0 0 0 0 0 0 0 0 0 0 0 0 0 0 0 0 0 0 0 0 0 0 0 0 0 0 0 0 0 0 0 0 0 0 0 0 0 0 0 0 0 0 0 0 0 0 0 0 0 0 0 0 0 0 0 0 0 0 0 0 0 0 0 0 0 0 0 0 0 0 0 0 0 0 0 0 0 0 0 0 0 0 0 0 0 0 0 0 0 0 0 0 0 0 0 0 0 0 0 0 0 0 0 0 0 0 0 0 0 0 0 0 0 0 0 0 0 0 0 0 0 0 0 0 0 0 0 0 0 0 0 0 0 0 0 0 0 0 0 0 0 0 0 0 0 0 0 0 0 0 0 0 0 0 0 0 0 0 0 0 0 0 0 0 0 0 0 0 0 0 0 0 0 0 0 0 0 0 0 0 0 0 0 0 0 0 0 0 0 0 0 0 0 0 0 0 0 0 0 0 0 0 0 0 0 0 0 0 0 0 0 0 0 0 0 0 0 0 0 0 0 0 0 0 0 0 0 0 0 0 0 0 0 0 0 0 0 0 0 0 0 0 0 0 0 0 0 0 0 0 0 0 0 0 0 0 0 0 0 0 0 0 0 0 0 0 0 0 0 0 0 0 0 0 0 0 0 0 0 0 0 0 0 0 0 0 0 0 0 0 0 0 0 0 0 0 0 0 0 0 0 0 0 0 0 0 0 0 0 0 0 0 0 0 0 0 0 0 0 0 0 0 0 0 0 0 0 0 0 0 0 0 0 0 0 0 0 0 0 0 0 0 0 0 0 0 0 0 0 0 0 0 0 0 0 0 0 0 0 0 0 0 0 0 0 0 0 0 0 0 0 0 0 0 0 0 0 0 0 0 0 0 0 0 0 0 0 0 0 0 0 0 0 0 0 0 0 0 0 0 0 0 0 0 0 0 0 0 0 0 0 0 0 0 0 0 0 0 0 0 0 0 0 0 0 0 0 0 0 0 0 0 0 0 0 0 0 0 0 0 0 0 0 0 0 0 0 0 0 0 0 0 0 0 0 0 0 0 0 0 0 0 0 0 0 0 0 0 0 0 0 0 0 0 0 0 0 0 0 0 0 0 0 0 0 0 0 0 0 0 0 0 0 0 0 0 0 0 0 0 0 0 0 0 0 0 0 0 0 0 0 0 0 0 0 0 0 0 0 0 0 0 0 0 0 0 0 0 0 0 0 0 0 0 0 0 0 0 0 0 0 0 0 0 0 0 0 0 0 0 0 0 0 0 0 0 0 0 0 0 0 0 0 0 0 0 0 0 0 0 0 0 0 0 0 0 0 0 0 0 0 0 0 0 0 0 0 0 0 0 0 0 0 0 0 0 0 0 0 0 0 0 0 0 0 0 0 0 0 0 0 0 0 0 0 0 0 0 0 0 0 0 0 0 0 0 0 0 0 0 0 0 0 0 0 0 0 0 0 0 0 0 0 0 0 0 0 0 0 0 0 0 0 0 0 0 0 0 0 0 0 0 0 0 0 0 0 0 0 0 0 0 0 0 0 0 0 0 0 0 0 0 0 0 0 0 0 0 0 0 0 0 0 0 0 0 0 0 0 0 0 0 0 0 0 0 0 0 0 0 0 0 0 0 0 0 0 0 0 0 0 0 0 0 0 0 0 0 0 0 0 0 0 0 0 0 0 0 0 0 0 0 0 0 0 0 0 0 0 0 0 0 0 0 0 0 0 0 0 0 0 0 0 0 0 0 0 0 0 0 0 0 0 0 0 0 0 0 0 0 0 0 0 0 0 0 0 0 0 0 0 0 0 0 0 0 0 0 0 0 0 0 0 0 0 0 0 0 0 0 0 0 0 0 0 0 0 0 0 0 0 0 0 0 0 0 0 0 0 0 0 0 0 0 0 0 0 0 0 0 0 0 0 0 0 0 0 0 0 0 0 0 0 0 0 0 0 0 0 0 0 0 0 0 0 0 0 0 0 0 0 0 0 0 0 0 0 0 0 0 0 0 0 0 0 0 0 0 0 0 0 0 0 0 0 0 0 0 0 0 0 0 0 0 0 0 0 0 0 0 0 0 0 0 0 0 0 0 0 0 0 0 0 0 0 0 0 0 0 0 0 0 0 0 0 0 0 0 0 0 0 0 0 0 0 0 0 0 0 0 0 0 0 0 0 0 0 0 0 0 0 0 0 0 0 0 0 0 0 0 0 0 0 0 0 0 0 0 0 0 0 0 0 0 0 0 0 0 0 0 0 0 0 0 0 0 0 0 0 0 0 0 0 0 0 0 0 0 0 0 0 0 0 0 0 0 0 0 0 0 0 0 0 0 0 0 0 0 0 0 0 0 0 0 0 0 0 0 0 0 0 0 0 0 0 0 0 0 0 0 0 0 0 0 0 0 0 0 0 0 0 0 0 0 0 0 0 0 0 0 0 0 0 0 0 0 0 0 0 0 0 0 0 0 0 0 0 0 0 0 0 0 0 0 0 0 0 0 0 0 0 0 0 0 0 0 0 0 0 0 0 0 0 0 0 0 0 0 0 0 0 0 0 0 0 0 0 0 0 0 0 0 0 0 0 0 0 0 0 0 0 0 0 0 0 0 0 0 0 0 0 0 0 0 0 0 0 0 0 0 0 0 0 0 0 0 0 0 0 0 0 0 0 0 0 0 0 0 0 0 0 0 0 0 0 0 0 0 0 0 0 0 0 0 0 0 0 0 0 0 0 0 0 0 0 0 0 0 0 0 0 0 0 0 0 0 0 0 0 0 0 0 0 0 0 0 0 0 0 0 0 0 0 0 0 0 0 0 0 0 0 0 0 0 0 0 0 0 0 0 0 0 0 0 0 0 0 0 0 0 0 0 0 0 0 0 0 0 0 0 0 0 0 0 0 0 0 0 0 0 0 0 0 0 0 0 0 0 0 0 0 0 0 0 0 0 0 0 0 0 0 0 0 0 0 0 0 0 0 0 0 0 0 0 0 0 0 0 0 0 0 0 0 0 0 0 0 0 0 0 0 0 0 0 0 0 0 0 0 0 0 0 0 0 0 0 0 0 0 0 0 0 0 0 0 0 0 0 0 0 0 0 0 0 0 0 0 0 0 0 0 0 0 0 0 0 0 0 0 0 0 0 0 0 0 0 0 0 0 0 0 0 0 0 0 0 0 0 0 0 0 0 0 0 0 0 0 0 0 0 0 0 0 0 0 0 0 0 0 0 0 0 0 0 0 0 0 0 0 0 0 0 0 0 0 0 0 0 0 0 0 0 0 0 0 0 0 0 0 0 0 0 0 0 0 0 0 0 0 0 0 0 0 0 0 0 0 0 0 0 0 0 0 0 0 0 0 0 0 0 0 0 0 0 0 0 0 0 0 0 0 0 0 0 0 0 0 0 0 0 0 0 0 0 0 0 0 0 0 0 0 0 0 0 0 0 0 0 0 0 0 0 0 0 0 0 0 0 0 0 0 0 0 0 0 0 0 0 0 0 0 0 0 0 0 0 0 0 0 0 0 0 0 0 0 0 0 0 0 0 0 0 0 0 0 0 0 0 0 0 0 0 0 0 0 0 0 0 0 0 0 0 0 0 0 0 0 0 0 0 0 0 0 0 0 0 0 0 0 0 0 0 0 0 0 0 0 0 0 0 0 0 0 0 0 0 0 0 0 0 0 0 0 0 0 0 0 0 0 0 0 0 0 0 0 0 0 0 0 0 0 0 0 0 0 0 0 0 0 0 0 0 0 0 0 0 0 0 0 0 0 0 0 0 0 0 0 0 0 0 0 0 0 0 0 0 0 0 0 0 0 0 0 0 0 0 0 0 0 0 0 0 0 0 0 0 0 0 0 0 0 0 0 0 0 0 0 0 0 0 0 0 0 0 0 0 0 0 0 0 0 0 0 0 0 0 0 0 0 0 0 0 0 0 0 0 0 0 0 0 0 0 0 0 0 0 0 0 0 0 0 0 0 0 0 0 0 0 0 0 0 0 0 0 0 0 0 0 0 0 0 0 0 0 0 0 0 0 0 0 0 0 0 0 0 0 0 0 0 0 0 0 0 0 0 0 0 0 0 0 0 0 0 0 0 0 0 0 0 0 0 0 0 0 0 0 0 0 0 0 0 0 0 0 0 0 0 0 0 0 0 0 0 0 0 0 0 0 0 0 0 0 0 0 0 0 0 0 0 0 0 0 0 0 0 0 0 0 0 0 0 0 0 0 0 0 0 0 0 0 0 0 0 0 0 0 0 0 0 0 0 0 0 0 0 0 0 0 0 0 0 0 0 0 0 0 0 0 0 0 0 0 0 0 0 0 0 0 0 0 0 0 0 0 0 0 0 0 0 0 0 0 0 0 0 0 0 0 0 0 0 0 0 0 0 0 0 0 0 0 0 0 0 0 0 0 0 0 0 0 0 0 0 0 0 0 0 0 0 0 0 0 0 0 0 0 0 0 0 0 0 0 0 0 0 0 0 0 0 0 0 0 0 0 0 0 0 0 0 0 0 0 0 0 0 0 0 0 0 0 0 0 0 0 0 0 0 0 0 0 0 0 0 0 0 0 0 0 0 0 0 0 0 0 0 0 0 0 0 0 0 0 0 0 0 0 0
ctxt 2361200
btime 1613064757
processes 56830
procs_running 1
procs_blocked 0
softirq 15195140 1 8708177 1223 452429 0 0 163 720565 0 5312582
