cpu  31892154 5 42279 8769909 130 0 2800 0 0 0
cpu0 498031 0 1063 136611 0 0 415 0 0 0
cpu1 498149 0 669 137180 2 0 113 0 0 0
cpu2 497828 0 1053 137132 0 0 51 0 0 0
cpu3 498054 0 585 137373 7 0 50 0 0 0
cpu4 497726 0 1099 137106 0 0 47 0 0 0
cpu5 498387 0 343 137318 0 0 26 0 0 0
cpu6 498315 0 780 136937 0 0 35 0 0 0
cpu7 496757 0 1694 137350 0 0 256 0 0 0
cpu8 498030 0 1106 136889 0 0 32 0 0 0
cpu9 498398 0 299 137345 0 0 23 0 0 0
cpu10 498534 0 1012 136475 0 0 32 0 0 0
cpu11 498652 0 178 137230 0 0 8 0 0 0
cpu12 497950 0 906 137174 0 0 32 0 0 0
cpu13 498343 0 368 137320 0 0 40 0 0 0
cpu14 498697 0 1381 135951 2 0 27 0 0 0
cpu15 498162 0 526 137306 0 0 74 0 0 0
cpu16 497250 0 1758 137012 3 0 31 0 0 0
cpu17 498110 0 604 137297 0 0 49 0 0 0
cpu18 497948 0 1328 136737 4 0 42 0 0 0
cpu19 498557 0 187 137310 0 0 14 0 0 0
cpu20 497828 0 1506 136575 59 0 43 0 0 0
cpu21 498582 0 187 137294 0 0 7 0 0 0
cpu22 497368 0 1432 137212 1 0 46 0 0 0
cpu23 498379 0 342 137300 0 0 43 0 0 0
cpu24 497586 1 1281 137164 0 0 30 0 0 0
cpu25 498644 0 122 137296 0 0 2 0 0 0
cpu26 497810 0 1001 137215 0 0 30 0 0 0
cpu27 499018 0 234 136807 0 0 7 0 0 0
cpu28 498518 0 634 136893 0 0 18 0 0 0
cpu29 498428 0 297 137328 0 0 8 0 0 0
cpu30 498115 0 821 137077 2 0 41 0 0 0
cpu31 498431 0 306 137292 1 0 30 0 0 0
cpu32 498438 0 757 136833 0 0 16 0 0 0
cpu33 498060 0 623 137316 0 0 28 0 0 0
cpu34 498148 0 673 137198 0 0 20 0 0 0
cpu35 498098 0 527 137378 0 0 44 0 0 0
cpu36 498218 0 617 137169 0 0 16 0 0 0
cpu37 498422 0 295 137309 0 0 33 0 0 0
cpu38 498293 0 852 136893 2 0 21 0 0 0
cpu39 496918 0 1538 137315 0 0 275 0 0 0
cpu40 498230 0 948 136857 0 0 16 0 0 0
cpu41 498218 0 478 137282 1 0 79 0 0 0
cpu42 501045 0 899 134055 14 0 11 0 0 0
cpu43 498615 0 125 137305 1 0 4 0 0 0
cpu44 499629 0 519 135907 0 0 7 0 0 0
cpu45 498248 0 447 137288 1 0 70 0 0 0
cpu46 499626 0 980 135400 2 0 14 0 0 0
cpu47 498566 0 178 137300 1 0 10 0 0 0
cpu48 498047 0 1015 136887 0 0 87 0 0 0
cpu49 498252 0 481 137307 0 0 16 0 0 0
cpu50 498448 1 658 136790 0 0 127 0 0 0
cpu51 498623 0 127 137300 0 0 2 0 0 0
cpu52 498432 0 491 137112 0 0 14 0 0 0
cpu53 498640 0 125 137273 0 0 4 0 0 0
cpu54 498414 0 487 137129 0 0 18 0 0 0
cpu55 498539 0 203 137294 0 0 16 0 0 0
cpu56 498146 0 676 137210 0 0 15 0 0 0
cpu57 498655 0 90 137307 0 0 2 0 0 0
cpu58 498270 0 498 137263 3 0 16 0 0 0
cpu59 498582 0 155 137306 0 0 6 0 0 0
cpu60 498484 0 419 137132 0 0 8 0 0 0
cpu61 498435 0 293 137291 0 0 32 0 0 0
cpu62 498345 0 537 136847 0 0 16 0 0 0
cpu63 498462 0 438 137121 0 0 28 0 0 0
intr 91403763 83 0 0 0 622 0 0 0 1 0 285 0 0 0 0 0 0 0 0 0 0 0 0 0 0 0 0 0 0 0 0 0 0 0 0 0 0 0 1975 19012 1120 14428 2161 6324 358 39398 854 3899 695 4533 640 5393 2342 18826 5067 7753 2217 2258 22958 2206 4861 4416 2689 793 1095 2125 913 2801 1075 4537 1242 10352 1077 19102 751 7511 2963 9780 1649 9550 961 346 584 8461 4787 3529 3360 8552 69602 2022 2584 2276 1191 5450 1302 969 1362 1039 1139 3369 626 8278 0 0 0 0 0 0 0 0 0 0 0 0 0 0 0 0 0 32988 93 0 0 0 0 0 0 0 0 0 0 0 0 0 0 0 0 0 0 0 0 0 0 0 0 0 0 0 0 0 0 0 0 0 0 0 0 0 0 0 0 0 0 0 0 0 0 0 0 0 0 0 0 0 0 0 0 0 0 0 0 0 0 0 0 0 0 0 0 0 0 0 0 0 0 0 25 0 0 0 0 0 0 0 0 0 0 0 0 0 0 0 0 0 0 0 0 0 0 0 0 0 0 0 0 0 0 0 0 0 0 0 0 0 0 0 0 0 0 0 0 0 0 0 0 0 0 0 0 0 0 0 0 0 0 0 0 0 0 0 0 0 0 0 0 0 0 0 0 0 0 0 0 0 0 0 0 0 0 0 0 0 0 0 0 0 0 0 0 0 0 0 0 0 0 0 0 0 0 0 0 0 0 0 0 0 0 0 0 0 0 0 0 0 0 0 0 0 0 0 0 0 0 0 0 0 0 0 0 0 0 0 0 0 0 0 0 0 0 0 0 0 0 0 0 0 0 0 0 0 0 0 0 0 0 0 0 0 0 0 0 0 0 0 0 0 0 0 0 0 0 0 0 0 0 0 0 0 0 0 0 0 0 0 0 0 0 0 0 0 0 0 0 0 0 0 0 0 0 0 0 0 0 0 0 0 0 0 0 0 0 0 0 0 0 0 0 0 0 0 0 0 0 0 0 0 0 0 0 0 0 0 0 0 0 0 0 0 0 0 0 0 0 0 0 0 0 0 0 0 0 0 0 0 0 0 0 0 0 0 0 0 0 0 0 0 0 0 0 0 0 0 0 0 0 0 0 0 0 0 0 0 0 0 0 0 0 0 0 0 0 0 0 0 0 0 0 0 0 0 0 0 0 0 0 0 0 0 0 0 0 0 0 0 0 0 0 0 0 0 0 0 0 0 0 0 0 0 0 0 0 0 0 0 0 0 0 0 0 0 0 0 0 0 0 0 0 0 0 0 0 0 0 0 0 0 0 0 0 0 0 0 0 0 0 0 0 0 0 0 0 0 0 0 0 0 0 0 0 0 0 0 0 0 0 0 0 0 0 0 0 0 0 0 0 0 0 0 0 0 0 0 0 0 0 0 0 0 0 0 0 0 0 0 0 0 0 0 0 0 0 0 0 0 0 0 0 0 0 0 0 0 0 0 0 0 0 0 0 0 0 0 0 0 0 0 0 0 0 0 0 0 0 0 0 0 0 0 0 0 0 0 0 0 0 0 0 0 0 0 0 0 0 0 0 0 0 0 0 0 0 0 0 0 0 0 0 0 0 0 0 0 0 0 0 0 0 0 0 0 0 0 0 0 0 0 0 0 0 0 0 0 0 0 0 0 0 0 0 0 0 0 0 0 0 0 0 0 0 0 0 0 0 0 0 0 0 0 0 0 0 0 0 0 0 0 0 0 0 0 0 0 0 0 0 0 0 0 0 0 0 0 0 0 0 0 0 0 0 0 0 0 0 0 0 0 0 0 0 0 0 0 0 0 0 0 0 0 0 0 0 0 0 0 0 0 0 0 0 0 0 0 0 0 0 0 0 0 0 0 0 0 0 0 0 0 0 0 0 0 0 0 0 0 0 0 0 0 0 0 0 0 0 0 0 0 0 0 0 0 0 0 0 0 0 0 0 0 0 0 0 0 0 0 0 0 0 0 0 0 0 0 0 0 0 0 0 0 0 0 0 0 0 0 0 0 0 0 0 0 0 0 0 0 0 0 0 0 0 0 0 0 0 0 0 0 0 0 0 0 0 0 0 0 0 0 0 0 0 0 0 0 0 0 0 0 0 0 0 0 0 0 0 0 0 0 0 0 0 0 0 0 0 0 0 0 0 0 0 0 0 0 0 0 0 0 0 0 0 0 0 0 0 0 0 0 0 0 0 0 0 0 0 0 0 0 0 0 0 0 0 0 0 0 0 0 0 0 0 0 0 0 0 0 0 0 0 0 0 0 0 0 0 0 0 0 0 0 0 0 0 0 0 0 0 0 0 0 0 0 0 0 0 0 0 0 0 0 0 0 0 0 0 0 0 0 0 0 0 0 0 0 0 0 0 0 0 0 0 0 0 0 0 0 0 0 0 0 0 0 0 0 0 0 0 0 0 0 0 0 0 0 0 0 0 0 0 0 0 0 0 0 0 0 0 0 0 0 0 0 0 0 0 0 0 0 0 0 0 0 0 0 0 0 0 0 0 0 0 0 0 0 0 0 0 0 0 0 0 0 0 0 0 0 0 0 0 0 0 0 0 0 0 0 0 0 0 0 0 0 0 0 0 0 0 0 0 0 0 0 0 0 0 0 0 0 0 0 0 0 0 0 0 0 0 0 0 0 0 0 0 0 0 0 0 0 0 0 0 0 0 0 0 0 0 0 0 0 0 0 0 0 0 0 0 0 0 0 0 0 0 0 0 0 0 0 0 0 0 0 0 0 0 0 0 0 0 0 0 0 0 0 0 0 0 0 0 0 0 0 0 0 0 0 0 0 0 0 0 0 0 0 0 0 0 0 0 0 0 0 0 0 0 0 0 0 0 0 0 0 0 0 0 0 0 0 0 0 0 0 0 0 0 0 0 0 0 0 0 0 0 0 0 0 0 0 0 0 0 0 0 0 0 0 0 0 0 0 0 0 0 0 0 0 0 0 0 0 0 0 0 0 0 0 0 0 0 0 0 0 0 0 0 0 0 0 0 0 0 0 0 0 0 0 0 0 0 0 0 0 0 0 0 0 0 0 0 0 0 0 0 0 0 0 0 0 0 0 0 0 0 0 0 0 0 0 0 0 0 0 0 0 0 0 0 0 0 0 0 0 0 0 0 0 0 0 0 0 0 0 0 0 0 0 0 0 0 0 0 0 0 0 0 0 0 0 0 0 0 0 0 0 0 0 0 0 0 0 0 0 0 0 0 0 0 0 0 0 0 0 0 0 0 0 0 0 0 0 0 0 0 0 0 0 0 0 0 0 0 0 0 0 0 0 0 0 0 0 0 0 0 0 0 0 0 0 0 0 0 0 0 0 0 0 0 0 0 0 0 0 0 0 0 0 0 0 0 0 0 0 0 0 0 0 0 0 0 0 0 0 0 0 0 0 0 0 0 0 0 0 0 0 0 0 0 0 0 0 0 0 0 0 0 0 0 0 0 0 0 0 0 0 0 0 0 0 0 0 0 0 0 0 0 0 0 0 0 0 0 0 0 0 0 0 0 0 0 0 0 0 0 0 0 0 0 0 0 0 0 0 0 0 0 0 0 0 0 0 0 0 0 0 0 0 0 0 0 0 0 0 0 0 0 0 0 0 0 0 0 0 0 0 0 0 0 0 0 0 0 0 0 0 0 0 0 0 0 0 0 0 0 0 0 0 0 0 0 0 0 0 0 0 0 0 0 0 0 0 0 0 0 0 0 0 0 0 0 0 0 0 0 0 0 0 0 0 0 0 0 0 0 0 0 0 0 0 0 0 0 0 0 0 0 0 0 0 0 0 0 0 0 0 0 0 0 0 0 0 0 0 0 0 0 0 0 0 0 0 0 0 0 0 0 0 0 0 0 0 0 0 0 0 0 0 0 0 0 0 0 0 0 0 0 0 0 0 0 0 0 0 0 0 0 0 0 0 0 0 0 0 0 0 0 0 0 0 0 0 0 0 0 0 0 0 0 0 0 0 0 0 0 0 0 0 0 0 0 0 0 0 0 0 0 0 0 0 0 0 0 0 0 0 0 0 0 0 0 0 0 0 0 0 0 0 0 0 0 0 0 0 0 0 0 0 0 0 0 0 0 0 0 0 0 0 0 0 0 0 0 0 0 0 0 0 0 0 0 0 0 0 0 0 0 0 0 0 0 0 0 0 0 0 0 0 0 0 0 0 0 0 0 0 0 0 0 0 0 0 0 0 0 0 0 0 0 0 0 0 0 0 0 0 0 0 0 0 0 0 0 0 0 0 0 0 0 0 0 0 0 0 0 0 0 0 0 0 0 0 0 0 0 0 0 0 0 0 0 0 0 0 0 0 0 0 0 0 0 0 0 0 0 0 0 0 0 0 0 0 0 0 0 0 0 0 0 0 0 0 0 0 0 0 0 0 0 0 0 0 0 0 0 0 0 0 0 0 0 0 0 0 0 0 0 0 0 0 0 0 0 0 0 0 0 0 0 0 0 0 0 0 0 0 0 0 0 0 0 0 0 0 0 0 0 0 0 0 0 0 0 0 0 0 0 0 0 0 0 0 0 0 0 0 0 0 0 0 0 0 0 0 0 0 0 0 0 0 0 0 0 0 0 0 0 0 0 0 0 0 0 0 0 0 0 0 0 0 0 0 0 0 0 0 0 0 0 0 0 0 0 0 0 0 0 0 0 0 0 0 0 0 0 0 0 0 0 0 0 0 0 0 0 0 0 0 0 0 0 0 0 0 0 0 0 0 0 0 0 0 0 0 0 0 0 0 0 0 0 0 0 0 0 0 0 0 0 0 0 0 0 0 0 0 0 0 0 0 0 0 0 0 0 0 0 0 0 0 0 0 0 0 0 0 0 0 0 0 0 0 0 0 0 0 0 0 0 0 0 0 0 0 0 0 0 0 0 0 0 0 0 0 0 0 0 0 0 0 0 0 0 0 0 0 0 0 0 0 0 0 0 0 0 0 0 0 0 0 0 0 0 0 0 0 0 0 0 0 0 0 0 0 0 0 0 0 0 0 0 0 0 0 0 0 0 0 0 0 0 0 0 0 0 0 0 0 0 0 0 0 0 0 0 0 0 0 0 0 0 0 0 0 0 0 0 0 0 0 0 0 0 0 0 0 0 0 0 0 0 0 0 0 0 0 0 0 0 0 0 0 0 0 0 0 0 0 0 0 0 0 0 0 0 0 0 0 0 0 0 0 0 0 0 0 0 0 0 0
ctxt 13950883
btime 1613123984
processes 330157
procs_running 1
procs_blocked 0
softirq 103098312 1 59418385 2069 2747357 0 0 147 3061014 0 37869339
