cpu  31153595 4 44654 7229277 497 0 4468 0 0 0
cpu0 864715 0 1729 200670 13 0 694 0 0 0
cpu1 867392 0 1376 198716 1 0 144 0 0 0
cpu2 863941 0 2112 200299 2 0 1175 0 0 0
cpu3 864362 0 2062 201047 4 0 101 0 0 0
cpu4 865369 0 1424 200671 44 0 63 0 0 0
cpu5 865733 0 1312 200460 29 0 30 0 0 0
cpu6 865143 0 1209 201124 16 0 60 0 0 0
cpu7 865238 0 1084 201181 13 0 49 0 0 0
cpu8 865310 0 1037 201115 72 0 34 0 0 0
cpu9 865156 0 1118 201223 2 0 77 0 0 0
cpu10 864644 0 1582 201181 4 0 162 0 0 0
cpu11 865366 0 1067 201084 0 0 46 0 0 0
cpu12 863351 0 2796 201082 9 0 318 0 0 0
cpu13 865419 0 1188 200861 1 0 95 0 0 0
cpu14 865187 0 1085 201261 2 0 32 0 0 0
cpu15 864476 0 1831 201020 5 0 238 0 0 0
cpu16 864443 0 1725 201187 2 0 208 0 0 0
cpu17 865130 0 1279 201105 7 0 32 0 0 0
cpu18 865899 0 1049 200600 4 0 15 0 0 0
cpu19 866860 0 1002 199598 48 0 30 0 0 0
cpu20 867025 0 1206 199252 2 0 53 0 0 0
cpu21 865571 0 1818 200067 2 0 80 0 0 0
cpu22 865416 0 1543 200498 62 0 42 0 0 0
cpu23 865808 0 823 200822 70 0 14 0 0 0
cpu24 865743 0 740 200994 4 0 80 0 0 0
cpu25 865564 0 884 201099 1 0 14 0 0 0
cpu26 865342 0 877 201269 0 0 75 0 0 0
cpu27 865219 0 974 201249 1 0 121 0 0 0
cpu28 865566 0 876 201086 1 0 31 0 0 0
cpu29 865736 0 567 201238 0 0 20 0 0 0
cpu30 865722 0 724 201092 10 0 13 0 0 0
cpu31 866123 0 474 200933 1 0 29 0 0 0
cpu32 865678 2 640 201215 8 0 10 0 0 0
cpu33 865678 0 806 200979 20 0 61 0 0 0
cpu34 864902 0 1456 201034 19 0 136 0 0 0
cpu35 865353 0 1164 200947 2 0 72 0 0 0
intr 85876769 56 0 0 0 614 0 0 0 1 0 263 0 0 0 0 0 0 0 0 0 0 0 0 0 0 0 0 0 0 0 0 0 742 197 614 522 4765 2539 731 413 3010 1162 175 127 2538 286 672 379 670 480 298 6192 838 265 2206 3248 0 0 0 0 389 128 471 476 70 128 614 119 1020 1858 1372 357 93 0 16 16476 4198 0 21837 1210 209981 2708 719 1062 1458 1953 2029 1597 1684 2129 93304 9454 4022 3544 2748 1111 2112 723 5790 5385 628 1337 479 786 3153 1583 1596 3232 974 919 1830 2446 1931 1567 0 18 7995 1 0 0 0 0 0 0 0 0 0 0 0 0 0 0 0 0 0 0 0 0 0 0 0 0 0 0 0 0 0 0 0 0 0 0 0 0 0 21 0 0 0 0 0 0 0 0 0 0 0 0 0 0 0 0 0 0 0 0 0 0 0 0 0 0 0 0 0 0 0 0 0 0 0 0 0 0 0 0 0 0 0 0 0 0 0 0 0 0 0 0 0 0 0 0 0 0 0 0 0 0 0 0 0 0 0 0 0 0 0 0 0 0 0 0 0 0 0 0 0 0 0 0 0 0 0 0 0 0 0 0 0 0 0 0 0 0 0 0 0 0 0 0 0 0 0 0 0 0 0 0 0 0 0 0 0 0 0 0 0 0 0 0 0 0 0 0 0 0 0 0 0 0 0 0 0 0 0 0 0 0 0 0 0 0 0 0 0 0 0 0 0 0 0 0 0 0 0 0 0 0 0 0 0 0 0 0 0 0 0 0 0 0 0 0 0 0 0 0 0 0 0 0 0 0 0 0 0 0 0 0 0 0 0 0 0 0 0 0 0 0 0 0 0 0 0 0 0 0 0 0 0 0 0 0 0 0 0 0 0 0 0 0 0 0 0 0 0 0 0 0 0 0 0 0 0 0 0 0 0 0 0 0 0 0 0 0 0 0 0 0 0 0 0 0 0 0 0 0 0 0 0 0 0 0 0 0 0 0 0 0 0 0 0 0 0 0 0 0 0 0 0 0 0 0 0 0 0 0 0 0 0 0 0 0 0 0 0 0 0 0 0 0 0 0 0 0 0 0 0 0 0 0 0 0 0 0 0 0 0 0 0 0 0 0 0 0 0 0 0 0 0 0 0 0 0 0 0 0 0 0 0 0 0 0 0 0 0 0 0 0 0 0 0 0 0 0 0 0 0 0 0 0 0 0 0 0 0 0 0 0 0 0 0 0 0 0 0 0 0 0 0 0 0 0 0 0 0 0 0 0 0 0 0 0 0 0 0 0 0 0 0 0 0 0 0 0 0 0 0 0 0 0 0 0 0 0 0 0 0 0 0 0 0 0 0 0 0 0 0 0 0 0 0 0 0 0 0 0 0 0 0 0 0 0 0 0 0 0 0 0 0 0 0 0 0 0 0 0 0 0 0 0 0 0 0 0 0 0 0 0 0 0 0 0 0 0 0 0 0 0 0 0 0 0 0 0 0 0 0 0 0 0 0 0 0 0 0 0 0 0 0 0 0 0 0 0 0 0 0 0 0 0 0 0 0 0 0 0 0 0 0 0 0 0 0 0 0 0 0 0 0 0 0 0 0 0 0 0 0 0 0 0 0 0 0 0 0 0 0 0 0 0 0 0 0 0 0 0 0 0 0 0 0 0 0 0 0 0 0 0 0 0 0 0 0 0 0 0 0 0 0 0 0 0 0 0 0 0 0 0 0 0 0 0 0 0 0 0 0 0 0 0 0 0 0 0 0 0 0 0 0 0 0 0 0 0 0 0 0 0 0 0 0 0 0 0 0 0 0 0 0 0 0 0 0 0 0 0 0 0 0 0 0 0 0 0 0 0 0 0 0 0 0 0 0 0 0 0 0 0 0 0 0 0 0 0 0 0 0 0 0 0 0 0 0 0 0 0 0 0 0 0 0 0 0 0 0 0 0 0 0 0 0 0 0 0 0 0 0 0 0 0 0 0 0 0 0 0 0 0 0 0 0 0 0 0 0 0 0 0 0 0 0 0 0 0 0 0 0 0 0 0 0 0 0 0 0 0 0 0 0 0 0 0 0 0 0 0 0 0 0 0 0 0 0 0 0 0 0 0 0 0 0 0 0 0 0 0 0 0 0 0 0 0 0 0 0 0 0 0 0 0 0 0 0 0 0 0 0 0 0 0 0 0 0 0 0 0 0 0 0 0 0 0 0 0 0 0 0 0 0 0 0 0 0 0 0 0 0 0 0 0 0 0 0 0 0 0 0 0 0 0 0 0 0 0 0 0 0 0 0 0 0 0 0 0 0 0 0 0 0 0 0 0 0 0 0 0 0 0 0 0 0 0 0 0 0 0 0 0 0 0 0 0 0 0 0 0 0 0 0 0 0 0 0 0 0 0 0 0 0 0 0 0 0 0 0 0 0 0 0 0 0 0 0 0 0 0 0 0 0 0 0 0 0 0 0 0 0 0 0 0 0 0 0 0 0 0 0 0 0 0 0 0 0 0 0 0 0 0 0 0 0 0 0 0 0 0 0 0 0 0 0 0 0 0 0 0 0 0 0 0 0 0 0 0 0 0 0 0 0 0 0 0 0 0 0 0 0 0 0 0 0 0 0 0 0 0 0 0 0 0 0 0 0 0 0 0 0 0 0 0 0 0 0 0 0 0 0 0 0 0 0 0 0 0 0 0 0 0 0 0 0 0 0 0 0 0 0 0 0 0 0 0 0 0 0 0 0 0 0 0 0 0 0 0 0 0 0 0 0 0 0 0 0 0 0 0 0 0 0 0 0 0 0 0 0 0 0 0 0 0 0 0 0 0 0 0 0 0 0 0 0 0 0 0 0 0 0 0 0 0 0 0 0 0 0 0
ctxt 22353139
btime 1613124388
processes 561694
procs_running 1
procs_blocked 0
softirq 112106841 1 64840033 889 4231190 0 0 396736 2902044 0 39735948
