cpu  6479554 7 12148 27462373 486 0 416 0 0 0
cpu0 50633 0 369 213806 0 0 97 0 0 0
cpu1 50645 0 63 214580 0 0 1 0 0 0
cpu2 50599 0 102 214579 0 0 0 0 0 0
cpu3 50388 0 184 214700 7 0 9 0 0 0
cpu4 50610 0 96 214598 0 0 2 0 0 0
cpu5 50640 0 52 214607 0 0 6 0 0 0
cpu6 50586 0 107 214567 0 0 9 0 0 0
cpu7 50412 0 228 214631 0 0 14 0 0 0
cpu8 50620 0 78 214600 0 0 1 0 0 0
cpu9 50648 0 52 214605 0 0 0 0 0 0
cpu10 50798 0 80 214422 0 0 0 0 0 0
cpu11 50677 0 79 214545 0 0 1 0 0 0
cpu12 50634 0 80 214587 0 0 1 0 0 0
cpu13 50644 0 51 214604 0 0 0 0 0 0
cpu14 50653 0 62 214578 0 0 3 0 0 0
cpu15 50667 0 96 214532 0 0 2 0 0 0
cpu16 50642 0 60 214593 0 0 1 0 0 0
cpu17 50646 0 53 214596 0 0 0 0 0 0
cpu18 50659 0 61 214577 0 0 0 0 0 0
cpu19 50648 0 96 214546 2 0 1 0 0 0
cpu20 50642 0 72 214588 0 0 0 0 0 0
cpu21 50647 0 52 214605 0 0 0 0 0 0
cpu22 50644 0 52 214595 0 0 0 0 0 0
cpu23 50676 2 179 214434 0 0 5 0 0 0
cpu24 50623 0 113 214556 0 0 2 0 0 0
cpu25 50645 0 39 214612 0 0 0 0 0 0
cpu26 50344 0 171 214727 0 0 12 0 0 0
cpu27 50704 0 144 214418 0 0 2 0 0 0
cpu28 50644 0 190 214382 0 0 0 0 0 0
cpu29 50646 0 50 214589 0 0 0 0 0 0
cpu30 50568 0 125 214599 0 0 2 0 0 0
cpu31 50602 0 201 214470 1 0 5 0 0 0
cpu32 50625 0 58 214608 0 0 1 0 0 0
cpu33 50637 0 56 214529 0 0 18 0 0 0
cpu34 50546 0 136 214603 0 0 13 0 0 0
cpu35 50732 0 224 214322 2 0 4 0 0 0
cpu36 50643 0 124 214515 0 0 0 0 0 0
cpu37 50649 0 51 214588 0 0 0 0 0 0
cpu38 50630 0 64 214597 0 0 1 0 0 0
cpu39 50777 0 243 214259 6 0 0 0 0 0
cpu40 50643 0 94 214544 0 0 0 0 0 0
cpu41 50648 0 45 214600 1 0 0 0 0 0
cpu42 50608 0 83 214592 0 0 4 0 0 0
cpu43 50790 0 160 214305 28 0 0 0 0 0
cpu44 50648 0 64 214575 0 0 0 0 0 0
cpu45 50648 0 47 214589 0 0 0 0 0 0
cpu46 50674 0 58 214553 0 0 0 0 0 0
cpu47 50586 0 454 214165 2 0 43 0 0 0
cpu48 50648 0 54 214586 0 0 0 0 0 0
cpu49 50648 0 48 214583 0 0 0 0 0 0
cpu50 50661 0 67 214559 1 0 0 0 0 0
cpu51 50625 0 110 214537 2 0 1 0 0 0
cpu52 50646 0 52 214592 0 0 0 0 0 0
cpu53 50651 0 54 214572 2 0 0 0 0 0
cpu54 50643 0 58 214578 0 0 0 0 0 0
cpu55 50531 0 153 214586 5 0 2 0 0 0
cpu56 50646 0 54 214589 0 0 0 0 0 0
cpu57 50585 0 48 214646 0 0 0 0 0 0
cpu58 50634 0 62 214588 1 0 2 0 0 0
cpu59 50483 0 126 214578 77 0 4 0 0 0
cpu60 50480 0 219 214556 2 0 29 0 0 0
cpu61 50640 0 46 214598 0 0 0 0 0 0
cpu62 50598 0 78 214601 0 0 3 0 0 0
cpu63 50606 0 96 214568 0 0 3 0 0 0
cpu64 50612 0 78 214590 0 0 0 0 0 0
cpu65 50646 0 59 214574 0 0 0 0 0 0
cpu66 50596 0 102 214579 1 0 2 0 0 0
cpu67 50692 0 144 214340 88 0 3 0 0 0
cpu68 50380 0 121 214747 0 0 5 0 0 0
cpu69 50646 0 54 214574 1 0 0 0 0 0
cpu70 50518 0 177 214570 0 0 13 0 0 0
cpu71 50700 0 118 214426 31 0 0 0 0 0
cpu72 50633 0 74 214568 0 0 0 0 0 0
cpu73 50646 0 38 214592 0 0 0 0 0 0
cpu74 50708 0 64 214513 0 0 0 0 0 0
cpu75 50733 0 72 214461 2 0 1 0 0 0
cpu76 50420 0 78 214761 0 0 4 0 0 0
cpu77 50646 0 37 214594 0 0 0 0 0 0
cpu78 50641 0 43 214581 0 0 0 0 0 0
cpu79 50632 0 90 214529 2 0 1 0 0 0
cpu80 50645 0 53 214578 1 0 0 0 0 0
cpu81 50649 0 38 214579 0 0 0 0 0 0
cpu82 50576 0 54 214635 0 0 0 0 0 0
cpu83 50642 0 69 214556 1 0 1 0 0 0
cpu84 50639 0 63 214570 0 0 0 0 0 0
cpu85 50648 0 39 214580 0 0 0 0 0 0
cpu86 50696 0 55 214522 1 0 0 0 0 0
cpu87 50649 1 88 214521 4 0 2 0 0 0
cpu88 50644 0 53 214580 0 0 0 0 0 0
cpu89 50647 0 44 214582 0 0 0 0 0 0
cpu90 50271 0 174 214813 0 0 2 0 0 0
cpu91 50374 0 138 214714 1 0 7 0 0 0
cpu92 50644 0 67 214553 1 0 0 0 0 0
cpu93 50645 0 38 214582 0 0 0 0 0 0
cpu94 50314 0 123 214825 0 0 2 0 0 0
cpu95 50593 0 163 214482 1 0 5 0 0 0
cpu96 50646 0 59 214559 5 0 0 0 0 0
cpu97 50646 0 46 214574 0 0 0 0 0 0
cpu98 50635 0 58 214567 0 0 0 0 0 0
cpu99 50742 2 181 214355 2 0 1 0 0 0
cpu100 50644 0 55 214569 0 0 0 0 0 0
cpu101 50644 0 60 214562 0 0 0 0 0 0
cpu102 50610 0 76 214576 0 0 4 0 0 0
cpu103 50820 0 251 214191 5 0 0 0 0 0
cpu104 50644 0 57 214558 0 0 0 0 0 0
cpu105 50642 0 61 214558 0 0 0 0 0 0
cpu106 50280 0 73 214883 0 0 2 0 0 0
cpu107 50829 0 166 214260 7 0 0 0 0 0
cpu108 50650 0 71 214530 7 0 0 0 0 0
cpu109 50642 0 44 214575 0 0 0 0 0 0
cpu110 50647 0 51 214562 0 0 0 0 0 0
cpu111 50171 0 213 214833 0 0 19 0 0 0
cpu112 50658 0 68 214538 0 0 0 0 0 0
cpu113 50646 0 44 214570 0 0 0 0 0 0
cpu114 50644 0 63 214541 11 0 0 0 0 0
cpu115 51175 0 238 213759 70 0 0 0 0 0
cpu116 50604 0 94 214557 0 0 4 0 0 0
cpu117 50646 0 47 214559 0 0 0 0 0 0
cpu118 50644 0 51 214554 0 0 0 0 0 0
cpu119 50330 0 118 214790 4 0 1 0 0 0
cpu120 50647 0 58 214554 0 0 1 0 0 0
cpu121 50647 0 52 214558 1 0 0 0 0 0
cpu122 50640 0 53 214567 0 0 0 0 0 0
cpu123 50688 0 102 214414 54 0 0 0 0 0
cpu124 50647 0 45 214562 1 0 0 0 0 0
cpu125 50646 0 59 214547 0 0 0 0 0 0
cpu126 50627 0 64 214562 1 0 0 0 0 0
cpu127 50552 0 86 214609 1 0 1 0 0 0
intr 19638502 130 0 0 0 683 0 0 0 1 0 285 0 0 0 0 0 0 0 0 0 0 0 0 0 0 0 0 0 0 0 0 0 0 0 0 260 0 5 2 838 2010 182 3962 2539 1916 0 3 97 1304 0 0 4782 1967 3 0 20 636 17 0 0 1564 0 0 651 734 834 1 2 1050 3 35366 148 499 9 8 0 214 123 6 1098 287 166 0 0 1241 0 277 5 957 0 0 0 1232 0 0 743 3141 0 0 3031 188 0 0 2963 1275 614 0 466 624 0 0 2 373 158 0 0 672 0 0 0 1727 11 0 1 1880 0 0 140 2261 0 0 0 1378 0 0 0 622 0 0 0 264 0 1 1693 143 0 0 0 580 0 0 0 238 0 0 0 0 0 0 0 0 0 0 0 0 0 163 162 1 62 4 80 206 15 155 1 3 0 6 0 6 0 10 141 11 3 764 3 128 2 84 12 69 14 100 62 7 9 4 0 0 0 0 0 0 0 0 0 0 0 0 0 0 0 0 0 69 7 81 8 70 10 3 1 3 3 44 0 6 26 6 136 39 19 5 19 33 76 0 0 8 0 1 25 0 32 0 1 1 0 6 385 0 0 37 6053 5087 105 150 418 547 241 184 135 201 526 61 186 393 3008 20 70 221 532 28 9906 108 546 68 0 0 0 0 0 0 0 0 0 0 0 0 0 0 0 0 0 0 0 0 0 0 0 0 0 0 0 0 0 0 0 0 0 0 0 0 0 0 0 0 0 0 0 0 0 0 0 0 0 0 0 0 0 0 0 0 0 0 0 0 0 0 0 0 0 0 0 0 0 0 0 0 0 0 0 0 0 0 0 0 0 0 0 0 0 0 0 0 0 0 0 0 0 0 0 0 0 0 0 0 0 0 0 0 0 0 0 0 0 0 0 0 0 0 0 0 0 0 0 0 0 0 0 0 0 0 0 0 0 0 0 0 0 0 0 0 0 0 0 0 0 0 0 0 0 0 0 0 0 0 0 0 0 0 0 0 0 0 0 0 0 0 0 0 0 0 0 0 0 0 0 0 0 0 0 0 0 0 0 0 0 0 0 0 0 0 0 0 0 0 0 0 0 0 0 0 0 0 0 0 0 0 0 0 0 0 0 0 0 0 0 0 0 0 0 0 0 0 0 0 0 0 0 0 0 0 0 0 0 0 0 0 0 0 0 0 0 0 0 0 0 0 0 0 0 0 0 0 0 0 0 0 0 0 0 0 0 0 0 0 0 0 0 0 0 0 0 0 0 0 0 0 0 0 0 0 0 0 0 0 0 0 0 0 0 0 0 0 0 0 0 0 0 0 0 0 0 0 0 0 0 0 0 0 0 0 0 0 0 0 0 0 0 0 0 0 0 0 0 0 0 0 0 0 0 0 0 0 0 0 0 0 0 0 0 0 0 0 0 0 0 0 0 0 0 0 0 0 0 0 0 0 0 0 0 0 0 0 0 0 0 0 0 0 0 0 0 0 0 0 0 0 0 0 0 0 0 0 0 0 0 0 0 0 0 0 0 0 0 0 0 0 0 0 0 0 0 0 0 0 0 0 0 0 0 0 0 0 0 0 0 0 0 0 0 0 0 0 0 0 0 0 0 4 0 0 0 0 0 0 0 47 0 0 48 0 0 0 0 0 0 0 0 0 0 0 0 1 0 0 0 0 0 0 0 0 0 0 0 0 0 0 0 0 0 0 0 0 0 0 0 0 0 0 0 0 0 0 0 0 0 0 0 0 0 0 0 0 0 0 0 0 0 0 0 0 0 0 0 0 0 0 0 0 0 0 0 0 0 0 0 0 0 0 0 0 0 20 0 0 0 0 0 0 0 0 0 0 0 0 0 0 0 0 0 0 0 0 0 0 0 0 0 0 0 0 0 0 0 0 0 0 0 0 0 0 0 0 0 0 0 0 0 0 0 0 0 0 0 0 0 0 0 0 0 0 0 0 0 0 0 0 0 0 0 0 0 0 0 0 0 0 0 0 0 0 0 0 0 0 0 0 0 0 0 0 0 0 0 0 0 0 0 0 0 0 0 0 0 0 0 0 0 0 0 0 0 0 0 0 0 0 0 0 0 0 0 0 0 0 0 0 0 0 0 0 0 0 0 0 0 0 0 0 0 0 0 0 0 0 0 0 0 0 0 0 0 0 0 0 0 0 0 0 0 0 0 0 0 0 0 0 0 0 0 0 0 0 0 0 0 0 0 0 0 0 0 0 0 0 0 0 0 0 0 0 0 0 0 0 0 0 0 0 0 0 0 0 0 0 0 0 0 0 0 0 0 0 0 0 0 0 0 0 0 0 0 0 0 0 0 0 0 0 0 0 0 0 0 0 0 0 0 0 0 0 0 0 0 0 0 0 0 0 0 0 0 0 0 0 0 0 0 0 0 0 0 0 0 0 0 0 0 0 0 0 0 0 0 0 0 0 0 0 0 0 0 0 0 0 0 0 0 0 0 0 0 0 0 0 0 0 0 0 0 0 0 0 0 0 0 0 0 0 0 0 0 0 0 0 0 0 0 0 0 0 0 0 0 0 0 0 0 0 0 0 0 0 0 0 0 0 0 0 0 0 0 0 0 0 0 0 0 0 0 0 0 0 0 0 0 0 0 0 0 0 0 0 0 0 0 0 0 0 0 0 0 0 0 0 0 0 0 0 0 0 0 0 0 0 0 0 0 0 0 0 0 0 0 0 0 0 0 0 0 0 0 0 0 0 0 0 0 0 0 0 0 0 0 0 0 0 0 0 0 0 0 0 0 0 0 0 0 0 0 0 0 0 0 0 0 0 0 0 0 0 0 0 0 0 0 0 0 0 0 0 0 0 0 0 0 0 0 0 0 0 0 0 0 0 0 0 0 0 0 0 0 0 0 0 0 0 0 0 0 0 0 0 0 0 0 0 0 0 0 0 0 0 0 0 0 0 0 0 0 0 0 0 0 0 0 0 0 0 0 0 0 0 0 0 0 0 0 0 0 0 0 0 0 0 0 0 0 0 0 0 0 0 0 0 0 0 0 0 0 0 0 0 0 0 0 0 0 0 0 0 0 0 0 0 0 0 0 0 0 0 0 0 0 0 0 0 0 0 0 0 0 0 0 0 0 0 0 0 0 0 0 0 0 0 0 0 0 0 0 0 0 0 0 0 0 0 0 0 0 0 0 0 0 0 0 0 0 0 0 0 0 0 0 0 0 0 0 0 0 0 0 0 0 0 0 0 0 0 0 0 0 0 0 0 0 0 0 0 0 0 0 0 0 0 0 0 0 0 0 0 0 0 0 0 0 0 0 0 0 0 0 0 0 0 0 0 0 0 0 0 0 0 0 0 0 0 0 0 0 0 0 0 0 0 0 0 0 0 0 0 0 0 0 0 0 0 0 0 0 0 0 0 0 0 0 0 0 0 0 0 0 0 0 0 0 0 0 0 0 0 0 0 0 0 0 0 0 0 0 0 0 0 0 0 0 0 0 0 0 0 0 0 0 0 0 0 0 0 0 0 0 0 0 0 0 0 0 0 0 0 0 0 0 0 0 0 0 0 0 0 0 0 0 0 0 0 0 0 0 0 0 0 0 0 0 0 0 0 0 0 0 0 0 0 0 0 0 0 0 0 0 0 0 0 0 0 0 0 0 0 0 0 0 0 0 0 0 0 0 0 0 0 0 0 0 0 0 0 0 0 0 0 0 0 0 0 0 0 0 0 0 0 0 0 0 0 0 0 0 0 0 0 0 0 0 0 0 0 0 0 0 0 0 0 0 0 0 0 0 0 0 0 0 0 0 0 0 0 0 0 0 0 0 0 0 0 0 0 0 0 0 0 0 0 0 0 0 0 0 0 0 0 0 0 0 0 0 0 0 0 0 0 0 0 0 0 0 0 0 0 0 0 0 0 0 0 0 0 0 0 0 0 0 0 0 0 0 0 0 0 0 0 0 0 0 0 0 0 0 0 0 0 0 0 0 0 0 0 0 0 0 0 0 0 0 0 0 0 0 0 0 0 0 0 0 0 0 0 0 0 0 0 0 0 0 0 0 0 0 0 0 0 0 0 0 0 0 0 0 0 0 0 0 0 0 0 0 0 0 0 0 0 0 0 0 0 0 0 0 0 0 0 0 0 0 0 0 0 0 0 0 0 0 0 0 0 0 0 0 0 0 0 0 0 0 0 0 0 0 0 0 0 0 0 0 0 0 0 0 0 0 0 0 0 0 0 0 0 0 0 0 0 0 0 0 0 0 0 0 0 0 0 0 0 0 0 0 0 0 0 0 0 0 0 0 0 0 0 0 0 0 0 0 0 0 0 0 0 0 0 0 0 0 0 0 0 0 0 0 0 0 0 0 0 0 0 0 0 0 0 0 0 0 0 0 0 0 0 0 0 0 0 0 0 0 0 0 0 0 0 0 0 0 0 0 0 0 0 0 0 0 0 0 0 0 0 0 0 0 0 0 0 0 0 0 0 0 0 0 0 0 0 0 0 0 0 0 0 0 0 0 0 0 0 0 0 0 0 0 0 0 0 0 0 0 0 0 0 0 0 0 0 0 0 0 0 0 0 0 0 0 0 0 0 0 0 0 0 0 0 0 0 0 0 0 0 0 0 0 0 0 0 0 0 0 0 0 0 0 0 0 0 0 0 0 0 0 0 0 0 0 0 0 0 0 0 0 0 0 0 0 0 0 0 0 0 0 0 0 0 0 0 0 0 0 0 0 0 0 0 0 0 0 0 0 0 0 0 0 0 0 0 0 0 0 0 0 0 0 0 0 0 0 0 0 0 0 0 0 0 0 0 0 0 0 0 0 0 0 0 0 0 0 0 0 0 0 0 0 0 0 0 0 0 0 0 0 0 0 0 0 0 0 0 0 0 0 0 0 0 0 0 0 0 0 0 0 0 0 0 0 0 0 0 0 0 0 0 0 0 0 0 0 0 0 0 0 0 0 0 0 0 0 0 0 0 0 0 0 0 0 0 0 0 0 0 0 0 0 0 0 0 0 0 0 0 0 0 0 0 0 0 0 0 0 0 0 0 0 0 0 0 0 0 0 0 0 0 0 0 0 0 0 0 0 0 0 0 0 0 0 0 0 0 0 0 0 0 0 0 0 0 0 0 0 0 0 0 0 0 0 0 0 0 0 0 0 0 0 0 0 0 0 0 0 0 0 0 0 0 0 0 0 0 0 0 0 0 0 0 0 0 0 0 0 0 0 0 0 0 0 0 0 0 0 0 0 0 0 0 0 0 0 0 0 0 0 0 0 0 0 0 0 0 0 0 0 0 0 0 0 0 0 0 0 0 0 0 0 0 0 0 0 0 0 0 0 0 0 0 0 0 0 0 0 0 0 0 0 0 0 0 0 0 0 0 0 0 0 0 0 0 0 0 0 0 0 0 0 0 0 0 0 0 0 0 0 0 0 0 0 0 0 0 0 0 0 0 0 0 0 0 0 0 0 0 0 0 0 0 0 0 0 0 0 0 0 0 0 0 0 0 0 0 0 0 0 0 0 0 0 0 0 0 0 0 0 0 0 0 0 0 0 0 0 0 0 0 0 0 0 0 0 0 0 0 0 0 0 0 0 0 0 0 0 0 0 0 0 0 0 0 0 0 0 0 0 0 0 0 0 0 0 0 0 0 0 0 0 0 0 0 0 0 0 0 0 0 0 0 0 0 0 0 0 0 0 0 0 0 0 0 0 0 0 0 0 0 0 0 0 0 0 0 0 0 0 0 0 0 0 0 0 0 0 0 0 0 0 0 0 0 0 0 0 0 0 0 0 0 0 0 0 0 0 0 0 0 0 0 0 0 0 0 0 0 0 0 0 0 0 0 0 0 0 0 0 0 0 0 0 0 0 0 0 0 0 0 0 0 0 0 0 0 0 0 0 0 0 0 0 0 0 0 0 0 0 0 0 0 0 0 0 0 0 0 0 0 0 0 0 0 0 0 0 0 0 0 0 0 0 0 0 0 0 0 0 0 0 0 0 0 0 0 0 0 0 0 0 0 0 0 0 0 0 0 0 0 0 0 0 0 0 0 0 0 0 0 0 0 0 0 0 0 0 0 0 0 0 0 0 0 0 0 0 0 0 0 0 0 0 0 0 0 0 0 0 0 0 0 0 0 0 0 0 0 0 0 0 0 0 0 0 0 0 0 0 0 0 0 0 0 0 0 0 0 0 0 0 0 0 0 0 0 0 0 0 0 0 0 0 0 0 0 0 0 0 0 0 0 0 0 0 0 0 0 0 0 0 0 0 0 0 0 0 0 0 0 0 0 0 0 0 0 0 0 0 0 0 0 0 0 0 0 0 0 0 0 0 0 0 0 0 0 0 0 0 0 0 0 0 0 0 0 0 0 0 0 0 0 0 0 0 0 0 0 0 0 0 0 0 0 0 0 0 0 0 0 0 0 0 0 0 0 0 0 0 0 0 0 0 0 0 0 0 0 0 0 0 0 0 0 0 0 0 0 0 0 0 0 0 0 0 0 0 0 0 0 0 0 0 0 0 0 0 0 0 0 0 0 0 0 0 0 0 0 0 0 0 0 0 0 0 0 0 0 0 0 0 0 0 0 0 0 0 0 0 0 0 0 0 0 0 0 0 0 0 0 0 0 0 0 0 0 0 0 0 0 0 0 0 0 0 0 0 0 0 0 0 0 0 0 0 0 0 0 0 0 0 0 0 0 0 0 0 0 0 0 0 0 0 0 0 0 0 0 0 0 0 0 0 0 0 0 0 0 0 0 0 0 0 0 0 0 0 0 0 0 0 0 0 0 0 0 0 0 0 0 0 0 0 0 0 0 0 0 0 0 0 0 0 0 0 0 0 0 0 0 0 0 0 0 0 0 0 0 0 0 0 0 0 0 0 0 0 0 0 0 0 0 0 0 0 0 0 0 0 0 0 0 0 0 0 0 0 0 0 0 0 0 0 0 0 0 0 0 0 0 0 0 0 0 0 0 0 0 0 0 0 0 0 0 0 0 0 0 0 0 0 0 0 0 0 0 0 0 0 0 0 0 0 0 0 0 0 0 0 0 0 0 0 0 0 0 0 0 0 0 0 0 0 0 0 0 0 0 0 0 0 0 0 0 0 0 0 0 0 0 0 0 0 0 0 0 0 0 0 0 0 0 0 0 0 0 0 0 0 0 0 0 0 0 0 0 0 0 0 0 0 0 0 0 0 0 0 0 0 0 0 0 0 0 0 0 0 0 0 0 0 0 0 0 0 0 0 0 0 0 0 0 0 0 0 0 0 0 0 0 0 0 0 0 0 0 0 0 0 0 0 0 0 0 0 0 0 0 0 0 0 0 0 0 0 0 0 0 0 0 0 0 0 0 0 0 0 0 0 0 0 0 0 0 0 0 0 0 0 0 0 0 0 0 0 0 0 0 0 0 0 0 0 0 0 0 0 0 0 0 0 0 0 0 0 0 0 0 0 0 0 0 0 0 0 0 0 0 0 0 0 0 0 0 0 0 0 0 0 0 0 0 0 0 0 0 0 0 0 0 0 0 0 0 0 0 0 0 0 0 0 0 0 0 0 0 0 0 0 0 0 0 0 0 0 0 0 0 0 0 0 0 0 0 0 0 0 0 0 0 0 0 0 0 0 0 0 0 0 0 0 0 0 0 0 0 0 0 0 0 0 0 0 0 0 0 0 0 0 0 0 0 0 0 0 0 0 0 0 0 0 0 0 0 0 0 0 0 0 0 0 0 0 0 0 0 0 0 0 0 0 0 0 0 0 0 0 0 0 0 0 0 0 0 0 0 0 0 0 0 0 0 0 0 0 0 0 0 0 0 0 0 0 0 0 0 0 0 0 0 0 0 0 0 0 0 0 0 0 0 0 0 0 0 0 0 0 0 0 0 0 0 0 0 0 0 0 0 0 0 0 0 0 0 0 0 0 0 0 0 0 0 0 0 0 0 0 0 0 0 0 0 0 0 0 0 0 0 0 0 0 0 0 0 0 0 0 0 0 0 0 0 0 0 0 0 0 0 0 0 0 0 0 0 0 0 0 0 0 0 0 0 0 0 0 0 0 0 0 0 0 0 0 0 0 0 0 0 0 0 0 0 0 0 0 0 0 0 0 0 0 0 0 0 0 0 0 0 0 0 0 0 0 0 0 0 0 0 0 0 0 0 0 0 0 0 0 0 0 0 0 0 0 0 0 0 0 0 0 0 0 0 0 0 0 0 0 0 0 0 0 0 0 0 0 0 0 0 0 0 0 0 0 0 0 0 0 0 0 0 0 0 0 0 0 0 0 0 0 0 0 0 0 0 0 0 0 0 0 0 0 0 0 0 0 0 0 0 0 0 0 0 0 0 0 0 0 0 0 0 0 0 0 0 0 0 0 0 0 0 0 0 0 0 0 0 0 0 0 0 0 0 0 0 0 0 0 0 0 0 0 0 0 0 0 0 0 0 0 0 0 0 0 0 0 0 0 0 0 0 0 0 0 0 0 0 0 0 0 0 0 0 0 0 0 0 0 0 0 0 0 0 0 0 0 0 0 0 0 0 0 0 0 0 0 0 0 0 0 0 0 0 0 0 0 0 0 0 0 0 0 0 0 0 0 0 0 0 0 0 0 0 0 0 0 0 0 0 0 0 0 0 0 0 0 0 0 0 0 0 0 0 0 0 0 0 0 0 0 0 0 0 0 0 0 0 0 0 0 0 0 0 0 0 0 0 0 0 0 0 0 0 0 0 0 0 0 0 0 0 0 0 0 0 0 0 0 0 0 0 0 0 0 0 0 0 0 0 0 0 0 0 0 0 0 0 0 0 0 0 0 0 0 0 0 0 0 0 0 0 0 0 0 0 0 0 0 0 0 0 0 0 0 0 0 0 0 0 0 0 0 0 0 0 0 0 0 0 0 0 0 0 0 0 0 0 0 0 0 0 0 0 0 0 0 0 0 0 0 0 0 0 0 0 0 0 0 0 0 0 0 0 0 0 0 0 0 0 0 0 0 0 0 0 0 0 0 0 0 0 0 0 0 0 0 0 0 0 0 0 0 0 0 0 0 0 0 0 0 0 0 0 0 0 0 0 0 0 0 0 0 0 0 0 0 0 0 0 0 0 0 0 0 0 0 0 0 0 0 0 0 0 0 0 0 0 0 0 0 0 0 0 0 0 0 0 0 0 0 0 0 0 0 0 0 0 0 0 0 0 0 0 0 0 0 0 0 0 0 0 0 0 0 0 0 0 0 0 0 0 0 0 0 0 0 0 0 0 0 0 0 0 0 0 0 0 0 0 0 0 0 0 0 0 0 0 0 0 0 0 0 0 0 0 0 0 0 0 0 0 0 0 0 0 0 0 0 0 0 0 0 0 0 0 0 0 0 0 0 0 0 0 0 0 0 0 0 0 0 0 0 0 0 0 0 0 0 0 0 0 0 0 0 0 0 0 0 0 0 0 0 0 0 0 0 0 0 0 0 0 0 0 0 0 0 0 0 0 0 0 0 0 0 0 0 0 0 0 0 0 0 0 0 0 0 0 0 0 0 0 0 0 0 0 0 0 0 0 0 0 0 0 0 0 0 0 0 0 0 0 0 0 0 0 0 0 0 0 0 0 0 0 0 0 0 0 0 0 0 0 0 0 0 0 0 0 0 0 0 0 0 0 0 0 0 0 0 0 0 0 0 0 0 0 0 0 0 0 0 0 0 0 0 0 0 0 0 0 0 0 0 0 0 0 0 0 0 0 0 0 0 0 0 0 0 0 0 0 0 0 0 0 0 0 0 0 0 0 0 0 0 0 0 0 0 0 0 0 0 0 0 0 0 0 0 0 0 0 0 0 0 0 0 0 0 0 0 0 0 0 0 0 0 0 0 0 0 0 0 0 0 0 0 0 0 0 0 0 0 0 0 0 0 0 0 0 0 0 0 0 0 0 0 0 0 0 0 0 0 0 0 0 0 0 0 0 0 0 0 0 0 0 0 0 0 0 0 0 0 0 0 0 0 0 0 0 0 0 0 0 0 0 0 0 0 0 0 0 0 0 0 0 0 0 0 0 0
ctxt 2281654
btime 1613064757
processes 53159
procs_running 1
procs_blocked 0
softirq 21723199 1 12756629 1198 433589 0 0 161 876859 0 7654762
