cpu  17166706 4 24221 6827713 417 0 2681 0 0 0
cpu0 477208 1 830 188930 0 0 330 0 0 0
cpu1 476810 0 720 189658 1 0 61 0 0 0
cpu2 477076 0 938 189127 79 0 42 0 0 0
cpu3 476766 0 583 189890 1 0 31 0 0 0
cpu4 476658 0 711 189884 1 0 23 0 0 0
cpu5 476720 0 549 189984 0 0 30 0 0 0
cpu6 477078 0 561 189524 72 0 32 0 0 0
cpu7 476898 0 529 189800 3 0 30 0 0 0
cpu8 476976 0 550 189719 6 0 17 0 0 0
cpu9 476879 0 542 189803 1 0 48 0 0 0
cpu10 476430 0 926 189848 5 0 70 0 0 0
cpu11 476734 0 651 189838 2 0 47 0 0 0
cpu12 475605 0 1684 189756 4 0 212 0 0 0
cpu13 476672 0 853 189688 1 0 42 0 0 0
cpu14 476844 0 935 189431 8 0 53 0 0 0
cpu15 476818 0 661 189765 2 0 21 0 0 0
cpu16 478153 0 904 188152 0 0 62 0 0 0
cpu17 476791 0 570 189856 22 0 22 0 0 0
cpu18 477304 0 481 189459 13 0 14 0 0 0
cpu19 477150 0 447 189648 9 0 20 0 0 0
cpu20 476870 0 597 189740 45 0 10 0 0 0
cpu21 477014 0 386 189853 10 0 4 0 0 0
cpu22 476894 0 518 189794 50 0 10 0 0 0
cpu23 476788 0 592 189862 4 0 26 0 0 0
cpu24 477061 0 380 189817 1 0 10 0 0 0
cpu25 477003 0 382 189875 1 0 6 0 0 0
cpu26 476826 0 615 189767 13 0 48 0 0 0
cpu27 476208 0 938 189898 4 0 217 0 0 0
cpu28 476926 0 493 189835 4 0 11 0 0 0
cpu29 474887 0 1567 189801 2 0 1003 0 0 0
cpu30 477236 0 386 189634 3 0 5 0 0 0
cpu31 476845 0 645 189709 14 0 60 0 0 0
cpu32 476894 0 539 189835 1 0 6 0 0 0
cpu33 477325 0 458 189472 2 0 7 0 0 0
cpu34 476838 0 549 189837 8 0 26 0 0 0
cpu35 477505 0 536 189204 7 0 9 0 0 0
intr 47599673 56 0 0 0 611 0 0 0 1 0 250 0 0 0 0 0 0 0 0 0 0 0 0 0 0 0 0 0 0 0 0 93 182 217 9804 102 3113 50 3148 425 325 158 464 195 921 649 393 345 214 541 2544 551 3404 874 1816 414 0 0 0 0 68 99 357 350 356 1047 362 973 85 108 382 618 0 0 16 13314 2624 0 12815 965 1212 357 1687 808 573 939 1532 802 1923 1733 51909 13412 1901 707 1836 537 877 957 631 279 1677 480 599 740 2432 1233 2041 122725 317 981 711 532 4496 2081 0 16 7689 1 0 0 0 0 0 0 0 0 0 0 0 0 0 0 0 0 0 0 0 0 0 0 0 0 0 0 0 0 0 0 0 0 0 0 0 0 0 25 0 0 0 0 0 0 0 0 0 0 0 0 0 0 0 0 0 0 0 0 0 0 0 0 0 0 0 0 0 0 0 0 0 0 0 0 0 0 0 0 0 0 0 0 0 0 0 0 0 0 0 0 0 0 0 0 0 0 0 0 0 0 0 0 0 0 0 0 0 0 0 0 0 0 0 0 0 0 0 0 0 0 0 0 0 0 0 0 0 0 0 0 0 0 0 0 0 0 0 0 0 0 0 0 0 0 0 0 0 0 0 0 0 0 0 0 0 0 0 0 0 0 0 0 0 0 0 0 0 0 0 0 0 0 0 0 0 0 0 0 0 0 0 0 0 0 0 0 0 0 0 0 0 0 0 0 0 0 0 0 0 0 0 0 0 0 0 0 0 0 0 0 0 0 0 0 0 0 0 0 0 0 0 0 0 0 0 0 0 0 0 0 0 0 0 0 0 0 0 0 0 0 0 0 0 0 0 0 0 0 0 0 0 0 0 0 0 0 0 0 0 0 0 0 0 0 0 0 0 0 0 0 0 0 0 0 0 0 0 0 0 0 0 0 0 0 0 0 0 0 0 0 0 0 0 0 0 0 0 0 0 0 0 0 0 0 0 0 0 0 0 0 0 0 0 0 0 0 0 0 0 0 0 0 0 0 0 0 0 0 0 0 0 0 0 0 0 0 0 0 0 0 0 0 0 0 0 0 0 0 0 0 0 0 0 0 0 0 0 0 0 0 0 0 0 0 0 0 0 0 0 0 0 0 0 0 0 0 0 0 0 0 0 0 0 0 0 0 0 0 0 0 0 0 0 0 0 0 0 0 0 0 0 0 0 0 0 0 0 0 0 0 0 0 0 0 0 0 0 0 0 0 0 0 0 0 0 0 0 0 0 0 0 0 0 0 0 0 0 0 0 0 0 0 0 0 0 0 0 0 0 0 0 0 0 0 0 0 0 0 0 0 0 0 0 0 0 0 0 0 0 0 0 0 0 0 0 0 0 0 0 0 0 0 0 0 0 0 0 0 0 0 0 0 0 0 0 0 0 0 0 0 0 0 0 0 0 0 0 0 0 0 0 0 0 0 0 0 0 0 0 0 0 0 0 0 0 0 0 0 0 0 0 0 0 0 0 0 0 0 0 0 0 0 0 0 0 0 0 0 0 0 0 0 0 0 0 0 0 0 0 0 0 0 0 0 0 0 0 0 0 0 0 0 0 0 0 0 0 0 0 0 0 0 0 0 0 0 0 0 0 0 0 0 0 0 0 0 0 0 0 0 0 0 0 0 0 0 0 0 0 0 0 0 0 0 0 0 0 0 0 0 0 0 0 0 0 0 0 0 0 0 0 0 0 0 0 0 0 0 0 0 0 0 0 0 0 0 0 0 0 0 0 0 0 0 0 0 0 0 0 0 0 0 0 0 0 0 0 0 0 0 0 0 0 0 0 0 0 0 0 0 0 0 0 0 0 0 0 0 0 0 0 0 0 0 0 0 0 0 0 0 0 0 0 0 0 0 0 0 0 0 0 0 0 0 0 0 0 0 0 0 0 0 0 0 0 0 0 0 0 0 0 0 0 0 0 0 0 0 0 0 0 0 0 0 0 0 0 0 0 0 0 0 0 0 0 0 0 0 0 0 0 0 0 0 0 0 0 0 0 0 0 0 0 0 0 0 0 0 0 0 0 0 0 0 0 0 0 0 0 0 0 0 0 0 0 0 0 0 0 0 0 0 0 0 0 0 0 0 0 0 0 0 0 0 0 0 0 0 0 0 0 0 0 0 0 0 0 0 0 0 0 0 0 0 0 0 0 0 0 0 0 0 0 0 0 0 0 0 0 0 0 0 0 0 0 0 0 0 0 0 0 0 0 0 0 0 0 0 0 0 0 0 0 0 0 0 0 0 0 0 0 0 0 0 0 0 0 0 0 0 0 0 0 0 0 0 0 0 0 0 0 0 0 0 0 0 0 0 0 0 0 0 0 0 0 0 0 0 0 0 0 0 0 0 0 0 0 0 0 0 0 0 0 0 0 0 0 0 0 0 0 0 0 0 0 0 0 0 0 0 0 0 0 0 0 0 0 0 0 0 0 0 0 0 0 0 0 0 0 0 0 0 0 0 0 0 0 0 0 0 0 0 0 0 0 0 0 0 0 0 0 0 0 0 0 0 0 0 0 0 0 0 0 0 0 0 0 0 0 0 0 0 0 0 0 0 0 0 0 0 0 0 0 0 0 0 0 0 0 0 0 0 0 0 0 0 0 0 0 0 0 0 0 0 0 0 0 0 0 0 0 0 0 0 0 0 0 0 0 0 0 0 0 0 0 0 0 0 0 0 0 0 0 0 0 0 0 0 0 0 0 0 0 0 0 0 0 0 0 0 0 0 0 0 0 0 0 0 0 0 0 0 0 0 0 0 0 0 0 0 0 0 0 0 0 0 0 0 0 0 0 0 0 0 0 0 0 0 0 0 0 0 0 0 0 0 0 0
ctxt 12882982
btime 1613124388
processes 323198
procs_running 1
procs_blocked 0
softirq 62674463 1 36582486 577 2425078 0 0 237177 1654050 0 21775094
