cpu  1964721 8 11192 11071625 423 0 242 0 0 0
cpu0 15280 0 610 85858 0 0 134 0 0 0
cpu1 15330 0 56 86578 0 0 20 0 0 0
cpu2 15326 0 66 86561 1 0 0 0 0 0
cpu3 15326 0 90 86543 2 0 0 0 0 0
cpu4 15336 0 108 86505 8 0 0 0 0 0
cpu5 15331 0 51 86579 0 0 0 0 0 0
cpu6 15316 0 74 86572 0 0 0 0 0 0
cpu7 15318 0 79 86561 0 0 1 0 0 0
cpu8 15405 0 130 86412 0 0 3 0 0 0
cpu9 15330 0 58 86571 0 0 0 0 0 0
cpu10 15342 0 86 86523 8 0 1 0 0 0
cpu11 15327 0 75 86560 0 0 0 0 0 0
cpu12 15444 0 161 86335 0 0 0 0 0 0
cpu13 15333 0 56 86572 0 0 0 0 0 0
cpu14 15328 0 58 86573 0 0 0 0 0 0
cpu15 15298 0 102 86559 0 0 1 0 0 0
cpu16 15322 0 148 86474 0 0 4 0 0 0
cpu17 15330 0 55 86573 0 0 0 0 0 0
cpu18 15329 0 58 86575 0 0 0 0 0 0
cpu19 15312 0 64 86581 0 0 0 0 0 0
cpu20 15394 5 169 86367 5 0 5 0 0 0
cpu21 15332 0 58 86566 0 0 0 0 0 0
cpu22 15344 0 65 86551 0 0 0 0 0 0
cpu23 15314 0 88 86554 0 0 0 0 0 0
cpu24 15434 0 144 86361 2 0 2 0 0 0
cpu25 15329 0 55 86571 0 0 0 0 0 0
cpu26 15331 0 60 86564 0 0 0 0 0 0
cpu27 15325 0 72 86557 0 0 0 0 0 0
cpu28 15531 0 198 86213 0 0 1 0 0 0
cpu29 15330 0 52 86573 0 0 0 0 0 0
cpu30 15322 0 64 86570 0 0 0 0 0 0
cpu31 15329 0 66 86557 0 0 0 0 0 0
cpu32 15420 0 166 86326 19 0 0 0 0 0
cpu33 15330 0 54 86569 0 0 0 0 0 0
cpu34 15331 0 55 86564 0 0 0 0 0 0
cpu35 15326 0 68 86557 0 0 0 0 0 0
cpu36 15409 0 174 86341 17 0 0 0 0 0
cpu37 15331 0 57 86564 0 0 0 0 0 0
cpu38 15320 0 76 86542 0 0 0 0 0 0
cpu39 15318 0 79 86553 0 0 0 0 0 0
cpu40 15362 0 118 86459 4 0 0 0 0 0
cpu41 15331 0 55 86563 0 0 0 0 0 0
cpu42 15314 0 76 86559 0 0 0 0 0 0
cpu43 15326 0 71 86551 0 0 0 0 0 0
cpu44 15305 0 108 86526 1 0 6 0 0 0
cpu45 15330 0 54 86566 0 0 0 0 0 0
cpu46 15290 0 117 86536 2 0 4 0 0 0
cpu47 15328 0 69 86549 0 0 0 0 0 0
cpu48 15379 0 124 86475 1 0 0 0 0 0
cpu49 15358 0 53 86532 0 0 0 0 0 0
cpu50 15327 0 62 86556 2 0 0 0 0 0
cpu51 15196 0 90 86667 0 0 7 0 0 0
cpu52 15277 0 120 86540 0 0 7 0 0 0
cpu53 15332 0 54 86558 0 0 0 0 0 0
cpu54 15326 0 63 86552 1 0 1 0 0 0
cpu55 15320 0 69 86554 0 0 0 0 0 0
cpu56 15337 0 84 86475 1 0 16 0 0 0
cpu57 15333 0 52 86553 0 0 0 0 0 0
cpu58 15352 0 58 86535 0 0 0 0 0 0
cpu59 15324 0 72 86548 0 0 0 0 0 0
cpu60 15619 0 107 86215 1 0 0 0 0 0
cpu61 15330 0 51 86557 0 0 0 0 0 0
cpu62 15334 0 64 86540 0 0 0 0 0 0
cpu63 15330 0 66 86549 0 0 0 0 0 0
cpu64 15303 0 124 86504 7 0 2 0 0 0
cpu65 15326 0 57 86556 0 0 0 0 0 0
cpu66 15324 0 56 86558 1 0 0 0 0 0
cpu67 15316 0 78 86546 0 0 0 0 0 0
cpu68 15343 0 77 86510 2 0 0 0 0 0
cpu69 15324 0 60 86554 0 0 0 0 0 0
cpu70 15329 0 68 86541 0 0 0 0 0 0
cpu71 15324 0 71 86544 0 0 0 0 0 0
cpu72 15343 0 77 86509 4 0 0 0 0 0
cpu73 15331 0 54 86546 1 0 0 0 0 0
cpu74 15328 0 66 86521 0 0 0 0 0 0
cpu75 15326 0 75 86535 1 0 0 0 0 0
cpu76 15878 0 262 85661 116 0 0 0 0 0
cpu77 15334 0 53 86549 0 0 0 0 0 0
cpu78 15328 0 63 86539 0 0 0 0 0 0
cpu79 15325 0 73 86535 0 0 0 0 0 0
cpu80 15415 0 130 86365 12 0 1 0 0 0
cpu81 15331 0 66 86538 0 0 0 0 0 0
cpu82 15330 0 62 86523 0 0 0 0 0 0
cpu83 15330 0 81 86518 1 0 2 0 0 0
cpu84 15530 0 181 86092 106 0 4 0 0 0
cpu85 15331 0 85 86503 6 0 0 0 0 0
cpu86 15333 0 61 86537 0 0 0 0 0 0
cpu87 15322 0 79 86530 0 0 0 0 0 0
cpu88 15509 0 140 86279 1 0 0 0 0 0
cpu89 15333 0 60 86537 0 0 0 0 0 0
cpu90 15350 0 72 86497 8 0 0 0 0 0
cpu91 15329 0 71 86531 0 0 0 0 0 0
cpu92 15443 0 154 86328 1 0 0 0 0 0
cpu93 15331 0 58 86542 0 0 0 0 0 0
cpu94 15335 0 77 86511 0 0 0 0 0 0
cpu95 15332 0 88 86505 1 0 0 0 0 0
cpu96 15388 0 211 86324 2 0 0 0 0 0
cpu97 15331 0 61 86533 0 0 0 0 0 0
cpu98 15328 0 66 86531 0 0 0 0 0 0
cpu99 15335 0 70 86520 0 0 0 0 0 0
cpu100 15451 0 169 86289 2 0 0 0 0 0
cpu101 15331 0 53 86543 0 0 0 0 0 0
cpu102 15328 0 81 86515 0 0 0 0 0 0
cpu103 15327 0 68 86530 0 0 0 0 0 0
cpu104 15452 0 127 86345 2 0 0 0 0 0
cpu105 15332 0 58 86536 0 0 0 0 0 0
cpu106 15322 0 72 86535 0 0 0 0 0 0
cpu107 15330 0 62 86528 0 0 0 0 0 0
cpu108 15350 0 69 86489 9 0 0 0 0 0
cpu109 15330 0 72 86520 0 0 0 0 0 0
cpu110 15330 0 63 86525 0 0 0 0 0 0
cpu111 15328 0 72 86522 0 0 0 0 0 0
cpu112 15331 0 70 86518 0 0 0 0 0 0
cpu113 15330 0 63 86530 0 0 0 0 0 0
cpu114 15327 0 56 86535 1 0 0 0 0 0
cpu115 15330 0 71 86521 0 0 0 0 0 0
cpu116 15337 0 77 86499 0 0 0 0 0 0
cpu117 15333 0 73 86502 11 0 0 0 0 0
cpu118 15332 0 71 86513 1 0 0 0 0 0
cpu119 15323 0 61 86530 0 0 0 0 0 0
cpu120 15357 0 85 86473 0 0 0 0 0 0
cpu121 15334 0 57 86528 0 0 0 0 0 0
cpu122 15336 0 66 86515 3 0 0 0 0 0
cpu123 15331 0 71 86512 0 0 0 0 0 0
cpu124 15564 0 92 86255 4 0 0 0 0 0
cpu125 15333 0 53 86529 0 0 0 0 0 0
cpu126 15354 0 75 86476 0 0 0 0 0 0
cpu127 15335 0 86 86493 1 0 0 0 0 0
intr 6999827 130 0 0 0 681 0 0 0 1 0 285 0 0 0 0 0 0 0 0 0 0 0 0 0 0 0 0 0 0 0 0 0 0 0 0 260 0 3292 1 0 0 295 0 1 3 3 0 3 2 1203 0 0 151 582 2 0 0 4370 0 0 3 1861 0 1 0 5648 0 0 2 6 0 0 39 0 0 0 3 191 2 4 0 212 0 17 0 3 114 0 0 0 0 730 0 33007 0 1 2 11 82 12 0 4007 0 0 0 424 0 0 0 0 0 92 0 748 0 0 0 446 0 2 0 4689 0 0 0 0 0 0 0 173 0 12 0 1 0 0 0 3 6 0 0 4 0 0 0 22 0 0 0 0 0 0 0 0 0 0 0 0 0 0 0 0 0 0 0 0 157 676 474 347 10756 2022 6255 128 466 333 280 824 64 143 24 214 731 128 486 132 151 25 7 25 163 1 2 46 5 0 293 9 0 0 0 0 0 0 0 0 0 0 0 0 0 0 0 0 0 0 0 6 0 0 0 20 0 20 2 5 10 0 334 2 5 84 12 3925 13 6 13 184 16 1 5 4 51 89 8 6 4 5 3 1 0 4 9 61 5 224 8 75 131 74 6 2 0 10 1 4 7 1 0 0 2 6 7 15 4 1 0 18 47 0 0 0 0 0 0 0 0 0 0 0 0 0 0 0 0 0 0 0 0 0 0 0 0 0 0 0 0 0 0 0 0 0 0 0 0 0 0 0 0 0 0 0 0 0 0 0 0 0 0 0 0 0 0 0 0 0 0 0 0 0 0 0 0 0 0 0 0 0 0 0 0 0 0 0 0 0 0 0 0 0 0 0 0 0 0 0 0 0 0 0 0 0 0 0 0 0 0 0 0 0 0 0 0 0 0 0 0 0 0 0 0 0 0 0 0 0 0 0 0 0 0 0 0 0 0 0 0 0 0 0 0 0 0 0 0 0 0 0 0 0 0 0 0 0 0 0 0 0 0 0 0 0 0 0 0 0 0 0 0 0 0 0 0 0 0 0 0 0 0 0 0 0 0 0 0 0 0 0 0 0 0 0 0 0 0 0 0 0 0 0 0 0 0 0 0 0 0 0 0 0 0 0 0 0 0 0 0 0 0 0 0 0 0 0 0 0 0 0 0 0 0 0 0 0 0 0 0 0 0 0 0 0 0 0 0 0 0 0 0 0 0 0 0 0 0 0 0 0 0 0 0 0 0 0 0 0 0 0 0 0 0 0 0 0 0 0 0 0 0 0 0 0 0 0 0 0 0 0 0 0 0 0 0 0 0 0 0 0 0 0 0 0 0 0 0 0 0 0 0 0 0 0 0 0 0 0 0 0 0 0 0 0 0 0 0 0 0 0 0 0 0 0 0 0 0 0 0 0 0 0 0 0 0 0 0 0 0 0 0 0 0 0 0 0 0 0 0 0 0 0 0 0 0 0 0 0 0 0 0 0 0 0 0 0 0 0 0 0 0 0 0 0 0 0 0 0 0 0 0 0 0 0 0 0 0 0 0 0 0 0 0 0 0 0 0 0 0 0 0 0 0 0 0 0 0 0 0 0 0 0 0 0 0 0 0 0 0 0 0 0 0 0 3 0 0 0 0 0 0 0 0 0 0 0 0 0 0 0 0 0 0 0 0 0 0 0 21 1 0 0 27 0 0 0 0 0 0 0 0 0 0 0 0 0 0 0 0 0 0 0 0 0 0 0 0 0 0 0 0 0 0 0 49 0 0 0 0 0 0 0 0 0 0 0 0 0 0 0 0 0 0 0 0 0 0 0 0 0 0 0 0 0 0 0 0 0 19 0 0 0 0 0 0 0 0 0 0 0 0 0 0 0 0 0 0 0 0 0 0 0 0 0 0 0 0 0 0 0 0 0 0 0 0 0 0 0 0 0 0 0 0 0 0 0 0 0 0 0 0 0 0 0 0 0 0 0 0 0 0 0 0 0 0 0 0 0 0 0 0 0 0 0 0 0 0 0 0 0 0 0 0 0 0 0 0 0 0 0 0 0 0 0 0 0 0 0 0 0 0 0 0 0 0 0 0 0 0 0 0 0 0 0 0 0 0 0 0 0 0 0 0 0 0 0 0 0 0 0 0 0 0 0 0 0 0 0 0 0 0 0 0 0 0 0 0 0 0 0 0 0 0 0 0 0 0 0 0 0 0 0 0 0 0 0 0 0 0 0 0 0 0 0 0 0 0 0 0 0 0 0 0 0 0 0 0 0 0 0 0 0 0 0 0 0 0 0 0 0 0 0 0 0 0 0 0 0 0 0 0 0 0 0 0 0 0 0 0 0 0 0 0 0 0 0 0 0 0 0 0 0 0 0 0 0 0 0 0 0 0 0 0 0 0 0 0 0 0 0 0 0 0 0 0 0 0 0 0 0 0 0 0 0 0 0 0 0 0 0 0 0 0 0 0 0 0 0 0 0 0 0 0 0 0 0 0 0 0 0 0 0 0 0 0 0 0 0 0 0 0 0 0 0 0 0 0 0 0 0 0 0 0 0 0 0 0 0 0 0 0 0 0 0 0 0 0 0 0 0 0 0 0 0 0 0 0 0 0 0 0 0 0 0 0 0 0 0 0 0 0 0 0 0 0 0 0 0 0 0 0 0 0 0 0 0 0 0 0 0 0 0 0 0 0 0 0 0 0 0 0 0 0 0 0 0 0 0 0 0 0 0 0 0 0 0 0 0 0 0 0 0 0 0 0 0 0 0 0 0 0 0 0 0 0 0 0 0 0 0 0 0 0 0 0 0 0 0 0 0 0 0 0 0 0 0 0 0 0 0 0 0 0 0 0 0 0 0 0 0 0 0 0 0 0 0 0 0 0 0 0 0 0 0 0 0 0 0 0 0 0 0 0 0 0 0 0 0 0 0 0 0 0 0 0 0 0 0 0 0 0 0 0 0 0 0 0 0 0 0 0 0 0 0 0 0 0 0 0 0 0 0 0 0 0 0 0 0 0 0 0 0 0 0 0 0 0 0 0 0 0 0 0 0 0 0 0 0 0 0 0 0 0 0 0 0 0 0 0 0 0 0 0 0 0 0 0 0 0 0 0 0 0 0 0 0 0 0 0 0 0 0 0 0 0 0 0 0 0 0 0 0 0 0 0 0 0 0 0 0 0 0 0 0 0 0 0 0 0 0 0 0 0 0 0 0 0 0 0 0 0 0 0 0 0 0 0 0 0 0 0 0 0 0 0 0 0 0 0 0 0 0 0 0 0 0 0 0 0 0 0 0 0 0 0 0 0 0 0 0 0 0 0 0 0 0 0 0 0 0 0 0 0 0 0 0 0 0 0 0 0 0 0 0 0 0 0 0 0 0 0 0 0 0 0 0 0 0 0 0 0 0 0 0 0 0 0 0 0 0 0 0 0 0 0 0 0 0 0 0 0 0 0 0 0 0 0 0 0 0 0 0 0 0 0 0 0 0 0 0 0 0 0 0 0 0 0 0 0 0 0 0 0 0 0 0 0 0 0 0 0 0 0 0 0 0 0 0 0 0 0 0 0 0 0 0 0 0 0 0 0 0 0 0 0 0 0 0 0 0 0 0 0 0 0 0 0 0 0 0 0 0 0 0 0 0 0 0 0 0 0 0 0 0 0 0 0 0 0 0 0 0 0 0 0 0 0 0 0 0 0 0 0 0 0 0 0 0 0 0 0 0 0 0 0 0 0 0 0 0 0 0 0 0 0 0 0 0 0 0 0 0 0 0 0 0 0 0 0 0 0 0 0 0 0 0 0 0 0 0 0 0 0 0 0 0 0 0 0 0 0 0 0 0 0 0 0 0 0 0 0 0 0 0 0 0 0 0 0 0 0 0 0 0 0 0 0 0 0 0 0 0 0 0 0 0 0 0 0 0 0 0 0 0 0 0 0 0 0 0 0 0 0 0 0 0 0 0 0 0 0 0 0 0 0 0 0 0 0 0 0 0 0 0 0 0 0 0 0 0 0 0 0 0 0 0 0 0 0 0 0 0 0 0 0 0 0 0 0 0 0 0 0 0 0 0 0 0 0 0 0 0 0 0 0 0 0 0 0 0 0 0 0 0 0 0 0 0 0 0 0 0 0 0 0 0 0 0 0 0 0 0 0 0 0 0 0 0 0 0 0 0 0 0 0 0 0 0 0 0 0 0 0 0 0 0 0 0 0 0 0 0 0 0 0 0 0 0 0 0 0 0 0 0 0 0 0 0 0 0 0 0 0 0 0 0 0 0 0 0 0 0 0 0 0 0 0 0 0 0 0 0 0 0 0 0 0 0 0 0 0 0 0 0 0 0 0 0 0 0 0 0 0 0 0 0 0 0 0 0 0 0 0 0 0 0 0 0 0 0 0 0 0 0 0 0 0 0 0 0 0 0 0 0 0 0 0 0 0 0 0 0 0 0 0 0 0 0 0 0 0 0 0 0 0 0 0 0 0 0 0 0 0 0 0 0 0 0 0 0 0 0 0 0 0 0 0 0 0 0 0 0 0 0 0 0 0 0 0 0 0 0 0 0 0 0 0 0 0 0 0 0 0 0 0 0 0 0 0 0 0 0 0 0 0 0 0 0 0 0 0 0 0 0 0 0 0 0 0 0 0 0 0 0 0 0 0 0 0 0 0 0 0 0 0 0 0 0 0 0 0 0 0 0 0 0 0 0 0 0 0 0 0 0 0 0 0 0 0 0 0 0 0 0 0 0 0 0 0 0 0 0 0 0 0 0 0 0 0 0 0 0 0 0 0 0 0 0 0 0 0 0 0 0 0 0 0 0 0 0 0 0 0 0 0 0 0 0 0 0 0 0 0 0 0 0 0 0 0 0 0 0 0 0 0 0 0 0 0 0 0 0 0 0 0 0 0 0 0 0 0 0 0 0 0 0 0 0 0 0 0 0 0 0 0 0 0 0 0 0 0 0 0 0 0 0 0 0 0 0 0 0 0 0 0 0 0 0 0 0 0 0 0 0 0 0 0 0 0 0 0 0 0 0 0 0 0 0 0 0 0 0 0 0 0 0 0 0 0 0 0 0 0 0 0 0 0 0 0 0 0 0 0 0 0 0 0 0 0 0 0 0 0 0 0 0 0 0 0 0 0 0 0 0 0 0 0 0 0 0 0 0 0 0 0 0 0 0 0 0 0 0 0 0 0 0 0 0 0 0 0 0 0 0 0 0 0 0 0 0 0 0 0 0 0 0 0 0 0 0 0 0 0 0 0 0 0 0 0 0 0 0 0 0 0 0 0 0 0 0 0 0 0 0 0 0 0 0 0 0 0 0 0 0 0 0 0 0 0 0 0 0 0 0 0 0 0 0 0 0 0 0 0 0 0 0 0 0 0 0 0 0 0 0 0 0 0 0 0 0 0 0 0 0 0 0 0 0 0 0 0 0 0 0 0 0 0 0 0 0 0 0 0 0 0 0 0 0 0 0 0 0 0 0 0 0 0 0 0 0 0 0 0 0 0 0 0 0 0 0 0 0 0 0 0 0 0 0 0 0 0 0 0 0 0 0 0 0 0 0 0 0 0 0 0 0 0 0 0 0 0 0 0 0 0 0 0 0 0 0 0 0 0 0 0 0 0 0 0 0 0 0 0 0 0 0 0 0 0 0 0 0 0 0 0 0 0 0 0 0 0 0 0 0 0 0 0 0 0 0 0 0 0 0 0 0 0 0 0 0 0 0 0 0 0 0 0 0 0 0 0 0 0 0 0 0 0 0 0 0 0 0 0 0 0 0 0 0 0 0 0 0 0 0 0 0 0 0 0 0 0 0 0 0 0 0 0 0 0 0 0 0 0 0 0 0 0 0 0 0 0 0 0 0 0 0 0 0 0 0 0 0 0 0 0 0 0 0 0 0 0 0 0 0 0 0 0 0 0 0 0 0 0 0 0 0 0 0 0 0 0 0 0 0 0 0 0 0 0 0 0 0 0 0 0 0 0 0 0 0 0 0 0 0 0 0 0 0 0 0 0 0 0 0 0 0 0 0 0 0 0 0 0 0 0 0 0 0 0 0 0 0 0 0 0 0 0 0 0 0 0 0 0 0 0 0 0 0 0 0 0 0 0 0 0 0 0 0 0 0 0 0 0 0 0 0 0 0 0 0 0 0 0 0 0 0 0 0 0 0 0 0 0 0 0 0 0 0 0 0 0 0 0 0 0 0 0 0 0 0 0 0 0 0 0 0 0 0 0 0 0 0 0 0 0 0 0 0 0 0 0 0 0 0 0 0 0 0 0 0 0 0 0 0 0 0 0 0 0 0 0 0 0 0 0 0 0 0 0 0 0 0 0 0 0 0 0 0 0 0 0 0 0 0 0 0 0 0 0 0 0 0 0 0 0 0 0 0 0 0 0 0 0 0 0 0 0 0 0 0 0 0 0 0 0 0 0 0 0 0 0 0 0 0 0 0 0 0 0 0 0 0 0 0 0 0 0 0 0 0 0 0 0 0 0 0 0 0 0 0 0 0 0 0 0 0 0 0 0 0 0 0 0 0 0 0 0 0 0 0 0 0 0 0 0 0 0 0 0 0 0 0 0 0 0 0 0 0 0 0 0 0 0 0 0 0 0 0 0 0 0 0 0 0 0 0 0 0 0 0 0 0 0 0 0 0 0 0 0 0 0 0 0 0 0 0 0 0 0 0 0 0 0 0 0 0 0 0 0 0 0 0 0 0 0 0 0 0 0 0 0 0 0 0 0 0 0 0 0 0 0 0 0 0 0 0 0 0 0 0 0 0 0 0 0 0 0 0 0 0 0 0 0 0 0 0 0 0 0 0 0 0 0 0 0 0 0 0 0 0 0 0 0 0 0 0 0 0 0 0 0 0 0 0 0 0 0 0 0 0 0 0 0 0 0 0 0 0 0 0 0 0 0 0 0 0 0 0 0 0 0 0 0 0 0 0 0 0 0 0 0 0 0 0 0 0 0 0 0 0 0 0 0 0 0 0 0 0 0 0 0 0 0 0 0 0 0 0 0 0 0 0 0 0 0 0 0 0 0 0 0 0 0 0 0 0 0 0 0 0 0 0 0 0 0 0 0 0 0 0 0 0 0 0 0 0 0 0 0 0 0 0 0 0 0 0 0 0 0 0 0 0 0 0 0 0 0 0 0 0 0 0 0 0 0 0 0 0 0 0 0 0 0 0 0 0 0 0 0 0 0 0 0 0 0 0 0 0 0 0 0 0 0 0 0 0 0 0 0 0 0 0 0 0 0 0 0 0 0 0 0 0 0 0 0 0 0 0 0 0 0 0 0 0 0 0 0 0 0 0 0 0 0 0 0 0 0 0 0 0 0 0 0 0 0 0 0 0 0 0 0 0 0 0 0 0 0 0 0 0 0 0 0 0 0 0 0 0 0 0 0 0 0 0 0 0 0 0 0 0 0 0 0 0 0 0 0 0 0 0 0 0 0 0 0 0 0 0 0 0 0 0 0 0 0 0 0 0 0 0 0 0 0 0 0 0 0 0 0 0 0 0 0 0 0 0 0 0 0 0 0 0 0 0 0 0 0 0 0 0 0 0 0 0 0 0 0 0 0 0 0 0 0 0 0 0 0 0 0 0 0 0 0 0 0 0 0 0 0 0 0 0 0 0 0 0 0 0 0 0 0 0 0 0 0 0 0 0 0 0 0 0 0 0 0 0 0 0 0 0 0 0 0 0 0 0 0 0 0 0 0 0 0 0 0 0 0 0 0 0 0 0 0 0 0 0 0 0 0 0 0 0 0 0 0 0 0 0 0 0 0 0 0 0 0 0 0 0 0 0 0 0 0 0 0 0 0 0 0 0 0 0 0 0 0 0 0 0 0 0 0 0 0 0 0 0 0 0 0 0 0 0 0 0 0 0 0 0 0 0 0 0 0 0 0 0 0 0 0 0 0 0 0 0 0 0 0 0 0 0 0 0 0 0 0 0 0 0 0 0 0 0 0 0 0 0 0 0 0 0 0 0 0 0 0 0 0 0 0 0 0 0 0 0 0 0 0 0 0 0 0 0 0 0 0 0 0 0 0 0 0 0 0 0 0 0 0 0 0 0 0 0 0 0 0 0 0 0 0 0 0 0 0 0 0 0 0 0 0 0 0 0 0 0 0 0 0 0 0 0 0 0 0 0 0 0 0 0 0 0 0 0 0 0 0 0 0 0 0 0 0 0 0 0 0 0 0 0 0 0 0 0 0 0 0 0 0 0 0 0 0 0 0 0 0 0 0 0 0 0 0 0 0 0 0 0 0 0 0 0 0 0 0 0 0 0 0 0 0 0 0 0 0 0 0 0 0 0 0 0 0 0 0 0 0 0 0 0 0 0 0 0 0 0 0 0 0 0 0 0 0 0 0 0 0 0 0 0 0 0 0 0 0 0 0 0 0 0 0 0 0 0 0 0 0 0 0 0 0 0 0 0 0 0 0 0 0 0 0 0 0 0 0 0 0 0 0 0 0 0 0 0 0 0 0 0 0 0 0 0 0 0 0 0 0 0 0 0 0 0 0 0 0 0 0 0 0 0 0 0 0 0 0 0 0 0 0 0 0 0 0 0 0 0 0 0 0 0 0 0 0 0 0 0 0 0 0 0 0 0 0 0 0 0 0 0 0 0 0 0 0 0 0 0 0 0 0 0 0 0 0 0 0 0 0 0 0 0 0 0 0 0 0 0 0 0 0 0 0 0 0 0 0 0 0 0 0 0 0 0 0 0 0 0 0 0 0 0 0 0 0 0 0 0 0 0 0 0 0 0 0 0 0 0 0 0 0 0 0 0 0 0 0 0 0 0 0 0 0 0 0 0 0 0 0 0 0 0 0 0 0 0 0 0 0 0 0 0 0 0 0 0 0 0 0 0 0 0 0 0 0 0 0 0 0 0 0 0 0 0 0 0 0 0 0 0 0 0 0 0 0 0 0 0 0 0 0 0 0 0 0 0 0 0 0 0 0 0 0 0 0 0 0 0 0 0 0 0 0 0 0 0 0 0 0 0 0 0 0 0 0 0 0 0 0 0 0 0 0 0 0 0 0 0 0 0 0 0 0 0 0 0 0 0 0 0 0 0 0 0 0 0 0 0 0 0 0 0 0 0 0 0 0 0 0 0 0 0 0 0 0 0 0 0 0 0 0 0 0 0 0 0 0 0 0 0 0 0 0 0 0 0 0 0 0 0 0 0 0 0 0 0 0 0 0 0 0 0 0 0 0 0 0 0 0 0 0 0 0 0 0 0 0 0 0 0 0 0 0 0 0 0 0 0 0 0 0 0 0 0 0 0 0 0 0 0 0 0 0 0 0 0 0 0 0 0 0 0 0 0 0 0 0 0 0 0 0 0 0 0 0 0 0 0 0 0 0 0 0 0 0 0 0 0 0 0 0 0 0 0 0 0 0 0 0 0 0 0 0 0 0 0 0 0 0 0 0 0 0 0 0 0 0 0 0 0 0 0 0 0 0 0 0 0 0 0 0 0 0 0 0 0 0 0 0 0 0 0 0 0 0 0 0 0 0 0 0 0 0 0 0 0 0 0 0 0 0 0 0 0 0 0 0 0 0 0 0 0 0 0 0 0 0 0 0 0 0 0 0 0 0 0 0 0 0 0 0 0 0 0 0 0 0 0 0 0 0 0 0 0 0 0 0 0 0 0 0 0 0 0 0 0 0 0 0 0 0 0 0 0 0 0 0 0 0 0 0 0 0 0 0 0 0 0 0 0 0 0 0 0 0 0 0 0 0 0 0 0 0 0 0 0 0 0 0 0 0 0 0 0 0 0 0 0 0 0 0 0 0 0 0 0 0 0 0 0 0 0 0 0 0 0 0 0 0 0 0 0 0 0 0 0 0 0 0 0 0 0 0 0 0 0 0 0 0 0 0 0 0 0 0 0 0 0 0 0 0 0 0 0 0 0 0 0 0 0 0 0 0 0 0 0 0 0 0 0 0 0 0 0 0 0 0 0 0 0 0 0 0 0 0 0 0 0 0 0 0 0 0 0 0 0 0 0 0 0 0 0 0 0 0 0
ctxt 1059383
btime 1613122782
processes 18767
procs_running 1
procs_blocked 0
softirq 6952764 1 3993538 865 153980 0 0 165 396034 0 2408181
