cpu  13568390 5 18276 8250067 129 0 1432 0 0 0
cpu0 211643 0 771 128508 0 0 269 0 0 0
cpu1 211902 0 290 129007 2 0 87 0 0 0
cpu2 211642 0 630 128918 0 0 40 0 0 0
cpu3 212008 0 146 129082 7 0 10 0 0 0
cpu4 211514 0 695 128899 0 0 36 0 0 0
cpu5 212024 0 126 129084 0 0 10 0 0 0
cpu6 211959 0 429 128820 0 0 28 0 0 0
cpu7 211524 0 556 129060 0 0 105 0 0 0
cpu8 211919 0 552 128735 0 0 23 0 0 0
cpu9 212028 0 115 129087 0 0 12 0 0 0
cpu10 212028 0 372 128816 0 0 14 0 0 0
cpu11 212032 0 124 129077 0 0 7 0 0 0
cpu12 211967 0 298 128954 0 0 18 0 0 0
cpu13 212092 0 64 129085 0 0 0 0 0 0
cpu14 211890 0 393 128939 2 0 13 0 0 0
cpu15 211732 0 387 129069 0 0 54 0 0 0
cpu16 211804 0 438 128961 3 0 20 0 0 0
cpu17 212096 0 72 129064 0 0 0 0 0 0
cpu18 212050 0 475 128672 4 0 28 0 0 0
cpu19 212090 0 74 129076 0 0 0 0 0 0
cpu20 212032 0 562 128502 59 0 31 0 0 0
cpu21 212088 0 91 129061 0 0 2 0 0 0
cpu22 211673 0 530 128993 1 0 30 0 0 0
cpu23 212096 0 62 129078 0 0 1 0 0 0
cpu24 211852 1 320 129044 0 0 18 0 0 0
cpu25 212080 0 84 129071 0 0 2 0 0 0
cpu26 211704 0 487 129018 0 0 20 0 0 0
cpu27 212074 0 82 129073 0 0 5 0 0 0
cpu28 212016 0 335 128869 0 0 13 0 0 0
cpu29 212059 0 103 129075 0 0 1 0 0 0
cpu30 211679 0 579 128930 1 0 34 0 0 0
cpu31 212058 0 101 129070 1 0 1 0 0 0
cpu32 211983 0 535 128697 0 0 7 0 0 0
cpu33 211975 0 167 129077 0 0 5 0 0 0
cpu34 211832 0 371 128992 0 0 16 0 0 0
cpu35 212020 0 134 129074 0 0 5 0 0 0
cpu36 211886 0 363 128938 0 0 12 0 0 0
cpu37 212068 0 83 129077 0 0 4 0 0 0
cpu38 212108 0 270 128828 2 0 20 0 0 0
cpu39 211032 0 942 129056 0 0 191 0 0 0
cpu40 212040 0 323 128851 0 0 12 0 0 0
cpu41 211967 0 179 129059 1 0 26 0 0 0
cpu42 213725 0 568 126895 14 0 5 0 0 0
cpu43 212087 0 69 129071 1 0 0 0 0 0
cpu44 212612 0 302 128311 0 0 4 0 0 0
cpu45 212099 0 59 129072 1 0 0 0 0 0
cpu46 212953 0 442 127799 2 0 5 0 0 0
cpu47 212082 0 82 129058 1 0 6 0 0 0
cpu48 212128 0 218 128860 0 0 7 0 0 0
cpu49 212097 0 60 129072 0 0 0 0 0 0
cpu50 212220 1 353 128579 0 0 42 0 0 0
cpu51 212096 0 66 129061 0 0 0 0 0 0
cpu52 211925 0 262 129023 0 0 10 0 0 0
cpu53 212116 0 57 129044 0 0 0 0 0 0
cpu54 211949 0 340 128916 0 0 13 0 0 0
cpu55 212114 0 48 129062 0 0 0 0 0 0
cpu56 211947 0 252 129014 0 0 10 0 0 0
cpu57 212087 0 66 129071 0 0 1 0 0 0
cpu58 211872 0 301 129038 3 0 10 0 0 0
cpu59 212078 0 75 129069 0 0 2 0 0 0
cpu60 212067 0 173 128968 0 0 6 0 0 0
cpu61 211944 0 198 129057 0 0 25 0 0 0
cpu62 211959 0 305 128638 0 0 14 0 0 0
cpu63 211944 0 248 129013 0 0 18 0 0 0
intr 39213296 83 0 0 0 622 0 0 0 1 0 285 0 0 0 0 0 0 0 0 0 0 0 0 0 0 0 0 0 0 0 0 0 0 0 0 0 0 0 1970 7854 1072 4399 1987 375 358 20247 851 1713 600 4289 283 0 688 13535 2700 0 2136 0 21316 0 4600 0 1198 793 841 0 510 2 941 0 1233 2443 1077 2969 682 2258 2963 5135 1553 18 758 2 283 1 289 2175 1143 115 26731 703 1451 10 769 3 523 648 1109 0 888 1 485 4039 0 0 0 0 0 0 0 0 0 0 0 0 0 0 0 0 0 31123 93 0 0 0 0 0 0 0 0 0 0 0 0 0 0 0 0 0 0 0 0 0 0 0 0 0 0 0 0 0 0 0 0 0 0 0 0 0 0 0 0 0 0 0 0 0 0 0 0 0 0 0 0 0 0 0 0 0 0 0 0 0 0 0 0 0 0 0 0 0 0 0 0 0 0 0 25 0 0 0 0 0 0 0 0 0 0 0 0 0 0 0 0 0 0 0 0 0 0 0 0 0 0 0 0 0 0 0 0 0 0 0 0 0 0 0 0 0 0 0 0 0 0 0 0 0 0 0 0 0 0 0 0 0 0 0 0 0 0 0 0 0 0 0 0 0 0 0 0 0 0 0 0 0 0 0 0 0 0 0 0 0 0 0 0 0 0 0 0 0 0 0 0 0 0 0 0 0 0 0 0 0 0 0 0 0 0 0 0 0 0 0 0 0 0 0 0 0 0 0 0 0 0 0 0 0 0 0 0 0 0 0 0 0 0 0 0 0 0 0 0 0 0 0 0 0 0 0 0 0 0 0 0 0 0 0 0 0 0 0 0 0 0 0 0 0 0 0 0 0 0 0 0 0 0 0 0 0 0 0 0 0 0 0 0 0 0 0 0 0 0 0 0 0 0 0 0 0 0 0 0 0 0 0 0 0 0 0 0 0 0 0 0 0 0 0 0 0 0 0 0 0 0 0 0 0 0 0 0 0 0 0 0 0 0 0 0 0 0 0 0 0 0 0 0 0 0 0 0 0 0 0 0 0 0 0 0 0 0 0 0 0 0 0 0 0 0 0 0 0 0 0 0 0 0 0 0 0 0 0 0 0 0 0 0 0 0 0 0 0 0 0 0 0 0 0 0 0 0 0 0 0 0 0 0 0 0 0 0 0 0 0 0 0 0 0 0 0 0 0 0 0 0 0 0 0 0 0 0 0 0 0 0 0 0 0 0 0 0 0 0 0 0 0 0 0 0 0 0 0 0 0 0 0 0 0 0 0 0 0 0 0 0 0 0 0 0 0 0 0 0 0 0 0 0 0 0 0 0 0 0 0 0 0 0 0 0 0 0 0 0 0 0 0 0 0 0 0 0 0 0 0 0 0 0 0 0 0 0 0 0 0 0 0 0 0 0 0 0 0 0 0 0 0 0 0 0 0 0 0 0 0 0 0 0 0 0 0 0 0 0 0 0 0 0 0 0 0 0 0 0 0 0 0 0 0 0 0 0 0 0 0 0 0 0 0 0 0 0 0 0 0 0 0 0 0 0 0 0 0 0 0 0 0 0 0 0 0 0 0 0 0 0 0 0 0 0 0 0 0 0 0 0 0 0 0 0 0 0 0 0 0 0 0 0 0 0 0 0 0 0 0 0 0 0 0 0 0 0 0 0 0 0 0 0 0 0 0 0 0 0 0 0 0 0 0 0 0 0 0 0 0 0 0 0 0 0 0 0 0 0 0 0 0 0 0 0 0 0 0 0 0 0 0 0 0 0 0 0 0 0 0 0 0 0 0 0 0 0 0 0 0 0 0 0 0 0 0 0 0 0 0 0 0 0 0 0 0 0 0 0 0 0 0 0 0 0 0 0 0 0 0 0 0 0 0 0 0 0 0 0 0 0 0 0 0 0 0 0 0 0 0 0 0 0 0 0 0 0 0 0 0 0 0 0 0 0 0 0 0 0 0 0 0 0 0 0 0 0 0 0 0 0 0 0 0 0 0 0 0 0 0 0 0 0 0 0 0 0 0 0 0 0 0 0 0 0 0 0 0 0 0 0 0 0 0 0 0 0 0 0 0 0 0 0 0 0 0 0 0 0 0 0 0 0 0 0 0 0 0 0 0 0 0 0 0 0 0 0 0 0 0 0 0 0 0 0 0 0 0 0 0 0 0 0 0 0 0 0 0 0 0 0 0 0 0 0 0 0 0 0 0 0 0 0 0 0 0 0 0 0 0 0 0 0 0 0 0 0 0 0 0 0 0 0 0 0 0 0 0 0 0 0 0 0 0 0 0 0 0 0 0 0 0 0 0 0 0 0 0 0 0 0 0 0 0 0 0 0 0 0 0 0 0 0 0 0 0 0 0 0 0 0 0 0 0 0 0 0 0 0 0 0 0 0 0 0 0 0 0 0 0 0 0 0 0 0 0 0 0 0 0 0 0 0 0 0 0 0 0 0 0 0 0 0 0 0 0 0 0 0 0 0 0 0 0 0 0 0 0 0 0 0 0 0 0 0 0 0 0 0 0 0 0 0 0 0 0 0 0 0 0 0 0 0 0 0 0 0 0 0 0 0 0 0 0 0 0 0 0 0 0 0 0 0 0 0 0 0 0 0 0 0 0 0 0 0 0 0 0 0 0 0 0 0 0 0 0 0 0 0 0 0 0 0 0 0 0 0 0 0 0 0 0 0 0 0 0 0 0 0 0 0 0 0 0 0 0 0 0 0 0 0 0 0 0 0 0 0 0 0 0 0 0 0 0 0 0 0 0 0 0 0 0 0 0 0 0 0 0 0 0 0 0 0 0 0 0 0 0 0 0 0 0 0 0 0 0 0 0 0 0 0 0 0 0 0 0 0 0 0 0 0 0 0 0 0 0 0 0 0 0 0 0 0 0 0 0 0 0 0 0 0 0 0 0 0 0 0 0 0 0 0 0 0 0 0 0 0 0 0 0 0 0 0 0 0 0 0 0 0 0 0 0 0 0 0 0 0 0 0 0 0 0 0 0 0 0 0 0 0 0 0 0 0 0 0 0 0 0 0 0 0 0 0 0 0 0 0 0 0 0 0 0 0 0 0 0 0 0 0 0 0 0 0 0 0 0 0 0 0 0 0 0 0 0 0 0 0 0 0 0 0 0 0 0 0 0 0 0 0 0 0 0 0 0 0 0 0 0 0 0 0 0 0 0 0 0 0 0 0 0 0 0 0 0 0 0 0 0 0 0 0 0 0 0 0 0 0 0 0 0 0 0 0 0 0 0 0 0 0 0 0 0 0 0 0 0 0 0 0 0 0 0 0 0 0 0 0 0 0 0 0 0 0 0 0 0 0 0 0 0 0 0 0 0 0 0 0 0 0 0 0 0 0 0 0 0 0 0 0 0 0 0 0 0 0 0 0 0 0 0 0 0 0 0 0 0 0 0 0 0 0 0 0 0 0 0 0 0 0 0 0 0 0 0 0 0 0 0 0 0 0 0 0 0 0 0 0 0 0 0 0 0 0 0 0 0 0 0 0 0 0 0 0 0 0 0 0 0 0 0 0 0 0 0 0 0 0 0 0 0 0 0 0 0 0 0 0 0 0 0 0 0 0 0 0 0 0 0 0 0 0 0 0 0 0 0 0 0 0 0 0 0 0 0 0 0 0 0 0 0 0 0 0 0 0 0 0 0 0 0 0 0 0 0 0 0 0 0 0 0 0 0 0 0 0 0 0 0 0 0 0 0 0 0 0 0 0 0 0 0 0 0 0 0 0 0 0 0 0 0 0 0 0 0 0 0 0 0 0 0 0 0 0 0 0 0 0 0 0 0 0 0 0 0 0 0 0 0 0 0 0 0 0 0 0 0 0 0 0 0 0 0 0 0 0 0 0 0 0 0 0 0 0 0 0 0 0 0 0 0 0 0 0 0 0 0 0 0 0 0 0 0 0 0 0 0 0 0 0 0 0 0 0 0 0 0 0 0 0 0 0 0 0 0 0 0 0 0 0 0 0 0 0 0 0 0 0 0 0 0 0 0 0 0 0 0 0 0 0 0 0 0 0 0 0 0 0 0 0 0 0 0 0 0 0 0 0 0 0 0 0 0 0 0 0 0 0 0 0 0 0 0 0 0 0 0 0 0 0 0 0 0 0 0 0 0 0 0 0 0 0 0 0 0 0 0 0 0 0 0 0 0 0 0 0 0 0 0 0 0 0 0 0 0 0 0 0 0 0 0 0 0 0 0 0 0 0 0 0 0 0 0 0 0 0 0 0 0 0 0 0 0 0 0 0 0 0 0 0 0 0 0 0 0 0 0 0 0 0 0 0 0 0 0 0 0 0 0 0 0 0 0 0 0 0 0 0 0 0 0 0 0 0 0 0 0 0 0 0 0 0 0 0 0 0 0 0 0 0 0 0 0 0 0 0 0 0 0 0 0 0 0 0 0 0 0 0 0 0 0 0 0 0 0 0 0 0 0 0 0 0 0 0 0 0 0 0 0 0 0 0 0 0 0 0 0 0 0 0 0 0 0 0 0 0 0 0 0 0 0 0 0 0 0 0 0 0 0 0 0 0 0 0 0 0 0 0 0 0 0 0 0 0 0 0 0 0 0 0 0 0 0 0 0 0 0 0 0 0 0 0 0 0 0 0 0 0 0 0 0 0 0 0 0 0 0 0 0 0 0 0 0 0 0 0 0 0 0 0 0 0 0 0 0 0 0 0 0 0 0 0 0 0 0 0 0 0 0 0 0 0 0 0 0 0 0 0 0 0 0 0 0 0 0 0 0 0 0 0 0 0 0 0 0 0 0 0 0 0 0 0 0 0 0 0 0 0 0 0 0 0 0 0 0 0 0 0 0 0 0 0 0 0 0 0 0 0 0 0 0 0 0 0 0 0 0 0 0 0 0 0 0 0 0 0 0 0 0 0 0 0 0 0 0 0 0 0 0 0 0 0 0 0 0 0 0 0 0 0 0 0 0 0 0 0 0 0 0 0 0 0 0 0 0 0 0 0 0 0 0 0 0 0 0 0 0 0 0 0 0 0 0 0 0 0 0 0 0 0 0 0 0 0 0 0 0 0 0 0 0 0 0 0 0 0 0 0 0 0 0 0 0 0 0 0 0 0 0 0 0 0 0 0 0 0 0 0 0 0 0 0 0 0 0 0 0 0 0 0 0 0 0 0 0 0 0 0 0 0 0 0 0 0 0
ctxt 6047731
btime 1613123984
processes 139003
procs_running 1
procs_blocked 0
softirq 44761322 1 26159984 1408 1116765 0 0 141 1395015 0 16088008
