cpu  20127402 4 27779 6928997 514 0 3043 0 0 0
cpu0 558760 0 852 192452 9 0 546 0 0 0
cpu1 558820 0 930 192589 1 0 110 0 0 0
cpu2 558607 0 1140 192639 2 0 42 0 0 0
cpu3 558705 0 892 192734 17 0 87 0 0 0
cpu4 558788 0 771 192815 2 0 64 0 0 0
cpu5 558910 0 694 192802 2 0 32 0 0 0
cpu6 559010 0 758 192616 1 0 51 0 0 0
cpu7 559044 0 634 192717 5 0 34 0 0 0
cpu8 559294 0 666 192439 6 0 31 0 0 0
cpu9 557242 0 2309 192745 9 0 135 0 0 0
cpu10 559042 0 768 192570 4 0 41 0 0 0
cpu11 559170 0 784 192419 2 0 44 0 0 0
cpu12 559382 0 724 192260 11 0 50 0 0 0
cpu13 559165 0 694 192553 4 0 18 0 0 0
cpu14 559207 0 1116 191991 4 0 108 0 0 0
cpu15 560270 0 1007 191115 14 0 28 0 0 0
cpu16 559288 0 742 192358 2 0 32 0 0 0
cpu17 558977 0 741 192641 2 0 67 0 0 0
cpu18 559224 0 469 192674 51 0 17 0 0 0
cpu19 558904 0 824 192578 4 0 120 0 0 0
cpu20 558872 0 840 192644 41 0 37 0 0 0
cpu21 558969 0 660 192716 42 0 56 0 0 0
cpu22 559140 0 454 192752 58 0 27 0 0 0
cpu23 559206 0 393 192800 10 0 14 0 0 0
cpu24 559344 0 549 192499 0 0 33 0 0 0
cpu25 559234 0 364 192825 0 0 12 0 0 0
cpu26 559287 0 439 192690 1 0 15 0 0 0
cpu27 558805 0 838 192758 0 0 28 0 0 0
cpu28 557497 0 1421 192628 0 0 882 0 0 0
cpu29 559490 0 464 192433 16 0 12 0 0 0
cpu30 559297 0 448 192654 2 0 21 0 0 0
cpu31 559630 0 626 192118 4 0 41 0 0 0
cpu32 560365 1 795 191213 7 0 48 0 0 0
cpu33 558992 2 808 192526 7 0 93 0 0 0
cpu34 560172 0 654 191434 122 0 36 0 0 0
cpu35 559279 0 498 192584 34 0 16 0 0 0
intr 55538066 56 0 0 0 609 0 0 0 1 0 257 0 0 0 0 0 0 0 0 0 0 0 0 0 0 0 0 0 0 0 0 92 567 46 395 175 311 164 180 1487 468 755 435 336 497 484 448 554 468 526 1673 226 2547 1527 2844 1529 0 0 0 0 19 85 469 14 935 467 299 627 663 533 10318 3529 0 0 16 11007 2 0 16335 957 3867 1708 4290 2044 6832 1544 1952 2054 2099 3472 1321 994 1204 3845 2461 2151 2850 7083 6509 4560 724 1215 1733 631 1771 1440 170596 1466 2703 1546 1043 2010 3963 591 0 17 7814 1 0 0 0 0 0 0 0 0 0 0 0 0 0 0 0 0 0 0 0 0 0 0 0 0 0 0 0 0 0 0 0 0 0 0 0 0 0 22 0 0 0 0 0 0 0 0 0 0 0 0 0 0 0 0 0 0 0 0 0 0 0 0 0 0 0 0 0 0 0 0 0 0 0 0 0 0 0 0 0 0 0 0 0 0 0 0 0 0 0 0 0 0 0 0 0 0 0 0 0 0 0 0 0 0 0 0 0 0 0 0 0 0 0 0 0 0 0 0 0 0 0 0 0 0 0 0 0 0 0 0 0 0 0 0 0 0 0 0 0 0 0 0 0 0 0 0 0 0 0 0 0 0 0 0 0 0 0 0 0 0 0 0 0 0 0 0 0 0 0 0 0 0 0 0 0 0 0 0 0 0 0 0 0 0 0 0 0 0 0 0 0 0 0 0 0 0 0 0 0 0 0 0 0 0 0 0 0 0 0 0 0 0 0 0 0 0 0 0 0 0 0 0 0 0 0 0 0 0 0 0 0 0 0 0 0 0 0 0 0 0 0 0 0 0 0 0 0 0 0 0 0 0 0 0 0 0 0 0 0 0 0 0 0 0 0 0 0 0 0 0 0 0 0 0 0 0 0 0 0 0 0 0 0 0 0 0 0 0 0 0 0 0 0 0 0 0 0 0 0 0 0 0 0 0 0 0 0 0 0 0 0 0 0 0 0 0 0 0 0 0 0 0 0 0 0 0 0 0 0 0 0 0 0 0 0 0 0 0 0 0 0 0 0 0 0 0 0 0 0 0 0 0 0 0 0 0 0 0 0 0 0 0 0 0 0 0 0 0 0 0 0 0 0 0 0 0 0 0 0 0 0 0 0 0 0 0 0 0 0 0 0 0 0 0 0 0 0 0 0 0 0 0 0 0 0 0 0 0 0 0 0 0 0 0 0 0 0 0 0 0 0 0 0 0 0 0 0 0 0 0 0 0 0 0 0 0 0 0 0 0 0 0 0 0 0 0 0 0 0 0 0 0 0 0 0 0 0 0 0 0 0 0 0 0 0 0 0 0 0 0 0 0 0 0 0 0 0 0 0 0 0 0 0 0 0 0 0 0 0 0 0 0 0 0 0 0 0 0 0 0 0 0 0 0 0 0 0 0 0 0 0 0 0 0 0 0 0 0 0 0 0 0 0 0 0 0 0 0 0 0 0 0 0 0 0 0 0 0 0 0 0 0 0 0 0 0 0 0 0 0 0 0 0 0 0 0 0 0 0 0 0 0 0 0 0 0 0 0 0 0 0 0 0 0 0 0 0 0 0 0 0 0 0 0 0 0 0 0 0 0 0 0 0 0 0 0 0 0 0 0 0 0 0 0 0 0 0 0 0 0 0 0 0 0 0 0 0 0 0 0 0 0 0 0 0 0 0 0 0 0 0 0 0 0 0 0 0 0 0 0 0 0 0 0 0 0 0 0 0 0 0 0 0 0 0 0 0 0 0 0 0 0 0 0 0 0 0 0 0 0 0 0 0 0 0 0 0 0 0 0 0 0 0 0 0 0 0 0 0 0 0 0 0 0 0 0 0 0 0 0 0 0 0 0 0 0 0 0 0 0 0 0 0 0 0 0 0 0 0 0 0 0 0 0 0 0 0 0 0 0 0 0 0 0 0 0 0 0 0 0 0 0 0 0 0 0 0 0 0 0 0 0 0 0 0 0 0 0 0 0 0 0 0 0 0 0 0 0 0 0 0 0 0 0 0 0 0 0 0 0 0 0 0 0 0 0 0 0 0 0 0 0 0 0 0 0 0 0 0 0 0 0 0 0 0 0 0 0 0 0 0 0 0 0 0 0 0 0 0 0 0 0 0 0 0 0 0 0 0 0 0 0 0 0 0 0 0 0 0 0 0 0 0 0 0 0 0 0 0 0 0 0 0 0 0 0 0 0 0 0 0 0 0 0 0 0 0 0 0 0 0 0 0 0 0 0 0 0 0 0 0 0 0 0 0 0 0 0 0 0 0 0 0 0 0 0 0 0 0 0 0 0 0 0 0 0 0 0 0 0 0 0 0 0 0 0 0 0 0 0 0 0 0 0 0 0 0 0 0 0 0 0 0 0 0 0 0 0 0 0 0 0 0 0 0 0 0 0 0 0 0 0 0 0 0 0 0 0 0 0 0 0 0 0 0 0 0 0 0 0 0 0 0 0 0 0 0 0 0 0 0 0 0 0 0 0 0 0 0 0 0 0 0 0 0 0 0 0 0 0 0 0 0 0 0 0 0 0 0 0 0 0 0 0 0 0 0 0 0 0 0 0 0 0 0 0 0 0 0 0 0 0 0 0 0 0 0 0 0 0 0 0 0 0 0 0 0 0 0 0 0 0 0 0 0 0 0 0 0 0 0 0 0 0 0 0 0 0 0 0 0 0 0 0 0 0 0 0 0 0 0 0 0 0 0 0 0 0 0 0 0 0 0 0 0 0 0 0 0 0 0 0 0 0 0 0 0 0 0 0 0 0 0 0 0 0 0 0 0 0 0 0 0 0 0 0 0 0 0 0 0 0 0 0 0 0 0 0
ctxt 14444978
btime 1613124388
processes 361075
procs_running 1
procs_blocked 0
softirq 71871882 1 41491387 653 2729335 0 0 269363 1918210 0 25462933
