cpu  22811614 3 35552 7097507 459 0 3286 0 0 0
cpu0 633059 0 1395 197054 1 0 578 0 0 0
cpu1 633702 0 1081 197014 22 0 83 0 0 0
cpu2 633564 0 1013 197219 17 0 112 0 0 0
cpu3 633407 0 1122 197349 5 0 33 0 0 0
cpu4 632850 0 1492 197366 3 0 196 0 0 0
cpu5 633624 0 851 197380 2 0 48 0 0 0
cpu6 633498 0 845 197504 6 0 45 0 0 0
cpu7 633526 0 1083 197204 1 0 80 0 0 0
cpu8 633685 0 786 197393 1 0 32 0 0 0
cpu9 633248 0 1566 197002 1 0 90 0 0 0
cpu10 633337 0 1100 197374 6 0 70 0 0 0
cpu11 633824 0 982 197008 1 0 73 0 0 0
cpu12 633349 0 1068 197388 38 0 38 0 0 0
cpu13 633898 0 1174 196779 4 0 42 0 0 0
cpu14 633228 0 1328 197231 88 0 31 0 0 0
cpu15 631194 0 2478 197256 49 0 920 0 0 0
cpu16 633250 0 1372 197229 2 0 35 0 0 0
cpu17 633112 0 1384 197336 2 0 55 0 0 0
cpu18 633724 0 722 197395 4 0 23 0 0 0
cpu19 634092 0 705 197005 15 0 50 0 0 0
cpu20 633715 0 819 197268 5 0 92 0 0 0
cpu21 634082 0 464 197346 1 0 9 0 0 0
cpu22 633636 0 741 197424 23 0 66 0 0 0
cpu23 633355 0 882 197529 1 0 134 0 0 0
cpu24 633846 0 561 197450 7 0 34 0 0 0
cpu25 633754 0 663 197426 13 0 33 0 0 0
cpu26 634141 0 405 197340 2 0 5 0 0 0
cpu27 634312 0 599 196955 16 0 6 0 0 0
cpu28 634728 0 978 196099 2 0 94 0 0 0
cpu29 634380 0 893 196561 1 0 38 0 0 0
cpu30 635564 0 826 195397 77 0 21 0 0 0
cpu31 634532 0 643 196676 1 0 25 0 0 0
cpu32 633549 0 920 197404 1 0 17 0 0 0
cpu33 633690 1 796 197355 6 0 34 0 0 0
cpu34 633697 0 761 197399 13 0 14 0 0 0
cpu35 633449 0 1041 197376 2 0 18 0 0 0
intr 63257121 56 0 0 0 610 0 0 0 1 0 250 0 0 0 0 0 0 0 0 0 0 0 0 0 0 0 0 0 0 0 0 94 525 468 749 2629 715 620 1308 167 133 172 460 82 4697 483 3890 2350 569 442 247 389 635 176 1421 135 0 0 0 0 368 542 199 843 154 117 10207 169 151 724 492 208 0 0 17 11702 2 0 20345 2199 4229 855 3117 3073 1104 5317 2155 5235 5043 3033 6860 1544 1524 205020 3297 4561 6250 1457 2131 1224 6988 2799 608 2749 1129 568 4088 1983 7348 4880 5070 3812 1279 1806 0 16 7855 1 0 0 0 0 0 0 0 0 0 0 0 0 0 0 0 0 0 0 0 0 0 0 0 0 0 0 0 0 0 0 0 0 0 0 0 0 0 25 0 0 0 0 0 0 0 0 0 0 0 0 0 0 0 0 0 0 0 0 0 0 0 0 0 0 0 0 0 0 0 0 0 0 0 0 0 0 0 0 0 0 0 0 0 0 0 0 0 0 0 0 0 0 0 0 0 0 0 0 0 0 0 0 0 0 0 0 0 0 0 0 0 0 0 0 0 0 0 0 0 0 0 0 0 0 0 0 0 0 0 0 0 0 0 0 0 0 0 0 0 0 0 0 0 0 0 0 0 0 0 0 0 0 0 0 0 0 0 0 0 0 0 0 0 0 0 0 0 0 0 0 0 0 0 0 0 0 0 0 0 0 0 0 0 0 0 0 0 0 0 0 0 0 0 0 0 0 0 0 0 0 0 0 0 0 0 0 0 0 0 0 0 0 0 0 0 0 0 0 0 0 0 0 0 0 0 0 0 0 0 0 0 0 0 0 0 0 0 0 0 0 0 0 0 0 0 0 0 0 0 0 0 0 0 0 0 0 0 0 0 0 0 0 0 0 0 0 0 0 0 0 0 0 0 0 0 0 0 0 0 0 0 0 0 0 0 0 0 0 0 0 0 0 0 0 0 0 0 0 0 0 0 0 0 0 0 0 0 0 0 0 0 0 0 0 0 0 0 0 0 0 0 0 0 0 0 0 0 0 0 0 0 0 0 0 0 0 0 0 0 0 0 0 0 0 0 0 0 0 0 0 0 0 0 0 0 0 0 0 0 0 0 0 0 0 0 0 0 0 0 0 0 0 0 0 0 0 0 0 0 0 0 0 0 0 0 0 0 0 0 0 0 0 0 0 0 0 0 0 0 0 0 0 0 0 0 0 0 0 0 0 0 0 0 0 0 0 0 0 0 0 0 0 0 0 0 0 0 0 0 0 0 0 0 0 0 0 0 0 0 0 0 0 0 0 0 0 0 0 0 0 0 0 0 0 0 0 0 0 0 0 0 0 0 0 0 0 0 0 0 0 0 0 0 0 0 0 0 0 0 0 0 0 0 0 0 0 0 0 0 0 0 0 0 0 0 0 0 0 0 0 0 0 0 0 0 0 0 0 0 0 0 0 0 0 0 0 0 0 0 0 0 0 0 0 0 0 0 0 0 0 0 0 0 0 0 0 0 0 0 0 0 0 0 0 0 0 0 0 0 0 0 0 0 0 0 0 0 0 0 0 0 0 0 0 0 0 0 0 0 0 0 0 0 0 0 0 0 0 0 0 0 0 0 0 0 0 0 0 0 0 0 0 0 0 0 0 0 0 0 0 0 0 0 0 0 0 0 0 0 0 0 0 0 0 0 0 0 0 0 0 0 0 0 0 0 0 0 0 0 0 0 0 0 0 0 0 0 0 0 0 0 0 0 0 0 0 0 0 0 0 0 0 0 0 0 0 0 0 0 0 0 0 0 0 0 0 0 0 0 0 0 0 0 0 0 0 0 0 0 0 0 0 0 0 0 0 0 0 0 0 0 0 0 0 0 0 0 0 0 0 0 0 0 0 0 0 0 0 0 0 0 0 0 0 0 0 0 0 0 0 0 0 0 0 0 0 0 0 0 0 0 0 0 0 0 0 0 0 0 0 0 0 0 0 0 0 0 0 0 0 0 0 0 0 0 0 0 0 0 0 0 0 0 0 0 0 0 0 0 0 0 0 0 0 0 0 0 0 0 0 0 0 0 0 0 0 0 0 0 0 0 0 0 0 0 0 0 0 0 0 0 0 0 0 0 0 0 0 0 0 0 0 0 0 0 0 0 0 0 0 0 0 0 0 0 0 0 0 0 0 0 0 0 0 0 0 0 0 0 0 0 0 0 0 0 0 0 0 0 0 0 0 0 0 0 0 0 0 0 0 0 0 0 0 0 0 0 0 0 0 0 0 0 0 0 0 0 0 0 0 0 0 0 0 0 0 0 0 0 0 0 0 0 0 0 0 0 0 0 0 0 0 0 0 0 0 0 0 0 0 0 0 0 0 0 0 0 0 0 0 0 0 0 0 0 0 0 0 0 0 0 0 0 0 0 0 0 0 0 0 0 0 0 0 0 0 0 0 0 0 0 0 0 0 0 0 0 0 0 0 0 0 0 0 0 0 0 0 0 0 0 0 0 0 0 0 0 0 0 0 0 0 0 0 0 0 0 0 0 0 0 0 0 0 0 0 0 0 0 0 0 0 0 0 0 0 0 0 0 0 0 0 0 0 0 0 0 0 0 0 0 0 0 0 0 0 0 0 0 0 0 0 0 0 0 0 0 0 0 0 0 0 0 0 0 0 0 0 0 0 0 0 0 0 0 0 0 0 0 0 0 0 0 0 0 0 0 0 0 0 0 0 0 0 0 0 0 0 0 0 0 0 0 0 0 0 0 0 0 0 0 0 0 0 0 0 0 0 0 0 0 0 0 0 0 0 0 0 0 0 0 0 0 0 0 0 0 0 0 0 0 0 0 0 0 0 0 0 0 0 0 0 0 0 0 0 0 0
ctxt 17430405
btime 1613124388
processes 443205
procs_running 1
procs_blocked 0
softirq 81248871 1 46456686 857 3354687 0 0 332397 2164895 0 28939348
