cpu  20897826 4 44529 6861789 419 0 3256 0 0 0
cpu0 581102 1 1548 189452 0 0 365 0 0 0
cpu1 580076 0 1640 190628 1 0 79 0 0 0
cpu2 580958 0 1366 189976 79 0 48 0 0 0
cpu3 579648 0 1881 190855 1 0 62 0 0 0
cpu4 580112 0 1449 190855 1 0 29 0 0 0
cpu5 580152 0 1302 190957 0 0 42 0 0 0
cpu6 580828 0 1003 190495 72 0 38 0 0 0
cpu7 580753 0 868 190772 3 0 34 0 0 0
cpu8 580655 0 1134 190620 6 0 20 0 0 0
cpu9 580740 0 876 190774 1 0 50 0 0 0
cpu10 580536 0 1016 190818 5 0 74 0 0 0
cpu11 580453 0 1124 190805 3 0 54 0 0 0
cpu12 578924 0 2460 190723 4 0 319 0 0 0
cpu13 580130 0 1650 190581 1 0 62 0 0 0
cpu14 579627 0 2344 190400 8 0 60 0 0 0
cpu15 579727 0 1944 190735 2 0 29 0 0 0
cpu16 581071 0 2171 189124 0 0 74 0 0 0
cpu17 580563 0 980 190827 22 0 39 0 0 0
cpu18 580923 0 1060 190430 13 0 15 0 0 0
cpu19 580182 0 1509 190619 9 0 126 0 0 0
cpu20 580890 0 778 190707 45 0 11 0 0 0
cpu21 579895 0 1699 190823 10 0 10 0 0 0
cpu22 580816 0 792 190765 50 0 13 0 0 0
cpu23 580895 0 672 190832 4 0 37 0 0 0
cpu24 581220 0 429 190776 1 0 11 0 0 0
cpu25 580645 0 937 190844 1 0 7 0 0 0
cpu26 580954 0 690 190731 13 0 50 0 0 0
cpu27 580364 0 982 190866 4 0 218 0 0 0
cpu28 581051 0 570 190799 4 0 13 0 0 0
cpu29 578388 0 2156 190763 2 0 1120 0 0 0
cpu30 580938 0 894 190591 3 0 6 0 0 0
cpu31 580518 0 1221 190625 14 0 65 0 0 0
cpu32 580943 0 688 190802 1 0 11 0 0 0
cpu33 580901 0 1080 190440 2 0 9 0 0 0
cpu34 580678 0 918 190794 8 0 31 0 0 0
cpu35 581558 0 686 190167 7 0 12 0 0 0
intr 57642744 56 0 0 0 611 0 0 0 1 0 250 0 0 0 0 0 0 0 0 0 0 0 0 0 0 0 0 0 0 0 0 93 184 217 9804 102 3113 151 3148 509 325 158 578 244 1037 684 446 414 286 541 2544 551 3452 952 1832 414 0 0 0 0 68 99 375 350 358 1052 406 976 85 108 386 620 0 0 16 13982 3038 0 14719 1132 1325 456 1849 881 609 1086 1623 854 2070 1772 57297 13942 2206 1418 2005 551 960 1063 781 494 1915 559 707 801 2582 1328 2335 135152 423 1039 938 649 4810 2088 0 16 7715 1 0 0 0 0 0 0 0 0 0 0 0 0 0 0 0 0 0 0 0 0 0 0 0 0 0 0 0 0 0 0 0 0 0 0 0 0 0 25 0 0 0 0 0 0 0 0 0 0 0 0 0 0 0 0 0 0 0 0 0 0 0 0 0 0 0 0 0 0 0 0 0 0 0 0 0 0 0 0 0 0 0 0 0 0 0 0 0 0 0 0 0 0 0 0 0 0 0 0 0 0 0 0 0 0 0 0 0 0 0 0 0 0 0 0 0 0 0 0 0 0 0 0 0 0 0 0 0 0 0 0 0 0 0 0 0 0 0 0 0 0 0 0 0 0 0 0 0 0 0 0 0 0 0 0 0 0 0 0 0 0 0 0 0 0 0 0 0 0 0 0 0 0 0 0 0 0 0 0 0 0 0 0 0 0 0 0 0 0 0 0 0 0 0 0 0 0 0 0 0 0 0 0 0 0 0 0 0 0 0 0 0 0 0 0 0 0 0 0 0 0 0 0 0 0 0 0 0 0 0 0 0 0 0 0 0 0 0 0 0 0 0 0 0 0 0 0 0 0 0 0 0 0 0 0 0 0 0 0 0 0 0 0 0 0 0 0 0 0 0 0 0 0 0 0 0 0 0 0 0 0 0 0 0 0 0 0 0 0 0 0 0 0 0 0 0 0 0 0 0 0 0 0 0 0 0 0 0 0 0 0 0 0 0 0 0 0 0 0 0 0 0 0 0 0 0 0 0 0 0 0 0 0 0 0 0 0 0 0 0 0 0 0 0 0 0 0 0 0 0 0 0 0 0 0 0 0 0 0 0 0 0 0 0 0 0 0 0 0 0 0 0 0 0 0 0 0 0 0 0 0 0 0 0 0 0 0 0 0 0 0 0 0 0 0 0 0 0 0 0 0 0 0 0 0 0 0 0 0 0 0 0 0 0 0 0 0 0 0 0 0 0 0 0 0 0 0 0 0 0 0 0 0 0 0 0 0 0 0 0 0 0 0 0 0 0 0 0 0 0 0 0 0 0 0 0 0 0 0 0 0 0 0 0 0 0 0 0 0 0 0 0 0 0 0 0 0 0 0 0 0 0 0 0 0 0 0 0 0 0 0 0 0 0 0 0 0 0 0 0 0 0 0 0 0 0 0 0 0 0 0 0 0 0 0 0 0 0 0 0 0 0 0 0 0 0 0 0 0 0 0 0 0 0 0 0 0 0 0 0 0 0 0 0 0 0 0 0 0 0 0 0 0 0 0 0 0 0 0 0 0 0 0 0 0 0 0 0 0 0 0 0 0 0 0 0 0 0 0 0 0 0 0 0 0 0 0 0 0 0 0 0 0 0 0 0 0 0 0 0 0 0 0 0 0 0 0 0 0 0 0 0 0 0 0 0 0 0 0 0 0 0 0 0 0 0 0 0 0 0 0 0 0 0 0 0 0 0 0 0 0 0 0 0 0 0 0 0 0 0 0 0 0 0 0 0 0 0 0 0 0 0 0 0 0 0 0 0 0 0 0 0 0 0 0 0 0 0 0 0 0 0 0 0 0 0 0 0 0 0 0 0 0 0 0 0 0 0 0 0 0 0 0 0 0 0 0 0 0 0 0 0 0 0 0 0 0 0 0 0 0 0 0 0 0 0 0 0 0 0 0 0 0 0 0 0 0 0 0 0 0 0 0 0 0 0 0 0 0 0 0 0 0 0 0 0 0 0 0 0 0 0 0 0 0 0 0 0 0 0 0 0 0 0 0 0 0 0 0 0 0 0 0 0 0 0 0 0 0 0 0 0 0 0 0 0 0 0 0 0 0 0 0 0 0 0 0 0 0 0 0 0 0 0 0 0 0 0 0 0 0 0 0 0 0 0 0 0 0 0 0 0 0 0 0 0 0 0 0 0 0 0 0 0 0 0 0 0 0 0 0 0 0 0 0 0 0 0 0 0 0 0 0 0 0 0 0 0 0 0 0 0 0 0 0 0 0 0 0 0 0 0 0 0 0 0 0 0 0 0 0 0 0 0 0 0 0 0 0 0 0 0 0 0 0 0 0 0 0 0 0 0 0 0 0 0 0 0 0 0 0 0 0 0 0 0 0 0 0 0 0 0 0 0 0 0 0 0 0 0 0 0 0 0 0 0 0 0 0 0 0 0 0 0 0 0 0 0 0 0 0 0 0 0 0 0 0 0 0 0 0 0 0 0 0 0 0 0 0 0 0 0 0 0 0 0 0 0 0 0 0 0 0 0 0 0 0 0 0 0 0 0 0 0 0 0 0 0 0 0 0 0 0 0 0 0 0 0 0 0 0 0 0 0 0 0 0 0 0 0 0 0 0 0 0 0 0 0 0 0 0 0 0 0 0 0 0 0 0 0 0 0 0 0 0 0 0 0 0 0 0 0 0 0 0 0 0 0 0 0 0 0 0 0 0 0 0 0 0 0 0 0 0 0 0 0 0 0 0 0 0 0 0 0 0 0 0 0 0 0 0 0 0 0 0 0 0 0 0 0 0 0 0 0 0 0 0 0 0 0 0 0 0 0 0 0 0 0 0 0 0 0 0 0 0 0 0 0 0
ctxt 14714363
btime 1613124388
processes 364421
procs_running 1
procs_blocked 0
softirq 75448245 1 43913648 668 2730834 0 0 262095 1982260 0 26558739
