cpu  8242382 4 10724 6668016 416 0 1199 0 0 0
cpu0 228782 1 427 185057 0 0 202 0 0 0
cpu1 228900 0 381 185194 1 0 22 0 0 0
cpu2 229255 0 494 184655 79 0 20 0 0 0
cpu3 228912 0 240 185353 1 0 15 0 0 0
cpu4 228865 0 250 185406 0 0 7 0 0 0
cpu5 228904 0 182 185441 0 0 4 0 0 0
cpu6 228938 0 288 185200 72 0 24 0 0 0
cpu7 228946 0 290 185258 3 0 17 0 0 0
cpu8 228964 0 296 185247 6 0 9 0 0 0
cpu9 228998 0 253 185268 1 0 8 0 0 0
cpu10 228872 0 320 185320 5 0 12 0 0 0
cpu11 228946 0 247 185312 2 0 13 0 0 0
cpu12 228140 0 958 185266 4 0 147 0 0 0
cpu13 228888 0 319 185282 1 0 22 0 0 0
cpu14 229143 0 449 184892 8 0 34 0 0 0
cpu15 228976 0 264 185281 2 0 4 0 0 0
cpu16 229159 0 373 184965 0 0 29 0 0 0
cpu17 228939 0 202 185346 22 0 4 0 0 0
cpu18 228876 0 233 185391 13 0 9 0 0 0
cpu19 229194 0 206 185113 9 0 6 0 0 0
cpu20 228968 0 297 185199 45 0 5 0 0 0
cpu21 229050 0 132 185326 10 0 2 0 0 0
cpu22 229018 0 194 185255 50 0 3 0 0 0
cpu23 228979 0 203 185333 4 0 2 0 0 0
cpu24 229082 0 138 185300 1 0 2 0 0 0
cpu25 228966 0 210 185338 1 0 2 0 0 0
cpu26 228791 0 443 185230 13 0 46 0 0 0
cpu27 228988 0 162 185362 4 0 3 0 0 0
cpu28 228940 0 207 185363 4 0 7 0 0 0
cpu29 228256 0 569 185264 2 0 421 0 0 0
cpu30 229091 0 201 185222 3 0 2 0 0 0
cpu31 228889 0 378 185187 14 0 54 0 0 0
cpu32 229044 0 182 185297 1 0 2 0 0 0
cpu33 229380 0 204 184927 2 0 2 0 0 0
cpu34 228893 0 296 185292 8 0 22 0 0 0
cpu35 229436 0 223 184855 7 0 1 0 0 0
intr 23040812 56 0 0 0 611 0 0 0 1 0 250 0 0 0 0 0 0 0 0 0 0 0 0 0 0 0 0 0 0 0 0 93 163 59 9804 102 3011 50 3146 299 305 149 299 129 604 267 357 342 141 500 2537 551 3404 859 1775 304 0 0 0 0 68 87 354 207 354 883 166 956 85 106 382 613 0 0 16 11201 1630 0 7194 435 643 167 1273 660 267 601 986 287 547 1353 26377 8546 1167 468 876 214 866 488 468 226 505 204 111 487 2234 499 1425 60792 89 345 251 173 4346 1753 0 16 7589 1 0 0 0 0 0 0 0 0 0 0 0 0 0 0 0 0 0 0 0 0 0 0 0 0 0 0 0 0 0 0 0 0 0 0 0 0 0 25 0 0 0 0 0 0 0 0 0 0 0 0 0 0 0 0 0 0 0 0 0 0 0 0 0 0 0 0 0 0 0 0 0 0 0 0 0 0 0 0 0 0 0 0 0 0 0 0 0 0 0 0 0 0 0 0 0 0 0 0 0 0 0 0 0 0 0 0 0 0 0 0 0 0 0 0 0 0 0 0 0 0 0 0 0 0 0 0 0 0 0 0 0 0 0 0 0 0 0 0 0 0 0 0 0 0 0 0 0 0 0 0 0 0 0 0 0 0 0 0 0 0 0 0 0 0 0 0 0 0 0 0 0 0 0 0 0 0 0 0 0 0 0 0 0 0 0 0 0 0 0 0 0 0 0 0 0 0 0 0 0 0 0 0 0 0 0 0 0 0 0 0 0 0 0 0 0 0 0 0 0 0 0 0 0 0 0 0 0 0 0 0 0 0 0 0 0 0 0 0 0 0 0 0 0 0 0 0 0 0 0 0 0 0 0 0 0 0 0 0 0 0 0 0 0 0 0 0 0 0 0 0 0 0 0 0 0 0 0 0 0 0 0 0 0 0 0 0 0 0 0 0 0 0 0 0 0 0 0 0 0 0 0 0 0 0 0 0 0 0 0 0 0 0 0 0 0 0 0 0 0 0 0 0 0 0 0 0 0 0 0 0 0 0 0 0 0 0 0 0 0 0 0 0 0 0 0 0 0 0 0 0 0 0 0 0 0 0 0 0 0 0 0 0 0 0 0 0 0 0 0 0 0 0 0 0 0 0 0 0 0 0 0 0 0 0 0 0 0 0 0 0 0 0 0 0 0 0 0 0 0 0 0 0 0 0 0 0 0 0 0 0 0 0 0 0 0 0 0 0 0 0 0 0 0 0 0 0 0 0 0 0 0 0 0 0 0 0 0 0 0 0 0 0 0 0 0 0 0 0 0 0 0 0 0 0 0 0 0 0 0 0 0 0 0 0 0 0 0 0 0 0 0 0 0 0 0 0 0 0 0 0 0 0 0 0 0 0 0 0 0 0 0 0 0 0 0 0 0 0 0 0 0 0 0 0 0 0 0 0 0 0 0 0 0 0 0 0 0 0 0 0 0 0 0 0 0 0 0 0 0 0 0 0 0 0 0 0 0 0 0 0 0 0 0 0 0 0 0 0 0 0 0 0 0 0 0 0 0 0 0 0 0 0 0 0 0 0 0 0 0 0 0 0 0 0 0 0 0 0 0 0 0 0 0 0 0 0 0 0 0 0 0 0 0 0 0 0 0 0 0 0 0 0 0 0 0 0 0 0 0 0 0 0 0 0 0 0 0 0 0 0 0 0 0 0 0 0 0 0 0 0 0 0 0 0 0 0 0 0 0 0 0 0 0 0 0 0 0 0 0 0 0 0 0 0 0 0 0 0 0 0 0 0 0 0 0 0 0 0 0 0 0 0 0 0 0 0 0 0 0 0 0 0 0 0 0 0 0 0 0 0 0 0 0 0 0 0 0 0 0 0 0 0 0 0 0 0 0 0 0 0 0 0 0 0 0 0 0 0 0 0 0 0 0 0 0 0 0 0 0 0 0 0 0 0 0 0 0 0 0 0 0 0 0 0 0 0 0 0 0 0 0 0 0 0 0 0 0 0 0 0 0 0 0 0 0 0 0 0 0 0 0 0 0 0 0 0 0 0 0 0 0 0 0 0 0 0 0 0 0 0 0 0 0 0 0 0 0 0 0 0 0 0 0 0 0 0 0 0 0 0 0 0 0 0 0 0 0 0 0 0 0 0 0 0 0 0 0 0 0 0 0 0 0 0 0 0 0 0 0 0 0 0 0 0 0 0 0 0 0 0 0 0 0 0 0 0 0 0 0 0 0 0 0 0 0 0 0 0 0 0 0 0 0 0 0 0 0 0 0 0 0 0 0 0 0 0 0 0 0 0 0 0 0 0 0 0 0 0 0 0 0 0 0 0 0 0 0 0 0 0 0 0 0 0 0 0 0 0 0 0 0 0 0 0 0 0 0 0 0 0 0 0 0 0 0 0 0 0 0 0 0 0 0 0 0 0 0 0 0 0 0 0 0 0 0 0 0 0 0 0 0 0 0 0 0 0 0 0 0 0 0 0 0 0 0 0 0 0 0 0 0 0 0 0 0 0 0 0 0 0 0 0 0 0 0 0 0 0 0 0 0 0 0 0 0 0 0 0 0 0 0 0 0 0 0 0 0 0 0 0 0 0 0 0 0 0 0 0 0 0 0 0 0 0 0 0 0 0 0 0 0 0 0 0 0 0 0 0 0 0 0 0 0 0 0 0 0 0 0 0 0 0 0 0 0 0 0 0 0 0 0 0 0 0 0 0 0 0 0 0 0 0 0 0 0 0 0 0 0 0 0 0 0 0 0 0 0 0 0 0 0 0 0 0 0 0 0 0 0 0 0 0 0 0 0 0 0 0 0 0 0 0 0 0 0 0 0 0 0 0 0 0 0 0 0 0 0 0
ctxt 6519620
btime 1613124388
processes 161527
procs_running 1
procs_blocked 0
softirq 30101026 1 17437376 378 1204525 0 0 125214 856902 0 10476630
