cpu  24766212 8 48494 4181580 179 0 4376 0 0 0
cpu0 385686 0 2122 64999 0 0 270 0 0 0
cpu1 386980 0 676 65409 9 0 96 0 0 0
cpu2 386288 0 1423 65330 1 0 110 0 0 0
cpu3 386367 0 1101 65522 4 0 155 0 0 0
cpu4 387000 0 1350 64620 8 0 102 0 0 0
cpu5 387297 0 320 65508 4 0 21 0 0 0
cpu6 386498 0 1059 65444 1 0 143 0 0 0
cpu7 386806 0 827 65406 2 0 110 0 0 0
cpu8 386356 0 1303 65426 0 0 60 0 0 0
cpu9 387351 0 309 65455 3 0 35 0 0 0
cpu10 386667 0 1024 65363 3 0 82 0 0 0
cpu11 387411 0 238 65486 2 0 10 0 0 0
cpu12 386235 0 1430 65412 1 0 71 0 0 0
cpu13 387346 0 380 65370 1 0 41 0 0 0
cpu14 386420 0 1306 65337 0 0 88 0 0 0
cpu15 387208 0 597 65239 2 0 90 0 0 0
cpu16 385446 0 2047 65455 0 0 194 0 0 0
cpu17 387124 0 496 65315 1 0 194 0 0 0
cpu18 385872 0 1816 65295 0 0 166 0 0 0
cpu19 387267 0 416 65405 1 0 51 0 0 0
cpu20 386452 0 1164 65325 48 0 112 0 0 0
cpu21 387372 0 313 65437 11 0 16 0 0 0
cpu22 386462 0 1108 65459 1 0 116 0 0 0
cpu23 387317 0 311 65487 8 0 25 0 0 0
cpu24 386936 0 838 65329 1 0 35 0 0 0
cpu25 387363 0 246 65531 1 0 10 0 0 0
cpu26 386366 0 1217 65405 0 0 146 0 0 0
cpu27 387196 0 409 65496 1 0 47 0 0 0
cpu28 386541 0 1058 65465 0 0 79 0 0 0
cpu29 387379 0 238 65511 2 0 16 0 0 0
cpu30 386260 0 1226 65445 0 0 204 0 0 0
cpu31 387237 0 353 65522 1 0 28 0 0 0
cpu32 386981 0 974 65137 1 0 39 0 0 0
cpu33 387120 0 466 65526 1 0 28 0 0 0
cpu34 386623 2 1004 65477 0 0 30 0 0 0
cpu35 387193 0 390 65530 0 0 29 0 0 0
cpu36 387583 0 704 64807 0 0 37 0 0 0
cpu37 387265 0 337 65517 5 0 16 0 0 0
cpu38 389144 0 678 63271 1 0 36 0 0 0
cpu39 386832 0 730 65492 1 0 86 0 0 0
cpu40 387830 0 778 64487 5 0 27 0 0 0
cpu41 387429 0 281 65398 1 0 18 0 0 0
cpu42 386520 0 1121 65343 0 0 154 0 0 0
cpu43 387488 0 182 65459 0 0 10 0 0 0
cpu44 386925 0 1019 65172 0 0 23 0 0 0
cpu45 387421 0 286 65406 0 0 22 0 0 0
cpu46 386339 0 1595 65045 0 0 149 0 0 0
cpu47 387543 0 274 65293 2 0 18 0 0 0
cpu48 386320 0 1454 65261 0 0 100 0 0 0
cpu49 387354 0 463 65294 2 0 19 0 0 0
cpu50 386568 0 998 65488 0 0 79 0 0 0
cpu51 387459 0 255 65410 2 0 11 0 0 0
cpu52 387194 0 427 65475 0 0 41 0 0 0
cpu53 387408 0 264 65446 3 0 16 0 0 0
cpu54 387008 0 582 65489 1 0 49 0 0 0
cpu55 387282 0 339 65490 0 0 22 0 0 0
cpu56 387102 0 666 65348 0 0 14 0 0 0
cpu57 387438 0 186 65497 0 0 8 0 0 0
cpu58 387155 0 492 65449 0 0 35 0 0 0
cpu59 387055 1 487 65507 1 0 83 0 0 0
cpu60 387057 0 642 65391 0 0 22 0 0 0
cpu61 387413 0 198 65500 1 0 17 0 0 0
cpu62 386238 0 1195 65503 0 0 187 0 0 0
cpu63 387396 0 282 65435 7 0 6 0 0 0
intr 68596625 83 0 0 0 639 0 0 0 1 0 282 0 0 0 0 0 0 0 0 0 0 0 0 0 0 0 0 0 0 0 0 0 0 0 0 0 0 0 1173 10626 1468 12799 304 7090 1253 8414 742 8711 617 1394 525 4732 248 3690 1213 54457 184 3932 7505 2072 1079 6916 1150 1177 489 3328 1866 607 789 3235 1427 9457 170 8833 118 7000 247 7882 287 2734 493 1188 845 1495 12 2176 669 8411 765 3136 2885 1865 3475 4656 1096 822 527 2749 773 1591 835 1989 0 0 0 0 0 0 0 0 0 0 0 0 0 0 0 0 0 31466 93 0 0 0 0 0 0 0 0 0 0 0 0 0 0 0 0 0 0 0 0 0 0 0 0 0 0 0 0 0 0 0 0 0 0 0 0 0 0 0 0 0 0 0 0 0 0 0 0 0 0 0 0 0 0 0 0 0 0 0 0 0 0 0 0 0 0 0 0 0 0 0 0 0 0 0 15 0 0 0 0 0 0 0 0 0 0 0 0 0 0 0 0 0 0 0 0 0 0 0 0 0 0 0 0 0 0 0 0 0 0 0 0 0 0 0 0 0 0 0 0 0 0 0 0 0 0 0 0 0 0 0 0 0 0 0 0 0 0 0 0 0 0 0 0 0 0 0 0 0 0 0 0 0 0 0 0 0 0 0 0 0 0 0 0 0 0 0 0 0 0 0 0 0 0 0 0 0 0 0 0 0 0 0 0 0 0 0 0 0 0 0 0 0 0 0 0 0 0 0 0 0 0 0 0 0 0 0 0 0 0 0 0 0 0 0 0 0 0 0 0 0 0 0 0 0 0 0 0 0 0 0 0 0 0 0 0 0 0 0 0 0 0 0 0 0 0 0 0 0 0 0 0 0 0 0 0 0 0 0 0 0 0 0 0 0 0 0 0 0 0 0 0 0 0 0 0 0 0 0 0 0 0 0 0 0 0 0 0 0 0 0 0 0 0 0 0 0 0 0 0 0 0 0 0 0 0 0 0 0 0 0 0 0 0 0 0 0 0 0 0 0 0 0 0 0 0 0 0 0 0 0 0 0 0 0 0 0 0 0 0 0 0 0 0 0 0 0 0 0 0 0 0 0 0 0 0 0 0 0 0 0 0 0 0 0 0 0 0 0 0 0 0 0 0 0 0 0 0 0 0 0 0 0 0 0 0 0 0 0 0 0 0 0 0 0 0 0 0 0 0 0 0 0 0 0 0 0 0 0 0 0 0 0 0 0 0 0 0 0 0 0 0 0 0 0 0 0 0 0 0 0 0 0 0 0 0 0 0 0 0 0 0 0 0 0 0 0 0 0 0 0 0 0 0 0 0 0 0 0 0 0 0 0 0 0 0 0 0 0 0 0 0 0 0 0 0 0 0 0 0 0 0 0 0 0 0 0 0 0 0 0 0 0 0 0 0 0 0 0 0 0 0 0 0 0 0 0 0 0 0 0 0 0 0 0 0 0 0 0 0 0 0 0 0 0 0 0 0 0 0 0 0 0 0 0 0 0 0 0 0 0 0 0 0 0 0 0 0 0 0 0 0 0 0 0 0 0 0 0 0 0 0 0 0 0 0 0 0 0 0 0 0 0 0 0 0 0 0 0 0 0 0 0 0 0 0 0 0 0 0 0 0 0 0 0 0 0 0 0 0 0 0 0 0 0 0 0 0 0 0 0 0 0 0 0 0 0 0 0 0 0 0 0 0 0 0 0 0 0 0 0 0 0 0 0 0 0 0 0 0 0 0 0 0 0 0 0 0 0 0 0 0 0 0 0 0 0 0 0 0 0 0 0 0 0 0 0 0 0 0 0 0 0 0 0 0 0 0 0 0 0 0 0 0 0 0 0 0 0 0 0 0 0 0 0 0 0 0 0 0 0 0 0 0 0 0 0 0 0 0 0 0 0 0 0 0 0 0 0 0 0 0 0 0 0 0 0 0 0 0 0 0 0 0 0 0 0 0 0 0 0 0 0 0 0 0 0 0 0 0 0 0 0 0 0 0 0 0 0 0 0 0 0 0 0 0 0 0 0 0 0 0 0 0 0 0 0 0 0 0 0 0 0 0 0 0 0 0 0 0 0 0 0 0 0 0 0 0 0 0 0 0 0 0 0 0 0 0 0 0 0 0 0 0 0 0 0 0 0 0 0 0 0 0 0 0 0 0 0 0 0 0 0 0 0 0 0 0 0 0 0 0 0 0 0 0 0 0 0 0 0 0 0 0 0 0 0 0 0 0 0 0 0 0 0 0 0 0 0 0 0 0 0 0 0 0 0 0 0 0 0 0 0 0 0 0 0 0 0 0 0 0 0 0 0 0 0 0 0 0 0 0 0 0 0 0 0 0 0 0 0 0 0 0 0 0 0 0 0 0 0 0 0 0 0 0 0 0 0 0 0 0 0 0 0 0 0 0 0 0 0 0 0 0 0 0 0 0 0 0 0 0 0 0 0 0 0 0 0 0 0 0 0 0 0 0 0 0 0 0 0 0 0 0 0 0 0 0 0 0 0 0 0 0 0 0 0 0 0 0 0 0 0 0 0 0 0 0 0 0 0 0 0 0 0 0 0 0 0 0 0 0 0 0 0 0 0 0 0 0 0 0 0 0 0 0 0 0 0 0 0 0 0 0 0 0 0 0 0 0 0 0 0 0 0 0 0 0 0 0 0 0 0 0 0 0 0 0 0 0 0 0 0 0 0 0 0 0 0 0 0 0 0 0 0 0 0 0 0 0 0 0 0 0 0 0 0 0 0 0 0 0 0 0 0 0 0 0 0 0 0 0 0 0 0 0 0 0 0 0 0 0 0 0 0 0 0 0 0 0 0 0 0 0 0 0 0 0 0 0 0 0 0 0 0 0 0 0 0 0 0 0 0 0 0 0 0 0 0 0 0 0 0 0 0 0 0 0 0 0 0 0 0 0 0 0 0 0 0 0 0 0 0 0 0 0 0 0 0 0 0 0 0 0 0 0 0 0 0 0 0 0 0 0 0 0 0 0 0 0 0 0 0 0 0 0 0 0 0 0 0 0 0 0 0 0 0 0 0 0 0 0 0 0 0 0 0 0 0 0 0 0 0 0 0 0 0 0 0 0 0 0 0 0 0 0 0 0 0 0 0 0 0 0 0 0 0 0 0 0 0 0 0 0 0 0 0 0 0 0 0 0 0 0 0 0 0 0 0 0 0 0 0 0 0 0 0 0 0 0 0 0 0 0 0 0 0 0 0 0 0 0 0 0 0 0 0 0 0 0 0 0 0 0 0 0 0 0 0 0 0 0 0 0 0 0 0 0 0 0 0 0 0 0 0 0 0 0 0 0 0 0 0 0 0 0 0 0 0 0 0 0 0 0 0 0 0 0 0 0 0 0 0 0 0 0 0 0 0 0 0 0 0 0 0 0 0 0 0 0 0 0 0 0 0 0 0 0 0 0 0 0 0 0 0 0 0 0 0 0 0 0 0 0 0 0 0 0 0 0 0 0 0 0 0 0 0 0 0 0 0 0 0 0 0 0 0 0 0 0 0 0 0 0 0 0 0 0 0 0 0 0 0 0 0 0 0 0 0 0 0 0 0 0 0 0 0 0 0 0 0 0 0 0 0 0 0 0 0 0 0 0 0 0 0 0 0 0 0 0 0 0 0 0 0 0 0 0 0 0 0 0 0 0 0 0 0 0 0 0 0 0 0 0 0 0 0 0 0 0 0 0 0 0 0 0 0 0 0 0 0 0 0 0 0 0 0 0 0 0 0 0 0 0 0 0 0 0 0 0 0 0 0 0 0 0 0 0 0 0 0 0 0 0 0 0 0 0 0 0 0 0 0 0 0 0 0 0 0 0 0 0 0 0 0 0 0 0 0 0 0 0 0 0 0 0 0 0 0 0 0 0 0 0 0 0 0 0 0 0 0 0 0 0 0 0 0 0 0 0 0 0 0 0 0 0 0 0 0 0 0 0 0 0 0 0 0 0 0 0 0 0 0 0 0 0 0 0 0 0 0 0 0 0 0 0 0 0 0 0 0 0 0 0 0 0 0 0 0 0 0 0 0 0 0 0 0 0 0 0 0 0 0 0 0 0 0 0 0 0 0 0 0 0 0 0 0 0 0 0 0 0 0 0 0 0 0 0 0 0 0 0 0 0 0 0 0 0 0 0 0 0 0 0 0 0 0 0 0 0 0 0 0 0 0 0 0 0 0 0 0 0 0 0 0 0 0 0 0 0 0 0 0 0 0 0 0 0 0 0 0 0 0 0 0 0 0 0 0 0 0 0 0 0 0 0 0 0 0 0 0 0 0 0 0 0 0 0 0 0 0 0 0 0 0 0 0 0 0 0 0 0 0 0 0 0 0 0 0 0 0 0 0 0 0 0 0 0 0 0 0 0 0 0 0 0 0 0 0 0 0 0 0 0 0 0 0 0 0 0 0 0 0 0 0 0 0 0 0 0 0 0 0 0 0 0 0 0 0 0 0 0 0 0 0 0 0 0 0 0 0 0 0 0 0 0 0 0 0 0 0 0 0 0 0 0 0 0 0 0 0 0 0 0 0 0 0 0 0 0 0 0 0 0 0 0 0 0 0 0 0 0 0 0 0 0 0 0 0 0 0 0 0 0 0 0 0 0 0 0 0 0 0 0 0 0 0 0 0 0 0 0 0 0 0 0 0 0 0 0 0 0 0 0 0 0 0 0 0 0 0 0 0 0 0 0 0 0 0 0 0 0 0 0 0 0 0 0 0 0 0 0 0 0 0 0 0 0 0 0 0 0 0 0 0 0 0 0 0 0 0 0 0 0 0 0 0 0 0 0 0 0 0 0 0 0 0 0 0 0 0 0 0 0 0 0 0 0 0 0 0 0 0 0 0 0 0 0 0 0 0 0 0 0 0 0 0 0 0 0 0 0 0 0 0 0 0 0 0 0 0 0 0 0 0 0 0 0 0 0 0 0 0 0 0 0 0 0 0 0 0 0 0 0 0 0 0 0 0 0 0 0 0 0 0 0 0 0 0 0 0 0 0 0 0 0 0 0 0 0 0 0 0 0 0 0 0 0 0 0 0 0 0 0 0 0 0 0 0 0 0 0 0 0 0 0 0 0 0 0 0 0 0 0 0 0 0 0 0 0 0 0 0 0 0 0 0 0 0 0 0 0 0 0 0 0 0 0 0 0 0 0 0 0 0 0 0 0 0 0 0 0 0 0 0
ctxt 7864384
btime 1613123985
processes 166264
procs_running 1
procs_blocked 0
softirq 77007806 1 44542259 1181 1373665 0 0 146 2363711 0 28726843
