cpu  7581842 5 12579 10864544 671 0 393 0 0 0
cpu0 59211 0 626 84174 0 0 116 0 0 0
cpu1 59312 0 214 84701 7 0 4 0 0 0
cpu2 59232 0 67 84954 0 0 0 0 0 0
cpu3 59102 0 134 84988 1 0 10 0 0 0
cpu4 59243 0 61 84936 0 0 0 0 0 0
cpu5 59296 0 143 84792 0 0 2 0 0 0
cpu6 58833 0 108 85287 0 0 2 0 0 0
cpu7 59212 0 82 84947 0 0 0 0 0 0
cpu8 59178 0 48 85016 0 0 0 0 0 0
cpu9 59265 0 200 84755 0 0 5 0 0 0
cpu10 59022 0 89 85131 0 0 0 0 0 0
cpu11 59141 0 140 84947 0 0 12 0 0 0
cpu12 59254 0 61 84916 0 0 0 0 0 0
cpu13 59402 0 236 84594 1 0 0 0 0 0
cpu14 59221 0 88 84920 0 0 3 0 0 0
cpu15 59189 0 115 84930 0 0 4 0 0 0
cpu16 59250 0 79 84909 0 0 0 0 0 0
cpu17 59234 1 212 84780 0 0 2 0 0 0
cpu18 59183 0 106 84944 0 0 5 0 0 0
cpu19 59076 0 140 85011 0 0 13 0 0 0
cpu20 59244 0 64 84927 0 0 0 0 0 0
cpu21 59642 0 186 84404 0 0 1 0 0 0
cpu22 59231 0 56 84952 0 0 0 0 0 0
cpu23 59036 0 126 85004 0 0 29 0 0 0
cpu24 59265 0 65 84906 0 0 0 0 0 0
cpu25 59703 0 136 84396 0 0 0 0 0 0
cpu26 59238 0 52 84952 0 0 0 0 0 0
cpu27 59145 0 136 84948 0 0 3 0 0 0
cpu28 59225 0 59 84950 0 0 0 0 0 0
cpu29 59302 0 100 84827 0 0 0 0 0 0
cpu30 59252 0 66 84918 0 0 0 0 0 0
cpu31 59031 0 240 84929 0 0 31 0 0 0
cpu32 59272 0 88 84900 0 0 0 0 0 0
cpu33 59240 0 82 84905 2 0 0 0 0 0
cpu34 59186 0 80 84966 0 0 1 0 0 0
cpu35 59214 0 73 84948 0 0 1 0 0 0
cpu36 59154 0 62 85015 0 0 0 0 0 0
cpu37 59772 0 220 84167 66 0 0 0 0 0
cpu38 59072 0 115 85029 0 0 3 0 0 0
cpu39 59206 0 84 84937 0 0 2 0 0 0
cpu40 58997 0 106 85122 0 0 1 0 0 0
cpu41 59361 0 94 84740 30 0 0 0 0 0
cpu42 59215 0 67 84947 0 0 1 0 0 0
cpu43 59210 0 82 84933 0 0 2 0 0 0
cpu44 59169 0 64 84995 1 0 1 0 0 0
cpu45 59447 0 106 84557 112 0 0 0 0 0
cpu46 59231 0 58 84942 0 0 0 0 0 0
cpu47 59168 0 91 84963 0 0 5 0 0 0
cpu48 59125 0 100 84997 0 0 0 0 0 0
cpu49 59243 0 67 84922 0 0 1 0 0 0
cpu50 59062 0 97 85050 0 0 4 0 0 0
cpu51 59225 0 60 84941 0 0 2 0 0 0
cpu52 59213 0 82 84931 0 0 0 0 0 0
cpu53 59233 0 104 84781 91 0 0 0 0 0
cpu54 59236 0 57 84931 0 0 0 0 0 0
cpu55 59223 0 66 84936 1 0 2 0 0 0
cpu56 59072 0 85 85061 0 0 2 0 0 0
cpu57 59429 0 81 84713 1 0 0 0 0 0
cpu58 59226 0 80 84922 0 0 1 0 0 0
cpu59 59226 0 70 84926 0 0 1 0 0 0
cpu60 59116 0 80 85019 0 0 0 0 0 0
cpu61 59344 0 82 84784 5 0 0 0 0 0
cpu62 59238 0 57 84925 0 0 0 0 0 0
cpu63 59079 0 193 84925 0 0 25 0 0 0
cpu64 59240 0 66 84710 185 0 0 0 0 0
cpu65 59292 0 105 84802 1 0 0 0 0 0
cpu66 59225 0 61 84930 1 0 0 0 0 0
cpu67 59047 0 157 85002 0 0 12 0 0 0
cpu68 59241 0 62 84916 0 0 0 0 0 0
cpu69 59402 0 140 84631 32 0 0 0 0 0
cpu70 59197 0 62 84958 0 0 0 0 0 0
cpu71 59213 0 74 84922 0 0 3 0 0 0
cpu72 59251 0 71 84887 1 0 0 0 0 0
cpu73 59386 0 171 84646 3 0 0 0 0 0
cpu74 59184 0 73 84964 1 0 0 0 0 0
cpu75 59172 0 121 84896 0 0 4 0 0 0
cpu76 59243 0 52 84924 1 0 0 0 0 0
cpu77 59365 0 241 84591 14 0 0 0 0 0
cpu78 59178 0 65 84974 0 0 0 0 0 0
cpu79 59194 0 106 84899 0 0 2 0 0 0
cpu80 59243 0 54 84915 0 0 0 0 0 0
cpu81 59352 0 183 84647 28 0 1 0 0 0
cpu82 59146 0 122 84939 0 0 5 0 0 0
cpu83 59157 0 154 84898 1 0 7 0 0 0
cpu84 59252 0 76 84886 0 0 0 0 0 0
cpu85 59271 0 85 84857 1 0 0 0 0 0
cpu86 59240 0 57 84919 0 0 0 0 0 0
cpu87 59084 0 143 84965 1 0 8 0 0 0
cpu88 59260 0 55 84897 0 0 0 0 0 0
cpu89 59275 2 78 84844 6 0 0 0 0 0
cpu90 59239 0 58 84915 0 0 0 0 0 0
cpu91 59125 0 160 84917 0 0 9 0 0 0
cpu92 59229 0 60 84910 0 0 4 0 0 0
cpu93 59288 0 72 84848 1 0 0 0 0 0
cpu94 59238 0 57 84916 0 0 0 0 0 0
cpu95 59224 0 78 84907 0 0 1 0 0 0
cpu96 59243 0 70 84883 6 0 0 0 0 0
cpu97 59356 0 96 84752 1 0 0 0 0 0
cpu98 59240 0 53 84915 0 0 0 0 0 0
cpu99 59234 0 65 84910 0 0 0 0 0 0
cpu100 59190 0 71 84930 12 0 0 0 0 0
cpu101 59238 0 70 84891 1 0 0 0 0 0
cpu102 59229 0 68 84911 1 0 0 0 0 0
cpu103 59208 0 88 84913 0 0 0 0 0 0
cpu104 59146 0 104 84951 0 0 1 0 0 0
cpu105 59257 0 106 84838 0 0 0 0 0 0
cpu106 59236 0 58 84912 0 0 0 0 0 0
cpu107 59228 0 67 84913 0 0 0 0 0 0
cpu108 59145 0 78 84973 1 0 2 0 0 0
cpu109 59562 0 89 84548 0 0 0 0 0 0
cpu110 59238 0 58 84910 0 0 0 0 0 0
cpu111 59252 0 76 84874 0 0 0 0 0 0
cpu112 59235 0 60 84903 0 0 0 0 0 0
cpu113 59315 0 96 84778 3 0 0 0 0 0
cpu114 59228 0 63 84913 0 0 0 0 0 0
cpu115 59230 0 57 84915 0 0 0 0 0 0
cpu116 59225 0 77 84886 0 0 0 0 0 0
cpu117 59236 0 58 84896 4 0 0 0 0 0
cpu118 59237 0 56 84905 0 0 0 0 0 0
cpu119 59224 0 68 84909 0 0 1 0 0 0
cpu120 59231 0 69 84893 0 0 0 0 0 0
cpu121 59307 0 74 84814 4 0 0 0 0 0
cpu122 59207 0 84 84909 0 0 0 0 0 0
cpu123 59226 0 63 84905 0 0 0 0 0 0
cpu124 59234 0 59 84904 0 0 0 0 0 0
cpu125 59354 0 99 84742 0 0 0 0 0 0
cpu126 59239 0 54 84902 0 0 0 0 0 0
cpu127 59231 0 90 84872 0 0 0 0 0 0
intr 22884091 129 0 0 0 680 0 0 0 1 0 285 0 0 0 0 0 0 0 0 0 0 0 0 0 0 0 0 0 0 0 0 0 0 0 0 260 0 5 199 670 1218 4 1808 75 425 0 5046 449 2962 0 3 4822 1813 0 2 1511 1889 25 3 3 38291 0 0 328 1758 30 0 0 1507 2 1 74 1960 7 3 1549 818 2 285 0 672 2 5 0 383 0 438 83 970 0 341 0 598 4 0 1036 552 143 46 2 1741 0 0 0 3553 0 6 0 1312 0 0 0 1127 0 0 0 2309 0 0 2723 3372 0 2 0 1268 0 0 0 9066 4360 1 0 657 51 0 0 480 0 0 0 483 0 24 0 431 0 11 0 386 2 2 0 671 0 72 0 0 0 0 0 0 0 0 0 0 0 161 3603 3 385 63 107 29 16 104 13 0 236 26 9 1 7 7 318 338 5 146 3 1 7 79 276 3410 192 641 664 102 1112 73 78 0 0 0 0 0 0 0 0 0 0 0 0 0 0 0 0 10001 2158 4868 104 3297 156 141 127 145 31 51 246 127 141 73 29 4 32 13 0 1 0 0 0 0 5 2 119 3 2 3 0 10 4 1 0 2 0 0 269 0 74 59 78 120 61 30 0 0 0 1 0 28 2 15 0 5 3 9 18 2 0 4 0 0 0 0 0 0 0 0 0 0 0 0 0 0 0 0 0 0 0 0 0 0 0 0 0 0 0 0 0 0 0 0 0 0 0 0 0 0 0 0 0 0 0 0 0 0 0 0 0 0 0 0 0 0 0 0 0 0 0 0 0 0 0 0 0 0 0 0 0 0 0 0 0 0 0 0 0 0 0 0 0 0 0 0 0 0 0 0 0 0 0 0 0 0 0 0 0 0 0 0 0 0 0 0 0 0 0 0 0 0 0 0 0 0 0 0 0 0 0 0 0 0 0 0 0 0 0 0 0 0 0 0 0 0 0 0 0 0 0 0 0 0 0 0 0 0 0 0 0 0 0 0 0 0 0 0 0 0 0 0 0 0 0 0 0 0 0 0 0 0 0 0 0 0 0 0 0 0 0 0 0 0 0 0 0 0 0 0 0 0 0 0 0 0 0 0 0 0 0 0 0 0 0 0 0 0 0 0 0 0 0 0 0 0 0 0 0 0 0 0 0 0 0 0 0 0 0 0 0 0 0 0 0 0 0 0 0 0 0 0 0 0 0 0 0 0 0 0 0 0 0 0 0 0 0 0 0 0 0 0 0 0 0 0 0 0 0 0 0 0 0 0 0 0 0 0 0 0 0 0 0 0 0 0 0 0 0 0 0 0 0 0 0 0 0 0 0 0 0 0 0 0 0 0 0 0 0 0 0 0 0 0 0 0 0 0 0 0 0 0 0 0 0 0 0 0 0 0 0 0 0 0 0 0 0 0 0 0 0 0 0 0 0 0 0 0 0 0 0 0 0 0 0 0 0 0 0 0 0 0 0 0 0 0 0 0 0 0 0 0 0 0 0 0 0 0 0 0 0 0 0 0 0 0 0 0 0 0 0 0 0 0 0 0 0 0 0 0 0 0 0 0 0 0 0 0 0 0 0 0 0 0 0 0 0 0 0 0 0 0 0 0 0 0 0 49 0 0 0 3 0 0 0 0 0 0 0 0 0 0 0 0 0 0 0 0 0 0 0 0 0 49 0 0 0 0 0 0 0 0 0 0 0 0 0 0 0 0 0 0 0 0 0 0 0 0 0 0 0 0 0 0 0 0 0 0 0 0 0 0 0 0 0 0 0 0 0 0 0 0 0 0 0 0 0 0 0 0 0 0 0 0 0 0 0 0 0 22 0 0 0 0 0 0 0 0 0 0 0 0 0 0 0 0 0 0 0 0 0 0 0 0 0 0 0 0 0 0 0 0 0 0 0 0 0 0 0 0 0 0 0 0 0 0 0 0 0 0 0 0 0 0 0 0 0 0 0 0 0 0 0 0 0 0 0 0 0 0 0 0 0 0 0 0 0 0 0 0 0 0 0 0 0 0 0 0 0 0 0 0 0 0 0 0 0 0 0 0 0 0 0 0 0 0 0 0 0 0 0 0 0 0 0 0 0 0 0 0 0 0 0 0 0 0 0 0 0 0 0 0 0 0 0 0 0 0 0 0 0 0 0 0 0 0 0 0 0 0 0 0 0 0 0 0 0 0 0 0 0 0 0 0 0 0 0 0 0 0 0 0 0 0 0 0 0 0 0 0 0 0 0 0 0 0 0 0 0 0 0 0 0 0 0 0 0 0 0 0 0 0 0 0 0 0 0 0 0 0 0 0 0 0 0 0 0 0 0 0 0 0 0 0 0 0 0 0 0 0 0 0 0 0 0 0 0 0 0 0 0 0 0 0 0 0 0 0 0 0 0 0 0 0 0 0 0 0 0 0 0 0 0 0 0 0 0 0 0 0 0 0 0 0 0 0 0 0 0 0 0 0 0 0 0 0 0 0 0 0 0 0 0 0 0 0 0 0 0 0 0 0 0 0 0 0 0 0 0 0 0 0 0 0 0 0 0 0 0 0 0 0 0 0 0 0 0 0 0 0 0 0 0 0 0 0 0 0 0 0 0 0 0 0 0 0 0 0 0 0 0 0 0 0 0 0 0 0 0 0 0 0 0 0 0 0 0 0 0 0 0 0 0 0 0 0 0 0 0 0 0 0 0 0 0 0 0 0 0 0 0 0 0 0 0 0 0 0 0 0 0 0 0 0 0 0 0 0 0 0 0 0 0 0 0 0 0 0 0 0 0 0 0 0 0 0 0 0 0 0 0 0 0 0 0 0 0 0 0 0 0 0 0 0 0 0 0 0 0 0 0 0 0 0 0 0 0 0 0 0 0 0 0 0 0 0 0 0 0 0 0 0 0 0 0 0 0 0 0 0 0 0 0 0 0 0 0 0 0 0 0 0 0 0 0 0 0 0 0 0 0 0 0 0 0 0 0 0 0 0 0 0 0 0 0 0 0 0 0 0 0 0 0 0 0 0 0 0 0 0 0 0 0 0 0 0 0 0 0 0 0 0 0 0 0 0 0 0 0 0 0 0 0 0 0 0 0 0 0 0 0 0 0 0 0 0 0 0 0 0 0 0 0 0 0 0 0 0 0 0 0 0 0 0 0 0 0 0 0 0 0 0 0 0 0 0 0 0 0 0 0 0 0 0 0 0 0 0 0 0 0 0 0 0 0 0 0 0 0 0 0 0 0 0 0 0 0 0 0 0 0 0 0 0 0 0 0 0 0 0 0 0 0 0 0 0 0 0 0 0 0 0 0 0 0 0 0 0 0 0 0 0 0 0 0 0 0 0 0 0 0 0 0 0 0 0 0 0 0 0 0 0 0 0 0 0 0 0 0 0 0 0 0 0 0 0 0 0 0 0 0 0 0 0 0 0 0 0 0 0 0 0 0 0 0 0 0 0 0 0 0 0 0 0 0 0 0 0 0 0 0 0 0 0 0 0 0 0 0 0 0 0 0 0 0 0 0 0 0 0 0 0 0 0 0 0 0 0 0 0 0 0 0 0 0 0 0 0 0 0 0 0 0 0 0 0 0 0 0 0 0 0 0 0 0 0 0 0 0 0 0 0 0 0 0 0 0 0 0 0 0 0 0 0 0 0 0 0 0 0 0 0 0 0 0 0 0 0 0 0 0 0 0 0 0 0 0 0 0 0 0 0 0 0 0 0 0 0 0 0 0 0 0 0 0 0 0 0 0 0 0 0 0 0 0 0 0 0 0 0 0 0 0 0 0 0 0 0 0 0 0 0 0 0 0 0 0 0 0 0 0 0 0 0 0 0 0 0 0 0 0 0 0 0 0 0 0 0 0 0 0 0 0 0 0 0 0 0 0 0 0 0 0 0 0 0 0 0 0 0 0 0 0 0 0 0 0 0 0 0 0 0 0 0 0 0 0 0 0 0 0 0 0 0 0 0 0 0 0 0 0 0 0 0 0 0 0 0 0 0 0 0 0 0 0 0 0 0 0 0 0 0 0 0 0 0 0 0 0 0 0 0 0 0 0 0 0 0 0 0 0 0 0 0 0 0 0 0 0 0 0 0 0 0 0 0 0 0 0 0 0 0 0 0 0 0 0 0 0 0 0 0 0 0 0 0 0 0 0 0 0 0 0 0 0 0 0 0 0 0 0 0 0 0 0 0 0 0 0 0 0 0 0 0 0 0 0 0 0 0 0 0 0 0 0 0 0 0 0 0 0 0 0 0 0 0 0 0 0 0 0 0 0 0 0 0 0 0 0 0 0 0 0 0 0 0 0 0 0 0 0 0 0 0 0 0 0 0 0 0 0 0 0 0 0 0 0 0 0 0 0 0 0 0 0 0 0 0 0 0 0 0 0 0 0 0 0 0 0 0 0 0 0 0 0 0 0 0 0 0 0 0 0 0 0 0 0 0 0 0 0 0 0 0 0 0 0 0 0 0 0 0 0 0 0 0 0 0 0 0 0 0 0 0 0 0 0 0 0 0 0 0 0 0 0 0 0 0 0 0 0 0 0 0 0 0 0 0 0 0 0 0 0 0 0 0 0 0 0 0 0 0 0 0 0 0 0 0 0 0 0 0 0 0 0 0 0 0 0 0 0 0 0 0 0 0 0 0 0 0 0 0 0 0 0 0 0 0 0 0 0 0 0 0 0 0 0 0 0 0 0 0 0 0 0 0 0 0 0 0 0 0 0 0 0 0 0 0 0 0 0 0 0 0 0 0 0 0 0 0 0 0 0 0 0 0 0 0 0 0 0 0 0 0 0 0 0 0 0 0 0 0 0 0 0 0 0 0 0 0 0 0 0 0 0 0 0 0 0 0 0 0 0 0 0 0 0 0 0 0 0 0 0 0 0 0 0 0 0 0 0 0 0 0 0 0 0 0 0 0 0 0 0 0 0 0 0 0 0 0 0 0 0 0 0 0 0 0 0 0 0 0 0 0 0 0 0 0 0 0 0 0 0 0 0 0 0 0 0 0 0 0 0 0 0 0 0 0 0 0 0 0 0 0 0 0 0 0 0 0 0 0 0 0 0 0 0 0 0 0 0 0 0 0 0 0 0 0 0 0 0 0 0 0 0 0 0 0 0 0 0 0 0 0 0 0 0 0 0 0 0 0 0 0 0 0 0 0 0 0 0 0 0 0 0 0 0 0 0 0 0 0 0 0 0 0 0 0 0 0 0 0 0 0 0 0 0 0 0 0 0 0 0 0 0 0 0 0 0 0 0 0 0 0 0 0 0 0 0 0 0 0 0 0 0 0 0 0 0 0 0 0 0 0 0 0 0 0 0 0 0 0 0 0 0 0 0 0 0 0 0 0 0 0 0 0 0 0 0 0 0 0 0 0 0 0 0 0 0 0 0 0 0 0 0 0 0 0 0 0 0 0 0 0 0 0 0 0 0 0 0 0 0 0 0 0 0 0 0 0 0 0 0 0 0 0 0 0 0 0 0 0 0 0 0 0 0 0 0 0 0 0 0 0 0 0 0 0 0 0 0 0 0 0 0 0 0 0 0 0 0 0 0 0 0 0 0 0 0 0 0 0 0 0 0 0 0 0 0 0 0 0 0 0 0 0 0 0 0 0 0 0 0 0 0 0 0 0 0 0 0 0 0 0 0 0 0 0 0 0 0 0 0 0 0 0 0 0 0 0 0 0 0 0 0 0 0 0 0 0 0 0 0 0 0 0 0 0 0 0 0 0 0 0 0 0 0 0 0 0 0 0 0 0 0 0 0 0 0 0 0 0 0 0 0 0 0 0 0 0 0 0 0 0 0 0 0 0 0 0 0 0 0 0 0 0 0 0 0 0 0 0 0 0 0 0 0 0 0 0 0 0 0 0 0 0 0 0 0 0 0 0 0 0 0 0 0 0 0 0 0 0 0 0 0 0 0 0 0 0 0 0 0 0 0 0 0 0 0 0 0 0 0 0 0 0 0 0 0 0 0 0 0 0 0 0 0 0 0 0 0 0 0 0 0 0 0 0 0 0 0 0 0 0 0 0 0 0 0 0 0 0 0 0 0 0 0 0 0 0 0 0 0 0 0 0 0 0 0 0 0 0 0 0 0 0 0 0 0 0 0 0 0 0 0 0 0 0 0 0 0 0 0 0 0 0 0 0 0 0 0 0 0 0 0 0 0 0 0 0 0 0 0 0 0 0 0 0 0 0 0 0 0 0 0 0 0 0 0 0 0 0 0 0 0 0 0 0 0 0 0 0 0 0 0 0 0 0 0 0 0 0 0 0 0 0 0 0 0 0 0 0 0 0 0 0 0 0 0 0 0 0 0 0 0 0 0 0 0 0 0 0 0 0 0 0 0 0 0 0 0 0 0 0 0 0 0 0 0 0 0 0 0 0 0 0 0 0 0 0 0 0 0 0 0 0 0 0 0 0 0 0 0 0 0 0 0 0 0 0 0 0 0 0 0 0 0 0 0 0 0 0 0 0 0 0 0 0 0 0 0 0 0 0 0 0 0 0 0 0 0 0 0 0 0 0 0 0 0 0 0 0 0 0 0 0 0 0 0 0 0 0 0 0 0 0 0 0 0 0 0 0 0 0 0 0 0 0 0 0 0 0 0 0 0 0 0 0 0 0 0 0 0 0 0 0 0 0 0 0 0 0 0 0 0 0 0 0 0 0 0 0 0 0 0 0 0 0 0 0 0 0 0 0 0 0 0 0 0 0 0 0 0 0 0 0 0 0 0 0 0 0 0 0 0 0 0 0 0 0 0 0 0 0 0 0 0 0 0 0 0 0 0 0 0 0 0 0 0 0 0 0 0 0 0 0 0 0 0 0 0 0 0 0 0 0 0 0 0 0 0 0 0 0 0 0 0 0 0 0 0 0 0 0 0 0 0 0 0 0 0 0 0 0 0 0 0 0 0 0 0 0 0 0 0 0 0 0 0 0 0 0 0 0 0 0 0 0 0 0 0 0 0 0 0 0 0 0 0 0 0 0 0 0 0 0 0 0 0 0 0 0 0 0 0 0 0 0 0 0 0 0 0 0 0 0 0 0 0 0 0 0 0 0 0 0 0 0 0 0 0 0 0 0 0 0 0 0 0 0 0 0 0 0 0 0 0 0 0 0 0 0 0 0 0 0 0 0 0 0 0 0 0 0 0 0 0 0 0 0 0 0 0 0 0 0 0 0 0 0 0 0 0 0 0 0 0 0 0 0 0 0 0 0 0 0 0 0 0 0 0 0 0 0 0 0 0 0 0 0 0 0 0 0 0 0 0 0 0 0 0 0 0 0 0 0 0 0 0 0 0 0 0 0 0 0 0 0 0 0 0 0 0 0 0 0 0 0 0 0 0 0 0 0 0 0 0 0 0 0 0 0 0 0 0 0 0 0 0 0 0 0 0 0 0 0 0 0 0 0 0 0 0 0 0 0 0 0 0 0 0 0 0 0 0 0 0 0 0 0 0 0 0 0 0 0 0 0 0 0 0 0 0 0 0 0 0 0 0 0 0 0 0 0 0 0 0 0 0 0 0 0 0 0 0 0 0 0 0 0 0 0 0 0 0 0 0 0 0 0 0 0 0 0 0 0 0 0 0 0 0 0 0 0 0 0 0 0 0 0 0 0 0 0 0 0 0 0 0 0 0 0 0 0 0 0 0 0 0 0 0 0 0 0 0 0 0 0 0 0 0 0 0 0 0 0 0 0 0 0 0 0 0 0 0 0 0 0 0 0 0 0 0 0 0 0 0 0 0 0 0 0 0 0 0 0 0 0 0 0 0 0 0 0 0 0 0 0 0 0 0 0 0 0 0 0 0 0 0 0 0 0 0 0 0 0 0 0 0 0 0 0 0 0 0 0 0 0 0 0 0 0 0 0 0 0 0 0 0 0 0 0 0 0 0 0 0 0 0 0 0 0 0 0 0 0 0 0 0 0 0 0 0 0 0 0 0 0 0 0 0 0 0 0 0 0 0 0 0 0 0 0 0 0 0 0 0 0 0 0 0 0 0 0 0 0 0 0 0 0 0 0 0 0 0 0 0 0 0 0 0 0 0 0 0 0 0 0 0 0 0 0 0 0 0 0 0 0 0 0 0 0 0 0 0 0 0 0 0 0 0 0 0 0 0 0 0 0 0 0 0 0 0 0 0 0 0 0 0 0 0 0 0 0 0 0 0 0 0 0 0 0 0 0 0 0 0 0 0 0 0 0 0 0 0 0 0 0 0 0 0 0 0 0 0 0 0 0 0 0 0 0 0 0 0 0 0 0 0 0 0 0 0 0 0 0 0 0 0 0 0 0 0 0 0 0 0 0 0 0 0 0 0 0 0 0 0 0 0 0 0 0 0 0 0 0 0 0 0 0 0 0 0 0 0 0 0 0 0 0 0 0 0 0 0 0 0 0 0 0 0 0 0 0 0 0 0 0 0 0 0 0 0 0 0 0 0 0 0 0 0 0 0 0 0 0 0 0 0 0 0 0 0 0 0 0 0 0 0 0 0 0 0 0 0 0 0 0 0 0 0 0 0 0 0 0 0 0 0 0 0 0 0 0 0 0 0 0 0 0 0 0 0 0 0 0 0 0 0 0 0 0 0 0 0 0 0 0 0 0 0 0 0 0 0 0 0 0 0 0 0 0 0 0 0 0 0 0 0 0 0 0 0 0 0 0 0 0 0 0 0 0 0 0 0 0 0 0 0 0 0 0 0 0 0 0 0 0 0 0 0 0 0 0 0 0 0 0 0 0 0 0 0 0 0 0 0 0 0 0 0 0 0 0 0 0 0 0 0 0 0 0 0 0 0 0 0 0 0 0 0 0 0 0 0 0 0 0 0 0 0 0 0 0 0 0 0 0 0 0 0 0 0 0 0 0 0 0 0 0 0 0 0 0 0 0 0 0 0 0 0 0 0 0 0 0 0 0 0 0 0 0 0 0 0 0 0 0 0 0 0 0 0 0 0 0 0 0 0 0 0 0 0 0 0 0 0 0 0 0 0 0 0 0 0 0 0 0 0 0 0 0 0 0 0 0 0 0 0 0 0 0 0 0 0 0 0 0 0 0 0 0 0 0 0 0 0 0 0 0 0 0 0 0 0 0 0 0 0 0 0 0 0 0 0 0 0 0 0 0 0 0 0 0 0 0 0 0 0 0 0 0 0 0 0 0 0 0 0 0 0 0 0 0 0 0 0 0 0 0 0 0 0 0 0 0 0 0 0 0 0 0 0 0 0 0 0 0 0 0 0 0 0 0 0 0 0 0 0 0 0 0 0 0 0 0 0 0 0 0 0 0 0 0 0 0 0 0 0 0 0 0 0 0 0 0 0 0 0 0 0 0 0 0 0 0 0 0 0 0 0 0 0 0 0 0 0 0 0 0 0 0 0 0 0 0 0 0 0 0 0 0 0 0 0 0 0 0 0 0 0 0 0 0 0 0 0 0 0 0 0 0 0 0 0 0 0 0 0 0 0 0 0 0 0 0 0 0 0 0 0 0 0 0 0 0 0 0 0 0 0 0 0 0 0 0 0 0 0 0 0 0 0 0 0 0 0 0 0 0 0 0 0 0 0 0 0 0 0 0 0 0 0 0 0 0 0 0 0 0 0 0 0 0 0 0 0 0 0 0 0 0 0 0 0 0 0 0 0 0 0 0 0 0 0 0 0 0 0 0 0 0 0 0 0 0 0 0 0 0 0 0 0 0 0 0 0 0 0 0 0 0 0 0 0 0 0 0 0 0 0 0 0 0 0 0 0 0 0 0 0 0 0 0 0 0 0 0 0 0 0 0 0 0 0 0 0 0 0 0 0 0 0 0 0 0 0 0 0 0 0 0 0 0 0 0 0 0 0 0 0 0 0 0 0 0 0 0 0 0 0 0 0 0 0 0 0 0 0 0 0 0 0 0 0 0 0 0 0 0 0 0 0 0 0 0 0 0 0 0 0 0 0 0 0 0 0 0 0 0 0 0 0 0 0 0 0 0 0 0 0 0 0 0 0 0 0 0 0 0 0 0 0 0 0 0 0 0 0 0 0 0 0
ctxt 2456604
btime 1613122782
processes 56968
procs_running 1
procs_blocked 0
softirq 24018378 1 13991787 796 484017 0 0 175 917396 0 8624206
