cpu  29292407 3 44130 7168847 459 0 4194 0 0 0
cpu0 812981 0 1671 199077 1 0 653 0 0 0
cpu1 813773 0 1251 199024 22 0 101 0 0 0
cpu2 813466 0 1358 199192 17 0 154 0 0 0
cpu3 813413 0 1384 199310 5 0 74 0 0 0
cpu4 812756 0 1800 199384 3 0 232 0 0 0
cpu5 813292 0 1396 199410 2 0 71 0 0 0
cpu6 813372 0 1291 199422 6 0 80 0 0 0
cpu7 813397 0 1430 199211 1 0 122 0 0 0
cpu8 813762 0 954 199402 1 0 44 0 0 0
cpu9 812976 0 2014 199026 1 0 155 0 0 0
cpu10 813192 0 1467 199404 6 0 85 0 0 0
cpu11 814144 0 1340 198573 1 0 99 0 0 0
cpu12 813179 0 1464 199415 38 0 50 0 0 0
cpu13 813894 0 1407 198803 4 0 56 0 0 0
cpu14 813225 0 1555 199260 88 0 44 0 0 0
cpu15 810992 0 2802 199218 49 0 1101 0 0 0
cpu16 813189 0 1652 199250 2 0 62 0 0 0
cpu17 813212 0 1611 199266 2 0 65 0 0 0
cpu18 813841 0 841 199421 4 0 28 0 0 0
cpu19 814262 0 769 199033 15 0 54 0 0 0
cpu20 813841 0 986 199234 5 0 94 0 0 0
cpu21 814181 0 609 199365 1 0 12 0 0 0
cpu22 813725 0 886 199451 23 0 70 0 0 0
cpu23 813352 0 1120 199550 1 0 143 0 0 0
cpu24 813680 0 916 199461 7 0 98 0 0 0
cpu25 813835 0 796 199454 13 0 57 0 0 0
cpu26 814329 0 456 199364 2 0 8 0 0 0
cpu27 814253 0 855 198980 16 0 49 0 0 0
cpu28 814741 0 1200 198124 2 0 96 0 0 0
cpu29 814471 0 1038 198587 1 0 42 0 0 0
cpu30 815773 0 933 197339 77 0 28 0 0 0
cpu31 815123 0 792 198196 1 0 33 0 0 0
cpu32 813717 0 983 199431 1 0 24 0 0 0
cpu33 813688 1 1024 199378 6 0 52 0 0 0
cpu34 813798 0 890 199428 13 0 23 0 0 0
cpu35 813568 0 1174 199387 2 0 20 0 0 0
intr 80735414 56 0 0 0 610 0 0 0 1 0 250 0 0 0 0 0 0 0 0 0 0 0 0 0 0 0 0 0 0 0 0 94 530 470 749 2638 715 698 1413 293 136 282 460 83 4754 486 3890 2462 571 484 247 389 638 184 1445 135 0 0 0 0 368 542 202 1179 154 117 10240 178 151 985 624 216 0 0 17 12186 2 0 24972 2392 4405 1201 3240 4098 1561 5578 2283 6496 5444 3182 7039 1773 1687 234289 3481 4860 6890 1653 2298 1648 7006 2922 980 3011 1176 749 4448 2157 7648 5668 5213 9716 1599 2188 0 16 7893 1 0 0 0 0 0 0 0 0 0 0 0 0 0 0 0 0 0 0 0 0 0 0 0 0 0 0 0 0 0 0 0 0 0 0 0 0 0 25 0 0 0 0 0 0 0 0 0 0 0 0 0 0 0 0 0 0 0 0 0 0 0 0 0 0 0 0 0 0 0 0 0 0 0 0 0 0 0 0 0 0 0 0 0 0 0 0 0 0 0 0 0 0 0 0 0 0 0 0 0 0 0 0 0 0 0 0 0 0 0 0 0 0 0 0 0 0 0 0 0 0 0 0 0 0 0 0 0 0 0 0 0 0 0 0 0 0 0 0 0 0 0 0 0 0 0 0 0 0 0 0 0 0 0 0 0 0 0 0 0 0 0 0 0 0 0 0 0 0 0 0 0 0 0 0 0 0 0 0 0 0 0 0 0 0 0 0 0 0 0 0 0 0 0 0 0 0 0 0 0 0 0 0 0 0 0 0 0 0 0 0 0 0 0 0 0 0 0 0 0 0 0 0 0 0 0 0 0 0 0 0 0 0 0 0 0 0 0 0 0 0 0 0 0 0 0 0 0 0 0 0 0 0 0 0 0 0 0 0 0 0 0 0 0 0 0 0 0 0 0 0 0 0 0 0 0 0 0 0 0 0 0 0 0 0 0 0 0 0 0 0 0 0 0 0 0 0 0 0 0 0 0 0 0 0 0 0 0 0 0 0 0 0 0 0 0 0 0 0 0 0 0 0 0 0 0 0 0 0 0 0 0 0 0 0 0 0 0 0 0 0 0 0 0 0 0 0 0 0 0 0 0 0 0 0 0 0 0 0 0 0 0 0 0 0 0 0 0 0 0 0 0 0 0 0 0 0 0 0 0 0 0 0 0 0 0 0 0 0 0 0 0 0 0 0 0 0 0 0 0 0 0 0 0 0 0 0 0 0 0 0 0 0 0 0 0 0 0 0 0 0 0 0 0 0 0 0 0 0 0 0 0 0 0 0 0 0 0 0 0 0 0 0 0 0 0 0 0 0 0 0 0 0 0 0 0 0 0 0 0 0 0 0 0 0 0 0 0 0 0 0 0 0 0 0 0 0 0 0 0 0 0 0 0 0 0 0 0 0 0 0 0 0 0 0 0 0 0 0 0 0 0 0 0 0 0 0 0 0 0 0 0 0 0 0 0 0 0 0 0 0 0 0 0 0 0 0 0 0 0 0 0 0 0 0 0 0 0 0 0 0 0 0 0 0 0 0 0 0 0 0 0 0 0 0 0 0 0 0 0 0 0 0 0 0 0 0 0 0 0 0 0 0 0 0 0 0 0 0 0 0 0 0 0 0 0 0 0 0 0 0 0 0 0 0 0 0 0 0 0 0 0 0 0 0 0 0 0 0 0 0 0 0 0 0 0 0 0 0 0 0 0 0 0 0 0 0 0 0 0 0 0 0 0 0 0 0 0 0 0 0 0 0 0 0 0 0 0 0 0 0 0 0 0 0 0 0 0 0 0 0 0 0 0 0 0 0 0 0 0 0 0 0 0 0 0 0 0 0 0 0 0 0 0 0 0 0 0 0 0 0 0 0 0 0 0 0 0 0 0 0 0 0 0 0 0 0 0 0 0 0 0 0 0 0 0 0 0 0 0 0 0 0 0 0 0 0 0 0 0 0 0 0 0 0 0 0 0 0 0 0 0 0 0 0 0 0 0 0 0 0 0 0 0 0 0 0 0 0 0 0 0 0 0 0 0 0 0 0 0 0 0 0 0 0 0 0 0 0 0 0 0 0 0 0 0 0 0 0 0 0 0 0 0 0 0 0 0 0 0 0 0 0 0 0 0 0 0 0 0 0 0 0 0 0 0 0 0 0 0 0 0 0 0 0 0 0 0 0 0 0 0 0 0 0 0 0 0 0 0 0 0 0 0 0 0 0 0 0 0 0 0 0 0 0 0 0 0 0 0 0 0 0 0 0 0 0 0 0 0 0 0 0 0 0 0 0 0 0 0 0 0 0 0 0 0 0 0 0 0 0 0 0 0 0 0 0 0 0 0 0 0 0 0 0 0 0 0 0 0 0 0 0 0 0 0 0 0 0 0 0 0 0 0 0 0 0 0 0 0 0 0 0 0 0 0 0 0 0 0 0 0 0 0 0 0 0 0 0 0 0 0 0 0 0 0 0 0 0 0 0 0 0 0 0 0 0 0 0 0 0 0 0 0 0 0 0 0 0 0 0 0 0 0 0 0 0 0 0 0 0 0 0 0 0 0 0 0 0 0 0 0 0 0 0 0 0 0 0 0 0 0 0 0 0 0 0 0 0 0 0 0 0 0 0 0 0 0 0 0 0 0 0 0 0 0 0 0 0 0 0 0 0 0 0 0 0 0 0 0 0 0 0 0 0 0 0 0 0 0 0 0 0 0 0 0 0 0 0 0 0 0 0 0 0 0 0 0 0 0 0 0 0 0 0 0 0 0 0 0 0 0 0 0 0 0 0 0 0 0 0 0 0 0 0 0 0 0 0 0 0 0 0 0 0 0 0 0 0 0 0 0 0 0 0 0 0 0 0 0 0 0 0 0 0 0 0 0 0
ctxt 20924980
btime 1613124388
processes 525623
procs_running 1
procs_blocked 0
softirq 103889579 1 59608986 1011 3974213 0 0 382551 2733781 0 37189036
