cpu  15663003 5 27700 5201739 385 0 2522 0 0 0
cpu0 244480 0 759 80994 0 0 186 0 0 0
cpu1 244478 0 576 81404 12 0 25 0 0 0
cpu2 244380 0 686 81437 0 0 2 0 0 0
cpu3 244933 0 314 81239 2 0 14 0 0 0
cpu4 244204 0 778 81418 0 0 98 0 0 0
cpu5 245178 0 229 81063 21 0 9 0 0 0
cpu6 244838 0 335 81265 0 0 9 0 0 0
cpu7 244669 0 456 81333 8 0 34 0 0 0
cpu8 244600 0 426 81433 0 0 39 0 0 0
cpu9 244895 0 402 81140 65 0 7 0 0 0
cpu10 243624 0 1265 81366 0 0 241 0 0 0
cpu11 244479 0 608 81392 3 0 17 0 0 0
cpu12 244511 0 608 81366 0 0 12 0 0 0
cpu13 244518 0 571 81375 3 0 26 0 0 0
cpu14 244004 0 1004 81417 3 0 73 0 0 0
cpu15 245029 0 352 81107 1 0 13 0 0 0
cpu16 244111 0 973 81404 5 0 5 0 0 0
cpu17 244764 0 398 81283 27 0 12 0 0 0
cpu18 244380 0 644 81435 0 0 44 0 0 0
cpu19 244741 0 448 81269 4 0 27 0 0 0
cpu20 244266 0 681 81433 1 0 119 0 0 0
cpu21 244564 0 613 81206 2 0 95 0 0 0
cpu22 244750 0 294 81411 0 0 42 0 0 0
cpu23 245148 0 279 81013 28 0 12 0 0 0
cpu24 244984 0 105 81349 24 0 2 0 0 0
cpu25 245116 0 177 81183 10 0 5 0 0 0
cpu26 244522 0 572 81402 0 0 1 0 0 0
cpu27 245349 0 363 80759 9 0 8 0 0 0
cpu28 244899 0 128 81402 0 0 54 0 0 0
cpu29 244440 0 627 81345 2 0 80 0 0 0
cpu30 244887 0 195 81405 0 0 0 0 0 0
cpu31 244978 0 547 80853 1 0 101 0 0 0
cpu32 244435 0 612 81424 0 0 16 0 0 0
cpu33 245260 0 472 80738 4 0 16 0 0 0
cpu34 244580 0 490 81426 0 0 0 0 0 0
cpu35 245136 0 290 81044 1 0 10 0 0 0
cpu36 244810 0 229 81431 0 0 25 0 0 0
cpu37 244950 0 154 81382 1 0 2 0 0 0
cpu38 244853 0 216 81420 0 0 2 0 0 0
cpu39 244495 0 675 81190 1 0 125 0 0 0
cpu40 244937 0 128 81420 0 0 5 0 0 0
cpu41 244770 0 383 81248 40 0 45 0 0 0
cpu42 242096 0 2334 81431 0 0 631 0 0 0
cpu43 244725 0 349 81414 0 0 5 0 0 0
cpu44 244921 0 158 81411 0 0 3 0 0 0
cpu45 244838 0 474 81136 12 0 28 0 0 0
cpu46 244796 0 295 81375 0 0 17 0 0 0
cpu47 244955 0 272 81253 2 0 8 0 0 0
cpu48 244662 0 408 81412 0 0 0 0 0 0
cpu49 244814 0 332 81321 0 0 12 0 0 0
cpu50 244862 0 199 81418 0 0 10 0 0 0
cpu51 244872 0 303 81291 2 0 15 0 0 0
cpu52 244800 0 239 81422 0 0 26 0 0 0
cpu53 245217 0 258 80995 0 0 6 0 0 0
cpu54 244939 0 109 81420 0 0 17 0 0 0
cpu55 244961 1 344 81138 6 0 31 0 0 0
cpu56 244789 0 279 81416 0 0 0 0 0 0
cpu57 245221 2 156 81087 7 0 0 0 0 0
cpu58 244990 0 74 81419 0 0 1 0 0 0
cpu59 244910 0 248 81311 4 0 10 0 0 0
cpu60 245005 0 62 81417 0 0 1 0 0 0
cpu61 245275 0 236 80917 46 0 2 0 0 0
cpu62 244986 0 90 81409 0 0 0 0 0 0
cpu63 245398 0 390 80673 4 0 15 0 0 0
intr 43952841 82 0 0 0 630 0 0 0 1 0 285 0 0 0 0 0 0 0 0 0 0 0 0 0 0 0 0 0 0 0 0 0 0 0 0 0 0 0 105 12667 301 3202 0 3030 5 10083 0 838 50 625 0 3950 0 1063 1 685 2 4437 4 1423 0 1853 175 4179 105 3058 26532 300 8 2615 8 3681 40 2057 8 171 0 7393 2 16465 49 146 88 14723 0 441 0 3840 2 5181 0 877 0 309 2 270 2 4794 18 236 1 3673 0 0 0 0 0 0 0 0 0 0 0 0 0 0 0 0 0 93 30949 0 0 0 0 0 0 0 0 0 0 0 0 0 0 0 0 0 0 0 0 0 0 0 0 0 0 0 0 0 0 0 0 0 0 0 0 0 0 0 0 0 0 0 0 0 0 0 0 0 0 0 0 0 0 0 0 0 0 0 0 0 0 0 0 0 0 0 0 0 0 0 0 0 0 0 17 0 0 0 0 0 0 0 0 0 0 0 0 0 0 0 0 0 0 0 0 0 0 0 0 0 0 0 0 0 0 0 0 0 0 0 0 0 0 0 0 0 0 0 0 0 0 0 0 0 0 0 0 0 0 0 0 0 0 0 0 0 0 0 0 0 0 0 0 0 0 0 0 0 0 0 0 0 0 0 0 0 0 0 0 0 0 0 0 0 0 0 0 0 0 0 0 0 0 0 0 0 0 0 0 0 0 0 0 0 0 0 0 0 0 0 0 0 0 0 0 0 0 0 0 0 0 0 0 0 0 0 0 0 0 0 0 0 0 0 0 0 0 0 0 0 0 0 0 0 0 0 0 0 0 0 0 0 0 0 0 0 0 0 0 0 0 0 0 0 0 0 0 0 0 0 0 0 0 0 0 0 0 0 0 0 0 0 0 0 0 0 0 0 0 0 0 0 0 0 0 0 0 0 0 0 0 0 0 0 0 0 0 0 0 0 0 0 0 0 0 0 0 0 0 0 0 0 0 0 0 0 0 0 0 0 0 0 0 0 0 0 0 0 0 0 0 0 0 0 0 0 0 0 0 0 0 0 0 0 0 0 0 0 0 0 0 0 0 0 0 0 0 0 0 0 0 0 0 0 0 0 0 0 0 0 0 0 0 0 0 0 0 0 0 0 0 0 0 0 0 0 0 0 0 0 0 0 0 0 0 0 0 0 0 0 0 0 0 0 0 0 0 0 0 0 0 0 0 0 0 0 0 0 0 0 0 0 0 0 0 0 0 0 0 0 0 0 0 0 0 0 0 0 0 0 0 0 0 0 0 0 0 0 0 0 0 0 0 0 0 0 0 0 0 0 0 0 0 0 0 0 0 0 0 0 0 0 0 0 0 0 0 0 0 0 0 0 0 0 0 0 0 0 0 0 0 0 0 0 0 0 0 0 0 0 0 0 0 0 0 0 0 0 0 0 0 0 0 0 0 0 0 0 0 0 0 0 0 0 0 0 0 0 0 0 0 0 0 0 0 0 0 0 0 0 0 0 0 0 0 0 0 0 0 0 0 0 0 0 0 0 0 0 0 0 0 0 0 0 0 0 0 0 0 0 0 0 0 0 0 0 0 0 0 0 0 0 0 0 0 0 0 0 0 0 0 0 0 0 0 0 0 0 0 0 0 0 0 0 0 0 0 0 0 0 0 0 0 0 0 0 0 0 0 0 0 0 0 0 0 0 0 0 0 0 0 0 0 0 0 0 0 0 0 0 0 0 0 0 0 0 0 0 0 0 0 0 0 0 0 0 0 0 0 0 0 0 0 0 0 0 0 0 0 0 0 0 0 0 0 0 0 0 0 0 0 0 0 0 0 0 0 0 0 0 0 0 0 0 0 0 0 0 0 0 0 0 0 0 0 0 0 0 0 0 0 0 0 0 0 0 0 0 0 0 0 0 0 0 0 0 0 0 0 0 0 0 0 0 0 0 0 0 0 0 0 0 0 0 0 0 0 0 0 0 0 0 0 0 0 0 0 0 0 0 0 0 0 0 0 0 0 0 0 0 0 0 0 0 0 0 0 0 0 0 0 0 0 0 0 0 0 0 0 0 0 0 0 0 0 0 0 0 0 0 0 0 0 0 0 0 0 0 0 0 0 0 0 0 0 0 0 0 0 0 0 0 0 0 0 0 0 0 0 0 0 0 0 0 0 0 0 0 0 0 0 0 0 0 0 0 0 0 0 0 0 0 0 0 0 0 0 0 0 0 0 0 0 0 0 0 0 0 0 0 0 0 0 0 0 0 0 0 0 0 0 0 0 0 0 0 0 0 0 0 0 0 0 0 0 0 0 0 0 0 0 0 0 0 0 0 0 0 0 0 0 0 0 0 0 0 0 0 0 0 0 0 0 0 0 0 0 0 0 0 0 0 0 0 0 0 0 0 0 0 0 0 0 0 0 0 0 0 0 0 0 0 0 0 0 0 0 0 0 0 0 0 0 0 0 0 0 0 0 0 0 0 0 0 0 0 0 0 0 0 0 0 0 0 0 0 0 0 0 0 0 0 0 0 0 0 0 0 0 0 0 0 0 0 0 0 0 0 0 0 0 0 0 0 0 0 0 0 0 0 0 0 0 0 0 0 0 0 0 0 0 0 0 0 0 0 0 0 0 0 0 0 0 0 0 0 0 0 0 0 0 0 0 0 0 0 0 0 0 0 0 0 0 0 0 0 0 0 0 0 0 0 0 0 0 0 0 0 0 0 0 0 0 0 0 0 0 0 0 0 0 0 0 0 0 0 0 0 0 0 0 0 0 0 0 0 0 0 0 0 0 0 0 0 0 0 0 0 0 0 0 0 0 0 0 0 0 0 0 0 0 0 0 0 0 0 0 0 0 0 0 0 0 0 0 0 0 0 0 0 0 0 0 0 0 0 0 0 0 0 0 0 0 0 0 0 0 0 0 0 0 0 0 0 0 0 0 0 0 0 0 0 0 0 0 0 0 0 0 0 0 0 0 0 0 0 0 0 0 0 0 0 0 0 0 0 0 0 0 0 0 0 0 0 0 0 0 0 0 0 0 0 0 0 0 0 0 0 0 0 0 0 0 0 0 0 0 0 0 0 0 0 0 0 0 0 0 0 0 0 0 0 0 0 0 0 0 0 0 0 0 0 0 0 0 0 0 0 0 0 0 0 0 0 0 0 0 0 0 0 0 0 0 0 0 0 0 0 0 0 0 0 0 0 0 0 0 0 0 0 0 0 0 0 0 0 0 0 0 0 0 0 0 0 0 0 0 0 0 0 0 0 0 0 0 0 0 0 0 0 0 0 0 0 0 0 0 0 0 0 0 0 0 0 0 0 0 0 0 0 0 0 0 0 0 0 0 0 0 0 0 0 0 0 0 0 0 0 0 0 0 0 0 0 0 0 0 0 0 0 0 0 0 0 0 0 0 0 0 0 0 0 0 0 0 0 0 0 0 0 0 0 0 0 0 0 0 0 0 0 0 0 0 0 0 0 0 0 0 0 0 0 0 0 0 0 0 0 0 0 0 0 0 0 0 0 0 0 0 0 0 0 0 0 0 0 0 0 0 0 0 0 0 0 0 0 0 0 0 0 0 0 0 0 0 0 0 0 0 0 0 0 0 0 0 0 0 0 0 0 0 0 0 0 0 0 0 0 0 0 0 0 0 0 0 0 0 0 0 0 0 0 0 0 0 0 0 0 0 0 0 0 0 0 0 0 0 0 0 0 0 0 0 0 0 0 0 0 0 0 0 0 0 0 0 0 0 0 0 0 0 0 0 0 0 0 0 0 0 0 0 0 0 0 0 0 0 0 0 0 0 0 0 0 0 0 0 0 0 0 0 0 0 0 0 0 0 0 0 0 0 0 0 0 0 0 0 0 0 0 0 0 0 0 0 0 0 0 0 0 0 0 0 0 0 0 0 0 0 0 0 0 0 0 0 0 0 0 0 0 0 0 0 0 0 0 0 0 0 0 0 0 0 0 0 0 0 0 0 0 0 0 0 0 0 0 0 0 0 0 0 0 0 0 0 0 0 0 0 0 0 0 0 0 0 0 0 0 0 0 0 0 0 0 0 0 0 0 0 0 0 0 0 0 0 0 0 0 0 0 0 0 0 0 0 0 0 0 0 0 0 0 0 0 0 0 0 0 0 0 0 0 0 0 0 0 0 0 0 0 0 0 0 0 0 0 0 0 0 0 0 0 0 0 0 0 0 0 0 0 0 0 0 0 0 0 0 0 0 0 0 0 0 0 0 0 0 0 0 0 0 0 0 0 0 0 0 0 0 0 0 0 0 0 0 0 0 0 0 0 0 0 0 0 0 0 0 0 0 0 0 0 0 0 0 0 0 0 0 0 0 0 0 0 0 0 0 0 0 0 0 0 0 0 0 0 0 0 0 0 0 0 0 0 0 0 0 0 0 0 0 0 0 0 0 0 0 0 0 0 0 0 0 0 0 0 0 0 0 0 0 0 0 0 0 0 0 0 0 0 0 0 0 0 0 0 0 0 0 0 0 0 0 0 0 0 0 0 0 0 0 0 0 0 0 0 0 0 0 0 0 0 0 0 0 0 0 0 0 0 0 0 0 0 0 0 0 0 0 0 0 0 0 0 0 0 0 0 0 0 0 0 0 0 0 0 0 0 0 0 0 0 0 0 0 0 0 0 0 0 0 0 0 0 0 0 0 0 0 0 0 0 0 0 0 0 0 0 0 0 0 0 0 0 0 0 0 0 0 0 0 0 0 0 0 0 0 0 0 0 0 0 0 0 0 0 0 0 0 0 0 0 0 0 0 0 0 0 0 0 0 0 0 0 0 0 0 0 0 0 0 0 0 0 0 0 0 0 0 0 0 0 0 0 0 0 0 0 0 0 0 0 0 0 0 0 0 0 0 0 0 0 0 0 0 0 0 0 0 0 0 0 0 0 0 0 0 0 0 0 0 0 0 0 0 0 0 0 0 0 0 0 0 0 0 0 0 0 0 0 0 0 0 0 0 0 0 0 0 0 0 0 0 0 0 0 0 0 0 0 0 0 0 0 0 0 0 0 0 0 0 0 0 0 0 0 0 0 0 0 0 0 0 0 0 0 0 0 0 0 0 0 0 0 0 0 0 0 0 0 0 0 0 0 0 0 0 0 0 0 0 0 0 0 0 0 0 0 0 0 0 0 0 0 0 0 0 0 0 0 0 0 0 0 0 0 0 0 0 0 0 0 0 0
ctxt 6330656
btime 1613123985
processes 145866
procs_running 1
procs_blocked 0
softirq 52390170 1 30976753 1388 1111523 0 0 148 1549768 0 18750589
