cpu  20103996 4 23967 7036543 494 0 2832 0 0 0
cpu0 558103 0 902 195270 13 0 485 0 0 0
cpu1 559936 0 945 193714 1 0 124 0 0 0
cpu2 557968 0 1082 194816 2 0 758 0 0 0
cpu3 558374 0 659 195589 4 0 44 0 0 0
cpu4 558635 0 743 195197 44 0 49 0 0 0
cpu5 558457 0 657 195504 29 0 13 0 0 0
cpu6 558226 0 724 195647 16 0 37 0 0 0
cpu7 558296 0 610 195716 13 0 25 0 0 0
cpu8 558274 0 665 195630 72 0 23 0 0 0
cpu9 558090 0 716 195814 2 0 48 0 0 0
cpu10 558100 0 824 195707 4 0 32 0 0 0
cpu11 558303 0 648 195680 0 0 32 0 0 0
cpu12 557070 0 1730 195619 7 0 226 0 0 0
cpu13 558534 0 652 195439 1 0 31 0 0 0
cpu14 558321 0 535 195784 1 0 22 0 0 0
cpu15 558103 0 850 195610 5 0 98 0 0 0
cpu16 557799 0 997 195706 2 0 156 0 0 0
cpu17 558170 0 805 195648 7 0 16 0 0 0
cpu18 558839 0 469 195337 3 0 10 0 0 0
cpu19 558930 0 548 195086 48 0 27 0 0 0
cpu20 559264 0 575 194746 1 0 50 0 0 0
cpu21 559319 0 514 194771 2 0 42 0 0 0
cpu22 559004 0 474 195100 62 0 18 0 0 0
cpu23 558696 0 521 195337 70 0 10 0 0 0
cpu24 558643 0 347 195657 4 0 7 0 0 0
cpu25 558408 0 540 195698 1 0 10 0 0 0
cpu26 558366 0 470 195783 0 0 40 0 0 0
cpu27 558026 0 754 195776 1 0 102 0 0 0
cpu28 558485 0 488 195666 1 0 16 0 0 0
cpu29 558498 0 381 195766 0 0 13 0 0 0
cpu30 558574 0 314 195752 10 0 7 0 0 0
cpu31 558836 0 345 195459 1 0 18 0 0 0
cpu32 558534 2 367 195728 8 0 9 0 0 0
cpu33 558614 0 438 195551 20 0 21 0 0 0
cpu34 558085 0 787 195631 19 0 131 0 0 0
cpu35 558100 0 875 195592 2 0 69 0 0 0
intr 55506481 56 0 0 0 614 0 0 0 1 0 263 0 0 0 0 0 0 0 0 0 0 0 0 0 0 0 0 0 0 0 0 0 742 144 533 433 4717 2539 590 380 3010 1162 74 125 2183 285 484 246 566 471 162 6149 827 126 2204 3248 0 0 0 0 384 125 76 95 70 128 614 119 1019 1822 1132 341 93 0 16 13973 2967 0 14228 851 137245 670 565 838 1352 1303 942 1200 1159 1769 61923 6816 2522 2736 2155 697 1028 601 5491 2338 278 1171 432 560 1247 1039 891 2572 898 701 1594 950 1631 1237 0 18 7875 1 0 0 0 0 0 0 0 0 0 0 0 0 0 0 0 0 0 0 0 0 0 0 0 0 0 0 0 0 0 0 0 0 0 0 0 0 0 21 0 0 0 0 0 0 0 0 0 0 0 0 0 0 0 0 0 0 0 0 0 0 0 0 0 0 0 0 0 0 0 0 0 0 0 0 0 0 0 0 0 0 0 0 0 0 0 0 0 0 0 0 0 0 0 0 0 0 0 0 0 0 0 0 0 0 0 0 0 0 0 0 0 0 0 0 0 0 0 0 0 0 0 0 0 0 0 0 0 0 0 0 0 0 0 0 0 0 0 0 0 0 0 0 0 0 0 0 0 0 0 0 0 0 0 0 0 0 0 0 0 0 0 0 0 0 0 0 0 0 0 0 0 0 0 0 0 0 0 0 0 0 0 0 0 0 0 0 0 0 0 0 0 0 0 0 0 0 0 0 0 0 0 0 0 0 0 0 0 0 0 0 0 0 0 0 0 0 0 0 0 0 0 0 0 0 0 0 0 0 0 0 0 0 0 0 0 0 0 0 0 0 0 0 0 0 0 0 0 0 0 0 0 0 0 0 0 0 0 0 0 0 0 0 0 0 0 0 0 0 0 0 0 0 0 0 0 0 0 0 0 0 0 0 0 0 0 0 0 0 0 0 0 0 0 0 0 0 0 0 0 0 0 0 0 0 0 0 0 0 0 0 0 0 0 0 0 0 0 0 0 0 0 0 0 0 0 0 0 0 0 0 0 0 0 0 0 0 0 0 0 0 0 0 0 0 0 0 0 0 0 0 0 0 0 0 0 0 0 0 0 0 0 0 0 0 0 0 0 0 0 0 0 0 0 0 0 0 0 0 0 0 0 0 0 0 0 0 0 0 0 0 0 0 0 0 0 0 0 0 0 0 0 0 0 0 0 0 0 0 0 0 0 0 0 0 0 0 0 0 0 0 0 0 0 0 0 0 0 0 0 0 0 0 0 0 0 0 0 0 0 0 0 0 0 0 0 0 0 0 0 0 0 0 0 0 0 0 0 0 0 0 0 0 0 0 0 0 0 0 0 0 0 0 0 0 0 0 0 0 0 0 0 0 0 0 0 0 0 0 0 0 0 0 0 0 0 0 0 0 0 0 0 0 0 0 0 0 0 0 0 0 0 0 0 0 0 0 0 0 0 0 0 0 0 0 0 0 0 0 0 0 0 0 0 0 0 0 0 0 0 0 0 0 0 0 0 0 0 0 0 0 0 0 0 0 0 0 0 0 0 0 0 0 0 0 0 0 0 0 0 0 0 0 0 0 0 0 0 0 0 0 0 0 0 0 0 0 0 0 0 0 0 0 0 0 0 0 0 0 0 0 0 0 0 0 0 0 0 0 0 0 0 0 0 0 0 0 0 0 0 0 0 0 0 0 0 0 0 0 0 0 0 0 0 0 0 0 0 0 0 0 0 0 0 0 0 0 0 0 0 0 0 0 0 0 0 0 0 0 0 0 0 0 0 0 0 0 0 0 0 0 0 0 0 0 0 0 0 0 0 0 0 0 0 0 0 0 0 0 0 0 0 0 0 0 0 0 0 0 0 0 0 0 0 0 0 0 0 0 0 0 0 0 0 0 0 0 0 0 0 0 0 0 0 0 0 0 0 0 0 0 0 0 0 0 0 0 0 0 0 0 0 0 0 0 0 0 0 0 0 0 0 0 0 0 0 0 0 0 0 0 0 0 0 0 0 0 0 0 0 0 0 0 0 0 0 0 0 0 0 0 0 0 0 0 0 0 0 0 0 0 0 0 0 0 0 0 0 0 0 0 0 0 0 0 0 0 0 0 0 0 0 0 0 0 0 0 0 0 0 0 0 0 0 0 0 0 0 0 0 0 0 0 0 0 0 0 0 0 0 0 0 0 0 0 0 0 0 0 0 0 0 0 0 0 0 0 0 0 0 0 0 0 0 0 0 0 0 0 0 0 0 0 0 0 0 0 0 0 0 0 0 0 0 0 0 0 0 0 0 0 0 0 0 0 0 0 0 0 0 0 0 0 0 0 0 0 0 0 0 0 0 0 0 0 0 0 0 0 0 0 0 0 0 0 0 0 0 0 0 0 0 0 0 0 0 0 0 0 0 0 0 0 0 0 0 0 0 0 0 0 0 0 0 0 0 0 0 0 0 0 0 0 0 0 0 0 0 0 0 0 0 0 0 0 0 0 0 0 0 0 0 0 0 0 0 0 0 0 0 0 0 0 0 0 0 0 0 0 0 0 0 0 0 0 0 0 0 0 0 0 0 0 0 0 0 0 0 0 0 0 0 0 0 0 0 0 0 0 0 0 0 0 0 0 0 0 0 0 0 0 0 0 0 0 0 0 0 0 0 0 0 0 0 0 0 0 0 0 0 0 0 0 0 0 0 0 0 0 0 0 0 0 0 0 0 0 0 0 0 0 0 0 0 0 0 0 0 0 0 0 0 0 0 0 0 0 0 0 0 0 0 0 0 0 0 0 0 0 0 0 0 0 0 0 0 0 0 0 0 0 0 0 0 0 0 0 0 0 0 0 0 0 0 0 0 0 0 0
ctxt 14542470
btime 1613124388
processes 363431
procs_running 1
procs_blocked 0
softirq 72498129 1 42008236 643 2729322 0 0 261542 1914546 0 25583839
