cpu  28563949 6 61457 2545878 148 0 6008 0 0 0
cpu0 443367 0 3601 39578 0 0 493 0 0 0
cpu1 446610 0 487 40001 11 0 31 0 0 0
cpu2 442779 0 2990 39643 0 0 1677 0 0 0
cpu3 446625 0 352 40135 0 0 50 0 0 0
cpu4 445163 0 2232 39600 0 0 153 0 0 0
cpu5 446917 0 99 40140 1 0 4 0 0 0
cpu6 444821 0 2635 39467 0 0 200 0 0 0
cpu7 446073 0 874 40131 1 0 83 0 0 0
cpu8 445125 0 2376 39483 1 0 173 0 0 0
cpu9 446606 0 361 40142 0 0 52 0 0 0
cpu10 445586 0 2350 39044 1 0 192 0 0 0
cpu11 446924 0 79 40145 4 0 5 0 0 0
cpu12 446246 0 1773 39020 0 0 128 0 0 0
cpu13 446764 0 225 40161 0 0 11 0 0 0
cpu14 445811 0 1863 39350 0 0 139 0 0 0
cpu15 446757 0 243 40148 0 0 9 0 0 0
cpu16 447096 2 1492 38449 7 0 110 0 0 0
cpu17 446596 0 356 40151 0 0 57 0 0 0
cpu18 445696 0 1756 39562 0 0 146 0 0 0
cpu19 446906 0 113 40133 0 0 2 0 0 0
cpu20 446022 0 1597 39267 80 0 126 0 0 0
cpu21 446702 0 282 40141 0 0 36 0 0 0
cpu22 445619 0 1770 39653 2 0 127 0 0 0
cpu23 446470 0 505 40134 0 0 49 0 0 0
cpu24 445838 0 1614 39554 4 0 110 0 0 0
cpu25 446952 0 65 40138 2 0 1 0 0 0
cpu26 445522 0 1806 39707 0 0 115 0 0 0
cpu27 446945 0 65 40143 0 0 1 0 0 0
cpu28 445369 0 1891 39742 0 0 141 0 0 0
cpu29 446929 0 78 40142 0 0 2 0 0 0
cpu30 445554 0 1813 39641 2 0 129 0 0 0
cpu31 446758 0 266 40119 0 0 12 0 0 0
cpu32 445600 0 1775 39635 0 0 104 0 0 0
cpu33 446309 0 662 40131 0 0 52 0 0 0
cpu34 446094 0 1426 39505 0 0 83 0 0 0
cpu35 446901 0 118 40130 0 0 3 0 0 0
cpu36 446130 0 1375 39548 0 0 95 0 0 0
cpu37 446917 0 84 40141 0 0 3 0 0 0
cpu38 445766 0 1893 39361 0 0 105 0 0 0
cpu39 446411 0 560 40135 0 0 45 0 0 0
cpu40 446074 0 1559 39426 1 0 87 0 0 0
cpu41 446876 0 129 40139 0 0 6 0 0 0
cpu42 446896 0 1465 38723 0 0 74 0 0 0
cpu43 446949 0 75 40119 0 0 1 0 0 0
cpu44 447072 1 941 39056 0 0 76 0 0 0
cpu45 446664 0 322 40131 0 0 34 0 0 0
cpu46 446404 0 1260 39410 0 0 77 0 0 0
cpu47 446774 0 249 40111 0 0 4 0 0 0
cpu48 446876 0 1086 39125 0 0 63 0 0 0
cpu49 446674 0 301 40143 0 0 38 0 0 0
cpu50 446143 0 1218 39684 0 0 94 0 0 0
cpu51 446905 0 106 40136 0 0 2 0 0 0
cpu52 447055 0 731 39305 2 0 48 0 0 0
cpu53 446766 0 226 40139 0 0 21 0 0 0
cpu54 446728 0 699 39661 0 0 49 0 0 0
cpu55 446573 0 406 40138 0 0 25 0 0 0
cpu56 446151 0 1233 39721 0 0 46 0 0 0
cpu57 446946 0 68 40118 7 0 2 0 0 0
cpu58 446351 0 997 39737 0 0 65 0 0 0
cpu59 446936 0 74 40133 0 0 1 0 0 0
cpu60 446563 0 875 39673 0 0 46 0 0 0
cpu61 446948 0 71 40123 2 0 1 0 0 0
cpu62 446516 0 1192 39363 0 0 61 0 0 0
cpu63 446805 0 247 40085 0 0 8 0 0 0
intr 78991194 83 0 0 0 612 0 0 0 1 0 285 0 0 0 0 0 0 0 0 0 0 0 0 0 0 0 0 0 0 0 0 0 0 0 0 0 0 0 4480 4740 109318 536 1963 751 1468 13010 2572 14238 2809 0 652 2371 2149 6819 1338 5061 1240 471 7945 7283 742 8760 1673 26 1069 242 1203 160 1478 4793 1554 10632 760 373 1710 730 984 7766 2125 3758 1475 2 1007 2840 891 2430 1918 5561 1358 317 678 8681 3490 11859 517 35 1496 252 2981 0 1018 3469 0 0 0 0 0 0 0 0 0 0 0 0 0 0 0 0 0 33280 94 0 0 0 0 0 0 0 0 0 0 0 0 0 0 0 0 0 0 0 0 0 0 0 0 0 0 0 0 0 0 0 0 0 0 0 0 0 0 0 0 0 0 0 0 0 0 0 0 0 0 0 0 0 0 0 0 0 0 0 0 0 0 0 0 0 0 0 0 0 0 0 0 0 0 0 20 0 0 0 0 0 0 0 0 0 0 0 0 0 0 0 0 0 0 0 0 0 0 0 0 0 0 0 0 0 0 0 0 0 0 0 0 0 0 0 0 0 0 0 0 0 0 0 0 0 0 0 0 0 0 0 0 0 0 0 0 0 0 0 0 0 0 0 0 0 0 0 0 0 0 0 0 0 0 0 0 0 0 0 0 0 0 0 0 0 0 0 0 0 0 0 0 0 0 0 0 0 0 0 0 0 0 0 0 0 0 0 0 0 0 0 0 0 0 0 0 0 0 0 0 0 0 0 0 0 0 0 0 0 0 0 0 0 0 0 0 0 0 0 0 0 0 0 0 0 0 0 0 0 0 0 0 0 0 0 0 0 0 0 0 0 0 0 0 0 0 0 0 0 0 0 0 0 0 0 0 0 0 0 0 0 0 0 0 0 0 0 0 0 0 0 0 0 0 0 0 0 0 0 0 0 0 0 0 0 0 0 0 0 0 0 0 0 0 0 0 0 0 0 0 0 0 0 0 0 0 0 0 0 0 0 0 0 0 0 0 0 0 0 0 0 0 0 0 0 0 0 0 0 0 0 0 0 0 0 0 0 0 0 0 0 0 0 0 0 0 0 0 0 0 0 0 0 0 0 0 0 0 0 0 0 0 0 0 0 0 0 0 0 0 0 0 0 0 0 0 0 0 0 0 0 0 0 0 0 0 0 0 0 0 0 0 0 0 0 0 0 0 0 0 0 0 0 0 0 0 0 0 0 0 0 0 0 0 0 0 0 0 0 0 0 0 0 0 0 0 0 0 0 0 0 0 0 0 0 0 0 0 0 0 0 0 0 0 0 0 0 0 0 0 0 0 0 0 0 0 0 0 0 0 0 0 0 0 0 0 0 0 0 0 0 0 0 0 0 0 0 0 0 0 0 0 0 0 0 0 0 0 0 0 0 0 0 0 0 0 0 0 0 0 0 0 0 0 0 0 0 0 0 0 0 0 0 0 0 0 0 0 0 0 0 0 0 0 0 0 0 0 0 0 0 0 0 0 0 0 0 0 0 0 0 0 0 0 0 0 0 0 0 0 0 0 0 0 0 0 0 0 0 0 0 0 0 0 0 0 0 0 0 0 0 0 0 0 0 0 0 0 0 0 0 0 0 0 0 0 0 0 0 0 0 0 0 0 0 0 0 0 0 0 0 0 0 0 0 0 0 0 0 0 0 0 0 0 0 0 0 0 0 0 0 0 0 0 0 0 0 0 0 0 0 0 0 0 0 0 0 0 0 0 0 0 0 0 0 0 0 0 0 0 0 0 0 0 0 0 0 0 0 0 0 0 0 0 0 0 0 0 0 0 0 0 0 0 0 0 0 0 0 0 0 0 0 0 0 0 0 0 0 0 0 0 0 0 0 0 0 0 0 0 0 0 0 0 0 0 0 0 0 0 0 0 0 0 0 0 0 0 0 0 0 0 0 0 0 0 0 0 0 0 0 0 0 0 0 0 0 0 0 0 0 0 0 0 0 0 0 0 0 0 0 0 0 0 0 0 0 0 0 0 0 0 0 0 0 0 0 0 0 0 0 0 0 0 0 0 0 0 0 0 0 0 0 0 0 0 0 0 0 0 0 0 0 0 0 0 0 0 0 0 0 0 0 0 0 0 0 0 0 0 0 0 0 0 0 0 0 0 0 0 0 0 0 0 0 0 0 0 0 0 0 0 0 0 0 0 0 0 0 0 0 0 0 0 0 0 0 0 0 0 0 0 0 0 0 0 0 0 0 0 0 0 0 0 0 0 0 0 0 0 0 0 0 0 0 0 0 0 0 0 0 0 0 0 0 0 0 0 0 0 0 0 0 0 0 0 0 0 0 0 0 0 0 0 0 0 0 0 0 0 0 0 0 0 0 0 0 0 0 0 0 0 0 0 0 0 0 0 0 0 0 0 0 0 0 0 0 0 0 0 0 0 0 0 0 0 0 0 0 0 0 0 0 0 0 0 0 0 0 0 0 0 0 0 0 0 0 0 0 0 0 0 0 0 0 0 0 0 0 0 0 0 0 0 0 0 0 0 0 0 0 0 0 0 0 0 0 0 0 0 0 0 0 0 0 0 0 0 0 0 0 0 0 0 0 0 0 0 0 0 0 0 0 0 0 0 0 0 0 0 0 0 0 0 0 0 0 0 0 0 0 0 0 0 0 0 0 0 0 0 0 0 0 0 0 0 0 0 0 0 0 0 0 0 0 0 0 0 0 0 0 0 0 0 0 0 0 0 0 0 0 0 0 0 0 0 0 0 0 0 0 0 0 0 0 0 0 0 0 0 0 0 0 0 0 0 0 0 0 0 0 0 0 0 0 0 0 0 0 0 0 0 0 0 0 0 0 0 0 0 0 0 0 0 0 0 0 0 0 0 0 0 0 0 0 0 0 0 0 0 0 0 0 0 0 0 0 0 0 0 0 0 0 0 0 0 0 0 0 0 0 0 0 0 0 0 0 0 0 0 0 0 0 0 0 0 0 0 0 0 0 0 0 0 0 0 0 0 0 0 0 0 0 0 0 0 0 0 0 0 0 0 0 0 0 0 0 0 0 0 0 0 0 0 0 0 0 0 0 0 0 0 0 0 0 0 0 0 0 0 0 0 0 0 0 0 0 0 0 0 0 0 0 0 0 0 0 0 0 0 0 0 0 0 0 0 0 0 0 0 0 0 0 0 0 0 0 0 0 0 0 0 0 0 0 0 0 0 0 0 0 0 0 0 0 0 0 0 0 0 0 0 0 0 0 0 0 0 0 0 0 0 0 0 0 0 0 0 0 0 0 0 0 0 0 0 0 0 0 0 0 0 0 0 0 0 0 0 0 0 0 0 0 0 0 0 0 0 0 0 0 0 0 0 0 0 0 0 0 0 0 0 0 0 0 0 0 0 0 0 0 0 0 0 0 0 0 0 0 0 0 0 0 0 0 0 0 0 0 0 0 0 0 0 0 0 0 0 0 0 0 0 0 0 0 0 0 0 0 0 0 0 0 0 0 0 0 0 0 0 0 0 0 0 0 0 0 0 0 0 0 0 0 0 0 0 0 0 0 0 0 0 0 0 0 0 0 0 0 0 0 0 0 0 0 0 0 0 0 0 0 0 0 0 0 0 0 0 0 0 0 0 0 0 0 0 0 0 0 0 0 0 0 0 0 0 0 0 0 0 0 0 0 0 0 0 0 0 0 0 0 0 0 0 0 0 0 0 0 0 0 0 0 0 0 0 0 0 0 0 0 0 0 0 0 0 0 0 0 0 0 0 0 0 0 0 0 0 0 0 0 0 0 0 0 0 0 0 0 0 0 0 0 0 0 0 0 0 0 0 0 0 0 0 0 0 0 0 0 0 0 0 0 0 0 0 0 0 0 0 0 0 0 0 0 0 0 0 0 0 0 0 0 0 0 0 0 0 0 0 0 0 0 0 0 0 0 0 0 0 0 0 0 0 0 0 0 0 0 0 0 0 0 0 0 0 0 0 0 0 0 0 0 0 0 0 0 0 0 0 0 0 0 0 0 0 0 0 0 0 0 0 0 0 0 0 0 0 0 0 0 0 0 0 0 0 0 0 0 0 0 0 0 0 0 0 0 0 0 0 0 0 0 0 0 0 0 0 0 0 0 0 0 0 0 0 0 0 0 0 0 0 0 0 0 0 0 0 0 0 0 0 0 0 0 0 0 0 0 0 0 0 0 0 0 0 0 0 0 0 0 0 0 0 0 0 0 0 0 0 0 0 0 0 0 0 0 0 0 0 0 0 0 0 0 0 0 0 0 0 0 0 0 0 0 0 0 0 0 0 0 0 0 0 0 0 0 0 0 0 0 0 0 0 0 0 0 0 0 0 0 0 0 0 0 0 0 0 0 0 0 0 0 0 0 0 0 0 0 0 0 0 0 0 0 0 0 0 0 0 0 0 0 0 0 0 0 0 0 0 0 0 0 0 0 0 0 0 0 0 0 0 0 0 0 0 0 0 0 0 0 0 0 0 0 0 0 0 0 0 0 0 0 0 0 0 0 0 0 0 0 0 0 0 0 0 0 0 0 0 0 0 0 0 0 0 0 0 0 0 0 0 0 0 0 0 0 0 0 0 0 0 0 0 0 0 0 0 0 0 0 0 0 0 0 0 0 0 0 0 0 0 0 0 0 0 0 0 0 0 0 0 0 0 0 0 0 0 0 0 0 0 0 0 0 0 0 0 0 0 0 0 0 0 0 0 0 0 0 0 0 0 0 0 0 0 0 0 0 0 0 0 0 0 0 0 0 0 0 0 0 0 0 0 0 0 0 0 0 0 0 0 0 0 0 0 0 0 0 0 0 0 0 0 0 0 0 0 0 0 0 0 0 0 0 0 0 0 0 0 0 0 0 0 0 0 0 0 0 0 0 0 0 0 0 0 0 0 0 0 0 0 0 0 0 0 0 0 0 0 0 0 0 0 0 0 0 0 0 0 0 0 0 0 0 0 0 0 0 0 0 0 0 0 0 0 0 0 0 0 0 0 0 0 0 0 0 0 0 0 0 0 0 0 0 0 0 0 0 0 0 0 0 0 0 0 0 0 0 0 0 0 0 0 0 0 0 0 0 0 0 0 0 0 0 0 0 0 0 0 0 0 0 0 0 0 0 0 0 0 0 0 0 0 0 0 0 0 0 0 0 0 0 0 0 0 0 0 0 0 0 0 0 0 0 0 0 0 0 0 0 0 0 0 0
ctxt 8099133
btime 1613144793
processes 167566
procs_running 1
procs_blocked 0
softirq 87370694 1 54308228 1698 1476843 0 0 155 2759166 0 28824603
