cpu  31470982 3 47098 7203296 459 0 4572 0 0 0
cpu0 873485 0 1740 200056 1 0 692 0 0 0
cpu1 874322 0 1285 200004 22 0 104 0 0 0
cpu2 873780 0 1569 200166 17 0 226 0 0 0
cpu3 873923 0 1452 200292 5 0 78 0 0 0
cpu4 873250 0 1886 200365 3 0 235 0 0 0
cpu5 873732 0 1536 200392 2 0 75 0 0 0
cpu6 873846 0 1397 200404 6 0 83 0 0 0
cpu7 873912 0 1569 200120 1 0 126 0 0 0
cpu8 874229 0 1068 200380 1 0 50 0 0 0
cpu9 873538 0 2096 199941 1 0 160 0 0 0
cpu10 873676 0 1565 200383 6 0 89 0 0 0
cpu11 874306 0 1660 199554 1 0 200 0 0 0
cpu12 873640 0 1579 200397 38 0 58 0 0 0
cpu13 874374 0 1509 199785 4 0 58 0 0 0
cpu14 873758 0 1604 200237 88 0 50 0 0 0
cpu15 871396 0 2924 200189 49 0 1168 0 0 0
cpu16 873727 0 1699 200231 2 0 63 0 0 0
cpu17 873755 0 1648 200248 2 0 70 0 0 0
cpu18 874396 0 872 200401 4 0 28 0 0 0
cpu19 874817 0 796 200013 15 0 56 0 0 0
cpu20 874435 0 1031 200161 5 0 94 0 0 0
cpu21 874670 0 707 200341 1 0 14 0 0 0
cpu22 874234 0 960 200433 23 0 71 0 0 0
cpu23 873889 0 1165 200532 1 0 144 0 0 0
cpu24 874168 0 1018 200434 7 0 100 0 0 0
cpu25 874375 0 845 200429 13 0 58 0 0 0
cpu26 874872 0 502 200341 2 0 9 0 0 0
cpu27 874884 0 898 199871 16 0 50 0 0 0
cpu28 875270 0 1258 199101 2 0 97 0 0 0
cpu29 874949 0 1121 199568 1 0 65 0 0 0
cpu30 876677 0 1059 197868 77 0 30 0 0 0
cpu31 875646 0 850 199178 1 0 35 0 0 0
cpu32 874275 0 1008 200410 1 0 26 0 0 0
cpu33 874250 1 1045 200360 6 0 53 0 0 0
cpu34 874356 0 922 200401 13 0 24 0 0 0
cpu35 874159 0 1241 200293 2 0 21 0 0 0
intr 86667121 56 0 0 0 610 0 0 0 1 0 250 0 0 0 0 0 0 0 0 0 0 0 0 0 0 0 0 0 0 0 0 94 530 470 749 2638 715 698 1413 293 138 282 460 83 4846 486 3890 2667 571 484 247 389 638 184 1445 135 0 0 0 0 368 542 203 1180 154 117 10252 178 151 991 810 218 0 0 17 12387 2 0 26343 2392 4699 1209 3244 4098 1561 5717 2308 6611 5478 3216 7872 1775 1687 252387 3483 4924 6890 1787 2298 1649 7029 2994 984 3105 1176 751 4451 2328 8013 5694 5214 10189 1618 2221 0 16 7919 1 0 0 0 0 0 0 0 0 0 0 0 0 0 0 0 0 0 0 0 0 0 0 0 0 0 0 0 0 0 0 0 0 0 0 0 0 0 25 0 0 0 0 0 0 0 0 0 0 0 0 0 0 0 0 0 0 0 0 0 0 0 0 0 0 0 0 0 0 0 0 0 0 0 0 0 0 0 0 0 0 0 0 0 0 0 0 0 0 0 0 0 0 0 0 0 0 0 0 0 0 0 0 0 0 0 0 0 0 0 0 0 0 0 0 0 0 0 0 0 0 0 0 0 0 0 0 0 0 0 0 0 0 0 0 0 0 0 0 0 0 0 0 0 0 0 0 0 0 0 0 0 0 0 0 0 0 0 0 0 0 0 0 0 0 0 0 0 0 0 0 0 0 0 0 0 0 0 0 0 0 0 0 0 0 0 0 0 0 0 0 0 0 0 0 0 0 0 0 0 0 0 0 0 0 0 0 0 0 0 0 0 0 0 0 0 0 0 0 0 0 0 0 0 0 0 0 0 0 0 0 0 0 0 0 0 0 0 0 0 0 0 0 0 0 0 0 0 0 0 0 0 0 0 0 0 0 0 0 0 0 0 0 0 0 0 0 0 0 0 0 0 0 0 0 0 0 0 0 0 0 0 0 0 0 0 0 0 0 0 0 0 0 0 0 0 0 0 0 0 0 0 0 0 0 0 0 0 0 0 0 0 0 0 0 0 0 0 0 0 0 0 0 0 0 0 0 0 0 0 0 0 0 0 0 0 0 0 0 0 0 0 0 0 0 0 0 0 0 0 0 0 0 0 0 0 0 0 0 0 0 0 0 0 0 0 0 0 0 0 0 0 0 0 0 0 0 0 0 0 0 0 0 0 0 0 0 0 0 0 0 0 0 0 0 0 0 0 0 0 0 0 0 0 0 0 0 0 0 0 0 0 0 0 0 0 0 0 0 0 0 0 0 0 0 0 0 0 0 0 0 0 0 0 0 0 0 0 0 0 0 0 0 0 0 0 0 0 0 0 0 0 0 0 0 0 0 0 0 0 0 0 0 0 0 0 0 0 0 0 0 0 0 0 0 0 0 0 0 0 0 0 0 0 0 0 0 0 0 0 0 0 0 0 0 0 0 0 0 0 0 0 0 0 0 0 0 0 0 0 0 0 0 0 0 0 0 0 0 0 0 0 0 0 0 0 0 0 0 0 0 0 0 0 0 0 0 0 0 0 0 0 0 0 0 0 0 0 0 0 0 0 0 0 0 0 0 0 0 0 0 0 0 0 0 0 0 0 0 0 0 0 0 0 0 0 0 0 0 0 0 0 0 0 0 0 0 0 0 0 0 0 0 0 0 0 0 0 0 0 0 0 0 0 0 0 0 0 0 0 0 0 0 0 0 0 0 0 0 0 0 0 0 0 0 0 0 0 0 0 0 0 0 0 0 0 0 0 0 0 0 0 0 0 0 0 0 0 0 0 0 0 0 0 0 0 0 0 0 0 0 0 0 0 0 0 0 0 0 0 0 0 0 0 0 0 0 0 0 0 0 0 0 0 0 0 0 0 0 0 0 0 0 0 0 0 0 0 0 0 0 0 0 0 0 0 0 0 0 0 0 0 0 0 0 0 0 0 0 0 0 0 0 0 0 0 0 0 0 0 0 0 0 0 0 0 0 0 0 0 0 0 0 0 0 0 0 0 0 0 0 0 0 0 0 0 0 0 0 0 0 0 0 0 0 0 0 0 0 0 0 0 0 0 0 0 0 0 0 0 0 0 0 0 0 0 0 0 0 0 0 0 0 0 0 0 0 0 0 0 0 0 0 0 0 0 0 0 0 0 0 0 0 0 0 0 0 0 0 0 0 0 0 0 0 0 0 0 0 0 0 0 0 0 0 0 0 0 0 0 0 0 0 0 0 0 0 0 0 0 0 0 0 0 0 0 0 0 0 0 0 0 0 0 0 0 0 0 0 0 0 0 0 0 0 0 0 0 0 0 0 0 0 0 0 0 0 0 0 0 0 0 0 0 0 0 0 0 0 0 0 0 0 0 0 0 0 0 0 0 0 0 0 0 0 0 0 0 0 0 0 0 0 0 0 0 0 0 0 0 0 0 0 0 0 0 0 0 0 0 0 0 0 0 0 0 0 0 0 0 0 0 0 0 0 0 0 0 0 0 0 0 0 0 0 0 0 0 0 0 0 0 0 0 0 0 0 0 0 0 0 0 0 0 0 0 0 0 0 0 0 0 0 0 0 0 0 0 0 0 0 0 0 0 0 0 0 0 0 0 0 0 0 0 0 0 0 0 0 0 0 0 0 0 0 0 0 0 0 0 0 0 0 0 0 0 0 0 0 0 0 0 0 0 0 0 0 0 0 0 0 0 0 0 0 0 0 0 0 0 0 0 0 0 0 0 0 0 0 0 0 0 0 0 0 0 0 0 0 0 0 0 0 0 0 0 0 0 0 0 0 0 0 0 0 0 0 0 0 0 0 0 0 0 0 0 0 0 0 0 0 0 0 0 0 0 0 0 0 0 0 0 0 0 0 0 0 0 0 0 0 0 0 0 0 0 0 0 0
ctxt 22283284
btime 1613124388
processes 557892
procs_running 1
procs_blocked 0
softirq 111653308 1 64150437 1059 4217505 0 0 404961 2926727 0 39952618
