cpu  27449546 4 56455 6997562 419 0 4118 0 0 0
cpu0 763324 1 2064 192793 0 0 473 0 0 0
cpu1 761755 0 2370 194322 1 0 91 0 0 0
cpu2 762827 0 1754 193832 79 0 57 0 0 0
cpu3 761400 0 2378 194716 1 0 72 0 0 0
cpu4 762141 0 1666 194719 1 0 35 0 0 0
cpu5 761956 0 1742 194824 0 0 49 0 0 0
cpu6 762678 0 1350 194339 72 0 114 0 0 0
cpu7 762835 0 1141 194516 3 0 54 0 0 0
cpu8 762763 0 1276 194482 6 0 23 0 0 0
cpu9 762930 0 1082 194493 1 0 54 0 0 0
cpu10 762342 0 1459 194674 5 0 85 0 0 0
cpu11 761902 0 1874 194651 3 0 126 0 0 0
cpu12 760153 0 3434 194581 4 0 373 0 0 0
cpu13 761808 0 2209 194440 1 0 81 0 0 0
cpu14 761575 0 2642 194243 8 0 85 0 0 0
cpu15 761528 0 2408 194578 2 0 38 0 0 0
cpu16 763642 0 2316 192529 0 0 78 0 0 0
cpu17 762555 0 1232 194694 22 0 44 0 0 0
cpu18 763133 0 1168 194230 13 0 17 0 0 0
cpu19 762282 0 1664 194477 9 0 128 0 0 0
cpu20 763055 0 872 194565 45 0 12 0 0 0
cpu21 762120 0 1854 194556 10 0 12 0 0 0
cpu22 762830 0 1008 194622 50 0 44 0 0 0
cpu23 762942 0 859 194688 4 0 66 0 0 0
cpu24 763379 0 512 194643 1 0 19 0 0 0
cpu25 762858 0 1045 194632 1 0 16 0 0 0
cpu26 763054 0 842 194597 13 0 51 0 0 0
cpu27 762249 0 1360 194718 4 0 220 0 0 0
cpu28 762535 0 1332 194667 4 0 17 0 0 0
cpu29 759635 0 2878 194622 2 0 1411 0 0 0
cpu30 763044 0 1055 194438 3 0 10 0 0 0
cpu31 762774 0 1408 194292 14 0 70 0 0 0
cpu32 763197 0 777 194574 1 0 15 0 0 0
cpu33 763038 0 1207 194287 3 0 18 0 0 0
cpu34 763320 0 989 194200 8 0 32 0 0 0
cpu35 763975 0 1215 193313 7 0 14 0 0 0
intr 75732697 56 0 0 0 611 0 0 0 1 0 250 0 0 0 0 0 0 0 0 0 0 0 0 0 0 0 0 0 0 0 0 93 186 220 9804 102 3113 151 3148 509 352 158 581 304 1179 912 556 417 292 541 2544 551 3452 1141 1832 416 0 0 0 0 68 99 375 350 362 1135 449 1005 161 331 605 797 0 0 16 15564 3770 0 19438 1132 1355 844 1853 1182 1016 1352 1896 1248 3257 3135 79116 18804 2586 1585 2267 687 1353 1063 813 791 1971 839 1011 869 2822 1839 3275 183429 837 1569 1288 1159 4951 2129 0 16 7795 1 0 0 0 0 0 0 0 0 0 0 0 0 0 0 0 0 0 0 0 0 0 0 0 0 0 0 0 0 0 0 0 0 0 0 0 0 0 25 0 0 0 0 0 0 0 0 0 0 0 0 0 0 0 0 0 0 0 0 0 0 0 0 0 0 0 0 0 0 0 0 0 0 0 0 0 0 0 0 0 0 0 0 0 0 0 0 0 0 0 0 0 0 0 0 0 0 0 0 0 0 0 0 0 0 0 0 0 0 0 0 0 0 0 0 0 0 0 0 0 0 0 0 0 0 0 0 0 0 0 0 0 0 0 0 0 0 0 0 0 0 0 0 0 0 0 0 0 0 0 0 0 0 0 0 0 0 0 0 0 0 0 0 0 0 0 0 0 0 0 0 0 0 0 0 0 0 0 0 0 0 0 0 0 0 0 0 0 0 0 0 0 0 0 0 0 0 0 0 0 0 0 0 0 0 0 0 0 0 0 0 0 0 0 0 0 0 0 0 0 0 0 0 0 0 0 0 0 0 0 0 0 0 0 0 0 0 0 0 0 0 0 0 0 0 0 0 0 0 0 0 0 0 0 0 0 0 0 0 0 0 0 0 0 0 0 0 0 0 0 0 0 0 0 0 0 0 0 0 0 0 0 0 0 0 0 0 0 0 0 0 0 0 0 0 0 0 0 0 0 0 0 0 0 0 0 0 0 0 0 0 0 0 0 0 0 0 0 0 0 0 0 0 0 0 0 0 0 0 0 0 0 0 0 0 0 0 0 0 0 0 0 0 0 0 0 0 0 0 0 0 0 0 0 0 0 0 0 0 0 0 0 0 0 0 0 0 0 0 0 0 0 0 0 0 0 0 0 0 0 0 0 0 0 0 0 0 0 0 0 0 0 0 0 0 0 0 0 0 0 0 0 0 0 0 0 0 0 0 0 0 0 0 0 0 0 0 0 0 0 0 0 0 0 0 0 0 0 0 0 0 0 0 0 0 0 0 0 0 0 0 0 0 0 0 0 0 0 0 0 0 0 0 0 0 0 0 0 0 0 0 0 0 0 0 0 0 0 0 0 0 0 0 0 0 0 0 0 0 0 0 0 0 0 0 0 0 0 0 0 0 0 0 0 0 0 0 0 0 0 0 0 0 0 0 0 0 0 0 0 0 0 0 0 0 0 0 0 0 0 0 0 0 0 0 0 0 0 0 0 0 0 0 0 0 0 0 0 0 0 0 0 0 0 0 0 0 0 0 0 0 0 0 0 0 0 0 0 0 0 0 0 0 0 0 0 0 0 0 0 0 0 0 0 0 0 0 0 0 0 0 0 0 0 0 0 0 0 0 0 0 0 0 0 0 0 0 0 0 0 0 0 0 0 0 0 0 0 0 0 0 0 0 0 0 0 0 0 0 0 0 0 0 0 0 0 0 0 0 0 0 0 0 0 0 0 0 0 0 0 0 0 0 0 0 0 0 0 0 0 0 0 0 0 0 0 0 0 0 0 0 0 0 0 0 0 0 0 0 0 0 0 0 0 0 0 0 0 0 0 0 0 0 0 0 0 0 0 0 0 0 0 0 0 0 0 0 0 0 0 0 0 0 0 0 0 0 0 0 0 0 0 0 0 0 0 0 0 0 0 0 0 0 0 0 0 0 0 0 0 0 0 0 0 0 0 0 0 0 0 0 0 0 0 0 0 0 0 0 0 0 0 0 0 0 0 0 0 0 0 0 0 0 0 0 0 0 0 0 0 0 0 0 0 0 0 0 0 0 0 0 0 0 0 0 0 0 0 0 0 0 0 0 0 0 0 0 0 0 0 0 0 0 0 0 0 0 0 0 0 0 0 0 0 0 0 0 0 0 0 0 0 0 0 0 0 0 0 0 0 0 0 0 0 0 0 0 0 0 0 0 0 0 0 0 0 0 0 0 0 0 0 0 0 0 0 0 0 0 0 0 0 0 0 0 0 0 0 0 0 0 0 0 0 0 0 0 0 0 0 0 0 0 0 0 0 0 0 0 0 0 0 0 0 0 0 0 0 0 0 0 0 0 0 0 0 0 0 0 0 0 0 0 0 0 0 0 0 0 0 0 0 0 0 0 0 0 0 0 0 0 0 0 0 0 0 0 0 0 0 0 0 0 0 0 0 0 0 0 0 0 0 0 0 0 0 0 0 0 0 0 0 0 0 0 0 0 0 0 0 0 0 0 0 0 0 0 0 0 0 0 0 0 0 0 0 0 0 0 0 0 0 0 0 0 0 0 0 0 0 0 0 0 0 0 0 0 0 0 0 0 0 0 0 0 0 0 0 0 0 0 0 0 0 0 0 0 0 0 0 0 0 0 0 0 0 0 0 0 0 0 0 0 0 0 0 0 0 0 0 0 0 0 0 0 0 0 0 0 0 0 0 0 0 0 0 0 0 0 0 0 0 0 0 0 0 0 0 0 0 0 0 0 0 0 0 0 0 0 0 0 0 0 0 0 0 0 0 0 0 0 0 0 0 0 0 0 0 0 0 0 0 0 0 0 0 0 0 0 0 0 0 0 0 0 0 0 0 0 0 0 0 0 0 0 0 0 0 0
ctxt 19629561
btime 1613124388
processes 490440
procs_running 1
procs_blocked 0
softirq 99573116 1 58170071 810 3691177 0 0 352337 2569954 0 34788766
