cpu  1621496 8 5072 3744021 177 0 239 0 0 0
cpu0 25310 0 274 58117 0 0 88 0 0 0
cpu1 25292 0 68 58546 9 0 38 0 0 0
cpu2 25287 0 80 58567 1 0 4 0 0 0
cpu3 25191 0 147 58583 4 0 12 0 0 0
cpu4 25818 0 320 57717 8 0 0 0 0 0
cpu5 25314 0 34 58584 4 0 0 0 0 0
cpu6 25325 0 73 58528 1 0 1 0 0 0
cpu7 25403 0 59 58473 2 0 0 0 0 0
cpu8 25295 0 122 58510 0 0 2 0 0 0
cpu9 25326 0 75 58527 3 0 8 0 0 0
cpu10 25306 0 146 58466 3 0 0 0 0 0
cpu11 25320 0 57 58553 2 0 0 0 0 0
cpu12 25345 0 95 58493 1 0 0 0 0 0
cpu13 25411 0 74 58436 1 0 0 0 0 0
cpu14 25429 0 91 58416 0 0 2 0 0 0
cpu15 25508 0 104 58305 2 0 0 0 0 0
cpu16 25337 0 62 58527 0 0 0 0 0 0
cpu17 25389 0 136 58381 1 0 8 0 0 0
cpu18 25389 0 64 58482 0 0 0 0 0 0
cpu19 25321 0 125 58471 1 0 6 0 0 0
cpu20 25294 0 71 58476 47 0 0 0 0 0
cpu21 25357 0 63 58500 11 0 0 0 0 0
cpu22 25298 0 86 58544 1 0 0 0 0 0
cpu23 25326 0 47 58551 8 0 0 0 0 0
cpu24 25307 0 86 58525 1 0 3 0 0 0
cpu25 25306 0 31 58597 1 0 0 0 0 0
cpu26 25301 0 60 58562 0 0 0 0 0 0
cpu27 25318 0 41 58572 1 0 0 0 0 0
cpu28 25301 0 62 58568 0 0 0 0 0 0
cpu29 25311 0 40 58577 2 0 0 0 0 0
cpu30 25307 0 60 58553 0 0 0 0 0 0
cpu31 25312 0 32 58582 1 0 0 0 0 0
cpu32 25387 0 86 58447 1 0 0 0 0 0
cpu33 25290 0 42 58592 1 0 0 0 0 0
cpu34 25298 2 44 58583 0 0 0 0 0 0
cpu35 25191 0 132 58595 0 0 8 0 0 0
cpu36 25261 0 102 58552 0 0 4 0 0 0
cpu37 25304 0 32 58582 5 0 0 0 0 0
cpu38 25306 0 51 58567 1 0 0 0 0 0
cpu39 25305 0 50 58569 1 0 0 0 0 0
cpu40 25366 0 83 58463 5 0 0 0 0 0
cpu41 25384 0 62 58463 1 0 0 0 0 0
cpu42 25307 0 62 58549 0 0 0 0 0 0
cpu43 25329 0 70 58525 0 0 0 0 0 0
cpu44 25330 0 68 58525 0 0 0 0 0 0
cpu45 25371 0 76 58472 0 0 0 0 0 0
cpu46 25520 0 90 58306 0 0 0 0 0 0
cpu47 25449 0 104 58358 2 0 0 0 0 0
cpu48 25324 0 52 58539 0 0 0 0 0 0
cpu49 25412 0 144 58360 2 0 0 0 0 0
cpu50 25319 0 38 58561 0 0 0 0 0 0
cpu51 25353 0 89 58475 2 0 0 0 0 0
cpu52 25312 0 54 58555 0 0 2 0 0 0
cpu53 25349 0 58 58511 3 0 0 0 0 0
cpu54 25302 0 52 58558 1 0 0 0 0 0
cpu55 25321 0 43 58554 0 0 0 0 0 0
cpu56 25318 0 64 58532 0 0 0 0 0 0
cpu57 25311 0 40 58562 0 0 0 0 0 0
cpu58 25313 0 50 58549 0 0 0 0 0 0
cpu59 25138 1 164 58573 1 0 41 0 0 0
cpu60 25310 0 45 58549 0 0 0 0 0 0
cpu61 25309 0 32 58573 0 0 0 0 0 0
cpu62 25303 0 41 58569 0 0 0 0 0 0
cpu63 25324 0 44 58538 7 0 0 0 0 0
intr 5286682 83 0 0 0 639 0 0 0 1 0 282 0 0 0 0 0 0 0 0 0 0 0 0 0 0 0 0 0 0 0 0 0 0 0 0 0 0 0 832 1 1420 9222 4 0 1250 2 612 5595 11 0 2 2 245 0 64 11634 8 893 14 8 0 0 528 5 12 0 0 0 0 2 0 0 0 4852 57 2 0 22 19 0 0 4 40 5 12 14 372 1 2 629 2701 0 1435 2 0 0 41 1 7 0 0 0 0 0 0 0 0 0 0 0 0 0 0 0 0 0 0 0 0 29220 93 0 0 0 0 0 0 0 0 0 0 0 0 0 0 0 0 0 0 0 0 0 0 0 0 0 0 0 0 0 0 0 0 0 0 0 0 0 0 0 0 0 0 0 0 0 0 0 0 0 0 0 0 0 0 0 0 0 0 0 0 0 0 0 0 0 0 0 0 0 0 0 0 0 0 0 15 0 0 0 0 0 0 0 0 0 0 0 0 0 0 0 0 0 0 0 0 0 0 0 0 0 0 0 0 0 0 0 0 0 0 0 0 0 0 0 0 0 0 0 0 0 0 0 0 0 0 0 0 0 0 0 0 0 0 0 0 0 0 0 0 0 0 0 0 0 0 0 0 0 0 0 0 0 0 0 0 0 0 0 0 0 0 0 0 0 0 0 0 0 0 0 0 0 0 0 0 0 0 0 0 0 0 0 0 0 0 0 0 0 0 0 0 0 0 0 0 0 0 0 0 0 0 0 0 0 0 0 0 0 0 0 0 0 0 0 0 0 0 0 0 0 0 0 0 0 0 0 0 0 0 0 0 0 0 0 0 0 0 0 0 0 0 0 0 0 0 0 0 0 0 0 0 0 0 0 0 0 0 0 0 0 0 0 0 0 0 0 0 0 0 0 0 0 0 0 0 0 0 0 0 0 0 0 0 0 0 0 0 0 0 0 0 0 0 0 0 0 0 0 0 0 0 0 0 0 0 0 0 0 0 0 0 0 0 0 0 0 0 0 0 0 0 0 0 0 0 0 0 0 0 0 0 0 0 0 0 0 0 0 0 0 0 0 0 0 0 0 0 0 0 0 0 0 0 0 0 0 0 0 0 0 0 0 0 0 0 0 0 0 0 0 0 0 0 0 0 0 0 0 0 0 0 0 0 0 0 0 0 0 0 0 0 0 0 0 0 0 0 0 0 0 0 0 0 0 0 0 0 0 0 0 0 0 0 0 0 0 0 0 0 0 0 0 0 0 0 0 0 0 0 0 0 0 0 0 0 0 0 0 0 0 0 0 0 0 0 0 0 0 0 0 0 0 0 0 0 0 0 0 0 0 0 0 0 0 0 0 0 0 0 0 0 0 0 0 0 0 0 0 0 0 0 0 0 0 0 0 0 0 0 0 0 0 0 0 0 0 0 0 0 0 0 0 0 0 0 0 0 0 0 0 0 0 0 0 0 0 0 0 0 0 0 0 0 0 0 0 0 0 0 0 0 0 0 0 0 0 0 0 0 0 0 0 0 0 0 0 0 0 0 0 0 0 0 0 0 0 0 0 0 0 0 0 0 0 0 0 0 0 0 0 0 0 0 0 0 0 0 0 0 0 0 0 0 0 0 0 0 0 0 0 0 0 0 0 0 0 0 0 0 0 0 0 0 0 0 0 0 0 0 0 0 0 0 0 0 0 0 0 0 0 0 0 0 0 0 0 0 0 0 0 0 0 0 0 0 0 0 0 0 0 0 0 0 0 0 0 0 0 0 0 0 0 0 0 0 0 0 0 0 0 0 0 0 0 0 0 0 0 0 0 0 0 0 0 0 0 0 0 0 0 0 0 0 0 0 0 0 0 0 0 0 0 0 0 0 0 0 0 0 0 0 0 0 0 0 0 0 0 0 0 0 0 0 0 0 0 0 0 0 0 0 0 0 0 0 0 0 0 0 0 0 0 0 0 0 0 0 0 0 0 0 0 0 0 0 0 0 0 0 0 0 0 0 0 0 0 0 0 0 0 0 0 0 0 0 0 0 0 0 0 0 0 0 0 0 0 0 0 0 0 0 0 0 0 0 0 0 0 0 0 0 0 0 0 0 0 0 0 0 0 0 0 0 0 0 0 0 0 0 0 0 0 0 0 0 0 0 0 0 0 0 0 0 0 0 0 0 0 0 0 0 0 0 0 0 0 0 0 0 0 0 0 0 0 0 0 0 0 0 0 0 0 0 0 0 0 0 0 0 0 0 0 0 0 0 0 0 0 0 0 0 0 0 0 0 0 0 0 0 0 0 0 0 0 0 0 0 0 0 0 0 0 0 0 0 0 0 0 0 0 0 0 0 0 0 0 0 0 0 0 0 0 0 0 0 0 0 0 0 0 0 0 0 0 0 0 0 0 0 0 0 0 0 0 0 0 0 0 0 0 0 0 0 0 0 0 0 0 0 0 0 0 0 0 0 0 0 0 0 0 0 0 0 0 0 0 0 0 0 0 0 0 0 0 0 0 0 0 0 0 0 0 0 0 0 0 0 0 0 0 0 0 0 0 0 0 0 0 0 0 0 0 0 0 0 0 0 0 0 0 0 0 0 0 0 0 0 0 0 0 0 0 0 0 0 0 0 0 0 0 0 0 0 0 0 0 0 0 0 0 0 0 0 0 0 0 0 0 0 0 0 0 0 0 0 0 0 0 0 0 0 0 0 0 0 0 0 0 0 0 0 0 0 0 0 0 0 0 0 0 0 0 0 0 0 0 0 0 0 0 0 0 0 0 0 0 0 0 0 0 0 0 0 0 0 0 0 0 0 0 0 0 0 0 0 0 0 0 0 0 0 0 0 0 0 0 0 0 0 0 0 0 0 0 0 0 0 0 0 0 0 0 0 0 0 0 0 0 0 0 0 0 0 0 0 0 0 0 0 0 0 0 0 0 0 0 0 0 0 0 0 0 0 0 0 0 0 0 0 0 0 0 0 0 0 0 0 0 0 0 0 0 0 0 0 0 0 0 0 0 0 0 0 0 0 0 0 0 0 0 0 0 0 0 0 0 0 0 0 0 0 0 0 0 0 0 0 0 0 0 0 0 0 0 0 0 0 0 0 0 0 0 0 0 0 0 0 0 0 0 0 0 0 0 0 0 0 0 0 0 0 0 0 0 0 0 0 0 0 0 0 0 0 0 0 0 0 0 0 0 0 0 0 0 0 0 0 0 0 0 0 0 0 0 0 0 0 0 0 0 0 0 0 0 0 0 0 0 0 0 0 0 0 0 0 0 0 0 0 0 0 0 0 0 0 0 0 0 0 0 0 0 0 0 0 0 0 0 0 0 0 0 0 0 0 0 0 0 0 0 0 0 0 0 0 0 0 0 0 0 0 0 0 0 0 0 0 0 0 0 0 0 0 0 0 0 0 0 0 0 0 0 0 0 0 0 0 0 0 0 0 0 0 0 0 0 0 0 0 0 0 0 0 0 0 0 0 0 0 0 0 0 0 0 0 0 0 0 0 0 0 0 0 0 0 0 0 0 0 0 0 0 0 0 0 0 0 0 0 0 0 0 0 0 0 0 0 0 0 0 0 0 0 0 0 0 0 0 0 0 0 0 0 0 0 0 0 0 0 0 0 0 0 0 0 0 0 0 0 0 0 0 0 0 0 0 0 0 0 0 0 0 0 0 0 0 0 0 0 0 0 0 0 0 0 0 0 0 0 0 0 0 0 0 0 0 0 0 0 0 0 0 0 0 0 0 0 0 0 0 0 0 0 0 0 0 0 0 0 0 0 0 0 0 0 0 0 0 0 0 0 0 0 0 0 0 0 0 0 0 0 0 0 0 0 0 0 0 0 0 0 0 0 0 0 0 0 0 0 0 0 0 0 0 0 0 0 0 0 0 0 0 0 0 0 0 0 0 0 0 0 0 0 0 0 0 0 0 0 0 0 0 0 0 0 0 0 0 0 0 0 0 0 0 0 0 0 0 0 0 0 0 0 0 0 0 0 0 0 0 0 0 0 0 0 0 0 0 0 0 0 0 0 0 0 0 0 0 0 0 0 0 0 0 0 0 0 0 0 0 0 0 0 0 0 0 0 0 0 0 0 0 0 0 0 0 0 0 0 0 0 0 0 0 0 0 0 0 0 0 0 0 0 0 0 0 0 0 0 0 0 0 0 0 0 0 0 0 0 0 0 0 0 0 0 0 0 0 0 0 0 0 0 0 0 0 0 0 0 0 0 0 0 0 0 0 0 0 0 0 0 0 0 0 0 0 0 0 0 0 0 0 0 0 0 0 0 0 0 0 0 0 0 0 0 0 0 0 0 0 0 0 0 0 0 0 0 0 0 0 0 0 0 0 0 0 0 0 0 0 0 0 0 0 0 0 0 0 0 0 0 0 0 0 0 0 0 0 0 0 0 0 0 0 0 0 0 0 0 0 0 0 0 0 0 0 0 0 0 0 0 0 0 0 0 0 0 0 0 0 0 0 0 0 0 0 0 0 0 0 0 0 0 0 0 0 0 0 0 0 0 0 0 0 0 0 0 0 0 0 0 0 0 0 0 0 0 0 0 0 0 0 0 0 0 0 0 0 0 0 0 0 0 0 0 0 0 0 0 0 0 0 0 0 0 0 0 0 0 0 0 0 0 0 0 0 0 0 0 0 0 0 0 0 0 0 0 0 0 0 0 0 0 0 0 0 0 0 0 0 0 0 0 0 0 0 0 0 0 0 0 0 0 0 0 0 0 0 0 0 0 0 0 0 0 0 0 0 0 0 0 0 0 0 0 0 0 0 0 0 0 0 0 0 0 0 0 0 0 0 0 0 0 0 0 0 0 0 0 0 0 0 0 0 0 0 0 0 0 0 0 0 0 0 0 0 0 0 0 0 0 0 0 0 0 0 0 0 0 0 0 0 0 0 0 0 0 0 0 0 0 0 0 0 0 0 0 0 0 0 0 0 0 0 0 0 0 0 0 0 0 0 0 0 0 0 0 0 0 0 0 0 0 0 0 0 0 0 0 0 0 0 0 0 0 0 0 0 0 0 0 0 0 0 0 0 0 0 0 0 0 0 0 0 0 0 0 0 0 0 0 0 0 0 0 0 0 0 0 0 0 0 0 0 0 0 0 0 0 0 0 0 0 0 0 0 0 0 0 0 0 0 0 0 0 0 0 0 0 0 0 0 0 0 0 0 0 0 0 0 0 0 0 0
ctxt 1213342
btime 1613123985
processes 26691
procs_running 1
procs_blocked 0
softirq 6197954 1 3694990 342 190372 0 0 139 299411 0 2012699
