cpu  1615513 6 5594 1574835 126 0 222 0 0 0
cpu0 25207 0 246 24291 0 0 102 0 0 0
cpu1 25218 0 53 24662 8 0 4 0 0 0
cpu2 25218 0 75 24659 0 0 1 0 0 0
cpu3 25206 0 43 24709 0 0 0 0 0 0
cpu4 25223 0 81 24638 0 0 2 0 0 0
cpu5 25214 0 37 24706 0 0 0 0 0 0
cpu6 25381 0 230 24293 0 0 0 0 0 0
cpu7 24964 0 254 24690 0 0 48 0 0 0
cpu8 25262 0 131 24550 0 0 0 0 0 0
cpu9 25075 0 164 24695 0 0 14 0 0 0
cpu10 25331 0 183 24421 1 0 0 0 0 0
cpu11 25205 0 44 24704 0 0 0 0 0 0
cpu12 25367 2 273 24285 13 0 4 0 0 0
cpu13 25214 0 49 24693 0 0 0 0 0 0
cpu14 25341 1 158 24447 2 0 0 0 0 0
cpu15 25212 0 34 24708 0 0 0 0 0 0
cpu16 25328 0 133 24480 0 0 1 0 0 0
cpu17 25215 0 38 24700 0 0 0 0 0 0
cpu18 25280 0 117 24554 0 0 0 0 0 0
cpu19 25218 0 40 24692 0 0 0 0 0 0
cpu20 25207 0 106 24627 0 0 1 0 0 0
cpu21 25228 0 46 24669 7 0 0 0 0 0
cpu22 25215 0 79 24653 0 0 3 0 0 0
cpu23 25210 0 40 24699 0 0 0 0 0 0
cpu24 25373 0 99 24444 6 0 0 0 0 0
cpu25 25211 0 36 24700 0 0 0 0 0 0
cpu26 25396 0 90 24465 0 0 0 0 0 0
cpu27 25209 0 36 24702 0 0 0 0 0 0
cpu28 25203 0 91 24645 0 0 4 0 0 0
cpu29 25210 0 49 24677 9 0 0 0 0 0
cpu30 25200 0 76 24673 0 0 1 0 0 0
cpu31 25209 0 45 24668 20 0 0 0 0 0
cpu32 25233 0 51 24668 0 0 0 0 0 0
cpu33 25209 0 41 24697 1 0 0 0 0 0
cpu34 25228 0 64 24655 0 0 0 0 0 0
cpu35 25206 0 48 24669 7 0 8 0 0 0
cpu36 25217 0 51 24680 0 0 0 0 0 0
cpu37 25208 0 43 24689 3 0 0 0 0 0
cpu38 25263 0 63 24615 0 0 0 0 0 0
cpu39 25192 0 67 24675 7 0 4 0 0 0
cpu40 25787 0 246 23894 2 0 0 0 0 0
cpu41 25040 0 200 24680 10 0 12 0 0 0
cpu42 25348 0 131 24436 2 0 0 0 0 0
cpu43 25210 0 37 24688 6 0 0 0 0 0
cpu44 25260 0 150 24523 0 0 0 0 0 0
cpu45 25207 0 43 24693 0 0 0 0 0 0
cpu46 25316 0 133 24487 0 0 0 0 0 0
cpu47 25210 0 35 24695 0 0 0 0 0 0
cpu48 25344 0 133 24451 1 0 0 0 0 0
cpu49 25231 0 50 24657 0 0 0 0 0 0
cpu50 25292 0 89 24553 0 0 0 0 0 0
cpu51 25216 0 44 24678 0 0 0 0 0 0
cpu52 25226 0 86 24619 0 0 0 0 0 0
cpu53 25209 0 39 24687 0 0 0 0 0 0
cpu54 25220 0 68 24646 0 0 0 0 0 0
cpu55 25211 0 51 24675 2 0 0 0 0 0
cpu56 25293 0 70 24576 0 0 0 0 0 0
cpu57 25209 0 41 24688 0 0 0 0 0 0
cpu58 25280 0 76 24578 0 0 0 0 0 0
cpu59 25212 0 45 24681 0 0 0 0 0 0
cpu60 25230 0 50 24649 0 0 0 0 0 0
cpu61 25209 0 47 24681 0 0 0 0 0 0
cpu62 25208 0 55 24670 0 0 0 0 0 0
cpu63 25215 0 44 24671 0 0 0 0 0 0
intr 5067436 84 0 0 0 630 0 0 0 1 0 282 0 0 0 0 0 0 0 0 0 0 0 0 0 0 0 0 0 0 0 0 0 0 0 0 0 0 0 5 0 586 0 1994 4 4 728 24 10332 2 503 263 47 0 2 4 0 393 4 510 2 1302 0 6 0 337 8 5734 35 0 131 0 5 0 12282 0 0 3 1 4 10139 2 0 31 0 3 33 0 0 0 0 0 0 2 0 789 2 5 0 7 50 23 14 0 0 0 0 0 0 0 0 0 0 0 0 0 0 0 0 0 92 29538 0 0 0 0 0 0 0 0 0 0 0 0 0 0 0 0 0 0 0 0 0 0 0 0 0 0 0 0 0 0 0 0 0 0 0 0 0 0 0 0 0 0 0 0 0 0 0 0 0 0 0 0 0 0 0 0 0 0 0 0 0 0 0 0 0 0 0 0 0 0 0 0 0 0 0 23 0 0 0 0 0 0 0 0 0 0 0 0 0 0 0 0 0 0 0 0 0 0 0 0 0 0 0 0 0 0 0 0 0 0 0 0 0 0 0 0 0 0 0 0 0 0 0 0 0 0 0 0 0 0 0 0 0 0 0 0 0 0 0 0 0 0 0 0 0 0 0 0 0 0 0 0 0 0 0 0 0 0 0 0 0 0 0 0 0 0 0 0 0 0 0 0 0 0 0 0 0 0 0 0 0 0 0 0 0 0 0 0 0 0 0 0 0 0 0 0 0 0 0 0 0 0 0 0 0 0 0 0 0 0 0 0 0 0 0 0 0 0 0 0 0 0 0 0 0 0 0 0 0 0 0 0 0 0 0 0 0 0 0 0 0 0 0 0 0 0 0 0 0 0 0 0 0 0 0 0 0 0 0 0 0 0 0 0 0 0 0 0 0 0 0 0 0 0 0 0 0 0 0 0 0 0 0 0 0 0 0 0 0 0 0 0 0 0 0 0 0 0 0 0 0 0 0 0 0 0 0 0 0 0 0 0 0 0 0 0 0 0 0 0 0 0 0 0 0 0 0 0 0 0 0 0 0 0 0 0 0 0 0 0 0 0 0 0 0 0 0 0 0 0 0 0 0 0 0 0 0 0 0 0 0 0 0 0 0 0 0 0 0 0 0 0 0 0 0 0 0 0 0 0 0 0 0 0 0 0 0 0 0 0 0 0 0 0 0 0 0 0 0 0 0 0 0 0 0 0 0 0 0 0 0 0 0 0 0 0 0 0 0 0 0 0 0 0 0 0 0 0 0 0 0 0 0 0 0 0 0 0 0 0 0 0 0 0 0 0 0 0 0 0 0 0 0 0 0 0 0 0 0 0 0 0 0 0 0 0 0 0 0 0 0 0 0 0 0 0 0 0 0 0 0 0 0 0 0 0 0 0 0 0 0 0 0 0 0 0 0 0 0 0 0 0 0 0 0 0 0 0 0 0 0 0 0 0 0 0 0 0 0 0 0 0 0 0 0 0 0 0 0 0 0 0 0 0 0 0 0 0 0 0 0 0 0 0 0 0 0 0 0 0 0 0 0 0 0 0 0 0 0 0 0 0 0 0 0 0 0 0 0 0 0 0 0 0 0 0 0 0 0 0 0 0 0 0 0 0 0 0 0 0 0 0 0 0 0 0 0 0 0 0 0 0 0 0 0 0 0 0 0 0 0 0 0 0 0 0 0 0 0 0 0 0 0 0 0 0 0 0 0 0 0 0 0 0 0 0 0 0 0 0 0 0 0 0 0 0 0 0 0 0 0 0 0 0 0 0 0 0 0 0 0 0 0 0 0 0 0 0 0 0 0 0 0 0 0 0 0 0 0 0 0 0 0 0 0 0 0 0 0 0 0 0 0 0 0 0 0 0 0 0 0 0 0 0 0 0 0 0 0 0 0 0 0 0 0 0 0 0 0 0 0 0 0 0 0 0 0 0 0 0 0 0 0 0 0 0 0 0 0 0 0 0 0 0 0 0 0 0 0 0 0 0 0 0 0 0 0 0 0 0 0 0 0 0 0 0 0 0 0 0 0 0 0 0 0 0 0 0 0 0 0 0 0 0 0 0 0 0 0 0 0 0 0 0 0 0 0 0 0 0 0 0 0 0 0 0 0 0 0 0 0 0 0 0 0 0 0 0 0 0 0 0 0 0 0 0 0 0 0 0 0 0 0 0 0 0 0 0 0 0 0 0 0 0 0 0 0 0 0 0 0 0 0 0 0 0 0 0 0 0 0 0 0 0 0 0 0 0 0 0 0 0 0 0 0 0 0 0 0 0 0 0 0 0 0 0 0 0 0 0 0 0 0 0 0 0 0 0 0 0 0 0 0 0 0 0 0 0 0 0 0 0 0 0 0 0 0 0 0 0 0 0 0 0 0 0 0 0 0 0 0 0 0 0 0 0 0 0 0 0 0 0 0 0 0 0 0 0 0 0 0 0 0 0 0 0 0 0 0 0 0 0 0 0 0 0 0 0 0 0 0 0 0 0 0 0 0 0 0 0 0 0 0 0 0 0 0 0 0 0 0 0 0 0 0 0 0 0 0 0 0 0 0 0 0 0 0 0 0 0 0 0 0 0 0 0 0 0 0 0 0 0 0 0 0 0 0 0 0 0 0 0 0 0 0 0 0 0 0 0 0 0 0 0 0 0 0 0 0 0 0 0 0 0 0 0 0 0 0 0 0 0 0 0 0 0 0 0 0 0 0 0 0 0 0 0 0 0 0 0 0 0 0 0 0 0 0 0 0 0 0 0 0 0 0 0 0 0 0 0 0 0 0 0 0 0 0 0 0 0 0 0 0 0 0 0 0 0 0 0 0 0 0 0 0 0 0 0 0 0 0 0 0 0 0 0 0 0 0 0 0 0 0 0 0 0 0 0 0 0 0 0 0 0 0 0 0 0 0 0 0 0 0 0 0 0 0 0 0 0 0 0 0 0 0 0 0 0 0 0 0 0 0 0 0 0 0 0 0 0 0 0 0 0 0 0 0 0 0 0 0 0 0 0 0 0 0 0 0 0 0 0 0 0 0 0 0 0 0 0 0 0 0 0 0 0 0 0 0 0 0 0 0 0 0 0 0 0 0 0 0 0 0 0 0 0 0 0 0 0 0 0 0 0 0 0 0 0 0 0 0 0 0 0 0 0 0 0 0 0 0 0 0 0 0 0 0 0 0 0 0 0 0 0 0 0 0 0 0 0 0 0 0 0 0 0 0 0 0 0 0 0 0 0 0 0 0 0 0 0 0 0 0 0 0 0 0 0 0 0 0 0 0 0 0 0 0 0 0 0 0 0 0 0 0 0 0 0 0 0 0 0 0 0 0 0 0 0 0 0 0 0 0 0 0 0 0 0 0 0 0 0 0 0 0 0 0 0 0 0 0 0 0 0 0 0 0 0 0 0 0 0 0 0 0 0 0 0 0 0 0 0 0 0 0 0 0 0 0 0 0 0 0 0 0 0 0 0 0 0 0 0 0 0 0 0 0 0 0 0 0 0 0 0 0 0 0 0 0 0 0 0 0 0 0 0 0 0 0 0 0 0 0 0 0 0 0 0 0 0 0 0 0 0 0 0 0 0 0 0 0 0 0 0 0 0 0 0 0 0 0 0 0 0 0 0 0 0 0 0 0 0 0 0 0 0 0 0 0 0 0 0 0 0 0 0 0 0 0 0 0 0 0 0 0 0 0 0 0 0 0 0 0 0 0 0 0 0 0 0 0 0 0 0 0 0 0 0 0 0 0 0 0 0 0 0 0 0 0 0 0 0 0 0 0 0 0 0 0 0 0 0 0 0 0 0 0 0 0 0 0 0 0 0 0 0 0 0 0 0 0 0 0 0 0 0 0 0 0 0 0 0 0 0 0 0 0 0 0 0 0 0 0 0 0 0 0 0 0 0 0 0 0 0 0 0 0 0 0 0 0 0 0 0 0 0 0 0 0 0 0 0 0 0 0 0 0 0 0 0 0 0 0 0 0 0 0 0 0 0 0 0 0 0 0 0 0 0 0 0 0 0 0 0 0 0 0 0 0 0 0 0 0 0 0 0 0 0 0 0 0 0 0 0 0 0 0 0 0 0 0 0 0 0 0 0 0 0 0 0 0 0 0 0 0 0 0 0 0 0 0 0 0 0 0 0 0 0 0 0 0 0 0 0 0 0 0 0 0 0 0 0 0 0 0 0 0 0 0 0 0 0 0 0 0 0 0 0 0 0 0 0 0 0 0 0 0 0 0 0 0 0 0 0 0 0 0 0 0 0 0 0 0 0 0 0 0 0 0 0 0 0 0 0 0 0 0 0 0 0 0 0 0 0 0 0 0 0 0 0 0 0 0 0 0 0 0 0 0 0 0 0 0 0 0 0 0 0 0 0 0 0 0 0 0 0 0 0 0 0 0 0 0 0 0 0 0 0 0 0 0 0 0 0 0 0 0 0 0 0 0 0 0 0 0 0 0 0 0 0 0 0 0 0 0 0 0 0 0 0 0 0 0 0 0 0 0 0 0 0 0 0 0 0 0 0 0 0 0 0 0 0 0 0 0 0 0 0 0 0 0 0 0 0 0 0 0 0 0 0 0 0 0 0 0 0 0 0 0 0 0 0 0 0 0 0 0 0 0 0 0 0 0 0 0 0 0 0 0 0 0 0 0 0 0 0 0 0 0 0 0 0 0 0 0 0 0 0 0 0 0 0 0 0 0 0 0 0 0 0 0 0 0 0 0 0 0 0 0 0 0 0 0 0 0 0 0 0 0 0 0 0 0 0 0 0 0 0 0 0 0 0 0 0 0 0 0 0 0 0 0 0 0 0 0 0 0 0 0 0 0 0 0 0 0 0 0 0 0 0 0 0 0 0 0 0 0 0 0 0 0 0 0 0 0 0 0 0 0 0 0 0 0 0 0 0 0 0 0 0 0 0 0 0 0 0 0 0 0 0 0 0 0 0 0 0 0 0 0 0 0 0 0 0 0 0 0 0 0 0 0 0 0 0 0 0 0 0 0 0 0 0 0 0 0 0 0 0 0 0 0 0 0 0 0 0 0 0 0 0 0 0 0 0 0 0 0 0 0 0 0 0 0 0 0 0 0 0 0 0 0 0 0 0 0 0 0 0 0 0 0 0 0 0 0 0 0 0 0 0 0 0 0 0 0 0 0 0 0 0 0 0 0 0 0 0 0 0 0 0 0 0 0 0 0
ctxt 1132087
btime 1613144793
processes 24791
procs_running 1
procs_blocked 0
softirq 5587454 1 3146355 721 181312 0 0 140 287670 0 1971255
