cpu  11906976 3 17590 6873352 457 0 1849 0 0 0
cpu0 330446 0 701 190757 1 0 359 0 0 0
cpu1 330948 0 552 190653 22 0 54 0 0 0
cpu2 330565 0 682 190893 17 0 104 0 0 0
cpu3 330708 0 523 190986 5 0 24 0 0 0
cpu4 330512 0 685 191010 3 0 28 0 0 0
cpu5 330678 0 440 191077 2 0 38 0 0 0
cpu6 330672 0 380 191135 6 0 36 0 0 0
cpu7 330498 0 612 191045 1 0 66 0 0 0
cpu8 330730 0 390 191087 1 0 24 0 0 0
cpu9 331116 0 395 190724 1 0 1 0 0 0
cpu10 330442 0 632 191120 6 0 22 0 0 0
cpu11 330646 0 408 191155 1 0 12 0 0 0
cpu12 330567 0 589 191013 38 0 8 0 0 0
cpu13 330932 0 408 190871 4 0 16 0 0 0
cpu14 330772 0 438 190929 88 0 11 0 0 0
cpu15 329561 0 1114 190999 49 0 498 0 0 0
cpu16 330709 0 515 190982 2 0 12 0 0 0
cpu17 330487 0 608 191091 2 0 34 0 0 0
cpu18 330794 0 342 191040 4 0 18 0 0 0
cpu19 331070 0 368 190747 15 0 5 0 0 0
cpu20 330552 0 646 190943 5 0 82 0 0 0
cpu21 330923 0 258 191045 1 0 5 0 0 0
cpu22 330756 0 374 191056 23 0 13 0 0 0
cpu23 330292 0 650 191164 0 0 124 0 0 0
cpu24 330695 0 357 191143 7 0 27 0 0 0
cpu25 330751 0 354 191080 13 0 28 0 0 0
cpu26 330915 0 258 191048 2 0 2 0 0 0
cpu27 331147 0 382 190677 16 0 1 0 0 0
cpu28 331545 0 807 189788 2 0 90 0 0 0
cpu29 331208 0 284 190710 1 0 5 0 0 0
cpu30 331229 0 474 190416 77 0 16 0 0 0
cpu31 330992 0 404 190804 1 0 16 0 0 0
cpu32 330856 0 262 191098 1 0 6 0 0 0
cpu33 330801 1 378 191000 6 0 26 0 0 0
cpu34 330716 0 460 191018 13 0 8 0 0 0
cpu35 330733 0 443 191030 2 0 12 0 0 0
intr 33128472 56 0 0 0 610 0 0 0 1 0 250 0 0 0 0 0 0 0 0 0 0 0 0 0 0 0 0 0 0 0 0 94 398 395 749 2629 142 620 1086 147 125 63 447 70 4604 386 3578 2237 409 372 245 356 400 167 1340 31 0 0 0 0 329 534 182 840 152 45 10205 147 67 724 492 200 0 0 17 10141 2 0 13722 286 3871 416 1923 3010 384 2494 1226 263 2956 880 802 393 915 107362 1447 3366 5719 395 355 1004 513 264 112 973 367 328 3422 1319 6229 3593 866 2500 1252 1446 0 16 7701 1 0 0 0 0 0 0 0 0 0 0 0 0 0 0 0 0 0 0 0 0 0 0 0 0 0 0 0 0 0 0 0 0 0 0 0 0 0 25 0 0 0 0 0 0 0 0 0 0 0 0 0 0 0 0 0 0 0 0 0 0 0 0 0 0 0 0 0 0 0 0 0 0 0 0 0 0 0 0 0 0 0 0 0 0 0 0 0 0 0 0 0 0 0 0 0 0 0 0 0 0 0 0 0 0 0 0 0 0 0 0 0 0 0 0 0 0 0 0 0 0 0 0 0 0 0 0 0 0 0 0 0 0 0 0 0 0 0 0 0 0 0 0 0 0 0 0 0 0 0 0 0 0 0 0 0 0 0 0 0 0 0 0 0 0 0 0 0 0 0 0 0 0 0 0 0 0 0 0 0 0 0 0 0 0 0 0 0 0 0 0 0 0 0 0 0 0 0 0 0 0 0 0 0 0 0 0 0 0 0 0 0 0 0 0 0 0 0 0 0 0 0 0 0 0 0 0 0 0 0 0 0 0 0 0 0 0 0 0 0 0 0 0 0 0 0 0 0 0 0 0 0 0 0 0 0 0 0 0 0 0 0 0 0 0 0 0 0 0 0 0 0 0 0 0 0 0 0 0 0 0 0 0 0 0 0 0 0 0 0 0 0 0 0 0 0 0 0 0 0 0 0 0 0 0 0 0 0 0 0 0 0 0 0 0 0 0 0 0 0 0 0 0 0 0 0 0 0 0 0 0 0 0 0 0 0 0 0 0 0 0 0 0 0 0 0 0 0 0 0 0 0 0 0 0 0 0 0 0 0 0 0 0 0 0 0 0 0 0 0 0 0 0 0 0 0 0 0 0 0 0 0 0 0 0 0 0 0 0 0 0 0 0 0 0 0 0 0 0 0 0 0 0 0 0 0 0 0 0 0 0 0 0 0 0 0 0 0 0 0 0 0 0 0 0 0 0 0 0 0 0 0 0 0 0 0 0 0 0 0 0 0 0 0 0 0 0 0 0 0 0 0 0 0 0 0 0 0 0 0 0 0 0 0 0 0 0 0 0 0 0 0 0 0 0 0 0 0 0 0 0 0 0 0 0 0 0 0 0 0 0 0 0 0 0 0 0 0 0 0 0 0 0 0 0 0 0 0 0 0 0 0 0 0 0 0 0 0 0 0 0 0 0 0 0 0 0 0 0 0 0 0 0 0 0 0 0 0 0 0 0 0 0 0 0 0 0 0 0 0 0 0 0 0 0 0 0 0 0 0 0 0 0 0 0 0 0 0 0 0 0 0 0 0 0 0 0 0 0 0 0 0 0 0 0 0 0 0 0 0 0 0 0 0 0 0 0 0 0 0 0 0 0 0 0 0 0 0 0 0 0 0 0 0 0 0 0 0 0 0 0 0 0 0 0 0 0 0 0 0 0 0 0 0 0 0 0 0 0 0 0 0 0 0 0 0 0 0 0 0 0 0 0 0 0 0 0 0 0 0 0 0 0 0 0 0 0 0 0 0 0 0 0 0 0 0 0 0 0 0 0 0 0 0 0 0 0 0 0 0 0 0 0 0 0 0 0 0 0 0 0 0 0 0 0 0 0 0 0 0 0 0 0 0 0 0 0 0 0 0 0 0 0 0 0 0 0 0 0 0 0 0 0 0 0 0 0 0 0 0 0 0 0 0 0 0 0 0 0 0 0 0 0 0 0 0 0 0 0 0 0 0 0 0 0 0 0 0 0 0 0 0 0 0 0 0 0 0 0 0 0 0 0 0 0 0 0 0 0 0 0 0 0 0 0 0 0 0 0 0 0 0 0 0 0 0 0 0 0 0 0 0 0 0 0 0 0 0 0 0 0 0 0 0 0 0 0 0 0 0 0 0 0 0 0 0 0 0 0 0 0 0 0 0 0 0 0 0 0 0 0 0 0 0 0 0 0 0 0 0 0 0 0 0 0 0 0 0 0 0 0 0 0 0 0 0 0 0 0 0 0 0 0 0 0 0 0 0 0 0 0 0 0 0 0 0 0 0 0 0 0 0 0 0 0 0 0 0 0 0 0 0 0 0 0 0 0 0 0 0 0 0 0 0 0 0 0 0 0 0 0 0 0 0 0 0 0 0 0 0 0 0 0 0 0 0 0 0 0 0 0 0 0 0 0 0 0 0 0 0 0 0 0 0 0 0 0 0 0 0 0 0 0 0 0 0 0 0 0 0 0 0 0 0 0 0 0 0 0 0 0 0 0 0 0 0 0 0 0 0 0 0 0 0 0 0 0 0 0 0 0 0 0 0 0 0 0 0 0 0 0 0 0 0 0 0 0 0 0 0 0 0 0 0 0 0 0 0 0 0 0 0 0 0 0 0 0 0 0 0 0 0 0 0 0 0 0 0 0 0 0 0 0 0 0 0 0 0 0 0 0 0 0 0 0 0 0 0 0 0 0 0 0 0 0 0 0 0 0 0 0 0 0 0 0 0 0 0 0 0 0 0 0 0 0 0 0 0 0 0 0 0 0 0 0 0 0 0 0 0 0 0 0 0 0 0 0 0 0 0 0 0 0 0 0 0 0 0 0
ctxt 9166741
btime 1613124388
processes 230327
procs_running 1
procs_blocked 0
softirq 42573412 1 24272737 608 1727281 0 0 174299 1184019 0 15214467
