cpu  11922752 5 16683 8189115 129 0 1312 0 0 0
cpu0 186015 0 675 127545 0 0 251 0 0 0
cpu1 186214 0 248 128051 2 0 80 0 0 0
cpu2 185978 0 570 127953 0 0 37 0 0 0
cpu3 186308 0 123 128116 7 0 5 0 0 0
cpu4 185816 0 666 127937 0 0 33 0 0 0
cpu5 186302 0 122 128118 0 0 10 0 0 0
cpu6 186242 0 401 127874 0 0 28 0 0 0
cpu7 185825 0 532 128096 0 0 99 0 0 0
cpu8 186193 0 525 127795 0 0 22 0 0 0
cpu9 186306 0 112 128121 0 0 11 0 0 0
cpu10 186319 0 352 127851 0 0 14 0 0 0
cpu11 186308 0 122 128112 0 0 7 0 0 0
cpu12 186289 0 257 127983 0 0 17 0 0 0
cpu13 186366 0 62 128120 0 0 0 0 0 0
cpu14 186192 0 360 127979 2 0 12 0 0 0
cpu15 186008 0 384 128104 0 0 54 0 0 0
cpu16 186110 0 407 127996 3 0 18 0 0 0
cpu17 186370 0 71 128098 0 0 0 0 0 0
cpu18 186344 0 454 127709 4 0 26 0 0 0
cpu19 186366 0 71 128110 0 0 0 0 0 0
cpu20 186316 0 546 127541 59 0 30 0 0 0
cpu21 186364 0 88 128095 0 0 2 0 0 0
cpu22 185996 0 479 128028 1 0 30 0 0 0
cpu23 186372 0 59 128113 0 0 1 0 0 0
cpu24 186164 1 288 128073 0 0 15 0 0 0
cpu25 186356 0 80 128105 0 0 2 0 0 0
cpu26 186005 0 460 128053 0 0 19 0 0 0
cpu27 186371 0 63 128107 0 0 0 0 0 0
cpu28 186250 0 302 127976 0 0 12 0 0 0
cpu29 186336 0 100 128110 0 0 1 0 0 0
cpu30 185993 0 538 127964 1 0 34 0 0 0
cpu31 186357 0 77 128104 1 0 0 0 0 0
cpu32 186322 0 472 127730 0 0 6 0 0 0
cpu33 186281 0 135 128112 0 0 4 0 0 0
cpu34 186171 0 323 128015 0 0 12 0 0 0
cpu35 186367 0 66 128108 0 0 1 0 0 0
cpu36 186164 0 354 127976 0 0 12 0 0 0
cpu37 186343 0 82 128111 0 0 4 0 0 0
cpu38 186352 0 250 127910 2 0 20 0 0 0
cpu39 185320 0 929 128093 0 0 191 0 0 0
cpu40 186331 0 301 127889 0 0 12 0 0 0
cpu41 186384 0 54 128101 1 0 0 0 0 0
cpu42 187582 0 486 126433 14 0 5 0 0 0
cpu43 186362 0 67 128105 1 0 0 0 0 0
cpu44 186858 0 268 127407 0 0 4 0 0 0
cpu45 186374 0 57 128106 1 0 0 0 0 0
cpu46 187237 0 426 126838 2 0 5 0 0 0
cpu47 186358 0 80 128092 1 0 6 0 0 0
cpu48 186353 0 192 127970 0 0 7 0 0 0
cpu49 186372 0 58 128106 0 0 0 0 0 0
cpu50 186503 1 344 127613 0 0 42 0 0 0
cpu51 186371 0 65 128096 0 0 0 0 0 0
cpu52 186206 0 254 128058 0 0 10 0 0 0
cpu53 186391 0 56 128078 0 0 0 0 0 0
cpu54 186250 0 318 127945 0 0 12 0 0 0
cpu55 186389 0 48 128096 0 0 0 0 0 0
cpu56 186238 0 236 128047 0 0 10 0 0 0
cpu57 186362 0 64 128105 0 0 1 0 0 0
cpu58 186164 0 283 128073 3 0 10 0 0 0
cpu59 186380 0 49 128103 0 0 0 0 0 0
cpu60 186342 0 162 128013 0 0 6 0 0 0
cpu61 186219 0 196 128091 0 0 25 0 0 0
cpu62 186252 0 286 127672 0 0 13 0 0 0
cpu63 186377 0 98 128054 0 0 1 0 0 0
intr 34153576 83 0 0 0 622 0 0 0 1 0 285 0 0 0 0 0 0 0 0 0 0 0 0 0 0 0 0 0 0 0 0 0 0 0 0 0 0 0 1970 3029 1030 2715 1987 348 358 16862 851 1713 600 4289 106 0 688 13535 2700 0 2136 0 21047 0 4594 0 1198 793 841 0 510 2 936 0 1233 1044 793 7 682 2258 2963 4594 1553 18 758 2 283 1 289 2175 1143 94 26111 703 1451 10 766 3 523 648 1103 0 888 1 485 0 0 0 0 0 0 0 0 0 0 0 0 0 0 0 0 0 0 30952 93 0 0 0 0 0 0 0 0 0 0 0 0 0 0 0 0 0 0 0 0 0 0 0 0 0 0 0 0 0 0 0 0 0 0 0 0 0 0 0 0 0 0 0 0 0 0 0 0 0 0 0 0 0 0 0 0 0 0 0 0 0 0 0 0 0 0 0 0 0 0 0 0 0 0 0 25 0 0 0 0 0 0 0 0 0 0 0 0 0 0 0 0 0 0 0 0 0 0 0 0 0 0 0 0 0 0 0 0 0 0 0 0 0 0 0 0 0 0 0 0 0 0 0 0 0 0 0 0 0 0 0 0 0 0 0 0 0 0 0 0 0 0 0 0 0 0 0 0 0 0 0 0 0 0 0 0 0 0 0 0 0 0 0 0 0 0 0 0 0 0 0 0 0 0 0 0 0 0 0 0 0 0 0 0 0 0 0 0 0 0 0 0 0 0 0 0 0 0 0 0 0 0 0 0 0 0 0 0 0 0 0 0 0 0 0 0 0 0 0 0 0 0 0 0 0 0 0 0 0 0 0 0 0 0 0 0 0 0 0 0 0 0 0 0 0 0 0 0 0 0 0 0 0 0 0 0 0 0 0 0 0 0 0 0 0 0 0 0 0 0 0 0 0 0 0 0 0 0 0 0 0 0 0 0 0 0 0 0 0 0 0 0 0 0 0 0 0 0 0 0 0 0 0 0 0 0 0 0 0 0 0 0 0 0 0 0 0 0 0 0 0 0 0 0 0 0 0 0 0 0 0 0 0 0 0 0 0 0 0 0 0 0 0 0 0 0 0 0 0 0 0 0 0 0 0 0 0 0 0 0 0 0 0 0 0 0 0 0 0 0 0 0 0 0 0 0 0 0 0 0 0 0 0 0 0 0 0 0 0 0 0 0 0 0 0 0 0 0 0 0 0 0 0 0 0 0 0 0 0 0 0 0 0 0 0 0 0 0 0 0 0 0 0 0 0 0 0 0 0 0 0 0 0 0 0 0 0 0 0 0 0 0 0 0 0 0 0 0 0 0 0 0 0 0 0 0 0 0 0 0 0 0 0 0 0 0 0 0 0 0 0 0 0 0 0 0 0 0 0 0 0 0 0 0 0 0 0 0 0 0 0 0 0 0 0 0 0 0 0 0 0 0 0 0 0 0 0 0 0 0 0 0 0 0 0 0 0 0 0 0 0 0 0 0 0 0 0 0 0 0 0 0 0 0 0 0 0 0 0 0 0 0 0 0 0 0 0 0 0 0 0 0 0 0 0 0 0 0 0 0 0 0 0 0 0 0 0 0 0 0 0 0 0 0 0 0 0 0 0 0 0 0 0 0 0 0 0 0 0 0 0 0 0 0 0 0 0 0 0 0 0 0 0 0 0 0 0 0 0 0 0 0 0 0 0 0 0 0 0 0 0 0 0 0 0 0 0 0 0 0 0 0 0 0 0 0 0 0 0 0 0 0 0 0 0 0 0 0 0 0 0 0 0 0 0 0 0 0 0 0 0 0 0 0 0 0 0 0 0 0 0 0 0 0 0 0 0 0 0 0 0 0 0 0 0 0 0 0 0 0 0 0 0 0 0 0 0 0 0 0 0 0 0 0 0 0 0 0 0 0 0 0 0 0 0 0 0 0 0 0 0 0 0 0 0 0 0 0 0 0 0 0 0 0 0 0 0 0 0 0 0 0 0 0 0 0 0 0 0 0 0 0 0 0 0 0 0 0 0 0 0 0 0 0 0 0 0 0 0 0 0 0 0 0 0 0 0 0 0 0 0 0 0 0 0 0 0 0 0 0 0 0 0 0 0 0 0 0 0 0 0 0 0 0 0 0 0 0 0 0 0 0 0 0 0 0 0 0 0 0 0 0 0 0 0 0 0 0 0 0 0 0 0 0 0 0 0 0 0 0 0 0 0 0 0 0 0 0 0 0 0 0 0 0 0 0 0 0 0 0 0 0 0 0 0 0 0 0 0 0 0 0 0 0 0 0 0 0 0 0 0 0 0 0 0 0 0 0 0 0 0 0 0 0 0 0 0 0 0 0 0 0 0 0 0 0 0 0 0 0 0 0 0 0 0 0 0 0 0 0 0 0 0 0 0 0 0 0 0 0 0 0 0 0 0 0 0 0 0 0 0 0 0 0 0 0 0 0 0 0 0 0 0 0 0 0 0 0 0 0 0 0 0 0 0 0 0 0 0 0 0 0 0 0 0 0 0 0 0 0 0 0 0 0 0 0 0 0 0 0 0 0 0 0 0 0 0 0 0 0 0 0 0 0 0 0 0 0 0 0 0 0 0 0 0 0 0 0 0 0 0 0 0 0 0 0 0 0 0 0 0 0 0 0 0 0 0 0 0 0 0 0 0 0 0 0 0 0 0 0 0 0 0 0 0 0 0 0 0 0 0 0 0 0 0 0 0 0 0 0 0 0 0 0 0 0 0 0 0 0 0 0 0 0 0 0 0 0 0 0 0 0 0 0 0 0 0 0 0 0 0 0 0 0 0 0 0 0 0 0 0 0 0 0 0 0 0 0 0 0 0 0 0 0 0 0 0 0 0 0 0 0 0 0 0 0 0 0 0 0 0 0 0 0 0 0 0 0 0 0 0 0 0 0 0 0 0 0 0 0 0 0 0 0 0 0 0 0 0 0 0 0 0 0 0 0 0 0 0 0 0 0 0 0 0 0 0 0 0 0 0 0 0 0 0 0 0 0 0 0 0 0 0 0 0 0 0 0 0 0 0 0 0 0 0 0 0 0 0 0 0 0 0 0 0 0 0 0 0 0 0 0 0 0 0 0 0 0 0 0 0 0 0 0 0 0 0 0 0 0 0 0 0 0 0 0 0 0 0 0 0 0 0 0 0 0 0 0 0 0 0 0 0 0 0 0 0 0 0 0 0 0 0 0 0 0 0 0 0 0 0 0 0 0 0 0 0 0 0 0 0 0 0 0 0 0 0 0 0 0 0 0 0 0 0 0 0 0 0 0 0 0 0 0 0 0 0 0 0 0 0 0 0 0 0 0 0 0 0 0 0 0 0 0 0 0 0 0 0 0 0 0 0 0 0 0 0 0 0 0 0 0 0 0 0 0 0 0 0 0 0 0 0 0 0 0 0 0 0 0 0 0 0 0 0 0 0 0 0 0 0 0 0 0 0 0 0 0 0 0 0 0 0 0 0 0 0 0 0 0 0 0 0 0 0 0 0 0 0 0 0 0 0 0 0 0 0 0 0 0 0 0 0 0 0 0 0 0 0 0 0 0 0 0 0 0 0 0 0 0 0 0 0 0 0 0 0 0 0 0 0 0 0 0 0 0 0 0 0 0 0 0 0 0 0 0 0 0 0 0 0 0 0 0 0 0 0 0 0 0 0 0 0 0 0 0 0 0 0 0 0 0 0 0 0 0 0 0 0 0 0 0 0 0 0 0 0 0 0 0 0 0 0 0 0 0 0 0 0 0 0 0 0 0 0 0 0 0 0 0 0 0 0 0 0 0 0 0 0 0 0 0 0 0 0 0 0 0 0 0 0 0 0 0 0 0 0 0 0 0 0 0 0 0 0 0 0 0 0 0 0 0 0 0 0 0 0 0 0 0 0 0 0 0 0 0 0 0 0 0 0 0 0 0 0 0 0 0 0 0 0 0 0 0 0 0 0 0 0 0 0 0 0 0 0 0 0 0 0 0 0 0 0 0 0 0 0 0 0 0 0 0 0 0 0 0 0 0 0 0 0 0 0 0 0 0 0 0 0 0 0 0 0 0 0 0 0 0 0 0 0 0 0 0 0 0 0 0 0 0 0 0 0 0 0 0 0 0 0 0 0 0 0 0 0 0 0 0 0 0 0 0 0 0 0 0 0 0 0 0 0 0 0 0 0 0 0 0 0 0 0 0 0 0 0 0 0 0 0 0 0 0 0 0 0 0 0 0 0 0 0 0 0 0 0 0 0 0 0 0 0 0 0 0 0 0 0 0 0 0 0 0 0 0 0 0 0 0 0 0 0 0 0 0 0 0 0 0 0 0 0 0 0 0 0 0 0 0 0 0 0 0 0 0 0 0 0 0 0 0 0 0 0 0 0 0 0 0 0 0 0 0 0 0 0 0 0 0 0 0 0 0 0 0 0 0 0 0 0 0 0 0 0 0 0 0 0 0 0 0 0 0 0 0 0 0 0 0 0 0 0 0 0 0 0 0 0 0 0 0 0 0 0 0 0 0 0 0 0 0 0 0 0 0 0 0 0 0 0 0 0 0 0 0 0 0 0 0 0 0 0 0 0 0 0 0 0 0 0 0 0 0 0 0 0 0 0 0 0 0 0 0 0 0 0 0 0 0 0 0 0 0 0 0 0 0 0 0 0 0 0 0 0 0 0 0 0 0 0 0 0 0 0 0 0 0 0 0 0 0 0 0 0 0 0 0 0 0 0 0 0 0 0 0 0 0 0 0 0 0 0 0 0 0 0 0 0 0 0 0 0 0 0 0 0 0 0 0 0 0 0 0 0 0 0 0 0 0 0 0 0 0 0 0 0 0 0 0 0 0 0 0 0 0 0 0 0 0 0 0 0 0 0 0 0 0 0 0 0 0 0 0 0 0 0 0 0 0 0 0 0 0 0 0 0 0 0 0 0 0 0 0 0 0 0 0 0 0 0 0 0 0 0 0 0 0 0 0 0 0 0 0 0 0 0 0 0 0 0 0 0 0 0 0 0 0 0 0 0 0 0 0 0 0 0 0 0 0 0 0 0 0 0 0 0 0 0 0 0 0 0 0 0 0 0 0 0 0 0 0 0 0 0 0 0 0 0 0 0 0 0 0 0 0 0 0 0 0 0 0 0 0 0 0 0 0 0 0 0 0 0 0 0 0 0 0 0 0 0 0 0 0 0 0 0 0 0 0 0 0 0 0 0 0 0
ctxt 5237905
btime 1613123984
processes 119605
procs_running 1
procs_blocked 0
softirq 39345900 1 22958770 1355 960166 0 0 141 1243606 0 14181861
