cpu  63396642 7 61885 29343329 521 0 4620 0 0 0
cpu0 494085 0 1724 228532 0 0 351 0 0 0
cpu1 494958 0 527 229518 2 0 49 0 0 0
cpu2 494335 0 1242 229373 0 0 79 0 0 0
cpu3 493785 0 1542 229594 7 0 82 0 0 0
cpu4 495038 0 687 229319 1 0 49 0 0 0
cpu5 495391 0 268 229352 0 0 75 0 0 0
cpu6 494934 0 824 229260 0 0 33 0 0 0
cpu7 494382 0 1269 229298 0 0 80 0 0 0
cpu8 495295 0 545 229204 0 0 43 0 0 0
cpu9 495639 0 258 229188 1 0 8 0 0 0
cpu10 494770 0 1054 229169 0 0 90 0 0 0
cpu11 494938 0 827 229232 0 0 74 0 0 0
cpu12 494777 0 719 229476 0 0 84 0 0 0
cpu13 495212 0 440 229396 0 0 32 0 0 0
cpu14 494740 0 1015 229260 0 0 70 0 0 0
cpu15 494944 0 779 229287 0 0 62 0 0 0
cpu16 495491 0 294 229292 0 0 9 0 0 0
cpu17 495336 0 257 229470 0 0 14 0 0 0
cpu18 494502 0 1292 229187 0 0 108 0 0 0
cpu19 495101 0 707 229204 2 0 52 0 0 0
cpu20 495403 0 268 229392 0 0 12 0 0 0
cpu21 495451 0 245 229383 0 0 16 0 0 0
cpu22 494960 0 828 229201 0 0 92 0 0 0
cpu23 495050 2 694 229274 0 0 50 0 0 0
cpu24 495600 0 345 229122 0 0 18 0 0 0
cpu25 495782 0 366 228905 1 0 18 0 0 0
cpu26 494518 0 971 229420 0 0 134 0 0 0
cpu27 494920 0 758 229268 0 0 78 0 0 0
cpu28 495698 0 316 228983 0 0 4 0 0 0
cpu29 495413 0 302 229339 0 0 12 0 0 0
cpu30 495423 0 445 229199 0 0 19 0 0 0
cpu31 495070 0 721 229211 1 0 57 0 0 0
cpu32 495231 0 441 229372 0 0 36 0 0 0
cpu33 495398 0 215 229206 0 0 210 0 0 0
cpu34 495270 0 550 229214 0 0 54 0 0 0
cpu35 495277 0 825 228901 3 0 58 0 0 0
cpu36 495565 0 323 229174 0 0 6 0 0 0
cpu37 494990 0 188 229881 0 0 12 0 0 0
cpu38 495132 0 593 229316 0 0 38 0 0 0
cpu39 495257 0 966 228770 6 0 75 0 0 0
cpu40 495641 0 222 229200 0 0 11 0 0 0
cpu41 495660 0 200 229208 1 0 11 0 0 0
cpu42 495166 0 505 229368 0 0 36 0 0 0
cpu43 495672 0 741 228549 29 0 58 0 0 0
cpu44 493626 0 488 230876 0 0 43 0 0 0
cpu45 496111 0 358 228575 1 0 20 0 0 0
cpu46 495072 0 588 229368 3 0 34 0 0 0
cpu47 496158 0 932 227864 2 0 66 0 0 0
cpu48 495509 0 282 229268 0 0 15 0 0 0
cpu49 495590 0 246 229204 0 0 20 0 0 0
cpu50 495330 0 542 229162 1 0 44 0 0 0
cpu51 495034 0 699 229235 2 0 54 0 0 0
cpu52 495416 0 234 229409 0 0 10 0 0 0
cpu53 495458 0 255 229338 2 0 15 0 0 0
cpu54 495378 0 341 229332 0 0 18 0 0 0
cpu55 495281 0 415 229339 5 0 19 0 0 0
cpu56 495446 0 269 229334 0 0 20 0 0 0
cpu57 495335 0 214 229502 0 0 12 0 0 0
cpu58 495223 0 558 229245 3 0 47 0 0 0
cpu59 495117 0 447 229375 77 0 34 0 0 0
cpu60 495122 0 453 229453 2 0 44 0 0 0
cpu61 495564 0 182 229316 0 0 12 0 0 0
cpu62 495480 0 338 229232 0 0 21 0 0 0
cpu63 495492 0 445 229095 0 0 25 0 0 0
cpu64 494689 0 938 229312 1 0 122 0 0 0
cpu65 495090 0 375 229540 0 0 27 0 0 0
cpu66 494598 0 779 229640 3 0 30 0 0 0
cpu67 495083 0 663 229183 88 0 27 0 0 0
cpu68 495273 0 363 229397 0 0 9 0 0 0
cpu69 495283 0 321 229437 1 0 10 0 0 0
cpu70 495088 0 616 229343 0 0 20 0 0 0
cpu71 495174 0 686 229135 31 0 22 0 0 0
cpu72 495562 0 311 229185 0 0 9 0 0 0
cpu73 495370 0 232 229452 0 0 10 0 0 0
cpu74 495152 0 672 229212 0 0 40 0 0 0
cpu75 495033 0 596 229351 2 0 49 0 0 0
cpu76 495364 0 242 229437 0 0 10 0 0 0
cpu77 495398 0 312 229335 1 0 12 0 0 0
cpu78 493800 0 783 230372 0 0 50 0 0 0
cpu79 495058 0 528 229402 4 0 25 0 0 0
cpu80 495671 0 193 229200 1 0 2 0 0 0
cpu81 495431 0 163 229451 0 0 7 0 0 0
cpu82 494678 0 866 229432 0 0 66 0 0 0
cpu83 495035 0 479 229473 1 0 42 0 0 0
cpu84 495701 0 196 229157 0 0 5 0 0 0
cpu85 495294 0 245 229495 0 0 13 0 0 0
cpu86 495340 0 547 229141 1 0 32 0 0 0
cpu87 494951 1 674 229336 4 0 84 0 0 0
cpu88 495365 0 415 229255 0 0 25 0 0 0
cpu89 495522 0 166 229362 0 0 9 0 0 0
cpu90 495051 0 587 229371 0 0 40 0 0 0
cpu91 494900 0 597 229460 1 0 60 0 0 0
cpu92 495608 0 192 229249 1 0 3 0 0 0
cpu93 495512 0 167 229360 0 0 10 0 0 0
cpu94 495258 0 296 229490 0 0 10 0 0 0
cpu95 495127 0 516 229349 1 0 23 0 0 0
cpu96 495515 0 238 229281 5 0 8 0 0 0
cpu97 495571 0 160 229315 0 0 6 0 0 0
cpu98 495571 0 279 229186 0 0 16 0 0 0
cpu99 495410 2 584 229027 2 0 40 0 0 0
cpu100 495666 0 166 229221 0 0 2 0 0 0
cpu101 495506 0 175 229366 1 0 5 0 0 0
cpu102 495490 0 287 229267 0 0 12 0 0 0
cpu103 495665 0 652 228683 5 0 44 0 0 0
cpu104 495631 0 195 229221 0 0 1 0 0 0
cpu105 495585 0 161 229294 1 0 10 0 0 0
cpu106 495076 0 362 229575 0 0 15 0 0 0
cpu107 495635 0 572 228785 8 0 49 0 0 0
cpu108 495579 0 200 229256 7 0 3 0 0 0
cpu109 495546 0 180 229310 1 0 13 0 0 0
cpu110 495342 0 305 229372 0 0 20 0 0 0
cpu111 496921 0 970 227038 1 0 80 0 0 0
cpu112 495727 0 194 229129 0 0 4 0 0 0
cpu113 495498 0 172 229361 0 0 12 0 0 0
cpu114 495201 0 574 229214 11 0 49 0 0 0
cpu115 496586 0 552 227800 70 0 11 0 0 0
cpu116 495426 0 221 229391 1 0 6 0 0 0
cpu117 495565 0 184 229282 0 0 8 0 0 0
cpu118 495591 0 204 229239 0 0 3 0 0 0
cpu119 495543 0 558 228875 4 0 45 0 0 0
cpu120 495758 0 177 229114 0 0 4 0 0 0
cpu121 495579 0 162 229304 2 0 4 0 0 0
cpu122 495253 0 386 229384 0 0 17 0 0 0
cpu123 495600 0 417 228961 54 0 8 0 0 0
cpu124 495466 0 230 229340 2 0 13 0 0 0
cpu125 495592 0 234 229208 0 0 5 0 0 0
cpu126 495634 0 225 229178 1 0 3 0 0 0
cpu127 495465 0 556 228986 1 0 14 0 0 0
intr 179292803 130 0 0 0 683 0 0 0 1 0 285 0 0 0 0 0 0 0 0 0 0 0 0 0 0 0 0 0 0 0 0 0 0 0 0 260 0 976 7097 1756 15571 2004 20956 3405 8382 1847 682 1286 6587 135 2572 5812 8827 157 655 1067 7517 1186 2520 591 6575 446 2427 1192 5305 1506 1374 745 6560 554 63950 517 11368 483 845 272 6120 1403 928 1372 9545 1280 761 998 11193 473 1742 1564 4145 380 1449 433 3176 299 1461 954 7196 153 1132 3633 4280 885 6232 4124 11638 2223 3664 1158 7555 1005 762 760 6272 598 2331 1115 5982 134 445 539 7819 1102 3592 569 8194 567 1151 753 7231 429 1768 925 8897 513 975 346 4748 399 580 241 5355 701 731 2009 3042 1129 2212 788 6787 200 1159 757 1608 526 1119 613 0 0 0 0 0 0 0 0 0 0 163 189 1 62 4 80 368 18 155 1 3 0 9 0 6 0 10 158 11 3 764 21 128 2 86 398 188 19 271 62 483 38 93 0 0 0 0 0 0 0 0 0 0 0 0 0 0 0 0 0 179 10 94 26 97 34 24 1 111 3 85 0 6 26 104 136 39 19 91 19 35 76 0 0 8 0 105 28 0 83 0 1 1 0 6 385 0 0 37 6359 5260 120 424 471 763 388 245 219 251 872 172 202 402 3008 71 128 225 582 66 9908 117 546 85 0 0 0 0 0 0 0 0 0 0 0 0 0 0 0 0 0 0 0 0 0 0 0 0 0 0 0 0 0 0 0 0 0 0 0 0 0 0 0 0 0 0 0 0 0 0 0 0 0 0 0 0 0 0 0 0 0 0 0 0 0 0 0 0 0 0 0 0 0 0 0 0 0 0 0 0 0 0 0 0 0 0 0 0 0 0 0 0 0 0 0 0 0 0 0 0 0 0 0 0 0 0 0 0 0 0 0 0 0 0 0 0 0 0 0 0 0 0 0 0 0 0 0 0 0 0 0 0 0 0 0 0 0 0 0 0 0 0 0 0 0 0 0 0 0 0 0 0 0 0 0 0 0 0 0 0 0 0 0 0 0 0 0 0 0 0 0 0 0 0 0 0 0 0 0 0 0 0 0 0 0 0 0 0 0 0 0 0 0 0 0 0 0 0 0 0 0 0 0 0 0 0 0 0 0 0 0 0 0 0 0 0 0 0 0 0 0 0 0 0 0 0 0 0 0 0 0 0 0 0 0 0 0 0 0 0 0 0 0 0 0 0 0 0 0 0 0 0 0 0 0 0 0 0 0 0 0 0 0 0 0 0 0 0 0 0 0 0 0 0 0 0 0 0 0 0 0 0 0 0 0 0 0 0 0 0 0 0 0 0 0 0 0 0 0 0 0 0 0 0 0 0 0 0 0 0 0 0 0 0 0 0 0 0 0 0 0 0 0 0 0 0 0 0 0 0 0 0 0 0 0 0 0 0 0 0 0 0 0 0 0 0 0 0 0 0 0 0 0 0 0 0 0 0 0 0 0 0 0 0 0 0 0 0 0 0 0 0 0 0 0 0 0 0 0 0 0 0 0 0 0 0 0 0 0 0 0 0 0 0 0 0 0 0 0 0 0 0 0 0 0 0 0 0 0 0 0 0 0 0 0 0 0 0 0 0 0 0 0 0 0 0 0 4 0 0 0 0 0 0 0 47 0 0 48 0 0 0 0 0 0 0 0 0 0 0 0 1 0 0 0 0 0 0 0 0 0 0 0 0 0 0 0 0 0 0 0 0 0 0 0 0 0 0 0 0 0 0 0 0 0 0 0 0 0 0 0 0 0 0 0 0 0 0 0 0 0 0 0 0 0 0 0 0 0 0 0 0 0 0 0 0 0 0 0 0 0 20 0 0 0 0 0 0 0 0 0 0 0 0 0 0 0 0 0 0 0 0 0 0 0 0 0 0 0 0 0 0 0 0 0 0 0 0 0 0 0 0 0 0 0 0 0 0 0 0 0 0 0 0 0 0 0 0 0 0 0 0 0 0 0 0 0 0 0 0 0 0 0 0 0 0 0 0 0 0 0 0 0 0 0 0 0 0 0 0 0 0 0 0 0 0 0 0 0 0 0 0 0 0 0 0 0 0 0 0 0 0 0 0 0 0 0 0 0 0 0 0 0 0 0 0 0 0 0 0 0 0 0 0 0 0 0 0 0 0 0 0 0 0 0 0 0 0 0 0 0 0 0 0 0 0 0 0 0 0 0 0 0 0 0 0 0 0 0 0 0 0 0 0 0 0 0 0 0 0 0 0 0 0 0 0 0 0 0 0 0 0 0 0 0 0 0 0 0 0 0 0 0 0 0 0 0 0 0 0 0 0 0 0 0 0 0 0 0 0 0 0 0 0 0 0 0 0 0 0 0 0 0 0 0 0 0 0 0 0 0 0 0 0 0 0 0 0 0 0 0 0 0 0 0 0 0 0 0 0 0 0 0 0 0 0 0 0 0 0 0 0 0 0 0 0 0 0 0 0 0 0 0 0 0 0 0 0 0 0 0 0 0 0 0 0 0 0 0 0 0 0 0 0 0 0 0 0 0 0 0 0 0 0 0 0 0 0 0 0 0 0 0 0 0 0 0 0 0 0 0 0 0 0 0 0 0 0 0 0 0 0 0 0 0 0 0 0 0 0 0 0 0 0 0 0 0 0 0 0 0 0 0 0 0 0 0 0 0 0 0 0 0 0 0 0 0 0 0 0 0 0 0 0 0 0 0 0 0 0 0 0 0 0 0 0 0 0 0 0 0 0 0 0 0 0 0 0 0 0 0 0 0 0 0 0 0 0 0 0 0 0 0 0 0 0 0 0 0 0 0 0 0 0 0 0 0 0 0 0 0 0 0 0 0 0 0 0 0 0 0 0 0 0 0 0 0 0 0 0 0 0 0 0 0 0 0 0 0 0 0 0 0 0 0 0 0 0 0 0 0 0 0 0 0 0 0 0 0 0 0 0 0 0 0 0 0 0 0 0 0 0 0 0 0 0 0 0 0 0 0 0 0 0 0 0 0 0 0 0 0 0 0 0 0 0 0 0 0 0 0 0 0 0 0 0 0 0 0 0 0 0 0 0 0 0 0 0 0 0 0 0 0 0 0 0 0 0 0 0 0 0 0 0 0 0 0 0 0 0 0 0 0 0 0 0 0 0 0 0 0 0 0 0 0 0 0 0 0 0 0 0 0 0 0 0 0 0 0 0 0 0 0 0 0 0 0 0 0 0 0 0 0 0 0 0 0 0 0 0 0 0 0 0 0 0 0 0 0 0 0 0 0 0 0 0 0 0 0 0 0 0 0 0 0 0 0 0 0 0 0 0 0 0 0 0 0 0 0 0 0 0 0 0 0 0 0 0 0 0 0 0 0 0 0 0 0 0 0 0 0 0 0 0 0 0 0 0 0 0 0 0 0 0 0 0 0 0 0 0 0 0 0 0 0 0 0 0 0 0 0 0 0 0 0 0 0 0 0 0 0 0 0 0 0 0 0 0 0 0 0 0 0 0 0 0 0 0 0 0 0 0 0 0 0 0 0 0 0 0 0 0 0 0 0 0 0 0 0 0 0 0 0 0 0 0 0 0 0 0 0 0 0 0 0 0 0 0 0 0 0 0 0 0 0 0 0 0 0 0 0 0 0 0 0 0 0 0 0 0 0 0 0 0 0 0 0 0 0 0 0 0 0 0 0 0 0 0 0 0 0 0 0 0 0 0 0 0 0 0 0 0 0 0 0 0 0 0 0 0 0 0 0 0 0 0 0 0 0 0 0 0 0 0 0 0 0 0 0 0 0 0 0 0 0 0 0 0 0 0 0 0 0 0 0 0 0 0 0 0 0 0 0 0 0 0 0 0 0 0 0 0 0 0 0 0 0 0 0 0 0 0 0 0 0 0 0 0 0 0 0 0 0 0 0 0 0 0 0 0 0 0 0 0 0 0 0 0 0 0 0 0 0 0 0 0 0 0 0 0 0 0 0 0 0 0 0 0 0 0 0 0 0 0 0 0 0 0 0 0 0 0 0 0 0 0 0 0 0 0 0 0 0 0 0 0 0 0 0 0 0 0 0 0 0 0 0 0 0 0 0 0 0 0 0 0 0 0 0 0 0 0 0 0 0 0 0 0 0 0 0 0 0 0 0 0 0 0 0 0 0 0 0 0 0 0 0 0 0 0 0 0 0 0 0 0 0 0 0 0 0 0 0 0 0 0 0 0 0 0 0 0 0 0 0 0 0 0 0 0 0 0 0 0 0 0 0 0 0 0 0 0 0 0 0 0 0 0 0 0 0 0 0 0 0 0 0 0 0 0 0 0 0 0 0 0 0 0 0 0 0 0 0 0 0 0 0 0 0 0 0 0 0 0 0 0 0 0 0 0 0 0 0 0 0 0 0 0 0 0 0 0 0 0 0 0 0 0 0 0 0 0 0 0 0 0 0 0 0 0 0 0 0 0 0 0 0 0 0 0 0 0 0 0 0 0 0 0 0 0 0 0 0 0 0 0 0 0 0 0 0 0 0 0 0 0 0 0 0 0 0 0 0 0 0 0 0 0 0 0 0 0 0 0 0 0 0 0 0 0 0 0 0 0 0 0 0 0 0 0 0 0 0 0 0 0 0 0 0 0 0 0 0 0 0 0 0 0 0 0 0 0 0 0 0 0 0 0 0 0 0 0 0 0 0 0 0 0 0 0 0 0 0 0 0 0 0 0 0 0 0 0 0 0 0 0 0 0 0 0 0 0 0 0 0 0 0 0 0 0 0 0 0 0 0 0 0 0 0 0 0 0 0 0 0 0 0 0 0 0 0 0 0 0 0 0 0 0 0 0 0 0 0 0 0 0 0 0 0 0 0 0 0 0 0 0 0 0 0 0 0 0 0 0 0 0 0 0 0 0 0 0 0 0 0 0 0 0 0 0 0 0 0 0 0 0 0 0 0 0 0 0 0 0 0 0 0 0 0 0 0 0 0 0 0 0 0 0 0 0 0 0 0 0 0 0 0 0 0 0 0 0 0 0 0 0 0 0 0 0 0 0 0 0 0 0 0 0 0 0 0 0 0 0 0 0 0 0 0 0 0 0 0 0 0 0 0 0 0 0 0 0 0 0 0 0 0 0 0 0 0 0 0 0 0 0 0 0 0 0 0 0 0 0 0 0 0 0 0 0 0 0 0 0 0 0 0 0 0 0 0 0 0 0 0 0 0 0 0 0 0 0 0 0 0 0 0 0 0 0 0 0 0 0 0 0 0 0 0 0 0 0 0 0 0 0 0 0 0 0 0 0 0 0 0 0 0 0 0 0 0 0 0 0 0 0 0 0 0 0 0 0 0 0 0 0 0 0 0 0 0 0 0 0 0 0 0 0 0 0 0 0 0 0 0 0 0 0 0 0 0 0 0 0 0 0 0 0 0 0 0 0 0 0 0 0 0 0 0 0 0 0 0 0 0 0 0 0 0 0 0 0 0 0 0 0 0 0 0 0 0 0 0 0 0 0 0 0 0 0 0 0 0 0 0 0 0 0 0 0 0 0 0 0 0 0 0 0 0 0 0 0 0 0 0 0 0 0 0 0 0 0 0 0 0 0 0 0 0 0 0 0 0 0 0 0 0 0 0 0 0 0 0 0 0 0 0 0 0 0 0 0 0 0 0 0 0 0 0 0 0 0 0 0 0 0 0 0 0 0 0 0 0 0 0 0 0 0 0 0 0 0 0 0 0 0 0 0 0 0 0 0 0 0 0 0 0 0 0 0 0 0 0 0 0 0 0 0 0 0 0 0 0 0 0 0 0 0 0 0 0 0 0 0 0 0 0 0 0 0 0 0 0 0 0 0 0 0 0 0 0 0 0 0 0 0 0 0 0 0 0 0 0 0 0 0 0 0 0 0 0 0 0 0 0 0 0 0 0 0 0 0 0 0 0 0 0 0 0 0 0 0 0 0 0 0 0 0 0 0 0 0 0 0 0 0 0 0 0 0 0 0 0 0 0 0 0 0 0 0 0 0 0 0 0 0 0 0 0 0 0 0 0 0 0 0 0 0 0 0 0 0 0 0 0 0 0 0 0 0 0 0 0 0 0 0 0 0 0 0 0 0 0 0 0 0 0 0 0 0 0 0 0 0 0 0 0 0 0 0 0 0 0 0 0 0 0 0 0 0 0 0 0 0 0 0 0 0 0 0 0 0 0 0 0 0 0 0 0 0 0 0 0 0 0 0 0 0 0 0 0 0 0 0 0 0 0 0 0 0 0 0 0 0 0 0 0 0 0 0 0 0 0 0 0 0 0 0 0 0 0 0 0 0 0 0 0 0 0 0 0 0 0 0 0 0 0 0 0 0 0 0 0 0 0 0 0 0 0 0 0 0 0 0 0 0 0 0 0 0 0 0 0 0 0 0 0 0 0 0 0 0 0 0 0 0 0 0 0 0 0 0 0 0 0 0 0 0 0 0 0 0 0 0 0 0 0 0 0 0 0 0 0 0 0 0 0 0 0 0 0 0 0 0 0 0 0 0 0 0 0 0 0 0 0 0 0 0 0 0 0 0 0 0 0 0 0 0 0 0 0 0 0 0 0 0 0 0 0 0 0 0 0 0 0 0 0 0 0 0 0 0 0 0 0 0 0 0 0 0 0 0 0 0 0 0 0 0 0 0 0 0 0 0 0 0 0 0 0 0 0 0 0 0 0 0 0 0 0 0 0 0 0 0 0 0 0 0 0 0 0 0 0 0 0 0 0 0 0 0 0 0 0 0 0 0 0 0 0 0 0 0 0 0 0 0 0 0 0 0 0 0 0 0 0 0 0 0 0 0 0 0 0 0 0 0 0 0 0 0 0 0 0 0 0 0 0 0 0 0 0 0 0 0 0 0 0 0 0 0 0 0 0 0 0 0 0 0 0 0 0 0 0 0 0 0 0 0 0 0 0 0 0 0 0 0 0 0 0 0 0 0 0 0 0 0 0 0 0 0 0 0 0 0 0 0 0 0 0 0 0 0 0 0 0 0 0 0 0 0 0 0 0 0 0 0 0 0 0 0 0 0 0 0 0 0 0 0 0 0 0 0 0 0 0 0 0 0 0 0 0 0 0 0 0 0 0 0 0 0 0 0 0 0 0 0 0 0 0 0 0 0 0 0 0 0 0 0 0 0 0 0 0 0 0 0 0 0 0 0 0 0 0 0 0 0 0 0 0 0 0 0 0 0 0 0 0 0 0 0 0 0 0 0 0 0 0 0 0 0 0 0 0 0 0 0 0 0 0 0 0 0 0 0 0 0 0 0 0 0 0 0 0 0 0 0 0 0 0 0 0 0 0 0 0 0 0 0 0 0 0 0 0 0 0 0 0 0 0 0 0 0 0 0 0 0 0 0 0 0 0 0 0 0 0 0 0 0 0 0 0 0 0 0 0 0 0 0 0 0 0 0 0 0 0 0 0 0 0 0 0 0 0 0 0 0 0 0 0 0 0 0 0 0 0 0 0 0 0 0 0 0 0 0 0 0 0 0 0 0 0 0 0 0 0 0 0 0 0 0 0 0 0 0 0 0 0 0 0 0 0 0 0 0 0 0 0 0 0 0 0 0 0 0 0 0 0 0 0 0 0 0 0 0 0 0 0 0 0 0 0 0 0 0 0 0 0 0 0 0 0 0 0 0 0 0 0 0 0 0 0 0 0 0 0 0 0 0 0 0 0 0 0 0 0 0 0 0 0 0 0 0 0 0 0 0 0 0 0 0 0 0 0 0 0 0 0 0 0 0 0 0 0 0 0 0 0 0 0 0 0 0 0 0 0 0 0 0 0 0 0 0 0 0 0 0 0 0 0 0 0 0 0 0 0 0 0 0 0 0 0 0 0 0 0 0 0 0 0 0 0 0 0 0 0 0 0 0 0 0 0 0 0 0 0 0 0 0 0 0 0 0 0 0 0 0 0 0 0 0 0 0 0 0 0 0 0 0 0 0 0 0 0 0 0 0 0 0 0 0 0 0 0 0 0 0 0 0 0 0 0 0 0 0 0 0 0 0 0 0 0 0 0 0 0 0 0 0 0 0 0 0 0 0 0 0 0 0 0 0 0 0 0 0 0 0 0 0 0 0 0 0 0 0 0 0 0 0 0 0 0 0 0 0 0 0 0 0 0 0 0 0 0 0 0 0 0 0 0 0 0 0 0 0 0 0 0 0 0 0 0 0 0 0 0 0 0 0 0 0 0 0 0 0 0 0 0 0 0 0 0 0 0 0 0 0 0 0 0 0 0 0 0 0 0 0 0 0 0 0 0 0 0 0 0 0 0 0 0 0 0 0 0 0 0 0 0 0 0 0 0 0 0 0 0 0 0 0 0 0 0 0 0 0 0 0 0 0 0 0 0 0 0 0 0 0 0 0 0 0 0 0 0 0 0 0 0 0 0 0 0 0 0 0 0 0 0 0 0 0 0 0 0 0 0 0 0 0 0 0 0 0 0 0 0 0 0 0 0 0 0 0 0 0 0 0 0 0 0 0 0 0 0 0 0 0 0 0 0 0 0 0 0 0 0 0 0 0 0 0 0 0 0 0 0 0 0 0 0 0 0 0 0 0 0 0 0 0 0 0 0 0 0 0 0 0 0 0 0 0 0 0 0 0 0 0 0 0 0 0 0 0 0 0 0 0 0 0 0 0 0 0 0 0 0 0 0 0 0 0 0 0 0 0 0 0 0 0 0 0 0 0 0 0 0 0 0 0 0 0 0 0 0 0 0 0 0 0 0 0 0 0 0 0 0 0 0 0 0 0 0 0 0 0 0 0 0 0 0 0 0 0 0 0 0 0 0 0 0 0 0 0 0 0 0 0 0 0 0 0 0 0 0 0 0 0 0 0 0 0 0 0 0 0 0 0 0 0 0 0 0 0 0 0 0 0 0 0 0 0 0 0 0 0 0 0 0 0 0 0 0 0 0 0 0 0 0 0 0 0 0 0 0 0 0 0 0 0 0 0 0 0 0 0 0 0 0 0 0 0 0 0 0 0 0 0 0 0 0 0 0 0 0 0 0 0 0 0 0 0 0 0 0 0 0 0 0 0 0 0 0 0 0 0 0 0 0 0 0 0 0 0 0 0 0 0 0 0 0 0 0 0 0 0 0 0 0 0 0 0 0 0 0 0 0 0 0 0 0 0 0 0 0 0 0 0 0 0 0 0 0 0 0 0 0 0 0 0 0 0 0 0 0 0 0 0 0 0 0 0 0 0 0 0 0 0 0 0 0 0 0 0 0 0 0 0 0 0 0 0 0 0 0 0 0 0 0 0 0 0 0 0 0 0 0 0 0 0 0 0 0 0 0 0 0 0 0 0 0 0 0 0 0 0 0 0 0 0 0 0 0 0 0 0 0 0 0 0 0 0 0 0 0 0 0 0 0 0 0 0 0 0 0 0 0 0 0 0 0 0 0 0 0 0 0 0 0 0 0 0 0 0 0 0 0 0 0 0 0 0 0 0 0 0 0 0 0 0 0 0 0 0 0 0 0 0 0 0 0 0 0 0 0 0 0 0 0 0 0 0 0 0 0 0 0 0 0 0 0 0 0 0 0 0 0 0 0 0 0 0 0 0 0 0 0 0 0 0 0 0 0 0 0 0 0 0 0 0 0 0 0 0 0 0 0 0 0 0 0 0 0 0 0 0 0 0 0 0 0 0 0 0 0 0 0 0 0 0 0 0 0 0 0 0 0 0 0 0 0 0 0 0 0 0 0 0 0 0 0 0 0 0 0 0 0 0 0 0 0 0 0 0 0 0 0 0 0 0 0 0 0 0 0 0 0 0 0 0 0 0 0 0 0 0 0 0 0 0 0 0 0 0 0 0 0 0 0 0 0 0 0 0 0 0 0 0 0 0 0 0 0 0 0 0 0 0 0 0 0 0 0 0 0 0 0 0 0 0 0 0 0 0 0 0 0 0 0 0 0 0 0 0 0 0 0 0 0 0 0 0 0 0 0 0 0 0 0 0 0 0 0 0 0 0 0 0 0 0 0 0 0 0 0 0 0 0 0 0 0 0 0 0 0 0 0 0 0 0 0 0 0 0 0 0 0
ctxt 12339309
btime 1613064757
processes 283807
procs_running 1
procs_blocked 0
softirq 193868249 1 115754035 2276 2476136 0 0 190 5943024 0 69692587
