cpu  22294428 4 30466 7070628 496 0 3196 0 0 0
cpu0 618886 0 1121 196236 13 0 523 0 0 0
cpu1 621180 0 1164 194229 1 0 127 0 0 0
cpu2 618424 0 1548 195786 2 0 847 0 0 0
cpu3 618852 0 1162 196546 4 0 89 0 0 0
cpu4 619275 0 1114 196163 44 0 54 0 0 0
cpu5 619248 0 873 196475 29 0 16 0 0 0
cpu6 619071 0 892 196613 16 0 40 0 0 0
cpu7 619151 0 765 196688 13 0 26 0 0 0
cpu8 619244 0 704 196602 72 0 24 0 0 0
cpu9 618974 0 843 196785 2 0 50 0 0 0
cpu10 619002 0 918 196678 4 0 49 0 0 0
cpu11 619276 0 694 196641 0 0 33 0 0 0
cpu12 617680 0 2126 196581 9 0 239 0 0 0
cpu13 619185 0 963 196411 1 0 82 0 0 0
cpu14 619054 0 812 196755 1 0 22 0 0 0
cpu15 618947 0 985 196579 5 0 132 0 0 0
cpu16 618593 0 1212 196678 2 0 158 0 0 0
cpu17 618951 0 1049 196602 7 0 20 0 0 0
cpu18 619792 0 600 196234 3 0 12 0 0 0
cpu19 619753 0 795 195998 48 0 27 0 0 0
cpu20 620043 0 807 195717 1 0 51 0 0 0
cpu21 619956 0 860 195740 2 0 69 0 0 0
cpu22 619901 0 587 196071 62 0 19 0 0 0
cpu23 619680 0 546 196309 70 0 12 0 0 0
cpu24 619683 0 384 196560 4 0 8 0 0 0
cpu25 619280 0 682 196667 1 0 10 0 0 0
cpu26 619348 0 499 196753 0 0 42 0 0 0
cpu27 618983 0 804 196748 1 0 104 0 0 0
cpu28 619468 0 513 196638 1 0 18 0 0 0
cpu29 619494 0 396 196737 0 0 14 0 0 0
cpu30 619377 0 600 196645 10 0 7 0 0 0
cpu31 619812 0 376 196429 1 0 22 0 0 0
cpu32 619469 2 442 196699 8 0 10 0 0 0
cpu33 619640 0 476 196464 20 0 22 0 0 0
cpu34 618748 0 1136 196600 19 0 132 0 0 0
cpu35 618991 0 1002 196554 2 0 71 0 0 0
intr 61459200 56 0 0 0 614 0 0 0 1 0 263 0 0 0 0 0 0 0 0 0 0 0 0 0 0 0 0 0 0 0 0 0 742 195 570 433 4717 2539 590 380 3010 1162 74 127 2285 285 532 249 566 476 214 6149 827 147 2204 3248 0 0 0 0 384 128 322 95 70 128 614 119 1019 1822 1132 343 93 0 16 14433 3211 0 15489 851 149351 854 565 885 1399 1419 955 1303 1381 1936 68067 7291 2584 2866 2212 1042 1342 613 5610 2437 324 1173 432 560 1366 1367 967 2639 898 751 1635 970 1661 1373 0 18 7901 1 0 0 0 0 0 0 0 0 0 0 0 0 0 0 0 0 0 0 0 0 0 0 0 0 0 0 0 0 0 0 0 0 0 0 0 0 0 21 0 0 0 0 0 0 0 0 0 0 0 0 0 0 0 0 0 0 0 0 0 0 0 0 0 0 0 0 0 0 0 0 0 0 0 0 0 0 0 0 0 0 0 0 0 0 0 0 0 0 0 0 0 0 0 0 0 0 0 0 0 0 0 0 0 0 0 0 0 0 0 0 0 0 0 0 0 0 0 0 0 0 0 0 0 0 0 0 0 0 0 0 0 0 0 0 0 0 0 0 0 0 0 0 0 0 0 0 0 0 0 0 0 0 0 0 0 0 0 0 0 0 0 0 0 0 0 0 0 0 0 0 0 0 0 0 0 0 0 0 0 0 0 0 0 0 0 0 0 0 0 0 0 0 0 0 0 0 0 0 0 0 0 0 0 0 0 0 0 0 0 0 0 0 0 0 0 0 0 0 0 0 0 0 0 0 0 0 0 0 0 0 0 0 0 0 0 0 0 0 0 0 0 0 0 0 0 0 0 0 0 0 0 0 0 0 0 0 0 0 0 0 0 0 0 0 0 0 0 0 0 0 0 0 0 0 0 0 0 0 0 0 0 0 0 0 0 0 0 0 0 0 0 0 0 0 0 0 0 0 0 0 0 0 0 0 0 0 0 0 0 0 0 0 0 0 0 0 0 0 0 0 0 0 0 0 0 0 0 0 0 0 0 0 0 0 0 0 0 0 0 0 0 0 0 0 0 0 0 0 0 0 0 0 0 0 0 0 0 0 0 0 0 0 0 0 0 0 0 0 0 0 0 0 0 0 0 0 0 0 0 0 0 0 0 0 0 0 0 0 0 0 0 0 0 0 0 0 0 0 0 0 0 0 0 0 0 0 0 0 0 0 0 0 0 0 0 0 0 0 0 0 0 0 0 0 0 0 0 0 0 0 0 0 0 0 0 0 0 0 0 0 0 0 0 0 0 0 0 0 0 0 0 0 0 0 0 0 0 0 0 0 0 0 0 0 0 0 0 0 0 0 0 0 0 0 0 0 0 0 0 0 0 0 0 0 0 0 0 0 0 0 0 0 0 0 0 0 0 0 0 0 0 0 0 0 0 0 0 0 0 0 0 0 0 0 0 0 0 0 0 0 0 0 0 0 0 0 0 0 0 0 0 0 0 0 0 0 0 0 0 0 0 0 0 0 0 0 0 0 0 0 0 0 0 0 0 0 0 0 0 0 0 0 0 0 0 0 0 0 0 0 0 0 0 0 0 0 0 0 0 0 0 0 0 0 0 0 0 0 0 0 0 0 0 0 0 0 0 0 0 0 0 0 0 0 0 0 0 0 0 0 0 0 0 0 0 0 0 0 0 0 0 0 0 0 0 0 0 0 0 0 0 0 0 0 0 0 0 0 0 0 0 0 0 0 0 0 0 0 0 0 0 0 0 0 0 0 0 0 0 0 0 0 0 0 0 0 0 0 0 0 0 0 0 0 0 0 0 0 0 0 0 0 0 0 0 0 0 0 0 0 0 0 0 0 0 0 0 0 0 0 0 0 0 0 0 0 0 0 0 0 0 0 0 0 0 0 0 0 0 0 0 0 0 0 0 0 0 0 0 0 0 0 0 0 0 0 0 0 0 0 0 0 0 0 0 0 0 0 0 0 0 0 0 0 0 0 0 0 0 0 0 0 0 0 0 0 0 0 0 0 0 0 0 0 0 0 0 0 0 0 0 0 0 0 0 0 0 0 0 0 0 0 0 0 0 0 0 0 0 0 0 0 0 0 0 0 0 0 0 0 0 0 0 0 0 0 0 0 0 0 0 0 0 0 0 0 0 0 0 0 0 0 0 0 0 0 0 0 0 0 0 0 0 0 0 0 0 0 0 0 0 0 0 0 0 0 0 0 0 0 0 0 0 0 0 0 0 0 0 0 0 0 0 0 0 0 0 0 0 0 0 0 0 0 0 0 0 0 0 0 0 0 0 0 0 0 0 0 0 0 0 0 0 0 0 0 0 0 0 0 0 0 0 0 0 0 0 0 0 0 0 0 0 0 0 0 0 0 0 0 0 0 0 0 0 0 0 0 0 0 0 0 0 0 0 0 0 0 0 0 0 0 0 0 0 0 0 0 0 0 0 0 0 0 0 0 0 0 0 0 0 0 0 0 0 0 0 0 0 0 0 0 0 0 0 0 0 0 0 0 0 0 0 0 0 0 0 0 0 0 0 0 0 0 0 0 0 0 0 0 0 0 0 0 0 0 0 0 0 0 0 0 0 0 0 0 0 0 0 0 0 0 0 0 0 0 0 0 0 0 0 0 0 0 0 0 0 0 0 0 0 0 0 0 0 0 0 0 0 0 0 0 0 0 0 0 0 0 0 0 0 0 0 0 0 0 0 0 0 0 0 0 0 0 0 0 0 0 0 0 0 0 0 0 0 0 0 0 0 0 0 0 0 0 0 0 0 0 0 0 0 0 0 0 0 0 0 0 0 0 0 0 0 0 0 0 0 0 0 0 0 0 0 0 0 0 0 0
ctxt 15927414
btime 1613124388
processes 396583
procs_running 1
procs_blocked 0
softirq 80322148 1 46548387 694 2980840 0 0 284432 2109853 0 28397941
