cpu  33853176 8 30005 12280280 427 0 1712 0 0 0
cpu0 264302 0 1214 94873 0 0 308 0 0 0
cpu1 264361 0 180 96122 0 0 41 0 0 0
cpu2 264194 0 397 96077 1 0 3 0 0 0
cpu3 263963 0 727 95957 2 0 46 0 0 0
cpu4 265192 0 567 94909 8 0 9 0 0 0
cpu5 264506 0 166 96006 0 0 14 0 0 0
cpu6 264344 0 348 95990 0 0 14 0 0 0
cpu7 264329 0 276 96063 0 0 17 0 0 0
cpu8 265418 0 459 94782 0 0 16 0 0 0
cpu9 264408 0 109 96158 0 0 4 0 0 0
cpu10 264380 0 292 95987 8 0 20 0 0 0
cpu11 264412 0 232 96037 0 0 14 0 0 0
cpu12 264655 0 425 95583 0 0 6 0 0 0
cpu13 264541 0 123 96025 0 0 1 0 0 0
cpu14 264421 0 259 95997 0 0 17 0 0 0
cpu15 263668 0 703 96207 0 0 82 0 0 0
cpu16 264341 0 452 95858 0 0 16 0 0 0
cpu17 264459 0 128 96101 0 0 2 0 0 0
cpu18 264475 0 156 96062 0 0 4 0 0 0
cpu19 264428 0 217 96025 0 0 18 0 0 0
cpu20 264640 5 346 95661 5 0 14 0 0 0
cpu21 264604 0 91 95994 0 0 0 0 0 0
cpu22 264491 0 151 96043 0 0 8 0 0 0
cpu23 264212 0 267 96190 0 0 14 0 0 0
cpu24 264714 0 264 95689 2 0 8 0 0 0
cpu25 264355 0 204 96114 0 0 9 0 0 0
cpu26 264592 0 95 96000 0 0 1 0 0 0
cpu27 264517 0 168 95993 0 0 10 0 0 0
cpu28 264843 0 383 95440 0 0 8 0 0 0
cpu29 264520 0 148 96020 0 0 2 0 0 0
cpu30 264506 0 104 96075 0 0 4 0 0 0
cpu31 264556 0 132 95994 0 0 3 0 0 0
cpu32 264591 0 356 95692 19 0 4 0 0 0
cpu33 264531 0 155 95998 0 0 2 0 0 0
cpu34 264434 0 170 96067 0 0 10 0 0 0
cpu35 264418 0 247 95989 0 0 30 0 0 0
cpu36 264390 0 454 95785 17 0 17 0 0 0
cpu37 264562 0 106 96019 0 0 2 0 0 0
cpu38 264331 0 222 96106 0 0 8 0 0 0
cpu39 264480 0 191 95993 0 0 19 0 0 0
cpu40 264431 0 377 95850 4 0 11 0 0 0
cpu41 264471 0 188 96003 0 0 20 0 0 0
cpu42 264395 0 136 96144 0 0 6 0 0 0
cpu43 264390 0 148 96126 0 0 5 0 0 0
cpu44 264340 0 400 95901 1 0 29 0 0 0
cpu45 263101 0 332 97170 0 0 23 0 0 0
cpu46 264358 0 164 96150 2 0 7 0 0 0
cpu47 264411 0 250 95991 0 0 27 0 0 0
cpu48 264556 0 275 95866 1 0 10 0 0 0
cpu49 264517 0 109 96046 0 0 2 0 0 0
cpu50 264522 0 98 96058 2 0 1 0 0 0
cpu51 264333 0 200 96142 0 0 18 0 0 0
cpu52 264449 0 286 95929 0 0 13 0 0 0
cpu53 264584 0 106 95979 0 0 1 0 0 0
cpu54 264408 0 96 96162 1 0 2 0 0 0
cpu55 264428 0 255 95988 0 0 5 0 0 0
cpu56 264524 0 324 95741 1 0 40 0 0 0
cpu57 264281 0 137 96233 0 0 8 0 0 0
cpu58 264523 0 93 96061 0 0 0 0 0 0
cpu59 264531 0 153 95978 0 0 16 0 0 0
cpu60 264726 0 289 95639 1 0 12 0 0 0
cpu61 264525 0 104 96035 0 0 4 0 0 0
cpu62 264566 0 107 95997 0 0 1 0 0 0
cpu63 264384 0 172 96114 0 0 8 0 0 0
cpu64 264879 0 443 95320 7 0 9 0 0 0
cpu65 264497 0 112 96052 0 0 2 0 0 0
cpu66 264453 0 167 96051 1 0 0 0 0 0
cpu67 263957 0 500 96180 0 0 25 0 0 0
cpu68 264895 0 388 95366 2 0 12 0 0 0
cpu69 264540 0 111 96020 0 0 0 0 0 0
cpu70 264162 0 394 96056 0 0 60 0 0 0
cpu71 264349 0 291 96002 0 0 22 0 0 0
cpu72 264902 0 304 95441 4 0 6 0 0 0
cpu73 264571 0 92 96001 1 0 1 0 0 0
cpu74 264394 0 153 96095 0 0 8 0 0 0
cpu75 264491 0 201 95969 1 0 11 0 0 0
cpu76 264615 0 481 95422 116 0 14 0 0 0
cpu77 264594 0 88 95984 0 0 1 0 0 0
cpu78 264460 0 140 96060 0 0 2 0 0 0
cpu79 263572 0 876 96069 1 0 140 0 0 0
cpu80 264865 0 315 95446 12 0 4 0 0 0
cpu81 264484 0 110 96069 0 0 1 0 0 0
cpu82 264503 0 145 95993 1 0 3 0 0 0
cpu83 264258 0 277 96089 1 0 21 0 0 0
cpu84 264888 0 312 95322 106 0 10 0 0 0
cpu85 264527 0 120 96003 6 0 0 0 0 0
cpu86 264513 0 102 96045 0 0 3 0 0 0
cpu87 264450 0 234 95961 0 0 16 0 0 0
cpu88 264874 0 236 95542 1 0 4 0 0 0
cpu89 264564 0 124 95973 0 0 0 0 0 0
cpu90 264544 0 98 96009 8 0 0 0 0 0
cpu91 264332 0 239 96081 0 0 7 0 0 0
cpu92 264755 0 243 95656 2 0 3 0 0 0
cpu93 264434 0 118 96110 0 0 0 0 0 0
cpu94 264332 0 292 96003 0 0 28 0 0 0
cpu95 264499 0 188 95965 1 0 4 0 0 0
cpu96 264527 0 371 95757 2 0 1 0 0 0
cpu97 264444 0 118 96094 0 0 1 0 0 0
cpu98 264303 0 121 96226 0 0 0 0 0 0
cpu99 264489 0 128 96025 0 0 7 0 0 0
cpu100 264584 0 358 95698 2 0 6 0 0 0
cpu101 264530 0 85 96043 0 0 0 0 0 0
cpu102 264377 0 124 96148 0 0 0 0 0 0
cpu103 264377 0 164 96106 0 0 5 0 0 0
cpu104 264638 0 247 95768 2 0 4 0 0 0
cpu105 264578 0 109 95971 0 0 2 0 0 0
cpu106 264584 0 101 95977 0 0 0 0 0 0
cpu107 264535 0 123 95986 0 0 5 0 0 0
cpu108 264317 0 375 95903 9 0 18 0 0 0
cpu109 264588 0 116 95952 0 0 0 0 0 0
cpu110 264544 0 106 95996 0 0 4 0 0 0
cpu111 264425 0 250 95952 0 0 26 0 0 0
cpu112 264574 0 136 95937 0 0 4 0 0 0
cpu113 264607 0 89 95961 0 0 0 0 0 0
cpu114 264501 0 80 96070 1 0 0 0 0 0
cpu115 264488 0 186 95970 0 0 10 0 0 0
cpu116 264364 0 332 95937 0 0 8 0 0 0
cpu117 264043 0 204 96350 11 0 8 0 0 0
cpu118 264530 0 99 96021 1 0 0 0 0 0
cpu119 264409 0 246 95981 0 0 12 0 0 0
cpu120 264662 0 231 95751 0 0 2 0 0 0
cpu121 264590 0 86 95974 0 0 3 0 0 0
cpu122 264596 0 85 95969 3 0 0 0 0 0
cpu123 264365 0 171 96099 0 0 8 0 0 0
cpu124 265162 0 299 95173 4 0 4 0 0 0
cpu125 264594 0 85 95970 0 0 0 0 0 0
cpu126 264418 0 106 96115 0 0 0 0 0 0
cpu127 264389 0 252 95997 1 0 8 0 0 0
intr 97479208 130 0 0 0 681 0 0 0 1 0 285 0 0 0 0 0 0 0 0 0 0 0 0 0 0 0 0 0 0 0 0 0 0 0 0 260 0 5868 215 513 12587 2236 0 669 3763 1681 7 583 3325 1617 0 58 10620 1717 2 488 5026 4564 0 171 3913 2754 15 159 3813 7865 0 445 1405 530 0 391 2432 2142 0 499 14111 1313 2 484 2701 1064 0 590 3599 619 160 297 3442 385 0 1191 2723 46667 175 1 1853 1623 184 751 2069 8534 117 254 12495 4659 0 687 6525 1210 0 662 4572 1585 0 170 11676 2776 6 608 4663 5197 0 147 3268 494 0 86 2898 2417 0 127 2777 694 0 100 1991 1336 8 676 4656 1205 0 309 2401 1297 0 1274 2517 789 0 65 3423 609 0 122 0 0 0 0 0 0 0 0 0 0 157 900 579 348 10777 2029 6267 130 466 333 280 828 64 143 28 221 738 128 534 132 220 27 20 29 164 1 2 46 5 0 293 9 3 0 0 0 0 0 0 0 0 0 0 0 0 0 0 0 0 0 0 6 0 6 0 20 0 20 2 5 10 0 340 2 5 86 36 3928 15 6 13 184 18 1 5 4 66 89 8 12 4 8 3 1 0 4 9 61 5 596 147 195 622 79 53 101 18 10 111 127 24 18 0 0 11 54 118 126 82 1 7 18 55 0 0 0 0 0 0 0 0 0 0 0 0 0 0 0 0 0 0 0 0 0 0 0 0 0 0 0 0 0 0 0 0 0 0 0 0 0 0 0 0 0 0 0 0 0 0 0 0 0 0 0 0 0 0 0 0 0 0 0 0 0 0 0 0 0 0 0 0 0 0 0 0 0 0 0 0 0 0 0 0 0 0 0 0 0 0 0 0 0 0 0 0 0 0 0 0 0 0 0 0 0 0 0 0 0 0 0 0 0 0 0 0 0 0 0 0 0 0 0 0 0 0 0 0 0 0 0 0 0 0 0 0 0 0 0 0 0 0 0 0 0 0 0 0 0 0 0 0 0 0 0 0 0 0 0 0 0 0 0 0 0 0 0 0 0 0 0 0 0 0 0 0 0 0 0 0 0 0 0 0 0 0 0 0 0 0 0 0 0 0 0 0 0 0 0 0 0 0 0 0 0 0 0 0 0 0 0 0 0 0 0 0 0 0 0 0 0 0 0 0 0 0 0 0 0 0 0 0 0 0 0 0 0 0 0 0 0 0 0 0 0 0 0 0 0 0 0 0 0 0 0 0 0 0 0 0 0 0 0 0 0 0 0 0 0 0 0 0 0 0 0 0 0 0 0 0 0 0 0 0 0 0 0 0 0 0 0 0 0 0 0 0 0 0 0 0 0 0 0 0 0 0 0 0 0 0 0 0 0 0 0 0 0 0 0 0 0 0 0 0 0 0 0 0 0 0 0 0 0 0 0 0 0 0 0 0 0 0 0 0 0 0 0 0 0 0 0 0 0 0 0 0 0 0 0 0 0 0 0 0 0 0 0 0 0 0 0 0 0 0 0 0 0 0 0 0 0 0 0 0 0 0 0 0 0 0 0 0 0 0 0 0 0 0 0 0 0 0 0 0 0 0 0 0 0 0 0 0 0 0 0 0 0 0 0 0 0 0 0 0 0 0 0 3 0 0 0 0 0 0 0 0 0 0 0 0 0 0 0 0 0 0 0 0 0 0 0 21 1 0 0 27 0 0 0 0 0 0 0 0 0 0 0 0 0 0 0 0 0 0 0 0 0 0 0 0 0 0 0 0 0 0 0 49 0 0 0 0 0 0 0 0 0 0 0 0 0 0 0 0 0 0 0 0 0 0 0 0 0 0 0 0 0 0 0 0 0 19 0 0 0 0 0 0 0 0 0 0 0 0 0 0 0 0 0 0 0 0 0 0 0 0 0 0 0 0 0 0 0 0 0 0 0 0 0 0 0 0 0 0 0 0 0 0 0 0 0 0 0 0 0 0 0 0 0 0 0 0 0 0 0 0 0 0 0 0 0 0 0 0 0 0 0 0 0 0 0 0 0 0 0 0 0 0 0 0 0 0 0 0 0 0 0 0 0 0 0 0 0 0 0 0 0 0 0 0 0 0 0 0 0 0 0 0 0 0 0 0 0 0 0 0 0 0 0 0 0 0 0 0 0 0 0 0 0 0 0 0 0 0 0 0 0 0 0 0 0 0 0 0 0 0 0 0 0 0 0 0 0 0 0 0 0 0 0 0 0 0 0 0 0 0 0 0 0 0 0 0 0 0 0 0 0 0 0 0 0 0 0 0 0 0 0 0 0 0 0 0 0 0 0 0 0 0 0 0 0 0 0 0 0 0 0 0 0 0 0 0 0 0 0 0 0 0 0 0 0 0 0 0 0 0 0 0 0 0 0 0 0 0 0 0 0 0 0 0 0 0 0 0 0 0 0 0 0 0 0 0 0 0 0 0 0 0 0 0 0 0 0 0 0 0 0 0 0 0 0 0 0 0 0 0 0 0 0 0 0 0 0 0 0 0 0 0 0 0 0 0 0 0 0 0 0 0 0 0 0 0 0 0 0 0 0 0 0 0 0 0 0 0 0 0 0 0 0 0 0 0 0 0 0 0 0 0 0 0 0 0 0 0 0 0 0 0 0 0 0 0 0 0 0 0 0 0 0 0 0 0 0 0 0 0 0 0 0 0 0 0 0 0 0 0 0 0 0 0 0 0 0 0 0 0 0 0 0 0 0 0 0 0 0 0 0 0 0 0 0 0 0 0 0 0 0 0 0 0 0 0 0 0 0 0 0 0 0 0 0 0 0 0 0 0 0 0 0 0 0 0 0 0 0 0 0 0 0 0 0 0 0 0 0 0 0 0 0 0 0 0 0 0 0 0 0 0 0 0 0 0 0 0 0 0 0 0 0 0 0 0 0 0 0 0 0 0 0 0 0 0 0 0 0 0 0 0 0 0 0 0 0 0 0 0 0 0 0 0 0 0 0 0 0 0 0 0 0 0 0 0 0 0 0 0 0 0 0 0 0 0 0 0 0 0 0 0 0 0 0 0 0 0 0 0 0 0 0 0 0 0 0 0 0 0 0 0 0 0 0 0 0 0 0 0 0 0 0 0 0 0 0 0 0 0 0 0 0 0 0 0 0 0 0 0 0 0 0 0 0 0 0 0 0 0 0 0 0 0 0 0 0 0 0 0 0 0 0 0 0 0 0 0 0 0 0 0 0 0 0 0 0 0 0 0 0 0 0 0 0 0 0 0 0 0 0 0 0 0 0 0 0 0 0 0 0 0 0 0 0 0 0 0 0 0 0 0 0 0 0 0 0 0 0 0 0 0 0 0 0 0 0 0 0 0 0 0 0 0 0 0 0 0 0 0 0 0 0 0 0 0 0 0 0 0 0 0 0 0 0 0 0 0 0 0 0 0 0 0 0 0 0 0 0 0 0 0 0 0 0 0 0 0 0 0 0 0 0 0 0 0 0 0 0 0 0 0 0 0 0 0 0 0 0 0 0 0 0 0 0 0 0 0 0 0 0 0 0 0 0 0 0 0 0 0 0 0 0 0 0 0 0 0 0 0 0 0 0 0 0 0 0 0 0 0 0 0 0 0 0 0 0 0 0 0 0 0 0 0 0 0 0 0 0 0 0 0 0 0 0 0 0 0 0 0 0 0 0 0 0 0 0 0 0 0 0 0 0 0 0 0 0 0 0 0 0 0 0 0 0 0 0 0 0 0 0 0 0 0 0 0 0 0 0 0 0 0 0 0 0 0 0 0 0 0 0 0 0 0 0 0 0 0 0 0 0 0 0 0 0 0 0 0 0 0 0 0 0 0 0 0 0 0 0 0 0 0 0 0 0 0 0 0 0 0 0 0 0 0 0 0 0 0 0 0 0 0 0 0 0 0 0 0 0 0 0 0 0 0 0 0 0 0 0 0 0 0 0 0 0 0 0 0 0 0 0 0 0 0 0 0 0 0 0 0 0 0 0 0 0 0 0 0 0 0 0 0 0 0 0 0 0 0 0 0 0 0 0 0 0 0 0 0 0 0 0 0 0 0 0 0 0 0 0 0 0 0 0 0 0 0 0 0 0 0 0 0 0 0 0 0 0 0 0 0 0 0 0 0 0 0 0 0 0 0 0 0 0 0 0 0 0 0 0 0 0 0 0 0 0 0 0 0 0 0 0 0 0 0 0 0 0 0 0 0 0 0 0 0 0 0 0 0 0 0 0 0 0 0 0 0 0 0 0 0 0 0 0 0 0 0 0 0 0 0 0 0 0 0 0 0 0 0 0 0 0 0 0 0 0 0 0 0 0 0 0 0 0 0 0 0 0 0 0 0 0 0 0 0 0 0 0 0 0 0 0 0 0 0 0 0 0 0 0 0 0 0 0 0 0 0 0 0 0 0 0 0 0 0 0 0 0 0 0 0 0 0 0 0 0 0 0 0 0 0 0 0 0 0 0 0 0 0 0 0 0 0 0 0 0 0 0 0 0 0 0 0 0 0 0 0 0 0 0 0 0 0 0 0 0 0 0 0 0 0 0 0 0 0 0 0 0 0 0 0 0 0 0 0 0 0 0 0 0 0 0 0 0 0 0 0 0 0 0 0 0 0 0 0 0 0 0 0 0 0 0 0 0 0 0 0 0 0 0 0 0 0 0 0 0 0 0 0 0 0 0 0 0 0 0 0 0 0 0 0 0 0 0 0 0 0 0 0 0 0 0 0 0 0 0 0 0 0 0 0 0 0 0 0 0 0 0 0 0 0 0 0 0 0 0 0 0 0 0 0 0 0 0 0 0 0 0 0 0 0 0 0 0 0 0 0 0 0 0 0 0 0 0 0 0 0 0 0 0 0 0 0 0 0 0 0 0 0 0 0 0 0 0 0 0 0 0 0 0 0 0 0 0 0 0 0 0 0 0 0 0 0 0 0 0 0 0 0 0 0 0 0 0 0 0 0 0 0 0 0 0 0 0 0 0 0 0 0 0 0 0 0 0 0 0 0 0 0 0 0 0 0 0 0 0 0 0 0 0 0 0 0 0 0 0 0 0 0 0 0 0 0 0 0 0 0 0 0 0 0 0 0 0 0 0 0 0 0 0 0 0 0 0 0 0 0 0 0 0 0 0 0 0 0 0 0 0 0 0 0 0 0 0 0 0 0 0 0 0 0 0 0 0 0 0 0 0 0 0 0 0 0 0 0 0 0 0 0 0 0 0 0 0 0 0 0 0 0 0 0 0 0 0 0 0 0 0 0 0 0 0 0 0 0 0 0 0 0 0 0 0 0 0 0 0 0 0 0 0 0 0 0 0 0 0 0 0 0 0 0 0 0 0 0 0 0 0 0 0 0 0 0 0 0 0 0 0 0 0 0 0 0 0 0 0 0 0 0 0 0 0 0 0 0 0 0 0 0 0 0 0 0 0 0 0 0 0 0 0 0 0 0 0 0 0 0 0 0 0 0 0 0 0 0 0 0 0 0 0 0 0 0 0 0 0 0 0 0 0 0 0 0 0 0 0 0 0 0 0 0 0 0 0 0 0 0 0 0 0 0 0 0 0 0 0 0 0 0 0 0 0 0 0 0 0 0 0 0 0 0 0 0 0 0 0 0 0 0 0 0 0 0 0 0 0 0 0 0 0 0 0 0 0 0 0 0 0 0 0 0 0 0 0 0 0 0 0 0 0 0 0 0 0 0 0 0 0 0 0 0 0 0 0 0 0 0 0 0 0 0 0 0 0 0 0 0 0 0 0 0 0 0 0 0 0 0 0 0 0 0 0 0 0 0 0 0 0 0 0 0 0 0 0 0 0 0 0 0 0 0 0 0 0 0 0 0 0 0 0 0 0 0 0 0 0 0 0 0 0 0 0 0 0 0 0 0 0 0 0 0 0 0 0 0 0 0 0 0 0 0 0 0 0 0 0 0 0 0 0 0 0 0 0 0 0 0 0 0 0 0 0 0 0 0 0 0 0 0 0 0 0 0 0 0 0 0 0 0 0 0 0 0 0 0 0 0 0 0 0 0 0 0 0 0 0 0 0 0 0 0 0 0 0 0 0 0 0 0 0 0 0 0 0 0 0 0 0 0 0 0 0 0 0 0 0 0 0 0 0 0 0 0 0 0 0 0 0 0 0 0 0 0 0 0 0 0 0 0 0 0 0 0 0 0 0 0 0 0 0 0 0 0 0 0 0 0 0 0 0 0 0 0 0 0 0 0 0 0 0 0 0 0 0 0 0 0 0 0 0 0 0 0 0 0 0 0 0 0 0 0 0 0 0 0 0 0 0 0 0 0 0 0 0 0 0 0 0 0 0 0 0 0 0 0 0 0 0 0 0 0 0 0 0 0 0 0 0 0 0 0 0 0 0 0 0 0 0 0 0 0 0 0 0 0 0 0 0 0 0 0 0 0 0 0 0 0 0 0 0 0 0 0 0 0 0 0 0 0 0 0 0 0 0 0 0 0 0 0 0 0 0 0 0 0 0 0 0 0 0 0 0 0 0 0 0 0 0 0 0 0 0 0 0 0 0 0 0 0 0 0 0 0 0 0 0 0 0 0 0 0 0 0 0 0 0 0 0 0 0 0 0 0 0 0 0 0 0 0 0 0 0 0 0 0 0 0 0 0 0 0 0 0 0 0 0 0 0 0 0 0 0 0 0 0 0 0 0 0 0 0 0 0 0 0 0 0 0 0 0 0 0 0 0 0 0 0 0 0 0 0 0 0 0 0 0 0 0 0 0 0 0 0 0 0 0 0 0 0 0 0 0 0 0 0 0 0 0 0 0 0 0 0 0 0 0 0 0 0 0 0 0 0 0 0 0 0 0 0 0 0 0 0 0 0 0 0 0 0 0 0 0 0 0 0 0 0 0 0 0 0 0 0 0 0 0 0 0 0 0 0 0 0 0 0 0 0 0 0 0 0 0 0 0 0 0 0 0 0 0 0 0 0 0 0 0 0 0 0 0 0 0 0 0 0 0 0 0 0 0 0 0 0 0 0 0 0 0 0 0 0 0 0 0 0 0 0 0 0 0 0 0 0 0 0 0 0 0 0 0 0 0 0 0 0 0 0 0 0 0 0 0 0 0 0 0 0 0 0 0 0 0 0 0 0 0 0 0 0 0 0 0 0 0 0 0 0 0 0 0 0 0 0 0 0 0 0 0 0 0 0 0 0 0 0 0 0 0 0 0 0 0 0 0 0 0 0 0 0 0 0 0 0 0 0 0 0 0 0 0 0 0 0 0 0 0 0 0 0 0 0 0 0 0 0 0 0 0 0 0 0 0 0 0 0 0 0 0 0 0 0 0 0 0 0 0 0 0 0 0 0 0 0 0 0 0 0 0 0 0 0 0 0 0 0 0 0 0 0 0 0 0 0 0 0 0 0 0 0 0 0 0 0 0 0 0 0 0 0 0 0 0 0 0 0 0 0 0 0 0 0 0 0 0 0 0 0 0 0 0 0 0 0 0 0 0 0 0 0 0 0 0 0 0 0 0 0 0 0 0 0 0 0 0 0 0 0 0 0 0 0 0 0 0 0 0 0 0 0 0 0 0 0 0 0 0 0 0 0 0 0 0 0 0 0 0 0 0 0 0 0 0 0 0 0 0 0 0 0 0 0 0 0 0 0 0 0 0 0 0 0 0 0 0 0 0 0 0 0 0 0 0 0 0 0 0 0 0 0 0 0 0 0 0 0 0 0 0 0 0 0 0 0 0 0 0 0 0 0 0 0 0 0 0 0 0 0 0 0 0 0 0 0 0 0 0 0 0 0 0 0 0 0 0 0 0 0 0 0 0 0 0 0 0 0 0 0 0 0 0 0 0 0 0 0 0 0 0 0 0 0 0 0 0 0 0 0 0 0 0 0 0 0 0 0 0 0 0 0 0 0 0 0 0 0 0 0 0 0 0 0 0 0 0 0 0 0 0 0 0 0 0 0 0 0 0 0 0 0 0 0 0 0 0 0 0 0 0 0 0 0 0 0 0 0 0 0 0 0 0 0 0 0 0 0 0 0 0 0 0 0 0 0 0 0 0 0 0 0 0 0 0 0 0 0 0 0 0 0 0 0 0 0 0 0 0 0 0 0 0 0 0 0 0 0 0 0 0 0 0 0 0 0 0 0 0 0 0 0 0 0 0 0 0 0 0 0 0 0 0 0 0 0 0 0 0 0 0 0 0 0 0 0 0 0 0 0 0 0 0 0 0 0 0 0 0 0 0 0 0 0 0 0 0 0 0 0 0 0 0 0 0 0 0 0 0 0 0 0 0 0 0 0 0 0 0 0 0 0 0 0 0 0 0 0 0 0 0 0 0 0 0 0 0 0 0 0 0 0 0 0 0 0 0 0 0 0 0 0 0 0 0 0 0 0 0 0 0 0 0 0 0 0 0 0 0 0 0 0 0 0 0 0 0 0 0 0 0 0 0 0 0 0 0 0 0 0 0 0 0 0 0 0 0 0 0 0 0 0 0 0 0 0 0 0 0 0 0 0 0 0 0 0 0 0 0 0 0 0 0 0 0 0 0 0 0 0 0 0 0 0 0 0 0 0 0 0 0 0 0 0 0 0 0 0 0 0 0 0 0 0 0 0 0 0 0 0 0 0 0 0 0 0 0 0 0 0 0 0 0 0 0 0 0 0 0 0 0 0 0 0 0 0 0 0 0 0 0 0 0 0 0 0 0 0 0 0 0 0 0 0 0 0 0 0 0 0 0 0 0 0 0 0 0 0 0 0 0 0 0 0 0 0 0 0 0 0 0 0 0 0 0 0 0 0 0 0 0 0 0 0 0 0 0 0 0 0 0 0 0 0 0 0 0 0 0 0 0 0 0 0 0 0 0 0 0 0 0 0 0 0 0 0 0 0 0 0 0 0 0 0 0 0 0 0 0 0 0 0 0 0 0 0 0 0 0 0 0 0 0 0 0 0 0 0 0 0 0 0 0 0 0 0 0 0 0 0 0 0 0 0 0 0 0 0 0 0 0 0 0 0 0 0 0 0 0 0 0 0 0 0 0 0 0 0 0 0 0 0 0 0 0 0 0 0 0 0 0 0 0 0 0 0 0 0 0 0 0 0 0 0 0 0 0 0 0 0 0 0 0 0 0 0 0 0 0 0 0 0 0 0 0 0 0 0 0 0 0 0 0 0 0 0 0 0 0 0 0 0 0 0 0 0 0 0 0 0 0 0 0 0 0 0 0 0 0 0 0 0 0 0 0 0 0 0 0 0 0 0 0 0 0 0 0 0 0 0 0 0 0 0 0 0 0 0 0 0 0 0 0 0 0 0 0 0 0 0 0 0 0 0 0 0 0 0 0 0 0 0 0 0 0 0 0 0 0 0 0 0 0 0 0 0 0 0 0 0 0 0 0 0 0 0 0 0 0 0 0 0 0 0 0 0 0 0 0 0 0 0 0 0 0 0 0 0 0 0 0 0 0 0 0 0 0 0 0 0 0 0 0 0 0 0 0 0 0 0 0 0 0 0 0 0 0 0 0 0 0 0 0 0 0 0 0 0 0 0 0 0 0 0 0 0 0 0 0 0 0 0 0 0 0 0 0 0 0 0 0 0 0 0 0 0 0 0 0 0 0 0 0 0 0 0 0 0 0 0 0 0 0 0 0 0 0 0 0 0 0 0 0 0 0 0 0 0 0 0 0 0 0 0 0 0 0 0 0 0 0 0 0 0 0 0 0 0 0 0 0 0 0 0 0 0 0 0 0 0 0 0 0 0 0 0 0 0 0 0 0 0 0 0 0 0 0 0 0 0 0 0 0 0 0 0 0 0 0 0 0 0 0 0 0 0 0 0 0 0 0 0 0 0 0 0 0 0 0 0 0 0 0 0 0 0 0 0 0 0 0 0 0 0 0 0 0 0 0 0 0 0 0 0 0 0 0 0 0 0 0 0 0 0 0 0 0 0 0 0 0 0 0 0 0 0 0 0 0 0 0 0 0 0 0 0 0 0 0 0 0 0 0 0 0 0 0 0 0 0 0 0 0 0 0 0 0 0 0 0 0 0 0 0 0 0 0 0 0 0 0 0 0
ctxt 7919883
btime 1613122782
processes 186015
procs_running 1
procs_blocked 0
softirq 106117603 1 62585133 1493 1578014 0 0 173 3253065 0 38699724
