cpu  24283592 4 31706 7061595 425 0 3709 0 0 0
cpu0 674288 0 1037 195967 1 0 562 0 0 0
cpu1 674430 0 736 196488 1 0 139 0 0 0
cpu2 674463 0 749 196418 0 0 90 0 0 0
cpu3 674731 0 653 196261 4 0 36 0 0 0
cpu4 673546 0 1561 196280 2 0 296 0 0 0
cpu5 674292 0 938 196376 14 0 66 0 0 0
cpu6 674498 0 752 196400 2 0 30 0 0 0
cpu7 674456 0 870 196306 4 0 62 0 0 0
cpu8 674998 0 903 195756 1 0 30 0 0 0
cpu9 674397 0 1030 196226 1 0 39 0 0 0
cpu10 674186 0 1328 195976 4 0 190 0 0 0
cpu11 674160 0 1062 196418 2 0 59 0 0 0
cpu12 674652 0 1134 195846 4 0 50 0 0 0
cpu13 674516 0 1006 196070 49 0 47 0 0 0
cpu14 673721 0 1394 196485 4 0 81 0 0 0
cpu15 673975 0 1234 196402 5 0 81 0 0 0
cpu16 673975 0 1148 196451 1 0 111 0 0 0
cpu17 674413 0 813 196383 5 0 67 0 0 0
cpu18 674781 0 451 196412 5 0 38 0 0 0
cpu19 674561 0 650 196435 1 0 41 0 0 0
cpu20 674860 0 407 196385 3 0 30 0 0 0
cpu21 674804 0 431 196438 9 0 6 0 0 0
cpu22 674541 0 595 196486 12 0 60 0 0 0
cpu23 674777 0 411 196484 2 0 8 0 0 0
cpu24 672830 0 1626 196168 15 0 1028 0 0 0
cpu25 674649 0 544 196473 3 0 23 0 0 0
cpu26 674718 0 539 196405 8 0 11 0 0 0
cpu27 674874 0 831 195934 0 0 54 0 0 0
cpu28 675763 0 1020 194701 81 0 92 0 0 0
cpu29 675290 0 828 195518 33 0 23 0 0 0
cpu30 675559 0 763 195267 54 0 13 0 0 0
cpu31 674640 3 1066 195886 40 0 54 0 0 0
cpu32 675275 0 1020 195325 6 0 60 0 0 0
cpu33 674418 0 1011 196150 12 0 80 0 0 0
cpu34 674770 0 644 196216 15 0 22 0 0 0
cpu35 674768 0 506 196387 1 0 16 0 0 0
intr 67087644 56 0 0 0 610 0 0 0 1 0 275 0 0 0 0 0 0 0 0 0 0 0 0 0 0 0 0 0 0 0 0 0 94 733 325 125 301 860 710 131 479 84 260 326 323 274 1495 453 401 316 398 283 229 193 1418 3734 0 0 0 0 204 1758 572 453 111 10335 3723 4011 1769 547 724 306 169 0 16 11540 1 0 26910 2768 4303 1471 1450 3753 565 4665 1487 3998 1876 6729 4245 1760 4370 2280 3933 1368 3782 4384 6107 1886 3672 1203 205423 5559 1399 3358 921 5317 1125 1499 5298 2650 1323 2399 0 16 7895 1 0 0 0 0 0 0 0 0 0 0 0 0 0 0 0 0 0 0 0 0 0 0 0 0 0 0 0 0 0 0 0 0 0 0 0 0 0 24 0 0 0 0 0 0 0 0 0 0 0 0 0 0 0 0 0 0 0 0 0 0 0 0 0 0 0 0 0 0 0 0 0 0 0 0 0 0 0 0 0 0 0 0 0 0 0 0 0 0 0 0 0 0 0 0 0 0 0 0 0 0 0 0 0 0 0 0 0 0 0 0 0 0 0 0 0 0 0 0 0 0 0 0 0 0 0 0 0 0 0 0 0 0 0 0 0 0 0 0 0 0 0 0 0 0 0 0 0 0 0 0 0 0 0 0 0 0 0 0 0 0 0 0 0 0 0 0 0 0 0 0 0 0 0 0 0 0 0 0 0 0 0 0 0 0 0 0 0 0 0 0 0 0 0 0 0 0 0 0 0 0 0 0 0 0 0 0 0 0 0 0 0 0 0 0 0 0 0 0 0 0 0 0 0 0 0 0 0 0 0 0 0 0 0 0 0 0 0 0 0 0 0 0 0 0 0 0 0 0 0 0 0 0 0 0 0 0 0 0 0 0 0 0 0 0 0 0 0 0 0 0 0 0 0 0 0 0 0 0 0 0 0 0 0 0 0 0 0 0 0 0 0 0 0 0 0 0 0 0 0 0 0 0 0 0 0 0 0 0 0 0 0 0 0 0 0 0 0 0 0 0 0 0 0 0 0 0 0 0 0 0 0 0 0 0 0 0 0 0 0 0 0 0 0 0 0 0 0 0 0 0 0 0 0 0 0 0 0 0 0 0 0 0 0 0 0 0 0 0 0 0 0 0 0 0 0 0 0 0 0 0 0 0 0 0 0 0 0 0 0 0 0 0 0 0 0 0 0 0 0 0 0 0 0 0 0 0 0 0 0 0 0 0 0 0 0 0 0 0 0 0 0 0 0 0 0 0 0 0 0 0 0 0 0 0 0 0 0 0 0 0 0 0 0 0 0 0 0 0 0 0 0 0 0 0 0 0 0 0 0 0 0 0 0 0 0 0 0 0 0 0 0 0 0 0 0 0 0 0 0 0 0 0 0 0 0 0 0 0 0 0 0 0 0 0 0 0 0 0 0 0 0 0 0 0 0 0 0 0 0 0 0 0 0 0 0 0 0 0 0 0 0 0 0 0 0 0 0 0 0 0 0 0 0 0 0 0 0 0 0 0 0 0 0 0 0 0 0 0 0 0 0 0 0 0 0 0 0 0 0 0 0 0 0 0 0 0 0 0 0 0 0 0 0 0 0 0 0 0 0 0 0 0 0 0 0 0 0 0 0 0 0 0 0 0 0 0 0 0 0 0 0 0 0 0 0 0 0 0 0 0 0 0 0 0 0 0 0 0 0 0 0 0 0 0 0 0 0 0 0 0 0 0 0 0 0 0 0 0 0 0 0 0 0 0 0 0 0 0 0 0 0 0 0 0 0 0 0 0 0 0 0 0 0 0 0 0 0 0 0 0 0 0 0 0 0 0 0 0 0 0 0 0 0 0 0 0 0 0 0 0 0 0 0 0 0 0 0 0 0 0 0 0 0 0 0 0 0 0 0 0 0 0 0 0 0 0 0 0 0 0 0 0 0 0 0 0 0 0 0 0 0 0 0 0 0 0 0 0 0 0 0 0 0 0 0 0 0 0 0 0 0 0 0 0 0 0 0 0 0 0 0 0 0 0 0 0 0 0 0 0 0 0 0 0 0 0 0 0 0 0 0 0 0 0 0 0 0 0 0 0 0 0 0 0 0 0 0 0 0 0 0 0 0 0 0 0 0 0 0 0 0 0 0 0 0 0 0 0 0 0 0 0 0 0 0 0 0 0 0 0 0 0 0 0 0 0 0 0 0 0 0 0 0 0 0 0 0 0 0 0 0 0 0 0 0 0 0 0 0 0 0 0 0 0 0 0 0 0 0 0 0 0 0 0 0 0 0 0 0 0 0 0 0 0 0 0 0 0 0 0 0 0 0 0 0 0 0 0 0 0 0 0 0 0 0 0 0 0 0 0 0 0 0 0 0 0 0 0 0 0 0 0 0 0 0 0 0 0 0 0 0 0 0 0 0 0 0 0 0 0 0 0 0 0 0 0 0 0 0 0 0 0 0 0 0 0 0 0 0 0 0 0 0 0 0 0 0 0 0 0 0 0 0 0 0 0 0 0 0 0 0 0 0 0 0 0 0 0 0 0 0 0 0 0 0 0 0 0 0 0 0 0 0 0 0 0 0 0 0 0 0 0 0 0 0 0 0 0 0 0 0 0 0 0 0 0 0 0 0 0 0 0 0 0 0 0 0 0 0 0 0 0 0 0 0 0 0 0 0 0 0 0 0 0 0 0 0 0 0 0 0 0 0 0 0 0 0 0 0 0 0 0 0 0 0 0 0 0 0 0 0 0 0 0 0 0 0 0 0 0 0 0 0 0 0 0 0 0 0 0 0 0 0 0 0 0 0 0 0 0 0 0 0 0 0 0 0 0 0 0 0 0 0 0 0 0 0 0 0 0 0 0 0 0 0 0 0 0
ctxt 17766816
btime 1613124388
processes 446509
procs_running 1
procs_blocked 0
softirq 87154867 1 50060802 732 3373159 0 0 333118 2291696 0 31095359
