cpu  11752497 6 19208 2367882 145 0 1126 0 0 0
cpu0 183663 0 449 36611 0 0 190 0 0 0
cpu1 183418 0 425 37074 11 0 25 0 0 0
cpu2 183150 0 627 36900 0 0 242 0 0 0
cpu3 183444 0 317 37161 0 0 46 0 0 0
cpu4 183494 0 432 37022 0 0 5 0 0 0
cpu5 183717 0 81 37163 1 0 2 0 0 0
cpu6 183696 0 424 36831 0 0 2 0 0 0
cpu7 182898 0 834 37154 1 0 79 0 0 0
cpu8 183638 0 464 36841 1 0 14 0 0 0
cpu9 183421 0 332 37162 0 0 50 0 0 0
cpu10 183890 0 591 36465 1 0 18 0 0 0
cpu11 183726 0 57 37172 4 0 3 0 0 0
cpu12 184049 0 479 36425 0 0 2 0 0 0
cpu13 183605 0 187 37169 0 0 3 0 0 0
cpu14 183668 0 540 36746 0 0 6 0 0 0
cpu15 183602 0 190 37164 0 0 3 0 0 0
cpu16 184651 2 460 35827 7 0 8 0 0 0
cpu17 183408 0 330 37169 0 0 56 0 0 0
cpu18 183596 0 295 37064 0 0 2 0 0 0
cpu19 183702 0 96 37159 0 0 1 0 0 0
cpu20 183896 0 350 36570 80 0 11 0 0 0
cpu21 183519 0 245 37164 0 0 30 0 0 0
cpu22 183256 0 586 37099 2 0 20 0 0 0
cpu23 183292 0 462 37160 0 0 44 0 0 0
cpu24 183535 0 546 36862 4 0 7 0 0 0
cpu25 183746 0 51 37158 2 0 0 0 0 0
cpu26 183327 0 603 37016 0 0 7 0 0 0
cpu27 183749 0 44 37165 0 0 0 0 0 0
cpu28 183483 0 364 37098 0 0 6 0 0 0
cpu29 183746 0 50 37160 0 0 0 0 0 0
cpu30 183541 0 442 36955 2 0 6 0 0 0
cpu31 183554 0 244 37156 0 0 5 0 0 0
cpu32 183840 0 272 36825 0 0 2 0 0 0
cpu33 183317 0 468 37157 0 0 15 0 0 0
cpu34 183770 0 247 36888 0 0 3 0 0 0
cpu35 183718 0 81 37154 0 0 0 0 0 0
cpu36 183696 0 275 36970 0 0 0 0 0 0
cpu37 183730 0 60 37158 0 0 1 0 0 0
cpu38 183661 0 541 36727 0 0 5 0 0 0
cpu39 183232 0 522 37159 0 0 42 0 0 0
cpu40 183789 0 303 36846 1 0 2 0 0 0
cpu41 183671 0 118 37156 0 0 6 0 0 0
cpu42 183781 0 205 36970 0 0 0 0 0 0
cpu43 183753 0 52 37140 0 0 0 0 0 0
cpu44 184261 1 219 36461 0 0 2 0 0 0
cpu45 183468 0 302 37149 0 0 32 0 0 0
cpu46 183738 0 358 36844 0 0 2 0 0 0
cpu47 183598 0 194 37149 0 0 3 0 0 0
cpu48 183683 0 211 37051 0 0 2 0 0 0
cpu49 183530 0 238 37156 0 0 28 0 0 0
cpu50 183720 0 171 37047 0 0 1 0 0 0
cpu51 183712 0 82 37153 0 0 1 0 0 0
cpu52 184045 0 167 36720 2 0 2 0 0 0
cpu53 183583 0 195 37155 0 0 18 0 0 0
cpu54 183695 0 157 37087 0 0 3 0 0 0
cpu55 183369 0 397 37152 0 0 24 0 0 0
cpu56 183170 0 700 37079 0 0 0 0 0 0
cpu57 183750 0 47 37140 7 0 0 0 0 0
cpu58 183646 0 170 37127 0 0 2 0 0 0
cpu59 183741 0 50 37154 0 0 0 0 0 0
cpu60 183706 0 128 37109 0 0 4 0 0 0
cpu61 183751 0 52 37141 0 0 0 0 0 0
cpu62 183670 0 382 36872 0 0 1 0 0 0
cpu63 183601 0 222 37112 0 0 8 0 0 0
intr 33923966 83 0 0 0 612 0 0 0 1 0 285 0 0 0 0 0 0 0 0 0 0 0 0 0 0 0 0 0 0 0 0 0 0 0 0 0 0 0 5 4684 50366 520 30 747 2 12884 0 14238 1198 0 2 2292 1077 2736 17 5051 2 471 2877 6350 20 8706 3 26 2 242 1 39 4 4575 7 10606 7 326 5 712 30 7765 102 3706 0 0 232 2839 4 2429 6 5561 0 317 51 7932 3040 11859 4 33 880 252 2522 0 2 3467 0 0 0 0 0 0 0 0 0 0 0 0 0 0 0 0 0 31772 94 0 0 0 0 0 0 0 0 0 0 0 0 0 0 0 0 0 0 0 0 0 0 0 0 0 0 0 0 0 0 0 0 0 0 0 0 0 0 0 0 0 0 0 0 0 0 0 0 0 0 0 0 0 0 0 0 0 0 0 0 0 0 0 0 0 0 0 0 0 0 0 0 0 0 0 20 0 0 0 0 0 0 0 0 0 0 0 0 0 0 0 0 0 0 0 0 0 0 0 0 0 0 0 0 0 0 0 0 0 0 0 0 0 0 0 0 0 0 0 0 0 0 0 0 0 0 0 0 0 0 0 0 0 0 0 0 0 0 0 0 0 0 0 0 0 0 0 0 0 0 0 0 0 0 0 0 0 0 0 0 0 0 0 0 0 0 0 0 0 0 0 0 0 0 0 0 0 0 0 0 0 0 0 0 0 0 0 0 0 0 0 0 0 0 0 0 0 0 0 0 0 0 0 0 0 0 0 0 0 0 0 0 0 0 0 0 0 0 0 0 0 0 0 0 0 0 0 0 0 0 0 0 0 0 0 0 0 0 0 0 0 0 0 0 0 0 0 0 0 0 0 0 0 0 0 0 0 0 0 0 0 0 0 0 0 0 0 0 0 0 0 0 0 0 0 0 0 0 0 0 0 0 0 0 0 0 0 0 0 0 0 0 0 0 0 0 0 0 0 0 0 0 0 0 0 0 0 0 0 0 0 0 0 0 0 0 0 0 0 0 0 0 0 0 0 0 0 0 0 0 0 0 0 0 0 0 0 0 0 0 0 0 0 0 0 0 0 0 0 0 0 0 0 0 0 0 0 0 0 0 0 0 0 0 0 0 0 0 0 0 0 0 0 0 0 0 0 0 0 0 0 0 0 0 0 0 0 0 0 0 0 0 0 0 0 0 0 0 0 0 0 0 0 0 0 0 0 0 0 0 0 0 0 0 0 0 0 0 0 0 0 0 0 0 0 0 0 0 0 0 0 0 0 0 0 0 0 0 0 0 0 0 0 0 0 0 0 0 0 0 0 0 0 0 0 0 0 0 0 0 0 0 0 0 0 0 0 0 0 0 0 0 0 0 0 0 0 0 0 0 0 0 0 0 0 0 0 0 0 0 0 0 0 0 0 0 0 0 0 0 0 0 0 0 0 0 0 0 0 0 0 0 0 0 0 0 0 0 0 0 0 0 0 0 0 0 0 0 0 0 0 0 0 0 0 0 0 0 0 0 0 0 0 0 0 0 0 0 0 0 0 0 0 0 0 0 0 0 0 0 0 0 0 0 0 0 0 0 0 0 0 0 0 0 0 0 0 0 0 0 0 0 0 0 0 0 0 0 0 0 0 0 0 0 0 0 0 0 0 0 0 0 0 0 0 0 0 0 0 0 0 0 0 0 0 0 0 0 0 0 0 0 0 0 0 0 0 0 0 0 0 0 0 0 0 0 0 0 0 0 0 0 0 0 0 0 0 0 0 0 0 0 0 0 0 0 0 0 0 0 0 0 0 0 0 0 0 0 0 0 0 0 0 0 0 0 0 0 0 0 0 0 0 0 0 0 0 0 0 0 0 0 0 0 0 0 0 0 0 0 0 0 0 0 0 0 0 0 0 0 0 0 0 0 0 0 0 0 0 0 0 0 0 0 0 0 0 0 0 0 0 0 0 0 0 0 0 0 0 0 0 0 0 0 0 0 0 0 0 0 0 0 0 0 0 0 0 0 0 0 0 0 0 0 0 0 0 0 0 0 0 0 0 0 0 0 0 0 0 0 0 0 0 0 0 0 0 0 0 0 0 0 0 0 0 0 0 0 0 0 0 0 0 0 0 0 0 0 0 0 0 0 0 0 0 0 0 0 0 0 0 0 0 0 0 0 0 0 0 0 0 0 0 0 0 0 0 0 0 0 0 0 0 0 0 0 0 0 0 0 0 0 0 0 0 0 0 0 0 0 0 0 0 0 0 0 0 0 0 0 0 0 0 0 0 0 0 0 0 0 0 0 0 0 0 0 0 0 0 0 0 0 0 0 0 0 0 0 0 0 0 0 0 0 0 0 0 0 0 0 0 0 0 0 0 0 0 0 0 0 0 0 0 0 0 0 0 0 0 0 0 0 0 0 0 0 0 0 0 0 0 0 0 0 0 0 0 0 0 0 0 0 0 0 0 0 0 0 0 0 0 0 0 0 0 0 0 0 0 0 0 0 0 0 0 0 0 0 0 0 0 0 0 0 0 0 0 0 0 0 0 0 0 0 0 0 0 0 0 0 0 0 0 0 0 0 0 0 0 0 0 0 0 0 0 0 0 0 0 0 0 0 0 0 0 0 0 0 0 0 0 0 0 0 0 0 0 0 0 0 0 0 0 0 0 0 0 0 0 0 0 0 0 0 0 0 0 0 0 0 0 0 0 0 0 0 0 0 0 0 0 0 0 0 0 0 0 0 0 0 0 0 0 0 0 0 0 0 0 0 0 0 0 0 0 0 0 0 0 0 0 0 0 0 0 0 0 0 0 0 0 0 0 0 0 0 0 0 0 0 0 0 0 0 0 0 0 0 0 0 0 0 0 0 0 0 0 0 0 0 0 0 0 0 0 0 0 0 0 0 0 0 0 0 0 0 0 0 0 0 0 0 0 0 0 0 0 0 0 0 0 0 0 0 0 0 0 0 0 0 0 0 0 0 0 0 0 0 0 0 0 0 0 0 0 0 0 0 0 0 0 0 0 0 0 0 0 0 0 0 0 0 0 0 0 0 0 0 0 0 0 0 0 0 0 0 0 0 0 0 0 0 0 0 0 0 0 0 0 0 0 0 0 0 0 0 0 0 0 0 0 0 0 0 0 0 0 0 0 0 0 0 0 0 0 0 0 0 0 0 0 0 0 0 0 0 0 0 0 0 0 0 0 0 0 0 0 0 0 0 0 0 0 0 0 0 0 0 0 0 0 0 0 0 0 0 0 0 0 0 0 0 0 0 0 0 0 0 0 0 0 0 0 0 0 0 0 0 0 0 0 0 0 0 0 0 0 0 0 0 0 0 0 0 0 0 0 0 0 0 0 0 0 0 0 0 0 0 0 0 0 0 0 0 0 0 0 0 0 0 0 0 0 0 0 0 0 0 0 0 0 0 0 0 0 0 0 0 0 0 0 0 0 0 0 0 0 0 0 0 0 0 0 0 0 0 0 0 0 0 0 0 0 0 0 0 0 0 0 0 0 0 0 0 0 0 0 0 0 0 0 0 0 0 0 0 0 0 0 0 0 0 0 0 0 0 0 0 0 0 0 0 0 0 0 0 0 0 0 0 0 0 0 0 0 0 0 0 0 0 0 0 0 0 0 0 0 0 0 0 0 0 0 0 0 0 0 0 0 0 0 0 0 0 0 0 0 0 0 0 0 0 0 0 0 0 0 0 0 0 0 0 0 0 0 0 0 0 0 0 0 0 0 0 0 0 0 0 0 0 0 0 0 0 0 0 0 0 0 0 0 0 0 0 0 0 0 0 0 0 0 0 0 0 0 0 0 0 0 0 0 0 0 0 0 0 0 0 0 0 0 0 0 0 0 0 0 0 0 0 0 0 0 0 0 0 0 0 0 0 0 0 0 0 0 0 0 0 0 0 0 0 0 0 0 0 0 0 0 0 0 0 0 0 0 0 0 0 0 0 0 0 0 0 0 0 0 0 0 0 0 0 0 0 0 0 0 0 0 0 0 0 0 0 0 0 0 0 0 0 0 0 0 0 0 0 0 0 0 0 0 0 0 0 0 0 0 0 0 0 0 0 0 0 0 0 0 0 0 0 0 0 0 0 0 0 0 0 0 0 0 0 0 0 0 0 0 0 0 0 0 0 0 0 0 0 0 0 0 0 0 0 0 0 0 0 0 0 0 0 0 0 0 0 0 0 0 0 0 0 0 0 0 0 0 0 0 0 0 0 0 0 0 0 0 0 0 0 0 0 0 0 0 0 0 0 0 0 0 0 0 0 0 0 0 0 0 0 0 0 0 0 0 0 0 0 0 0 0 0 0 0 0 0 0 0 0 0 0 0 0 0 0 0 0 0 0 0 0 0 0 0 0 0 0 0 0 0 0 0 0 0 0 0 0 0 0 0 0 0 0 0 0 0 0 0 0 0 0 0 0 0 0 0 0 0 0 0 0 0 0 0 0 0 0 0 0 0 0 0 0 0 0 0 0 0 0 0 0 0 0 0 0 0 0 0 0 0 0 0 0 0 0 0 0 0 0 0 0 0 0 0 0 0 0 0 0 0 0 0 0 0 0 0 0 0 0 0 0 0 0 0 0 0 0 0 0 0 0 0 0 0 0 0 0 0 0 0 0 0 0 0 0 0 0 0 0 0 0 0 0 0 0 0 0 0 0 0 0 0 0 0 0 0 0 0 0 0 0 0 0 0 0 0 0 0 0 0 0 0 0 0 0 0 0 0 0 0 0 0 0 0 0 0 0 0 0 0 0 0 0 0 0 0 0 0 0 0 0 0 0 0 0 0 0 0 0 0 0 0 0 0 0 0 0 0 0 0 0 0 0 0 0 0 0 0 0 0 0 0 0 0 0 0 0 0 0 0 0 0 0 0 0 0 0 0 0 0 0 0 0 0 0 0 0 0 0 0 0 0 0 0 0 0 0 0 0 0 0 0 0 0 0 0 0 0 0 0 0 0 0 0 0 0 0 0 0 0 0 0 0 0 0 0 0 0 0 0 0 0 0 0 0 0 0 0 0 0 0 0 0 0 0 0 0 0 0 0 0 0 0 0 0 0 0 0 0 0 0 0 0 0 0 0 0 0 0 0 0 0 0 0 0 0 0 0 0 0 0 0 0 0 0 0 0 0 0 0 0 0 0 0 0 0 0 0 0 0 0 0 0 0 0 0 0 0 0 0 0 0 0 0 0 0 0
ctxt 5299478
btime 1613144793
processes 121352
procs_running 1
procs_blocked 0
softirq 37547493 1 21260328 1052 1026169 0 0 152 1213001 0 14046790
