cpu  41393964 7 48710 28467314 517 0 3509 0 0 0
cpu0 322234 0 1567 221760 0 0 268 0 0 0
cpu1 323221 0 401 222547 1 0 39 0 0 0
cpu2 322507 0 1097 222519 0 0 58 0 0 0
cpu3 322298 0 1074 222741 7 0 56 0 0 0
cpu4 323200 0 603 222393 1 0 42 0 0 0
cpu5 323439 0 212 222519 0 0 60 0 0 0
cpu6 322983 0 762 222427 0 0 29 0 0 0
cpu7 322789 0 754 222594 0 0 61 0 0 0
cpu8 323359 0 465 222372 0 0 35 0 0 0
cpu9 323650 0 194 222386 1 0 7 0 0 0
cpu10 322870 0 976 222300 0 0 85 0 0 0
cpu11 323262 0 423 222510 0 0 36 0 0 0
cpu12 322825 0 653 222654 0 0 70 0 0 0
cpu13 323416 0 322 222471 0 0 20 0 0 0
cpu14 322897 0 896 222373 0 0 66 0 0 0
cpu15 323294 0 421 222475 0 0 37 0 0 0
cpu16 323594 0 252 222375 0 0 8 0 0 0
cpu17 323350 0 214 222648 0 0 11 0 0 0
cpu18 322735 0 1050 222365 0 0 84 0 0 0
cpu19 323368 0 362 222469 2 0 24 0 0 0
cpu20 323699 0 183 222353 0 0 3 0 0 0
cpu21 323578 0 173 222473 0 0 14 0 0 0
cpu22 323140 0 654 222370 0 0 63 0 0 0
cpu23 323191 2 532 222460 0 0 30 0 0 0
cpu24 323631 0 286 222300 0 0 12 0 0 0
cpu25 323948 0 240 222028 1 0 9 0 0 0
cpu26 322728 0 801 222569 0 0 92 0 0 0
cpu27 323072 0 584 222458 0 0 58 0 0 0
cpu28 323726 0 292 222126 0 0 4 0 0 0
cpu29 323546 0 273 222384 0 0 12 0 0 0
cpu30 323420 0 418 222375 0 0 17 0 0 0
cpu31 323326 0 450 222399 1 0 28 0 0 0
cpu32 323361 0 303 222528 0 0 34 0 0 0
cpu33 323434 0 184 222378 0 0 176 0 0 0
cpu34 323277 0 522 222382 0 0 53 0 0 0
cpu35 323406 0 613 222149 3 0 43 0 0 0
cpu36 323609 0 252 222349 0 0 2 0 0 0
cpu37 323594 0 147 222473 0 0 8 0 0 0
cpu38 323176 0 553 222459 0 0 37 0 0 0
cpu39 323318 0 692 222148 6 0 55 0 0 0
cpu40 323741 0 158 222310 0 0 8 0 0 0
cpu41 323643 0 186 222388 1 0 10 0 0 0
cpu42 323276 0 440 222472 0 0 32 0 0 0
cpu43 323208 0 541 222375 28 0 44 0 0 0
cpu44 321727 0 425 223991 0 0 39 0 0 0
cpu45 324212 0 264 221726 1 0 11 0 0 0
cpu46 323205 0 528 222449 3 0 29 0 0 0
cpu47 323302 0 688 222119 2 0 56 0 0 0
cpu48 323748 0 153 222319 0 0 3 0 0 0
cpu49 323588 0 216 222380 0 0 19 0 0 0
cpu50 323341 0 504 222337 1 0 40 0 0 0
cpu51 323756 0 442 221970 2 0 34 0 0 0
cpu52 323622 0 166 222431 0 0 3 0 0 0
cpu53 323460 0 219 222516 2 0 15 0 0 0
cpu54 323382 0 308 222507 0 0 17 0 0 0
cpu55 323294 0 360 222530 5 0 16 0 0 0
cpu56 323639 0 208 222358 0 0 17 0 0 0
cpu57 323500 0 178 222523 0 0 11 0 0 0
cpu58 323219 0 534 222419 3 0 46 0 0 0
cpu59 323253 0 324 222526 77 0 19 0 0 0
cpu60 323428 0 381 222367 2 0 40 0 0 0
cpu61 323574 0 166 222468 0 0 11 0 0 0
cpu62 323512 0 304 222381 0 0 20 0 0 0
cpu63 323502 0 338 222346 0 0 17 0 0 0
cpu64 322878 0 875 222338 1 0 120 0 0 0
cpu65 323269 0 241 222650 0 0 20 0 0 0
cpu66 322785 0 724 222661 3 0 29 0 0 0
cpu67 323304 0 464 222322 88 0 17 0 0 0
cpu68 323317 0 290 222573 0 0 8 0 0 0
cpu69 323332 0 276 222582 1 0 8 0 0 0
cpu70 323234 0 574 222387 0 0 19 0 0 0
cpu71 323517 0 354 222291 31 0 10 0 0 0
cpu72 323579 0 264 222361 0 0 8 0 0 0
cpu73 323519 0 126 222560 0 0 5 0 0 0
cpu74 323239 0 600 222345 0 0 36 0 0 0
cpu75 323296 0 388 222470 2 0 24 0 0 0
cpu76 323349 0 209 222631 0 0 8 0 0 0
cpu77 323427 0 277 222490 1 0 11 0 0 0
cpu78 323168 0 548 222459 0 0 27 0 0 0
cpu79 323416 0 280 222471 4 0 12 0 0 0
cpu80 323667 0 166 222375 1 0 2 0 0 0
cpu81 323585 0 142 222467 0 0 5 0 0 0
cpu82 323090 0 603 222454 0 0 43 0 0 0
cpu83 323360 0 320 222491 1 0 27 0 0 0
cpu84 323758 0 145 222300 0 0 1 0 0 0
cpu85 323459 0 154 222581 0 0 8 0 0 0
cpu86 323397 0 470 222314 1 0 22 0 0 0
cpu87 323154 1 477 222511 4 0 50 0 0 0
cpu88 323370 0 386 222425 0 0 22 0 0 0
cpu89 323573 0 130 222495 0 0 8 0 0 0
cpu90 323108 0 507 222554 0 0 26 0 0 0
cpu91 323061 0 421 222652 1 0 30 0 0 0
cpu92 323652 0 170 222372 1 0 2 0 0 0
cpu93 323506 0 148 222531 0 0 9 0 0 0
cpu94 323264 0 277 222650 0 0 9 0 0 0
cpu95 323394 0 327 222442 1 0 12 0 0 0
cpu96 323770 0 142 222286 5 0 3 0 0 0
cpu97 323568 0 145 222482 0 0 4 0 0 0
cpu98 323580 0 246 222356 0 0 15 0 0 0
cpu99 323537 2 410 222245 2 0 18 0 0 0
cpu100 323750 0 114 222340 0 0 0 0 0 0
cpu101 323489 0 163 222539 1 0 5 0 0 0
cpu102 323548 0 260 222383 0 0 11 0 0 0
cpu103 323790 0 428 221966 5 0 11 0 0 0
cpu104 323676 0 124 222391 0 0 0 0 0 0
cpu105 323569 0 145 222472 1 0 9 0 0 0
cpu106 323132 0 336 222692 0 0 14 0 0 0
cpu107 323553 0 508 222079 8 0 47 0 0 0
cpu108 323668 0 160 222354 7 0 2 0 0 0
cpu109 323574 0 145 222463 1 0 12 0 0 0
cpu110 323558 0 230 222393 0 0 13 0 0 0
cpu111 324524 0 830 220727 1 0 79 0 0 0
cpu112 323734 0 155 222306 0 0 4 0 0 0
cpu113 323487 0 155 222534 0 0 12 0 0 0
cpu114 323365 0 423 222363 11 0 32 0 0 0
cpu115 324123 0 436 221530 70 0 9 0 0 0
cpu116 323592 0 194 222401 1 0 5 0 0 0
cpu117 323568 0 154 222454 0 0 8 0 0 0
cpu118 323580 0 188 222412 0 0 2 0 0 0
cpu119 323074 0 420 222638 4 0 43 0 0 0
cpu120 323755 0 150 222289 0 0 3 0 0 0
cpu121 323579 0 138 222474 2 0 4 0 0 0
cpu122 323252 0 370 222548 0 0 16 0 0 0
cpu123 323630 0 266 222229 54 0 6 0 0 0
cpu124 323496 0 205 222478 2 0 13 0 0 0
cpu125 323701 0 184 222300 0 0 1 0 0 0
cpu126 323645 0 198 222338 1 0 3 0 0 0
cpu127 323419 0 419 222319 1 0 14 0 0 0
intr 116803375 130 0 0 0 683 0 0 0 1 0 285 0 0 0 0 0 0 0 0 0 0 0 0 0 0 0 0 0 0 0 0 0 0 0 0 260 0 109 2109 917 10339 281 15718 2539 6404 0 536 97 5208 63 1730 4793 8037 3 559 20 4075 17 941 0 5538 0 522 651 2529 876 1313 10 3063 3 53719 148 9973 9 509 13 3106 179 928 1098 8707 364 700 6 7264 4 1379 5 2793 2 1449 0 2459 0 1418 745 5290 0 1132 3031 3087 8 1278 2963 7372 735 1461 466 6002 0 578 2 5039 163 1655 5 3614 0 445 0 4866 47 671 1 6845 0 514 140 4313 0 1768 167 2898 0 918 0 4019 0 568 0 2551 0 655 1693 2598 0 1149 0 5960 14 1159 0 810 0 969 6 0 0 0 0 0 0 0 0 0 0 163 162 1 62 4 80 206 18 155 1 3 0 9 0 6 0 10 143 11 3 764 21 128 2 84 261 96 19 210 62 16 32 93 0 0 0 0 0 0 0 0 0 0 0 0 0 0 0 0 0 71 10 94 26 97 34 24 1 111 3 44 0 6 26 104 136 39 19 7 19 35 76 0 0 8 0 105 25 0 83 0 1 1 0 6 385 0 0 37 6303 5200 120 325 471 760 292 206 205 207 821 166 199 393 3008 71 116 224 580 60 9906 117 546 78 0 0 0 0 0 0 0 0 0 0 0 0 0 0 0 0 0 0 0 0 0 0 0 0 0 0 0 0 0 0 0 0 0 0 0 0 0 0 0 0 0 0 0 0 0 0 0 0 0 0 0 0 0 0 0 0 0 0 0 0 0 0 0 0 0 0 0 0 0 0 0 0 0 0 0 0 0 0 0 0 0 0 0 0 0 0 0 0 0 0 0 0 0 0 0 0 0 0 0 0 0 0 0 0 0 0 0 0 0 0 0 0 0 0 0 0 0 0 0 0 0 0 0 0 0 0 0 0 0 0 0 0 0 0 0 0 0 0 0 0 0 0 0 0 0 0 0 0 0 0 0 0 0 0 0 0 0 0 0 0 0 0 0 0 0 0 0 0 0 0 0 0 0 0 0 0 0 0 0 0 0 0 0 0 0 0 0 0 0 0 0 0 0 0 0 0 0 0 0 0 0 0 0 0 0 0 0 0 0 0 0 0 0 0 0 0 0 0 0 0 0 0 0 0 0 0 0 0 0 0 0 0 0 0 0 0 0 0 0 0 0 0 0 0 0 0 0 0 0 0 0 0 0 0 0 0 0 0 0 0 0 0 0 0 0 0 0 0 0 0 0 0 0 0 0 0 0 0 0 0 0 0 0 0 0 0 0 0 0 0 0 0 0 0 0 0 0 0 0 0 0 0 0 0 0 0 0 0 0 0 0 0 0 0 0 0 0 0 0 0 0 0 0 0 0 0 0 0 0 0 0 0 0 0 0 0 0 0 0 0 0 0 0 0 0 0 0 0 0 0 0 0 0 0 0 0 0 0 0 0 0 0 0 0 0 0 0 0 0 0 0 0 0 0 0 0 0 0 0 0 0 0 0 0 0 0 0 0 0 0 0 0 0 0 0 0 0 0 0 0 0 0 0 0 0 0 0 0 0 0 0 0 0 0 0 0 0 0 0 0 0 0 0 4 0 0 0 0 0 0 0 47 0 0 48 0 0 0 0 0 0 0 0 0 0 0 0 1 0 0 0 0 0 0 0 0 0 0 0 0 0 0 0 0 0 0 0 0 0 0 0 0 0 0 0 0 0 0 0 0 0 0 0 0 0 0 0 0 0 0 0 0 0 0 0 0 0 0 0 0 0 0 0 0 0 0 0 0 0 0 0 0 0 0 0 0 0 20 0 0 0 0 0 0 0 0 0 0 0 0 0 0 0 0 0 0 0 0 0 0 0 0 0 0 0 0 0 0 0 0 0 0 0 0 0 0 0 0 0 0 0 0 0 0 0 0 0 0 0 0 0 0 0 0 0 0 0 0 0 0 0 0 0 0 0 0 0 0 0 0 0 0 0 0 0 0 0 0 0 0 0 0 0 0 0 0 0 0 0 0 0 0 0 0 0 0 0 0 0 0 0 0 0 0 0 0 0 0 0 0 0 0 0 0 0 0 0 0 0 0 0 0 0 0 0 0 0 0 0 0 0 0 0 0 0 0 0 0 0 0 0 0 0 0 0 0 0 0 0 0 0 0 0 0 0 0 0 0 0 0 0 0 0 0 0 0 0 0 0 0 0 0 0 0 0 0 0 0 0 0 0 0 0 0 0 0 0 0 0 0 0 0 0 0 0 0 0 0 0 0 0 0 0 0 0 0 0 0 0 0 0 0 0 0 0 0 0 0 0 0 0 0 0 0 0 0 0 0 0 0 0 0 0 0 0 0 0 0 0 0 0 0 0 0 0 0 0 0 0 0 0 0 0 0 0 0 0 0 0 0 0 0 0 0 0 0 0 0 0 0 0 0 0 0 0 0 0 0 0 0 0 0 0 0 0 0 0 0 0 0 0 0 0 0 0 0 0 0 0 0 0 0 0 0 0 0 0 0 0 0 0 0 0 0 0 0 0 0 0 0 0 0 0 0 0 0 0 0 0 0 0 0 0 0 0 0 0 0 0 0 0 0 0 0 0 0 0 0 0 0 0 0 0 0 0 0 0 0 0 0 0 0 0 0 0 0 0 0 0 0 0 0 0 0 0 0 0 0 0 0 0 0 0 0 0 0 0 0 0 0 0 0 0 0 0 0 0 0 0 0 0 0 0 0 0 0 0 0 0 0 0 0 0 0 0 0 0 0 0 0 0 0 0 0 0 0 0 0 0 0 0 0 0 0 0 0 0 0 0 0 0 0 0 0 0 0 0 0 0 0 0 0 0 0 0 0 0 0 0 0 0 0 0 0 0 0 0 0 0 0 0 0 0 0 0 0 0 0 0 0 0 0 0 0 0 0 0 0 0 0 0 0 0 0 0 0 0 0 0 0 0 0 0 0 0 0 0 0 0 0 0 0 0 0 0 0 0 0 0 0 0 0 0 0 0 0 0 0 0 0 0 0 0 0 0 0 0 0 0 0 0 0 0 0 0 0 0 0 0 0 0 0 0 0 0 0 0 0 0 0 0 0 0 0 0 0 0 0 0 0 0 0 0 0 0 0 0 0 0 0 0 0 0 0 0 0 0 0 0 0 0 0 0 0 0 0 0 0 0 0 0 0 0 0 0 0 0 0 0 0 0 0 0 0 0 0 0 0 0 0 0 0 0 0 0 0 0 0 0 0 0 0 0 0 0 0 0 0 0 0 0 0 0 0 0 0 0 0 0 0 0 0 0 0 0 0 0 0 0 0 0 0 0 0 0 0 0 0 0 0 0 0 0 0 0 0 0 0 0 0 0 0 0 0 0 0 0 0 0 0 0 0 0 0 0 0 0 0 0 0 0 0 0 0 0 0 0 0 0 0 0 0 0 0 0 0 0 0 0 0 0 0 0 0 0 0 0 0 0 0 0 0 0 0 0 0 0 0 0 0 0 0 0 0 0 0 0 0 0 0 0 0 0 0 0 0 0 0 0 0 0 0 0 0 0 0 0 0 0 0 0 0 0 0 0 0 0 0 0 0 0 0 0 0 0 0 0 0 0 0 0 0 0 0 0 0 0 0 0 0 0 0 0 0 0 0 0 0 0 0 0 0 0 0 0 0 0 0 0 0 0 0 0 0 0 0 0 0 0 0 0 0 0 0 0 0 0 0 0 0 0 0 0 0 0 0 0 0 0 0 0 0 0 0 0 0 0 0 0 0 0 0 0 0 0 0 0 0 0 0 0 0 0 0 0 0 0 0 0 0 0 0 0 0 0 0 0 0 0 0 0 0 0 0 0 0 0 0 0 0 0 0 0 0 0 0 0 0 0 0 0 0 0 0 0 0 0 0 0 0 0 0 0 0 0 0 0 0 0 0 0 0 0 0 0 0 0 0 0 0 0 0 0 0 0 0 0 0 0 0 0 0 0 0 0 0 0 0 0 0 0 0 0 0 0 0 0 0 0 0 0 0 0 0 0 0 0 0 0 0 0 0 0 0 0 0 0 0 0 0 0 0 0 0 0 0 0 0 0 0 0 0 0 0 0 0 0 0 0 0 0 0 0 0 0 0 0 0 0 0 0 0 0 0 0 0 0 0 0 0 0 0 0 0 0 0 0 0 0 0 0 0 0 0 0 0 0 0 0 0 0 0 0 0 0 0 0 0 0 0 0 0 0 0 0 0 0 0 0 0 0 0 0 0 0 0 0 0 0 0 0 0 0 0 0 0 0 0 0 0 0 0 0 0 0 0 0 0 0 0 0 0 0 0 0 0 0 0 0 0 0 0 0 0 0 0 0 0 0 0 0 0 0 0 0 0 0 0 0 0 0 0 0 0 0 0 0 0 0 0 0 0 0 0 0 0 0 0 0 0 0 0 0 0 0 0 0 0 0 0 0 0 0 0 0 0 0 0 0 0 0 0 0 0 0 0 0 0 0 0 0 0 0 0 0 0 0 0 0 0 0 0 0 0 0 0 0 0 0 0 0 0 0 0 0 0 0 0 0 0 0 0 0 0 0 0 0 0 0 0 0 0 0 0 0 0 0 0 0 0 0 0 0 0 0 0 0 0 0 0 0 0 0 0 0 0 0 0 0 0 0 0 0 0 0 0 0 0 0 0 0 0 0 0 0 0 0 0 0 0 0 0 0 0 0 0 0 0 0 0 0 0 0 0 0 0 0 0 0 0 0 0 0 0 0 0 0 0 0 0 0 0 0 0 0 0 0 0 0 0 0 0 0 0 0 0 0 0 0 0 0 0 0 0 0 0 0 0 0 0 0 0 0 0 0 0 0 0 0 0 0 0 0 0 0 0 0 0 0 0 0 0 0 0 0 0 0 0 0 0 0 0 0 0 0 0 0 0 0 0 0 0 0 0 0 0 0 0 0 0 0 0 0 0 0 0 0 0 0 0 0 0 0 0 0 0 0 0 0 0 0 0 0 0 0 0 0 0 0 0 0 0 0 0 0 0 0 0 0 0 0 0 0 0 0 0 0 0 0 0 0 0 0 0 0 0 0 0 0 0 0 0 0 0 0 0 0 0 0 0 0 0 0 0 0 0 0 0 0 0 0 0 0 0 0 0 0 0 0 0 0 0 0 0 0 0 0 0 0 0 0 0 0 0 0 0 0 0 0 0 0 0 0 0 0 0 0 0 0 0 0 0 0 0 0 0 0 0 0 0 0 0 0 0 0 0 0 0 0 0 0 0 0 0 0 0 0 0 0 0 0 0 0 0 0 0 0 0 0 0 0 0 0 0 0 0 0 0 0 0 0 0 0 0 0 0 0 0 0 0 0 0 0 0 0 0 0 0 0 0 0 0 0 0 0 0 0 0 0 0 0 0 0 0 0 0 0 0 0 0 0 0 0 0 0 0 0 0 0 0 0 0 0 0 0 0 0 0 0 0 0 0 0 0 0 0 0 0 0 0 0 0 0 0 0 0 0 0 0 0 0 0 0 0 0 0 0 0 0 0 0 0 0 0 0 0 0 0 0 0 0 0 0 0 0 0 0 0 0 0 0 0 0 0 0 0 0 0 0 0 0 0 0 0 0 0 0 0 0 0 0 0 0 0 0 0 0 0 0 0 0 0 0 0 0 0 0 0 0 0 0 0 0 0 0 0 0 0 0 0 0 0 0 0 0 0 0 0 0 0 0 0 0 0 0 0 0 0 0 0 0 0 0 0 0 0 0 0 0 0 0 0 0 0 0 0 0 0 0 0 0 0 0 0 0 0 0 0 0 0 0 0 0 0 0 0 0 0 0 0 0 0 0 0 0 0 0 0 0 0 0 0 0 0 0 0 0 0 0 0 0 0 0 0 0 0 0 0 0 0 0 0 0 0 0 0 0 0 0 0 0 0 0 0 0 0 0 0 0 0 0 0 0 0 0 0 0 0 0 0 0 0 0 0 0 0 0 0 0 0 0 0 0 0 0 0 0 0 0 0 0 0 0 0 0 0 0 0 0 0 0 0 0 0 0 0 0 0 0 0 0 0 0 0 0 0 0 0 0 0 0 0 0 0 0 0 0 0 0 0 0 0 0 0 0 0 0 0 0 0 0 0 0 0 0 0 0 0 0 0 0 0 0 0 0 0 0 0 0 0 0 0 0 0 0 0 0 0 0 0 0 0 0 0 0 0 0 0 0 0 0 0 0 0 0 0 0 0 0 0 0 0 0 0 0 0 0 0 0 0 0 0 0 0 0 0 0 0 0 0 0 0 0 0 0 0 0 0 0 0 0 0 0 0 0 0 0 0 0 0 0 0 0 0 0 0 0 0 0 0 0 0 0 0 0 0 0 0 0 0 0 0 0 0 0 0 0 0 0 0 0 0 0 0 0 0 0 0 0 0 0 0 0 0 0 0 0 0 0 0 0 0 0 0 0 0 0 0 0 0 0 0 0 0 0 0 0 0 0 0 0 0 0 0 0 0 0 0 0 0 0 0 0 0 0 0 0 0 0 0 0 0 0 0 0 0 0 0 0 0 0 0 0 0 0 0 0 0 0 0 0 0 0 0 0 0 0 0 0 0 0 0 0 0 0 0 0 0 0 0 0 0 0 0 0 0 0 0 0 0 0 0 0 0 0 0 0 0 0 0 0 0 0 0 0 0 0 0 0 0 0 0 0 0 0 0 0 0 0 0 0 0 0 0 0 0 0 0 0 0 0 0 0 0 0 0 0 0 0 0 0 0 0 0 0 0 0 0 0 0 0 0 0 0 0 0 0 0 0 0 0 0 0 0 0 0 0 0 0 0 0 0 0 0 0 0 0 0 0 0 0 0 0 0 0 0 0 0 0 0 0 0 0 0 0 0 0 0 0 0 0 0 0 0 0 0 0 0 0 0 0 0 0 0 0 0 0 0 0 0 0 0 0 0 0 0 0 0 0 0 0 0 0 0 0 0 0 0 0 0 0 0 0 0 0 0 0 0 0 0 0 0 0 0 0 0 0 0 0 0 0 0 0 0 0 0 0 0 0 0 0 0 0 0 0 0 0 0 0 0 0 0 0 0 0 0 0 0 0 0 0 0 0 0 0 0 0 0 0 0 0 0 0 0 0 0 0 0 0 0 0 0 0 0 0 0 0 0 0 0 0 0 0 0 0 0 0 0 0 0 0 0 0 0 0 0 0 0 0 0 0 0 0 0 0 0 0 0 0 0 0 0 0 0 0 0 0 0 0 0 0 0 0 0 0 0 0 0 0 0 0 0 0 0 0 0 0 0 0 0 0 0 0 0 0 0 0 0 0 0 0 0 0 0 0 0 0 0 0 0 0 0 0 0 0 0 0 0 0 0 0 0 0 0 0 0 0 0 0 0 0 0 0 0 0 0 0 0 0 0 0 0 0 0 0 0 0 0 0 0 0 0 0 0 0 0 0 0 0 0 0 0 0 0 0 0 0 0 0 0 0 0 0 0 0 0 0 0 0 0 0 0 0 0 0 0 0 0 0 0 0 0 0 0 0 0 0 0 0 0 0 0 0 0 0 0 0 0 0 0 0 0 0 0 0 0 0 0 0 0 0 0 0 0 0 0 0 0 0 0 0 0 0 0 0 0 0 0 0 0 0 0 0 0 0 0 0 0 0 0 0 0 0 0 0 0 0 0 0 0 0 0 0 0 0 0 0 0 0 0 0 0 0 0 0 0 0 0 0 0 0 0 0 0 0 0 0 0 0 0 0 0 0 0 0 0 0 0 0 0 0 0 0 0 0 0 0 0 0 0 0 0 0 0 0 0 0 0 0 0 0 0 0 0 0 0 0 0 0 0 0 0 0 0 0 0 0 0 0 0 0 0 0 0 0 0 0 0 0 0 0 0 0 0 0 0 0 0 0 0 0 0 0 0 0 0 0 0 0 0 0 0 0 0 0 0 0 0 0 0 0 0 0 0 0 0 0 0 0 0 0 0 0 0 0 0 0 0 0 0 0 0 0 0 0 0 0 0 0 0 0 0 0 0 0 0 0 0 0 0 0 0 0 0 0 0 0 0 0 0 0 0 0 0 0 0 0 0 0 0 0 0 0 0 0 0 0 0 0 0 0 0 0 0 0 0 0 0 0 0 0 0 0 0 0 0 0 0 0 0 0 0 0 0 0 0 0 0 0 0 0 0 0 0 0 0 0 0 0 0 0 0 0 0 0 0 0 0 0 0 0 0 0 0 0 0 0 0 0 0 0 0 0 0 0 0 0 0 0 0 0 0 0 0 0 0 0 0 0 0 0 0 0 0 0 0 0 0 0 0 0 0 0 0 0 0 0 0 0 0 0 0 0 0 0 0 0 0 0 0 0 0 0 0 0 0 0 0 0 0 0 0 0 0 0 0 0 0 0 0 0 0 0 0 0 0 0 0 0 0 0 0 0 0 0 0 0 0 0 0 0 0 0 0 0 0 0 0 0 0 0 0 0 0 0 0 0 0 0 0 0 0 0 0 0 0 0 0 0 0 0 0 0 0 0 0 0 0 0 0 0 0 0 0 0 0 0 0 0 0 0 0 0 0 0 0 0 0 0 0 0 0 0 0 0 0 0 0 0 0 0 0 0 0 0 0 0 0 0 0 0 0 0 0 0 0 0 0 0 0 0 0 0 0 0 0 0 0 0 0 0 0 0 0 0 0 0 0 0 0 0 0 0 0 0 0 0 0 0 0 0 0 0 0 0 0 0 0 0 0 0 0 0 0 0 0 0 0 0 0 0 0 0 0 0 0 0 0 0 0 0 0 0 0 0 0 0 0 0 0 0 0 0 0 0 0 0 0 0 0 0 0 0 0 0 0 0 0 0 0 0 0 0 0 0 0 0 0 0 0 0 0 0 0 0 0 0 0 0 0 0 0 0 0 0 0 0 0 0 0 0 0 0 0 0 0 0 0 0 0 0 0 0 0 0 0 0 0 0 0 0 0 0 0 0 0 0 0 0 0 0 0 0 0 0 0 0 0 0 0 0 0 0 0 0 0 0 0 0 0 0 0 0 0 0 0 0 0 0 0 0 0 0 0 0 0 0 0 0 0 0 0 0 0 0 0 0 0 0 0 0 0 0 0 0 0 0 0 0 0 0 0 0 0 0 0 0 0 0 0 0 0 0 0 0 0 0 0 0 0 0 0 0 0 0 0 0 0 0 0 0 0 0 0 0 0 0 0 0 0 0 0 0 0 0 0 0 0 0 0 0 0 0 0 0 0 0 0 0 0 0 0 0 0 0 0 0 0 0 0 0 0 0 0 0 0 0 0 0 0 0 0 0 0 0 0 0 0 0 0 0 0 0 0 0 0 0 0 0 0 0 0 0 0 0 0 0 0 0 0 0 0 0 0 0 0 0 0 0 0 0 0 0 0 0 0 0 0 0 0 0 0 0 0 0 0 0 0 0 0 0 0 0 0 0 0 0 0 0 0 0 0 0 0 0 0 0 0 0 0 0 0 0 0 0 0 0 0 0 0 0 0 0 0 0 0 0 0 0 0 0 0 0 0 0 0 0 0 0 0 0 0 0 0 0 0 0 0 0 0 0 0 0 0 0 0 0 0 0 0 0 0 0 0 0 0 0 0 0 0 0 0 0 0 0 0 0 0 0 0 0 0 0 0 0 0 0 0 0 0 0 0 0 0 0 0 0 0 0 0 0 0 0 0 0 0 0 0 0 0 0 0 0 0 0 0 0 0 0 0 0 0 0 0 0 0 0 0 0 0 0 0 0 0 0 0 0 0 0 0 0 0 0 0 0 0 0 0 0 0 0 0 0 0 0 0 0 0 0 0 0 0 0 0 0 0 0 0 0 0 0 0 0 0 0 0 0 0 0 0 0 0 0 0 0 0 0 0 0 0 0 0 0 0 0 0 0 0 0 0 0 0 0 0 0 0 0 0 0 0 0 0 0 0 0 0 0 0 0 0 0 0 0 0 0 0 0 0 0 0 0 0 0 0 0 0 0 0 0 0 0 0 0 0 0 0 0 0 0 0 0 0 0 0 0 0 0 0 0 0 0
ctxt 7748353
btime 1613064757
processes 169106
procs_running 1
procs_blocked 0
softirq 125781879 1 75776365 1858 1480725 0 0 177 3970035 0 44552718
