cpu  12753309 4 17093 6907386 494 0 2021 0 0 0
cpu0 353999 0 719 191607 13 0 382 0 0 0
cpu1 355777 0 730 190140 1 0 77 0 0 0
cpu2 353727 0 775 191631 2 0 507 0 0 0
cpu3 354171 0 458 192017 4 0 38 0 0 0
cpu4 354450 0 454 191705 44 0 31 0 0 0
cpu5 354341 0 460 191835 29 0 10 0 0 0
cpu6 354059 0 510 192047 16 0 30 0 0 0
cpu7 354154 0 445 192042 13 0 22 0 0 0
cpu8 354210 0 418 191962 72 0 15 0 0 0
cpu9 353954 0 550 192138 2 0 41 0 0 0
cpu10 353960 0 571 192119 4 0 28 0 0 0
cpu11 354195 0 452 192006 0 0 26 0 0 0
cpu12 353230 0 1238 192011 7 0 181 0 0 0
cpu13 354420 0 409 191825 1 0 18 0 0 0
cpu14 354145 0 398 192114 1 0 18 0 0 0
cpu15 353981 0 630 191986 5 0 77 0 0 0
cpu16 353784 0 730 192046 2 0 113 0 0 0
cpu17 354125 0 538 191986 6 0 9 0 0 0
cpu18 354568 0 398 191695 3 0 8 0 0 0
cpu19 354646 0 502 191433 48 0 26 0 0 0
cpu20 354238 0 400 191965 1 0 46 0 0 0
cpu21 355077 0 395 191160 2 0 37 0 0 0
cpu22 354457 0 266 191881 62 0 5 0 0 0
cpu23 354480 0 381 191718 70 0 9 0 0 0
cpu24 354419 0 264 191980 4 0 6 0 0 0
cpu25 354233 0 340 192091 1 0 8 0 0 0
cpu26 354198 0 336 192105 0 0 35 0 0 0
cpu27 354134 0 423 192108 1 0 6 0 0 0
cpu28 354229 0 308 192121 1 0 12 0 0 0
cpu29 354301 0 252 192110 0 0 8 0 0 0
cpu30 354314 0 258 192084 10 0 5 0 0 0
cpu31 354620 0 238 191806 1 0 8 0 0 0
cpu32 354314 2 272 192060 8 0 6 0 0 0
cpu33 354434 0 316 191883 20 0 7 0 0 0
cpu34 353873 0 690 191958 19 0 130 0 0 0
cpu35 354078 0 560 191993 2 0 22 0 0 0
intr 35337217 56 0 0 0 614 0 0 0 1 0 263 0 0 0 0 0 0 0 0 0 0 0 0 0 0 0 0 0 0 0 0 0 740 142 512 433 4717 2539 567 380 3008 1051 72 125 1952 218 466 238 462 267 159 6015 509 126 2204 3248 0 0 0 0 384 104 13 70 40 101 614 62 1019 1591 1116 253 93 0 16 12290 2149 0 10955 750 90221 281 145 707 160 1201 636 985 846 1386 38604 5194 2363 2170 816 602 830 573 4675 1722 90 996 196 499 705 614 396 1788 501 416 962 422 1445 436 0 18 7801 1 0 0 0 0 0 0 0 0 0 0 0 0 0 0 0 0 0 0 0 0 0 0 0 0 0 0 0 0 0 0 0 0 0 0 0 0 0 21 0 0 0 0 0 0 0 0 0 0 0 0 0 0 0 0 0 0 0 0 0 0 0 0 0 0 0 0 0 0 0 0 0 0 0 0 0 0 0 0 0 0 0 0 0 0 0 0 0 0 0 0 0 0 0 0 0 0 0 0 0 0 0 0 0 0 0 0 0 0 0 0 0 0 0 0 0 0 0 0 0 0 0 0 0 0 0 0 0 0 0 0 0 0 0 0 0 0 0 0 0 0 0 0 0 0 0 0 0 0 0 0 0 0 0 0 0 0 0 0 0 0 0 0 0 0 0 0 0 0 0 0 0 0 0 0 0 0 0 0 0 0 0 0 0 0 0 0 0 0 0 0 0 0 0 0 0 0 0 0 0 0 0 0 0 0 0 0 0 0 0 0 0 0 0 0 0 0 0 0 0 0 0 0 0 0 0 0 0 0 0 0 0 0 0 0 0 0 0 0 0 0 0 0 0 0 0 0 0 0 0 0 0 0 0 0 0 0 0 0 0 0 0 0 0 0 0 0 0 0 0 0 0 0 0 0 0 0 0 0 0 0 0 0 0 0 0 0 0 0 0 0 0 0 0 0 0 0 0 0 0 0 0 0 0 0 0 0 0 0 0 0 0 0 0 0 0 0 0 0 0 0 0 0 0 0 0 0 0 0 0 0 0 0 0 0 0 0 0 0 0 0 0 0 0 0 0 0 0 0 0 0 0 0 0 0 0 0 0 0 0 0 0 0 0 0 0 0 0 0 0 0 0 0 0 0 0 0 0 0 0 0 0 0 0 0 0 0 0 0 0 0 0 0 0 0 0 0 0 0 0 0 0 0 0 0 0 0 0 0 0 0 0 0 0 0 0 0 0 0 0 0 0 0 0 0 0 0 0 0 0 0 0 0 0 0 0 0 0 0 0 0 0 0 0 0 0 0 0 0 0 0 0 0 0 0 0 0 0 0 0 0 0 0 0 0 0 0 0 0 0 0 0 0 0 0 0 0 0 0 0 0 0 0 0 0 0 0 0 0 0 0 0 0 0 0 0 0 0 0 0 0 0 0 0 0 0 0 0 0 0 0 0 0 0 0 0 0 0 0 0 0 0 0 0 0 0 0 0 0 0 0 0 0 0 0 0 0 0 0 0 0 0 0 0 0 0 0 0 0 0 0 0 0 0 0 0 0 0 0 0 0 0 0 0 0 0 0 0 0 0 0 0 0 0 0 0 0 0 0 0 0 0 0 0 0 0 0 0 0 0 0 0 0 0 0 0 0 0 0 0 0 0 0 0 0 0 0 0 0 0 0 0 0 0 0 0 0 0 0 0 0 0 0 0 0 0 0 0 0 0 0 0 0 0 0 0 0 0 0 0 0 0 0 0 0 0 0 0 0 0 0 0 0 0 0 0 0 0 0 0 0 0 0 0 0 0 0 0 0 0 0 0 0 0 0 0 0 0 0 0 0 0 0 0 0 0 0 0 0 0 0 0 0 0 0 0 0 0 0 0 0 0 0 0 0 0 0 0 0 0 0 0 0 0 0 0 0 0 0 0 0 0 0 0 0 0 0 0 0 0 0 0 0 0 0 0 0 0 0 0 0 0 0 0 0 0 0 0 0 0 0 0 0 0 0 0 0 0 0 0 0 0 0 0 0 0 0 0 0 0 0 0 0 0 0 0 0 0 0 0 0 0 0 0 0 0 0 0 0 0 0 0 0 0 0 0 0 0 0 0 0 0 0 0 0 0 0 0 0 0 0 0 0 0 0 0 0 0 0 0 0 0 0 0 0 0 0 0 0 0 0 0 0 0 0 0 0 0 0 0 0 0 0 0 0 0 0 0 0 0 0 0 0 0 0 0 0 0 0 0 0 0 0 0 0 0 0 0 0 0 0 0 0 0 0 0 0 0 0 0 0 0 0 0 0 0 0 0 0 0 0 0 0 0 0 0 0 0 0 0 0 0 0 0 0 0 0 0 0 0 0 0 0 0 0 0 0 0 0 0 0 0 0 0 0 0 0 0 0 0 0 0 0 0 0 0 0 0 0 0 0 0 0 0 0 0 0 0 0 0 0 0 0 0 0 0 0 0 0 0 0 0 0 0 0 0 0 0 0 0 0 0 0 0 0 0 0 0 0 0 0 0 0 0 0 0 0 0 0 0 0 0 0 0 0 0 0 0 0 0 0 0 0 0 0 0 0 0 0 0 0 0 0 0 0 0 0 0 0 0 0 0 0 0 0 0 0 0 0 0 0 0 0 0 0 0 0 0 0 0 0 0 0 0 0 0 0 0 0 0 0 0 0 0 0 0 0 0 0 0 0 0 0 0 0 0 0 0 0 0 0 0 0 0 0 0 0 0 0 0 0 0 0 0 0 0 0 0 0 0 0 0 0 0 0 0 0 0 0 0 0 0 0 0 0 0 0 0 0 0 0 0 0 0 0 0 0 0 0 0 0 0 0 0 0 0 0 0 0 0 0 0 0 0 0 0 0 0 0
ctxt 9334956
btime 1613124388
processes 230757
procs_running 1
procs_blocked 0
softirq 45862492 1 26463801 479 1725655 0 0 173331 1259375 0 16239850
