cpu  25743188 4 32752 7095017 425 0 3855 0 0 0
cpu0 714819 0 1054 196916 1 0 602 0 0 0
cpu1 714980 0 746 197432 1 0 140 0 0 0
cpu2 715000 0 764 197371 0 0 92 0 0 0
cpu3 715271 0 665 197213 4 0 37 0 0 0
cpu4 714134 0 1596 197163 2 0 298 0 0 0
cpu5 714830 0 952 197328 14 0 67 0 0 0
cpu6 715010 0 793 197350 2 0 32 0 0 0
cpu7 714978 0 905 197255 4 0 63 0 0 0
cpu8 715496 0 959 196704 1 0 31 0 0 0
cpu9 715038 0 1058 197062 1 0 39 0 0 0
cpu10 714724 0 1347 196924 4 0 190 0 0 0
cpu11 714708 0 1082 197355 2 0 60 0 0 0
cpu12 715191 0 1150 196797 4 0 50 0 0 0
cpu13 715060 0 1017 197019 49 0 47 0 0 0
cpu14 714251 0 1421 197431 4 0 83 0 0 0
cpu15 714464 0 1296 197354 5 0 82 0 0 0
cpu16 714558 0 1184 197337 1 0 111 0 0 0
cpu17 714948 0 832 197333 5 0 68 0 0 0
cpu18 715321 0 463 197364 5 0 38 0 0 0
cpu19 715107 0 656 197387 1 0 41 0 0 0
cpu20 715408 0 410 197338 3 0 31 0 0 0
cpu21 715347 0 441 197391 9 0 6 0 0 0
cpu22 715080 0 614 197432 12 0 61 0 0 0
cpu23 715319 0 421 197436 2 0 8 0 0 0
cpu24 713239 0 1720 197119 15 0 1078 0 0 0
cpu25 715007 0 713 197417 3 0 56 0 0 0
cpu26 715234 0 578 197355 8 0 12 0 0 0
cpu27 715412 0 847 196885 0 0 54 0 0 0
cpu28 716308 0 1030 195650 81 0 93 0 0 0
cpu29 715830 0 841 196470 33 0 23 0 0 0
cpu30 716107 0 768 196219 54 0 13 0 0 0
cpu31 715594 3 1115 196390 40 0 54 0 0 0
cpu32 715806 0 1046 196272 6 0 61 0 0 0
cpu33 714978 0 1071 197032 12 0 80 0 0 0
cpu34 715308 0 659 197168 15 0 23 0 0 0
cpu35 715310 0 524 197330 1 0 16 0 0 0
intr 71135590 56 0 0 0 610 0 0 0 1 0 275 0 0 0 0 0 0 0 0 0 0 0 0 0 0 0 0 0 0 0 0 0 94 733 325 125 301 872 710 131 485 89 260 341 324 274 1495 457 412 331 398 307 229 193 1418 3734 0 0 0 0 204 1854 755 456 114 10338 3723 4011 1771 549 724 306 171 0 16 11757 1 0 27887 2768 4303 1477 2001 3833 825 4681 2292 3998 1876 6870 4245 1760 5003 3389 3935 1369 3782 4384 6107 1886 3773 1299 221699 5950 1834 3496 922 5324 1125 1525 5786 2824 1324 2399 0 16 7921 1 0 0 0 0 0 0 0 0 0 0 0 0 0 0 0 0 0 0 0 0 0 0 0 0 0 0 0 0 0 0 0 0 0 0 0 0 0 24 0 0 0 0 0 0 0 0 0 0 0 0 0 0 0 0 0 0 0 0 0 0 0 0 0 0 0 0 0 0 0 0 0 0 0 0 0 0 0 0 0 0 0 0 0 0 0 0 0 0 0 0 0 0 0 0 0 0 0 0 0 0 0 0 0 0 0 0 0 0 0 0 0 0 0 0 0 0 0 0 0 0 0 0 0 0 0 0 0 0 0 0 0 0 0 0 0 0 0 0 0 0 0 0 0 0 0 0 0 0 0 0 0 0 0 0 0 0 0 0 0 0 0 0 0 0 0 0 0 0 0 0 0 0 0 0 0 0 0 0 0 0 0 0 0 0 0 0 0 0 0 0 0 0 0 0 0 0 0 0 0 0 0 0 0 0 0 0 0 0 0 0 0 0 0 0 0 0 0 0 0 0 0 0 0 0 0 0 0 0 0 0 0 0 0 0 0 0 0 0 0 0 0 0 0 0 0 0 0 0 0 0 0 0 0 0 0 0 0 0 0 0 0 0 0 0 0 0 0 0 0 0 0 0 0 0 0 0 0 0 0 0 0 0 0 0 0 0 0 0 0 0 0 0 0 0 0 0 0 0 0 0 0 0 0 0 0 0 0 0 0 0 0 0 0 0 0 0 0 0 0 0 0 0 0 0 0 0 0 0 0 0 0 0 0 0 0 0 0 0 0 0 0 0 0 0 0 0 0 0 0 0 0 0 0 0 0 0 0 0 0 0 0 0 0 0 0 0 0 0 0 0 0 0 0 0 0 0 0 0 0 0 0 0 0 0 0 0 0 0 0 0 0 0 0 0 0 0 0 0 0 0 0 0 0 0 0 0 0 0 0 0 0 0 0 0 0 0 0 0 0 0 0 0 0 0 0 0 0 0 0 0 0 0 0 0 0 0 0 0 0 0 0 0 0 0 0 0 0 0 0 0 0 0 0 0 0 0 0 0 0 0 0 0 0 0 0 0 0 0 0 0 0 0 0 0 0 0 0 0 0 0 0 0 0 0 0 0 0 0 0 0 0 0 0 0 0 0 0 0 0 0 0 0 0 0 0 0 0 0 0 0 0 0 0 0 0 0 0 0 0 0 0 0 0 0 0 0 0 0 0 0 0 0 0 0 0 0 0 0 0 0 0 0 0 0 0 0 0 0 0 0 0 0 0 0 0 0 0 0 0 0 0 0 0 0 0 0 0 0 0 0 0 0 0 0 0 0 0 0 0 0 0 0 0 0 0 0 0 0 0 0 0 0 0 0 0 0 0 0 0 0 0 0 0 0 0 0 0 0 0 0 0 0 0 0 0 0 0 0 0 0 0 0 0 0 0 0 0 0 0 0 0 0 0 0 0 0 0 0 0 0 0 0 0 0 0 0 0 0 0 0 0 0 0 0 0 0 0 0 0 0 0 0 0 0 0 0 0 0 0 0 0 0 0 0 0 0 0 0 0 0 0 0 0 0 0 0 0 0 0 0 0 0 0 0 0 0 0 0 0 0 0 0 0 0 0 0 0 0 0 0 0 0 0 0 0 0 0 0 0 0 0 0 0 0 0 0 0 0 0 0 0 0 0 0 0 0 0 0 0 0 0 0 0 0 0 0 0 0 0 0 0 0 0 0 0 0 0 0 0 0 0 0 0 0 0 0 0 0 0 0 0 0 0 0 0 0 0 0 0 0 0 0 0 0 0 0 0 0 0 0 0 0 0 0 0 0 0 0 0 0 0 0 0 0 0 0 0 0 0 0 0 0 0 0 0 0 0 0 0 0 0 0 0 0 0 0 0 0 0 0 0 0 0 0 0 0 0 0 0 0 0 0 0 0 0 0 0 0 0 0 0 0 0 0 0 0 0 0 0 0 0 0 0 0 0 0 0 0 0 0 0 0 0 0 0 0 0 0 0 0 0 0 0 0 0 0 0 0 0 0 0 0 0 0 0 0 0 0 0 0 0 0 0 0 0 0 0 0 0 0 0 0 0 0 0 0 0 0 0 0 0 0 0 0 0 0 0 0 0 0 0 0 0 0 0 0 0 0 0 0 0 0 0 0 0 0 0 0 0 0 0 0 0 0 0 0 0 0 0 0 0 0 0 0 0 0 0 0 0 0 0 0 0 0 0 0 0 0 0 0 0 0 0 0 0 0 0 0 0 0 0 0 0 0 0 0 0 0 0 0 0 0 0 0 0 0 0 0 0 0 0 0 0 0 0 0 0 0 0 0 0 0 0 0 0 0 0 0 0 0 0 0 0 0 0 0 0 0 0 0 0 0 0 0 0 0 0 0 0 0 0 0 0 0 0 0 0 0 0 0 0 0 0 0 0 0 0 0 0 0 0 0 0 0 0 0 0 0 0 0 0 0 0 0 0 0 0 0 0 0 0 0 0 0 0 0 0 0 0 0 0 0 0 0 0 0 0 0 0 0 0 0 0 0 0 0 0 0 0 0 0 0 0 0 0 0 0 0 0 0 0 0 0 0 0 0 0 0
ctxt 18933267
btime 1613124388
processes 477237
procs_running 1
procs_blocked 0
softirq 92549200 1 53222797 761 3609840 0 0 355812 2423961 0 32936028
