cpu  8685173 7 13504 27604438 487 0 526 0 0 0
cpu0 67869 0 370 214913 0 0 112 0 0 0
cpu1 67878 0 66 215697 0 0 1 0 0 0
cpu2 67834 0 103 215695 0 0 0 0 0 0
cpu3 67581 0 228 215813 7 0 10 0 0 0
cpu4 67847 0 96 215714 0 0 2 0 0 0
cpu5 67870 0 54 215724 0 0 10 0 0 0
cpu6 67821 0 108 215684 0 0 9 0 0 0
cpu7 67614 0 264 215743 0 0 17 0 0 0
cpu8 67855 0 81 215717 0 0 1 0 0 0
cpu9 67881 0 54 215721 0 0 0 0 0 0
cpu10 68034 0 80 215536 0 0 0 0 0 0
cpu11 67874 0 121 215659 0 0 2 0 0 0
cpu12 67870 0 81 215703 0 0 1 0 0 0
cpu13 67879 0 53 215721 0 0 0 0 0 0
cpu14 67888 0 64 215694 0 0 3 0 0 0
cpu15 67844 0 154 215640 0 0 8 0 0 0
cpu16 67878 0 62 215709 0 0 1 0 0 0
cpu17 67881 0 54 215713 0 0 0 0 0 0
cpu18 67913 0 65 215673 0 0 0 0 0 0
cpu19 67862 0 117 215660 2 0 3 0 0 0
cpu20 67878 0 73 215705 0 0 0 0 0 0
cpu21 67883 0 52 215722 0 0 0 0 0 0
cpu22 67880 0 53 215711 0 0 0 0 0 0
cpu23 67911 2 206 215524 0 0 5 0 0 0
cpu24 67859 0 114 215672 0 0 2 0 0 0
cpu25 67880 0 40 215729 0 0 0 0 0 0
cpu26 67580 0 172 215844 0 0 12 0 0 0
cpu27 67922 0 162 215534 0 0 2 0 0 0
cpu28 67880 0 191 215499 0 0 0 0 0 0
cpu29 67880 0 51 215705 0 0 0 0 0 0
cpu30 67802 0 126 215716 0 0 2 0 0 0
cpu31 67825 0 214 215585 1 0 6 0 0 0
cpu32 67861 0 59 215725 0 0 1 0 0 0
cpu33 67870 0 58 215645 0 0 18 0 0 0
cpu34 67781 0 136 215720 0 0 13 0 0 0
cpu35 67954 0 247 215429 2 0 4 0 0 0
cpu36 67878 0 125 215631 0 0 0 0 0 0
cpu37 67884 0 52 215704 0 0 0 0 0 0
cpu38 67864 0 66 215714 0 0 1 0 0 0
cpu39 68008 0 267 215358 6 0 0 0 0 0
cpu40 67878 0 96 215661 0 0 0 0 0 0
cpu41 67883 0 46 215717 1 0 0 0 0 0
cpu42 67844 0 84 215709 0 0 4 0 0 0
cpu43 67921 0 222 215454 28 0 3 0 0 0
cpu44 67884 0 66 215691 0 0 0 0 0 0
cpu45 67884 0 48 215706 0 0 0 0 0 0
cpu46 67909 0 59 215670 0 0 0 0 0 0
cpu47 67789 0 470 215293 2 0 44 0 0 0
cpu48 67883 0 55 215702 0 0 0 0 0 0
cpu49 67884 0 48 215699 0 0 0 0 0 0
cpu50 67896 0 68 215676 1 0 0 0 0 0
cpu51 67831 0 141 215653 2 0 1 0 0 0
cpu52 67882 0 53 215708 0 0 0 0 0 0
cpu53 67886 0 56 215688 2 0 0 0 0 0
cpu54 67878 0 59 215695 0 0 0 0 0 0
cpu55 67724 0 193 215702 5 0 6 0 0 0
cpu56 67882 0 55 215705 0 0 0 0 0 0
cpu57 67819 0 51 215762 0 0 0 0 0 0
cpu58 67869 0 63 215705 1 0 2 0 0 0
cpu59 67693 0 151 215693 77 0 5 0 0 0
cpu60 67716 0 220 215673 2 0 29 0 0 0
cpu61 67874 0 48 215714 0 0 0 0 0 0
cpu62 67834 0 79 215718 0 0 3 0 0 0
cpu63 67883 0 149 215588 0 0 5 0 0 0
cpu64 67848 0 78 215707 0 0 0 0 0 0
cpu65 67871 0 61 215700 0 0 0 0 0 0
cpu66 67831 0 104 215696 1 0 2 0 0 0
cpu67 67897 0 176 215454 88 0 3 0 0 0
cpu68 67614 0 124 215864 0 0 5 0 0 0
cpu69 67870 0 55 215702 1 0 0 0 0 0
cpu70 67752 0 179 215686 0 0 14 0 0 0
cpu71 67997 0 147 215450 31 0 1 0 0 0
cpu72 67868 0 76 215684 0 0 0 0 0 0
cpu73 67866 0 41 215721 0 0 0 0 0 0
cpu74 67942 0 66 215630 0 0 0 0 0 0
cpu75 67844 0 152 215607 2 0 9 0 0 0
cpu76 67656 0 79 215878 0 0 4 0 0 0
cpu77 67881 0 38 215710 0 0 0 0 0 0
cpu78 67886 0 49 215685 0 0 0 0 0 0
cpu79 67835 0 122 215645 2 0 2 0 0 0
cpu80 67881 0 54 215695 1 0 0 0 0 0
cpu81 67860 0 40 215719 0 0 0 0 0 0
cpu82 67810 0 55 215752 0 0 0 0 0 0
cpu83 67860 0 90 215668 1 0 2 0 0 0
cpu84 67874 0 64 215686 0 0 0 0 0 0
cpu85 67884 0 40 215697 0 0 0 0 0 0
cpu86 67930 0 56 215639 1 0 0 0 0 0
cpu87 67892 1 102 215618 4 0 2 0 0 0
cpu88 67879 0 54 215696 0 0 0 0 0 0
cpu89 67881 0 46 215699 0 0 0 0 0 0
cpu90 67523 0 178 215910 0 0 2 0 0 0
cpu91 67602 0 147 215830 1 0 8 0 0 0
cpu92 67880 0 68 215669 1 0 0 0 0 0
cpu93 67876 0 43 215699 0 0 0 0 0 0
cpu94 67548 0 126 215941 0 0 2 0 0 0
cpu95 67819 0 173 215598 1 0 5 0 0 0
cpu96 67881 0 60 215676 5 0 0 0 0 0
cpu97 67880 0 47 215691 0 0 0 0 0 0
cpu98 67869 0 59 215685 0 0 0 0 0 0
cpu99 67968 2 194 215470 2 0 1 0 0 0
cpu100 67880 0 56 215686 0 0 0 0 0 0
cpu101 67877 0 62 215679 0 0 0 0 0 0
cpu102 67819 0 78 215718 0 0 4 0 0 0
cpu103 68049 0 261 215304 5 0 0 0 0 0
cpu104 67879 0 58 215675 0 0 0 0 0 0
cpu105 67877 0 62 215675 0 0 0 0 0 0
cpu106 67490 0 74 216025 0 0 2 0 0 0
cpu107 68098 0 184 215325 7 0 0 0 0 0
cpu108 67886 0 72 215646 7 0 0 0 0 0
cpu109 67877 0 45 215692 0 0 0 0 0 0
cpu110 67882 0 52 215680 0 0 0 0 0 0
cpu111 67614 0 502 215397 0 0 71 0 0 0
cpu112 67894 0 69 215655 0 0 0 0 0 0
cpu113 67881 0 46 215687 0 0 0 0 0 0
cpu114 67878 0 64 215659 11 0 0 0 0 0
cpu115 68432 0 276 214817 70 0 0 0 0 0
cpu116 67839 0 95 215674 0 0 4 0 0 0
cpu117 67880 0 49 215676 0 0 0 0 0 0
cpu118 67879 0 52 215671 0 0 0 0 0 0
cpu119 67550 0 140 215901 4 0 2 0 0 0
cpu120 67882 0 59 215671 0 0 1 0 0 0
cpu121 67882 0 54 215675 1 0 0 0 0 0
cpu122 67875 0 54 215684 0 0 0 0 0 0
cpu123 67914 0 113 215530 54 0 0 0 0 0
cpu124 67883 0 47 215678 1 0 0 0 0 0
cpu125 67881 0 60 215664 0 0 0 0 0 0
cpu126 67862 0 64 215679 1 0 0 0 0 0
cpu127 67747 0 139 215712 1 0 2 0 0 0
intr 25902040 130 0 0 0 683 0 0 0 1 0 285 0 0 0 0 0 0 0 0 0 0 0 0 0 0 0 0 0 0 0 0 0 0 0 0 260 0 5 2 838 2596 185 5441 2539 2591 0 3 97 2304 0 0 4782 5767 3 0 20 1279 17 0 0 1566 0 0 651 734 834 1 2 1050 3 35681 148 499 9 8 0 214 126 6 1098 3205 168 0 0 1449 0 294 5 957 0 0 0 1232 0 0 743 3141 0 0 3031 860 0 0 2963 1275 614 0 466 968 0 0 2 2514 158 0 0 2198 0 0 0 2384 11 0 1 1880 0 0 140 2261 0 0 0 1378 0 0 0 622 0 0 0 264 0 1 1693 489 0 0 0 1769 0 0 0 238 0 0 0 0 0 0 0 0 0 0 0 0 0 163 162 1 62 4 80 206 15 155 1 3 0 6 0 6 0 10 141 11 3 764 3 128 2 84 12 69 14 100 62 7 9 4 0 0 0 0 0 0 0 0 0 0 0 0 0 0 0 0 0 69 7 81 8 70 10 3 1 3 3 44 0 6 26 6 136 39 19 7 19 33 76 0 0 8 0 1 25 0 32 0 1 1 0 6 385 0 0 37 6152 5088 109 187 468 547 241 184 137 202 544 61 186 393 3008 20 71 221 532 30 9906 108 546 69 0 0 0 0 0 0 0 0 0 0 0 0 0 0 0 0 0 0 0 0 0 0 0 0 0 0 0 0 0 0 0 0 0 0 0 0 0 0 0 0 0 0 0 0 0 0 0 0 0 0 0 0 0 0 0 0 0 0 0 0 0 0 0 0 0 0 0 0 0 0 0 0 0 0 0 0 0 0 0 0 0 0 0 0 0 0 0 0 0 0 0 0 0 0 0 0 0 0 0 0 0 0 0 0 0 0 0 0 0 0 0 0 0 0 0 0 0 0 0 0 0 0 0 0 0 0 0 0 0 0 0 0 0 0 0 0 0 0 0 0 0 0 0 0 0 0 0 0 0 0 0 0 0 0 0 0 0 0 0 0 0 0 0 0 0 0 0 0 0 0 0 0 0 0 0 0 0 0 0 0 0 0 0 0 0 0 0 0 0 0 0 0 0 0 0 0 0 0 0 0 0 0 0 0 0 0 0 0 0 0 0 0 0 0 0 0 0 0 0 0 0 0 0 0 0 0 0 0 0 0 0 0 0 0 0 0 0 0 0 0 0 0 0 0 0 0 0 0 0 0 0 0 0 0 0 0 0 0 0 0 0 0 0 0 0 0 0 0 0 0 0 0 0 0 0 0 0 0 0 0 0 0 0 0 0 0 0 0 0 0 0 0 0 0 0 0 0 0 0 0 0 0 0 0 0 0 0 0 0 0 0 0 0 0 0 0 0 0 0 0 0 0 0 0 0 0 0 0 0 0 0 0 0 0 0 0 0 0 0 0 0 0 0 0 0 0 0 0 0 0 0 0 0 0 0 0 0 0 0 0 0 0 0 0 0 0 0 0 0 0 0 0 0 0 0 0 0 0 0 0 0 0 0 0 0 0 0 0 0 0 0 0 0 0 0 0 0 0 0 0 0 0 0 0 0 0 0 0 0 0 0 0 0 0 0 0 0 0 0 0 0 0 0 4 0 0 0 0 0 0 0 47 0 0 48 0 0 0 0 0 0 0 0 0 0 0 0 1 0 0 0 0 0 0 0 0 0 0 0 0 0 0 0 0 0 0 0 0 0 0 0 0 0 0 0 0 0 0 0 0 0 0 0 0 0 0 0 0 0 0 0 0 0 0 0 0 0 0 0 0 0 0 0 0 0 0 0 0 0 0 0 0 0 0 0 0 0 20 0 0 0 0 0 0 0 0 0 0 0 0 0 0 0 0 0 0 0 0 0 0 0 0 0 0 0 0 0 0 0 0 0 0 0 0 0 0 0 0 0 0 0 0 0 0 0 0 0 0 0 0 0 0 0 0 0 0 0 0 0 0 0 0 0 0 0 0 0 0 0 0 0 0 0 0 0 0 0 0 0 0 0 0 0 0 0 0 0 0 0 0 0 0 0 0 0 0 0 0 0 0 0 0 0 0 0 0 0 0 0 0 0 0 0 0 0 0 0 0 0 0 0 0 0 0 0 0 0 0 0 0 0 0 0 0 0 0 0 0 0 0 0 0 0 0 0 0 0 0 0 0 0 0 0 0 0 0 0 0 0 0 0 0 0 0 0 0 0 0 0 0 0 0 0 0 0 0 0 0 0 0 0 0 0 0 0 0 0 0 0 0 0 0 0 0 0 0 0 0 0 0 0 0 0 0 0 0 0 0 0 0 0 0 0 0 0 0 0 0 0 0 0 0 0 0 0 0 0 0 0 0 0 0 0 0 0 0 0 0 0 0 0 0 0 0 0 0 0 0 0 0 0 0 0 0 0 0 0 0 0 0 0 0 0 0 0 0 0 0 0 0 0 0 0 0 0 0 0 0 0 0 0 0 0 0 0 0 0 0 0 0 0 0 0 0 0 0 0 0 0 0 0 0 0 0 0 0 0 0 0 0 0 0 0 0 0 0 0 0 0 0 0 0 0 0 0 0 0 0 0 0 0 0 0 0 0 0 0 0 0 0 0 0 0 0 0 0 0 0 0 0 0 0 0 0 0 0 0 0 0 0 0 0 0 0 0 0 0 0 0 0 0 0 0 0 0 0 0 0 0 0 0 0 0 0 0 0 0 0 0 0 0 0 0 0 0 0 0 0 0 0 0 0 0 0 0 0 0 0 0 0 0 0 0 0 0 0 0 0 0 0 0 0 0 0 0 0 0 0 0 0 0 0 0 0 0 0 0 0 0 0 0 0 0 0 0 0 0 0 0 0 0 0 0 0 0 0 0 0 0 0 0 0 0 0 0 0 0 0 0 0 0 0 0 0 0 0 0 0 0 0 0 0 0 0 0 0 0 0 0 0 0 0 0 0 0 0 0 0 0 0 0 0 0 0 0 0 0 0 0 0 0 0 0 0 0 0 0 0 0 0 0 0 0 0 0 0 0 0 0 0 0 0 0 0 0 0 0 0 0 0 0 0 0 0 0 0 0 0 0 0 0 0 0 0 0 0 0 0 0 0 0 0 0 0 0 0 0 0 0 0 0 0 0 0 0 0 0 0 0 0 0 0 0 0 0 0 0 0 0 0 0 0 0 0 0 0 0 0 0 0 0 0 0 0 0 0 0 0 0 0 0 0 0 0 0 0 0 0 0 0 0 0 0 0 0 0 0 0 0 0 0 0 0 0 0 0 0 0 0 0 0 0 0 0 0 0 0 0 0 0 0 0 0 0 0 0 0 0 0 0 0 0 0 0 0 0 0 0 0 0 0 0 0 0 0 0 0 0 0 0 0 0 0 0 0 0 0 0 0 0 0 0 0 0 0 0 0 0 0 0 0 0 0 0 0 0 0 0 0 0 0 0 0 0 0 0 0 0 0 0 0 0 0 0 0 0 0 0 0 0 0 0 0 0 0 0 0 0 0 0 0 0 0 0 0 0 0 0 0 0 0 0 0 0 0 0 0 0 0 0 0 0 0 0 0 0 0 0 0 0 0 0 0 0 0 0 0 0 0 0 0 0 0 0 0 0 0 0 0 0 0 0 0 0 0 0 0 0 0 0 0 0 0 0 0 0 0 0 0 0 0 0 0 0 0 0 0 0 0 0 0 0 0 0 0 0 0 0 0 0 0 0 0 0 0 0 0 0 0 0 0 0 0 0 0 0 0 0 0 0 0 0 0 0 0 0 0 0 0 0 0 0 0 0 0 0 0 0 0 0 0 0 0 0 0 0 0 0 0 0 0 0 0 0 0 0 0 0 0 0 0 0 0 0 0 0 0 0 0 0 0 0 0 0 0 0 0 0 0 0 0 0 0 0 0 0 0 0 0 0 0 0 0 0 0 0 0 0 0 0 0 0 0 0 0 0 0 0 0 0 0 0 0 0 0 0 0 0 0 0 0 0 0 0 0 0 0 0 0 0 0 0 0 0 0 0 0 0 0 0 0 0 0 0 0 0 0 0 0 0 0 0 0 0 0 0 0 0 0 0 0 0 0 0 0 0 0 0 0 0 0 0 0 0 0 0 0 0 0 0 0 0 0 0 0 0 0 0 0 0 0 0 0 0 0 0 0 0 0 0 0 0 0 0 0 0 0 0 0 0 0 0 0 0 0 0 0 0 0 0 0 0 0 0 0 0 0 0 0 0 0 0 0 0 0 0 0 0 0 0 0 0 0 0 0 0 0 0 0 0 0 0 0 0 0 0 0 0 0 0 0 0 0 0 0 0 0 0 0 0 0 0 0 0 0 0 0 0 0 0 0 0 0 0 0 0 0 0 0 0 0 0 0 0 0 0 0 0 0 0 0 0 0 0 0 0 0 0 0 0 0 0 0 0 0 0 0 0 0 0 0 0 0 0 0 0 0 0 0 0 0 0 0 0 0 0 0 0 0 0 0 0 0 0 0 0 0 0 0 0 0 0 0 0 0 0 0 0 0 0 0 0 0 0 0 0 0 0 0 0 0 0 0 0 0 0 0 0 0 0 0 0 0 0 0 0 0 0 0 0 0 0 0 0 0 0 0 0 0 0 0 0 0 0 0 0 0 0 0 0 0 0 0 0 0 0 0 0 0 0 0 0 0 0 0 0 0 0 0 0 0 0 0 0 0 0 0 0 0 0 0 0 0 0 0 0 0 0 0 0 0 0 0 0 0 0 0 0 0 0 0 0 0 0 0 0 0 0 0 0 0 0 0 0 0 0 0 0 0 0 0 0 0 0 0 0 0 0 0 0 0 0 0 0 0 0 0 0 0 0 0 0 0 0 0 0 0 0 0 0 0 0 0 0 0 0 0 0 0 0 0 0 0 0 0 0 0 0 0 0 0 0 0 0 0 0 0 0 0 0 0 0 0 0 0 0 0 0 0 0 0 0 0 0 0 0 0 0 0 0 0 0 0 0 0 0 0 0 0 0 0 0 0 0 0 0 0 0 0 0 0 0 0 0 0 0 0 0 0 0 0 0 0 0 0 0 0 0 0 0 0 0 0 0 0 0 0 0 0 0 0 0 0 0 0 0 0 0 0 0 0 0 0 0 0 0 0 0 0 0 0 0 0 0 0 0 0 0 0 0 0 0 0 0 0 0 0 0 0 0 0 0 0 0 0 0 0 0 0 0 0 0 0 0 0 0 0 0 0 0 0 0 0 0 0 0 0 0 0 0 0 0 0 0 0 0 0 0 0 0 0 0 0 0 0 0 0 0 0 0 0 0 0 0 0 0 0 0 0 0 0 0 0 0 0 0 0 0 0 0 0 0 0 0 0 0 0 0 0 0 0 0 0 0 0 0 0 0 0 0 0 0 0 0 0 0 0 0 0 0 0 0 0 0 0 0 0 0 0 0 0 0 0 0 0 0 0 0 0 0 0 0 0 0 0 0 0 0 0 0 0 0 0 0 0 0 0 0 0 0 0 0 0 0 0 0 0 0 0 0 0 0 0 0 0 0 0 0 0 0 0 0 0 0 0 0 0 0 0 0 0 0 0 0 0 0 0 0 0 0 0 0 0 0 0 0 0 0 0 0 0 0 0 0 0 0 0 0 0 0 0 0 0 0 0 0 0 0 0 0 0 0 0 0 0 0 0 0 0 0 0 0 0 0 0 0 0 0 0 0 0 0 0 0 0 0 0 0 0 0 0 0 0 0 0 0 0 0 0 0 0 0 0 0 0 0 0 0 0 0 0 0 0 0 0 0 0 0 0 0 0 0 0 0 0 0 0 0 0 0 0 0 0 0 0 0 0 0 0 0 0 0 0 0 0 0 0 0 0 0 0 0 0 0 0 0 0 0 0 0 0 0 0 0 0 0 0 0 0 0 0 0 0 0 0 0 0 0 0 0 0 0 0 0 0 0 0 0 0 0 0 0 0 0 0 0 0 0 0 0 0 0 0 0 0 0 0 0 0 0 0 0 0 0 0 0 0 0 0 0 0 0 0 0 0 0 0 0 0 0 0 0 0 0 0 0 0 0 0 0 0 0 0 0 0 0 0 0 0 0 0 0 0 0 0 0 0 0 0 0 0 0 0 0 0 0 0 0 0 0 0 0 0 0 0 0 0 0 0 0 0 0 0 0 0 0 0 0 0 0 0 0 0 0 0 0 0 0 0 0 0 0 0 0 0 0 0 0 0 0 0 0 0 0 0 0 0 0 0 0 0 0 0 0 0 0 0 0 0 0 0 0 0 0 0 0 0 0 0 0 0 0 0 0 0 0 0 0 0 0 0 0 0 0 0 0 0 0 0 0 0 0 0 0 0 0 0 0 0 0 0 0 0 0 0 0 0 0 0 0 0 0 0 0 0 0 0 0 0 0 0 0 0 0 0 0 0 0 0 0 0 0 0 0 0 0 0 0 0 0 0 0 0 0 0 0 0 0 0 0 0 0 0 0 0 0 0 0 0 0 0 0 0 0 0 0 0 0 0 0 0 0 0 0 0 0 0 0 0 0 0 0 0 0 0 0 0 0 0 0 0 0 0 0 0 0 0 0 0 0 0 0 0 0 0 0 0 0 0 0 0 0 0 0 0 0 0 0 0 0 0 0 0 0 0 0 0 0 0 0 0 0 0 0 0 0 0 0 0 0 0 0 0 0 0 0 0 0 0 0 0 0 0 0 0 0 0 0 0 0 0 0 0 0 0 0 0 0 0 0 0 0 0 0 0 0 0 0 0 0 0 0 0 0 0 0 0 0 0 0 0 0 0 0 0 0 0 0 0 0 0 0 0 0 0 0 0 0 0 0 0 0 0 0 0 0 0 0 0 0 0 0 0 0 0 0 0 0 0 0 0 0 0 0 0 0 0 0 0 0 0 0 0 0 0 0 0 0 0 0 0 0 0 0 0 0 0 0 0 0 0 0 0 0 0 0 0 0 0 0 0 0 0 0 0 0 0 0 0 0 0 0 0 0 0 0 0 0 0 0 0 0 0 0 0 0 0 0 0 0 0 0 0 0 0 0 0 0 0 0 0 0 0 0 0 0 0 0 0 0 0 0 0 0 0 0 0 0 0 0 0 0 0 0 0 0 0 0 0 0 0 0 0 0 0 0 0 0 0 0 0 0 0 0 0 0 0 0 0 0 0 0 0 0 0 0 0 0 0 0 0 0 0 0 0 0 0 0 0 0 0 0 0 0 0 0 0 0 0 0 0 0 0 0 0 0 0 0 0 0 0 0 0 0 0 0 0 0 0 0 0 0 0 0 0 0 0 0 0 0 0 0 0 0 0 0 0 0 0 0 0 0 0 0 0 0 0 0 0 0 0 0 0 0 0 0 0 0 0 0 0 0 0 0 0 0 0 0 0 0 0 0 0 0 0 0 0 0 0 0 0 0 0 0 0 0 0 0 0 0 0 0 0 0 0 0 0 0 0 0 0 0 0 0 0 0 0 0 0 0 0 0 0 0 0 0 0 0 0 0 0 0 0 0 0 0 0 0 0 0 0 0 0 0 0 0 0 0 0 0 0 0 0 0 0 0 0 0 0 0 0 0 0 0 0 0 0 0 0 0 0 0 0 0 0 0 0 0 0 0 0 0 0 0 0 0 0 0 0 0 0 0 0 0 0 0 0 0 0 0 0 0 0 0 0 0 0 0 0 0 0 0 0 0 0 0 0 0 0 0 0 0 0 0 0 0 0 0 0 0 0 0 0 0 0 0 0 0 0 0 0 0 0 0 0 0 0 0 0 0 0 0 0 0 0 0 0 0 0 0 0 0 0 0 0 0 0 0 0 0 0 0 0 0 0 0 0 0 0 0 0 0 0 0 0 0 0 0 0 0 0 0 0 0 0 0 0 0 0 0 0 0 0 0 0 0 0 0 0 0 0 0 0 0 0 0 0 0 0 0 0 0 0 0 0 0 0 0 0 0 0 0 0 0 0 0 0 0 0 0 0 0 0 0 0 0 0 0 0 0 0 0 0 0 0 0 0 0 0 0 0 0 0 0 0 0 0 0 0 0 0 0 0 0 0 0 0 0 0 0 0 0 0 0 0 0 0 0 0 0 0 0 0 0 0 0 0 0 0 0 0 0 0 0 0 0 0 0 0 0 0 0 0 0 0 0 0 0 0 0 0 0 0 0 0 0 0 0 0 0 0 0 0 0 0 0 0 0 0 0 0 0 0 0 0 0 0 0 0 0 0 0 0 0 0 0 0 0 0 0 0 0 0 0 0 0 0 0 0 0 0 0 0 0 0 0 0 0 0 0 0 0 0 0 0 0 0 0 0 0 0 0 0 0 0 0 0 0 0 0 0 0 0 0 0 0 0 0 0 0 0 0 0 0 0 0 0 0 0 0 0 0 0 0 0 0 0 0 0 0 0 0 0 0 0 0 0 0 0 0 0 0 0 0 0 0 0 0 0 0 0 0 0 0 0 0 0 0 0 0 0 0 0 0 0 0 0 0 0 0 0 0 0 0 0 0 0 0 0 0 0 0 0 0 0 0 0 0 0 0 0 0 0 0 0 0 0 0 0 0 0 0 0 0 0 0 0 0 0 0 0 0 0 0 0 0 0 0 0 0 0 0 0 0 0 0 0 0 0 0 0 0 0 0 0 0 0 0 0 0 0 0 0 0 0 0 0 0 0 0 0 0 0 0 0 0 0 0 0 0 0 0 0 0 0 0 0 0 0 0 0 0 0 0 0 0 0 0 0 0 0 0 0 0 0 0 0 0 0 0 0 0 0 0 0 0 0 0 0 0 0 0 0 0 0 0 0 0 0 0 0 0 0 0 0 0 0 0 0 0 0 0 0 0 0 0 0 0 0 0 0 0 0 0 0 0 0 0 0 0 0 0 0 0 0 0 0 0 0 0 0 0 0 0 0 0 0 0 0 0 0 0 0 0 0 0 0 0 0 0 0 0 0 0 0 0 0 0 0 0 0 0 0 0 0 0 0 0 0 0 0 0 0 0 0 0 0 0 0 0 0 0 0 0 0 0 0 0 0 0 0 0 0 0 0 0 0 0 0 0 0 0 0 0 0 0 0 0 0 0 0 0 0 0 0 0 0 0 0 0 0 0 0 0 0 0 0 0 0 0 0 0 0 0 0 0 0 0 0 0 0 0 0 0 0 0 0 0 0 0 0 0 0 0 0 0 0 0 0 0 0 0 0 0 0 0 0 0 0 0 0 0 0 0 0 0 0 0 0 0 0 0 0 0 0 0 0 0 0 0 0 0 0 0 0 0 0 0 0 0 0 0 0 0 0 0 0 0 0 0 0 0 0 0 0 0 0 0 0 0 0 0 0 0 0 0 0 0 0 0 0 0 0 0 0 0 0 0 0 0 0 0 0 0 0 0 0 0 0 0 0 0 0 0 0 0 0 0 0 0 0 0 0 0 0 0 0 0 0 0 0 0 0 0 0 0 0 0 0 0 0 0 0 0 0 0 0 0 0 0 0 0 0 0 0 0 0 0 0 0 0 0 0 0 0 0 0 0 0 0 0 0 0 0 0 0 0 0 0 0 0 0 0 0 0 0 0 0 0 0 0 0 0 0 0 0 0 0 0 0 0 0 0 0 0 0 0 0 0 0 0 0 0 0 0 0 0 0 0 0 0 0 0 0 0 0 0 0 0 0 0 0 0 0 0 0 0 0 0 0 0 0 0 0 0 0 0 0 0 0 0 0 0 0 0 0 0 0 0 0 0 0 0 0 0 0 0 0 0 0 0 0 0 0 0 0 0 0 0 0 0 0 0 0 0 0 0 0 0 0 0 0 0 0 0 0 0 0 0 0 0 0 0 0 0 0 0 0 0 0 0 0 0 0 0 0 0 0 0 0 0 0 0 0 0 0 0 0 0 0 0 0 0 0 0 0 0 0 0 0 0 0 0 0 0 0 0 0 0 0 0 0 0 0 0 0 0 0 0 0 0 0 0 0 0 0 0 0 0 0 0 0 0 0 0 0 0 0 0 0 0 0 0 0 0 0 0 0 0 0 0 0 0 0 0 0 0 0 0 0 0
ctxt 2892887
btime 1613064757
processes 67828
procs_running 1
procs_blocked 0
softirq 28779277 1 16955264 1237 563150 0 0 162 1078119 0 10181344
