cpu  32039200 8 55218 4435195 180 0 4914 0 0 0
cpu0 499372 0 2258 68865 0 0 326 0 0 0
cpu1 500310 0 1057 69378 9 0 132 0 0 0
cpu2 500072 0 1828 68812 1 0 159 0 0 0
cpu3 500059 0 1117 69529 4 0 155 0 0 0
cpu4 500533 0 1518 68623 8 0 108 0 0 0
cpu5 500962 0 357 69518 4 0 25 0 0 0
cpu6 500006 0 1238 69466 1 0 150 0 0 0
cpu7 500406 0 918 69415 2 0 126 0 0 0
cpu8 499822 0 1527 69448 0 0 62 0 0 0
cpu9 500960 0 397 69460 3 0 50 0 0 0
cpu10 500206 0 1196 69357 3 0 93 0 0 0
cpu11 500611 0 679 69480 2 0 92 0 0 0
cpu12 499816 0 1569 69405 1 0 75 0 0 0
cpu13 500981 0 448 69379 1 0 46 0 0 0
cpu14 499922 0 1450 69402 0 0 91 0 0 0
cpu15 500886 0 631 69244 2 0 90 0 0 0
cpu16 499032 0 2169 69462 0 0 197 0 0 0
cpu17 500785 0 505 69323 1 0 230 0 0 0
cpu18 499575 0 1889 69231 0 0 170 0 0 0
cpu19 500899 0 485 69412 1 0 56 0 0 0
cpu20 500111 0 1256 69282 49 0 115 0 0 0
cpu21 501060 0 330 69447 11 0 16 0 0 0
cpu22 500029 0 1197 69516 1 0 118 0 0 0
cpu23 500909 0 415 69498 8 0 36 0 0 0
cpu24 500473 0 967 69371 1 0 40 0 0 0
cpu25 501057 0 259 69542 1 0 10 0 0 0
cpu26 500022 0 1314 69366 0 0 148 0 0 0
cpu27 500831 0 474 69506 1 0 53 0 0 0
cpu28 500147 0 1162 69470 0 0 83 0 0 0
cpu29 501064 0 253 69529 2 0 16 0 0 0
cpu30 499850 0 1328 69471 0 0 208 0 0 0
cpu31 500868 0 408 69546 1 0 32 0 0 0
cpu32 500672 0 1066 69071 1 0 40 0 0 0
cpu33 500513 0 776 69526 1 0 41 0 0 0
cpu34 501196 2 1221 68405 0 0 32 0 0 0
cpu35 500888 0 403 69538 0 0 29 0 0 0
cpu36 501234 0 811 68759 0 0 38 0 0 0
cpu37 500964 0 346 69527 5 0 16 0 0 0
cpu38 503306 0 848 66644 1 0 38 0 0 0
cpu39 500448 0 814 69501 1 0 93 0 0 0
cpu40 501411 0 1029 68351 5 0 45 0 0 0
cpu41 501114 0 302 69408 1 0 18 0 0 0
cpu42 500147 0 1201 69354 0 0 154 0 0 0
cpu43 500897 0 433 69468 0 0 58 0 0 0
cpu44 500605 0 1117 69112 0 0 23 0 0 0
cpu45 501075 0 337 69417 0 0 23 0 0 0
cpu46 500063 0 1665 68964 0 0 150 0 0 0
cpu47 501180 0 337 69304 2 0 24 0 0 0
cpu48 499987 0 1514 69251 0 0 100 0 0 0
cpu49 501050 0 473 69305 2 0 19 0 0 0
cpu50 500251 0 1038 69481 0 0 80 0 0 0
cpu51 501100 0 314 69421 2 0 16 0 0 0
cpu52 500839 0 500 69474 0 0 41 0 0 0
cpu53 501092 0 285 69457 3 0 17 0 0 0
cpu54 500581 0 648 69564 1 0 51 0 0 0
cpu55 500909 0 415 69501 0 0 26 0 0 0
cpu56 500581 0 866 69357 0 0 40 0 0 0
cpu57 501122 0 207 69508 0 0 9 0 0 0
cpu58 500815 0 560 69437 0 0 35 0 0 0
cpu59 500710 1 535 69519 1 0 86 0 0 0
cpu60 500750 0 705 69343 0 0 22 0 0 0
cpu61 501110 0 208 69511 1 0 17 0 0 0
cpu62 499871 0 1269 69514 0 0 188 0 0 0
cpu63 501059 0 350 69419 7 0 8 0 0 0
intr 89768158 83 0 0 0 639 0 0 0 1 0 282 0 0 0 0 0 0 0 0 0 0 0 0 0 0 0 0 0 0 0 0 0 0 0 0 0 0 0 1192 34338 1468 12867 304 7090 1253 9340 743 12616 619 4990 525 8272 254 4234 1331 73315 184 6981 9795 2176 1560 12283 1150 1177 489 5783 1866 607 789 5404 1450 19022 171 8833 137 7002 253 13805 333 3000 493 8548 845 2929 12 5156 669 8411 765 6080 2885 2313 3754 5755 1096 1524 592 4617 773 1593 835 2597 0 0 0 0 0 0 0 0 0 0 0 0 0 0 0 0 0 32244 93 0 0 0 0 0 0 0 0 0 0 0 0 0 0 0 0 0 0 0 0 0 0 0 0 0 0 0 0 0 0 0 0 0 0 0 0 0 0 0 0 0 0 0 0 0 0 0 0 0 0 0 0 0 0 0 0 0 0 0 0 0 0 0 0 0 0 0 0 0 0 0 0 0 0 0 15 0 0 0 0 0 0 0 0 0 0 0 0 0 0 0 0 0 0 0 0 0 0 0 0 0 0 0 0 0 0 0 0 0 0 0 0 0 0 0 0 0 0 0 0 0 0 0 0 0 0 0 0 0 0 0 0 0 0 0 0 0 0 0 0 0 0 0 0 0 0 0 0 0 0 0 0 0 0 0 0 0 0 0 0 0 0 0 0 0 0 0 0 0 0 0 0 0 0 0 0 0 0 0 0 0 0 0 0 0 0 0 0 0 0 0 0 0 0 0 0 0 0 0 0 0 0 0 0 0 0 0 0 0 0 0 0 0 0 0 0 0 0 0 0 0 0 0 0 0 0 0 0 0 0 0 0 0 0 0 0 0 0 0 0 0 0 0 0 0 0 0 0 0 0 0 0 0 0 0 0 0 0 0 0 0 0 0 0 0 0 0 0 0 0 0 0 0 0 0 0 0 0 0 0 0 0 0 0 0 0 0 0 0 0 0 0 0 0 0 0 0 0 0 0 0 0 0 0 0 0 0 0 0 0 0 0 0 0 0 0 0 0 0 0 0 0 0 0 0 0 0 0 0 0 0 0 0 0 0 0 0 0 0 0 0 0 0 0 0 0 0 0 0 0 0 0 0 0 0 0 0 0 0 0 0 0 0 0 0 0 0 0 0 0 0 0 0 0 0 0 0 0 0 0 0 0 0 0 0 0 0 0 0 0 0 0 0 0 0 0 0 0 0 0 0 0 0 0 0 0 0 0 0 0 0 0 0 0 0 0 0 0 0 0 0 0 0 0 0 0 0 0 0 0 0 0 0 0 0 0 0 0 0 0 0 0 0 0 0 0 0 0 0 0 0 0 0 0 0 0 0 0 0 0 0 0 0 0 0 0 0 0 0 0 0 0 0 0 0 0 0 0 0 0 0 0 0 0 0 0 0 0 0 0 0 0 0 0 0 0 0 0 0 0 0 0 0 0 0 0 0 0 0 0 0 0 0 0 0 0 0 0 0 0 0 0 0 0 0 0 0 0 0 0 0 0 0 0 0 0 0 0 0 0 0 0 0 0 0 0 0 0 0 0 0 0 0 0 0 0 0 0 0 0 0 0 0 0 0 0 0 0 0 0 0 0 0 0 0 0 0 0 0 0 0 0 0 0 0 0 0 0 0 0 0 0 0 0 0 0 0 0 0 0 0 0 0 0 0 0 0 0 0 0 0 0 0 0 0 0 0 0 0 0 0 0 0 0 0 0 0 0 0 0 0 0 0 0 0 0 0 0 0 0 0 0 0 0 0 0 0 0 0 0 0 0 0 0 0 0 0 0 0 0 0 0 0 0 0 0 0 0 0 0 0 0 0 0 0 0 0 0 0 0 0 0 0 0 0 0 0 0 0 0 0 0 0 0 0 0 0 0 0 0 0 0 0 0 0 0 0 0 0 0 0 0 0 0 0 0 0 0 0 0 0 0 0 0 0 0 0 0 0 0 0 0 0 0 0 0 0 0 0 0 0 0 0 0 0 0 0 0 0 0 0 0 0 0 0 0 0 0 0 0 0 0 0 0 0 0 0 0 0 0 0 0 0 0 0 0 0 0 0 0 0 0 0 0 0 0 0 0 0 0 0 0 0 0 0 0 0 0 0 0 0 0 0 0 0 0 0 0 0 0 0 0 0 0 0 0 0 0 0 0 0 0 0 0 0 0 0 0 0 0 0 0 0 0 0 0 0 0 0 0 0 0 0 0 0 0 0 0 0 0 0 0 0 0 0 0 0 0 0 0 0 0 0 0 0 0 0 0 0 0 0 0 0 0 0 0 0 0 0 0 0 0 0 0 0 0 0 0 0 0 0 0 0 0 0 0 0 0 0 0 0 0 0 0 0 0 0 0 0 0 0 0 0 0 0 0 0 0 0 0 0 0 0 0 0 0 0 0 0 0 0 0 0 0 0 0 0 0 0 0 0 0 0 0 0 0 0 0 0 0 0 0 0 0 0 0 0 0 0 0 0 0 0 0 0 0 0 0 0 0 0 0 0 0 0 0 0 0 0 0 0 0 0 0 0 0 0 0 0 0 0 0 0 0 0 0 0 0 0 0 0 0 0 0 0 0 0 0 0 0 0 0 0 0 0 0 0 0 0 0 0 0 0 0 0 0 0 0 0 0 0 0 0 0 0 0 0 0 0 0 0 0 0 0 0 0 0 0 0 0 0 0 0 0 0 0 0 0 0 0 0 0 0 0 0 0 0 0 0 0 0 0 0 0 0 0 0 0 0 0 0 0 0 0 0 0 0 0 0 0 0 0 0 0 0 0 0 0 0 0 0 0 0 0 0 0 0 0 0 0 0 0 0 0 0 0 0 0 0 0 0 0 0 0 0 0 0 0 0 0 0 0 0 0 0 0 0 0 0 0 0 0 0 0 0 0 0 0 0 0 0 0 0 0 0 0 0 0 0 0 0 0 0 0 0 0 0 0 0 0 0 0 0 0 0 0 0 0 0 0 0 0 0 0 0 0 0 0 0 0 0 0 0 0 0 0 0 0 0 0 0 0 0 0 0 0 0 0 0 0 0 0 0 0 0 0 0 0 0 0 0 0 0 0 0 0 0 0 0 0 0 0 0 0 0 0 0 0 0 0 0 0 0 0 0 0 0 0 0 0 0 0 0 0 0 0 0 0 0 0 0 0 0 0 0 0 0 0 0 0 0 0 0 0 0 0 0 0 0 0 0 0 0 0 0 0 0 0 0 0 0 0 0 0 0 0 0 0 0 0 0 0 0 0 0 0 0 0 0 0 0 0 0 0 0 0 0 0 0 0 0 0 0 0 0 0 0 0 0 0 0 0 0 0 0 0 0 0 0 0 0 0 0 0 0 0 0 0 0 0 0 0 0 0 0 0 0 0 0 0 0 0 0 0 0 0 0 0 0 0 0 0 0 0 0 0 0 0 0 0 0 0 0 0 0 0 0 0 0 0 0 0 0 0 0 0 0 0 0 0 0 0 0 0 0 0 0 0 0 0 0 0 0 0 0 0 0 0 0 0 0 0 0 0 0 0 0 0 0 0 0 0 0 0 0 0 0 0 0 0 0 0 0 0 0 0 0 0 0 0 0 0 0 0 0 0 0 0 0 0 0 0 0 0 0 0 0 0 0 0 0 0 0 0 0 0 0 0 0 0 0 0 0 0 0 0 0 0 0 0 0 0 0 0 0 0 0 0 0 0 0 0 0 0 0 0 0 0 0 0 0 0 0 0 0 0 0 0 0 0 0 0 0 0 0 0 0 0 0 0 0 0 0 0 0 0 0 0 0 0 0 0 0 0 0 0 0 0 0 0 0 0 0 0 0 0 0 0 0 0 0 0 0 0 0 0 0 0 0 0 0 0 0 0 0 0 0 0 0 0 0 0 0 0 0 0 0 0 0 0 0 0 0 0 0 0 0 0 0 0 0 0 0 0 0 0 0 0 0 0 0 0 0 0 0 0 0 0 0 0 0 0 0 0 0 0 0 0 0 0 0 0 0 0 0 0 0 0 0 0 0 0 0 0 0 0 0 0 0 0 0 0 0 0 0 0 0 0 0 0 0 0 0 0 0 0 0 0 0 0 0 0 0 0 0 0 0 0 0 0 0 0 0 0 0 0 0 0 0 0 0 0 0 0 0 0 0 0 0 0 0 0 0 0 0 0 0 0 0 0 0 0 0 0 0 0 0 0 0 0 0 0 0 0 0 0 0 0 0 0 0 0 0 0 0 0 0 0 0 0 0 0 0 0 0 0 0 0 0 0 0 0 0 0 0 0 0 0 0 0 0 0 0 0 0 0 0 0 0 0 0 0 0 0 0 0 0 0 0 0 0 0 0 0 0 0 0 0 0 0 0 0 0 0 0 0 0 0 0 0 0 0 0 0 0 0 0 0 0 0 0 0 0 0 0 0 0 0 0 0 0 0 0 0 0 0 0 0 0 0 0 0 0 0 0 0 0 0 0 0 0 0 0 0 0 0 0 0 0 0 0 0 0 0 0 0 0 0 0 0 0 0 0 0 0 0 0 0 0 0 0 0 0 0 0 0 0 0 0 0 0 0 0 0 0 0 0 0 0 0 0 0 0 0 0 0 0 0 0 0 0 0 0 0 0 0 0 0 0 0 0 0 0 0 0 0 0 0 0 0 0 0 0 0 0 0 0 0 0 0 0 0 0 0 0 0 0 0 0 0 0 0 0 0 0 0 0 0 0 0 0 0 0 0 0 0 0 0 0 0 0 0 0 0 0 0 0 0 0 0 0 0 0 0 0 0 0 0 0 0 0 0 0 0 0 0 0 0 0 0 0 0 0 0 0 0 0 0 0 0 0 0 0 0 0 0 0 0 0 0 0 0 0 0 0 0 0 0 0 0 0 0 0 0 0 0 0 0 0 0 0 0 0 0 0 0 0 0 0 0 0 0 0 0 0 0 0 0 0 0 0 0 0 0 0 0 0 0 0 0 0 0 0 0 0 0 0 0 0 0 0 0 0 0 0 0 0 0 0 0 0 0 0 0 0 0 0 0 0 0 0 0 0 0 0 0 0 0 0 0 0 0 0 0 0 0 0 0 0 0 0 0 0 0 0 0 0 0 0 0 0 0 0 0 0 0 0 0 0 0 0 0 0 0 0 0 0 0 0 0 0 0 0 0 0 0 0 0 0 0 0 0 0 0 0 0 0 0 0 0 0 0 0 0 0 0 0 0 0 0 0 0 0 0 0
ctxt 11269877
btime 1613123985
processes 249273
procs_running 1
procs_blocked 0
softirq 100010674 1 57758690 1431 2062097 0 0 149 3030363 0 37157943
