cpu  15624521 4 22953 6798979 417 0 2516 0 0 0
cpu0 434310 1 808 188181 0 0 308 0 0 0
cpu1 433969 0 700 188846 1 0 54 0 0 0
cpu2 434254 0 903 188308 79 0 41 0 0 0
cpu3 433943 0 551 189071 1 0 30 0 0 0
cpu4 433831 0 682 189065 1 0 22 0 0 0
cpu5 433873 0 538 189166 0 0 28 0 0 0
cpu6 434221 0 492 188774 72 0 31 0 0 0
cpu7 434062 0 508 188981 3 0 29 0 0 0
cpu8 434134 0 535 188902 6 0 16 0 0 0
cpu9 434060 0 505 188985 1 0 47 0 0 0
cpu10 433765 0 758 189038 5 0 37 0 0 0
cpu11 433886 0 641 189021 2 0 47 0 0 0
cpu12 432902 0 1537 188939 4 0 203 0 0 0
cpu13 433862 0 792 188885 1 0 40 0 0 0
cpu14 434010 0 911 188614 8 0 53 0 0 0
cpu15 433996 0 625 188948 2 0 21 0 0 0
cpu16 434898 0 855 187784 0 0 60 0 0 0
cpu17 433974 0 529 189041 22 0 21 0 0 0
cpu18 434453 0 462 188653 13 0 14 0 0 0
cpu19 434303 0 430 188838 9 0 18 0 0 0
cpu20 434053 0 555 188924 45 0 10 0 0 0
cpu21 434181 0 362 189034 10 0 4 0 0 0
cpu22 434044 0 512 188975 50 0 10 0 0 0
cpu23 433926 0 587 189052 4 0 26 0 0 0
cpu24 434242 0 336 189006 1 0 10 0 0 0
cpu25 434158 0 368 189057 1 0 6 0 0 0
cpu26 433971 0 611 188950 13 0 48 0 0 0
cpu27 433366 0 923 189080 4 0 217 0 0 0
cpu28 434076 0 486 189017 4 0 10 0 0 0
cpu29 432156 0 1510 188983 2 0 932 0 0 0
cpu30 434432 0 329 188818 3 0 5 0 0 0
cpu31 434008 0 624 188890 14 0 59 0 0 0
cpu32 434044 0 530 189018 1 0 6 0 0 0
cpu33 434482 0 444 188653 2 0 7 0 0 0
cpu34 433985 0 545 189019 8 0 26 0 0 0
cpu35 434675 0 454 188443 7 0 7 0 0 0
intr 43334633 56 0 0 0 611 0 0 0 1 0 250 0 0 0 0 0 0 0 0 0 0 0 0 0 0 0 0 0 0 0 0 93 182 214 9804 102 3113 50 3148 425 325 158 449 195 844 625 362 345 212 541 2542 551 3404 874 1816 414 0 0 0 0 68 87 357 350 356 1028 173 963 85 108 382 618 0 0 16 12934 2452 0 12275 853 1076 354 1687 808 307 939 1532 596 1588 1733 46981 12233 1870 707 1835 234 877 877 623 279 1677 480 299 740 2432 1217 1982 109763 211 585 711 529 4496 1897 0 16 7675 1 0 0 0 0 0 0 0 0 0 0 0 0 0 0 0 0 0 0 0 0 0 0 0 0 0 0 0 0 0 0 0 0 0 0 0 0 0 25 0 0 0 0 0 0 0 0 0 0 0 0 0 0 0 0 0 0 0 0 0 0 0 0 0 0 0 0 0 0 0 0 0 0 0 0 0 0 0 0 0 0 0 0 0 0 0 0 0 0 0 0 0 0 0 0 0 0 0 0 0 0 0 0 0 0 0 0 0 0 0 0 0 0 0 0 0 0 0 0 0 0 0 0 0 0 0 0 0 0 0 0 0 0 0 0 0 0 0 0 0 0 0 0 0 0 0 0 0 0 0 0 0 0 0 0 0 0 0 0 0 0 0 0 0 0 0 0 0 0 0 0 0 0 0 0 0 0 0 0 0 0 0 0 0 0 0 0 0 0 0 0 0 0 0 0 0 0 0 0 0 0 0 0 0 0 0 0 0 0 0 0 0 0 0 0 0 0 0 0 0 0 0 0 0 0 0 0 0 0 0 0 0 0 0 0 0 0 0 0 0 0 0 0 0 0 0 0 0 0 0 0 0 0 0 0 0 0 0 0 0 0 0 0 0 0 0 0 0 0 0 0 0 0 0 0 0 0 0 0 0 0 0 0 0 0 0 0 0 0 0 0 0 0 0 0 0 0 0 0 0 0 0 0 0 0 0 0 0 0 0 0 0 0 0 0 0 0 0 0 0 0 0 0 0 0 0 0 0 0 0 0 0 0 0 0 0 0 0 0 0 0 0 0 0 0 0 0 0 0 0 0 0 0 0 0 0 0 0 0 0 0 0 0 0 0 0 0 0 0 0 0 0 0 0 0 0 0 0 0 0 0 0 0 0 0 0 0 0 0 0 0 0 0 0 0 0 0 0 0 0 0 0 0 0 0 0 0 0 0 0 0 0 0 0 0 0 0 0 0 0 0 0 0 0 0 0 0 0 0 0 0 0 0 0 0 0 0 0 0 0 0 0 0 0 0 0 0 0 0 0 0 0 0 0 0 0 0 0 0 0 0 0 0 0 0 0 0 0 0 0 0 0 0 0 0 0 0 0 0 0 0 0 0 0 0 0 0 0 0 0 0 0 0 0 0 0 0 0 0 0 0 0 0 0 0 0 0 0 0 0 0 0 0 0 0 0 0 0 0 0 0 0 0 0 0 0 0 0 0 0 0 0 0 0 0 0 0 0 0 0 0 0 0 0 0 0 0 0 0 0 0 0 0 0 0 0 0 0 0 0 0 0 0 0 0 0 0 0 0 0 0 0 0 0 0 0 0 0 0 0 0 0 0 0 0 0 0 0 0 0 0 0 0 0 0 0 0 0 0 0 0 0 0 0 0 0 0 0 0 0 0 0 0 0 0 0 0 0 0 0 0 0 0 0 0 0 0 0 0 0 0 0 0 0 0 0 0 0 0 0 0 0 0 0 0 0 0 0 0 0 0 0 0 0 0 0 0 0 0 0 0 0 0 0 0 0 0 0 0 0 0 0 0 0 0 0 0 0 0 0 0 0 0 0 0 0 0 0 0 0 0 0 0 0 0 0 0 0 0 0 0 0 0 0 0 0 0 0 0 0 0 0 0 0 0 0 0 0 0 0 0 0 0 0 0 0 0 0 0 0 0 0 0 0 0 0 0 0 0 0 0 0 0 0 0 0 0 0 0 0 0 0 0 0 0 0 0 0 0 0 0 0 0 0 0 0 0 0 0 0 0 0 0 0 0 0 0 0 0 0 0 0 0 0 0 0 0 0 0 0 0 0 0 0 0 0 0 0 0 0 0 0 0 0 0 0 0 0 0 0 0 0 0 0 0 0 0 0 0 0 0 0 0 0 0 0 0 0 0 0 0 0 0 0 0 0 0 0 0 0 0 0 0 0 0 0 0 0 0 0 0 0 0 0 0 0 0 0 0 0 0 0 0 0 0 0 0 0 0 0 0 0 0 0 0 0 0 0 0 0 0 0 0 0 0 0 0 0 0 0 0 0 0 0 0 0 0 0 0 0 0 0 0 0 0 0 0 0 0 0 0 0 0 0 0 0 0 0 0 0 0 0 0 0 0 0 0 0 0 0 0 0 0 0 0 0 0 0 0 0 0 0 0 0 0 0 0 0 0 0 0 0 0 0 0 0 0 0 0 0 0 0 0 0 0 0 0 0 0 0 0 0 0 0 0 0 0 0 0 0 0 0 0 0 0 0 0 0 0 0 0 0 0 0 0 0 0 0 0 0 0 0 0 0 0 0 0 0 0 0 0 0 0 0 0 0 0 0 0 0 0 0 0 0 0 0 0 0 0 0 0 0 0 0 0 0 0 0 0 0 0 0 0 0 0 0 0 0 0 0 0 0 0 0 0 0 0 0 0 0 0 0 0 0 0 0 0 0 0 0 0 0 0 0 0 0 0 0 0 0 0 0 0 0 0 0 0 0 0 0 0 0 0 0 0 0 0 0 0 0 0 0 0 0 0 0 0 0 0 0 0 0 0 0 0 0 0 0 0 0 0 0 0 0 0 0 0 0 0 0 0 0 0 0 0 0 0 0 0
ctxt 11722538
btime 1613124388
processes 293421
procs_running 1
procs_blocked 0
softirq 57278212 1 33504843 546 2199424 0 0 215039 1515817 0 19842542
