cpu  17264619 7 18813 28003338 488 0 944 0 0 0
cpu0 134754 0 491 218064 0 0 152 0 0 0
cpu1 134869 0 108 218850 0 0 7 0 0 0
cpu2 134905 0 107 218809 0 0 0 0 0 0
cpu3 134372 0 506 218886 7 0 32 0 0 0
cpu4 134797 0 194 218851 0 0 5 0 0 0
cpu5 134931 0 63 218833 0 0 16 0 0 0
cpu6 134893 0 114 218796 0 0 9 0 0 0
cpu7 134487 0 476 218813 0 0 40 0 0 0
cpu8 134821 0 192 218824 0 0 5 0 0 0
cpu9 134928 0 84 218833 0 0 0 0 0 0
cpu10 135103 0 90 218648 0 0 0 0 0 0
cpu11 134828 0 202 218804 0 0 6 0 0 0
cpu12 134591 0 234 218983 0 0 15 0 0 0
cpu13 134936 0 68 218834 0 0 2 0 0 0
cpu14 134934 0 70 218832 0 0 3 0 0 0
cpu15 134856 0 223 218739 0 0 19 0 0 0
cpu16 134886 0 138 218815 0 0 1 0 0 0
cpu17 134940 0 58 218839 0 0 0 0 0 0
cpu18 134956 0 74 218811 0 0 0 0 0 0
cpu19 134934 0 144 218749 2 0 6 0 0 0
cpu20 134903 0 128 218814 0 0 2 0 0 0
cpu21 134955 0 56 218834 0 0 0 0 0 0
cpu22 134955 0 56 218823 0 0 0 0 0 0
cpu23 134968 2 241 218616 0 0 9 0 0 0
cpu24 134897 0 157 218780 0 0 3 0 0 0
cpu25 134912 0 76 218851 0 0 0 0 0 0
cpu26 134649 0 179 218957 0 0 12 0 0 0
cpu27 134689 0 368 218693 0 0 38 0 0 0
cpu28 134939 0 233 218586 0 0 0 0 0 0
cpu29 134897 0 110 218817 0 0 1 0 0 0
cpu30 134876 0 131 218828 0 0 2 0 0 0
cpu31 134878 0 242 218686 1 0 9 0 0 0
cpu32 134704 0 129 218994 0 0 5 0 0 0
cpu33 134932 0 69 218756 0 0 22 0 0 0
cpu34 134850 0 144 218834 0 0 13 0 0 0
cpu35 134918 0 402 218472 3 0 31 0 0 0
cpu36 134876 0 146 218801 0 0 2 0 0 0
cpu37 134953 0 60 218816 0 0 0 0 0 0
cpu38 134938 0 70 218826 0 0 1 0 0 0
cpu39 135065 0 325 218433 6 0 1 0 0 0
cpu40 134937 0 111 218774 0 0 1 0 0 0
cpu41 134950 0 56 218829 1 0 0 0 0 0
cpu42 134917 0 88 218821 0 0 4 0 0 0
cpu43 134909 0 292 218573 28 0 10 0 0 0
cpu44 132892 0 377 220483 0 0 36 0 0 0
cpu45 134942 0 65 218819 0 0 1 0 0 0
cpu46 134983 0 64 218782 0 0 0 0 0 0
cpu47 134756 0 562 218408 2 0 49 0 0 0
cpu48 134921 0 96 218810 0 0 1 0 0 0
cpu49 134953 0 56 218811 0 0 0 0 0 0
cpu50 134968 0 74 218788 1 0 0 0 0 0
cpu51 135330 0 225 218258 2 0 2 0 0 0
cpu52 134898 0 117 218816 0 0 3 0 0 0
cpu53 134958 0 61 218800 2 0 0 0 0 0
cpu54 134932 0 65 218825 0 0 0 0 0 0
cpu55 134788 0 206 218813 5 0 7 0 0 0
cpu56 134913 0 101 218814 0 0 4 0 0 0
cpu57 134892 0 54 218874 0 0 0 0 0 0
cpu58 134942 0 68 218818 1 0 2 0 0 0
cpu59 134740 0 181 218804 77 0 8 0 0 0
cpu60 134756 0 260 218781 2 0 32 0 0 0
cpu61 134945 0 54 218826 0 0 0 0 0 0
cpu62 134909 0 82 218829 0 0 3 0 0 0
cpu63 134938 0 172 218699 0 0 6 0 0 0
cpu64 134902 0 107 218815 0 0 0 0 0 0
cpu65 134912 0 68 218839 0 0 0 0 0 0
cpu66 134892 0 108 218820 1 0 2 0 0 0
cpu67 134820 0 289 218602 88 0 7 0 0 0
cpu68 134567 0 208 219013 0 0 8 0 0 0
cpu69 134862 0 73 218879 1 0 0 0 0 0
cpu70 134810 0 182 218814 0 0 14 0 0 0
cpu71 134948 0 254 218572 31 0 8 0 0 0
cpu72 134829 0 193 218797 0 0 0 0 0 0
cpu73 134848 0 58 218911 0 0 0 0 0 0
cpu74 135004 0 70 218754 0 0 0 0 0 0
cpu75 134846 0 251 218681 2 0 14 0 0 0
cpu76 134706 0 109 218986 0 0 6 0 0 0
cpu77 134944 0 50 218824 0 0 0 0 0 0
cpu78 134958 0 53 218799 0 0 0 0 0 0
cpu79 134881 0 141 218765 2 0 3 0 0 0
cpu80 134917 0 99 218804 1 0 0 0 0 0
cpu81 134932 0 44 218832 0 0 0 0 0 0
cpu82 134883 0 58 218866 0 0 0 0 0 0
cpu83 134917 0 131 218755 1 0 6 0 0 0
cpu84 134911 0 108 218794 0 0 0 0 0 0
cpu85 134924 0 46 218839 0 0 0 0 0 0
cpu86 135002 0 62 218752 1 0 0 0 0 0
cpu87 134844 1 232 218700 4 0 25 0 0 0
cpu88 134941 0 82 218793 0 0 0 0 0 0
cpu89 134943 0 60 218812 0 0 0 0 0 0
cpu90 134594 0 182 219025 0 0 2 0 0 0
cpu91 134616 0 228 218915 1 0 17 0 0 0
cpu92 134904 0 112 218788 1 0 1 0 0 0
cpu93 134943 0 51 218812 0 0 0 0 0 0
cpu94 134620 0 133 219053 0 0 2 0 0 0
cpu95 134878 0 192 218709 1 0 6 0 0 0
cpu96 134947 0 84 218777 5 0 0 0 0 0
cpu97 134946 0 58 218804 0 0 0 0 0 0
cpu98 134938 0 66 218800 0 0 0 0 0 0
cpu99 135005 2 259 218550 2 0 7 0 0 0
cpu100 134970 0 68 218774 0 0 0 0 0 0
cpu101 134942 0 68 218796 0 0 0 0 0 0
cpu102 134885 0 87 218833 0 0 4 0 0 0
cpu103 135160 0 288 218356 5 0 0 0 0 0
cpu104 134881 0 77 218841 0 0 0 0 0 0
cpu105 134941 0 68 218795 0 0 0 0 0 0
cpu106 134563 0 78 219138 0 0 2 0 0 0
cpu107 135213 0 208 218378 7 0 0 0 0 0
cpu108 134909 0 105 218779 7 0 0 0 0 0
cpu109 134944 0 53 218805 0 0 0 0 0 0
cpu110 134954 0 57 218792 0 0 0 0 0 0
cpu111 135518 0 678 217499 1 0 74 0 0 0
cpu112 134949 0 95 218764 0 0 0 0 0 0
cpu113 134952 0 51 218800 0 0 0 0 0 0
cpu114 134909 0 70 218812 11 0 0 0 0 0
cpu115 135512 0 333 217866 70 0 3 0 0 0
cpu116 134766 0 164 218867 0 0 5 0 0 0
cpu117 134952 0 52 218789 0 0 0 0 0 0
cpu118 134880 0 60 218850 0 0 0 0 0 0
cpu119 134442 0 310 218991 4 0 40 0 0 0
cpu120 134916 0 104 218781 0 0 2 0 0 0
cpu121 134955 0 57 218788 1 0 0 0 0 0
cpu122 134948 0 58 218797 0 0 0 0 0 0
cpu123 135060 0 173 218508 54 0 2 0 0 0
cpu124 134762 0 101 218936 1 0 1 0 0 0
cpu125 134954 0 64 218775 0 0 0 0 0 0
cpu126 134932 0 72 218787 1 0 0 0 0 0
cpu127 134918 0 214 218646 1 0 2 0 0 0
intr 50410384 130 0 0 0 683 0 0 0 1 0 285 0 0 0 0 0 0 0 0 0 0 0 0 0 0 0 0 0 0 0 0 0 0 0 0 260 0 10 10 838 9035 249 7313 2539 5564 0 3 97 4583 63 0 4782 6586 3 0 20 2213 17 0 0 2783 0 0 651 1756 838 13 2 2389 3 38263 148 9165 9 8 0 1307 137 6 1098 7153 344 0 0 6054 0 367 5 2222 0 0 0 1549 0 0 743 4878 0 0 3031 1719 0 0 2963 5254 735 0 466 5623 0 0 2 4218 163 0 0 2715 0 0 0 3285 47 0 1 2947 0 0 140 2835 0 0 0 1901 0 0 0 3015 0 0 0 324 0 1 1693 802 0 0 0 4771 0 0 0 513 0 0 6 0 0 0 0 0 0 0 0 0 0 163 162 1 62 4 80 206 18 155 1 3 0 9 0 6 0 10 143 11 3 764 3 128 2 84 12 69 14 100 62 7 9 16 0 0 0 0 0 0 0 0 0 0 0 0 0 0 0 0 0 69 7 81 8 70 10 3 1 3 3 44 0 6 26 6 136 39 19 7 19 33 76 0 0 8 0 1 25 0 32 0 1 1 0 6 385 0 0 37 6252 5188 111 286 471 547 289 184 204 207 695 166 188 393 3008 20 86 222 534 34 9906 114 546 76 0 0 0 0 0 0 0 0 0 0 0 0 0 0 0 0 0 0 0 0 0 0 0 0 0 0 0 0 0 0 0 0 0 0 0 0 0 0 0 0 0 0 0 0 0 0 0 0 0 0 0 0 0 0 0 0 0 0 0 0 0 0 0 0 0 0 0 0 0 0 0 0 0 0 0 0 0 0 0 0 0 0 0 0 0 0 0 0 0 0 0 0 0 0 0 0 0 0 0 0 0 0 0 0 0 0 0 0 0 0 0 0 0 0 0 0 0 0 0 0 0 0 0 0 0 0 0 0 0 0 0 0 0 0 0 0 0 0 0 0 0 0 0 0 0 0 0 0 0 0 0 0 0 0 0 0 0 0 0 0 0 0 0 0 0 0 0 0 0 0 0 0 0 0 0 0 0 0 0 0 0 0 0 0 0 0 0 0 0 0 0 0 0 0 0 0 0 0 0 0 0 0 0 0 0 0 0 0 0 0 0 0 0 0 0 0 0 0 0 0 0 0 0 0 0 0 0 0 0 0 0 0 0 0 0 0 0 0 0 0 0 0 0 0 0 0 0 0 0 0 0 0 0 0 0 0 0 0 0 0 0 0 0 0 0 0 0 0 0 0 0 0 0 0 0 0 0 0 0 0 0 0 0 0 0 0 0 0 0 0 0 0 0 0 0 0 0 0 0 0 0 0 0 0 0 0 0 0 0 0 0 0 0 0 0 0 0 0 0 0 0 0 0 0 0 0 0 0 0 0 0 0 0 0 0 0 0 0 0 0 0 0 0 0 0 0 0 0 0 0 0 0 0 0 0 0 0 0 0 0 0 0 0 0 0 0 0 0 0 0 0 0 0 0 0 0 0 0 0 0 0 0 0 0 0 0 0 0 0 0 0 0 0 0 0 0 0 0 0 0 0 0 0 0 0 0 0 0 0 0 0 0 0 0 0 0 0 0 0 0 0 0 0 4 0 0 0 0 0 0 0 47 0 0 48 0 0 0 0 0 0 0 0 0 0 0 0 1 0 0 0 0 0 0 0 0 0 0 0 0 0 0 0 0 0 0 0 0 0 0 0 0 0 0 0 0 0 0 0 0 0 0 0 0 0 0 0 0 0 0 0 0 0 0 0 0 0 0 0 0 0 0 0 0 0 0 0 0 0 0 0 0 0 0 0 0 0 20 0 0 0 0 0 0 0 0 0 0 0 0 0 0 0 0 0 0 0 0 0 0 0 0 0 0 0 0 0 0 0 0 0 0 0 0 0 0 0 0 0 0 0 0 0 0 0 0 0 0 0 0 0 0 0 0 0 0 0 0 0 0 0 0 0 0 0 0 0 0 0 0 0 0 0 0 0 0 0 0 0 0 0 0 0 0 0 0 0 0 0 0 0 0 0 0 0 0 0 0 0 0 0 0 0 0 0 0 0 0 0 0 0 0 0 0 0 0 0 0 0 0 0 0 0 0 0 0 0 0 0 0 0 0 0 0 0 0 0 0 0 0 0 0 0 0 0 0 0 0 0 0 0 0 0 0 0 0 0 0 0 0 0 0 0 0 0 0 0 0 0 0 0 0 0 0 0 0 0 0 0 0 0 0 0 0 0 0 0 0 0 0 0 0 0 0 0 0 0 0 0 0 0 0 0 0 0 0 0 0 0 0 0 0 0 0 0 0 0 0 0 0 0 0 0 0 0 0 0 0 0 0 0 0 0 0 0 0 0 0 0 0 0 0 0 0 0 0 0 0 0 0 0 0 0 0 0 0 0 0 0 0 0 0 0 0 0 0 0 0 0 0 0 0 0 0 0 0 0 0 0 0 0 0 0 0 0 0 0 0 0 0 0 0 0 0 0 0 0 0 0 0 0 0 0 0 0 0 0 0 0 0 0 0 0 0 0 0 0 0 0 0 0 0 0 0 0 0 0 0 0 0 0 0 0 0 0 0 0 0 0 0 0 0 0 0 0 0 0 0 0 0 0 0 0 0 0 0 0 0 0 0 0 0 0 0 0 0 0 0 0 0 0 0 0 0 0 0 0 0 0 0 0 0 0 0 0 0 0 0 0 0 0 0 0 0 0 0 0 0 0 0 0 0 0 0 0 0 0 0 0 0 0 0 0 0 0 0 0 0 0 0 0 0 0 0 0 0 0 0 0 0 0 0 0 0 0 0 0 0 0 0 0 0 0 0 0 0 0 0 0 0 0 0 0 0 0 0 0 0 0 0 0 0 0 0 0 0 0 0 0 0 0 0 0 0 0 0 0 0 0 0 0 0 0 0 0 0 0 0 0 0 0 0 0 0 0 0 0 0 0 0 0 0 0 0 0 0 0 0 0 0 0 0 0 0 0 0 0 0 0 0 0 0 0 0 0 0 0 0 0 0 0 0 0 0 0 0 0 0 0 0 0 0 0 0 0 0 0 0 0 0 0 0 0 0 0 0 0 0 0 0 0 0 0 0 0 0 0 0 0 0 0 0 0 0 0 0 0 0 0 0 0 0 0 0 0 0 0 0 0 0 0 0 0 0 0 0 0 0 0 0 0 0 0 0 0 0 0 0 0 0 0 0 0 0 0 0 0 0 0 0 0 0 0 0 0 0 0 0 0 0 0 0 0 0 0 0 0 0 0 0 0 0 0 0 0 0 0 0 0 0 0 0 0 0 0 0 0 0 0 0 0 0 0 0 0 0 0 0 0 0 0 0 0 0 0 0 0 0 0 0 0 0 0 0 0 0 0 0 0 0 0 0 0 0 0 0 0 0 0 0 0 0 0 0 0 0 0 0 0 0 0 0 0 0 0 0 0 0 0 0 0 0 0 0 0 0 0 0 0 0 0 0 0 0 0 0 0 0 0 0 0 0 0 0 0 0 0 0 0 0 0 0 0 0 0 0 0 0 0 0 0 0 0 0 0 0 0 0 0 0 0 0 0 0 0 0 0 0 0 0 0 0 0 0 0 0 0 0 0 0 0 0 0 0 0 0 0 0 0 0 0 0 0 0 0 0 0 0 0 0 0 0 0 0 0 0 0 0 0 0 0 0 0 0 0 0 0 0 0 0 0 0 0 0 0 0 0 0 0 0 0 0 0 0 0 0 0 0 0 0 0 0 0 0 0 0 0 0 0 0 0 0 0 0 0 0 0 0 0 0 0 0 0 0 0 0 0 0 0 0 0 0 0 0 0 0 0 0 0 0 0 0 0 0 0 0 0 0 0 0 0 0 0 0 0 0 0 0 0 0 0 0 0 0 0 0 0 0 0 0 0 0 0 0 0 0 0 0 0 0 0 0 0 0 0 0 0 0 0 0 0 0 0 0 0 0 0 0 0 0 0 0 0 0 0 0 0 0 0 0 0 0 0 0 0 0 0 0 0 0 0 0 0 0 0 0 0 0 0 0 0 0 0 0 0 0 0 0 0 0 0 0 0 0 0 0 0 0 0 0 0 0 0 0 0 0 0 0 0 0 0 0 0 0 0 0 0 0 0 0 0 0 0 0 0 0 0 0 0 0 0 0 0 0 0 0 0 0 0 0 0 0 0 0 0 0 0 0 0 0 0 0 0 0 0 0 0 0 0 0 0 0 0 0 0 0 0 0 0 0 0 0 0 0 0 0 0 0 0 0 0 0 0 0 0 0 0 0 0 0 0 0 0 0 0 0 0 0 0 0 0 0 0 0 0 0 0 0 0 0 0 0 0 0 0 0 0 0 0 0 0 0 0 0 0 0 0 0 0 0 0 0 0 0 0 0 0 0 0 0 0 0 0 0 0 0 0 0 0 0 0 0 0 0 0 0 0 0 0 0 0 0 0 0 0 0 0 0 0 0 0 0 0 0 0 0 0 0 0 0 0 0 0 0 0 0 0 0 0 0 0 0 0 0 0 0 0 0 0 0 0 0 0 0 0 0 0 0 0 0 0 0 0 0 0 0 0 0 0 0 0 0 0 0 0 0 0 0 0 0 0 0 0 0 0 0 0 0 0 0 0 0 0 0 0 0 0 0 0 0 0 0 0 0 0 0 0 0 0 0 0 0 0 0 0 0 0 0 0 0 0 0 0 0 0 0 0 0 0 0 0 0 0 0 0 0 0 0 0 0 0 0 0 0 0 0 0 0 0 0 0 0 0 0 0 0 0 0 0 0 0 0 0 0 0 0 0 0 0 0 0 0 0 0 0 0 0 0 0 0 0 0 0 0 0 0 0 0 0 0 0 0 0 0 0 0 0 0 0 0 0 0 0 0 0 0 0 0 0 0 0 0 0 0 0 0 0 0 0 0 0 0 0 0 0 0 0 0 0 0 0 0 0 0 0 0 0 0 0 0 0 0 0 0 0 0 0 0 0 0 0 0 0 0 0 0 0 0 0 0 0 0 0 0 0 0 0 0 0 0 0 0 0 0 0 0 0 0 0 0 0 0 0 0 0 0 0 0 0 0 0 0 0 0 0 0 0 0 0 0 0 0 0 0 0 0 0 0 0 0 0 0 0 0 0 0 0 0 0 0 0 0 0 0 0 0 0 0 0 0 0 0 0 0 0 0 0 0 0 0 0 0 0 0 0 0 0 0 0 0 0 0 0 0 0 0 0 0 0 0 0 0 0 0 0 0 0 0 0 0 0 0 0 0 0 0 0 0 0 0 0 0 0 0 0 0 0 0 0 0 0 0 0 0 0 0 0 0 0 0 0 0 0 0 0 0 0 0 0 0 0 0 0 0 0 0 0 0 0 0 0 0 0 0 0 0 0 0 0 0 0 0 0 0 0 0 0 0 0 0 0 0 0 0 0 0 0 0 0 0 0 0 0 0 0 0 0 0 0 0 0 0 0 0 0 0 0 0 0 0 0 0 0 0 0 0 0 0 0 0 0 0 0 0 0 0 0 0 0 0 0 0 0 0 0 0 0 0 0 0 0 0 0 0 0 0 0 0 0 0 0 0 0 0 0 0 0 0 0 0 0 0 0 0 0 0 0 0 0 0 0 0 0 0 0 0 0 0 0 0 0 0 0 0 0 0 0 0 0 0 0 0 0 0 0 0 0 0 0 0 0 0 0 0 0 0 0 0 0 0 0 0 0 0 0 0 0 0 0 0 0 0 0 0 0 0 0 0 0 0 0 0 0 0 0 0 0 0 0 0 0 0 0 0 0 0 0 0 0 0 0 0 0 0 0 0 0 0 0 0 0 0 0 0 0 0 0 0 0 0 0 0 0 0 0 0 0 0 0 0 0 0 0 0 0 0 0 0 0 0 0 0 0 0 0 0 0 0 0 0 0 0 0 0 0 0 0 0 0 0 0 0 0 0 0 0 0 0 0 0 0 0 0 0 0 0 0 0 0 0 0 0 0 0 0 0 0 0 0 0 0 0 0 0 0 0 0 0 0 0 0 0 0 0 0 0 0 0 0 0 0 0 0 0 0 0 0 0 0 0 0 0 0 0 0 0 0 0 0 0 0 0 0 0 0 0 0 0 0 0 0 0 0 0 0 0 0 0 0 0 0 0 0 0 0 0 0 0 0 0 0 0 0 0 0 0 0 0 0 0 0 0 0 0 0 0 0 0 0 0 0 0 0 0 0 0 0 0 0 0 0 0 0 0 0 0 0 0 0 0 0 0 0 0 0 0 0 0 0 0 0 0 0 0 0 0 0 0 0 0 0 0 0 0 0 0 0 0 0 0 0 0 0 0 0 0 0 0 0 0 0 0 0 0 0 0 0 0 0 0 0 0 0 0 0 0 0 0 0 0 0 0 0 0 0 0 0 0 0 0 0 0 0 0 0 0 0 0 0 0 0 0 0 0 0 0 0 0 0 0 0 0 0 0 0 0 0 0 0 0 0 0 0 0 0 0 0 0 0 0 0 0 0 0 0 0 0 0 0 0 0 0 0 0 0 0 0 0 0 0 0 0 0 0 0 0 0 0 0 0 0 0 0 0 0 0 0 0 0 0 0 0 0 0 0 0 0 0 0 0 0 0 0 0 0 0 0 0 0 0 0 0 0 0 0 0 0 0 0 0 0 0 0 0 0 0 0 0 0 0 0 0 0 0 0 0 0 0 0 0 0 0 0 0 0 0 0 0 0 0 0 0 0 0 0 0 0 0 0 0 0 0 0 0 0 0 0 0 0 0 0 0 0 0 0 0 0 0 0 0 0 0 0 0 0 0 0 0 0 0 0 0 0 0 0 0 0 0 0 0 0 0 0 0 0 0 0 0 0 0 0 0 0 0 0 0 0 0 0 0 0 0 0 0 0 0 0 0 0 0 0 0 0 0 0 0 0 0 0 0 0 0 0 0 0 0 0 0 0 0 0 0 0 0 0 0 0 0 0 0 0 0 0 0 0 0 0 0 0 0 0 0 0 0 0 0 0 0 0 0 0 0 0 0 0 0 0 0 0 0 0 0 0 0 0 0 0 0 0 0 0 0 0 0 0 0 0 0 0 0 0 0 0 0 0 0 0 0 0 0 0 0 0 0 0 0 0 0 0 0 0 0 0 0 0 0 0 0 0 0 0 0 0 0 0 0 0 0 0 0 0 0 0 0 0 0 0 0 0 0 0 0 0 0 0 0 0 0 0 0 0 0 0 0 0 0 0 0 0 0 0 0 0 0 0 0 0 0 0 0 0 0 0 0 0 0 0 0 0 0 0 0 0 0 0 0 0 0 0 0 0 0 0 0 0 0 0 0 0 0 0 0 0 0 0 0 0 0 0 0 0 0 0 0 0 0 0 0 0 0 0 0 0 0 0 0 0 0 0 0 0 0 0 0 0 0 0 0 0 0 0 0 0 0 0 0 0 0 0 0 0 0 0 0 0 0 0 0 0 0 0 0 0 0 0 0 0 0 0 0 0 0 0 0 0 0 0 0 0 0 0 0 0 0 0 0 0 0 0 0 0 0 0 0 0 0 0 0 0 0 0 0 0 0 0 0 0 0 0 0 0 0 0 0 0 0 0 0 0 0 0 0 0 0 0 0 0 0 0 0 0 0 0 0 0 0 0 0 0 0 0 0 0 0 0 0 0 0 0 0 0 0 0 0 0 0 0 0 0 0 0 0 0 0 0 0 0 0 0 0 0 0 0 0 0 0 0 0 0 0 0 0 0 0 0 0 0 0 0 0 0 0 0 0 0 0 0 0 0 0 0 0 0 0 0 0 0 0 0 0 0 0 0 0 0 0 0 0 0 0 0 0 0 0 0 0 0 0 0 0 0 0 0 0 0 0 0 0 0 0 0 0 0 0 0 0 0 0 0 0 0 0 0 0 0 0 0 0 0 0 0 0 0 0 0 0 0 0 0 0 0 0 0 0 0 0 0 0 0 0 0 0 0 0 0 0 0 0 0 0 0 0 0 0 0 0 0 0 0 0 0 0 0 0 0 0 0 0 0 0 0 0 0 0 0 0 0 0 0 0 0 0 0 0 0 0 0 0 0 0 0 0 0 0 0 0 0 0 0 0 0 0 0 0 0 0 0 0 0 0 0 0 0 0 0 0 0 0 0 0 0 0 0 0 0 0 0 0 0 0 0 0 0 0 0 0 0 0 0 0 0 0 0 0 0 0 0 0 0 0 0 0 0 0 0 0 0 0 0 0 0 0 0 0 0 0 0 0 0 0 0 0 0 0 0 0 0 0 0 0 0 0 0 0 0 0 0 0 0 0 0 0 0 0 0 0 0 0 0 0 0 0 0 0 0 0 0 0 0 0 0 0 0 0 0 0 0 0 0 0 0 0 0 0 0 0 0 0 0 0 0 0 0 0 0 0 0 0 0 0 0 0 0 0 0 0 0 0 0 0 0 0 0 0 0 0 0 0 0 0 0 0 0 0 0 0 0 0 0 0 0 0 0 0 0 0 0 0 0 0 0 0 0 0 0 0 0 0 0 0 0 0 0 0 0 0 0 0 0 0 0 0 0 0 0 0 0 0 0 0 0 0 0 0 0 0 0 0 0 0 0 0 0 0 0 0 0 0 0 0 0 0 0 0 0 0 0 0 0 0 0 0 0 0 0 0 0 0 0 0 0 0 0 0 0 0 0 0 0 0 0 0 0 0 0 0 0 0 0 0 0 0 0 0 0 0 0 0 0 0 0 0 0 0 0 0 0 0 0 0 0 0 0 0 0 0 0 0 0 0 0 0 0 0 0 0 0 0 0 0 0 0 0 0 0 0 0 0 0 0 0 0 0 0 0 0 0 0 0 0 0 0 0 0 0 0 0 0 0 0 0 0 0 0 0 0 0 0 0 0 0 0 0 0 0 0 0 0 0 0 0 0 0 0 0 0 0 0 0 0 0 0 0 0 0 0 0 0 0 0 0 0 0 0 0 0 0 0 0 0 0 0 0 0 0 0 0 0 0 0 0 0 0 0 0 0 0 0 0 0 0 0 0 0 0 0 0 0 0 0 0 0 0 0 0 0 0 0 0 0 0 0 0 0 0 0 0 0 0 0 0 0 0 0 0 0 0 0 0 0 0 0 0 0 0 0 0 0 0 0 0 0 0 0 0 0 0 0 0 0 0 0 0 0 0 0 0 0 0 0 0 0 0 0 0 0 0 0 0 0 0 0 0 0 0 0 0 0 0 0 0 0 0 0 0 0 0 0 0 0 0 0 0 0 0 0 0 0 0 0 0 0 0 0 0 0 0 0 0 0 0 0 0 0 0 0 0 0 0 0 0 0 0 0 0 0 0 0 0 0 0 0 0 0 0 0 0 0 0 0 0 0 0 0 0 0 0 0 0 0 0 0 0 0 0 0 0 0 0 0 0 0 0 0 0 0 0 0 0 0 0 0 0 0 0 0 0 0 0 0 0 0 0 0 0 0 0 0 0 0 0 0 0 0 0 0 0 0 0 0 0 0 0 0 0 0 0 0 0 0 0 0 0 0 0 0 0 0 0 0 0 0 0 0 0 0 0 0 0 0 0 0 0 0 0 0 0 0 0 0 0 0 0 0 0 0 0 0 0 0 0 0 0 0 0 0 0 0 0 0 0 0 0 0 0 0 0 0 0 0 0 0 0 0 0 0 0 0 0 0 0 0 0 0 0 0 0 0 0 0 0 0 0 0 0 0 0 0 0 0 0 0 0 0 0 0 0 0 0 0 0 0 0 0 0 0 0 0 0 0 0 0 0 0 0 0 0 0 0 0 0 0 0 0 0 0 0 0 0 0 0 0 0 0 0 0 0 0 0 0 0 0 0 0 0 0 0 0 0 0 0 0 0 0 0 0 0 0 0 0 0 0 0 0 0 0 0 0 0 0 0 0 0 0 0 0 0 0 0 0 0 0 0 0 0 0 0 0 0 0 0 0 0 0 0 0 0 0 0 0 0 0 0 0 0 0 0 0 0 0 0 0 0 0 0 0 0 0 0 0 0 0 0 0 0 0 0 0 0 0 0
ctxt 4968906
btime 1613064757
processes 119673
procs_running 1
procs_blocked 0
softirq 55557765 1 32673808 1390 1023344 0 0 165 1857425 0 20001632
