cpu  60232643 7 60346 29202558 521 0 4501 0 0 0
cpu0 469360 0 1717 227442 0 0 337 0 0 0
cpu1 470226 0 526 228420 2 0 49 0 0 0
cpu2 469604 0 1240 228275 0 0 79 0 0 0
cpu3 469060 0 1469 228566 7 0 78 0 0 0
cpu4 470310 0 684 228219 1 0 49 0 0 0
cpu5 470660 0 267 228254 0 0 73 0 0 0
cpu6 470202 0 823 228162 0 0 33 0 0 0
cpu7 469870 0 1174 228097 0 0 71 0 0 0
cpu8 470565 0 542 228105 0 0 43 0 0 0
cpu9 470912 0 251 228089 1 0 8 0 0 0
cpu10 470039 0 1052 228071 0 0 90 0 0 0
cpu11 470267 0 759 228155 0 0 68 0 0 0
cpu12 470045 0 718 228378 0 0 84 0 0 0
cpu13 470492 0 428 228297 0 0 32 0 0 0
cpu14 470008 0 1014 228162 0 0 70 0 0 0
cpu15 470228 0 764 228188 0 0 60 0 0 0
cpu16 470759 0 292 228193 0 0 9 0 0 0
cpu17 470609 0 251 228371 0 0 14 0 0 0
cpu18 469769 0 1291 228088 0 0 108 0 0 0
cpu19 470431 0 645 228112 2 0 46 0 0 0
cpu20 470670 0 267 228297 0 0 12 0 0 0
cpu21 470719 0 244 228284 0 0 16 0 0 0
cpu22 470229 0 826 228102 0 0 92 0 0 0
cpu23 470340 2 674 228174 0 0 48 0 0 0
cpu24 470871 0 340 228024 0 0 18 0 0 0
cpu25 471050 0 365 227807 1 0 18 0 0 0
cpu26 469787 0 969 228322 0 0 134 0 0 0
cpu27 470209 0 722 228187 0 0 74 0 0 0
cpu28 470992 0 313 227861 0 0 4 0 0 0
cpu29 470682 0 300 228240 0 0 12 0 0 0
cpu30 470691 0 444 228100 0 0 19 0 0 0
cpu31 470338 0 715 228114 1 0 57 0 0 0
cpu32 470619 0 330 228263 0 0 36 0 0 0
cpu33 470673 0 212 228107 0 0 203 0 0 0
cpu34 470538 0 549 228115 0 0 54 0 0 0
cpu35 470592 0 770 227817 3 0 51 0 0 0
cpu36 470873 0 283 228076 0 0 5 0 0 0
cpu37 470258 0 186 228782 0 0 12 0 0 0
cpu38 470400 0 592 228218 0 0 38 0 0 0
cpu39 470552 0 920 227693 6 0 70 0 0 0
cpu40 470950 0 205 228075 0 0 10 0 0 0
cpu41 470927 0 199 228109 1 0 11 0 0 0
cpu42 470437 0 500 228269 0 0 36 0 0 0
cpu43 470927 0 730 227474 29 0 58 0 0 0
cpu44 468896 0 486 229778 0 0 43 0 0 0
cpu45 471400 0 354 227460 1 0 20 0 0 0
cpu46 470340 0 587 228270 3 0 34 0 0 0
cpu47 471463 0 897 226766 2 0 63 0 0 0
cpu48 470946 0 243 228043 0 0 14 0 0 0
cpu49 470858 0 245 228105 0 0 20 0 0 0
cpu50 470598 0 541 228063 1 0 44 0 0 0
cpu51 470317 0 685 228135 2 0 54 0 0 0
cpu52 470696 0 222 228311 0 0 9 0 0 0
cpu53 470725 0 254 228240 2 0 15 0 0 0
cpu54 470645 0 340 228233 0 0 18 0 0 0
cpu55 470560 0 405 228239 5 0 18 0 0 0
cpu56 470854 0 264 228106 0 0 19 0 0 0
cpu57 470606 0 209 228404 0 0 12 0 0 0
cpu58 470491 0 557 228146 3 0 47 0 0 0
cpu59 470398 0 429 228280 77 0 34 0 0 0
cpu60 470676 0 413 228108 2 0 41 0 0 0
cpu61 470832 0 181 228217 0 0 12 0 0 0
cpu62 470748 0 336 228134 0 0 21 0 0 0
cpu63 470768 0 438 227995 0 0 24 0 0 0
cpu64 470139 0 925 228048 1 0 121 0 0 0
cpu65 470362 0 374 228436 0 0 27 0 0 0
cpu66 469866 0 778 228542 3 0 30 0 0 0
cpu67 470378 0 639 228083 88 0 24 0 0 0
cpu68 470541 0 362 228298 0 0 9 0 0 0
cpu69 470556 0 320 228334 1 0 10 0 0 0
cpu70 470356 0 615 228244 0 0 20 0 0 0
cpu71 470465 0 659 228040 31 0 22 0 0 0
cpu72 470830 0 310 228086 0 0 9 0 0 0
cpu73 470670 0 199 228353 0 0 10 0 0 0
cpu74 470420 0 671 228113 0 0 40 0 0 0
cpu75 470378 0 522 228262 2 0 36 0 0 0
cpu76 470632 0 242 228338 0 0 10 0 0 0
cpu77 470668 0 310 228236 1 0 12 0 0 0
cpu78 469068 0 782 229273 0 0 50 0 0 0
cpu79 470336 0 518 228302 4 0 25 0 0 0
cpu80 470939 0 192 228101 1 0 2 0 0 0
cpu81 470700 0 161 228352 0 0 7 0 0 0
cpu82 469946 0 866 228333 0 0 66 0 0 0
cpu83 470330 0 453 228373 1 0 41 0 0 0
cpu84 470970 0 194 228059 0 0 5 0 0 0
cpu85 470562 0 244 228396 0 0 13 0 0 0
cpu86 470608 0 546 228042 1 0 32 0 0 0
cpu87 470249 1 649 228236 4 0 80 0 0 0
cpu88 470632 0 414 228156 0 0 25 0 0 0
cpu89 470790 0 165 228263 0 0 9 0 0 0
cpu90 470321 0 584 228272 0 0 40 0 0 0
cpu91 470197 0 562 228371 1 0 57 0 0 0
cpu92 470876 0 192 228150 1 0 3 0 0 0
cpu93 470780 0 166 228261 0 0 10 0 0 0
cpu94 470526 0 296 228391 0 0 10 0 0 0
cpu95 470391 0 512 228256 1 0 23 0 0 0
cpu96 470812 0 208 228181 5 0 8 0 0 0
cpu97 470839 0 160 228216 0 0 6 0 0 0
cpu98 470839 0 278 228087 0 0 16 0 0 0
cpu99 470691 2 565 227935 2 0 38 0 0 0
cpu100 470956 0 144 228122 0 0 2 0 0 0
cpu101 470774 0 174 228267 1 0 5 0 0 0
cpu102 470762 0 286 228163 0 0 12 0 0 0
cpu103 470960 0 587 227631 5 0 36 0 0 0
cpu104 470900 0 193 228122 0 0 1 0 0 0
cpu105 470854 0 159 228196 1 0 10 0 0 0
cpu106 470349 0 361 228471 0 0 15 0 0 0
cpu107 470840 0 566 227754 8 0 49 0 0 0
cpu108 470848 0 199 228157 7 0 3 0 0 0
cpu109 470814 0 180 228211 1 0 13 0 0 0
cpu110 470614 0 304 228269 0 0 20 0 0 0
cpu111 472203 0 956 225938 1 0 80 0 0 0
cpu112 471007 0 181 228030 0 0 4 0 0 0
cpu113 470768 0 169 228262 0 0 12 0 0 0
cpu114 470469 0 573 228115 11 0 49 0 0 0
cpu115 471414 0 491 227203 70 0 11 0 0 0
cpu116 470871 0 215 228125 1 0 5 0 0 0
cpu117 470832 0 184 228184 0 0 8 0 0 0
cpu118 470859 0 203 228141 0 0 3 0 0 0
cpu119 470777 0 536 227833 4 0 45 0 0 0
cpu120 471026 0 175 228015 0 0 4 0 0 0
cpu121 470848 0 161 228205 2 0 4 0 0 0
cpu122 470521 0 385 228286 0 0 17 0 0 0
cpu123 470874 0 412 227860 54 0 8 0 0 0
cpu124 470736 0 228 228241 2 0 13 0 0 0
cpu125 470860 0 233 228110 0 0 5 0 0 0
cpu126 470902 0 224 228079 1 0 3 0 0 0
cpu127 470734 0 538 227903 1 0 14 0 0 0
intr 170358950 130 0 0 0 683 0 0 0 1 0 285 0 0 0 0 0 0 0 0 0 0 0 0 0 0 0 0 0 0 0 0 0 0 0 0 260 0 976 7097 1756 13085 2000 20425 3405 7479 1847 682 1286 5929 135 2572 5812 8547 157 655 1067 5054 1186 2520 591 6126 446 2427 1192 3376 1472 1374 745 6539 554 62075 517 10425 483 845 272 5076 1397 928 1372 9545 1276 742 998 8432 473 1714 1564 3777 380 1449 420 2776 299 1461 954 6540 153 1132 3633 4098 885 6232 4124 10144 2223 3662 1158 6925 1005 717 760 5972 598 2331 1115 5359 134 445 539 6981 1102 3592 569 7229 567 1151 753 5537 429 1768 925 8897 513 975 346 4429 399 580 241 4383 701 731 2009 3042 1129 2212 788 6336 200 1159 757 1325 526 1119 613 0 0 0 0 0 0 0 0 0 0 163 189 1 62 4 80 245 18 155 1 3 0 9 0 6 0 10 158 11 3 764 21 128 2 86 398 105 19 271 62 483 38 93 0 0 0 0 0 0 0 0 0 0 0 0 0 0 0 0 0 176 10 94 26 97 34 24 1 111 3 85 0 6 26 104 136 39 19 91 19 35 76 0 0 8 0 105 28 0 83 0 1 1 0 6 385 0 0 37 6359 5242 120 424 471 760 388 245 213 249 872 172 202 402 3008 71 128 225 581 60 9906 117 546 83 0 0 0 0 0 0 0 0 0 0 0 0 0 0 0 0 0 0 0 0 0 0 0 0 0 0 0 0 0 0 0 0 0 0 0 0 0 0 0 0 0 0 0 0 0 0 0 0 0 0 0 0 0 0 0 0 0 0 0 0 0 0 0 0 0 0 0 0 0 0 0 0 0 0 0 0 0 0 0 0 0 0 0 0 0 0 0 0 0 0 0 0 0 0 0 0 0 0 0 0 0 0 0 0 0 0 0 0 0 0 0 0 0 0 0 0 0 0 0 0 0 0 0 0 0 0 0 0 0 0 0 0 0 0 0 0 0 0 0 0 0 0 0 0 0 0 0 0 0 0 0 0 0 0 0 0 0 0 0 0 0 0 0 0 0 0 0 0 0 0 0 0 0 0 0 0 0 0 0 0 0 0 0 0 0 0 0 0 0 0 0 0 0 0 0 0 0 0 0 0 0 0 0 0 0 0 0 0 0 0 0 0 0 0 0 0 0 0 0 0 0 0 0 0 0 0 0 0 0 0 0 0 0 0 0 0 0 0 0 0 0 0 0 0 0 0 0 0 0 0 0 0 0 0 0 0 0 0 0 0 0 0 0 0 0 0 0 0 0 0 0 0 0 0 0 0 0 0 0 0 0 0 0 0 0 0 0 0 0 0 0 0 0 0 0 0 0 0 0 0 0 0 0 0 0 0 0 0 0 0 0 0 0 0 0 0 0 0 0 0 0 0 0 0 0 0 0 0 0 0 0 0 0 0 0 0 0 0 0 0 0 0 0 0 0 0 0 0 0 0 0 0 0 0 0 0 0 0 0 0 0 0 0 0 0 0 0 0 0 0 0 0 0 0 0 0 0 0 0 0 0 0 0 0 0 0 0 0 0 0 0 0 0 0 0 0 0 0 0 0 0 0 0 0 0 0 0 0 0 0 0 0 0 0 0 0 0 0 0 0 0 0 0 4 0 0 0 0 0 0 0 47 0 0 48 0 0 0 0 0 0 0 0 0 0 0 0 1 0 0 0 0 0 0 0 0 0 0 0 0 0 0 0 0 0 0 0 0 0 0 0 0 0 0 0 0 0 0 0 0 0 0 0 0 0 0 0 0 0 0 0 0 0 0 0 0 0 0 0 0 0 0 0 0 0 0 0 0 0 0 0 0 0 0 0 0 0 20 0 0 0 0 0 0 0 0 0 0 0 0 0 0 0 0 0 0 0 0 0 0 0 0 0 0 0 0 0 0 0 0 0 0 0 0 0 0 0 0 0 0 0 0 0 0 0 0 0 0 0 0 0 0 0 0 0 0 0 0 0 0 0 0 0 0 0 0 0 0 0 0 0 0 0 0 0 0 0 0 0 0 0 0 0 0 0 0 0 0 0 0 0 0 0 0 0 0 0 0 0 0 0 0 0 0 0 0 0 0 0 0 0 0 0 0 0 0 0 0 0 0 0 0 0 0 0 0 0 0 0 0 0 0 0 0 0 0 0 0 0 0 0 0 0 0 0 0 0 0 0 0 0 0 0 0 0 0 0 0 0 0 0 0 0 0 0 0 0 0 0 0 0 0 0 0 0 0 0 0 0 0 0 0 0 0 0 0 0 0 0 0 0 0 0 0 0 0 0 0 0 0 0 0 0 0 0 0 0 0 0 0 0 0 0 0 0 0 0 0 0 0 0 0 0 0 0 0 0 0 0 0 0 0 0 0 0 0 0 0 0 0 0 0 0 0 0 0 0 0 0 0 0 0 0 0 0 0 0 0 0 0 0 0 0 0 0 0 0 0 0 0 0 0 0 0 0 0 0 0 0 0 0 0 0 0 0 0 0 0 0 0 0 0 0 0 0 0 0 0 0 0 0 0 0 0 0 0 0 0 0 0 0 0 0 0 0 0 0 0 0 0 0 0 0 0 0 0 0 0 0 0 0 0 0 0 0 0 0 0 0 0 0 0 0 0 0 0 0 0 0 0 0 0 0 0 0 0 0 0 0 0 0 0 0 0 0 0 0 0 0 0 0 0 0 0 0 0 0 0 0 0 0 0 0 0 0 0 0 0 0 0 0 0 0 0 0 0 0 0 0 0 0 0 0 0 0 0 0 0 0 0 0 0 0 0 0 0 0 0 0 0 0 0 0 0 0 0 0 0 0 0 0 0 0 0 0 0 0 0 0 0 0 0 0 0 0 0 0 0 0 0 0 0 0 0 0 0 0 0 0 0 0 0 0 0 0 0 0 0 0 0 0 0 0 0 0 0 0 0 0 0 0 0 0 0 0 0 0 0 0 0 0 0 0 0 0 0 0 0 0 0 0 0 0 0 0 0 0 0 0 0 0 0 0 0 0 0 0 0 0 0 0 0 0 0 0 0 0 0 0 0 0 0 0 0 0 0 0 0 0 0 0 0 0 0 0 0 0 0 0 0 0 0 0 0 0 0 0 0 0 0 0 0 0 0 0 0 0 0 0 0 0 0 0 0 0 0 0 0 0 0 0 0 0 0 0 0 0 0 0 0 0 0 0 0 0 0 0 0 0 0 0 0 0 0 0 0 0 0 0 0 0 0 0 0 0 0 0 0 0 0 0 0 0 0 0 0 0 0 0 0 0 0 0 0 0 0 0 0 0 0 0 0 0 0 0 0 0 0 0 0 0 0 0 0 0 0 0 0 0 0 0 0 0 0 0 0 0 0 0 0 0 0 0 0 0 0 0 0 0 0 0 0 0 0 0 0 0 0 0 0 0 0 0 0 0 0 0 0 0 0 0 0 0 0 0 0 0 0 0 0 0 0 0 0 0 0 0 0 0 0 0 0 0 0 0 0 0 0 0 0 0 0 0 0 0 0 0 0 0 0 0 0 0 0 0 0 0 0 0 0 0 0 0 0 0 0 0 0 0 0 0 0 0 0 0 0 0 0 0 0 0 0 0 0 0 0 0 0 0 0 0 0 0 0 0 0 0 0 0 0 0 0 0 0 0 0 0 0 0 0 0 0 0 0 0 0 0 0 0 0 0 0 0 0 0 0 0 0 0 0 0 0 0 0 0 0 0 0 0 0 0 0 0 0 0 0 0 0 0 0 0 0 0 0 0 0 0 0 0 0 0 0 0 0 0 0 0 0 0 0 0 0 0 0 0 0 0 0 0 0 0 0 0 0 0 0 0 0 0 0 0 0 0 0 0 0 0 0 0 0 0 0 0 0 0 0 0 0 0 0 0 0 0 0 0 0 0 0 0 0 0 0 0 0 0 0 0 0 0 0 0 0 0 0 0 0 0 0 0 0 0 0 0 0 0 0 0 0 0 0 0 0 0 0 0 0 0 0 0 0 0 0 0 0 0 0 0 0 0 0 0 0 0 0 0 0 0 0 0 0 0 0 0 0 0 0 0 0 0 0 0 0 0 0 0 0 0 0 0 0 0 0 0 0 0 0 0 0 0 0 0 0 0 0 0 0 0 0 0 0 0 0 0 0 0 0 0 0 0 0 0 0 0 0 0 0 0 0 0 0 0 0 0 0 0 0 0 0 0 0 0 0 0 0 0 0 0 0 0 0 0 0 0 0 0 0 0 0 0 0 0 0 0 0 0 0 0 0 0 0 0 0 0 0 0 0 0 0 0 0 0 0 0 0 0 0 0 0 0 0 0 0 0 0 0 0 0 0 0 0 0 0 0 0 0 0 0 0 0 0 0 0 0 0 0 0 0 0 0 0 0 0 0 0 0 0 0 0 0 0 0 0 0 0 0 0 0 0 0 0 0 0 0 0 0 0 0 0 0 0 0 0 0 0 0 0 0 0 0 0 0 0 0 0 0 0 0 0 0 0 0 0 0 0 0 0 0 0 0 0 0 0 0 0 0 0 0 0 0 0 0 0 0 0 0 0 0 0 0 0 0 0 0 0 0 0 0 0 0 0 0 0 0 0 0 0 0 0 0 0 0 0 0 0 0 0 0 0 0 0 0 0 0 0 0 0 0 0 0 0 0 0 0 0 0 0 0 0 0 0 0 0 0 0 0 0 0 0 0 0 0 0 0 0 0 0 0 0 0 0 0 0 0 0 0 0 0 0 0 0 0 0 0 0 0 0 0 0 0 0 0 0 0 0 0 0 0 0 0 0 0 0 0 0 0 0 0 0 0 0 0 0 0 0 0 0 0 0 0 0 0 0 0 0 0 0 0 0 0 0 0 0 0 0 0 0 0 0 0 0 0 0 0 0 0 0 0 0 0 0 0 0 0 0 0 0 0 0 0 0 0 0 0 0 0 0 0 0 0 0 0 0 0 0 0 0 0 0 0 0 0 0 0 0 0 0 0 0 0 0 0 0 0 0 0 0 0 0 0 0 0 0 0 0 0 0 0 0 0 0 0 0 0 0 0 0 0 0 0 0 0 0 0 0 0 0 0 0 0 0 0 0 0 0 0 0 0 0 0 0 0 0 0 0 0 0 0 0 0 0 0 0 0 0 0 0 0 0 0 0 0 0 0 0 0 0 0 0 0 0 0 0 0 0 0 0 0 0 0 0 0 0 0 0 0 0 0 0 0 0 0 0 0 0 0 0 0 0 0 0 0 0 0 0 0 0 0 0 0 0 0 0 0 0 0 0 0 0 0 0 0 0 0 0 0 0 0 0 0 0 0 0 0 0 0 0 0 0 0 0 0 0 0 0 0 0 0 0 0 0 0 0 0 0 0 0 0 0 0 0 0 0 0 0 0 0 0 0 0 0 0 0 0 0 0 0 0 0 0 0 0 0 0 0 0 0 0 0 0 0 0 0 0 0 0 0 0 0 0 0 0 0 0 0 0 0 0 0 0 0 0 0 0 0 0 0 0 0 0 0 0 0 0 0 0 0 0 0 0 0 0 0 0 0 0 0 0 0 0 0 0 0 0 0 0 0 0 0 0 0 0 0 0 0 0 0 0 0 0 0 0 0 0 0 0 0 0 0 0 0 0 0 0 0 0 0 0 0 0 0 0 0 0 0 0 0 0 0 0 0 0 0 0 0 0 0 0 0 0 0 0 0 0 0 0 0 0 0 0 0 0 0 0 0 0 0 0 0 0 0 0 0 0 0 0 0 0 0 0 0 0 0 0 0 0 0 0 0 0 0 0 0 0 0 0 0 0 0 0 0 0 0 0 0 0 0 0 0 0 0 0 0 0 0 0 0 0 0 0 0 0 0 0 0 0 0 0 0 0 0 0 0 0 0 0 0 0 0 0 0 0 0 0 0 0 0 0 0 0 0 0 0 0 0 0 0 0 0 0 0 0 0 0 0 0 0 0 0 0 0 0 0 0 0 0 0 0 0 0 0 0 0 0 0 0 0 0 0 0 0 0 0 0 0 0 0 0 0 0 0 0 0 0 0 0 0 0 0 0 0 0 0 0 0 0 0 0 0 0 0 0 0 0 0 0 0 0 0 0 0 0 0 0 0 0 0 0 0 0 0 0 0 0 0 0 0 0 0 0 0 0 0 0 0 0 0 0 0 0 0 0 0 0 0 0 0 0 0 0 0 0 0 0 0 0 0 0 0 0 0 0 0 0 0 0 0 0 0 0 0 0 0 0 0 0 0 0 0 0 0 0 0 0 0 0 0 0 0 0 0 0 0 0 0 0 0 0 0 0 0 0 0 0 0 0 0 0 0 0 0 0 0 0 0 0 0 0 0 0 0 0 0 0 0 0 0 0 0 0 0 0 0 0 0 0 0 0 0 0 0 0 0 0 0 0 0 0 0 0 0 0 0 0 0 0 0 0 0 0 0 0 0 0 0 0 0 0 0 0 0 0 0 0 0 0 0 0 0 0 0 0 0 0 0 0 0 0 0 0 0 0 0 0 0 0 0 0 0 0 0 0 0 0 0 0 0 0 0 0 0 0 0 0 0 0 0 0 0 0 0 0 0 0 0 0 0 0 0 0 0 0 0 0 0 0 0 0 0 0 0 0 0 0 0 0 0 0 0 0 0 0 0 0 0 0 0 0 0 0 0 0 0 0 0 0 0 0 0 0 0 0 0 0 0 0 0 0 0 0 0 0 0 0 0 0 0 0 0 0 0 0 0 0 0 0 0 0 0 0 0 0 0 0 0 0 0 0 0 0 0 0 0 0 0 0 0 0 0 0 0 0 0 0 0 0 0 0 0 0 0 0 0 0 0 0 0 0 0 0 0 0 0 0 0 0 0 0 0 0 0 0 0 0 0 0 0 0 0 0 0 0 0 0 0 0 0 0 0 0 0 0 0 0 0 0 0 0 0 0 0 0 0 0 0 0 0 0 0 0 0 0 0 0 0 0 0 0 0 0 0 0 0 0 0 0 0 0 0 0 0 0 0 0 0 0 0 0 0 0 0 0 0 0 0 0 0 0 0 0 0 0 0 0 0 0 0 0 0 0 0 0 0 0 0 0 0 0 0 0 0 0 0 0 0 0 0 0 0 0 0 0 0 0 0 0 0 0 0 0 0 0 0 0 0 0 0 0 0 0 0 0 0 0 0 0 0 0 0 0 0 0 0 0 0 0 0 0 0 0 0 0 0 0 0 0 0 0 0 0 0 0 0 0 0 0 0 0 0 0 0 0 0 0 0 0 0 0 0 0 0 0 0 0 0 0 0 0 0 0 0 0 0 0 0 0 0 0 0 0 0 0 0 0 0 0 0 0 0 0 0 0 0 0 0 0 0 0 0 0 0 0 0 0 0 0 0 0 0 0 0 0 0 0 0 0 0 0 0 0 0 0 0 0 0 0 0 0 0 0 0 0 0 0 0 0 0 0 0 0 0 0 0 0 0 0 0 0 0 0 0 0 0 0 0 0 0 0 0 0 0 0 0 0 0 0 0 0 0 0 0 0 0 0 0 0 0 0 0 0 0 0 0 0 0 0 0 0 0 0 0 0 0 0 0 0 0 0 0 0 0 0 0 0 0 0 0 0 0 0 0 0 0 0 0 0 0 0 0 0 0 0 0 0 0 0 0 0 0 0 0 0 0 0 0 0 0 0 0 0 0 0 0 0 0 0 0 0 0 0 0 0 0 0 0 0 0 0 0 0 0 0 0 0 0 0 0 0 0 0 0 0 0 0 0 0 0 0 0 0 0 0 0 0 0 0 0 0 0 0 0 0 0 0 0 0 0 0 0 0 0 0 0 0 0 0 0 0 0 0 0 0 0 0 0 0 0 0 0 0 0 0 0 0 0 0 0 0 0 0 0 0 0 0 0 0 0 0 0 0 0 0 0 0 0 0 0 0 0 0 0 0 0 0 0 0 0 0 0 0 0 0 0 0 0 0 0 0 0 0 0 0 0 0 0 0 0 0 0 0 0 0 0 0 0 0 0 0 0 0 0 0 0 0 0 0 0 0 0 0 0 0 0 0 0 0 0 0 0 0 0 0 0 0 0 0 0 0 0 0 0 0 0 0 0 0 0 0 0 0 0 0 0 0 0 0 0 0 0 0 0 0 0 0 0 0 0 0 0 0 0 0 0 0 0 0 0 0 0 0 0 0 0 0 0 0 0 0 0 0 0 0 0 0 0 0 0 0 0 0 0 0 0 0 0 0 0 0 0 0 0 0 0 0 0 0 0 0 0 0 0 0 0 0 0 0 0 0 0 0 0 0 0 0 0 0 0 0 0 0 0 0 0 0 0 0 0 0 0 0 0 0 0 0 0 0 0 0 0 0 0 0 0 0 0 0 0 0 0 0 0 0 0 0 0 0 0 0 0 0 0 0 0 0 0 0 0 0 0 0 0 0 0 0 0 0 0 0 0 0 0 0 0 0 0 0 0 0 0 0 0 0 0 0 0 0 0 0 0 0 0 0 0 0 0 0 0 0 0 0 0 0 0 0 0 0 0 0 0 0 0 0 0 0 0 0 0 0 0 0 0 0 0 0 0 0 0 0 0 0 0 0 0 0 0 0 0 0 0 0 0 0 0 0 0 0 0 0 0 0 0 0 0 0 0 0 0 0 0 0 0 0 0 0 0 0 0 0 0 0 0 0 0 0 0 0 0 0 0 0 0 0 0 0 0 0 0 0 0 0 0 0 0 0 0 0 0 0 0 0 0 0 0 0 0 0 0 0 0 0 0 0 0 0 0 0 0 0 0 0 0 0 0 0 0 0 0 0 0 0 0 0 0 0 0 0 0 0 0 0 0 0 0 0 0 0 0 0 0 0 0 0 0 0 0 0 0 0 0 0 0 0 0 0 0 0 0 0 0 0 0 0 0 0 0 0 0 0 0 0 0 0 0 0 0 0 0 0 0 0 0 0 0 0 0 0 0 0 0 0 0 0 0 0 0 0 0 0 0 0 0 0 0 0 0 0 0 0 0 0 0 0 0 0 0 0 0 0 0 0 0 0 0 0 0 0 0 0 0 0 0 0 0 0 0 0 0 0 0 0 0 0 0 0 0 0 0 0 0 0 0 0 0 0 0 0 0 0 0 0 0 0 0 0 0 0 0 0 0 0 0 0 0 0 0 0 0 0 0 0 0 0 0 0 0 0 0 0 0 0 0 0 0 0 0 0 0 0 0 0 0 0 0 0 0 0 0 0 0 0 0 0 0 0 0 0 0 0 0 0 0 0 0 0 0 0 0 0 0 0 0 0 0 0 0 0 0 0 0 0 0 0 0 0 0 0 0 0 0 0 0 0 0 0 0 0 0 0 0 0 0 0 0 0 0 0 0 0 0 0 0 0 0 0 0 0 0 0 0 0 0 0 0 0 0 0 0 0 0 0 0 0 0 0 0 0 0 0 0 0 0 0 0 0 0 0 0 0 0 0 0 0 0 0 0 0 0 0 0 0 0 0 0 0 0 0 0 0 0 0 0 0 0 0 0 0 0 0 0 0 0 0 0 0 0 0 0 0 0 0 0 0 0 0 0 0 0 0 0 0 0 0 0 0 0 0 0 0 0 0 0 0 0 0 0 0 0 0 0 0 0 0 0 0 0 0 0 0 0 0 0 0 0 0 0 0 0 0 0 0 0 0 0 0 0 0 0 0 0 0 0 0 0 0 0 0 0 0 0 0 0 0 0 0 0 0 0 0 0 0 0 0 0 0 0 0 0 0 0 0 0 0 0 0 0 0 0 0 0 0 0 0 0 0 0 0 0 0 0 0 0 0 0 0 0 0 0 0 0 0 0 0 0 0 0 0 0 0 0 0 0 0 0 0 0 0 0 0 0 0 0 0 0 0 0 0 0 0 0 0 0 0 0 0 0 0 0 0 0 0 0 0 0 0 0 0 0 0 0 0 0 0 0 0 0 0 0 0 0 0 0 0 0 0 0 0 0 0 0 0 0 0 0 0 0 0 0 0 0 0 0 0 0 0 0 0 0 0 0 0 0 0 0 0 0 0 0 0 0 0 0 0 0 0 0 0 0 0 0 0 0 0
ctxt 11665273
btime 1613064757
processes 268003
procs_running 1
procs_blocked 0
softirq 184093318 1 110002492 2223 2325877 0 0 189 5658016 0 66104520
