cpu  22045044 6 21667 28470442 402 0 1160 0 0 0
cpu0 171854 0 963 221654 0 0 214 0 0 0
cpu1 172157 0 185 222493 0 0 19 0 0 0
cpu2 171965 0 367 222493 0 0 4 0 0 0
cpu3 172011 0 324 222471 2 0 30 0 0 0
cpu4 172186 0 137 222537 0 0 2 0 0 0
cpu5 172205 0 146 222501 0 0 11 0 0 0
cpu6 171793 0 477 222573 2 0 13 0 0 0
cpu7 172114 0 234 222504 0 0 11 0 0 0
cpu8 172147 0 134 222577 0 0 5 0 0 0
cpu9 172217 0 136 222506 0 0 6 0 0 0
cpu10 172216 0 296 222328 2 0 9 0 0 0
cpu11 171926 0 175 222720 0 0 12 0 0 0
cpu12 172163 0 158 222525 0 0 0 0 0 0
cpu13 172261 0 91 222501 0 0 4 0 0 0
cpu14 172369 0 201 222283 0 0 2 0 0 0
cpu15 171516 0 784 222504 0 0 48 0 0 0
cpu16 172166 0 122 222572 0 0 0 0 0 0
cpu17 172210 0 134 222499 0 0 13 0 0 0
cpu18 172280 0 173 222393 1 0 2 0 0 0
cpu19 172034 0 222 222578 0 0 15 0 0 0
cpu20 172044 0 114 222674 0 0 3 0 0 0
cpu21 172252 0 93 222499 0 0 10 0 0 0
cpu22 172804 0 202 221848 0 0 2 0 0 0
cpu23 171939 0 218 222651 0 0 18 0 0 0
cpu24 172152 0 202 222500 0 0 5 0 0 0
cpu25 172006 0 256 222561 0 0 30 0 0 0
cpu26 173268 0 332 221140 4 0 44 0 0 0
cpu27 172193 0 124 222531 0 0 2 0 0 0
cpu28 172285 0 92 222472 0 0 0 0 0 0
cpu29 172132 0 192 222506 0 0 18 0 0 0
cpu30 172320 0 172 222347 2 0 2 0 0 0
cpu31 172118 0 104 222624 0 0 4 0 0 0
cpu32 172282 0 78 222477 0 0 0 0 0 0
cpu33 172115 0 209 222493 0 0 35 0 0 0
cpu34 172318 0 119 222331 69 0 4 0 0 0
cpu35 172017 0 282 222498 0 0 50 0 0 0
cpu36 172292 0 65 222496 0 0 0 0 0 0
cpu37 172243 0 106 222493 0 0 7 0 0 0
cpu38 172234 0 157 222455 0 0 1 0 0 0
cpu39 172172 0 134 222533 0 0 6 0 0 0
cpu40 172325 0 86 222440 0 0 0 0 0 0
cpu41 172210 0 88 222543 0 0 3 0 0 0
cpu42 172283 0 150 222401 3 0 2 0 0 0
cpu43 172113 0 118 222605 0 0 6 0 0 0
cpu44 172292 0 106 222451 0 0 0 0 0 0
cpu45 172012 0 247 222549 0 0 18 0 0 0
cpu46 172520 0 217 222101 0 0 4 0 0 0
cpu47 172065 0 252 222523 0 0 7 0 0 0
cpu48 172265 0 104 222477 1 0 1 0 0 0
cpu49 172212 0 132 222489 0 0 14 0 0 0
cpu50 172345 0 198 222301 0 0 1 0 0 0
cpu51 172011 0 161 222662 0 0 12 0 0 0
cpu52 172286 0 82 222456 16 0 0 0 0 0
cpu53 172247 0 106 222489 0 0 2 0 0 0
cpu54 172262 0 144 222405 4 0 2 0 0 0
cpu55 172123 0 153 222563 1 0 7 0 0 0
cpu56 172248 0 79 222510 0 0 2 0 0 0
cpu57 172144 0 170 222492 0 0 36 0 0 0
cpu58 172313 0 172 222342 1 0 1 0 0 0
cpu59 172124 0 112 222592 0 0 5 0 0 0
cpu60 172280 0 74 222488 0 0 0 0 0 0
cpu61 172167 0 145 222516 0 0 12 0 0 0
cpu62 172282 0 213 222324 4 0 1 0 0 0
cpu63 172241 0 109 222487 0 0 3 0 0 0
cpu64 171865 0 382 222581 1 0 10 0 0 0
cpu65 172134 0 116 222587 0 0 4 0 0 0
cpu66 172544 0 321 221929 1 0 1 0 0 0
cpu67 172179 0 120 222532 0 0 5 0 0 0
cpu68 172143 0 168 222518 0 0 0 0 0 0
cpu69 172076 0 152 222582 1 0 24 0 0 0
cpu70 172416 0 333 222004 81 0 2 0 0 0
cpu71 172254 0 115 222462 0 0 4 0 0 0
cpu72 172086 0 102 222639 1 0 2 0 0 0
cpu73 172132 0 146 222558 0 0 8 0 0 0
cpu74 172399 0 207 222165 46 0 3 0 0 0
cpu75 172159 0 139 222532 0 0 7 0 0 0
cpu76 172252 0 101 222455 8 0 0 0 0 0
cpu77 172250 0 66 222519 0 0 0 0 0 0
cpu78 172373 2 154 222281 16 0 3 0 0 0
cpu79 171656 0 618 222505 0 0 53 0 0 0
cpu80 172274 0 82 222472 0 0 0 0 0 0
cpu81 172275 0 78 222477 0 0 2 0 0 0
cpu82 172374 0 130 222316 4 0 0 0 0 0
cpu83 172182 0 118 222523 0 0 6 0 0 0
cpu84 172254 0 84 222485 0 0 0 0 0 0
cpu85 172218 0 122 222469 0 0 15 0 0 0
cpu86 172836 0 167 221817 0 0 2 0 0 0
cpu87 172012 0 179 222605 0 0 15 0 0 0
cpu88 172066 0 180 222583 0 0 0 0 0 0
cpu89 172190 0 152 222478 0 0 7 0 0 0
cpu90 172753 0 158 221899 10 0 0 0 0 0
cpu91 171969 0 303 222524 0 0 32 0 0 0
cpu92 172244 0 83 222507 0 0 0 0 0 0
cpu93 172231 0 120 222464 0 0 8 0 0 0
cpu94 172816 0 290 221706 1 0 4 0 0 0
cpu95 172268 0 98 222463 0 0 2 0 0 0
cpu96 172291 0 77 222461 0 0 0 0 0 0
cpu97 172229 0 114 222467 0 0 14 0 0 0
cpu98 173027 0 200 221519 59 0 6 0 0 0
cpu99 172210 0 111 222496 0 0 1 0 0 0
cpu100 172177 0 103 222539 1 0 2 0 0 0
cpu101 172269 0 88 222463 0 0 1 0 0 0
cpu102 172404 0 166 222254 1 0 0 0 0 0
cpu103 172186 0 118 222515 0 0 4 0 0 0
cpu104 172162 0 136 222513 0 0 5 0 0 0
cpu105 172240 0 114 222459 0 0 9 0 0 0
cpu106 172331 0 115 222366 2 0 0 0 0 0
cpu107 172243 0 108 222465 0 0 2 0 0 0
cpu108 172277 0 81 222460 0 0 0 0 0 0
cpu109 171868 0 256 222630 0 0 22 0 0 0
cpu110 172460 0 122 222233 1 0 0 0 0 0
cpu111 172095 0 204 222516 0 0 2 0 0 0
cpu112 172194 0 87 222526 10 0 0 0 0 0
cpu113 172267 0 90 222458 0 0 1 0 0 0
cpu114 172389 0 128 222290 4 0 1 0 0 0
cpu115 172124 0 90 222592 0 0 2 0 0 0
cpu116 172302 0 76 222437 0 0 0 0 0 0
cpu117 172274 0 81 222459 0 0 4 0 0 0
cpu118 172380 0 147 222277 1 0 3 0 0 0
cpu119 172069 0 149 222576 0 0 5 0 0 0
cpu120 172235 0 72 222507 0 0 0 0 0 0
cpu121 172253 0 104 222460 0 0 1 0 0 0
cpu122 172429 0 159 222203 2 0 0 0 0 0
cpu123 172262 0 97 222457 0 0 0 0 0 0
cpu124 172225 0 85 222501 0 0 1 0 0 0
cpu125 172265 0 113 222434 0 0 1 0 0 0
cpu126 172388 0 132 222288 1 0 0 0 0 0
cpu127 172245 0 185 222375 0 0 2 0 0 0
intr 63897720 129 0 0 0 678 0 0 0 1 0 254 0 0 0 0 0 0 0 0 0 0 0 0 0 0 0 0 0 0 0 0 0 0 0 0 260 0 5516 1815 0 2543 0 799 3 4998 303 2125 0 2648 0 752 4 8717 0 424 0 3538 135 573 2 2752 2738 4657 46380 914 0 1378 0 1555 13 1341 3 2863 4 1057 2 1193 601 826 2 2161 286 5318 9 5985 0 416 2 2028 332 1067 0 1335 54 10827 2 1509 3 1205 1 1963 6815 543 86 1544 0 672 0 2392 0 2154 15 2962 0 152 0 8344 0 258 11 3429 48 802 0 3007 690 1014 6 2934 0 835 6726 1887 0 719 5240 1775 16 890 3 801 52 676 0 3065 359 6369 5 1830 0 307 6 1178 0 352 67 0 0 0 0 0 0 0 0 0 0 160 168 32 32 866 10 198 36 67 5 4 52 7 111 480 26 26 14 98 15 227 67 10 4 20 6 90 27 6 6 0 87 17 6 0 0 0 0 0 0 0 0 0 0 0 0 0 0 0 0 1 3 2 0 23 29 1 39 17 1 11 24 24 28 6 701 4212 1559 643 662 85 10011 3355 1305 16 1633 30 37 367 87 135 2293 82 200 32 332 68 178 107 268 63 242 281 33 59 216 80 12 9 39 3 14 31 8 13 72 11 14 3 5 96 11 11 0 0 0 0 0 0 0 0 0 0 0 0 0 0 0 0 0 0 0 0 0 0 0 0 0 0 0 0 0 0 0 0 0 0 0 0 0 0 0 0 0 0 0 0 0 0 0 0 0 0 0 0 0 0 0 0 0 0 0 0 0 0 0 0 0 0 0 0 0 0 0 0 0 0 0 0 0 0 0 0 0 0 0 0 0 0 0 0 0 0 0 0 0 0 0 0 0 0 0 0 0 0 0 0 0 0 0 0 0 0 0 0 0 0 0 0 0 0 0 0 0 0 0 0 0 0 0 0 0 0 0 0 0 0 0 0 0 0 0 0 0 0 0 0 0 0 0 0 0 0 0 0 0 0 0 0 0 0 0 0 0 0 0 0 0 0 0 0 0 0 0 0 0 0 0 0 0 0 0 0 0 0 0 0 0 0 0 0 0 0 0 0 0 0 0 0 0 0 0 0 0 0 0 0 0 0 0 0 0 0 0 0 0 0 0 0 0 0 0 0 0 0 0 0 0 0 0 0 0 0 0 0 0 0 0 0 0 0 0 0 0 0 0 0 0 0 0 0 0 0 0 0 0 0 0 0 0 0 0 0 0 0 0 0 0 0 0 0 0 0 0 0 0 0 0 0 0 0 0 0 0 0 0 0 0 0 0 0 0 0 0 0 0 0 0 0 0 0 0 0 0 0 0 0 0 0 0 0 0 0 0 0 0 0 0 0 0 0 0 0 0 0 0 0 0 0 0 0 0 0 0 0 0 0 0 0 0 0 0 0 0 0 0 0 0 0 0 0 0 0 0 0 0 0 0 0 0 0 0 0 0 0 0 0 0 0 0 0 0 0 0 0 0 0 0 0 0 0 0 0 0 0 0 0 0 0 0 0 0 0 0 0 0 0 0 0 0 0 0 0 0 0 0 0 0 0 0 0 0 0 0 0 0 0 0 0 0 0 0 0 0 0 0 0 0 0 0 0 0 0 0 0 0 0 0 0 0 0 0 0 0 0 0 0 3 0 0 0 0 0 0 0 0 0 0 0 0 0 0 0 49 0 0 0 0 0 0 0 0 0 0 0 0 49 0 0 0 0 0 0 0 0 0 0 0 0 0 0 0 0 0 0 0 0 0 0 0 0 0 0 0 0 0 0 0 0 0 0 0 0 0 0 0 0 0 0 0 16 0 0 0 0 0 0 0 0 0 0 0 0 0 0 0 0 0 0 0 0 0 0 0 0 0 0 0 0 0 0 0 0 0 0 0 0 0 0 0 0 0 0 0 0 0 0 0 0 0 0 0 0 0 0 0 0 0 0 0 0 0 0 0 0 0 0 0 0 0 0 0 0 0 0 0 0 0 0 0 0 0 0 0 0 0 0 0 0 0 0 0 0 0 0 0 0 0 0 0 0 0 0 0 0 0 0 0 0 0 0 0 0 0 0 0 0 0 0 0 0 0 0 0 0 0 0 0 0 0 0 0 0 0 0 0 0 0 0 0 0 0 0 0 0 0 0 0 0 0 0 0 0 0 0 0 0 0 0 0 0 0 0 0 0 0 0 0 0 0 0 0 0 0 0 0 0 0 0 0 0 0 0 0 0 0 0 0 0 0 0 0 0 0 0 0 0 0 0 0 0 0 0 0 0 0 0 0 0 0 0 0 0 0 0 0 0 0 0 0 0 0 0 0 0 0 0 0 0 0 0 0 0 0 0 0 0 0 0 0 0 0 0 0 0 0 0 0 0 0 0 0 0 0 0 0 0 0 0 0 0 0 0 0 0 0 0 0 0 0 0 0 0 0 0 0 0 0 0 0 0 0 0 0 0 0 0 0 0 0 0 0 0 0 0 0 0 0 0 0 0 0 0 0 0 0 0 0 0 0 0 0 0 0 0 0 0 0 0 0 0 0 0 0 0 0 0 0 0 0 0 0 0 0 0 0 0 0 0 0 0 0 0 0 0 0 0 0 0 0 0 0 0 0 0 0 0 0 0 0 0 0 0 0 0 0 0 0 0 0 0 0 0 0 0 0 0 0 0 0 0 0 0 0 0 0 0 0 0 0 0 0 0 0 0 0 0 0 0 0 0 0 0 0 0 0 0 0 0 0 0 0 0 0 0 0 0 0 0 0 0 0 0 0 0 0 0 0 0 0 0 0 0 0 0 0 0 0 0 0 0 0 0 0 0 0 0 0 0 0 0 0 0 0 0 0 0 0 0 0 0 0 0 0 0 0 0 0 0 0 0 0 0 0 0 0 0 0 0 0 0 0 0 0 0 0 0 0 0 0 0 0 0 0 0 0 0 0 0 0 0 0 0 0 0 0 0 0 0 0 0 0 0 0 0 0 0 0 0 0 0 0 0 0 0 0 0 0 0 0 0 0 0 0 0 0 0 0 0 0 0 0 0 0 0 0 0 0 0 0 0 0 0 0 0 0 0 0 0 0 0 0 0 0 0 0 0 0 0 0 0 0 0 0 0 0 0 0 0 0 0 0 0 0 0 0 0 0 0 0 0 0 0 0 0 0 0 0 0 0 0 0 0 0 0 0 0 0 0 0 0 0 0 0 0 0 0 0 0 0 0 0 0 0 0 0 0 0 0 0 0 0 0 0 0 0 0 0 0 0 0 0 0 0 0 0 0 0 0 0 0 0 0 0 0 0 0 0 0 0 0 0 0 0 0 0 0 0 0 0 0 0 0 0 0 0 0 0 0 0 0 0 0 0 0 0 0 0 0 0 0 0 0 0 0 0 0 0 0 0 0 0 0 0 0 0 0 0 0 0 0 0 0 0 0 0 0 0 0 0 0 0 0 0 0 0 0 0 0 0 0 0 0 0 0 0 0 0 0 0 0 0 0 0 0 0 0 0 0 0 0 0 0 0 0 0 0 0 0 0 0 0 0 0 0 0 0 0 0 0 0 0 0 0 0 0 0 0 0 0 0 0 0 0 0 0 0 0 0 0 0 0 0 0 0 0 0 0 0 0 0 0 0 0 0 0 0 0 0 0 0 0 0 0 0 0 0 0 0 0 0 0 0 0 0 0 0 0 0 0 0 0 0 0 0 0 0 0 0 0 0 0 0 0 0 0 0 0 0 0 0 0 0 0 0 0 0 0 0 0 0 0 0 0 0 0 0 0 0 0 0 0 0 0 0 0 0 0 0 0 0 0 0 0 0 0 0 0 0 0 0 0 0 0 0 0 0 0 0 0 0 0 0 0 0 0 0 0 0 0 0 0 0 0 0 0 0 0 0 0 0 0 0 0 0 0 0 0 0 0 0 0 0 0 0 0 0 0 0 0 0 0 0 0 0 0 0 0 0 0 0 0 0 0 0 0 0 0 0 0 0 0 0 0 0 0 0 0 0 0 0 0 0 0 0 0 0 0 0 0 0 0 0 0 0 0 0 0 0 0 0 0 0 0 0 0 0 0 0 0 0 0 0 0 0 0 0 0 0 0 0 0 0 0 0 0 0 0 0 0 0 0 0 0 0 0 0 0 0 0 0 0 0 0 0 0 0 0 0 0 0 0 0 0 0 0 0 0 0 0 0 0 0 0 0 0 0 0 0 0 0 0 0 0 0 0 0 0 0 0 0 0 0 0 0 0 0 0 0 0 0 0 0 0 0 0 0 0 0 0 0 0 0 0 0 0 0 0 0 0 0 0 0 0 0 0 0 0 0 0 0 0 0 0 0 0 0 0 0 0 0 0 0 0 0 0 0 0 0 0 0 0 0 0 0 0 0 0 0 0 0 0 0 0 0 0 0 0 0 0 0 0 0 0 0 0 0 0 0 0 0 0 0 0 0 0 0 0 0 0 0 0 0 0 0 0 0 0 0 0 0 0 0 0 0 0 0 0 0 0 0 0 0 0 0 0 0 0 0 0 0 0 0 0 0 0 0 0 0 0 0 0 0 0 0 0 0 0 0 0 0 0 0 0 0 0 0 0 0 0 0 0 0 0 0 0 0 0 0 0 0 0 0 0 0 0 0 0 0 0 0 0 0 0 0 0 0 0 0 0 0 0 0 0 0 0 0 0 0 0 0 0 0 0 0 0 0 0 0 0 0 0 0 0 0 0 0 0 0 0 0 0 0 0 0 0 0 0 0 0 0 0 0 0 0 0 0 0 0 0 0 0 0 0 0 0 0 0 0 0 0 0 0 0 0 0 0 0 0 0 0 0 0 0 0 0 0 0 0 0 0 0 0 0 0 0 0 0 0 0 0 0 0 0 0 0 0 0 0 0 0 0 0 0 0 0 0 0 0 0 0 0 0 0 0 0 0 0 0 0 0 0 0 0 0 0 0 0 0 0 0 0 0 0 0 0 0 0 0 0 0 0 0 0 0 0 0 0 0 0 0 0 0 0 0 0 0 0 0 0 0 0 0 0 0 0 0 0 0 0 0 0 0 0 0 0 0 0 0 0 0 0 0 0 0 0 0 0 0 0 0 0 0 0 0 0 0 0 0 0 0 0 0 0 0 0 0 0 0 0 0 0 0 0 0 0 0 0 0 0 0 0 0 0 0 0 0 0 0 0 0 0 0 0 0 0 0 0 0 0 0 0 0 0 0 0 0 0 0 0 0 0 0 0 0 0 0 0 0 0 0 0 0 0 0 0 0 0 0 0 0 0 0 0 0 0 0 0 0 0 0 0 0 0 0 0 0 0 0 0 0 0 0 0 0 0 0 0 0 0 0 0 0 0 0 0 0 0 0 0 0 0 0 0 0 0 0 0 0 0 0 0 0 0 0 0 0 0 0 0 0 0 0 0 0 0 0 0 0 0 0 0 0 0 0 0 0 0 0 0 0 0 0 0 0 0 0 0 0 0 0 0 0 0 0 0 0 0 0 0 0 0 0 0 0 0 0 0 0 0 0 0 0 0 0 0 0 0 0 0 0 0 0 0 0 0 0 0 0 0 0 0 0 0 0 0 0 0 0 0 0 0 0 0 0 0 0 0 0 0 0 0 0 0 0 0 0 0 0 0 0 0 0 0 0 0 0 0 0 0 0 0 0 0 0 0 0 0 0 0 0 0 0 0 0 0 0 0 0 0 0 0 0 0 0 0 0 0 0 0 0 0 0 0 0 0 0 0 0 0 0 0 0 0 0 0 0 0 0 0 0 0 0 0 0 0 0 0 0 0 0 0 0 0 0 0 0 0 0 0 0 0 0 0 0 0 0 0 0 0 0 0 0 0 0 0 0 0 0 0 0 0 0 0 0 0 0 0 0 0 0 0 0 0 0 0 0 0 0 0 0 0 0 0 0 0 0 0 0 0 0 0 0 0 0 0 0 0 0 0 0 0 0 0 0 0 0 0 0 0 0 0 0 0 0 0 0 0 0 0 0 0 0 0 0 0 0 0 0 0 0 0 0 0 0 0 0 0 0 0 0 0 0 0 0 0 0 0 0 0 0 0 0 0 0 0 0 0 0 0 0 0 0 0 0 0 0 0 0 0 0 0 0 0 0 0 0 0 0 0 0 0 0 0 0 0 0 0 0 0 0 0 0 0 0 0 0 0 0 0 0 0 0 0 0 0 0 0 0 0 0 0 0 0 0 0 0 0 0 0 0 0 0 0 0 0 0 0 0 0 0 0 0 0 0 0 0 0 0 0 0 0 0 0 0 0 0 0 0 0 0 0 0 0 0 0 0 0 0 0 0 0 0 0 0 0 0 0 0 0 0 0 0 0 0 0 0 0 0 0 0 0 0 0 0 0 0 0 0 0 0 0 0 0 0 0 0 0 0 0 0 0 0 0 0 0 0 0 0 0 0 0 0 0 0 0 0 0 0 0 0 0 0 0 0 0 0 0 0 0 0 0 0 0 0 0 0 0 0 0 0 0 0 0 0 0 0 0 0 0 0 0 0 0 0 0 0 0 0 0 0 0 0 0 0 0 0 0 0 0 0 0 0 0 0 0 0 0 0 0 0 0 0 0 0 0 0 0 0 0 0 0 0 0 0 0 0 0 0 0 0 0 0 0 0 0 0 0 0 0 0 0 0 0 0 0 0 0 0 0 0 0 0 0 0 0 0 0 0 0 0 0 0 0 0 0 0 0 0 0 0 0 0 0 0 0 0 0 0 0 0 0 0 0 0 0 0 0 0 0 0 0 0 0 0 0 0 0 0 0 0 0 0 0 0 0 0 0 0 0 0 0 0 0 0 0 0 0 0 0 0 0 0 0 0 0 0 0 0 0 0 0 0 0 0 0 0 0 0 0 0 0 0 0 0 0 0 0 0 0 0 0 0 0 0 0 0 0 0 0 0 0 0 0 0 0 0 0 0 0 0 0 0 0 0 0 0 0 0 0 0 0 0 0 0 0 0 0 0 0 0 0 0 0 0 0 0 0 0 0 0 0 0 0 0 0 0 0 0 0 0 0 0 0 0 0 0 0 0 0 0 0 0 0 0 0 0 0 0 0 0 0 0 0 0 0 0 0 0 0 0 0 0 0 0 0 0 0 0 0 0 0 0 0 0 0 0 0 0 0 0 0 0 0 0 0 0 0 0 0 0 0 0 0 0 0 0 0 0 0 0 0 0 0 0 0 0 0 0 0 0 0 0 0 0 0 0 0 0 0 0 0 0 0 0 0 0 0 0 0 0 0 0 0 0 0 0 0 0 0 0 0 0 0 0 0 0 0 0 0 0 0 0 0 0 0 0 0 0 0 0 0 0 0 0 0 0 0 0 0 0 0 0 0 0 0 0 0 0 0 0 0 0 0 0 0 0 0 0 0 0 0 0 0 0 0 0 0 0 0 0 0 0 0 0 0 0 0 0 0 0 0 0 0 0 0 0 0 0 0 0 0 0 0 0 0 0 0 0 0 0 0 0 0 0 0 0 0 0 0 0 0 0 0 0 0 0 0 0 0 0 0 0 0 0 0 0 0 0 0 0 0 0 0 0 0 0 0 0 0 0 0 0 0 0 0 0 0 0 0 0 0 0 0 0 0 0 0 0 0 0 0 0 0 0 0 0 0 0 0 0 0 0 0 0 0 0 0 0 0 0 0 0 0 0 0 0 0 0 0 0 0 0 0 0 0 0 0 0 0 0 0 0 0 0 0 0 0 0 0 0 0 0 0 0 0 0 0 0 0 0 0 0 0 0 0 0 0 0 0 0 0 0 0 0 0 0 0 0 0 0 0 0 0 0 0 0 0 0 0 0 0 0 0 0 0 0 0 0 0 0 0 0 0 0 0 0 0 0 0 0 0 0 0 0 0 0 0 0 0 0 0 0 0 0 0 0 0 0 0 0 0 0 0 0 0 0 0 0 0 0 0 0 0 0 0 0 0 0 0 0 0 0 0 0 0 0 0 0 0 0 0 0 0 0 0 0 0 0 0 0 0 0 0 0 0 0 0 0 0 0 0 0 0 0 0 0 0 0 0 0 0 0 0 0 0 0 0 0 0 0 0 0 0 0 0 0 0 0 0 0 0 0 0 0 0 0 0 0 0 0 0 0 0 0 0 0 0 0 0 0 0 0 0 0 0 0 0 0 0 0 0 0 0 0 0 0 0 0 0 0 0 0 0 0 0 0 0 0 0 0 0 0 0 0 0 0 0 0 0 0 0 0 0 0 0 0 0 0 0 0 0 0 0 0 0 0 0 0 0 0 0 0 0 0 0 0 0 0 0 0 0 0 0 0 0 0 0 0 0 0 0 0 0 0 0 0 0 0 0 0 0 0 0 0 0 0 0 0 0 0 0 0 0 0 0 0 0 0 0 0 0 0 0 0 0 0 0 0 0 0 0 0 0 0 0 0 0 0 0 0 0 0 0 0 0 0 0 0 0 0 0 0 0 0 0 0 0 0 0 0 0 0 0 0 0 0 0 0 0 0 0 0 0 0 0 0 0 0 0 0 0 0 0 0 0 0 0 0 0 0 0 0 0 0 0 0 0 0 0 0 0 0 0 0 0 0 0 0 0 0 0 0 0 0 0 0 0 0 0 0 0 0 0 0 0 0 0 0 0 0 0 0 0 0 0 0 0 0 0 0 0 0 0 0 0 0 0 0 0 0 0 0 0 0 0 0 0 0 0 0 0 0 0 0 0 0 0 0 0 0 0 0 0 0 0 0 0 0 0 0 0 0 0 0 0 0 0 0 0 0 0 0 0 0 0 0 0 0 0 0 0 0 0 0 0 0 0 0 0 0 0 0 0 0 0 0 0 0 0 0 0 0 0 0 0 0 0 0 0 0 0 0 0 0 0 0 0 0 0 0 0 0 0 0 0 0 0 0 0 0 0 0 0 0 0 0 0 0 0 0 0 0 0 0 0 0 0 0 0 0 0 0 0 0 0 0 0 0 0 0 0 0 0 0 0 0 0 0 0 0 0 0 0 0 0 0 0 0 0 0 0 0 0 0 0 0 0 0 0 0 0 0 0 0 0 0 0 0 0 0 0 0 0 0 0 0 0 0 0 0 0 0 0 0 0 0 0 0 0 0 0 0 0 0 0 0 0 0 0 0 0 0 0 0 0 0 0 0 0 0 0 0 0 0 0 0 0 0 0 0 0 0 0 0 0 0 0 0 0 0 0 0 0 0 0 0 0 0 0 0 0 0 0 0 0 0 0 0 0 0 0 0 0 0 0 0 0 0 0 0 0 0 0 0 0 0 0 0 0 0 0 0 0 0 0 0 0 0 0 0 0 0 0 0 0 0 0 0 0 0 0 0 0 0 0 0 0 0 0 0 0 0 0 0 0 0 0 0 0 0 0 0 0 0 0 0 0 0 0 0 0 0 0 0 0 0 0 0 0 0 0 0 0 0 0 0 0 0 0 0 0 0 0 0 0 0 0 0 0 0 0 0 0 0 0 0 0 0 0 0 0 0 0 0 0 0 0 0 0 0 0 0 0 0 0 0 0 0 0 0 0 0 0 0 0 0 0 0 0 0 0 0 0 0 0 0 0 0 0 0 0 0 0 0 0 0 0 0 0 0 0 0 0 0 0 0 0 0 0 0 0 0 0 0 0 0 0 0 0 0 0 0 0 0 0 0 0 0 0 0 0 0 0 0 0 0 0 0 0 0 0 0 0 0 0 0 0 0 0 0 0 0 0 0 0 0 0 0 0 0 0 0 0 0 0 0 0 0 0 0 0 0 0 0 0 0 0 0 0 0 0 0 0 0 0 0 0 0 0 0 0 0 0 0 0 0 0 0 0 0 0 0 0 0 0 0 0 0 0 0 0 0 0 0 0 0 0 0 0 0 0 0 0 0 0 0 0 0 0 0 0 0 0 0 0 0 0 0 0 0 0 0 0 0 0 0 0 0 0 0 0 0 0 0 0 0 0 0 0 0 0 0 0 0 0 0 0 0 0 0 0 0 0 0 0 0 0 0 0 0 0 0 0 0 0 0 0 0 0 0 0 0 0
ctxt 5240613
btime 1613064758
processes 115333
procs_running 1
procs_blocked 0
softirq 68689700 1 40158785 1718 1020851 0 0 169 2230337 0 25277839
