cpu  11752536 6 19222 2371220 145 0 1127 0 0 0
cpu0 183663 0 449 36664 0 0 191 0 0 0
cpu1 183418 0 425 37127 11 0 25 0 0 0
cpu2 183150 0 627 36953 0 0 242 0 0 0
cpu3 183444 0 317 37214 0 0 46 0 0 0
cpu4 183494 0 432 37073 0 0 5 0 0 0
cpu5 183717 0 81 37216 1 0 2 0 0 0
cpu6 183732 0 428 36843 0 0 2 0 0 0
cpu7 182898 0 834 37207 1 0 79 0 0 0
cpu8 183638 0 465 36894 1 0 14 0 0 0
cpu9 183421 0 332 37215 0 0 50 0 0 0
cpu10 183891 0 592 36518 1 0 18 0 0 0
cpu11 183726 0 57 37225 4 0 3 0 0 0
cpu12 184049 0 480 36477 0 0 2 0 0 0
cpu13 183605 0 187 37222 0 0 3 0 0 0
cpu14 183668 0 540 36799 0 0 6 0 0 0
cpu15 183602 0 190 37217 0 0 3 0 0 0
cpu16 184651 2 460 35880 7 0 8 0 0 0
cpu17 183408 0 330 37222 0 0 56 0 0 0
cpu18 183596 0 295 37117 0 0 2 0 0 0
cpu19 183702 0 96 37212 0 0 1 0 0 0
cpu20 183896 0 350 36623 80 0 11 0 0 0
cpu21 183519 0 245 37217 0 0 30 0 0 0
cpu22 183256 0 586 37152 2 0 20 0 0 0
cpu23 183292 0 462 37213 0 0 44 0 0 0
cpu24 183535 0 546 36915 4 0 7 0 0 0
cpu25 183746 0 51 37211 2 0 0 0 0 0
cpu26 183327 0 603 37069 0 0 7 0 0 0
cpu27 183749 0 44 37218 0 0 0 0 0 0
cpu28 183483 0 364 37151 0 0 6 0 0 0
cpu29 183746 0 50 37213 0 0 0 0 0 0
cpu30 183541 0 442 37008 2 0 6 0 0 0
cpu31 183554 0 244 37209 0 0 5 0 0 0
cpu32 183840 0 272 36878 0 0 2 0 0 0
cpu33 183317 0 468 37210 0 0 15 0 0 0
cpu34 183770 0 247 36941 0 0 3 0 0 0
cpu35 183718 0 81 37207 0 0 0 0 0 0
cpu36 183696 0 275 37023 0 0 0 0 0 0
cpu37 183730 0 60 37211 0 0 1 0 0 0
cpu38 183661 0 543 36777 0 0 5 0 0 0
cpu39 183232 0 522 37212 0 0 42 0 0 0
cpu40 183789 0 304 36898 1 0 2 0 0 0
cpu41 183671 0 118 37209 0 0 6 0 0 0
cpu42 183781 0 205 37022 0 0 0 0 0 0
cpu43 183753 0 52 37193 0 0 0 0 0 0
cpu44 184261 1 220 36513 0 0 2 0 0 0
cpu45 183468 0 302 37202 0 0 32 0 0 0
cpu46 183738 0 358 36897 0 0 2 0 0 0
cpu47 183598 0 194 37202 0 0 3 0 0 0
cpu48 183683 0 211 37104 0 0 2 0 0 0
cpu49 183530 0 238 37209 0 0 28 0 0 0
cpu50 183720 0 171 37100 0 0 1 0 0 0
cpu51 183712 0 82 37206 0 0 1 0 0 0
cpu52 184045 0 167 36773 2 0 2 0 0 0
cpu53 183583 0 195 37208 0 0 18 0 0 0
cpu54 183695 0 157 37140 0 0 3 0 0 0
cpu55 183369 0 397 37205 0 0 24 0 0 0
cpu56 183170 0 700 37132 0 0 0 0 0 0
cpu57 183750 0 47 37193 7 0 0 0 0 0
cpu58 183646 0 170 37180 0 0 2 0 0 0
cpu59 183741 0 50 37207 0 0 0 0 0 0
cpu60 183706 0 128 37162 0 0 4 0 0 0
cpu61 183751 0 52 37194 0 0 0 0 0 0
cpu62 183670 0 382 36925 0 0 1 0 0 0
cpu63 183601 0 226 37161 0 0 8 0 0 0
intr 33924575 83 0 0 0 612 0 0 0 1 0 285 0 0 0 0 0 0 0 0 0 0 0 0 0 0 0 0 0 0 0 0 0 0 0 0 0 0 0 5 4684 50367 520 30 747 2 12884 0 14238 1198 0 2 2292 1077 2736 17 5051 2 471 2877 6350 20 8706 3 26 2 242 1 39 4 4575 7 10608 7 328 5 712 30 7765 102 3706 0 0 232 2839 4 2429 6 5561 0 317 51 7932 3040 11859 4 33 880 252 2522 0 2 3467 0 0 0 0 0 0 0 0 0 0 0 0 0 0 0 0 0 31775 94 0 0 0 0 0 0 0 0 0 0 0 0 0 0 0 0 0 0 0 0 0 0 0 0 0 0 0 0 0 0 0 0 0 0 0 0 0 0 0 0 0 0 0 0 0 0 0 0 0 0 0 0 0 0 0 0 0 0 0 0 0 0 0 0 0 0 0 0 0 0 0 0 0 0 0 20 0 0 0 0 0 0 0 0 0 0 0 0 0 0 0 0 0 0 0 0 0 0 0 0 0 0 0 0 0 0 0 0 0 0 0 0 0 0 0 0 0 0 0 0 0 0 0 0 0 0 0 0 0 0 0 0 0 0 0 0 0 0 0 0 0 0 0 0 0 0 0 0 0 0 0 0 0 0 0 0 0 0 0 0 0 0 0 0 0 0 0 0 0 0 0 0 0 0 0 0 0 0 0 0 0 0 0 0 0 0 0 0 0 0 0 0 0 0 0 0 0 0 0 0 0 0 0 0 0 0 0 0 0 0 0 0 0 0 0 0 0 0 0 0 0 0 0 0 0 0 0 0 0 0 0 0 0 0 0 0 0 0 0 0 0 0 0 0 0 0 0 0 0 0 0 0 0 0 0 0 0 0 0 0 0 0 0 0 0 0 0 0 0 0 0 0 0 0 0 0 0 0 0 0 0 0 0 0 0 0 0 0 0 0 0 0 0 0 0 0 0 0 0 0 0 0 0 0 0 0 0 0 0 0 0 0 0 0 0 0 0 0 0 0 0 0 0 0 0 0 0 0 0 0 0 0 0 0 0 0 0 0 0 0 0 0 0 0 0 0 0 0 0 0 0 0 0 0 0 0 0 0 0 0 0 0 0 0 0 0 0 0 0 0 0 0 0 0 0 0 0 0 0 0 0 0 0 0 0 0 0 0 0 0 0 0 0 0 0 0 0 0 0 0 0 0 0 0 0 0 0 0 0 0 0 0 0 0 0 0 0 0 0 0 0 0 0 0 0 0 0 0 0 0 0 0 0 0 0 0 0 0 0 0 0 0 0 0 0 0 0 0 0 0 0 0 0 0 0 0 0 0 0 0 0 0 0 0 0 0 0 0 0 0 0 0 0 0 0 0 0 0 0 0 0 0 0 0 0 0 0 0 0 0 0 0 0 0 0 0 0 0 0 0 0 0 0 0 0 0 0 0 0 0 0 0 0 0 0 0 0 0 0 0 0 0 0 0 0 0 0 0 0 0 0 0 0 0 0 0 0 0 0 0 0 0 0 0 0 0 0 0 0 0 0 0 0 0 0 0 0 0 0 0 0 0 0 0 0 0 0 0 0 0 0 0 0 0 0 0 0 0 0 0 0 0 0 0 0 0 0 0 0 0 0 0 0 0 0 0 0 0 0 0 0 0 0 0 0 0 0 0 0 0 0 0 0 0 0 0 0 0 0 0 0 0 0 0 0 0 0 0 0 0 0 0 0 0 0 0 0 0 0 0 0 0 0 0 0 0 0 0 0 0 0 0 0 0 0 0 0 0 0 0 0 0 0 0 0 0 0 0 0 0 0 0 0 0 0 0 0 0 0 0 0 0 0 0 0 0 0 0 0 0 0 0 0 0 0 0 0 0 0 0 0 0 0 0 0 0 0 0 0 0 0 0 0 0 0 0 0 0 0 0 0 0 0 0 0 0 0 0 0 0 0 0 0 0 0 0 0 0 0 0 0 0 0 0 0 0 0 0 0 0 0 0 0 0 0 0 0 0 0 0 0 0 0 0 0 0 0 0 0 0 0 0 0 0 0 0 0 0 0 0 0 0 0 0 0 0 0 0 0 0 0 0 0 0 0 0 0 0 0 0 0 0 0 0 0 0 0 0 0 0 0 0 0 0 0 0 0 0 0 0 0 0 0 0 0 0 0 0 0 0 0 0 0 0 0 0 0 0 0 0 0 0 0 0 0 0 0 0 0 0 0 0 0 0 0 0 0 0 0 0 0 0 0 0 0 0 0 0 0 0 0 0 0 0 0 0 0 0 0 0 0 0 0 0 0 0 0 0 0 0 0 0 0 0 0 0 0 0 0 0 0 0 0 0 0 0 0 0 0 0 0 0 0 0 0 0 0 0 0 0 0 0 0 0 0 0 0 0 0 0 0 0 0 0 0 0 0 0 0 0 0 0 0 0 0 0 0 0 0 0 0 0 0 0 0 0 0 0 0 0 0 0 0 0 0 0 0 0 0 0 0 0 0 0 0 0 0 0 0 0 0 0 0 0 0 0 0 0 0 0 0 0 0 0 0 0 0 0 0 0 0 0 0 0 0 0 0 0 0 0 0 0 0 0 0 0 0 0 0 0 0 0 0 0 0 0 0 0 0 0 0 0 0 0 0 0 0 0 0 0 0 0 0 0 0 0 0 0 0 0 0 0 0 0 0 0 0 0 0 0 0 0 0 0 0 0 0 0 0 0 0 0 0 0 0 0 0 0 0 0 0 0 0 0 0 0 0 0 0 0 0 0 0 0 0 0 0 0 0 0 0 0 0 0 0 0 0 0 0 0 0 0 0 0 0 0 0 0 0 0 0 0 0 0 0 0 0 0 0 0 0 0 0 0 0 0 0 0 0 0 0 0 0 0 0 0 0 0 0 0 0 0 0 0 0 0 0 0 0 0 0 0 0 0 0 0 0 0 0 0 0 0 0 0 0 0 0 0 0 0 0 0 0 0 0 0 0 0 0 0 0 0 0 0 0 0 0 0 0 0 0 0 0 0 0 0 0 0 0 0 0 0 0 0 0 0 0 0 0 0 0 0 0 0 0 0 0 0 0 0 0 0 0 0 0 0 0 0 0 0 0 0 0 0 0 0 0 0 0 0 0 0 0 0 0 0 0 0 0 0 0 0 0 0 0 0 0 0 0 0 0 0 0 0 0 0 0 0 0 0 0 0 0 0 0 0 0 0 0 0 0 0 0 0 0 0 0 0 0 0 0 0 0 0 0 0 0 0 0 0 0 0 0 0 0 0 0 0 0 0 0 0 0 0 0 0 0 0 0 0 0 0 0 0 0 0 0 0 0 0 0 0 0 0 0 0 0 0 0 0 0 0 0 0 0 0 0 0 0 0 0 0 0 0 0 0 0 0 0 0 0 0 0 0 0 0 0 0 0 0 0 0 0 0 0 0 0 0 0 0 0 0 0 0 0 0 0 0 0 0 0 0 0 0 0 0 0 0 0 0 0 0 0 0 0 0 0 0 0 0 0 0 0 0 0 0 0 0 0 0 0 0 0 0 0 0 0 0 0 0 0 0 0 0 0 0 0 0 0 0 0 0 0 0 0 0 0 0 0 0 0 0 0 0 0 0 0 0 0 0 0 0 0 0 0 0 0 0 0 0 0 0 0 0 0 0 0 0 0 0 0 0 0 0 0 0 0 0 0 0 0 0 0 0 0 0 0 0 0 0 0 0 0 0 0 0 0 0 0 0 0 0 0 0 0 0 0 0 0 0 0 0 0 0 0 0 0 0 0 0 0 0 0 0 0 0 0 0 0 0 0 0 0 0 0 0 0 0 0 0 0 0 0 0 0 0 0 0 0 0 0 0 0 0 0 0 0 0 0 0 0 0 0 0 0 0 0 0 0 0 0 0 0 0 0 0 0 0 0 0 0 0 0 0 0 0 0 0 0 0 0 0 0 0 0 0 0 0 0 0 0 0 0 0 0 0 0 0 0 0 0 0 0 0 0 0 0 0 0 0 0 0 0 0 0 0 0 0 0 0 0 0 0 0 0 0 0 0 0 0 0 0 0 0 0 0 0 0 0 0 0 0 0 0 0 0 0 0 0 0 0 0 0 0 0 0 0 0 0 0 0 0 0 0 0 0 0 0 0 0 0 0 0 0 0 0 0 0 0 0 0 0 0 0 0 0 0 0 0 0 0 0 0 0 0 0 0 0 0 0 0 0 0 0 0 0 0 0 0 0 0 0 0 0 0 0 0 0 0 0 0 0 0 0 0 0 0 0 0 0 0 0 0 0 0 0 0 0 0 0 0 0 0 0 0 0 0 0 0 0 0 0 0 0 0 0 0 0 0 0 0 0 0 0 0 0 0 0 0 0 0 0 0 0 0 0 0 0 0 0 0 0 0 0 0 0 0 0 0 0 0 0 0 0 0 0 0 0 0 0 0 0 0 0 0 0 0 0 0 0 0 0 0 0 0 0 0 0 0 0 0 0 0 0 0 0 0 0 0 0 0 0 0 0 0 0 0 0 0 0 0 0 0 0 0 0 0 0 0 0 0 0 0 0 0 0 0 0 0 0 0 0 0 0 0 0 0 0 0 0 0 0 0 0 0 0 0 0 0 0 0 0 0 0 0 0 0 0 0 0 0 0 0 0 0 0 0 0 0 0 0 0 0 0 0 0 0 0 0 0 0 0 0 0 0 0 0 0 0 0 0 0 0 0 0 0 0 0 0 0 0 0 0 0 0 0 0 0 0 0 0 0 0 0 0 0 0 0 0 0 0 0 0 0 0 0 0 0 0 0 0 0 0 0 0 0 0 0 0 0 0 0 0 0 0 0 0 0 0 0 0 0 0 0 0 0 0 0 0 0 0 0 0 0 0 0 0 0 0 0 0 0 0 0 0 0 0 0 0 0 0 0 0 0 0 0 0 0 0 0 0 0 0 0 0 0 0 0 0 0 0 0 0 0 0 0 0 0 0 0 0 0 0 0 0 0 0 0 0 0 0 0 0 0 0 0 0 0 0 0 0 0 0 0 0 0 0 0 0 0 0 0 0 0 0 0 0 0 0 0 0 0 0 0 0 0 0 0 0 0 0 0 0 0 0 0 0 0 0 0 0 0 0 0 0 0 0 0 0 0 0 0 0 0 0 0 0 0 0 0 0 0 0 0 0 0 0 0 0 0 0 0 0 0 0 0 0 0 0 0 0 0 0 0 0
ctxt 5299998
btime 1613144793
processes 121385
procs_running 1
procs_blocked 0
softirq 37548443 1 21260701 1052 1026174 0 0 152 1213348 0 14047015
