cpu  31874379 4 63578 7062273 420 0 4695 0 0 0
cpu0 886129 1 2316 194629 0 0 535 0 0 0
cpu1 884642 0 2560 196164 1 0 104 0 0 0
cpu2 885462 0 2188 195666 79 0 76 0 0 0
cpu3 884197 0 2663 196551 1 0 75 0 0 0
cpu4 885112 0 1775 196562 1 0 40 0 0 0
cpu5 884703 0 2076 196659 0 0 55 0 0 0
cpu6 885619 0 1492 196177 72 0 116 0 0 0
cpu7 885924 0 1204 196285 3 0 57 0 0 0
cpu8 885620 0 1566 196257 6 0 24 0 0 0
cpu9 885890 0 1198 196336 1 0 58 0 0 0
cpu10 885254 0 1624 196514 5 0 90 0 0 0
cpu11 884578 0 2204 196486 3 0 206 0 0 0
cpu12 882739 0 3912 196418 4 0 393 0 0 0
cpu13 884826 0 2421 196128 1 0 85 0 0 0
cpu14 884540 0 2758 196077 8 0 92 0 0 0
cpu15 884396 0 2618 196417 2 0 42 0 0 0
cpu16 887004 0 2487 193918 0 0 81 0 0 0
cpu17 885345 0 1524 196531 22 0 49 0 0 0
cpu18 886119 0 1296 196028 13 0 19 0 0 0
cpu19 885280 0 1830 196237 9 0 130 0 0 0
cpu20 885874 0 1196 196339 45 0 17 0 0 0
cpu21 884982 0 2070 196397 10 0 16 0 0 0
cpu22 885871 0 1044 196466 50 0 45 0 0 0
cpu23 885780 0 1092 196532 4 0 74 0 0 0
cpu24 886354 0 613 196487 1 0 20 0 0 0
cpu25 885624 0 1297 196452 1 0 101 0 0 0
cpu26 885987 0 1002 196425 13 0 53 0 0 0
cpu27 885278 0 1411 196559 4 0 220 0 0 0
cpu28 885487 0 1458 196510 4 0 19 0 0 0
cpu29 882175 0 3201 196465 2 0 1627 0 0 0
cpu30 885948 0 1250 196260 3 0 10 0 0 0
cpu31 885819 0 1448 196129 14 0 72 0 0 0
cpu32 886232 0 824 196414 1 0 16 0 0 0
cpu33 886408 0 1368 195670 3 0 18 0 0 0
cpu34 886337 0 1115 195980 8 0 33 0 0 0
cpu35 886831 0 1463 195131 7 0 16 0 0 0
intr 87831814 56 0 0 0 611 0 0 0 1 0 250 0 0 0 0 0 0 0 0 0 0 0 0 0 0 0 0 0 0 0 0 93 186 238 9804 152 3113 325 3148 509 352 158 650 355 1213 937 687 417 294 601 2562 551 3452 1151 1832 416 0 0 0 0 161 99 375 350 362 1135 750 1005 161 332 608 820 0 0 16 16485 4261 0 21956 1832 1442 1113 1853 2156 1152 1410 2161 1256 3647 3308 89831 19953 3884 1611 2272 1058 1381 1260 970 1454 1971 1987 1073 871 2935 1849 3477 206955 907 1619 1364 1190 4951 2415 0 16 7835 1 0 0 0 0 0 0 0 0 0 0 0 0 0 0 0 0 0 0 0 0 0 0 0 0 0 0 0 0 0 0 0 0 0 0 0 0 0 25 0 0 0 0 0 0 0 0 0 0 0 0 0 0 0 0 0 0 0 0 0 0 0 0 0 0 0 0 0 0 0 0 0 0 0 0 0 0 0 0 0 0 0 0 0 0 0 0 0 0 0 0 0 0 0 0 0 0 0 0 0 0 0 0 0 0 0 0 0 0 0 0 0 0 0 0 0 0 0 0 0 0 0 0 0 0 0 0 0 0 0 0 0 0 0 0 0 0 0 0 0 0 0 0 0 0 0 0 0 0 0 0 0 0 0 0 0 0 0 0 0 0 0 0 0 0 0 0 0 0 0 0 0 0 0 0 0 0 0 0 0 0 0 0 0 0 0 0 0 0 0 0 0 0 0 0 0 0 0 0 0 0 0 0 0 0 0 0 0 0 0 0 0 0 0 0 0 0 0 0 0 0 0 0 0 0 0 0 0 0 0 0 0 0 0 0 0 0 0 0 0 0 0 0 0 0 0 0 0 0 0 0 0 0 0 0 0 0 0 0 0 0 0 0 0 0 0 0 0 0 0 0 0 0 0 0 0 0 0 0 0 0 0 0 0 0 0 0 0 0 0 0 0 0 0 0 0 0 0 0 0 0 0 0 0 0 0 0 0 0 0 0 0 0 0 0 0 0 0 0 0 0 0 0 0 0 0 0 0 0 0 0 0 0 0 0 0 0 0 0 0 0 0 0 0 0 0 0 0 0 0 0 0 0 0 0 0 0 0 0 0 0 0 0 0 0 0 0 0 0 0 0 0 0 0 0 0 0 0 0 0 0 0 0 0 0 0 0 0 0 0 0 0 0 0 0 0 0 0 0 0 0 0 0 0 0 0 0 0 0 0 0 0 0 0 0 0 0 0 0 0 0 0 0 0 0 0 0 0 0 0 0 0 0 0 0 0 0 0 0 0 0 0 0 0 0 0 0 0 0 0 0 0 0 0 0 0 0 0 0 0 0 0 0 0 0 0 0 0 0 0 0 0 0 0 0 0 0 0 0 0 0 0 0 0 0 0 0 0 0 0 0 0 0 0 0 0 0 0 0 0 0 0 0 0 0 0 0 0 0 0 0 0 0 0 0 0 0 0 0 0 0 0 0 0 0 0 0 0 0 0 0 0 0 0 0 0 0 0 0 0 0 0 0 0 0 0 0 0 0 0 0 0 0 0 0 0 0 0 0 0 0 0 0 0 0 0 0 0 0 0 0 0 0 0 0 0 0 0 0 0 0 0 0 0 0 0 0 0 0 0 0 0 0 0 0 0 0 0 0 0 0 0 0 0 0 0 0 0 0 0 0 0 0 0 0 0 0 0 0 0 0 0 0 0 0 0 0 0 0 0 0 0 0 0 0 0 0 0 0 0 0 0 0 0 0 0 0 0 0 0 0 0 0 0 0 0 0 0 0 0 0 0 0 0 0 0 0 0 0 0 0 0 0 0 0 0 0 0 0 0 0 0 0 0 0 0 0 0 0 0 0 0 0 0 0 0 0 0 0 0 0 0 0 0 0 0 0 0 0 0 0 0 0 0 0 0 0 0 0 0 0 0 0 0 0 0 0 0 0 0 0 0 0 0 0 0 0 0 0 0 0 0 0 0 0 0 0 0 0 0 0 0 0 0 0 0 0 0 0 0 0 0 0 0 0 0 0 0 0 0 0 0 0 0 0 0 0 0 0 0 0 0 0 0 0 0 0 0 0 0 0 0 0 0 0 0 0 0 0 0 0 0 0 0 0 0 0 0 0 0 0 0 0 0 0 0 0 0 0 0 0 0 0 0 0 0 0 0 0 0 0 0 0 0 0 0 0 0 0 0 0 0 0 0 0 0 0 0 0 0 0 0 0 0 0 0 0 0 0 0 0 0 0 0 0 0 0 0 0 0 0 0 0 0 0 0 0 0 0 0 0 0 0 0 0 0 0 0 0 0 0 0 0 0 0 0 0 0 0 0 0 0 0 0 0 0 0 0 0 0 0 0 0 0 0 0 0 0 0 0 0 0 0 0 0 0 0 0 0 0 0 0 0 0 0 0 0 0 0 0 0 0 0 0 0 0 0 0 0 0 0 0 0 0 0 0 0 0 0 0 0 0 0 0 0 0 0 0 0 0 0 0 0 0 0 0 0 0 0 0 0 0 0 0 0 0 0 0 0 0 0 0 0 0 0 0 0 0 0 0 0 0 0 0 0 0 0 0 0 0 0 0 0 0 0 0 0 0 0 0 0 0 0 0 0 0 0 0 0 0 0 0 0 0 0 0 0 0 0 0 0 0 0 0 0 0 0 0 0 0 0 0 0 0 0 0 0 0 0 0 0 0 0 0 0 0 0 0 0 0 0 0 0 0 0 0 0 0 0 0 0 0 0 0 0 0 0 0 0 0 0 0 0 0 0 0 0 0 0 0 0 0 0 0 0 0 0 0 0 0 0 0 0 0 0 0 0 0 0 0 0 0 0 0 0 0 0 0 0 0 0 0 0 0 0 0 0 0 0
ctxt 22471440
btime 1613124388
processes 561248
procs_running 1
procs_blocked 0
softirq 114977250 1 67006072 908 4221231 0 0 398040 2961712 0 40389286
