cpu  12973916 8 16805 11592156 423 0 659 0 0 0
cpu0 101587 0 860 89389 0 0 217 0 0 0
cpu1 101375 0 67 90637 0 0 28 0 0 0
cpu2 101156 0 194 90709 1 0 3 0 0 0
cpu3 101120 0 286 90648 2 0 23 0 0 0
cpu4 101742 0 264 90070 8 0 2 0 0 0
cpu5 101378 0 60 90647 0 0 0 0 0 0
cpu6 101281 0 146 90657 0 0 2 0 0 0
cpu7 101262 0 154 90651 0 0 10 0 0 0
cpu8 101900 0 252 89913 0 0 4 0 0 0
cpu9 101256 0 72 90747 0 0 1 0 0 0
cpu10 101252 0 166 90646 8 0 5 0 0 0
cpu11 101326 0 131 90625 0 0 4 0 0 0
cpu12 101476 0 239 90345 0 0 3 0 0 0
cpu13 101385 0 61 90640 0 0 0 0 0 0
cpu14 101313 0 137 90631 0 0 2 0 0 0
cpu15 100766 0 424 90815 0 0 47 0 0 0
cpu16 101363 0 228 90472 0 0 5 0 0 0
cpu17 101376 0 67 90641 0 0 0 0 0 0
cpu18 101282 0 108 90697 0 0 1 0 0 0
cpu19 101283 0 138 90652 0 0 5 0 0 0
cpu20 101494 5 205 90352 5 0 6 0 0 0
cpu21 101380 0 68 90634 0 0 0 0 0 0
cpu22 101311 0 112 90658 0 0 3 0 0 0
cpu23 101254 0 188 90627 0 0 10 0 0 0
cpu24 101544 0 178 90341 2 0 2 0 0 0
cpu25 101218 0 138 90720 0 0 0 0 0 0
cpu26 101364 0 79 90636 0 0 1 0 0 0
cpu27 101336 0 107 90630 0 0 5 0 0 0
cpu28 101668 0 254 90145 0 0 1 0 0 0
cpu29 101368 0 71 90641 0 0 1 0 0 0
cpu30 101296 0 84 90698 0 0 2 0 0 0
cpu31 101355 0 90 90628 0 0 1 0 0 0
cpu32 101453 0 189 90392 19 0 1 0 0 0
cpu33 101334 0 106 90637 0 0 0 0 0 0
cpu34 101316 0 68 90689 0 0 0 0 0 0
cpu35 101353 0 94 90628 0 0 2 0 0 0
cpu36 101445 0 214 90387 17 0 0 0 0 0
cpu37 101332 0 86 90659 0 0 2 0 0 0
cpu38 101241 0 88 90731 0 0 0 0 0 0
cpu39 101340 0 108 90622 0 0 4 0 0 0
cpu40 101366 0 184 90512 4 0 0 0 0 0
cpu41 101378 0 63 90632 0 0 0 0 0 0
cpu42 101221 0 82 90768 0 0 0 0 0 0
cpu43 101311 0 106 90646 0 0 2 0 0 0
cpu44 101264 0 236 90551 1 0 16 0 0 0
cpu45 101379 0 62 90635 0 0 0 0 0 0
cpu46 101151 0 128 90786 2 0 4 0 0 0
cpu47 101298 0 129 90633 0 0 4 0 0 0
cpu48 101409 0 150 90539 1 0 1 0 0 0
cpu49 101406 0 62 90600 0 0 0 0 0 0
cpu50 101303 0 71 90694 2 0 1 0 0 0
cpu51 101151 0 126 90796 0 0 11 0 0 0
cpu52 101298 0 158 90603 0 0 8 0 0 0
cpu53 101381 0 62 90626 0 0 0 0 0 0
cpu54 101183 0 76 90798 1 0 2 0 0 0
cpu55 101312 0 130 90625 0 0 2 0 0 0
cpu56 101283 0 134 90577 1 0 30 0 0 0
cpu57 101379 0 60 90624 0 0 0 0 0 0
cpu58 101307 0 78 90683 0 0 0 0 0 0
cpu59 101354 0 94 90618 0 0 2 0 0 0
cpu60 101645 0 139 90280 1 0 0 0 0 0
cpu61 101362 0 71 90627 0 0 2 0 0 0
cpu62 101376 0 73 90615 0 0 0 0 0 0
cpu63 101355 0 94 90620 0 0 0 0 0 0
cpu64 101228 0 214 90606 7 0 2 0 0 0
cpu65 101363 0 66 90635 0 0 0 0 0 0
cpu66 101302 0 119 90642 1 0 0 0 0 0
cpu67 101234 0 159 90664 0 0 6 0 0 0
cpu68 101740 0 230 90077 2 0 8 0 0 0
cpu69 101363 0 67 90634 0 0 0 0 0 0
cpu70 101340 0 95 90627 0 0 1 0 0 0
cpu71 101215 0 166 90657 0 0 16 0 0 0
cpu72 101352 0 118 90579 4 0 0 0 0 0
cpu73 101374 0 61 90621 1 0 0 0 0 0
cpu74 101329 0 99 90613 0 0 0 0 0 0
cpu75 101312 0 140 90603 1 0 6 0 0 0
cpu76 101966 0 307 89651 116 0 0 0 0 0
cpu77 101384 0 58 90618 0 0 0 0 0 0
cpu78 101344 0 90 90620 0 0 0 0 0 0
cpu79 101077 0 317 90612 0 0 46 0 0 0
cpu80 101541 0 187 90305 12 0 2 0 0 0
cpu81 101354 0 81 90624 0 0 0 0 0 0
cpu82 101339 0 108 90590 0 0 1 0 0 0
cpu83 101151 0 230 90643 1 0 15 0 0 0
cpu84 101679 0 234 90013 106 0 4 0 0 0
cpu85 101380 0 92 90572 6 0 0 0 0 0
cpu86 101293 0 84 90677 0 0 0 0 0 0
cpu87 101327 0 124 90601 0 0 2 0 0 0
cpu88 101551 0 157 90343 1 0 0 0 0 0
cpu89 101372 0 78 90604 0 0 0 0 0 0
cpu90 101372 0 86 90584 8 0 0 0 0 0
cpu91 101310 0 136 90603 0 0 5 0 0 0
cpu92 101500 0 175 90373 1 0 0 0 0 0
cpu93 101346 0 72 90638 0 0 0 0 0 0
cpu94 101370 0 86 90591 0 0 0 0 0 0
cpu95 101328 0 120 90598 1 0 1 0 0 0
cpu96 101422 0 229 90397 2 0 0 0 0 0
cpu97 101332 0 87 90631 0 0 0 0 0 0
cpu98 101232 0 80 90737 0 0 0 0 0 0
cpu99 101332 0 98 90608 0 0 3 0 0 0
cpu100 101508 0 186 90339 2 0 0 0 0 0
cpu101 101300 0 70 90680 0 0 0 0 0 0
cpu102 101260 0 91 90696 0 0 0 0 0 0
cpu103 101291 0 115 90640 0 0 4 0 0 0
cpu104 101474 0 172 90402 2 0 0 0 0 0
cpu105 101382 0 64 90605 0 0 0 0 0 0
cpu106 101360 0 81 90611 0 0 0 0 0 0
cpu107 101320 0 96 90621 0 0 4 0 0 0
cpu108 101384 0 116 90527 9 0 4 0 0 0
cpu109 101378 0 80 90590 0 0 0 0 0 0
cpu110 101362 0 73 90608 0 0 0 0 0 0
cpu111 101303 0 132 90606 0 0 1 0 0 0
cpu112 101372 0 80 90591 0 0 0 0 0 0
cpu113 101379 0 70 90599 0 0 0 0 0 0
cpu114 101320 0 67 90655 1 0 0 0 0 0
cpu115 101319 0 118 90606 0 0 2 0 0 0
cpu116 101367 0 112 90559 0 0 0 0 0 0
cpu117 101379 0 79 90575 11 0 0 0 0 0
cpu118 101365 0 83 90592 1 0 0 0 0 0
cpu119 101303 0 132 90603 0 0 1 0 0 0
cpu120 101485 0 112 90441 0 0 0 0 0 0
cpu121 101379 0 64 90602 0 0 0 0 0 0
cpu122 101355 0 73 90612 3 0 0 0 0 0
cpu123 101366 0 88 90584 0 0 0 0 0 0
cpu124 101586 0 126 90318 4 0 0 0 0 0
cpu125 101372 0 63 90605 0 0 0 0 0 0
cpu126 101208 0 87 90733 0 0 0 0 0 0
cpu127 101384 0 124 90530 1 0 0 0 0 0
intr 38735222 130 0 0 0 681 0 0 0 1 0 285 0 0 0 0 0 0 0 0 0 0 0 0 0 0 0 0 0 0 0 0 0 0 0 0 260 0 3292 208 107 5360 454 0 1 2340 3 7 3 2235 1239 0 0 7391 582 2 0 4168 4370 0 0 2465 1861 10 1 2477 5648 0 0 1106 6 0 14 1526 2 0 0 7335 227 2 4 1337 305 0 32 1835 4 160 177 1977 187 0 769 1538 44084 0 1 1204 11 116 12 636 4008 95 0 1909 424 0 0 3255 0 0 92 3654 748 0 0 8448 446 0 2 3609 4689 0 0 1920 0 0 0 1593 173 0 14 880 1 0 0 1053 3 7 0 4034 4 0 0 1791 22 0 0 2179 0 0 0 1477 0 0 0 0 0 0 0 0 0 0 0 0 0 157 747 476 348 10759 2029 6255 130 466 333 280 824 64 143 27 215 731 128 486 132 151 25 12 27 164 1 2 46 5 0 293 9 0 0 0 0 0 0 0 0 0 0 0 0 0 0 0 0 0 0 0 6 0 0 0 20 0 20 2 5 10 0 337 2 5 84 12 3928 15 6 13 184 18 1 5 4 51 89 8 12 4 8 3 1 0 4 9 61 5 263 45 192 376 79 6 2 0 10 2 127 7 5 0 0 8 54 118 15 82 1 4 18 50 0 0 0 0 0 0 0 0 0 0 0 0 0 0 0 0 0 0 0 0 0 0 0 0 0 0 0 0 0 0 0 0 0 0 0 0 0 0 0 0 0 0 0 0 0 0 0 0 0 0 0 0 0 0 0 0 0 0 0 0 0 0 0 0 0 0 0 0 0 0 0 0 0 0 0 0 0 0 0 0 0 0 0 0 0 0 0 0 0 0 0 0 0 0 0 0 0 0 0 0 0 0 0 0 0 0 0 0 0 0 0 0 0 0 0 0 0 0 0 0 0 0 0 0 0 0 0 0 0 0 0 0 0 0 0 0 0 0 0 0 0 0 0 0 0 0 0 0 0 0 0 0 0 0 0 0 0 0 0 0 0 0 0 0 0 0 0 0 0 0 0 0 0 0 0 0 0 0 0 0 0 0 0 0 0 0 0 0 0 0 0 0 0 0 0 0 0 0 0 0 0 0 0 0 0 0 0 0 0 0 0 0 0 0 0 0 0 0 0 0 0 0 0 0 0 0 0 0 0 0 0 0 0 0 0 0 0 0 0 0 0 0 0 0 0 0 0 0 0 0 0 0 0 0 0 0 0 0 0 0 0 0 0 0 0 0 0 0 0 0 0 0 0 0 0 0 0 0 0 0 0 0 0 0 0 0 0 0 0 0 0 0 0 0 0 0 0 0 0 0 0 0 0 0 0 0 0 0 0 0 0 0 0 0 0 0 0 0 0 0 0 0 0 0 0 0 0 0 0 0 0 0 0 0 0 0 0 0 0 0 0 0 0 0 0 0 0 0 0 0 0 0 0 0 0 0 0 0 0 0 0 0 0 0 0 0 0 0 0 0 0 0 0 0 0 0 0 0 0 0 0 0 0 0 0 0 0 0 0 0 0 0 0 0 0 0 0 0 0 0 0 0 0 0 0 0 0 0 0 0 0 0 0 0 0 0 0 0 0 0 0 0 0 3 0 0 0 0 0 0 0 0 0 0 0 0 0 0 0 0 0 0 0 0 0 0 0 21 1 0 0 27 0 0 0 0 0 0 0 0 0 0 0 0 0 0 0 0 0 0 0 0 0 0 0 0 0 0 0 0 0 0 0 49 0 0 0 0 0 0 0 0 0 0 0 0 0 0 0 0 0 0 0 0 0 0 0 0 0 0 0 0 0 0 0 0 0 19 0 0 0 0 0 0 0 0 0 0 0 0 0 0 0 0 0 0 0 0 0 0 0 0 0 0 0 0 0 0 0 0 0 0 0 0 0 0 0 0 0 0 0 0 0 0 0 0 0 0 0 0 0 0 0 0 0 0 0 0 0 0 0 0 0 0 0 0 0 0 0 0 0 0 0 0 0 0 0 0 0 0 0 0 0 0 0 0 0 0 0 0 0 0 0 0 0 0 0 0 0 0 0 0 0 0 0 0 0 0 0 0 0 0 0 0 0 0 0 0 0 0 0 0 0 0 0 0 0 0 0 0 0 0 0 0 0 0 0 0 0 0 0 0 0 0 0 0 0 0 0 0 0 0 0 0 0 0 0 0 0 0 0 0 0 0 0 0 0 0 0 0 0 0 0 0 0 0 0 0 0 0 0 0 0 0 0 0 0 0 0 0 0 0 0 0 0 0 0 0 0 0 0 0 0 0 0 0 0 0 0 0 0 0 0 0 0 0 0 0 0 0 0 0 0 0 0 0 0 0 0 0 0 0 0 0 0 0 0 0 0 0 0 0 0 0 0 0 0 0 0 0 0 0 0 0 0 0 0 0 0 0 0 0 0 0 0 0 0 0 0 0 0 0 0 0 0 0 0 0 0 0 0 0 0 0 0 0 0 0 0 0 0 0 0 0 0 0 0 0 0 0 0 0 0 0 0 0 0 0 0 0 0 0 0 0 0 0 0 0 0 0 0 0 0 0 0 0 0 0 0 0 0 0 0 0 0 0 0 0 0 0 0 0 0 0 0 0 0 0 0 0 0 0 0 0 0 0 0 0 0 0 0 0 0 0 0 0 0 0 0 0 0 0 0 0 0 0 0 0 0 0 0 0 0 0 0 0 0 0 0 0 0 0 0 0 0 0 0 0 0 0 0 0 0 0 0 0 0 0 0 0 0 0 0 0 0 0 0 0 0 0 0 0 0 0 0 0 0 0 0 0 0 0 0 0 0 0 0 0 0 0 0 0 0 0 0 0 0 0 0 0 0 0 0 0 0 0 0 0 0 0 0 0 0 0 0 0 0 0 0 0 0 0 0 0 0 0 0 0 0 0 0 0 0 0 0 0 0 0 0 0 0 0 0 0 0 0 0 0 0 0 0 0 0 0 0 0 0 0 0 0 0 0 0 0 0 0 0 0 0 0 0 0 0 0 0 0 0 0 0 0 0 0 0 0 0 0 0 0 0 0 0 0 0 0 0 0 0 0 0 0 0 0 0 0 0 0 0 0 0 0 0 0 0 0 0 0 0 0 0 0 0 0 0 0 0 0 0 0 0 0 0 0 0 0 0 0 0 0 0 0 0 0 0 0 0 0 0 0 0 0 0 0 0 0 0 0 0 0 0 0 0 0 0 0 0 0 0 0 0 0 0 0 0 0 0 0 0 0 0 0 0 0 0 0 0 0 0 0 0 0 0 0 0 0 0 0 0 0 0 0 0 0 0 0 0 0 0 0 0 0 0 0 0 0 0 0 0 0 0 0 0 0 0 0 0 0 0 0 0 0 0 0 0 0 0 0 0 0 0 0 0 0 0 0 0 0 0 0 0 0 0 0 0 0 0 0 0 0 0 0 0 0 0 0 0 0 0 0 0 0 0 0 0 0 0 0 0 0 0 0 0 0 0 0 0 0 0 0 0 0 0 0 0 0 0 0 0 0 0 0 0 0 0 0 0 0 0 0 0 0 0 0 0 0 0 0 0 0 0 0 0 0 0 0 0 0 0 0 0 0 0 0 0 0 0 0 0 0 0 0 0 0 0 0 0 0 0 0 0 0 0 0 0 0 0 0 0 0 0 0 0 0 0 0 0 0 0 0 0 0 0 0 0 0 0 0 0 0 0 0 0 0 0 0 0 0 0 0 0 0 0 0 0 0 0 0 0 0 0 0 0 0 0 0 0 0 0 0 0 0 0 0 0 0 0 0 0 0 0 0 0 0 0 0 0 0 0 0 0 0 0 0 0 0 0 0 0 0 0 0 0 0 0 0 0 0 0 0 0 0 0 0 0 0 0 0 0 0 0 0 0 0 0 0 0 0 0 0 0 0 0 0 0 0 0 0 0 0 0 0 0 0 0 0 0 0 0 0 0 0 0 0 0 0 0 0 0 0 0 0 0 0 0 0 0 0 0 0 0 0 0 0 0 0 0 0 0 0 0 0 0 0 0 0 0 0 0 0 0 0 0 0 0 0 0 0 0 0 0 0 0 0 0 0 0 0 0 0 0 0 0 0 0 0 0 0 0 0 0 0 0 0 0 0 0 0 0 0 0 0 0 0 0 0 0 0 0 0 0 0 0 0 0 0 0 0 0 0 0 0 0 0 0 0 0 0 0 0 0 0 0 0 0 0 0 0 0 0 0 0 0 0 0 0 0 0 0 0 0 0 0 0 0 0 0 0 0 0 0 0 0 0 0 0 0 0 0 0 0 0 0 0 0 0 0 0 0 0 0 0 0 0 0 0 0 0 0 0 0 0 0 0 0 0 0 0 0 0 0 0 0 0 0 0 0 0 0 0 0 0 0 0 0 0 0 0 0 0 0 0 0 0 0 0 0 0 0 0 0 0 0 0 0 0 0 0 0 0 0 0 0 0 0 0 0 0 0 0 0 0 0 0 0 0 0 0 0 0 0 0 0 0 0 0 0 0 0 0 0 0 0 0 0 0 0 0 0 0 0 0 0 0 0 0 0 0 0 0 0 0 0 0 0 0 0 0 0 0 0 0 0 0 0 0 0 0 0 0 0 0 0 0 0 0 0 0 0 0 0 0 0 0 0 0 0 0 0 0 0 0 0 0 0 0 0 0 0 0 0 0 0 0 0 0 0 0 0 0 0 0 0 0 0 0 0 0 0 0 0 0 0 0 0 0 0 0 0 0 0 0 0 0 0 0 0 0 0 0 0 0 0 0 0 0 0 0 0 0 0 0 0 0 0 0 0 0 0 0 0 0 0 0 0 0 0 0 0 0 0 0 0 0 0 0 0 0 0 0 0 0 0 0 0 0 0 0 0 0 0 0 0 0 0 0 0 0 0 0 0 0 0 0 0 0 0 0 0 0 0 0 0 0 0 0 0 0 0 0 0 0 0 0 0 0 0 0 0 0 0 0 0 0 0 0 0 0 0 0 0 0 0 0 0 0 0 0 0 0 0 0 0 0 0 0 0 0 0 0 0 0 0 0 0 0 0 0 0 0 0 0 0 0 0 0 0 0 0 0 0 0 0 0 0 0 0 0 0 0 0 0 0 0 0 0 0 0 0 0 0 0 0 0 0 0 0 0 0 0 0 0 0 0 0 0 0 0 0 0 0 0 0 0 0 0 0 0 0 0 0 0 0 0 0 0 0 0 0 0 0 0 0 0 0 0 0 0 0 0 0 0 0 0 0 0 0 0 0 0 0 0 0 0 0 0 0 0 0 0 0 0 0 0 0 0 0 0 0 0 0 0 0 0 0 0 0 0 0 0 0 0 0 0 0 0 0 0 0 0 0 0 0 0 0 0 0 0 0 0 0 0 0 0 0 0 0 0 0 0 0 0 0 0 0 0 0 0 0 0 0 0 0 0 0 0 0 0 0 0 0 0 0 0 0 0 0 0 0 0 0 0 0 0 0 0 0 0 0 0 0 0 0 0 0 0 0 0 0 0 0 0 0 0 0 0 0 0 0 0 0 0 0 0 0 0 0 0 0 0 0 0 0 0 0 0 0 0 0 0 0 0 0 0 0 0 0 0 0 0 0 0 0 0 0 0 0 0 0 0 0 0 0 0 0 0 0 0 0 0 0 0 0 0 0 0 0 0 0 0 0 0 0 0 0 0 0 0 0 0 0 0 0 0 0 0 0 0 0 0 0 0 0 0 0 0 0 0 0 0 0 0 0 0 0 0 0 0 0 0 0 0 0 0 0 0 0 0 0 0 0 0 0 0 0 0 0 0 0 0 0 0 0 0 0 0 0 0 0 0 0 0 0 0 0 0 0 0 0 0 0 0 0 0 0 0 0 0 0 0 0 0 0 0 0 0 0 0 0 0 0 0 0 0 0 0 0 0 0 0 0 0 0 0 0 0 0 0 0 0 0 0 0 0 0 0 0 0 0 0 0 0 0 0 0 0 0 0 0 0 0 0 0 0 0 0 0 0 0 0 0 0 0 0 0 0 0 0 0 0 0 0 0 0 0 0 0 0 0 0 0 0 0 0 0 0 0 0 0 0 0 0 0 0 0 0 0 0 0 0 0 0 0 0 0 0 0 0 0 0 0 0 0 0 0 0 0 0 0 0 0 0 0 0 0 0 0 0 0 0 0 0 0 0 0 0 0 0 0 0 0 0 0 0 0 0 0 0 0 0 0 0 0 0 0 0 0 0 0 0 0 0 0 0 0 0 0 0 0 0 0 0 0 0 0 0 0 0 0 0 0 0 0 0 0 0 0 0 0 0 0 0 0 0 0 0 0 0 0 0 0 0 0 0 0 0 0 0 0 0 0 0 0 0 0 0 0 0 0 0 0 0 0 0 0 0 0 0 0 0 0 0 0 0 0 0 0 0 0 0 0 0 0 0 0 0 0 0 0 0 0 0 0 0 0 0 0 0 0 0 0 0 0 0 0 0 0 0 0 0 0 0 0 0 0 0 0 0 0 0 0 0 0 0 0 0 0 0 0 0 0 0 0 0 0 0 0 0 0 0 0 0 0 0 0 0 0 0 0 0 0 0 0 0 0 0 0 0 0 0 0 0 0 0 0 0 0 0 0 0 0 0 0 0 0 0 0 0 0 0 0 0 0 0 0 0 0 0 0 0 0 0 0 0 0 0 0 0 0 0 0 0 0 0 0 0 0 0 0 0 0 0 0 0 0 0 0 0 0 0 0 0 0 0 0 0 0 0 0 0 0 0 0 0 0 0 0 0 0 0 0 0 0 0 0 0 0 0 0 0 0 0 0 0 0 0 0 0 0 0 0 0 0 0 0 0 0 0 0 0 0 0 0 0 0 0 0 0 0 0 0 0 0 0 0 0 0 0 0 0 0 0 0 0 0 0 0 0 0 0 0 0 0 0 0 0 0 0 0 0 0 0 0 0 0 0 0 0 0 0 0 0 0 0 0 0 0 0 0 0 0 0 0 0 0 0 0 0 0 0 0 0 0 0 0 0 0 0 0 0 0 0 0 0 0 0 0 0 0 0 0 0 0 0 0 0 0 0 0 0 0 0 0 0 0 0 0 0 0 0 0 0 0 0 0 0 0 0 0 0 0 0 0 0 0 0 0 0 0 0 0 0 0 0 0 0 0 0 0 0 0 0 0 0 0 0 0 0 0 0 0 0 0 0 0 0 0 0 0 0 0 0 0 0 0 0 0 0 0 0 0 0 0 0 0 0 0 0 0 0 0 0 0 0 0 0 0 0 0 0 0 0 0 0 0 0 0 0 0 0 0 0 0 0 0 0 0 0 0 0 0 0 0 0 0 0 0 0 0 0 0 0 0 0 0 0 0 0 0 0 0 0 0 0 0 0 0 0 0 0 0 0 0 0 0 0 0 0 0 0 0 0 0 0 0 0 0 0 0 0 0 0 0 0 0 0 0 0 0 0 0 0 0 0 0 0 0 0 0 0 0 0 0 0 0 0 0 0 0 0 0 0 0 0 0 0 0 0 0 0 0 0 0 0 0 0 0 0 0 0 0 0 0 0 0 0 0 0 0 0 0 0 0 0 0 0 0 0 0 0 0 0 0 0 0 0 0 0 0 0 0 0 0 0 0 0 0 0 0 0 0 0 0 0 0 0 0 0 0 0 0 0 0 0 0 0 0 0 0 0 0 0 0 0 0 0 0 0 0 0 0 0 0 0 0 0 0 0 0 0 0 0 0 0 0 0 0 0 0 0 0 0 0 0 0 0 0 0 0 0 0 0 0 0 0 0 0 0 0 0 0 0 0 0 0 0 0 0 0 0 0 0 0 0 0 0 0 0 0 0 0 0 0 0 0 0 0 0 0 0 0 0 0 0 0 0 0 0 0 0 0 0 0 0 0 0 0 0 0 0 0 0 0 0 0 0 0 0 0 0 0 0 0 0 0 0 0 0 0 0 0 0 0 0 0 0 0 0 0 0 0 0 0 0 0 0 0 0 0 0 0 0 0 0 0 0 0 0 0 0 0 0 0 0 0 0 0 0 0 0 0 0 0 0 0 0 0 0 0 0 0 0 0 0 0 0 0 0 0 0 0 0 0 0 0 0 0 0 0 0 0 0 0 0 0 0 0 0 0 0 0 0 0 0 0 0 0 0 0 0 0 0 0 0 0 0 0 0 0 0 0 0 0 0 0 0 0 0 0 0 0 0 0 0 0 0 0 0 0 0 0 0 0 0 0 0 0 0 0 0 0 0 0 0 0 0 0 0 0 0 0 0 0 0 0 0 0 0 0 0 0 0 0 0 0 0 0 0 0 0 0 0 0 0 0 0 0 0 0 0 0 0 0 0 0 0 0 0 0 0 0 0 0 0 0 0 0 0 0 0 0 0 0 0 0 0 0 0 0 0 0 0 0 0 0 0 0 0 0 0 0 0 0 0 0 0 0 0 0 0 0 0 0 0 0 0 0 0 0 0 0 0 0 0 0 0 0 0 0 0 0 0 0 0 0 0 0 0 0 0 0 0 0 0 0 0 0 0 0 0 0 0 0 0 0 0 0 0 0 0 0 0 0 0 0 0 0 0 0 0 0 0 0 0 0 0 0 0 0 0 0 0 0 0 0 0 0 0 0 0 0 0 0 0 0 0 0 0 0 0 0 0 0 0 0 0 0 0 0 0 0 0 0 0 0 0 0 0 0 0 0 0 0 0 0 0 0 0 0 0 0 0 0 0 0 0 0 0 0 0 0 0 0 0 0 0 0 0 0 0 0 0 0 0 0 0 0 0 0 0 0 0 0 0 0 0 0 0 0 0 0 0 0 0 0 0 0 0 0 0 0 0 0 0 0 0 0 0 0 0 0 0 0 0 0 0 0 0 0 0 0 0 0 0 0 0 0 0 0 0 0 0 0 0 0 0 0 0 0 0 0 0 0 0 0 0 0 0 0 0 0 0 0 0 0 0 0 0 0 0 0 0 0 0 0 0 0 0 0 0 0 0 0 0 0 0 0 0 0 0 0 0 0 0 0 0 0 0 0 0 0 0 0 0 0 0 0 0 0 0 0 0 0 0 0 0 0 0 0 0 0 0 0 0 0 0 0 0 0 0 0 0 0 0 0 0 0 0 0 0 0 0 0 0 0 0 0 0 0 0 0 0 0 0 0 0 0 0 0 0 0 0 0 0 0 0 0 0 0 0 0 0 0 0 0 0 0 0 0 0 0 0 0 0 0 0 0 0 0 0 0 0 0 0 0 0 0 0 0 0 0 0 0 0 0 0 0 0 0 0 0 0 0 0 0 0 0 0 0 0 0 0 0 0 0 0 0 0 0 0 0 0 0 0 0 0 0 0 0 0 0 0 0 0 0 0 0 0 0 0 0 0 0 0 0 0 0 0 0 0 0 0 0 0 0 0 0 0 0 0 0 0 0 0 0 0 0 0 0 0 0 0 0 0 0 0 0 0 0 0 0 0 0 0 0 0 0 0 0 0 0 0 0 0 0 0 0 0 0 0 0 0 0 0 0 0 0 0 0 0 0 0 0 0 0 0 0 0 0 0 0 0 0 0 0 0 0 0 0 0 0 0 0 0 0 0 0 0 0 0 0 0 0 0 0 0 0 0 0 0 0 0 0 0 0 0 0 0 0 0 0 0 0 0 0 0 0 0 0 0 0 0 0 0 0 0 0 0 0 0 0 0 0 0 0 0 0 0 0 0 0 0 0 0 0 0 0 0 0 0 0 0 0 0 0 0 0 0 0 0 0 0 0 0 0 0 0 0 0 0 0 0 0 0 0 0 0 0 0 0 0 0 0 0 0 0 0 0 0 0 0 0 0 0 0 0 0 0 0 0 0 0 0 0 0 0 0 0 0 0 0 0 0 0 0 0 0 0 0 0 0 0 0 0 0 0 0 0 0 0 0 0 0 0 0 0 0 0 0 0 0 0 0 0 0 0 0 0 0 0 0 0 0 0 0 0 0 0 0 0 0 0 0 0 0 0 0 0 0 0 0 0 0 0 0 0 0 0 0 0 0 0 0 0 0 0 0 0 0 0 0 0 0
ctxt 3592018
btime 1613122782
processes 78239
procs_running 1
procs_blocked 0
softirq 40684514 1 23693321 1107 686698 0 0 170 1390383 0 14912834
