cpu  1459029 4 3724 5909228 415 0 215 0 0 0
cpu0 40480 1 145 163965 0 0 82 0 0 0
cpu1 40554 0 169 164041 1 0 2 0 0 0
cpu2 40936 0 266 163491 79 0 2 0 0 0
cpu3 40462 0 123 164199 1 0 11 0 0 0
cpu4 40417 0 122 164263 0 0 3 0 0 0
cpu5 40466 0 56 164286 0 0 0 0 0 0
cpu6 40596 0 92 164041 72 0 0 0 0 0
cpu7 40443 0 148 164183 3 0 14 0 0 0
cpu8 40532 0 102 164157 6 0 1 0 0 0
cpu9 40511 0 117 164175 1 0 0 0 0 0
cpu10 40534 0 106 164157 5 0 1 0 0 0
cpu11 40510 0 126 164158 2 0 0 0 0 0
cpu12 40400 0 245 164110 4 0 32 0 0 0
cpu13 40512 0 92 164181 1 0 3 0 0 0
cpu14 40524 0 92 164185 8 0 1 0 0 0
cpu15 40534 0 73 164190 2 0 0 0 0 0
cpu16 40479 0 60 164257 0 0 0 0 0 0
cpu17 40486 0 48 164243 22 0 0 0 0 0
cpu18 40496 0 52 164234 13 0 0 0 0 0
cpu19 40712 0 60 164020 9 0 0 0 0 0
cpu20 40521 0 124 164102 45 0 0 0 0 0
cpu21 40499 0 59 164228 10 0 0 0 0 0
cpu22 40538 0 107 164099 50 0 1 0 0 0
cpu23 40492 0 53 164246 4 0 0 0 0 0
cpu24 40610 0 54 164135 1 0 0 0 0 0
cpu25 40538 0 72 164181 1 0 1 0 0 0
cpu26 40568 0 144 164072 13 0 1 0 0 0
cpu27 40491 0 89 164212 4 0 0 0 0 0
cpu28 40487 0 106 164198 4 0 2 0 0 0
cpu29 40485 0 141 164119 2 0 44 0 0 0
cpu30 40539 0 113 164141 3 0 0 0 0 0
cpu31 40587 0 102 164097 14 0 0 0 0 0
cpu32 40536 0 70 164196 1 0 0 0 0 0
cpu33 40499 0 64 164225 2 0 0 0 0 0
cpu34 40524 0 62 164199 8 0 1 0 0 0
cpu35 40514 0 55 164226 7 0 1 0 0 0
intr 4363932 56 0 0 0 611 0 0 0 1 0 250 0 0 0 0 0 0 0 0 0 0 0 0 0 0 0 0 0 0 0 0 93 157 59 9804 100 3009 14 3143 281 252 149 239 101 336 161 253 339 139 500 2487 464 3404 859 1772 304 0 0 0 0 68 87 335 207 325 502 158 490 79 102 382 604 0 0 16 9468 805 0 3631 1 250 14 667 219 13 450 142 229 1 3 4880 6322 7 93 39 1 14 21 50 10 126 5 36 486 1267 184 246 13006 37 73 15 33 3748 1655 0 16 7509 1 0 0 0 0 0 0 0 0 0 0 0 0 0 0 0 0 0 0 0 0 0 0 0 0 0 0 0 0 0 0 0 0 0 0 0 0 0 25 0 0 0 0 0 0 0 0 0 0 0 0 0 0 0 0 0 0 0 0 0 0 0 0 0 0 0 0 0 0 0 0 0 0 0 0 0 0 0 0 0 0 0 0 0 0 0 0 0 0 0 0 0 0 0 0 0 0 0 0 0 0 0 0 0 0 0 0 0 0 0 0 0 0 0 0 0 0 0 0 0 0 0 0 0 0 0 0 0 0 0 0 0 0 0 0 0 0 0 0 0 0 0 0 0 0 0 0 0 0 0 0 0 0 0 0 0 0 0 0 0 0 0 0 0 0 0 0 0 0 0 0 0 0 0 0 0 0 0 0 0 0 0 0 0 0 0 0 0 0 0 0 0 0 0 0 0 0 0 0 0 0 0 0 0 0 0 0 0 0 0 0 0 0 0 0 0 0 0 0 0 0 0 0 0 0 0 0 0 0 0 0 0 0 0 0 0 0 0 0 0 0 0 0 0 0 0 0 0 0 0 0 0 0 0 0 0 0 0 0 0 0 0 0 0 0 0 0 0 0 0 0 0 0 0 0 0 0 0 0 0 0 0 0 0 0 0 0 0 0 0 0 0 0 0 0 0 0 0 0 0 0 0 0 0 0 0 0 0 0 0 0 0 0 0 0 0 0 0 0 0 0 0 0 0 0 0 0 0 0 0 0 0 0 0 0 0 0 0 0 0 0 0 0 0 0 0 0 0 0 0 0 0 0 0 0 0 0 0 0 0 0 0 0 0 0 0 0 0 0 0 0 0 0 0 0 0 0 0 0 0 0 0 0 0 0 0 0 0 0 0 0 0 0 0 0 0 0 0 0 0 0 0 0 0 0 0 0 0 0 0 0 0 0 0 0 0 0 0 0 0 0 0 0 0 0 0 0 0 0 0 0 0 0 0 0 0 0 0 0 0 0 0 0 0 0 0 0 0 0 0 0 0 0 0 0 0 0 0 0 0 0 0 0 0 0 0 0 0 0 0 0 0 0 0 0 0 0 0 0 0 0 0 0 0 0 0 0 0 0 0 0 0 0 0 0 0 0 0 0 0 0 0 0 0 0 0 0 0 0 0 0 0 0 0 0 0 0 0 0 0 0 0 0 0 0 0 0 0 0 0 0 0 0 0 0 0 0 0 0 0 0 0 0 0 0 0 0 0 0 0 0 0 0 0 0 0 0 0 0 0 0 0 0 0 0 0 0 0 0 0 0 0 0 0 0 0 0 0 0 0 0 0 0 0 0 0 0 0 0 0 0 0 0 0 0 0 0 0 0 0 0 0 0 0 0 0 0 0 0 0 0 0 0 0 0 0 0 0 0 0 0 0 0 0 0 0 0 0 0 0 0 0 0 0 0 0 0 0 0 0 0 0 0 0 0 0 0 0 0 0 0 0 0 0 0 0 0 0 0 0 0 0 0 0 0 0 0 0 0 0 0 0 0 0 0 0 0 0 0 0 0 0 0 0 0 0 0 0 0 0 0 0 0 0 0 0 0 0 0 0 0 0 0 0 0 0 0 0 0 0 0 0 0 0 0 0 0 0 0 0 0 0 0 0 0 0 0 0 0 0 0 0 0 0 0 0 0 0 0 0 0 0 0 0 0 0 0 0 0 0 0 0 0 0 0 0 0 0 0 0 0 0 0 0 0 0 0 0 0 0 0 0 0 0 0 0 0 0 0 0 0 0 0 0 0 0 0 0 0 0 0 0 0 0 0 0 0 0 0 0 0 0 0 0 0 0 0 0 0 0 0 0 0 0 0 0 0 0 0 0 0 0 0 0 0 0 0 0 0 0 0 0 0 0 0 0 0 0 0 0 0 0 0 0 0 0 0 0 0 0 0 0 0 0 0 0 0 0 0 0 0 0 0 0 0 0 0 0 0 0 0 0 0 0 0 0 0 0 0 0 0 0 0 0 0 0 0 0 0 0 0 0 0 0 0 0 0 0 0 0 0 0 0 0 0 0 0 0 0 0 0 0 0 0 0 0 0 0 0 0 0 0 0 0 0 0 0 0 0 0 0 0 0 0 0 0 0 0 0 0 0 0 0 0 0 0 0 0 0 0 0 0 0 0 0 0 0 0 0 0 0 0 0 0 0 0 0 0 0 0 0 0 0 0 0 0 0 0 0 0 0 0 0 0 0 0 0 0 0 0 0 0 0 0 0 0 0 0 0 0 0 0 0 0 0 0 0 0 0 0 0 0 0 0 0 0 0 0 0 0 0 0 0 0 0 0 0 0 0 0 0 0 0 0 0 0 0 0 0 0 0 0 0 0 0 0 0 0 0 0 0 0 0 0 0 0 0 0 0 0 0 0 0 0 0 0 0 0 0 0 0 0 0 0 0 0 0 0 0 0 0 0 0 0 0 0 0 0 0 0 0 0 0 0 0 0 0 0 0 0 0 0 0 0 0 0 0 0 0 0 0 0 0 0 0 0 0 0 0 0 0 0 0 0 0 0 0 0 0 0 0 0 0 0 0 0 0 0 0
ctxt 1565971
btime 1613124388
processes 35807
procs_running 1
procs_blocked 0
softirq 5500707 1 3053130 215 247943 0 0 35941 246129 0 1917348
