cpu  24283650 4 31714 7063909 425 0 3712 0 0 0
cpu0 674288 0 1037 196033 1 0 566 0 0 0
cpu1 674430 0 736 196554 1 0 139 0 0 0
cpu2 674463 0 749 196484 0 0 90 0 0 0
cpu3 674731 0 653 196327 4 0 36 0 0 0
cpu4 673546 0 1561 196346 2 0 296 0 0 0
cpu5 674292 0 938 196442 14 0 66 0 0 0
cpu6 674498 0 752 196466 2 0 30 0 0 0
cpu7 674456 0 871 196371 4 0 62 0 0 0
cpu8 674998 0 903 195822 1 0 30 0 0 0
cpu9 674454 0 1031 196235 1 0 39 0 0 0
cpu10 674186 0 1329 196040 4 0 190 0 0 0
cpu11 674160 0 1062 196484 2 0 59 0 0 0
cpu12 674652 0 1134 195912 4 0 50 0 0 0
cpu13 674516 0 1006 196136 49 0 47 0 0 0
cpu14 673721 0 1394 196551 4 0 81 0 0 0
cpu15 673975 0 1234 196468 5 0 81 0 0 0
cpu16 673975 0 1148 196517 1 0 111 0 0 0
cpu17 674413 0 813 196449 5 0 67 0 0 0
cpu18 674781 0 451 196478 5 0 38 0 0 0
cpu19 674561 0 650 196501 1 0 41 0 0 0
cpu20 674860 0 407 196451 3 0 30 0 0 0
cpu21 674804 0 431 196505 9 0 6 0 0 0
cpu22 674541 0 595 196552 12 0 60 0 0 0
cpu23 674777 0 411 196550 2 0 8 0 0 0
cpu24 672830 0 1626 196234 15 0 1028 0 0 0
cpu25 674649 0 544 196539 3 0 23 0 0 0
cpu26 674718 0 539 196471 8 0 11 0 0 0
cpu27 674874 0 831 196000 0 0 54 0 0 0
cpu28 675764 0 1022 194765 81 0 92 0 0 0
cpu29 675290 0 828 195584 33 0 23 0 0 0
cpu30 675559 0 763 195333 54 0 13 0 0 0
cpu31 674640 3 1066 195952 40 0 54 0 0 0
cpu32 675275 0 1020 195391 6 0 60 0 0 0
cpu33 674418 0 1011 196216 12 0 80 0 0 0
cpu34 674770 0 645 196282 15 0 22 0 0 0
cpu35 674768 0 509 196450 1 0 16 0 0 0
intr 67088181 56 0 0 0 610 0 0 0 1 0 275 0 0 0 0 0 0 0 0 0 0 0 0 0 0 0 0 0 0 0 0 0 94 733 325 125 301 860 710 131 479 84 260 326 323 274 1495 453 401 316 398 283 229 193 1418 3734 0 0 0 0 204 1758 572 453 114 10335 3723 4011 1769 547 724 306 170 0 16 11546 1 0 26913 2768 4303 1471 1450 3753 565 4666 1487 3998 1876 6729 4245 1760 4370 2280 3933 1368 3782 4384 6107 1886 3672 1203 205424 5559 1401 3358 921 5317 1125 1500 5298 2650 1323 2399 0 16 7901 1 0 0 0 0 0 0 0 0 0 0 0 0 0 0 0 0 0 0 0 0 0 0 0 0 0 0 0 0 0 0 0 0 0 0 0 0 0 24 0 0 0 0 0 0 0 0 0 0 0 0 0 0 0 0 0 0 0 0 0 0 0 0 0 0 0 0 0 0 0 0 0 0 0 0 0 0 0 0 0 0 0 0 0 0 0 0 0 0 0 0 0 0 0 0 0 0 0 0 0 0 0 0 0 0 0 0 0 0 0 0 0 0 0 0 0 0 0 0 0 0 0 0 0 0 0 0 0 0 0 0 0 0 0 0 0 0 0 0 0 0 0 0 0 0 0 0 0 0 0 0 0 0 0 0 0 0 0 0 0 0 0 0 0 0 0 0 0 0 0 0 0 0 0 0 0 0 0 0 0 0 0 0 0 0 0 0 0 0 0 0 0 0 0 0 0 0 0 0 0 0 0 0 0 0 0 0 0 0 0 0 0 0 0 0 0 0 0 0 0 0 0 0 0 0 0 0 0 0 0 0 0 0 0 0 0 0 0 0 0 0 0 0 0 0 0 0 0 0 0 0 0 0 0 0 0 0 0 0 0 0 0 0 0 0 0 0 0 0 0 0 0 0 0 0 0 0 0 0 0 0 0 0 0 0 0 0 0 0 0 0 0 0 0 0 0 0 0 0 0 0 0 0 0 0 0 0 0 0 0 0 0 0 0 0 0 0 0 0 0 0 0 0 0 0 0 0 0 0 0 0 0 0 0 0 0 0 0 0 0 0 0 0 0 0 0 0 0 0 0 0 0 0 0 0 0 0 0 0 0 0 0 0 0 0 0 0 0 0 0 0 0 0 0 0 0 0 0 0 0 0 0 0 0 0 0 0 0 0 0 0 0 0 0 0 0 0 0 0 0 0 0 0 0 0 0 0 0 0 0 0 0 0 0 0 0 0 0 0 0 0 0 0 0 0 0 0 0 0 0 0 0 0 0 0 0 0 0 0 0 0 0 0 0 0 0 0 0 0 0 0 0 0 0 0 0 0 0 0 0 0 0 0 0 0 0 0 0 0 0 0 0 0 0 0 0 0 0 0 0 0 0 0 0 0 0 0 0 0 0 0 0 0 0 0 0 0 0 0 0 0 0 0 0 0 0 0 0 0 0 0 0 0 0 0 0 0 0 0 0 0 0 0 0 0 0 0 0 0 0 0 0 0 0 0 0 0 0 0 0 0 0 0 0 0 0 0 0 0 0 0 0 0 0 0 0 0 0 0 0 0 0 0 0 0 0 0 0 0 0 0 0 0 0 0 0 0 0 0 0 0 0 0 0 0 0 0 0 0 0 0 0 0 0 0 0 0 0 0 0 0 0 0 0 0 0 0 0 0 0 0 0 0 0 0 0 0 0 0 0 0 0 0 0 0 0 0 0 0 0 0 0 0 0 0 0 0 0 0 0 0 0 0 0 0 0 0 0 0 0 0 0 0 0 0 0 0 0 0 0 0 0 0 0 0 0 0 0 0 0 0 0 0 0 0 0 0 0 0 0 0 0 0 0 0 0 0 0 0 0 0 0 0 0 0 0 0 0 0 0 0 0 0 0 0 0 0 0 0 0 0 0 0 0 0 0 0 0 0 0 0 0 0 0 0 0 0 0 0 0 0 0 0 0 0 0 0 0 0 0 0 0 0 0 0 0 0 0 0 0 0 0 0 0 0 0 0 0 0 0 0 0 0 0 0 0 0 0 0 0 0 0 0 0 0 0 0 0 0 0 0 0 0 0 0 0 0 0 0 0 0 0 0 0 0 0 0 0 0 0 0 0 0 0 0 0 0 0 0 0 0 0 0 0 0 0 0 0 0 0 0 0 0 0 0 0 0 0 0 0 0 0 0 0 0 0 0 0 0 0 0 0 0 0 0 0 0 0 0 0 0 0 0 0 0 0 0 0 0 0 0 0 0 0 0 0 0 0 0 0 0 0 0 0 0 0 0 0 0 0 0 0 0 0 0 0 0 0 0 0 0 0 0 0 0 0 0 0 0 0 0 0 0 0 0 0 0 0 0 0 0 0 0 0 0 0 0 0 0 0 0 0 0 0 0 0 0 0 0 0 0 0 0 0 0 0 0 0 0 0 0 0 0 0 0 0 0 0 0 0 0 0 0 0 0 0 0 0 0 0 0 0 0 0 0 0 0 0 0 0 0 0 0 0 0 0 0 0 0 0 0 0 0 0 0 0 0 0 0 0 0 0 0 0 0 0 0 0 0 0 0 0 0 0 0 0 0 0 0 0 0 0 0 0 0 0 0 0 0 0 0 0 0 0 0 0 0 0 0 0 0 0 0 0 0 0 0 0 0 0 0 0 0 0 0 0 0 0 0 0 0 0 0 0 0 0 0 0 0 0 0 0 0 0 0 0 0 0 0 0 0 0 0 0 0 0 0 0 0 0 0 0 0 0 0 0 0 0 0 0 0 0 0 0 0 0 0 0 0 0 0 0 0 0 0 0 0 0 0 0 0 0 0 0 0 0 0 0 0 0 0 0 0 0 0 0 0 0 0 0 0 0 0 0 0 0 0 0 0
ctxt 17767372
btime 1613124388
processes 446542
procs_running 1
procs_blocked 0
softirq 87155765 1 50061192 732 3373167 0 0 333126 2291978 0 31095569
