cpu  16675296 6 18301 28214805 401 0 949 0 0 0
cpu0 130175 0 692 219660 0 0 176 0 0 0
cpu1 130172 0 182 220507 0 0 19 0 0 0
cpu2 130291 0 251 220319 0 0 1 0 0 0
cpu3 130176 0 178 220487 2 0 16 0 0 0
cpu4 130241 0 130 220514 0 0 2 0 0 0
cpu5 130224 0 138 220513 0 0 11 0 0 0
cpu6 130102 0 421 220352 2 0 6 0 0 0
cpu7 130158 0 209 220509 0 0 10 0 0 0
cpu8 130253 0 127 220504 0 0 4 0 0 0
cpu9 130232 0 132 220517 0 0 6 0 0 0
cpu10 130243 0 260 220362 2 0 8 0 0 0
cpu11 129970 0 148 220732 0 0 9 0 0 0
cpu12 130285 0 138 220447 0 0 0 0 0 0
cpu13 130276 0 88 220513 0 0 4 0 0 0
cpu14 130404 0 161 220312 0 0 1 0 0 0
cpu15 129654 0 697 220485 0 0 42 0 0 0
cpu16 130294 0 99 220492 0 0 0 0 0 0
cpu17 130231 0 124 220510 0 0 13 0 0 0
cpu18 130344 0 110 220416 1 0 2 0 0 0
cpu19 130149 0 148 220564 0 0 11 0 0 0
cpu20 130166 0 104 220593 0 0 2 0 0 0
cpu21 130266 0 91 220510 0 0 10 0 0 0
cpu22 130832 0 164 219880 0 0 2 0 0 0
cpu23 129990 0 193 220651 0 0 16 0 0 0
cpu24 130302 0 73 220506 0 0 1 0 0 0
cpu25 130026 0 247 220572 0 0 30 0 0 0
cpu26 130872 0 258 219646 4 0 30 0 0 0
cpu27 130245 0 114 220512 0 0 2 0 0 0
cpu28 130306 0 86 220480 0 0 0 0 0 0
cpu29 130148 0 189 220517 0 0 18 0 0 0
cpu30 130358 0 150 220359 2 0 0 0 0 0
cpu31 130296 0 74 220507 0 0 1 0 0 0
cpu32 130303 0 73 220484 0 0 0 0 0 0
cpu33 130130 0 205 220504 0 0 35 0 0 0
cpu34 130343 0 98 220352 69 0 3 0 0 0
cpu35 130068 0 254 220502 0 0 47 0 0 0
cpu36 130310 0 63 220504 0 0 0 0 0 0
cpu37 130258 0 102 220504 0 0 7 0 0 0
cpu38 130268 0 137 220464 0 0 1 0 0 0
cpu39 130246 0 120 220499 0 0 5 0 0 0
cpu40 130345 0 82 220447 0 0 0 0 0 0
cpu41 130225 0 85 220554 0 0 3 0 0 0
cpu42 130333 0 113 220410 3 0 2 0 0 0
cpu43 130259 0 76 220532 0 0 2 0 0 0
cpu44 130312 0 101 220458 0 0 0 0 0 0
cpu45 130026 0 245 220560 0 0 18 0 0 0
cpu46 130504 0 175 220184 0 0 2 0 0 0
cpu47 130157 0 220 220493 0 0 5 0 0 0
cpu48 130283 0 102 220485 1 0 1 0 0 0
cpu49 130226 0 130 220500 0 0 14 0 0 0
cpu50 130308 0 169 220389 0 0 0 0 0 0
cpu51 130260 0 91 220516 0 0 3 0 0 0
cpu52 130306 0 78 220464 16 0 0 0 0 0
cpu53 130263 0 102 220500 0 0 2 0 0 0
cpu54 130288 0 129 220420 4 0 2 0 0 0
cpu55 130215 0 138 220514 1 0 5 0 0 0
cpu56 130284 0 75 220501 0 0 2 0 0 0
cpu57 130161 0 167 220504 0 0 34 0 0 0
cpu58 130343 0 156 220354 1 0 0 0 0 0
cpu59 130152 0 100 220599 0 0 4 0 0 0
cpu60 130298 0 71 220496 0 0 0 0 0 0
cpu61 130182 0 142 220527 0 0 12 0 0 0
cpu62 130288 0 192 220363 4 0 0 0 0 0
cpu63 130277 0 89 220495 0 0 1 0 0 0
cpu64 130287 0 87 220488 1 0 0 0 0 0
cpu65 130156 0 114 220590 0 0 4 0 0 0
cpu66 130550 0 252 220019 1 0 1 0 0 0
cpu67 130282 0 86 220493 0 0 2 0 0 0
cpu68 130163 0 163 220526 0 0 0 0 0 0
cpu69 130106 0 150 220577 1 0 24 0 0 0
cpu70 130452 0 313 220011 81 0 1 0 0 0
cpu71 130283 0 100 220470 0 0 4 0 0 0
cpu72 130273 0 96 220485 1 0 1 0 0 0
cpu73 130164 0 144 220551 0 0 8 0 0 0
cpu74 130416 0 197 220182 46 0 2 0 0 0
cpu75 130182 0 131 220540 0 0 7 0 0 0
cpu76 130301 0 96 220436 8 0 0 0 0 0
cpu77 130276 0 64 220518 0 0 0 0 0 0
cpu78 130401 2 138 220295 16 0 3 0 0 0
cpu79 129764 0 570 220470 0 0 52 0 0 0
cpu80 130297 0 76 220479 0 0 0 0 0 0
cpu81 130293 0 73 220487 0 0 2 0 0 0
cpu82 130394 0 106 220343 4 0 0 0 0 0
cpu83 130246 0 79 220526 0 0 1 0 0 0
cpu84 130276 0 79 220492 0 0 0 0 0 0
cpu85 130234 0 118 220481 0 0 15 0 0 0
cpu86 130861 0 154 219830 0 0 2 0 0 0
cpu87 130099 0 158 220567 0 0 14 0 0 0
cpu88 130254 0 113 220487 0 0 0 0 0 0
cpu89 130242 0 115 220489 0 0 3 0 0 0
cpu90 130338 0 84 220410 10 0 0 0 0 0
cpu91 130138 0 163 220541 0 0 7 0 0 0
cpu92 130317 0 70 220467 0 0 0 0 0 0
cpu93 130246 0 117 220474 0 0 8 0 0 0
cpu94 130804 0 262 219773 1 0 4 0 0 0
cpu95 130296 0 86 220471 0 0 1 0 0 0
cpu96 130311 0 74 220467 0 0 0 0 0 0
cpu97 130245 0 110 220478 0 0 14 0 0 0
cpu98 131052 0 191 219528 59 0 5 0 0 0
cpu99 130254 0 83 220504 0 0 0 0 0 0
cpu100 130196 0 100 220546 1 0 2 0 0 0
cpu101 130284 0 86 220473 0 0 1 0 0 0
cpu102 130377 0 141 220330 1 0 0 0 0 0
cpu103 130293 0 78 220473 0 0 1 0 0 0
cpu104 130212 0 103 220520 0 0 4 0 0 0
cpu105 130255 0 111 220470 0 0 9 0 0 0
cpu106 130301 0 86 220450 2 0 0 0 0 0
cpu107 130286 0 82 220473 0 0 0 0 0 0
cpu108 130299 0 76 220467 0 0 0 0 0 0
cpu109 129882 0 254 220640 0 0 22 0 0 0
cpu110 130489 0 103 220246 1 0 0 0 0 0
cpu111 130130 0 185 220524 0 0 1 0 0 0
cpu112 130313 0 83 220434 10 0 0 0 0 0
cpu113 130283 0 86 220468 0 0 1 0 0 0
cpu114 130392 0 117 220322 4 0 0 0 0 0
cpu115 130250 0 77 220509 0 0 1 0 0 0
cpu116 130324 0 70 220445 0 0 0 0 0 0
cpu117 130290 0 78 220469 0 0 4 0 0 0
cpu118 130403 0 140 220285 1 0 3 0 0 0
cpu119 130273 0 95 220461 0 0 0 0 0 0
cpu120 130312 0 64 220462 0 0 0 0 0 0
cpu121 130269 0 100 220471 0 0 1 0 0 0
cpu122 130455 0 142 220217 2 0 0 0 0 0
cpu123 130288 0 86 220464 0 0 0 0 0 0
cpu124 130254 0 78 220502 0 0 1 0 0 0
cpu125 130280 0 110 220445 0 0 1 0 0 0
cpu126 130394 0 122 220314 1 0 0 0 0 0
cpu127 130303 0 131 220396 0 0 0 0 0 0
intr 48197235 129 0 0 0 678 0 0 0 1 0 254 0 0 0 0 0 0 0 0 0 0 0 0 0 0 0 0 0 0 0 0 0 0 0 0 260 0 5 1815 0 1251 0 799 3 4137 265 2125 0 1752 0 751 4 8503 0 424 0 2507 61 573 2 1994 2 4657 38377 903 0 1378 0 1291 11 1341 3 1553 4 1057 2 982 0 826 2 1170 3 5314 9 4660 0 413 2 984 156 1036 0 413 54 8889 2 839 3 1205 1 1083 20 473 59 731 0 672 0 1815 0 2154 15 2225 0 152 0 8344 0 258 0 1316 0 802 0 2515 0 1014 0 2934 0 835 6726 1254 0 719 5240 1378 16 890 3 410 52 676 0 1202 0 6369 5 1028 0 307 6 894 0 352 67 0 0 0 0 0 0 0 0 0 0 160 168 32 32 866 10 198 12 67 5 4 52 7 111 480 26 26 14 98 15 227 67 10 4 20 6 90 27 6 6 0 87 17 6 0 0 0 0 0 0 0 0 0 0 0 0 0 0 0 0 1 3 2 0 23 26 1 39 17 1 11 24 24 28 6 701 4212 1559 636 661 85 10011 3355 1305 16 1633 28 37 367 87 132 2293 82 200 32 332 68 178 107 268 63 116 173 24 59 216 14 3 9 39 3 5 31 8 13 12 11 14 3 2 90 11 10 0 0 0 0 0 0 0 0 0 0 0 0 0 0 0 0 0 0 0 0 0 0 0 0 0 0 0 0 0 0 0 0 0 0 0 0 0 0 0 0 0 0 0 0 0 0 0 0 0 0 0 0 0 0 0 0 0 0 0 0 0 0 0 0 0 0 0 0 0 0 0 0 0 0 0 0 0 0 0 0 0 0 0 0 0 0 0 0 0 0 0 0 0 0 0 0 0 0 0 0 0 0 0 0 0 0 0 0 0 0 0 0 0 0 0 0 0 0 0 0 0 0 0 0 0 0 0 0 0 0 0 0 0 0 0 0 0 0 0 0 0 0 0 0 0 0 0 0 0 0 0 0 0 0 0 0 0 0 0 0 0 0 0 0 0 0 0 0 0 0 0 0 0 0 0 0 0 0 0 0 0 0 0 0 0 0 0 0 0 0 0 0 0 0 0 0 0 0 0 0 0 0 0 0 0 0 0 0 0 0 0 0 0 0 0 0 0 0 0 0 0 0 0 0 0 0 0 0 0 0 0 0 0 0 0 0 0 0 0 0 0 0 0 0 0 0 0 0 0 0 0 0 0 0 0 0 0 0 0 0 0 0 0 0 0 0 0 0 0 0 0 0 0 0 0 0 0 0 0 0 0 0 0 0 0 0 0 0 0 0 0 0 0 0 0 0 0 0 0 0 0 0 0 0 0 0 0 0 0 0 0 0 0 0 0 0 0 0 0 0 0 0 0 0 0 0 0 0 0 0 0 0 0 0 0 0 0 0 0 0 0 0 0 0 0 0 0 0 0 0 0 0 0 0 0 0 0 0 0 0 0 0 0 0 0 0 0 0 0 0 0 0 0 0 0 0 0 0 0 0 0 0 0 0 0 0 0 0 0 0 0 0 0 0 0 0 0 0 0 0 0 0 0 0 0 0 0 0 0 0 0 0 0 0 0 0 0 0 0 0 0 0 0 0 0 0 0 0 0 0 0 0 0 0 0 0 0 0 0 0 0 0 0 0 3 0 0 0 0 0 0 0 0 0 0 0 0 0 0 0 49 0 0 0 0 0 0 0 0 0 0 0 0 49 0 0 0 0 0 0 0 0 0 0 0 0 0 0 0 0 0 0 0 0 0 0 0 0 0 0 0 0 0 0 0 0 0 0 0 0 0 0 0 0 0 0 0 16 0 0 0 0 0 0 0 0 0 0 0 0 0 0 0 0 0 0 0 0 0 0 0 0 0 0 0 0 0 0 0 0 0 0 0 0 0 0 0 0 0 0 0 0 0 0 0 0 0 0 0 0 0 0 0 0 0 0 0 0 0 0 0 0 0 0 0 0 0 0 0 0 0 0 0 0 0 0 0 0 0 0 0 0 0 0 0 0 0 0 0 0 0 0 0 0 0 0 0 0 0 0 0 0 0 0 0 0 0 0 0 0 0 0 0 0 0 0 0 0 0 0 0 0 0 0 0 0 0 0 0 0 0 0 0 0 0 0 0 0 0 0 0 0 0 0 0 0 0 0 0 0 0 0 0 0 0 0 0 0 0 0 0 0 0 0 0 0 0 0 0 0 0 0 0 0 0 0 0 0 0 0 0 0 0 0 0 0 0 0 0 0 0 0 0 0 0 0 0 0 0 0 0 0 0 0 0 0 0 0 0 0 0 0 0 0 0 0 0 0 0 0 0 0 0 0 0 0 0 0 0 0 0 0 0 0 0 0 0 0 0 0 0 0 0 0 0 0 0 0 0 0 0 0 0 0 0 0 0 0 0 0 0 0 0 0 0 0 0 0 0 0 0 0 0 0 0 0 0 0 0 0 0 0 0 0 0 0 0 0 0 0 0 0 0 0 0 0 0 0 0 0 0 0 0 0 0 0 0 0 0 0 0 0 0 0 0 0 0 0 0 0 0 0 0 0 0 0 0 0 0 0 0 0 0 0 0 0 0 0 0 0 0 0 0 0 0 0 0 0 0 0 0 0 0 0 0 0 0 0 0 0 0 0 0 0 0 0 0 0 0 0 0 0 0 0 0 0 0 0 0 0 0 0 0 0 0 0 0 0 0 0 0 0 0 0 0 0 0 0 0 0 0 0 0 0 0 0 0 0 0 0 0 0 0 0 0 0 0 0 0 0 0 0 0 0 0 0 0 0 0 0 0 0 0 0 0 0 0 0 0 0 0 0 0 0 0 0 0 0 0 0 0 0 0 0 0 0 0 0 0 0 0 0 0 0 0 0 0 0 0 0 0 0 0 0 0 0 0 0 0 0 0 0 0 0 0 0 0 0 0 0 0 0 0 0 0 0 0 0 0 0 0 0 0 0 0 0 0 0 0 0 0 0 0 0 0 0 0 0 0 0 0 0 0 0 0 0 0 0 0 0 0 0 0 0 0 0 0 0 0 0 0 0 0 0 0 0 0 0 0 0 0 0 0 0 0 0 0 0 0 0 0 0 0 0 0 0 0 0 0 0 0 0 0 0 0 0 0 0 0 0 0 0 0 0 0 0 0 0 0 0 0 0 0 0 0 0 0 0 0 0 0 0 0 0 0 0 0 0 0 0 0 0 0 0 0 0 0 0 0 0 0 0 0 0 0 0 0 0 0 0 0 0 0 0 0 0 0 0 0 0 0 0 0 0 0 0 0 0 0 0 0 0 0 0 0 0 0 0 0 0 0 0 0 0 0 0 0 0 0 0 0 0 0 0 0 0 0 0 0 0 0 0 0 0 0 0 0 0 0 0 0 0 0 0 0 0 0 0 0 0 0 0 0 0 0 0 0 0 0 0 0 0 0 0 0 0 0 0 0 0 0 0 0 0 0 0 0 0 0 0 0 0 0 0 0 0 0 0 0 0 0 0 0 0 0 0 0 0 0 0 0 0 0 0 0 0 0 0 0 0 0 0 0 0 0 0 0 0 0 0 0 0 0 0 0 0 0 0 0 0 0 0 0 0 0 0 0 0 0 0 0 0 0 0 0 0 0 0 0 0 0 0 0 0 0 0 0 0 0 0 0 0 0 0 0 0 0 0 0 0 0 0 0 0 0 0 0 0 0 0 0 0 0 0 0 0 0 0 0 0 0 0 0 0 0 0 0 0 0 0 0 0 0 0 0 0 0 0 0 0 0 0 0 0 0 0 0 0 0 0 0 0 0 0 0 0 0 0 0 0 0 0 0 0 0 0 0 0 0 0 0 0 0 0 0 0 0 0 0 0 0 0 0 0 0 0 0 0 0 0 0 0 0 0 0 0 0 0 0 0 0 0 0 0 0 0 0 0 0 0 0 0 0 0 0 0 0 0 0 0 0 0 0 0 0 0 0 0 0 0 0 0 0 0 0 0 0 0 0 0 0 0 0 0 0 0 0 0 0 0 0 0 0 0 0 0 0 0 0 0 0 0 0 0 0 0 0 0 0 0 0 0 0 0 0 0 0 0 0 0 0 0 0 0 0 0 0 0 0 0 0 0 0 0 0 0 0 0 0 0 0 0 0 0 0 0 0 0 0 0 0 0 0 0 0 0 0 0 0 0 0 0 0 0 0 0 0 0 0 0 0 0 0 0 0 0 0 0 0 0 0 0 0 0 0 0 0 0 0 0 0 0 0 0 0 0 0 0 0 0 0 0 0 0 0 0 0 0 0 0 0 0 0 0 0 0 0 0 0 0 0 0 0 0 0 0 0 0 0 0 0 0 0 0 0 0 0 0 0 0 0 0 0 0 0 0 0 0 0 0 0 0 0 0 0 0 0 0 0 0 0 0 0 0 0 0 0 0 0 0 0 0 0 0 0 0 0 0 0 0 0 0 0 0 0 0 0 0 0 0 0 0 0 0 0 0 0 0 0 0 0 0 0 0 0 0 0 0 0 0 0 0 0 0 0 0 0 0 0 0 0 0 0 0 0 0 0 0 0 0 0 0 0 0 0 0 0 0 0 0 0 0 0 0 0 0 0 0 0 0 0 0 0 0 0 0 0 0 0 0 0 0 0 0 0 0 0 0 0 0 0 0 0 0 0 0 0 0 0 0 0 0 0 0 0 0 0 0 0 0 0 0 0 0 0 0 0 0 0 0 0 0 0 0 0 0 0 0 0 0 0 0 0 0 0 0 0 0 0 0 0 0 0 0 0 0 0 0 0 0 0 0 0 0 0 0 0 0 0 0 0 0 0 0 0 0 0 0 0 0 0 0 0 0 0 0 0 0 0 0 0 0 0 0 0 0 0 0 0 0 0 0 0 0 0 0 0 0 0 0 0 0 0 0 0 0 0 0 0 0 0 0 0 0 0 0 0 0 0 0 0 0 0 0 0 0 0 0 0 0 0 0 0 0 0 0 0 0 0 0 0 0 0 0 0 0 0 0 0 0 0 0 0 0 0 0 0 0 0 0 0 0 0 0 0 0 0 0 0 0 0 0 0 0 0 0 0 0 0 0 0 0 0 0 0 0 0 0 0 0 0 0 0 0 0 0 0 0 0 0 0 0 0 0 0 0 0 0 0 0 0 0 0 0 0 0 0 0 0 0 0 0 0 0 0 0 0 0 0 0 0 0 0 0 0 0 0 0 0 0 0 0 0 0 0 0 0 0 0 0 0 0 0 0 0 0 0 0 0 0 0 0 0 0 0 0 0 0 0 0 0 0 0 0 0 0 0 0 0 0 0 0 0 0 0 0 0 0 0 0 0 0 0 0 0 0 0 0 0 0 0 0 0 0 0 0 0 0 0 0 0 0 0 0 0 0 0 0 0 0 0 0 0 0 0 0 0 0 0 0 0 0 0 0 0 0 0 0 0 0 0 0 0 0 0 0 0 0 0 0 0 0 0 0 0 0 0 0 0 0 0 0 0 0 0 0 0 0 0 0 0 0 0 0 0 0 0 0 0 0 0 0 0 0 0 0 0 0 0 0 0 0 0 0 0 0 0 0 0 0 0 0 0 0 0 0 0 0 0 0 0 0 0 0 0 0 0 0 0 0 0 0 0 0 0 0 0 0 0 0 0 0 0 0 0 0 0 0 0 0 0 0 0 0 0 0 0 0 0 0 0 0 0 0 0 0 0 0 0 0 0 0 0 0 0 0 0 0 0 0 0 0 0 0 0 0 0 0 0 0 0 0 0 0 0 0 0 0 0 0 0 0 0 0 0 0 0 0 0 0 0 0 0 0 0 0 0 0 0 0 0 0 0 0 0 0 0 0 0 0 0 0 0 0 0 0 0 0 0 0 0 0 0 0 0 0 0 0 0 0 0 0 0 0 0 0 0 0 0 0 0 0 0 0 0 0 0 0 0 0 0 0 0 0 0 0 0 0 0 0 0 0 0 0 0 0 0 0 0 0 0 0 0 0 0 0 0 0 0 0 0 0 0 0 0 0 0 0 0 0 0 0 0 0 0 0 0 0 0 0 0 0 0 0 0 0 0 0 0 0 0 0 0 0 0 0 0 0 0 0 0 0 0 0 0 0 0 0 0 0 0 0 0 0 0 0 0 0 0 0 0 0 0 0 0 0 0 0 0 0 0 0 0 0 0 0 0 0 0 0 0 0 0 0 0 0 0 0 0 0 0 0 0 0 0 0 0 0 0 0 0 0 0 0 0 0 0 0 0 0 0 0 0 0 0 0 0 0 0 0 0 0 0 0 0 0 0 0 0 0 0 0 0 0 0 0 0 0 0 0 0 0 0 0 0 0 0 0 0 0 0 0 0 0 0 0 0 0 0 0 0 0 0 0 0 0 0 0 0 0 0 0 0 0 0 0 0 0 0 0 0 0 0 0 0 0 0 0 0 0 0 0 0 0 0 0 0 0 0 0 0 0 0 0 0 0 0 0 0 0 0 0 0 0 0 0 0 0 0 0 0 0 0 0 0 0 0 0 0 0 0 0 0 0 0 0 0 0 0 0 0 0 0 0 0 0 0 0 0 0 0 0 0 0 0 0 0 0 0 0 0 0 0 0 0 0 0 0 0 0 0 0 0 0 0 0 0 0 0 0 0 0 0 0 0 0 0 0 0 0 0 0 0 0 0 0 0 0 0 0 0 0 0 0 0 0 0 0 0 0 0 0 0 0 0 0 0 0 0 0 0 0 0 0 0 0 0 0 0 0 0 0 0 0 0 0 0 0 0 0 0 0 0 0 0 0 0 0 0 0 0 0 0 0 0 0 0 0 0 0 0 0 0 0 0 0 0 0 0 0 0 0 0 0 0 0 0 0 0 0 0 0 0 0 0 0 0 0 0 0 0 0 0 0 0 0 0 0 0 0 0 0 0 0 0 0 0 0 0 0 0 0 0 0 0 0 0 0 0 0 0 0 0 0 0 0 0 0 0 0 0 0 0 0 0 0 0 0 0 0 0 0 0 0 0 0 0 0 0 0 0 0 0 0 0 0 0 0 0 0 0 0 0 0 0 0 0 0 0 0 0 0 0 0 0 0 0 0 0 0 0 0 0 0 0 0 0 0 0 0 0 0 0 0 0 0 0 0 0 0 0 0 0 0 0 0 0 0 0 0 0 0 0 0 0 0 0 0 0 0 0 0 0 0 0 0 0 0 0 0 0 0 0 0 0 0 0 0 0 0 0 0 0 0 0 0 0 0 0 0 0 0 0 0 0 0 0 0 0 0 0 0 0 0 0 0 0 0 0 0 0 0 0 0 0 0 0 0 0 0 0 0 0 0 0 0 0 0 0 0 0 0 0 0 0 0 0 0 0 0 0 0 0 0 0 0 0 0 0 0 0 0 0 0 0 0 0 0 0 0 0 0 0 0 0 0 0 0 0 0 0 0 0 0 0 0 0 0 0 0 0 0 0 0 0 0 0 0 0 0 0 0 0 0 0 0 0 0 0 0 0 0 0 0 0 0 0 0 0 0 0 0 0 0 0 0 0 0 0 0 0 0 0 0 0 0 0 0 0 0 0 0 0 0 0 0 0 0 0 0 0 0 0 0 0 0 0 0 0 0 0 0 0 0 0 0 0 0 0 0 0 0 0 0 0 0 0 0 0 0 0 0 0 0 0 0 0 0 0 0 0 0 0 0 0 0 0 0 0 0 0 0 0 0 0 0 0 0 0 0 0 0 0 0 0 0 0 0 0 0 0 0 0 0 0 0 0 0 0 0 0 0 0 0 0 0 0 0 0 0 0 0 0 0 0 0 0 0 0 0 0 0 0 0 0 0 0 0 0 0 0 0 0 0 0 0 0 0 0 0 0 0 0 0 0 0 0 0 0 0 0 0 0 0 0 0 0 0 0 0 0 0 0 0 0 0 0 0 0 0 0 0 0 0 0 0 0 0 0 0 0 0 0 0 0 0 0 0 0 0 0 0 0 0 0 0 0 0 0 0 0 0 0 0 0 0 0 0 0 0 0 0 0 0 0 0 0 0 0 0 0 0 0 0 0 0 0 0 0 0 0 0 0 0 0 0 0 0 0 0 0 0 0 0 0 0 0 0 0 0 0 0 0 0 0 0 0 0 0 0 0 0 0 0 0 0 0 0 0 0 0 0 0 0 0 0 0 0 0 0 0 0 0 0 0 0 0 0 0 0 0 0 0 0 0 0 0 0 0 0 0 0 0 0 0 0 0 0 0 0 0 0 0 0 0 0 0 0 0 0 0 0 0 0 0 0 0 0 0 0 0 0 0 0 0 0 0 0 0 0 0 0 0 0 0 0 0 0 0 0 0 0 0 0 0 0 0 0 0 0 0 0 0 0 0 0 0 0 0 0 0 0 0 0 0 0 0 0 0 0 0 0 0 0 0 0 0 0 0 0 0 0 0 0 0 0 0 0 0 0 0 0 0 0 0 0 0 0 0 0 0 0 0 0 0 0 0 0 0 0 0 0 0 0 0 0 0 0 0 0 0 0 0 0 0 0 0 0 0 0 0 0 0 0 0 0 0 0 0 0 0 0 0 0 0 0 0 0 0 0 0 0 0 0 0 0 0 0 0 0 0 0 0 0 0 0 0 0 0 0 0 0 0 0 0 0 0 0 0 0 0 0 0 0 0 0 0 0 0 0 0 0 0 0 0 0 0 0 0 0 0 0 0 0 0 0 0 0 0 0 0 0 0 0 0 0 0 0 0 0 0 0 0 0 0 0 0 0 0 0 0 0 0 0 0 0 0 0 0 0 0 0 0 0 0 0 0 0 0 0 0 0 0 0 0 0 0 0 0 0 0 0 0 0 0 0 0 0 0 0 0 0 0 0 0 0 0 0 0 0 0 0 0 0 0 0 0 0 0 0 0 0 0 0 0 0 0 0 0 0 0 0 0 0 0 0 0 0 0 0 0 0 0 0 0 0 0 0 0 0 0 0 0 0 0 0 0 0 0 0 0 0 0 0 0 0 0 0 0 0 0 0 0 0 0 0 0 0 0 0 0 0 0 0 0 0 0 0 0 0 0 0 0 0 0 0 0 0 0 0 0 0 0 0 0 0 0 0 0 0 0 0 0 0 0 0 0 0 0 0 0 0 0 0 0 0 0 0 0 0 0 0 0 0 0 0 0 0 0 0 0 0 0 0 0 0 0 0 0 0 0 0 0 0 0 0 0 0 0 0 0 0 0 0 0 0 0 0 0 0 0 0 0 0 0 0 0 0 0 0 0 0 0 0 0 0 0 0 0 0 0 0 0 0 0 0 0 0 0 0 0 0 0 0 0 0 0 0 0 0 0 0 0 0 0 0 0 0 0 0 0 0 0 0 0 0 0 0 0 0 0 0 0 0 0 0 0 0 0 0 0 0 0 0 0 0 0 0 0 0 0 0 0 0 0 0 0 0 0 0 0 0 0 0 0 0 0 0 0 0 0 0 0 0 0 0 0 0 0 0 0 0 0 0 0 0 0 0 0 0 0 0 0 0 0 0 0 0 0 0 0 0 0 0 0 0 0 0 0 0 0 0 0 0 0 0 0 0 0 0 0 0 0 0 0 0 0 0 0 0 0 0 0 0 0 0 0 0 0 0 0 0 0 0 0 0 0 0 0 0 0 0 0 0 0 0 0 0 0 0 0 0 0 0 0 0 0 0 0 0 0 0 0 0 0 0 0 0 0 0 0 0 0 0 0 0 0 0 0 0 0 0 0 0 0 0 0 0 0 0 0 0 0 0 0 0 0 0 0 0 0 0 0 0 0 0 0 0 0 0 0 0 0 0 0 0 0 0 0 0 0 0 0 0 0 0 0 0 0 0 0 0 0 0 0 0 0 0 0 0 0 0 0 0 0 0 0 0 0 0 0 0 0 0 0 0 0 0 0 0 0 0 0 0 0 0 0 0 0 0 0 0 0 0 0 0 0 0 0 0 0 0 0 0 0 0 0 0 0 0 0 0 0 0 0 0 0 0 0 0 0 0 0 0 0 0 0 0 0 0 0 0 0 0 0 0 0 0 0 0 0
ctxt 3961519
btime 1613064758
processes 84683
procs_running 1
procs_blocked 0
softirq 52008290 1 30355341 1613 743500 0 0 169 1745058 0 19162608
