cpu  22363922 4 45662 6898894 419 0 3414 0 0 0
cpu0 621820 1 1559 190507 0 0 396 0 0 0
cpu1 620893 0 1668 191572 1 0 80 0 0 0
cpu2 621682 0 1382 191026 79 0 48 0 0 0
cpu3 620329 0 1933 191912 1 0 65 0 0 0
cpu4 620817 0 1476 191912 1 0 29 0 0 0
cpu5 620870 0 1314 192015 0 0 44 0 0 0
cpu6 621550 0 1024 191544 72 0 38 0 0 0
cpu7 621578 0 892 191718 3 0 34 0 0 0
cpu8 621370 0 1151 191677 6 0 21 0 0 0
cpu9 621456 0 902 191822 1 0 52 0 0 0
cpu10 621203 0 1078 191875 5 0 78 0 0 0
cpu11 621010 0 1273 191860 3 0 82 0 0 0
cpu12 619562 0 2544 191781 4 0 329 0 0 0
cpu13 620783 0 1729 191638 1 0 64 0 0 0
cpu14 620330 0 2376 191457 8 0 60 0 0 0
cpu15 620445 0 1958 191793 2 0 29 0 0 0
cpu16 621788 0 2188 190180 0 0 74 0 0 0
cpu17 621281 0 994 191884 22 0 39 0 0 0
cpu18 621695 0 1080 191430 13 0 15 0 0 0
cpu19 620908 0 1515 191676 9 0 126 0 0 0
cpu20 621621 0 781 191765 45 0 11 0 0 0
cpu21 620580 0 1746 191880 10 0 10 0 0 0
cpu22 621541 0 800 191822 50 0 14 0 0 0
cpu23 621625 0 685 191880 4 0 37 0 0 0
cpu24 621948 0 434 191834 1 0 12 0 0 0
cpu25 621382 0 943 191892 1 0 7 0 0 0
cpu26 621679 0 700 191788 13 0 50 0 0 0
cpu27 621083 0 996 191924 4 0 218 0 0 0
cpu28 621733 0 620 191856 4 0 13 0 0 0
cpu29 618926 0 2290 191813 2 0 1188 0 0 0
cpu30 621656 0 910 191646 3 0 7 0 0 0
cpu31 621207 0 1264 191682 14 0 67 0 0 0
cpu32 621666 0 704 191854 1 0 12 0 0 0
cpu33 621645 0 1087 191481 2 0 9 0 0 0
cpu34 621407 0 922 191851 8 0 31 0 0 0
cpu35 622839 0 729 190627 7 0 12 0 0 0
intr 61703766 56 0 0 0 611 0 0 0 1 0 250 0 0 0 0 0 0 0 0 0 0 0 0 0 0 0 0 0 0 0 0 93 184 220 9804 102 3113 151 3148 509 325 158 578 281 1044 745 446 414 286 541 2544 551 3452 1141 1832 416 0 0 0 0 68 99 375 350 358 1099 406 1000 85 109 386 622 0 0 16 14357 3202 0 15504 1132 1325 728 1849 881 776 1124 1623 964 2724 2842 61540 15550 2206 1418 2006 551 960 1063 781 598 1917 559 737 801 2629 1555 2661 147804 457 1403 1074 649 4810 2088 0 16 7729 1 0 0 0 0 0 0 0 0 0 0 0 0 0 0 0 0 0 0 0 0 0 0 0 0 0 0 0 0 0 0 0 0 0 0 0 0 0 25 0 0 0 0 0 0 0 0 0 0 0 0 0 0 0 0 0 0 0 0 0 0 0 0 0 0 0 0 0 0 0 0 0 0 0 0 0 0 0 0 0 0 0 0 0 0 0 0 0 0 0 0 0 0 0 0 0 0 0 0 0 0 0 0 0 0 0 0 0 0 0 0 0 0 0 0 0 0 0 0 0 0 0 0 0 0 0 0 0 0 0 0 0 0 0 0 0 0 0 0 0 0 0 0 0 0 0 0 0 0 0 0 0 0 0 0 0 0 0 0 0 0 0 0 0 0 0 0 0 0 0 0 0 0 0 0 0 0 0 0 0 0 0 0 0 0 0 0 0 0 0 0 0 0 0 0 0 0 0 0 0 0 0 0 0 0 0 0 0 0 0 0 0 0 0 0 0 0 0 0 0 0 0 0 0 0 0 0 0 0 0 0 0 0 0 0 0 0 0 0 0 0 0 0 0 0 0 0 0 0 0 0 0 0 0 0 0 0 0 0 0 0 0 0 0 0 0 0 0 0 0 0 0 0 0 0 0 0 0 0 0 0 0 0 0 0 0 0 0 0 0 0 0 0 0 0 0 0 0 0 0 0 0 0 0 0 0 0 0 0 0 0 0 0 0 0 0 0 0 0 0 0 0 0 0 0 0 0 0 0 0 0 0 0 0 0 0 0 0 0 0 0 0 0 0 0 0 0 0 0 0 0 0 0 0 0 0 0 0 0 0 0 0 0 0 0 0 0 0 0 0 0 0 0 0 0 0 0 0 0 0 0 0 0 0 0 0 0 0 0 0 0 0 0 0 0 0 0 0 0 0 0 0 0 0 0 0 0 0 0 0 0 0 0 0 0 0 0 0 0 0 0 0 0 0 0 0 0 0 0 0 0 0 0 0 0 0 0 0 0 0 0 0 0 0 0 0 0 0 0 0 0 0 0 0 0 0 0 0 0 0 0 0 0 0 0 0 0 0 0 0 0 0 0 0 0 0 0 0 0 0 0 0 0 0 0 0 0 0 0 0 0 0 0 0 0 0 0 0 0 0 0 0 0 0 0 0 0 0 0 0 0 0 0 0 0 0 0 0 0 0 0 0 0 0 0 0 0 0 0 0 0 0 0 0 0 0 0 0 0 0 0 0 0 0 0 0 0 0 0 0 0 0 0 0 0 0 0 0 0 0 0 0 0 0 0 0 0 0 0 0 0 0 0 0 0 0 0 0 0 0 0 0 0 0 0 0 0 0 0 0 0 0 0 0 0 0 0 0 0 0 0 0 0 0 0 0 0 0 0 0 0 0 0 0 0 0 0 0 0 0 0 0 0 0 0 0 0 0 0 0 0 0 0 0 0 0 0 0 0 0 0 0 0 0 0 0 0 0 0 0 0 0 0 0 0 0 0 0 0 0 0 0 0 0 0 0 0 0 0 0 0 0 0 0 0 0 0 0 0 0 0 0 0 0 0 0 0 0 0 0 0 0 0 0 0 0 0 0 0 0 0 0 0 0 0 0 0 0 0 0 0 0 0 0 0 0 0 0 0 0 0 0 0 0 0 0 0 0 0 0 0 0 0 0 0 0 0 0 0 0 0 0 0 0 0 0 0 0 0 0 0 0 0 0 0 0 0 0 0 0 0 0 0 0 0 0 0 0 0 0 0 0 0 0 0 0 0 0 0 0 0 0 0 0 0 0 0 0 0 0 0 0 0 0 0 0 0 0 0 0 0 0 0 0 0 0 0 0 0 0 0 0 0 0 0 0 0 0 0 0 0 0 0 0 0 0 0 0 0 0 0 0 0 0 0 0 0 0 0 0 0 0 0 0 0 0 0 0 0 0 0 0 0 0 0 0 0 0 0 0 0 0 0 0 0 0 0 0 0 0 0 0 0 0 0 0 0 0 0 0 0 0 0 0 0 0 0 0 0 0 0 0 0 0 0 0 0 0 0 0 0 0 0 0 0 0 0 0 0 0 0 0 0 0 0 0 0 0 0 0 0 0 0 0 0 0 0 0 0 0 0 0 0 0 0 0 0 0 0 0 0 0 0 0 0 0 0 0 0 0 0 0 0 0 0 0 0 0 0 0 0 0 0 0 0 0 0 0 0 0 0 0 0 0 0 0 0 0 0 0 0 0 0 0 0 0 0 0 0 0 0 0 0 0 0 0 0 0 0 0 0 0 0 0 0 0 0 0 0 0 0 0 0 0 0 0 0 0 0 0 0 0 0 0 0 0 0 0 0 0 0 0 0 0 0 0 0 0 0 0 0 0 0 0 0 0 0 0 0 0 0 0 0 0 0 0 0 0 0 0 0 0 0 0 0 0 0 0 0 0 0 0 0 0 0 0 0 0 0 0 0 0 0 0 0 0 0 0 0 0 0 0 0 0 0 0 0 0 0 0 0 0 0 0 0 0 0 0 0 0 0 0 0 0 0 0 0 0 0 0 0 0 0 0 0 0 0 0 0 0 0 0 0 0 0 0 0 0 0
ctxt 15877706
btime 1613124388
processes 394911
procs_running 1
procs_blocked 0
softirq 80857025 1 47099851 701 2964750 0 0 284943 2114925 0 28391854
