cpu  7288172 5 16474 4991688 385 0 1773 0 0 0
cpu0 113569 0 675 77679 0 0 128 0 0 0
cpu1 113709 0 350 78076 12 0 20 0 0 0
cpu2 113626 0 445 78108 0 0 2 0 0 0
cpu3 114076 0 173 77917 2 0 10 0 0 0
cpu4 113310 0 678 78087 0 0 98 0 0 0
cpu5 114272 0 129 77750 21 0 4 0 0 0
cpu6 113966 0 214 77935 0 0 8 0 0 0
cpu7 113966 0 191 78007 8 0 4 0 0 0
cpu8 113741 0 293 78103 0 0 37 0 0 0
cpu9 114100 0 114 77900 65 0 2 0 0 0
cpu10 112776 0 1119 78037 0 0 240 0 0 0
cpu11 113850 0 248 78069 3 0 3 0 0 0
cpu12 113751 0 361 78044 0 0 11 0 0 0
cpu13 113926 0 164 78067 3 0 8 0 0 0
cpu14 113482 0 534 78087 3 0 72 0 0 0
cpu15 114198 0 98 77880 1 0 0 0 0 0
cpu16 113558 0 520 78086 5 0 2 0 0 0
cpu17 114066 0 106 77958 27 0 0 0 0 0
cpu18 113443 0 588 78105 0 0 42 0 0 0
cpu19 114040 0 160 77950 4 0 8 0 0 0
cpu20 113291 0 658 78108 1 0 118 0 0 0
cpu21 114072 0 179 77896 2 0 3 0 0 0
cpu22 113846 0 204 78081 0 0 42 0 0 0
cpu23 114219 0 182 77722 28 0 4 0 0 0
cpu24 114016 0 80 78018 24 0 1 0 0 0
cpu25 114074 0 98 77983 10 0 1 0 0 0
cpu26 114015 0 85 78070 0 0 1 0 0 0
cpu27 114357 0 303 77490 9 0 4 0 0 0
cpu28 114005 0 55 78075 0 0 24 0 0 0
cpu29 113885 0 240 78036 2 0 5 0 0 0
cpu30 114029 0 59 78073 0 0 0 0 0 0
cpu31 113961 0 150 78040 1 0 7 0 0 0
cpu32 113585 0 468 78092 0 0 16 0 0 0
cpu33 113918 0 182 78049 4 0 9 0 0 0
cpu34 113934 0 147 78090 0 0 0 0 0 0
cpu35 114145 0 118 77892 1 0 2 0 0 0
cpu36 113840 0 212 78092 0 0 24 0 0 0
cpu37 114014 0 92 78058 1 0 0 0 0 0
cpu38 114015 0 61 78088 0 0 1 0 0 0
cpu39 114142 0 152 77865 1 0 2 0 0 0
cpu40 113958 0 114 78088 0 0 5 0 0 0
cpu41 113868 0 198 78013 40 0 41 0 0 0
cpu42 111255 0 2182 78098 0 0 630 0 0 0
cpu43 113915 0 162 78089 0 0 0 0 0 0
cpu44 113948 0 138 78079 0 0 2 0 0 0
cpu45 114146 0 99 77906 12 0 0 0 0 0
cpu46 113828 0 257 78056 0 0 17 0 0 0
cpu47 114120 0 94 77949 2 0 0 0 0 0
cpu48 113708 0 372 78075 0 0 0 0 0 0
cpu49 114066 0 92 77994 0 0 0 0 0 0
cpu50 113890 0 178 78086 0 0 10 0 0 0
cpu51 114080 0 114 77962 2 0 0 0 0 0
cpu52 113869 0 175 78091 0 0 26 0 0 0
cpu53 114184 0 132 77846 0 0 0 0 0 0
cpu54 113955 0 99 78088 0 0 17 0 0 0
cpu55 113997 1 300 77823 6 0 30 0 0 0
cpu56 114030 0 44 78084 0 0 0 0 0 0
cpu57 114214 2 109 77819 7 0 0 0 0 0
cpu58 114028 0 42 78087 0 0 0 0 0 0
cpu59 113979 0 166 78007 4 0 4 0 0 0
cpu60 114028 0 47 78085 0 0 0 0 0 0
cpu61 114284 0 209 77613 46 0 2 0 0 0
cpu62 114014 0 67 78077 0 0 0 0 0 0
cpu63 113994 0 174 77978 4 0 3 0 0 0
intr 20697950 82 0 0 0 630 0 0 0 1 0 285 0 0 0 0 0 0 0 0 0 0 0 0 0 0 0 0 0 0 0 0 0 0 0 0 0 0 0 105 10926 301 2252 0 2986 5 1513 0 483 50 625 0 2502 0 29 1 30 2 209 0 754 0 1720 111 3523 105 2742 13245 300 8 324 8 600 40 441 8 1 0 365 2 16084 49 116 42 75 0 11 0 53 2 114 0 258 0 309 2 201 2 2104 18 236 1 2 0 0 0 0 0 0 0 0 0 0 0 0 0 0 0 0 0 93 30133 0 0 0 0 0 0 0 0 0 0 0 0 0 0 0 0 0 0 0 0 0 0 0 0 0 0 0 0 0 0 0 0 0 0 0 0 0 0 0 0 0 0 0 0 0 0 0 0 0 0 0 0 0 0 0 0 0 0 0 0 0 0 0 0 0 0 0 0 0 0 0 0 0 0 0 17 0 0 0 0 0 0 0 0 0 0 0 0 0 0 0 0 0 0 0 0 0 0 0 0 0 0 0 0 0 0 0 0 0 0 0 0 0 0 0 0 0 0 0 0 0 0 0 0 0 0 0 0 0 0 0 0 0 0 0 0 0 0 0 0 0 0 0 0 0 0 0 0 0 0 0 0 0 0 0 0 0 0 0 0 0 0 0 0 0 0 0 0 0 0 0 0 0 0 0 0 0 0 0 0 0 0 0 0 0 0 0 0 0 0 0 0 0 0 0 0 0 0 0 0 0 0 0 0 0 0 0 0 0 0 0 0 0 0 0 0 0 0 0 0 0 0 0 0 0 0 0 0 0 0 0 0 0 0 0 0 0 0 0 0 0 0 0 0 0 0 0 0 0 0 0 0 0 0 0 0 0 0 0 0 0 0 0 0 0 0 0 0 0 0 0 0 0 0 0 0 0 0 0 0 0 0 0 0 0 0 0 0 0 0 0 0 0 0 0 0 0 0 0 0 0 0 0 0 0 0 0 0 0 0 0 0 0 0 0 0 0 0 0 0 0 0 0 0 0 0 0 0 0 0 0 0 0 0 0 0 0 0 0 0 0 0 0 0 0 0 0 0 0 0 0 0 0 0 0 0 0 0 0 0 0 0 0 0 0 0 0 0 0 0 0 0 0 0 0 0 0 0 0 0 0 0 0 0 0 0 0 0 0 0 0 0 0 0 0 0 0 0 0 0 0 0 0 0 0 0 0 0 0 0 0 0 0 0 0 0 0 0 0 0 0 0 0 0 0 0 0 0 0 0 0 0 0 0 0 0 0 0 0 0 0 0 0 0 0 0 0 0 0 0 0 0 0 0 0 0 0 0 0 0 0 0 0 0 0 0 0 0 0 0 0 0 0 0 0 0 0 0 0 0 0 0 0 0 0 0 0 0 0 0 0 0 0 0 0 0 0 0 0 0 0 0 0 0 0 0 0 0 0 0 0 0 0 0 0 0 0 0 0 0 0 0 0 0 0 0 0 0 0 0 0 0 0 0 0 0 0 0 0 0 0 0 0 0 0 0 0 0 0 0 0 0 0 0 0 0 0 0 0 0 0 0 0 0 0 0 0 0 0 0 0 0 0 0 0 0 0 0 0 0 0 0 0 0 0 0 0 0 0 0 0 0 0 0 0 0 0 0 0 0 0 0 0 0 0 0 0 0 0 0 0 0 0 0 0 0 0 0 0 0 0 0 0 0 0 0 0 0 0 0 0 0 0 0 0 0 0 0 0 0 0 0 0 0 0 0 0 0 0 0 0 0 0 0 0 0 0 0 0 0 0 0 0 0 0 0 0 0 0 0 0 0 0 0 0 0 0 0 0 0 0 0 0 0 0 0 0 0 0 0 0 0 0 0 0 0 0 0 0 0 0 0 0 0 0 0 0 0 0 0 0 0 0 0 0 0 0 0 0 0 0 0 0 0 0 0 0 0 0 0 0 0 0 0 0 0 0 0 0 0 0 0 0 0 0 0 0 0 0 0 0 0 0 0 0 0 0 0 0 0 0 0 0 0 0 0 0 0 0 0 0 0 0 0 0 0 0 0 0 0 0 0 0 0 0 0 0 0 0 0 0 0 0 0 0 0 0 0 0 0 0 0 0 0 0 0 0 0 0 0 0 0 0 0 0 0 0 0 0 0 0 0 0 0 0 0 0 0 0 0 0 0 0 0 0 0 0 0 0 0 0 0 0 0 0 0 0 0 0 0 0 0 0 0 0 0 0 0 0 0 0 0 0 0 0 0 0 0 0 0 0 0 0 0 0 0 0 0 0 0 0 0 0 0 0 0 0 0 0 0 0 0 0 0 0 0 0 0 0 0 0 0 0 0 0 0 0 0 0 0 0 0 0 0 0 0 0 0 0 0 0 0 0 0 0 0 0 0 0 0 0 0 0 0 0 0 0 0 0 0 0 0 0 0 0 0 0 0 0 0 0 0 0 0 0 0 0 0 0 0 0 0 0 0 0 0 0 0 0 0 0 0 0 0 0 0 0 0 0 0 0 0 0 0 0 0 0 0 0 0 0 0 0 0 0 0 0 0 0 0 0 0 0 0 0 0 0 0 0 0 0 0 0 0 0 0 0 0 0 0 0 0 0 0 0 0 0 0 0 0 0 0 0 0 0 0 0 0 0 0 0 0 0 0 0 0 0 0 0 0 0 0 0 0 0 0 0 0 0 0 0 0 0 0 0 0 0 0 0 0 0 0 0 0 0 0 0 0 0 0 0 0 0 0 0 0 0 0 0 0 0 0 0 0 0 0 0 0 0 0 0 0 0 0 0 0 0 0 0 0 0 0 0 0 0 0 0 0 0 0 0 0 0 0 0 0 0 0 0 0 0 0 0 0 0 0 0 0 0 0 0 0 0 0 0 0 0 0 0 0 0 0 0 0 0 0 0 0 0 0 0 0 0 0 0 0 0 0 0 0 0 0 0 0 0 0 0 0 0 0 0 0 0 0 0 0 0 0 0 0 0 0 0 0 0 0 0 0 0 0 0 0 0 0 0 0 0 0 0 0 0 0 0 0 0 0 0 0 0 0 0 0 0 0 0 0 0 0 0 0 0 0 0 0 0 0 0 0 0 0 0 0 0 0 0 0 0 0 0 0 0 0 0 0 0 0 0 0 0 0 0 0 0 0 0 0 0 0 0 0 0 0 0 0 0 0 0 0 0 0 0 0 0 0 0 0 0 0 0 0 0 0 0 0 0 0 0 0 0 0 0 0 0 0 0 0 0 0 0 0 0 0 0 0 0 0 0 0 0 0 0 0 0 0 0 0 0 0 0 0 0 0 0 0 0 0 0 0 0 0 0 0 0 0 0 0 0 0 0 0 0 0 0 0 0 0 0 0 0 0 0 0 0 0 0 0 0 0 0 0 0 0 0 0 0 0 0 0 0 0 0 0 0 0 0 0 0 0 0 0 0 0 0 0 0 0 0 0 0 0 0 0 0 0 0 0 0 0 0 0 0 0 0 0 0 0 0 0 0 0 0 0 0 0 0 0 0 0 0 0 0 0 0 0 0 0 0 0 0 0 0 0 0 0 0 0 0 0 0 0 0 0 0 0 0 0 0 0 0 0 0 0 0 0 0 0 0 0 0 0 0 0 0 0 0 0 0 0 0 0 0 0 0 0 0 0 0 0 0 0 0 0 0 0 0 0 0 0 0 0 0 0 0 0 0 0 0 0 0 0 0 0 0 0 0 0 0 0 0 0 0 0 0 0 0 0 0 0 0 0 0 0 0 0 0 0 0 0 0 0 0 0 0 0 0 0 0 0 0 0 0 0 0 0 0 0 0 0 0 0 0 0 0 0 0 0 0 0 0 0 0 0 0 0 0 0 0 0 0 0 0 0 0 0 0 0 0 0 0 0 0 0 0 0 0 0 0 0 0 0 0 0 0 0 0 0 0 0 0 0 0 0 0 0 0 0 0 0 0 0 0 0 0 0 0 0 0 0 0 0 0 0 0 0 0 0 0 0 0 0 0 0 0 0 0 0 0 0 0 0 0 0 0 0 0 0 0 0 0 0 0 0 0 0 0 0 0 0 0 0 0 0 0 0 0 0 0 0 0 0 0 0 0 0 0 0 0 0 0 0 0 0 0 0 0 0 0 0 0 0 0 0 0 0 0 0 0 0 0 0 0 0 0 0 0 0 0 0 0 0 0 0 0 0 0 0 0 0 0 0 0 0 0 0 0 0 0 0 0 0 0 0 0 0 0 0 0 0 0 0 0 0 0 0 0 0 0 0 0 0 0 0 0 0 0 0 0 0 0 0 0 0 0 0 0 0 0 0 0 0 0 0 0 0 0 0 0 0 0 0 0 0 0 0 0 0 0 0 0 0 0 0 0 0 0 0 0 0 0 0 0 0 0 0 0 0 0 0 0 0 0 0 0 0 0 0 0 0 0 0 0 0 0 0 0 0 0 0 0 0 0 0 0 0 0 0 0 0 0 0 0 0 0 0 0 0 0 0 0 0 0 0 0 0 0 0 0 0 0 0 0 0 0 0 0 0 0 0 0 0 0 0 0 0 0 0 0 0 0 0 0 0 0 0 0 0 0 0 0 0 0 0 0 0 0 0 0 0 0 0 0 0 0 0 0 0 0 0 0 0 0 0 0 0 0 0 0 0 0 0 0 0 0 0 0 0 0 0 0 0 0 0 0 0 0 0 0 0 0 0 0 0 0 0 0 0 0 0 0 0 0 0 0 0 0 0 0 0 0 0 0 0 0 0 0 0 0 0 0 0 0 0 0 0 0 0 0 0 0 0 0 0 0 0 0 0 0 0 0 0 0 0 0 0 0 0 0 0 0 0 0 0 0 0 0 0 0 0 0 0 0 0 0 0 0 0 0 0 0 0 0 0 0 0 0 0 0 0 0 0 0 0 0 0 0 0 0 0 0 0 0 0 0 0 0 0 0 0 0 0 0 0 0 0 0 0 0 0 0 0 0 0 0 0 0 0 0 0 0 0 0 0 0 0 0 0 0 0 0 0 0 0 0 0 0 0 0 0 0 0 0 0 0 0 0 0 0 0 0 0 0 0 0 0 0 0 0 0 0 0 0 0 0 0 0 0 0 0 0 0 0 0 0 0 0 0 0 0 0 0 0 0 0 0 0 0 0 0 0 0 0 0 0 0 0 0 0 0 0 0 0 0 0 0 0 0 0 0 0 0 0 0 0 0 0
ctxt 2938384
btime 1613123985
processes 64476
procs_running 1
procs_blocked 0
softirq 24987196 1 14964550 1094 466744 0 0 143 798410 0 8756254
