cpu  21089496 3 27162 7066394 458 0 2865 0 0 0
cpu0 585273 0 1073 196235 1 0 525 0 0 0
cpu1 585841 0 887 196128 22 0 76 0 0 0
cpu2 585539 0 935 196387 17 0 106 0 0 0
cpu3 585654 0 807 196473 5 0 32 0 0 0
cpu4 585520 0 924 196481 3 0 35 0 0 0
cpu5 585830 0 588 196494 2 0 46 0 0 0
cpu6 585618 0 672 196618 6 0 40 0 0 0
cpu7 585613 0 938 196319 1 0 76 0 0 0
cpu8 585822 0 592 196509 1 0 28 0 0 0
cpu9 585829 0 924 196122 1 0 86 0 0 0
cpu10 585429 0 954 196488 6 0 66 0 0 0
cpu11 585826 0 867 196180 1 0 69 0 0 0
cpu12 585447 0 917 196501 38 0 32 0 0 0
cpu13 586350 0 669 195893 4 0 37 0 0 0
cpu14 585803 0 637 196419 88 0 14 0 0 0
cpu15 583764 0 1908 196371 49 0 861 0 0 0
cpu16 585745 0 829 196344 2 0 24 0 0 0
cpu17 585466 0 983 196451 2 0 44 0 0 0
cpu18 585895 0 486 196517 4 0 21 0 0 0
cpu19 586071 0 665 196124 15 0 47 0 0 0
cpu20 585670 0 801 196387 5 0 91 0 0 0
cpu21 586045 0 434 196468 1 0 8 0 0 0
cpu22 585696 0 632 196546 23 0 48 0 0 0
cpu23 585343 0 836 196643 0 0 132 0 0 0
cpu24 585839 0 513 196563 7 0 30 0 0 0
cpu25 585775 0 586 196539 13 0 32 0 0 0
cpu26 586110 0 376 196456 2 0 5 0 0 0
cpu27 586332 0 506 196085 16 0 5 0 0 0
cpu28 586733 0 918 195213 2 0 91 0 0 0
cpu29 586597 0 617 195677 1 0 36 0 0 0
cpu30 587145 0 739 194960 77 0 19 0 0 0
cpu31 586544 0 576 195790 1 0 22 0 0 0
cpu32 585928 0 482 196522 1 0 13 0 0 0
cpu33 585827 1 605 196468 6 0 30 0 0 0
cpu34 585798 0 607 196512 13 0 8 0 0 0
cpu35 585766 0 664 196494 2 0 15 0 0 0
intr 58503965 56 0 0 0 610 0 0 0 1 0 250 0 0 0 0 0 0 0 0 0 0 0 0 0 0 0 0 0 0 0 0 94 525 468 749 2629 544 620 1308 167 132 172 460 82 4697 480 3890 2350 508 441 247 387 518 176 1367 132 0 0 0 0 368 542 197 842 154 117 10207 169 151 724 492 207 0 0 17 11489 2 0 18795 1989 4155 795 2991 3073 1104 5277 2155 5235 5022 3033 6679 1441 1423 192016 2060 4190 6203 1453 2131 1207 2768 2658 608 2749 1129 539 3697 1909 7100 4591 5070 3751 1279 1485 0 16 7827 1 0 0 0 0 0 0 0 0 0 0 0 0 0 0 0 0 0 0 0 0 0 0 0 0 0 0 0 0 0 0 0 0 0 0 0 0 0 25 0 0 0 0 0 0 0 0 0 0 0 0 0 0 0 0 0 0 0 0 0 0 0 0 0 0 0 0 0 0 0 0 0 0 0 0 0 0 0 0 0 0 0 0 0 0 0 0 0 0 0 0 0 0 0 0 0 0 0 0 0 0 0 0 0 0 0 0 0 0 0 0 0 0 0 0 0 0 0 0 0 0 0 0 0 0 0 0 0 0 0 0 0 0 0 0 0 0 0 0 0 0 0 0 0 0 0 0 0 0 0 0 0 0 0 0 0 0 0 0 0 0 0 0 0 0 0 0 0 0 0 0 0 0 0 0 0 0 0 0 0 0 0 0 0 0 0 0 0 0 0 0 0 0 0 0 0 0 0 0 0 0 0 0 0 0 0 0 0 0 0 0 0 0 0 0 0 0 0 0 0 0 0 0 0 0 0 0 0 0 0 0 0 0 0 0 0 0 0 0 0 0 0 0 0 0 0 0 0 0 0 0 0 0 0 0 0 0 0 0 0 0 0 0 0 0 0 0 0 0 0 0 0 0 0 0 0 0 0 0 0 0 0 0 0 0 0 0 0 0 0 0 0 0 0 0 0 0 0 0 0 0 0 0 0 0 0 0 0 0 0 0 0 0 0 0 0 0 0 0 0 0 0 0 0 0 0 0 0 0 0 0 0 0 0 0 0 0 0 0 0 0 0 0 0 0 0 0 0 0 0 0 0 0 0 0 0 0 0 0 0 0 0 0 0 0 0 0 0 0 0 0 0 0 0 0 0 0 0 0 0 0 0 0 0 0 0 0 0 0 0 0 0 0 0 0 0 0 0 0 0 0 0 0 0 0 0 0 0 0 0 0 0 0 0 0 0 0 0 0 0 0 0 0 0 0 0 0 0 0 0 0 0 0 0 0 0 0 0 0 0 0 0 0 0 0 0 0 0 0 0 0 0 0 0 0 0 0 0 0 0 0 0 0 0 0 0 0 0 0 0 0 0 0 0 0 0 0 0 0 0 0 0 0 0 0 0 0 0 0 0 0 0 0 0 0 0 0 0 0 0 0 0 0 0 0 0 0 0 0 0 0 0 0 0 0 0 0 0 0 0 0 0 0 0 0 0 0 0 0 0 0 0 0 0 0 0 0 0 0 0 0 0 0 0 0 0 0 0 0 0 0 0 0 0 0 0 0 0 0 0 0 0 0 0 0 0 0 0 0 0 0 0 0 0 0 0 0 0 0 0 0 0 0 0 0 0 0 0 0 0 0 0 0 0 0 0 0 0 0 0 0 0 0 0 0 0 0 0 0 0 0 0 0 0 0 0 0 0 0 0 0 0 0 0 0 0 0 0 0 0 0 0 0 0 0 0 0 0 0 0 0 0 0 0 0 0 0 0 0 0 0 0 0 0 0 0 0 0 0 0 0 0 0 0 0 0 0 0 0 0 0 0 0 0 0 0 0 0 0 0 0 0 0 0 0 0 0 0 0 0 0 0 0 0 0 0 0 0 0 0 0 0 0 0 0 0 0 0 0 0 0 0 0 0 0 0 0 0 0 0 0 0 0 0 0 0 0 0 0 0 0 0 0 0 0 0 0 0 0 0 0 0 0 0 0 0 0 0 0 0 0 0 0 0 0 0 0 0 0 0 0 0 0 0 0 0 0 0 0 0 0 0 0 0 0 0 0 0 0 0 0 0 0 0 0 0 0 0 0 0 0 0 0 0 0 0 0 0 0 0 0 0 0 0 0 0 0 0 0 0 0 0 0 0 0 0 0 0 0 0 0 0 0 0 0 0 0 0 0 0 0 0 0 0 0 0 0 0 0 0 0 0 0 0 0 0 0 0 0 0 0 0 0 0 0 0 0 0 0 0 0 0 0 0 0 0 0 0 0 0 0 0 0 0 0 0 0 0 0 0 0 0 0 0 0 0 0 0 0 0 0 0 0 0 0 0 0 0 0 0 0 0 0 0 0 0 0 0 0 0 0 0 0 0 0 0 0 0 0 0 0 0 0 0 0 0 0 0 0 0 0 0 0 0 0 0 0 0 0 0 0 0 0 0 0 0 0 0 0 0 0 0 0 0 0 0 0 0 0 0 0 0 0 0 0 0 0 0 0 0 0 0 0 0 0 0 0 0 0 0 0 0 0 0 0 0 0 0 0 0 0 0 0 0 0 0 0 0 0 0 0 0 0 0 0 0 0 0 0 0 0 0 0 0 0 0 0 0 0 0 0 0 0 0 0 0 0 0 0 0 0 0 0 0 0 0 0 0 0 0 0 0 0 0 0 0 0 0 0 0 0 0 0 0 0 0 0 0 0 0 0 0 0 0 0 0 0 0 0 0 0 0 0 0 0 0 0 0 0 0 0 0 0 0 0 0 0 0 0 0 0 0 0 0 0 0 0 0 0 0 0 0 0 0 0 0 0 0 0 0 0 0 0 0 0 0 0 0 0 0 0 0 0 0 0 0 0 0 0 0 0 0 0 0 0 0 0 0 0
ctxt 16203668
btime 1613124388
processes 412427
procs_running 1
procs_blocked 0
softirq 75336742 1 43139882 814 3118862 0 0 309511 2011356 0 26756316
