cpu  534 6 7134 25504286 74 0 36 0 0 0
cpu0 0 0 547 198568 0 0 12 0 0 0
cpu1 1 0 47 199286 0 0 4 0 0 0
cpu2 1 0 44 199286 0 0 0 0 0 0
cpu3 2 0 48 199276 0 0 0 0 0 0
cpu4 2 0 53 199286 0 0 0 0 0 0
cpu5 2 0 51 199289 0 0 0 0 0 0
cpu6 4 0 46 199290 0 0 0 0 0 0
cpu7 2 0 47 199290 0 0 0 0 0 0
cpu8 6 0 59 199275 0 0 0 0 0 0
cpu9 2 0 46 199292 0 0 0 0 0 0
cpu10 8 0 51 199278 0 0 0 0 0 0
cpu11 1 0 54 199272 0 0 0 0 0 0
cpu12 4 0 101 199219 0 0 0 0 0 0
cpu13 2 0 44 199288 0 0 0 0 0 0
cpu14 7 0 52 199276 0 0 0 0 0 0
cpu15 2 0 52 199275 0 0 0 0 0 0
cpu16 1 0 66 199271 0 0 0 0 0 0
cpu17 1 0 46 199285 0 0 0 0 0 0
cpu18 2 0 49 199281 0 0 0 0 0 0
cpu19 2 0 45 199288 0 0 0 0 0 0
cpu20 4 0 69 199259 0 0 0 0 0 0
cpu21 0 0 44 199290 0 0 0 0 0 0
cpu22 6 0 49 199278 0 0 0 0 0 0
cpu23 3 0 50 199277 0 0 0 0 0 0
cpu24 3 0 53 199277 0 0 1 0 0 0
cpu25 1 0 46 199286 0 0 0 0 0 0
cpu26 23 0 50 199195 0 0 12 0 0 0
cpu27 1 0 50 199273 0 0 1 0 0 0
cpu28 1 0 52 199271 0 0 0 0 0 0
cpu29 2 0 46 199282 0 0 0 0 0 0
cpu30 8 0 52 199266 1 0 0 0 0 0
cpu31 3 0 48 199279 0 0 0 0 0 0
cpu32 1 0 55 199258 0 0 0 0 0 0
cpu33 2 0 47 199280 0 0 0 0 0 0
cpu34 3 0 49 199268 0 0 0 0 0 0
cpu35 2 0 46 199275 0 0 0 0 0 0
cpu36 2 0 52 199274 0 0 0 0 0 0
cpu37 1 0 48 199277 0 0 0 0 0 0
cpu38 2 0 47 199276 0 0 0 0 0 0
cpu39 1 0 51 199271 0 0 0 0 0 0
cpu40 48 0 61 199217 0 0 0 0 0 0
cpu41 2 0 41 199278 0 0 0 0 0 0
cpu42 5 0 46 199270 0 0 0 0 0 0
cpu43 2 0 46 199275 0 0 0 0 0 0
cpu44 9 0 65 199249 0 0 0 0 0 0
cpu45 1 0 44 199280 0 0 0 0 0 0
cpu46 8 0 51 199261 0 0 0 0 0 0
cpu47 6 0 52 199270 0 0 0 0 0 0
cpu48 4 0 64 199255 1 0 0 0 0 0
cpu49 1 0 48 199275 0 0 0 0 0 0
cpu50 7 0 50 199264 0 0 0 0 0 0
cpu51 5 0 49 199269 0 0 0 0 0 0
cpu52 4 0 51 199264 0 0 0 0 0 0
cpu53 1 0 44 199275 0 0 0 0 0 0
cpu54 1 0 50 199251 0 0 0 0 0 0
cpu55 3 0 55 199266 1 0 0 0 0 0
cpu56 3 0 58 199256 0 0 0 0 0 0
cpu57 1 0 44 199275 0 0 0 0 0 0
cpu58 4 0 46 199269 1 0 0 0 0 0
cpu59 1 0 42 199272 0 0 0 0 0 0
cpu60 4 0 48 199265 0 0 0 0 0 0
cpu61 2 0 48 199267 0 0 0 0 0 0
cpu62 5 0 51 199257 0 0 0 0 0 0
cpu63 2 0 43 199271 0 0 0 0 0 0
cpu64 3 0 52 199260 0 0 0 0 0 0
cpu65 2 0 45 199271 0 0 0 0 0 0
cpu66 2 0 52 199241 0 0 0 0 0 0
cpu67 0 0 45 199267 0 0 0 0 0 0
cpu68 3 0 57 199248 0 0 0 0 0 0
cpu69 2 0 48 199260 1 0 0 0 0 0
cpu70 2 0 51 199256 0 0 0 0 0 0
cpu71 1 0 46 199264 0 0 0 0 0 0
cpu72 3 0 53 199255 1 0 0 0 0 0
cpu73 4 0 52 199263 0 0 0 0 0 0
cpu74 8 0 49 199240 0 0 0 0 0 0
cpu75 1 0 44 199267 0 0 0 0 0 0
cpu76 8 0 72 199207 8 0 0 0 0 0
cpu77 0 0 47 199264 0 0 0 0 0 0
cpu78 5 2 54 199246 2 0 2 0 0 0
cpu79 0 0 45 199262 0 0 0 0 0 0
cpu80 3 0 52 199252 0 0 0 0 0 0
cpu81 1 0 48 199260 0 0 0 0 0 0
cpu82 4 0 48 199252 1 0 0 0 0 0
cpu83 1 0 44 199262 0 0 0 0 0 0
cpu84 10 0 56 199237 0 0 0 0 0 0
cpu85 1 0 48 199254 0 0 0 0 0 0
cpu86 5 0 50 199251 0 0 0 0 0 0
cpu87 3 0 49 199252 0 0 0 0 0 0
cpu88 14 0 82 199209 0 0 0 0 0 0
cpu89 1 0 49 199253 0 0 0 0 0 0
cpu90 19 0 49 199223 9 0 0 0 0 0
cpu91 4 0 47 199257 0 0 0 0 0 0
cpu92 12 0 58 199236 0 0 0 0 0 0
cpu93 1 0 51 199248 0 0 0 0 0 0
cpu94 4 0 56 199243 0 0 0 0 0 0
cpu95 1 0 59 199246 0 0 0 0 0 0
cpu96 5 0 65 199236 0 0 0 0 0 0
cpu97 0 0 48 199250 0 0 0 0 0 0
cpu98 1 0 46 199252 0 0 0 0 0 0
cpu99 0 0 50 199251 0 0 0 0 0 0
cpu100 4 0 55 199242 1 0 0 0 0 0
cpu101 1 0 50 199246 0 0 0 0 0 0
cpu102 2 0 50 199249 0 0 0 0 0 0
cpu103 1 0 53 199242 0 0 0 0 0 0
cpu104 2 0 49 199249 0 0 0 0 0 0
cpu105 0 0 55 199242 0 0 0 0 0 0
cpu106 4 0 46 199239 2 0 0 0 0 0
cpu107 2 0 49 199243 0 0 0 0 0 0
cpu108 2 0 49 199245 0 0 0 0 0 0
cpu109 2 0 48 199244 0 0 0 0 0 0
cpu110 20 0 54 199218 0 0 0 0 0 0
cpu111 0 0 49 199242 0 0 0 0 0 0
cpu112 12 0 66 199206 10 0 0 0 0 0
cpu113 1 0 48 199242 0 0 0 0 0 0
cpu114 7 0 50 199231 1 0 0 0 0 0
cpu115 1 0 46 199246 0 0 0 0 0 0
cpu116 2 0 59 199237 0 0 0 0 0 0
cpu117 1 0 49 199243 0 0 0 0 0 0
cpu118 8 0 62 199218 1 0 0 0 0 0
cpu119 1 0 49 199231 0 0 0 0 0 0
cpu120 4 0 53 199232 0 0 0 0 0 0
cpu121 0 0 48 199244 0 0 0 0 0 0
cpu122 8 0 60 199204 0 0 0 0 0 0
cpu123 2 0 55 199234 0 0 0 0 0 0
cpu124 4 0 54 199235 0 0 0 0 0 0
cpu125 3 0 62 199222 0 0 0 0 0 0
cpu126 3 0 47 199243 0 0 0 0 0 0
cpu127 3 0 54 199228 0 0 0 0 0 0
intr 1039752 129 0 0 0 678 0 0 0 1 0 254 0 0 0 0 0 0 0 0 0 0 0 0 0 0 0 0 0 0 0 0 0 0 0 0 260 0 1 0 0 0 0 7 3 0 5 0 0 0 0 1 4 0 0 0 0 41 0 0 0 1 0 0 25947 7 0 0 0 0 10 0 0 209 4 0 0 0 0 0 0 32 0 0 1 71 0 0 2 146 98 0 0 0 0 0 0 0 1 0 1 0 0 0 30 0 0 0 0 0 0 0 14 0 0 0 0 0 0 0 0 0 0 0 0 1 0 0 0 6 0 0 0 0 0 0 0 0 0 0 0 0 0 0 0 0 0 0 0 0 0 0 2 0 0 0 66 0 0 0 0 0 0 0 0 0 0 160 159 32 32 866 10 197 8 67 5 4 52 7 111 42 7 11 14 98 15 227 67 10 4 20 6 87 9 6 6 0 3 2 0 0 0 0 0 0 0 0 0 0 0 0 0 0 0 0 0 1 3 2 0 5 0 1 39 5 1 8 0 0 4 6 260 27 87 320 144 28 264 79 8 16 22 16 28 3 40 9 4 44 198 18 28 58 44 53 35 3 4 0 3 3 0 3 3 9 0 3 5 31 8 1 5 11 14 3 2 3 11 0 0 0 0 0 0 0 0 0 0 0 0 0 0 0 0 0 0 0 0 0 0 0 0 0 0 0 0 0 0 0 0 0 0 0 0 0 0 0 0 0 0 0 0 0 0 0 0 0 0 0 0 0 0 0 0 0 0 0 0 0 0 0 0 0 0 0 0 0 0 0 0 0 0 0 0 0 0 0 0 0 0 0 0 0 0 0 0 0 0 0 0 0 0 0 0 0 0 0 0 0 0 0 0 0 0 0 0 0 0 0 0 0 0 0 0 0 0 0 0 0 0 0 0 0 0 0 0 0 0 0 0 0 0 0 0 0 0 0 0 0 0 0 0 0 0 0 0 0 0 0 0 0 0 0 0 0 0 0 0 0 0 0 0 0 0 0 0 0 0 0 0 0 0 0 0 0 0 0 0 0 0 0 0 0 0 0 0 0 0 0 0 0 0 0 0 0 0 0 0 0 0 0 0 0 0 0 0 0 0 0 0 0 0 0 0 0 0 0 0 0 0 0 0 0 0 0 0 0 0 0 0 0 0 0 0 0 0 0 0 0 0 0 0 0 0 0 0 0 0 0 0 0 0 0 0 0 0 0 0 0 0 0 0 0 0 0 0 0 0 0 0 0 0 0 0 0 0 0 0 0 0 0 0 0 0 0 0 0 0 0 0 0 0 0 0 0 0 0 0 0 0 0 0 0 0 0 0 0 0 0 0 0 0 0 0 0 0 0 0 0 0 0 0 0 0 0 0 0 0 0 0 0 0 0 0 0 0 0 0 0 0 0 0 0 0 0 0 0 0 0 0 0 0 0 0 0 0 0 0 0 0 0 0 0 0 0 0 0 0 0 0 0 0 0 0 0 0 0 0 0 0 0 0 0 0 0 0 0 0 0 0 0 0 0 0 0 0 0 0 0 0 0 0 0 0 0 0 0 0 0 0 0 0 0 0 0 0 0 0 0 0 0 0 0 0 0 0 0 0 0 0 0 0 0 0 0 0 0 0 0 0 0 0 0 3 0 0 0 0 0 0 0 0 0 0 0 0 0 0 0 49 0 0 0 0 0 0 0 0 0 0 0 0 49 0 0 0 0 0 0 0 0 0 0 0 0 0 0 0 0 0 0 0 0 0 0 0 0 0 0 0 0 0 0 0 0 0 0 0 0 0 0 0 0 0 0 0 16 0 0 0 0 0 0 0 0 0 0 0 0 0 0 0 0 0 0 0 0 0 0 0 0 0 0 0 0 0 0 0 0 0 0 0 0 0 0 0 0 0 0 0 0 0 0 0 0 0 0 0 0 0 0 0 0 0 0 0 0 0 0 0 0 0 0 0 0 0 0 0 0 0 0 0 0 0 0 0 0 0 0 0 0 0 0 0 0 0 0 0 0 0 0 0 0 0 0 0 0 0 0 0 0 0 0 0 0 0 0 0 0 0 0 0 0 0 0 0 0 0 0 0 0 0 0 0 0 0 0 0 0 0 0 0 0 0 0 0 0 0 0 0 0 0 0 0 0 0 0 0 0 0 0 0 0 0 0 0 0 0 0 0 0 0 0 0 0 0 0 0 0 0 0 0 0 0 0 0 0 0 0 0 0 0 0 0 0 0 0 0 0 0 0 0 0 0 0 0 0 0 0 0 0 0 0 0 0 0 0 0 0 0 0 0 0 0 0 0 0 0 0 0 0 0 0 0 0 0 0 0 0 0 0 0 0 0 0 0 0 0 0 0 0 0 0 0 0 0 0 0 0 0 0 0 0 0 0 0 0 0 0 0 0 0 0 0 0 0 0 0 0 0 0 0 0 0 0 0 0 0 0 0 0 0 0 0 0 0 0 0 0 0 0 0 0 0 0 0 0 0 0 0 0 0 0 0 0 0 0 0 0 0 0 0 0 0 0 0 0 0 0 0 0 0 0 0 0 0 0 0 0 0 0 0 0 0 0 0 0 0 0 0 0 0 0 0 0 0 0 0 0 0 0 0 0 0 0 0 0 0 0 0 0 0 0 0 0 0 0 0 0 0 0 0 0 0 0 0 0 0 0 0 0 0 0 0 0 0 0 0 0 0 0 0 0 0 0 0 0 0 0 0 0 0 0 0 0 0 0 0 0 0 0 0 0 0 0 0 0 0 0 0 0 0 0 0 0 0 0 0 0 0 0 0 0 0 0 0 0 0 0 0 0 0 0 0 0 0 0 0 0 0 0 0 0 0 0 0 0 0 0 0 0 0 0 0 0 0 0 0 0 0 0 0 0 0 0 0 0 0 0 0 0 0 0 0 0 0 0 0 0 0 0 0 0 0 0 0 0 0 0 0 0 0 0 0 0 0 0 0 0 0 0 0 0 0 0 0 0 0 0 0 0 0 0 0 0 0 0 0 0 0 0 0 0 0 0 0 0 0 0 0 0 0 0 0 0 0 0 0 0 0 0 0 0 0 0 0 0 0 0 0 0 0 0 0 0 0 0 0 0 0 0 0 0 0 0 0 0 0 0 0 0 0 0 0 0 0 0 0 0 0 0 0 0 0 0 0 0 0 0 0 0 0 0 0 0 0 0 0 0 0 0 0 0 0 0 0 0 0 0 0 0 0 0 0 0 0 0 0 0 0 0 0 0 0 0 0 0 0 0 0 0 0 0 0 0 0 0 0 0 0 0 0 0 0 0 0 0 0 0 0 0 0 0 0 0 0 0 0 0 0 0 0 0 0 0 0 0 0 0 0 0 0 0 0 0 0 0 0 0 0 0 0 0 0 0 0 0 0 0 0 0 0 0 0 0 0 0 0 0 0 0 0 0 0 0 0 0 0 0 0 0 0 0 0 0 0 0 0 0 0 0 0 0 0 0 0 0 0 0 0 0 0 0 0 0 0 0 0 0 0 0 0 0 0 0 0 0 0 0 0 0 0 0 0 0 0 0 0 0 0 0 0 0 0 0 0 0 0 0 0 0 0 0 0 0 0 0 0 0 0 0 0 0 0 0 0 0 0 0 0 0 0 0 0 0 0 0 0 0 0 0 0 0 0 0 0 0 0 0 0 0 0 0 0 0 0 0 0 0 0 0 0 0 0 0 0 0 0 0 0 0 0 0 0 0 0 0 0 0 0 0 0 0 0 0 0 0 0 0 0 0 0 0 0 0 0 0 0 0 0 0 0 0 0 0 0 0 0 0 0 0 0 0 0 0 0 0 0 0 0 0 0 0 0 0 0 0 0 0 0 0 0 0 0 0 0 0 0 0 0 0 0 0 0 0 0 0 0 0 0 0 0 0 0 0 0 0 0 0 0 0 0 0 0 0 0 0 0 0 0 0 0 0 0 0 0 0 0 0 0 0 0 0 0 0 0 0 0 0 0 0 0 0 0 0 0 0 0 0 0 0 0 0 0 0 0 0 0 0 0 0 0 0 0 0 0 0 0 0 0 0 0 0 0 0 0 0 0 0 0 0 0 0 0 0 0 0 0 0 0 0 0 0 0 0 0 0 0 0 0 0 0 0 0 0 0 0 0 0 0 0 0 0 0 0 0 0 0 0 0 0 0 0 0 0 0 0 0 0 0 0 0 0 0 0 0 0 0 0 0 0 0 0 0 0 0 0 0 0 0 0 0 0 0 0 0 0 0 0 0 0 0 0 0 0 0 0 0 0 0 0 0 0 0 0 0 0 0 0 0 0 0 0 0 0 0 0 0 0 0 0 0 0 0 0 0 0 0 0 0 0 0 0 0 0 0 0 0 0 0 0 0 0 0 0 0 0 0 0 0 0 0 0 0 0 0 0 0 0 0 0 0 0 0 0 0 0 0 0 0 0 0 0 0 0 0 0 0 0 0 0 0 0 0 0 0 0 0 0 0 0 0 0 0 0 0 0 0 0 0 0 0 0 0 0 0 0 0 0 0 0 0 0 0 0 0 0 0 0 0 0 0 0 0 0 0 0 0 0 0 0 0 0 0 0 0 0 0 0 0 0 0 0 0 0 0 0 0 0 0 0 0 0 0 0 0 0 0 0 0 0 0 0 0 0 0 0 0 0 0 0 0 0 0 0 0 0 0 0 0 0 0 0 0 0 0 0 0 0 0 0 0 0 0 0 0 0 0 0 0 0 0 0 0 0 0 0 0 0 0 0 0 0 0 0 0 0 0 0 0 0 0 0 0 0 0 0 0 0 0 0 0 0 0 0 0 0 0 0 0 0 0 0 0 0 0 0 0 0 0 0 0 0 0 0 0 0 0 0 0 0 0 0 0 0 0 0 0 0 0 0 0 0 0 0 0 0 0 0 0 0 0 0 0 0 0 0 0 0 0 0 0 0 0 0 0 0 0 0 0 0 0 0 0 0 0 0 0 0 0 0 0 0 0 0 0 0 0 0 0 0 0 0 0 0 0 0 0 0 0 0 0 0 0 0 0 0 0 0 0 0 0 0 0 0 0 0 0 0 0 0 0 0 0 0 0 0 0 0 0 0 0 0 0 0 0 0 0 0 0 0 0 0 0 0 0 0 0 0 0 0 0 0 0 0 0 0 0 0 0 0 0 0 0 0 0 0 0 0 0 0 0 0 0 0 0 0 0 0 0 0 0 0 0 0 0 0 0 0 0 0 0 0 0 0 0 0 0 0 0 0 0 0 0 0 0 0 0 0 0 0 0 0 0 0 0 0 0 0 0 0 0 0 0 0 0 0 0 0 0 0 0 0 0 0 0 0 0 0 0 0 0 0 0 0 0 0 0 0 0 0 0 0 0 0 0 0 0 0 0 0 0 0 0 0 0 0 0 0 0 0 0 0 0 0 0 0 0 0 0 0 0 0 0 0 0 0 0 0 0 0 0 0 0 0 0 0 0 0 0 0 0 0 0 0 0 0 0 0 0 0 0 0 0 0 0 0 0 0 0 0 0 0 0 0 0 0 0 0 0 0 0 0 0 0 0 0 0 0 0 0 0 0 0 0 0 0 0 0 0 0 0 0 0 0 0 0 0 0 0 0 0 0 0 0 0 0 0 0 0 0 0 0 0 0 0 0 0 0 0 0 0 0 0 0 0 0 0 0 0 0 0 0 0 0 0 0 0 0 0 0 0 0 0 0 0 0 0 0 0 0 0 0 0 0 0 0 0 0 0 0 0 0 0 0 0 0 0 0 0 0 0 0 0 0 0 0 0 0 0 0 0 0 0 0 0 0 0 0 0 0 0 0 0 0 0 0 0 0 0 0 0 0 0 0 0 0 0 0 0 0 0 0 0 0 0 0 0 0 0 0 0 0 0 0 0 0 0 0 0 0 0 0 0 0 0 0 0 0 0 0 0 0 0 0 0 0 0 0 0 0 0 0 0 0 0 0 0 0 0 0 0 0 0 0 0 0 0 0 0 0 0 0 0 0 0 0 0 0 0 0 0 0 0 0 0 0 0 0 0 0 0 0 0 0 0 0 0 0 0 0 0 0 0 0 0 0 0 0 0 0 0 0 0 0 0 0 0 0 0 0 0 0 0 0 0 0 0 0 0 0 0 0 0 0 0 0 0 0 0 0 0 0 0 0 0 0 0 0 0 0 0 0 0 0 0 0 0 0 0 0 0 0 0 0 0 0 0 0 0 0 0 0 0 0 0 0 0 0 0 0 0 0 0 0 0 0 0 0 0 0 0 0 0 0 0 0 0 0 0 0 0 0 0 0 0 0 0 0 0 0 0 0 0 0 0 0 0 0 0 0 0 0 0 0 0 0 0 0 0 0 0 0 0 0 0 0 0 0 0 0 0 0 0 0 0 0 0 0 0 0 0 0 0 0 0 0 0 0 0 0 0 0 0 0 0 0 0 0 0 0 0 0 0 0 0 0 0 0 0 0 0 0 0 0 0 0 0 0 0 0 0 0 0 0 0 0 0 0 0 0 0 0 0 0 0 0 0 0 0 0 0 0 0 0 0 0 0 0 0 0 0 0 0 0 0 0 0 0 0 0 0 0 0 0 0 0 0 0 0 0 0 0 0 0 0 0 0 0 0 0 0 0 0 0 0 0 0 0 0 0 0 0 0 0 0 0 0 0 0 0 0 0 0 0 0 0 0 0 0 0 0 0 0 0 0 0 0 0 0 0 0 0 0 0 0 0 0 0 0 0 0 0 0 0 0 0 0 0 0 0 0 0 0 0 0 0 0 0 0 0 0 0 0 0 0 0 0 0 0 0 0 0 0 0 0 0 0 0 0 0 0 0 0 0 0 0 0 0 0 0 0 0 0 0 0 0 0 0 0 0 0 0 0 0 0 0 0 0 0 0 0 0 0 0 0 0 0 0 0 0 0 0 0 0 0 0 0 0 0 0 0 0 0 0 0 0 0 0 0 0 0 0 0 0 0 0 0 0 0 0 0 0 0 0 0 0 0 0 0 0 0 0 0 0 0 0 0 0 0 0 0 0 0 0 0 0 0 0 0 0 0 0 0 0 0 0 0 0 0 0 0 0 0 0 0 0 0 0 0 0 0 0 0 0 0 0 0 0 0 0 0 0 0 0 0 0 0 0 0 0 0 0 0 0 0 0 0 0 0 0 0 0 0 0 0 0 0 0 0 0 0 0 0 0 0 0 0 0 0 0 0 0 0 0 0 0 0 0 0 0 0 0 0 0 0 0 0 0 0 0 0 0 0 0 0 0 0 0 0 0 0 0 0 0 0 0 0 0 0 0 0 0 0 0 0 0 0 0 0 0 0 0 0 0 0 0 0 0 0 0 0 0 0 0 0 0 0 0 0 0 0 0 0 0 0 0 0 0 0 0 0 0 0 0 0 0 0 0 0 0 0 0 0 0 0 0 0 0 0 0 0 0 0 0 0 0 0 0 0 0 0 0 0 0 0 0 0 0 0 0 0 0 0 0 0 0 0 0 0 0 0 0 0 0 0 0 0 0 0 0 0 0 0 0 0 0 0 0 0 0 0 0 0 0 0 0 0 0 0 0 0 0 0 0 0 0 0 0 0 0 0 0 0 0 0 0 0 0 0 0 0 0 0 0 0 0 0 0 0 0 0 0 0 0 0 0 0 0 0 0 0 0 0 0 0 0 0 0 0 0 0 0 0 0 0 0 0 0 0 0 0 0 0 0 0 0 0 0 0 0 0 0 0 0 0 0 0 0 0 0 0 0 0 0 0 0 0 0 0 0 0 0 0 0 0 0 0 0 0 0 0 0 0 0 0 0 0 0 0 0 0 0 0 0 0 0 0 0 0 0 0 0 0 0 0 0 0 0 0 0 0 0 0 0 0 0 0 0 0 0 0 0 0 0 0 0 0 0 0 0 0 0 0 0 0 0 0 0 0 0 0 0 0 0 0 0 0 0 0 0 0 0 0 0 0 0 0 0 0 0 0 0 0 0 0 0 0 0 0 0 0 0 0 0 0 0 0 0 0 0 0 0 0 0 0 0 0 0 0 0 0 0 0 0 0 0 0 0 0 0 0 0 0 0 0 0 0 0 0 0 0 0 0 0 0 0 0 0 0 0 0 0 0 0 0 0 0 0 0 0 0 0 0 0 0 0 0 0 0 0 0 0 0 0 0 0 0 0 0 0 0 0 0 0 0 0 0 0 0 0 0 0 0 0 0 0 0 0 0 0 0 0 0 0 0 0 0 0 0 0 0 0 0 0 0 0 0 0 0 0 0 0 0 0 0 0 0 0 0 0 0 0 0 0 0 0 0 0 0 0 0 0 0 0 0 0 0 0 0 0 0 0 0 0 0 0 0 0 0 0 0 0 0 0 0 0 0 0 0 0 0 0 0 0 0 0 0 0 0 0 0 0 0 0 0 0 0 0 0 0 0 0 0 0 0 0 0 0 0 0 0 0 0 0 0 0 0 0 0 0 0 0 0 0 0 0 0 0 0 0 0 0 0 0 0 0 0 0 0 0 0 0 0 0 0 0 0 0 0 0 0 0 0 0 0 0 0 0 0 0 0 0 0 0 0 0 0 0 0 0 0 0 0 0 0 0 0 0 0 0 0 0 0 0 0 0 0 0 0 0 0 0 0 0 0 0 0 0 0 0 0 0 0 0 0 0 0 0 0 0 0 0 0 0 0 0 0 0 0 0 0 0 0 0 0 0 0 0 0 0 0 0 0 0 0 0 0 0 0 0 0 0 0 0 0 0 0 0 0 0 0 0 0 0 0 0 0 0 0 0 0 0 0 0 0 0 0 0 0 0 0 0 0 0 0 0 0 0 0 0 0 0 0 0 0 0 0 0 0 0 0 0 0 0 0 0 0 0 0 0 0 0 0 0 0 0 0 0 0 0 0 0 0 0 0 0 0 0 0 0 0 0 0 0 0 0 0 0 0 0 0 0 0 0 0 0 0 0 0 0 0 0 0 0 0 0 0 0 0 0 0 0 0 0 0 0 0 0 0 0 0 0 0 0 0 0 0 0 0 0 0 0 0 0 0 0 0 0 0 0 0 0 0 0 0 0 0 0 0 0 0 0 0 0 0 0 0 0 0 0 0 0 0 0 0 0 0 0 0 0 0 0 0 0 0 0 0 0 0 0 0 0 0 0 0 0 0 0 0 0 0 0 0 0 0 0 0 0 0 0 0 0 0 0 0 0 0 0 0 0 0 0 0 0 0 0 0 0 0 0 0 0 0 0 0 0 0 0 0 0 0 0 0 0 0 0 0 0 0 0 0 0 0 0 0 0 0 0 0 0 0 0 0 0 0 0 0 0 0 0 0 0 0 0 0 0 0 0 0 0 0 0 0 0 0 0 0 0 0 0 0 0 0 0 0 0 0 0 0 0 0 0 0 0 0 0 0 0 0 0 0 0 0 0 0 0 0 0 0 0 0 0 0 0 0 0 0 0 0 0 0 0 0 0 0 0 0 0 0 0 0 0 0 0 0 0 0 0 0 0 0 0 0 0 0 0 0 0 0 0 0 0 0 0 0 0 0 0 0 0 0 0 0 0 0 0 0 0 0 0 0 0 0 0 0 0 0 0 0 0 0 0 0 0 0 0 0 0 0 0 0 0 0 0 0 0 0 0 0 0 0 0 0 0 0 0 0 0 0 0 0 0 0 0 0 0 0 0 0 0 0 0 0 0 0 0 0 0 0 0 0 0 0 0 0 0 0 0 0 0 0 0 0 0 0 0 0 0 0 0 0 0 0 0 0 0 0 0 0 0 0 0 0 0 0 0 0 0 0 0 0 0 0 0 0 0 0 0 0 0 0 0 0 0 0 0 0 0 0 0 0 0 0 0 0 0 0 0 0 0 0 0 0 0 0 0 0 0 0 0 0 0 0 0 0 0 0 0 0 0 0 0 0 0 0 0 0 0 0 0 0 0 0 0 0 0 0 0 0 0 0 0 0 0 0 0 0 0 0 0 0 0 0 0 0 0 0 0 0 0 0 0 0 0 0 0 0 0 0
ctxt 373765
btime 1613064758
processes 2163
procs_running 1
procs_blocked 0
softirq 549124 1 193846 400 26712 0 0 148 193602 0 134415
