cpu  13259760 4 18625 6822248 513 0 1868 0 0 0
cpu0 368225 0 466 189420 9 0 400 0 0 0
cpu1 368020 0 642 189673 1 0 81 0 0 0
cpu2 367992 0 787 189602 2 0 26 0 0 0
cpu3 368187 0 478 189699 17 0 37 0 0 0
cpu4 368118 0 485 189777 2 0 40 0 0 0
cpu5 368207 0 433 189763 2 0 17 0 0 0
cpu6 368313 0 498 189577 1 0 28 0 0 0
cpu7 368355 0 361 189680 5 0 16 0 0 0
cpu8 368558 0 431 189404 6 0 17 0 0 0
cpu9 366500 0 2082 189715 9 0 118 0 0 0
cpu10 368330 0 400 189659 4 0 12 0 0 0
cpu11 368333 0 560 189477 2 0 32 0 0 0
cpu12 368294 0 393 189689 11 0 23 0 0 0
cpu13 368484 0 362 189560 4 0 5 0 0 0
cpu14 368400 0 870 189043 4 0 90 0 0 0
cpu15 368553 0 686 189155 14 0 14 0 0 0
cpu16 368484 0 484 189422 2 0 17 0 0 0
cpu17 368283 0 438 189629 2 0 58 0 0 0
cpu18 368416 0 295 189645 51 0 10 0 0 0
cpu19 368118 0 592 189610 4 0 89 0 0 0
cpu20 368088 0 593 189668 41 0 25 0 0 0
cpu21 368372 0 308 189689 42 0 15 0 0 0
cpu22 368292 0 322 189720 58 0 20 0 0 0
cpu23 368354 0 276 189761 10 0 4 0 0 0
cpu24 368575 0 313 189518 0 0 4 0 0 0
cpu25 368377 0 248 189789 0 0 4 0 0 0
cpu26 368427 0 323 189653 0 0 10 0 0 0
cpu27 367912 0 753 189724 0 0 23 0 0 0
cpu28 367453 0 820 189608 0 0 530 0 0 0
cpu29 368489 0 350 189537 16 0 8 0 0 0
cpu30 368430 0 328 189630 2 0 14 0 0 0
cpu31 369005 0 300 189089 4 0 4 0 0 0
cpu32 369615 1 574 188194 7 0 20 0 0 0
cpu33 368397 2 505 189491 7 0 8 0 0 0
cpu34 369342 0 510 188397 122 0 30 0 0 0
cpu35 368444 0 348 189563 34 0 6 0 0 0
intr 36877431 56 0 0 0 609 0 0 0 1 0 257 0 0 0 0 0 0 0 0 0 0 0 0 0 0 0 0 0 0 0 0 92 545 46 335 175 311 160 177 1487 467 672 369 335 414 480 448 525 373 379 1673 226 2496 1413 2844 1523 0 0 0 0 19 19 175 14 686 461 297 402 663 497 10318 3527 0 0 16 10329 2 0 11790 327 2790 1269 4078 1712 6647 1161 1392 1817 429 3284 1148 484 691 3393 898 1677 2087 6319 5812 3778 620 803 1447 426 1445 1319 120311 1103 2518 1045 784 1750 3547 195 0 17 7760 1 0 0 0 0 0 0 0 0 0 0 0 0 0 0 0 0 0 0 0 0 0 0 0 0 0 0 0 0 0 0 0 0 0 0 0 0 0 22 0 0 0 0 0 0 0 0 0 0 0 0 0 0 0 0 0 0 0 0 0 0 0 0 0 0 0 0 0 0 0 0 0 0 0 0 0 0 0 0 0 0 0 0 0 0 0 0 0 0 0 0 0 0 0 0 0 0 0 0 0 0 0 0 0 0 0 0 0 0 0 0 0 0 0 0 0 0 0 0 0 0 0 0 0 0 0 0 0 0 0 0 0 0 0 0 0 0 0 0 0 0 0 0 0 0 0 0 0 0 0 0 0 0 0 0 0 0 0 0 0 0 0 0 0 0 0 0 0 0 0 0 0 0 0 0 0 0 0 0 0 0 0 0 0 0 0 0 0 0 0 0 0 0 0 0 0 0 0 0 0 0 0 0 0 0 0 0 0 0 0 0 0 0 0 0 0 0 0 0 0 0 0 0 0 0 0 0 0 0 0 0 0 0 0 0 0 0 0 0 0 0 0 0 0 0 0 0 0 0 0 0 0 0 0 0 0 0 0 0 0 0 0 0 0 0 0 0 0 0 0 0 0 0 0 0 0 0 0 0 0 0 0 0 0 0 0 0 0 0 0 0 0 0 0 0 0 0 0 0 0 0 0 0 0 0 0 0 0 0 0 0 0 0 0 0 0 0 0 0 0 0 0 0 0 0 0 0 0 0 0 0 0 0 0 0 0 0 0 0 0 0 0 0 0 0 0 0 0 0 0 0 0 0 0 0 0 0 0 0 0 0 0 0 0 0 0 0 0 0 0 0 0 0 0 0 0 0 0 0 0 0 0 0 0 0 0 0 0 0 0 0 0 0 0 0 0 0 0 0 0 0 0 0 0 0 0 0 0 0 0 0 0 0 0 0 0 0 0 0 0 0 0 0 0 0 0 0 0 0 0 0 0 0 0 0 0 0 0 0 0 0 0 0 0 0 0 0 0 0 0 0 0 0 0 0 0 0 0 0 0 0 0 0 0 0 0 0 0 0 0 0 0 0 0 0 0 0 0 0 0 0 0 0 0 0 0 0 0 0 0 0 0 0 0 0 0 0 0 0 0 0 0 0 0 0 0 0 0 0 0 0 0 0 0 0 0 0 0 0 0 0 0 0 0 0 0 0 0 0 0 0 0 0 0 0 0 0 0 0 0 0 0 0 0 0 0 0 0 0 0 0 0 0 0 0 0 0 0 0 0 0 0 0 0 0 0 0 0 0 0 0 0 0 0 0 0 0 0 0 0 0 0 0 0 0 0 0 0 0 0 0 0 0 0 0 0 0 0 0 0 0 0 0 0 0 0 0 0 0 0 0 0 0 0 0 0 0 0 0 0 0 0 0 0 0 0 0 0 0 0 0 0 0 0 0 0 0 0 0 0 0 0 0 0 0 0 0 0 0 0 0 0 0 0 0 0 0 0 0 0 0 0 0 0 0 0 0 0 0 0 0 0 0 0 0 0 0 0 0 0 0 0 0 0 0 0 0 0 0 0 0 0 0 0 0 0 0 0 0 0 0 0 0 0 0 0 0 0 0 0 0 0 0 0 0 0 0 0 0 0 0 0 0 0 0 0 0 0 0 0 0 0 0 0 0 0 0 0 0 0 0 0 0 0 0 0 0 0 0 0 0 0 0 0 0 0 0 0 0 0 0 0 0 0 0 0 0 0 0 0 0 0 0 0 0 0 0 0 0 0 0 0 0 0 0 0 0 0 0 0 0 0 0 0 0 0 0 0 0 0 0 0 0 0 0 0 0 0 0 0 0 0 0 0 0 0 0 0 0 0 0 0 0 0 0 0 0 0 0 0 0 0 0 0 0 0 0 0 0 0 0 0 0 0 0 0 0 0 0 0 0 0 0 0 0 0 0 0 0 0 0 0 0 0 0 0 0 0 0 0 0 0 0 0 0 0 0 0 0 0 0 0 0 0 0 0 0 0 0 0 0 0 0 0 0 0 0 0 0 0 0 0 0 0 0 0 0 0 0 0 0 0 0 0 0 0 0 0 0 0 0 0 0 0 0 0 0 0 0 0 0 0 0 0 0 0 0 0 0 0 0 0 0 0 0 0 0 0 0 0 0 0 0 0 0 0 0 0 0 0 0 0 0 0 0 0 0 0 0 0 0 0 0 0 0 0 0 0 0 0 0 0 0 0 0 0 0 0 0 0 0 0 0 0 0 0 0 0 0 0 0 0 0 0 0 0 0 0 0 0 0 0 0 0 0 0 0 0 0 0 0 0 0 0 0 0 0 0 0 0 0 0 0 0 0 0 0 0 0 0 0 0 0 0 0 0 0 0 0 0 0 0 0 0 0 0 0 0 0 0 0 0 0 0 0 0 0 0 0 0 0 0 0 0 0 0 0 0 0 0 0 0 0 0 0 0 0 0 0 0 0 0 0 0 0 0 0 0 0 0 0 0 0 0 0 0 0 0 0 0 0 0 0 0 0 0 0 0 0 0 0 0 0 0 0 0 0 0 0 0 0 0 0 0 0 0 0 0 0
ctxt 10272623
btime 1613124388
processes 259589
procs_running 1
procs_blocked 0
softirq 48309703 1 28061947 492 1954298 0 0 198248 1307638 0 16787079
