cpu  47125072 8 74568 4857841 180 0 6465 0 0 0
cpu0 734884 0 2700 75475 0 0 484 0 0 0
cpu1 735856 0 1488 75998 9 0 180 0 0 0
cpu2 735878 0 2033 75429 1 0 176 0 0 0
cpu3 735584 0 1500 76221 4 0 204 0 0 0
cpu4 735866 0 2131 75304 8 0 118 0 0 0
cpu5 736665 0 578 76211 4 0 58 0 0 0
cpu6 735554 0 1656 76142 1 0 151 0 0 0
cpu7 735649 0 1528 76105 2 0 233 0 0 0
cpu8 735587 0 1841 75992 0 0 85 0 0 0
cpu9 736721 0 576 76148 3 0 68 0 0 0
cpu10 735583 0 1943 75835 3 0 131 0 0 0
cpu11 736222 0 976 76176 2 0 136 0 0 0
cpu12 735501 0 2021 75891 1 0 89 0 0 0
cpu13 736900 0 481 76074 1 0 47 0 0 0
cpu14 735292 0 1987 76091 0 0 139 0 0 0
cpu15 736796 0 671 75936 2 0 94 0 0 0
cpu16 734688 0 2542 76063 0 0 213 0 0 0
cpu17 736633 0 579 76018 1 0 261 0 0 0
cpu18 735173 0 2236 75901 0 0 205 0 0 0
cpu19 736779 0 556 76108 1 0 57 0 0 0
cpu20 735783 0 1523 75980 49 0 127 0 0 0
cpu21 736710 0 600 76136 11 0 58 0 0 0
cpu22 735716 0 1619 76040 1 0 133 0 0 0
cpu23 736648 0 614 76194 8 0 49 0 0 0
cpu24 735980 0 1430 76036 1 0 53 0 0 0
cpu25 736862 0 401 76224 1 0 30 0 0 0
cpu26 735333 0 1946 76052 0 0 164 0 0 0
cpu27 736410 0 792 76202 1 0 108 0 0 0
cpu28 735270 0 1973 76158 0 0 108 0 0 0
cpu29 736967 0 301 76225 2 0 18 0 0 0
cpu30 735163 0 1969 76129 0 0 248 0 0 0
cpu31 736733 0 491 76241 1 0 38 0 0 0
cpu32 736596 0 1400 75404 1 0 76 0 0 0
cpu33 735847 0 1319 76214 1 0 125 0 0 0
cpu34 737022 2 1401 75028 0 0 48 0 0 0
cpu35 736367 0 809 76233 0 0 98 0 0 0
cpu36 739806 0 1512 72132 0 0 42 0 0 0
cpu37 736693 0 543 76223 5 0 42 0 0 0
cpu38 739088 0 1136 73216 1 0 39 0 0 0
cpu39 735789 0 1332 76187 1 0 195 0 0 0
cpu40 737254 0 1196 74971 5 0 55 0 0 0
cpu41 736953 0 415 76103 1 0 20 0 0 0
cpu42 735516 0 1836 75977 0 0 172 0 0 0
cpu43 736706 0 564 76162 0 0 71 0 0 0
cpu44 736256 0 1415 75799 0 0 32 0 0 0
cpu45 736985 0 381 76102 0 0 25 0 0 0
cpu46 735790 0 1886 75649 0 0 163 0 0 0
cpu47 737105 0 365 76000 2 0 24 0 0 0
cpu48 735784 0 1668 75940 0 0 106 0 0 0
cpu49 736956 0 520 76001 2 0 19 0 0 0
cpu50 736068 0 1178 76164 0 0 87 0 0 0
cpu51 736972 0 390 76117 2 0 22 0 0 0
cpu52 736602 0 686 76165 0 0 44 0 0 0
cpu53 736948 0 374 76151 3 0 25 0 0 0
cpu54 736410 0 939 76086 1 0 56 0 0 0
cpu55 736644 0 616 76197 0 0 42 0 0 0
cpu56 736302 0 1108 76032 0 0 47 0 0 0
cpu57 736961 0 312 76204 0 0 18 0 0 0
cpu58 736424 0 914 76116 0 0 40 0 0 0
cpu59 736047 1 1054 76208 1 0 188 0 0 0
cpu60 736362 0 1240 75816 0 0 32 0 0 0
cpu61 737013 0 254 76207 1 0 20 0 0 0
cpu62 735432 0 1663 76201 0 0 193 0 0 0
cpu63 736965 0 439 76069 7 0 10 0 0 0
intr 132302277 83 0 0 0 639 0 0 0 1 0 282 0 0 0 0 0 0 0 0 0 0 0 0 0 0 0 0 0 0 0 0 0 0 0 0 0 0 0 1563 48774 1471 20092 348 11139 1253 27099 810 16767 641 9840 775 8695 256 5137 1331 92262 184 7704 10072 5900 1563 20431 1526 2246 891 7447 1866 930 789 7248 1467 25518 171 14849 181 11008 253 28126 381 5011 579 11163 878 3264 12 5197 732 8855 765 8032 2889 6423 4026 12344 1445 2881 769 12905 775 2236 835 3950 0 0 0 0 0 0 0 0 0 0 0 0 0 0 0 0 0 33689 93 0 0 0 0 0 0 0 0 0 0 0 0 0 0 0 0 0 0 0 0 0 0 0 0 0 0 0 0 0 0 0 0 0 0 0 0 0 0 0 0 0 0 0 0 0 0 0 0 0 0 0 0 0 0 0 0 0 0 0 0 0 0 0 0 0 0 0 0 0 0 0 0 0 0 0 15 0 0 0 0 0 0 0 0 0 0 0 0 0 0 0 0 0 0 0 0 0 0 0 0 0 0 0 0 0 0 0 0 0 0 0 0 0 0 0 0 0 0 0 0 0 0 0 0 0 0 0 0 0 0 0 0 0 0 0 0 0 0 0 0 0 0 0 0 0 0 0 0 0 0 0 0 0 0 0 0 0 0 0 0 0 0 0 0 0 0 0 0 0 0 0 0 0 0 0 0 0 0 0 0 0 0 0 0 0 0 0 0 0 0 0 0 0 0 0 0 0 0 0 0 0 0 0 0 0 0 0 0 0 0 0 0 0 0 0 0 0 0 0 0 0 0 0 0 0 0 0 0 0 0 0 0 0 0 0 0 0 0 0 0 0 0 0 0 0 0 0 0 0 0 0 0 0 0 0 0 0 0 0 0 0 0 0 0 0 0 0 0 0 0 0 0 0 0 0 0 0 0 0 0 0 0 0 0 0 0 0 0 0 0 0 0 0 0 0 0 0 0 0 0 0 0 0 0 0 0 0 0 0 0 0 0 0 0 0 0 0 0 0 0 0 0 0 0 0 0 0 0 0 0 0 0 0 0 0 0 0 0 0 0 0 0 0 0 0 0 0 0 0 0 0 0 0 0 0 0 0 0 0 0 0 0 0 0 0 0 0 0 0 0 0 0 0 0 0 0 0 0 0 0 0 0 0 0 0 0 0 0 0 0 0 0 0 0 0 0 0 0 0 0 0 0 0 0 0 0 0 0 0 0 0 0 0 0 0 0 0 0 0 0 0 0 0 0 0 0 0 0 0 0 0 0 0 0 0 0 0 0 0 0 0 0 0 0 0 0 0 0 0 0 0 0 0 0 0 0 0 0 0 0 0 0 0 0 0 0 0 0 0 0 0 0 0 0 0 0 0 0 0 0 0 0 0 0 0 0 0 0 0 0 0 0 0 0 0 0 0 0 0 0 0 0 0 0 0 0 0 0 0 0 0 0 0 0 0 0 0 0 0 0 0 0 0 0 0 0 0 0 0 0 0 0 0 0 0 0 0 0 0 0 0 0 0 0 0 0 0 0 0 0 0 0 0 0 0 0 0 0 0 0 0 0 0 0 0 0 0 0 0 0 0 0 0 0 0 0 0 0 0 0 0 0 0 0 0 0 0 0 0 0 0 0 0 0 0 0 0 0 0 0 0 0 0 0 0 0 0 0 0 0 0 0 0 0 0 0 0 0 0 0 0 0 0 0 0 0 0 0 0 0 0 0 0 0 0 0 0 0 0 0 0 0 0 0 0 0 0 0 0 0 0 0 0 0 0 0 0 0 0 0 0 0 0 0 0 0 0 0 0 0 0 0 0 0 0 0 0 0 0 0 0 0 0 0 0 0 0 0 0 0 0 0 0 0 0 0 0 0 0 0 0 0 0 0 0 0 0 0 0 0 0 0 0 0 0 0 0 0 0 0 0 0 0 0 0 0 0 0 0 0 0 0 0 0 0 0 0 0 0 0 0 0 0 0 0 0 0 0 0 0 0 0 0 0 0 0 0 0 0 0 0 0 0 0 0 0 0 0 0 0 0 0 0 0 0 0 0 0 0 0 0 0 0 0 0 0 0 0 0 0 0 0 0 0 0 0 0 0 0 0 0 0 0 0 0 0 0 0 0 0 0 0 0 0 0 0 0 0 0 0 0 0 0 0 0 0 0 0 0 0 0 0 0 0 0 0 0 0 0 0 0 0 0 0 0 0 0 0 0 0 0 0 0 0 0 0 0 0 0 0 0 0 0 0 0 0 0 0 0 0 0 0 0 0 0 0 0 0 0 0 0 0 0 0 0 0 0 0 0 0 0 0 0 0 0 0 0 0 0 0 0 0 0 0 0 0 0 0 0 0 0 0 0 0 0 0 0 0 0 0 0 0 0 0 0 0 0 0 0 0 0 0 0 0 0 0 0 0 0 0 0 0 0 0 0 0 0 0 0 0 0 0 0 0 0 0 0 0 0 0 0 0 0 0 0 0 0 0 0 0 0 0 0 0 0 0 0 0 0 0 0 0 0 0 0 0 0 0 0 0 0 0 0 0 0 0 0 0 0 0 0 0 0 0 0 0 0 0 0 0 0 0 0 0 0 0 0 0 0 0 0 0 0 0 0 0 0 0 0 0 0 0 0 0 0 0 0 0 0 0 0 0 0 0 0 0 0 0 0 0 0 0 0 0 0 0 0 0 0 0 0 0 0 0 0 0 0 0 0 0 0 0 0 0 0 0 0 0 0 0 0 0 0 0 0 0 0 0 0 0 0 0 0 0 0 0 0 0 0 0 0 0 0 0 0 0 0 0 0 0 0 0 0 0 0 0 0 0 0 0 0 0 0 0 0 0 0 0 0 0 0 0 0 0 0 0 0 0 0 0 0 0 0 0 0 0 0 0 0 0 0 0 0 0 0 0 0 0 0 0 0 0 0 0 0 0 0 0 0 0 0 0 0 0 0 0 0 0 0 0 0 0 0 0 0 0 0 0 0 0 0 0 0 0 0 0 0 0 0 0 0 0 0 0 0 0 0 0 0 0 0 0 0 0 0 0 0 0 0 0 0 0 0 0 0 0 0 0 0 0 0 0 0 0 0 0 0 0 0 0 0 0 0 0 0 0 0 0 0 0 0 0 0 0 0 0 0 0 0 0 0 0 0 0 0 0 0 0 0 0 0 0 0 0 0 0 0 0 0 0 0 0 0 0 0 0 0 0 0 0 0 0 0 0 0 0 0 0 0 0 0 0 0 0 0 0 0 0 0 0 0 0 0 0 0 0 0 0 0 0 0 0 0 0 0 0 0 0 0 0 0 0 0 0 0 0 0 0 0 0 0 0 0 0 0 0 0 0 0 0 0 0 0 0 0 0 0 0 0 0 0 0 0 0 0 0 0 0 0 0 0 0 0 0 0 0 0 0 0 0 0 0 0 0 0 0 0 0 0 0 0 0 0 0 0 0 0 0 0 0 0 0 0 0 0 0 0 0 0 0 0 0 0 0 0 0 0 0 0 0 0 0 0 0 0 0 0 0 0 0 0 0 0 0 0 0 0 0 0 0 0 0 0 0 0 0 0 0 0 0 0 0 0 0 0 0 0 0 0 0 0 0 0 0 0 0 0 0 0 0 0 0 0 0 0 0 0 0 0 0 0 0 0 0 0 0 0 0 0 0 0 0 0 0 0 0 0 0 0 0 0 0 0 0 0 0 0 0 0 0 0 0 0 0 0 0 0 0 0 0 0 0 0 0 0 0 0 0 0 0 0 0 0 0 0 0 0 0 0 0 0 0 0 0 0 0 0 0 0 0 0 0 0 0 0 0 0 0 0 0 0 0 0 0 0 0 0 0 0 0 0 0 0 0 0 0 0 0 0 0 0 0 0 0 0 0 0 0 0 0 0 0 0 0 0 0 0 0 0 0 0 0 0 0 0 0 0 0 0 0 0 0 0 0 0 0 0 0 0 0 0 0 0 0 0 0 0 0 0 0 0 0 0 0 0 0 0 0 0 0 0 0 0 0 0 0 0 0 0 0 0 0 0 0 0 0 0 0 0 0 0 0 0 0 0 0 0 0 0 0 0 0 0 0 0 0 0 0 0 0 0 0 0 0 0 0 0 0 0 0 0 0 0 0 0 0 0 0 0 0 0 0 0 0 0 0 0 0 0 0 0 0 0 0 0 0 0 0 0 0 0 0 0 0 0 0 0 0 0 0 0 0 0 0 0 0 0 0 0 0 0 0 0 0 0 0 0 0 0 0 0 0 0 0 0 0 0 0 0 0 0 0 0 0 0 0 0 0 0 0 0 0 0 0 0 0 0 0 0 0 0 0 0 0 0 0 0 0 0 0 0 0 0 0 0 0 0 0 0 0 0 0 0 0 0 0 0 0 0 0 0 0 0 0 0 0 0 0 0 0 0 0 0 0 0 0 0 0 0 0 0 0 0 0 0 0 0 0 0 0 0 0 0 0 0 0 0 0 0 0 0 0 0 0 0 0 0 0 0 0 0 0 0 0 0 0 0 0 0 0 0 0 0 0 0 0 0 0 0 0 0 0 0 0 0 0 0 0 0 0 0 0 0 0 0 0 0 0 0 0 0 0 0 0 0 0 0 0 0 0 0 0 0 0 0 0 0 0 0 0 0 0 0 0 0 0 0 0 0 0 0 0 0 0 0 0 0 0 0 0 0 0 0 0 0 0 0 0 0 0 0 0 0 0 0 0 0 0 0 0 0 0 0 0 0 0 0 0 0 0 0 0 0 0 0 0 0 0 0 0 0 0 0 0 0 0 0 0 0 0 0 0 0 0 0 0 0 0 0 0 0 0 0 0 0 0 0 0 0 0 0 0 0 0 0 0 0 0 0 0 0 0 0 0 0 0 0 0 0 0 0 0 0 0 0 0 0 0 0 0 0 0 0 0 0 0 0 0 0 0 0 0 0 0 0 0 0 0 0 0 0 0 0 0 0 0 0 0 0 0 0 0 0 0 0 0 0 0 0 0 0 0 0 0 0 0 0 0 0 0 0 0 0 0 0 0 0 0 0 0 0 0 0 0 0 0 0 0 0 0 0 0 0 0 0 0 0 0 0 0 0 0 0 0 0 0 0 0 0 0 0 0 0 0 0 0 0 0 0 0 0 0 0 0 0 0 0 0 0 0 0 0 0 0 0 0 0 0 0 0 0 0 0 0 0 0 0 0 0 0 0 0 0 0 0
ctxt 17161405
btime 1613123985
processes 387283
procs_running 1
procs_blocked 0
softirq 146517305 1 83938797 1931 3189760 0 0 156 4393607 0 54993053
