cpu  37327754 7 46262 28331959 517 0 3362 0 0 0
cpu0 290452 0 1560 220713 0 0 258 0 0 0
cpu1 291448 0 362 221514 1 0 39 0 0 0
cpu2 290756 0 1056 221465 0 0 58 0 0 0
cpu3 290602 0 1017 221658 7 0 50 0 0 0
cpu4 291418 0 594 221337 1 0 42 0 0 0
cpu5 291674 0 190 221465 0 0 55 0 0 0
cpu6 291211 0 745 221372 0 0 28 0 0 0
cpu7 291014 0 741 221538 0 0 61 0 0 0
cpu8 291576 0 458 221316 0 0 35 0 0 0
cpu9 291889 0 164 221334 1 0 6 0 0 0
cpu10 291092 0 963 221245 0 0 85 0 0 0
cpu11 291480 0 416 221453 0 0 36 0 0 0
cpu12 291041 0 647 221598 0 0 70 0 0 0
cpu13 291712 0 216 221437 0 0 19 0 0 0
cpu14 291112 0 892 221317 0 0 66 0 0 0
cpu15 291548 0 383 221420 0 0 30 0 0 0
cpu16 291842 0 249 221286 0 0 8 0 0 0
cpu17 291636 0 144 221590 0 0 8 0 0 0
cpu18 290950 0 1045 221309 0 0 84 0 0 0
cpu19 291605 0 337 221414 2 0 23 0 0 0
cpu20 291912 0 180 221297 0 0 3 0 0 0
cpu21 291824 0 142 221416 0 0 11 0 0 0
cpu22 291390 0 616 221314 0 0 63 0 0 0
cpu23 291572 2 481 221304 0 0 24 0 0 0
cpu24 291859 0 279 221235 0 0 12 0 0 0
cpu25 291713 0 182 221477 1 0 9 0 0 0
cpu26 291006 0 736 221513 0 0 90 0 0 0
cpu27 291392 0 522 221362 0 0 56 0 0 0
cpu28 291960 0 286 221055 0 0 4 0 0 0
cpu29 291718 0 256 221388 0 0 11 0 0 0
cpu30 291672 0 380 221319 0 0 14 0 0 0
cpu31 291564 0 420 221345 1 0 27 0 0 0
cpu32 291602 0 299 221446 0 0 34 0 0 0
cpu33 291652 0 176 221329 0 0 170 0 0 0
cpu34 291492 0 517 221327 0 0 53 0 0 0
cpu35 291624 0 568 221131 3 0 43 0 0 0
cpu36 291833 0 249 221283 0 0 2 0 0 0
cpu37 291808 0 143 221418 0 0 8 0 0 0
cpu38 291393 0 547 221403 0 0 37 0 0 0
cpu39 291726 0 523 221095 6 0 26 0 0 0
cpu40 291984 0 155 221226 0 0 8 0 0 0
cpu41 291792 0 169 221411 1 0 10 0 0 0
cpu42 291491 0 436 221416 0 0 32 0 0 0
cpu43 291547 0 507 221233 28 0 41 0 0 0
cpu44 289940 0 422 222934 0 0 39 0 0 0
cpu45 292428 0 258 220670 1 0 11 0 0 0
cpu46 291420 0 523 221394 3 0 29 0 0 0
cpu47 291517 0 672 221075 2 0 56 0 0 0
cpu48 291963 0 149 221262 0 0 3 0 0 0
cpu49 291765 0 188 221388 0 0 18 0 0 0
cpu50 291560 0 496 221281 1 0 40 0 0 0
cpu51 292057 0 356 220924 2 0 21 0 0 0
cpu52 291872 0 162 221341 0 0 3 0 0 0
cpu53 291747 0 187 221419 2 0 13 0 0 0
cpu54 291596 0 305 221451 0 0 17 0 0 0
cpu55 291523 0 344 221473 5 0 14 0 0 0
cpu56 291854 0 204 221302 0 0 17 0 0 0
cpu57 291723 0 166 221468 0 0 10 0 0 0
cpu58 291434 0 530 221363 3 0 46 0 0 0
cpu59 291473 0 314 221470 77 0 19 0 0 0
cpu60 291642 0 377 221311 2 0 40 0 0 0
cpu61 291789 0 161 221412 0 0 11 0 0 0
cpu62 291727 0 300 221325 0 0 20 0 0 0
cpu63 291729 0 322 221290 0 0 17 0 0 0
cpu64 291093 0 871 221282 1 0 120 0 0 0
cpu65 291476 0 222 221618 0 0 20 0 0 0
cpu66 291017 0 710 221597 3 0 29 0 0 0
cpu67 291549 0 433 221265 88 0 14 0 0 0
cpu68 291585 0 286 221465 0 0 8 0 0 0
cpu69 291628 0 191 221525 1 0 8 0 0 0
cpu70 291450 0 570 221330 0 0 19 0 0 0
cpu71 291736 0 346 221234 31 0 10 0 0 0
cpu72 291849 0 261 221249 0 0 8 0 0 0
cpu73 291747 0 110 221503 0 0 5 0 0 0
cpu74 291469 0 590 221282 0 0 34 0 0 0
cpu75 291582 0 379 221353 2 0 22 0 0 0
cpu76 291626 0 206 221511 0 0 8 0 0 0
cpu77 291721 0 196 221431 1 0 11 0 0 0
cpu78 291391 0 544 221395 0 0 27 0 0 0
cpu79 291643 0 266 221415 4 0 11 0 0 0
cpu80 291887 0 158 221319 1 0 2 0 0 0
cpu81 291794 0 115 221442 0 0 5 0 0 0
cpu82 291304 0 599 221401 0 0 43 0 0 0
cpu83 291602 0 290 221435 1 0 25 0 0 0
cpu84 291972 0 141 221243 0 0 1 0 0 0
cpu85 291680 0 145 221525 0 0 7 0 0 0
cpu86 291750 0 328 221257 1 0 22 0 0 0
cpu87 291480 1 447 221374 4 0 46 0 0 0
cpu88 291693 0 372 221274 0 0 22 0 0 0
cpu89 291787 0 126 221439 0 0 8 0 0 0
cpu90 291338 0 489 221497 0 0 25 0 0 0
cpu91 291311 0 382 221596 1 0 30 0 0 0
cpu92 291945 0 164 221242 1 0 1 0 0 0
cpu93 291721 0 144 221475 0 0 9 0 0 0
cpu94 291491 0 262 221593 0 0 8 0 0 0
cpu95 291627 0 308 221386 1 0 10 0 0 0
cpu96 291984 0 138 221230 5 0 3 0 0 0
cpu97 291783 0 140 221426 0 0 4 0 0 0
cpu98 291795 0 242 221299 0 0 15 0 0 0
cpu99 291758 2 396 221192 2 0 17 0 0 0
cpu100 292024 0 110 221226 0 0 0 0 0 0
cpu101 291703 0 159 221484 1 0 5 0 0 0
cpu102 291762 0 257 221327 0 0 11 0 0 0
cpu103 292020 0 398 220926 5 0 6 0 0 0
cpu104 291891 0 120 221335 0 0 0 0 0 0
cpu105 291785 0 139 221417 1 0 9 0 0 0
cpu106 291347 0 333 221635 0 0 14 0 0 0
cpu107 291782 0 488 221024 8 0 47 0 0 0
cpu108 291935 0 149 221252 7 0 2 0 0 0
cpu109 291789 0 138 221408 1 0 12 0 0 0
cpu110 291772 0 226 221337 0 0 13 0 0 0
cpu111 292754 0 814 219671 1 0 77 0 0 0
cpu112 291975 0 148 221226 0 0 4 0 0 0
cpu113 291701 0 143 221486 0 0 12 0 0 0
cpu114 291580 0 420 221307 11 0 32 0 0 0
cpu115 292338 0 432 220473 70 0 9 0 0 0
cpu116 291808 0 190 221344 1 0 5 0 0 0
cpu117 291787 0 146 221398 0 0 8 0 0 0
cpu118 291794 0 184 221355 0 0 2 0 0 0
cpu119 291307 0 400 221582 4 0 41 0 0 0
cpu120 291969 0 147 221232 0 0 3 0 0 0
cpu121 291796 0 132 221418 2 0 3 0 0 0
cpu122 291467 0 366 221492 0 0 16 0 0 0
cpu123 291850 0 258 221173 54 0 6 0 0 0
cpu124 291737 0 202 221394 2 0 13 0 0 0
cpu125 291923 0 171 221246 0 0 1 0 0 0
cpu126 291859 0 195 221282 1 0 3 0 0 0
cpu127 291641 0 398 221274 1 0 14 0 0 0
intr 105265430 130 0 0 0 683 0 0 0 1 0 285 0 0 0 0 0 0 0 0 0 0 0 0 0 0 0 0 0 0 0 0 0 0 0 0 260 0 109 2109 917 9820 275 13627 2539 5733 0 536 97 5031 63 1725 4793 6898 3 540 20 2699 17 839 0 3704 0 522 651 1911 876 1313 10 2685 3 53356 148 9945 9 509 13 1696 173 928 1098 7390 364 700 6 6437 4 1346 5 2575 2 1449 0 1642 0 1418 745 5227 0 1132 3031 2315 8 1278 2963 5981 735 1461 466 5805 0 578 2 4775 163 1655 5 2890 0 445 0 3459 47 626 1 5458 0 514 140 2942 0 1768 167 2163 0 918 0 3623 0 568 0 525 0 655 1693 1211 0 1149 0 5014 14 1159 0 810 0 969 6 0 0 0 0 0 0 0 0 0 0 163 162 1 62 4 80 206 18 155 1 3 0 9 0 6 0 10 143 11 3 764 21 128 2 84 195 96 17 118 62 16 30 93 0 0 0 0 0 0 0 0 0 0 0 0 0 0 0 0 0 71 10 94 26 97 34 24 1 111 3 44 0 6 26 101 136 39 19 7 19 35 76 0 0 8 0 105 25 0 83 0 1 1 0 6 385 0 0 37 6297 5200 120 325 471 760 292 206 205 207 698 166 199 393 3008 71 114 223 580 60 9906 117 546 77 0 0 0 0 0 0 0 0 0 0 0 0 0 0 0 0 0 0 0 0 0 0 0 0 0 0 0 0 0 0 0 0 0 0 0 0 0 0 0 0 0 0 0 0 0 0 0 0 0 0 0 0 0 0 0 0 0 0 0 0 0 0 0 0 0 0 0 0 0 0 0 0 0 0 0 0 0 0 0 0 0 0 0 0 0 0 0 0 0 0 0 0 0 0 0 0 0 0 0 0 0 0 0 0 0 0 0 0 0 0 0 0 0 0 0 0 0 0 0 0 0 0 0 0 0 0 0 0 0 0 0 0 0 0 0 0 0 0 0 0 0 0 0 0 0 0 0 0 0 0 0 0 0 0 0 0 0 0 0 0 0 0 0 0 0 0 0 0 0 0 0 0 0 0 0 0 0 0 0 0 0 0 0 0 0 0 0 0 0 0 0 0 0 0 0 0 0 0 0 0 0 0 0 0 0 0 0 0 0 0 0 0 0 0 0 0 0 0 0 0 0 0 0 0 0 0 0 0 0 0 0 0 0 0 0 0 0 0 0 0 0 0 0 0 0 0 0 0 0 0 0 0 0 0 0 0 0 0 0 0 0 0 0 0 0 0 0 0 0 0 0 0 0 0 0 0 0 0 0 0 0 0 0 0 0 0 0 0 0 0 0 0 0 0 0 0 0 0 0 0 0 0 0 0 0 0 0 0 0 0 0 0 0 0 0 0 0 0 0 0 0 0 0 0 0 0 0 0 0 0 0 0 0 0 0 0 0 0 0 0 0 0 0 0 0 0 0 0 0 0 0 0 0 0 0 0 0 0 0 0 0 0 0 0 0 0 0 0 0 0 0 0 0 0 0 0 0 0 0 0 0 0 0 0 0 0 0 0 0 0 0 0 0 0 0 0 0 0 0 0 0 0 0 0 0 0 0 0 0 0 0 0 0 0 0 0 0 0 0 0 0 0 0 4 0 0 0 0 0 0 0 47 0 0 48 0 0 0 0 0 0 0 0 0 0 0 0 1 0 0 0 0 0 0 0 0 0 0 0 0 0 0 0 0 0 0 0 0 0 0 0 0 0 0 0 0 0 0 0 0 0 0 0 0 0 0 0 0 0 0 0 0 0 0 0 0 0 0 0 0 0 0 0 0 0 0 0 0 0 0 0 0 0 0 0 0 0 20 0 0 0 0 0 0 0 0 0 0 0 0 0 0 0 0 0 0 0 0 0 0 0 0 0 0 0 0 0 0 0 0 0 0 0 0 0 0 0 0 0 0 0 0 0 0 0 0 0 0 0 0 0 0 0 0 0 0 0 0 0 0 0 0 0 0 0 0 0 0 0 0 0 0 0 0 0 0 0 0 0 0 0 0 0 0 0 0 0 0 0 0 0 0 0 0 0 0 0 0 0 0 0 0 0 0 0 0 0 0 0 0 0 0 0 0 0 0 0 0 0 0 0 0 0 0 0 0 0 0 0 0 0 0 0 0 0 0 0 0 0 0 0 0 0 0 0 0 0 0 0 0 0 0 0 0 0 0 0 0 0 0 0 0 0 0 0 0 0 0 0 0 0 0 0 0 0 0 0 0 0 0 0 0 0 0 0 0 0 0 0 0 0 0 0 0 0 0 0 0 0 0 0 0 0 0 0 0 0 0 0 0 0 0 0 0 0 0 0 0 0 0 0 0 0 0 0 0 0 0 0 0 0 0 0 0 0 0 0 0 0 0 0 0 0 0 0 0 0 0 0 0 0 0 0 0 0 0 0 0 0 0 0 0 0 0 0 0 0 0 0 0 0 0 0 0 0 0 0 0 0 0 0 0 0 0 0 0 0 0 0 0 0 0 0 0 0 0 0 0 0 0 0 0 0 0 0 0 0 0 0 0 0 0 0 0 0 0 0 0 0 0 0 0 0 0 0 0 0 0 0 0 0 0 0 0 0 0 0 0 0 0 0 0 0 0 0 0 0 0 0 0 0 0 0 0 0 0 0 0 0 0 0 0 0 0 0 0 0 0 0 0 0 0 0 0 0 0 0 0 0 0 0 0 0 0 0 0 0 0 0 0 0 0 0 0 0 0 0 0 0 0 0 0 0 0 0 0 0 0 0 0 0 0 0 0 0 0 0 0 0 0 0 0 0 0 0 0 0 0 0 0 0 0 0 0 0 0 0 0 0 0 0 0 0 0 0 0 0 0 0 0 0 0 0 0 0 0 0 0 0 0 0 0 0 0 0 0 0 0 0 0 0 0 0 0 0 0 0 0 0 0 0 0 0 0 0 0 0 0 0 0 0 0 0 0 0 0 0 0 0 0 0 0 0 0 0 0 0 0 0 0 0 0 0 0 0 0 0 0 0 0 0 0 0 0 0 0 0 0 0 0 0 0 0 0 0 0 0 0 0 0 0 0 0 0 0 0 0 0 0 0 0 0 0 0 0 0 0 0 0 0 0 0 0 0 0 0 0 0 0 0 0 0 0 0 0 0 0 0 0 0 0 0 0 0 0 0 0 0 0 0 0 0 0 0 0 0 0 0 0 0 0 0 0 0 0 0 0 0 0 0 0 0 0 0 0 0 0 0 0 0 0 0 0 0 0 0 0 0 0 0 0 0 0 0 0 0 0 0 0 0 0 0 0 0 0 0 0 0 0 0 0 0 0 0 0 0 0 0 0 0 0 0 0 0 0 0 0 0 0 0 0 0 0 0 0 0 0 0 0 0 0 0 0 0 0 0 0 0 0 0 0 0 0 0 0 0 0 0 0 0 0 0 0 0 0 0 0 0 0 0 0 0 0 0 0 0 0 0 0 0 0 0 0 0 0 0 0 0 0 0 0 0 0 0 0 0 0 0 0 0 0 0 0 0 0 0 0 0 0 0 0 0 0 0 0 0 0 0 0 0 0 0 0 0 0 0 0 0 0 0 0 0 0 0 0 0 0 0 0 0 0 0 0 0 0 0 0 0 0 0 0 0 0 0 0 0 0 0 0 0 0 0 0 0 0 0 0 0 0 0 0 0 0 0 0 0 0 0 0 0 0 0 0 0 0 0 0 0 0 0 0 0 0 0 0 0 0 0 0 0 0 0 0 0 0 0 0 0 0 0 0 0 0 0 0 0 0 0 0 0 0 0 0 0 0 0 0 0 0 0 0 0 0 0 0 0 0 0 0 0 0 0 0 0 0 0 0 0 0 0 0 0 0 0 0 0 0 0 0 0 0 0 0 0 0 0 0 0 0 0 0 0 0 0 0 0 0 0 0 0 0 0 0 0 0 0 0 0 0 0 0 0 0 0 0 0 0 0 0 0 0 0 0 0 0 0 0 0 0 0 0 0 0 0 0 0 0 0 0 0 0 0 0 0 0 0 0 0 0 0 0 0 0 0 0 0 0 0 0 0 0 0 0 0 0 0 0 0 0 0 0 0 0 0 0 0 0 0 0 0 0 0 0 0 0 0 0 0 0 0 0 0 0 0 0 0 0 0 0 0 0 0 0 0 0 0 0 0 0 0 0 0 0 0 0 0 0 0 0 0 0 0 0 0 0 0 0 0 0 0 0 0 0 0 0 0 0 0 0 0 0 0 0 0 0 0 0 0 0 0 0 0 0 0 0 0 0 0 0 0 0 0 0 0 0 0 0 0 0 0 0 0 0 0 0 0 0 0 0 0 0 0 0 0 0 0 0 0 0 0 0 0 0 0 0 0 0 0 0 0 0 0 0 0 0 0 0 0 0 0 0 0 0 0 0 0 0 0 0 0 0 0 0 0 0 0 0 0 0 0 0 0 0 0 0 0 0 0 0 0 0 0 0 0 0 0 0 0 0 0 0 0 0 0 0 0 0 0 0 0 0 0 0 0 0 0 0 0 0 0 0 0 0 0 0 0 0 0 0 0 0 0 0 0 0 0 0 0 0 0 0 0 0 0 0 0 0 0 0 0 0 0 0 0 0 0 0 0 0 0 0 0 0 0 0 0 0 0 0 0 0 0 0 0 0 0 0 0 0 0 0 0 0 0 0 0 0 0 0 0 0 0 0 0 0 0 0 0 0 0 0 0 0 0 0 0 0 0 0 0 0 0 0 0 0 0 0 0 0 0 0 0 0 0 0 0 0 0 0 0 0 0 0 0 0 0 0 0 0 0 0 0 0 0 0 0 0 0 0 0 0 0 0 0 0 0 0 0 0 0 0 0 0 0 0 0 0 0 0 0 0 0 0 0 0 0 0 0 0 0 0 0 0 0 0 0 0 0 0 0 0 0 0 0 0 0 0 0 0 0 0 0 0 0 0 0 0 0 0 0 0 0 0 0 0 0 0 0 0 0 0 0 0 0 0 0 0 0 0 0 0 0 0 0 0 0 0 0 0 0 0 0 0 0 0 0 0 0 0 0 0 0 0 0 0 0 0 0 0 0 0 0 0 0 0 0 0 0 0 0 0 0 0 0 0 0 0 0 0 0 0 0 0 0 0 0 0 0 0 0 0 0 0 0 0 0 0 0 0 0 0 0 0 0 0 0 0 0 0 0 0 0 0 0 0 0 0 0 0 0 0 0 0 0 0 0 0 0 0 0 0 0 0 0 0 0 0 0 0 0 0 0 0 0 0 0 0 0 0 0 0 0 0 0 0 0 0 0 0 0 0 0 0 0 0 0 0 0 0 0 0 0 0 0 0 0 0 0 0 0 0 0 0 0 0 0 0 0 0 0 0 0 0 0 0 0 0 0 0 0 0 0 0 0 0 0 0 0 0 0 0 0 0 0 0 0 0 0 0 0 0 0 0 0 0 0 0 0 0 0 0 0 0 0 0 0 0 0 0 0 0 0 0 0 0 0 0 0 0 0 0 0 0 0 0 0 0 0 0 0 0 0 0 0 0 0 0 0 0 0 0 0 0 0 0 0 0 0 0 0 0 0 0 0 0 0 0 0 0 0 0 0 0 0 0 0 0 0 0 0 0 0 0 0 0 0 0 0 0 0 0 0 0 0 0 0 0 0 0 0 0 0 0 0 0 0 0 0 0 0 0 0 0 0 0 0 0 0 0 0 0 0 0 0 0 0 0 0 0 0 0 0 0 0 0 0 0 0 0 0 0 0 0 0 0 0 0 0 0 0 0 0 0 0 0 0 0 0 0 0 0 0 0 0 0 0 0 0 0 0 0 0 0 0 0 0 0 0 0 0 0 0 0 0 0 0 0 0 0 0 0 0 0 0 0 0 0 0 0 0 0 0 0 0 0 0 0 0 0 0 0 0 0 0 0 0 0 0 0 0 0 0 0 0 0 0 0 0 0 0 0 0 0 0 0 0 0 0 0 0 0 0 0 0 0 0 0 0 0 0 0 0 0 0 0 0 0 0 0 0 0 0 0 0 0 0 0 0 0 0 0 0 0 0 0 0 0 0 0 0 0 0 0 0 0 0 0 0 0 0 0 0 0 0 0 0 0 0 0 0 0 0 0 0 0 0 0 0 0 0 0 0 0 0 0 0 0 0 0 0 0 0 0 0 0 0 0 0 0 0 0 0 0 0 0 0 0 0 0 0 0 0 0 0 0 0 0 0 0 0 0 0 0 0 0 0 0 0 0 0 0 0 0 0 0 0 0 0 0 0 0 0 0 0 0 0 0 0 0 0 0 0 0 0 0 0 0 0 0 0 0 0 0 0 0 0 0 0 0 0 0 0 0 0 0 0 0 0 0 0 0 0 0 0 0 0 0 0 0 0 0 0 0 0 0 0 0 0 0 0 0 0 0 0 0 0 0 0 0 0 0 0 0 0 0 0 0 0 0 0 0 0 0 0 0 0 0 0 0 0 0 0 0 0 0 0 0 0 0 0 0 0 0 0 0 0 0 0 0 0 0 0 0 0 0 0 0 0 0 0 0 0 0 0 0 0 0 0 0 0 0 0 0 0 0 0 0 0 0 0 0 0 0 0 0 0 0 0 0 0 0 0 0 0 0 0 0 0 0 0 0 0 0 0 0 0 0 0 0 0 0 0 0 0 0 0 0 0 0 0 0 0 0 0 0 0 0 0 0 0 0 0 0 0 0 0 0 0 0 0 0 0 0 0 0 0 0 0 0 0 0 0 0 0 0 0 0 0 0 0 0 0 0 0 0 0 0 0 0 0 0 0 0 0 0 0 0 0 0 0 0 0 0 0 0 0 0 0 0 0 0 0 0 0 0 0 0 0 0 0 0 0 0 0 0 0 0 0 0 0 0 0 0 0 0 0 0 0 0 0 0 0 0 0 0 0 0 0 0 0 0 0 0 0 0 0 0 0 0 0 0 0 0 0 0 0 0 0 0 0 0 0 0 0 0 0 0 0 0 0 0 0 0 0 0 0 0 0 0 0 0 0 0 0 0 0 0 0 0 0 0 0 0 0 0 0 0 0 0 0 0 0 0 0 0 0 0 0 0 0 0 0 0 0 0 0 0 0 0 0 0 0 0 0 0 0 0 0 0 0 0 0 0 0 0 0 0 0 0 0 0 0 0 0 0 0 0 0 0 0 0 0 0 0 0 0 0 0 0 0 0 0 0 0 0 0 0 0 0 0 0 0 0 0 0 0 0 0 0 0 0 0 0 0 0 0 0 0 0 0 0 0 0 0 0 0 0 0 0 0 0 0 0 0 0 0 0 0 0 0 0 0 0 0 0 0 0 0 0 0 0 0 0 0 0 0 0 0 0 0 0 0 0 0 0 0 0 0 0 0 0 0 0 0 0 0 0 0 0 0 0 0 0 0 0 0 0 0 0 0 0 0 0 0 0 0 0 0 0 0 0 0 0 0 0 0 0 0 0 0 0 0 0 0 0 0 0 0 0 0 0 0 0 0 0 0 0 0 0 0 0 0 0 0 0 0 0 0 0 0 0 0 0 0 0 0 0 0 0 0 0 0 0 0 0 0 0 0 0 0 0 0 0 0 0 0 0 0 0 0 0 0 0 0 0 0 0 0 0 0 0 0 0 0 0 0 0 0 0 0 0 0 0 0 0 0 0 0 0 0 0 0 0 0 0 0 0 0 0 0 0 0 0 0 0 0 0 0 0 0 0 0 0 0 0 0 0 0 0 0 0 0 0 0 0 0 0 0 0 0 0 0 0 0 0 0 0 0 0 0 0 0 0 0 0 0 0 0 0 0 0 0 0 0 0 0 0 0 0 0 0 0 0 0 0 0 0 0 0 0 0 0 0 0 0 0 0 0 0 0 0 0 0 0 0 0 0 0 0 0 0 0 0 0 0 0 0 0 0 0 0 0 0 0 0 0 0 0 0 0 0 0 0 0 0 0 0 0 0 0 0 0 0 0 0 0 0 0 0 0 0 0 0 0 0 0 0 0 0 0 0 0 0 0 0 0 0 0 0 0 0 0 0 0 0 0 0 0 0 0 0 0 0 0 0 0 0 0 0 0 0 0 0 0 0 0 0 0 0 0 0 0 0 0 0 0 0 0 0 0 0 0 0 0 0 0 0 0 0 0 0 0 0 0 0 0 0 0 0 0 0 0 0 0 0 0 0 0 0 0 0 0 0 0 0 0 0 0 0 0 0 0 0 0 0 0 0 0 0 0 0 0 0 0 0 0 0 0 0 0 0 0 0 0 0 0 0 0 0 0 0 0 0 0 0 0 0 0 0 0 0 0 0 0 0 0 0 0 0 0 0 0 0 0 0 0 0 0 0 0 0 0 0 0 0 0 0 0 0 0 0 0 0 0 0 0 0 0 0 0 0 0 0 0 0 0 0 0 0 0 0 0 0 0 0 0 0 0 0 0 0 0 0 0 0 0 0 0 0 0 0 0 0 0 0 0 0 0 0 0 0 0 0 0 0 0 0 0 0 0 0 0 0 0 0 0 0 0 0 0 0 0 0 0 0 0 0 0 0 0 0 0 0 0 0 0 0 0 0 0 0 0 0 0 0 0 0 0 0 0 0 0 0 0 0 0 0 0 0 0 0 0 0 0 0 0 0 0 0 0 0 0 0 0 0 0 0 0 0 0 0 0 0 0 0 0 0 0 0 0 0 0 0 0 0 0 0 0 0 0 0 0 0 0 0 0 0 0 0 0 0 0 0 0 0 0 0 0 0 0 0 0 0 0 0 0 0 0 0 0 0 0 0 0 0 0 0 0 0 0 0 0 0 0 0 0 0 0 0 0 0 0 0 0 0 0 0 0 0 0 0 0 0 0 0 0 0 0 0 0 0 0 0 0 0 0 0 0 0 0 0 0 0 0 0 0 0 0 0 0 0 0 0 0 0 0 0 0 0 0 0 0 0 0 0 0 0 0 0 0 0 0 0 0 0 0 0 0 0 0 0 0 0 0 0 0 0 0 0 0 0 0 0 0 0 0 0 0 0 0 0 0 0 0 0 0 0 0 0 0 0 0 0 0 0 0 0 0 0 0 0 0 0 0 0 0 0 0 0 0 0 0 0 0 0 0 0 0 0 0 0 0 0 0 0 0 0 0 0 0 0 0 0 0 0 0 0 0 0 0 0 0 0 0 0 0 0 0 0 0 0 0 0 0 0 0 0 0 0 0 0 0 0 0 0 0 0 0 0 0 0 0 0 0 0 0 0 0 0 0 0 0 0 0 0 0 0 0 0 0 0 0 0 0 0 0 0 0 0 0 0 0 0 0 0 0 0 0 0 0 0 0 0 0 0 0 0 0 0 0 0 0 0 0 0 0 0 0 0 0 0 0 0 0 0 0 0 0 0 0 0 0 0 0 0 0 0 0 0 0 0 0 0 0 0 0 0 0 0 0 0 0 0 0 0 0 0 0 0 0 0 0 0 0 0 0 0 0 0 0 0 0 0 0 0 0 0 0 0 0 0 0 0 0 0 0 0 0 0 0 0 0 0 0 0 0 0 0 0 0 0 0 0 0 0 0 0 0 0 0 0 0 0 0 0 0 0 0 0 0 0 0 0 0 0 0 0 0 0 0 0 0 0 0 0 0 0 0 0 0 0 0 0 0 0 0 0 0 0 0 0 0 0 0 0 0 0 0 0 0 0 0 0 0 0 0 0 0 0 0 0 0 0 0 0 0 0 0 0 0 0 0 0 0 0 0 0 0 0 0 0 0 0 0 0 0 0 0 0 0 0 0 0 0 0 0 0 0 0 0 0 0 0 0 0 0 0 0 0 0 0 0 0 0 0 0 0 0 0 0 0 0 0 0 0 0 0 0 0 0 0 0 0 0 0 0 0 0 0 0 0 0 0 0 0 0 0 0 0 0 0 0 0 0 0 0 0 0 0 0 0 0 0 0 0 0 0 0 0 0 0 0 0 0 0 0 0 0 0 0 0 0 0 0 0 0 0 0 0 0 0 0 0 0 0 0 0 0 0 0 0 0 0 0 0 0 0 0 0 0 0 0 0 0 0 0 0 0 0 0 0
ctxt 7030222
btime 1613064757
processes 153694
procs_running 1
procs_blocked 0
softirq 113676372 1 68743650 1794 1335454 0 0 176 3608290 0 39987007
