cpu  11907026 3 17601 6875461 457 0 1849 0 0 0
cpu0 330446 0 701 190817 1 0 359 0 0 0
cpu1 330948 0 552 190713 22 0 54 0 0 0
cpu2 330565 0 682 190953 17 0 104 0 0 0
cpu3 330708 0 523 191046 5 0 24 0 0 0
cpu4 330512 0 685 191070 3 0 28 0 0 0
cpu5 330678 0 440 191137 2 0 38 0 0 0
cpu6 330672 0 380 191195 6 0 36 0 0 0
cpu7 330498 0 612 191104 1 0 66 0 0 0
cpu8 330730 0 391 191147 1 0 24 0 0 0
cpu9 331116 0 395 190784 1 0 1 0 0 0
cpu10 330490 0 634 191130 6 0 22 0 0 0
cpu11 330646 0 409 191215 1 0 12 0 0 0
cpu12 330567 0 590 191073 38 0 8 0 0 0
cpu13 330932 0 408 190931 4 0 16 0 0 0
cpu14 330772 0 438 190989 88 0 11 0 0 0
cpu15 329561 0 1114 191059 49 0 498 0 0 0
cpu16 330709 0 515 191043 2 0 12 0 0 0
cpu17 330487 0 608 191151 2 0 34 0 0 0
cpu18 330794 0 342 191101 4 0 18 0 0 0
cpu19 331070 0 368 190807 15 0 5 0 0 0
cpu20 330552 0 646 191003 5 0 82 0 0 0
cpu21 330923 0 258 191106 1 0 5 0 0 0
cpu22 330756 0 374 191116 23 0 13 0 0 0
cpu23 330292 0 650 191224 0 0 124 0 0 0
cpu24 330695 0 357 191204 7 0 27 0 0 0
cpu25 330751 0 354 191140 13 0 28 0 0 0
cpu26 330915 0 260 191106 2 0 2 0 0 0
cpu27 331147 0 382 190737 16 0 1 0 0 0
cpu28 331546 0 808 189847 2 0 90 0 0 0
cpu29 331208 0 284 190770 1 0 5 0 0 0
cpu30 331229 0 475 190476 77 0 16 0 0 0
cpu31 330992 0 404 190864 1 0 16 0 0 0
cpu32 330856 0 262 191159 1 0 6 0 0 0
cpu33 330801 1 378 191060 6 0 26 0 0 0
cpu34 330716 0 460 191079 13 0 8 0 0 0
cpu35 330733 0 446 191087 2 0 12 0 0 0
intr 33129079 56 0 0 0 610 0 0 0 1 0 250 0 0 0 0 0 0 0 0 0 0 0 0 0 0 0 0 0 0 0 0 94 398 395 749 2629 142 620 1086 147 126 63 447 70 4604 386 3578 2237 409 372 245 356 400 167 1340 31 0 0 0 0 329 534 183 840 152 45 10205 147 67 724 492 201 0 0 17 10147 2 0 13722 286 3871 416 1923 3010 384 2494 1226 263 2956 880 802 393 915 107364 1447 3368 5719 395 355 1004 513 264 112 973 367 328 3422 1319 6229 3593 866 2500 1252 1446 0 16 7707 1 0 0 0 0 0 0 0 0 0 0 0 0 0 0 0 0 0 0 0 0 0 0 0 0 0 0 0 0 0 0 0 0 0 0 0 0 0 25 0 0 0 0 0 0 0 0 0 0 0 0 0 0 0 0 0 0 0 0 0 0 0 0 0 0 0 0 0 0 0 0 0 0 0 0 0 0 0 0 0 0 0 0 0 0 0 0 0 0 0 0 0 0 0 0 0 0 0 0 0 0 0 0 0 0 0 0 0 0 0 0 0 0 0 0 0 0 0 0 0 0 0 0 0 0 0 0 0 0 0 0 0 0 0 0 0 0 0 0 0 0 0 0 0 0 0 0 0 0 0 0 0 0 0 0 0 0 0 0 0 0 0 0 0 0 0 0 0 0 0 0 0 0 0 0 0 0 0 0 0 0 0 0 0 0 0 0 0 0 0 0 0 0 0 0 0 0 0 0 0 0 0 0 0 0 0 0 0 0 0 0 0 0 0 0 0 0 0 0 0 0 0 0 0 0 0 0 0 0 0 0 0 0 0 0 0 0 0 0 0 0 0 0 0 0 0 0 0 0 0 0 0 0 0 0 0 0 0 0 0 0 0 0 0 0 0 0 0 0 0 0 0 0 0 0 0 0 0 0 0 0 0 0 0 0 0 0 0 0 0 0 0 0 0 0 0 0 0 0 0 0 0 0 0 0 0 0 0 0 0 0 0 0 0 0 0 0 0 0 0 0 0 0 0 0 0 0 0 0 0 0 0 0 0 0 0 0 0 0 0 0 0 0 0 0 0 0 0 0 0 0 0 0 0 0 0 0 0 0 0 0 0 0 0 0 0 0 0 0 0 0 0 0 0 0 0 0 0 0 0 0 0 0 0 0 0 0 0 0 0 0 0 0 0 0 0 0 0 0 0 0 0 0 0 0 0 0 0 0 0 0 0 0 0 0 0 0 0 0 0 0 0 0 0 0 0 0 0 0 0 0 0 0 0 0 0 0 0 0 0 0 0 0 0 0 0 0 0 0 0 0 0 0 0 0 0 0 0 0 0 0 0 0 0 0 0 0 0 0 0 0 0 0 0 0 0 0 0 0 0 0 0 0 0 0 0 0 0 0 0 0 0 0 0 0 0 0 0 0 0 0 0 0 0 0 0 0 0 0 0 0 0 0 0 0 0 0 0 0 0 0 0 0 0 0 0 0 0 0 0 0 0 0 0 0 0 0 0 0 0 0 0 0 0 0 0 0 0 0 0 0 0 0 0 0 0 0 0 0 0 0 0 0 0 0 0 0 0 0 0 0 0 0 0 0 0 0 0 0 0 0 0 0 0 0 0 0 0 0 0 0 0 0 0 0 0 0 0 0 0 0 0 0 0 0 0 0 0 0 0 0 0 0 0 0 0 0 0 0 0 0 0 0 0 0 0 0 0 0 0 0 0 0 0 0 0 0 0 0 0 0 0 0 0 0 0 0 0 0 0 0 0 0 0 0 0 0 0 0 0 0 0 0 0 0 0 0 0 0 0 0 0 0 0 0 0 0 0 0 0 0 0 0 0 0 0 0 0 0 0 0 0 0 0 0 0 0 0 0 0 0 0 0 0 0 0 0 0 0 0 0 0 0 0 0 0 0 0 0 0 0 0 0 0 0 0 0 0 0 0 0 0 0 0 0 0 0 0 0 0 0 0 0 0 0 0 0 0 0 0 0 0 0 0 0 0 0 0 0 0 0 0 0 0 0 0 0 0 0 0 0 0 0 0 0 0 0 0 0 0 0 0 0 0 0 0 0 0 0 0 0 0 0 0 0 0 0 0 0 0 0 0 0 0 0 0 0 0 0 0 0 0 0 0 0 0 0 0 0 0 0 0 0 0 0 0 0 0 0 0 0 0 0 0 0 0 0 0 0 0 0 0 0 0 0 0 0 0 0 0 0 0 0 0 0 0 0 0 0 0 0 0 0 0 0 0 0 0 0 0 0 0 0 0 0 0 0 0 0 0 0 0 0 0 0 0 0 0 0 0 0 0 0 0 0 0 0 0 0 0 0 0 0 0 0 0 0 0 0 0 0 0 0 0 0 0 0 0 0 0 0 0 0 0 0 0 0 0 0 0 0 0 0 0 0 0 0 0 0 0 0 0 0 0 0 0 0 0 0 0 0 0 0 0 0 0 0 0 0 0 0 0 0 0 0 0 0 0 0 0 0 0 0 0 0 0 0 0 0 0 0 0 0 0 0 0 0 0 0 0 0 0 0 0 0 0 0 0 0 0 0 0 0 0 0 0 0 0 0 0 0 0 0 0 0 0 0 0 0 0 0 0 0 0 0 0 0 0 0 0 0 0 0 0 0 0 0 0 0 0 0 0 0 0 0 0 0 0 0 0 0 0 0 0 0 0 0 0 0 0 0 0 0 0 0 0 0 0 0 0 0 0 0 0 0 0 0 0 0 0 0 0 0 0 0 0 0 0 0 0 0 0 0 0 0 0 0 0 0 0 0 0 0 0 0 0 0 0 0 0 0 0 0 0 0 0 0 0 0 0 0 0 0 0 0 0 0 0 0 0 0 0 0 0 0 0 0 0 0
ctxt 9167292
btime 1613124388
processes 230361
procs_running 1
procs_blocked 0
softirq 42574454 1 24273187 608 1727285 0 0 174303 1184392 0 15214678
