cpu  2171948 5 11439 25197594 397 0 297 0 0 0
cpu0 16997 0 508 195992 0 0 176 0 0 0
cpu1 16947 0 78 196860 0 0 4 0 0 0
cpu2 16932 0 105 196895 16 0 0 0 0 0
cpu3 16968 0 71 196905 3 0 0 0 0 0
cpu4 16904 0 223 196779 0 0 5 0 0 0
cpu5 16960 0 95 196891 6 0 0 0 0 0
cpu6 16933 0 97 196920 0 0 1 0 0 0
cpu7 16966 0 67 196908 0 0 0 0 0 0
cpu8 17013 0 136 196781 10 0 0 0 0 0
cpu9 16953 0 70 196918 0 0 0 0 0 0
cpu10 16956 0 72 196919 0 0 0 0 0 0
cpu11 16956 0 70 196911 0 0 0 0 0 0
cpu12 16824 0 149 196929 0 0 6 0 0 0
cpu13 16952 0 73 196917 0 0 0 0 0 0
cpu14 16957 0 68 196923 0 0 0 0 0 0
cpu15 16966 0 76 196914 0 0 0 0 0 0
cpu16 16976 0 95 196870 1 0 0 0 0 0
cpu17 16948 0 61 196929 1 0 0 0 0 0
cpu18 16667 0 92 197167 0 0 2 0 0 0
cpu19 16956 0 62 196918 0 0 0 0 0 0
cpu20 16997 0 144 196794 0 0 2 0 0 0
cpu21 16933 0 84 196865 1 0 16 0 0 0
cpu22 16865 0 68 197008 0 0 2 0 0 0
cpu23 16956 0 64 196917 0 0 0 0 0 0
cpu24 16986 0 195 196679 0 0 0 0 0 0
cpu25 16946 0 73 196919 0 0 0 0 0 0
cpu26 16970 0 73 196891 0 0 0 0 0 0
cpu27 16956 0 55 196925 0 0 0 0 0 0
cpu28 16952 1 84 196899 0 0 1 0 0 0
cpu29 16947 0 75 196912 0 0 0 0 0 0
cpu30 16956 0 62 196923 0 0 0 0 0 0
cpu31 16960 0 64 196913 0 0 0 0 0 0
cpu32 16953 0 75 196906 1 0 0 0 0 0
cpu33 16948 0 71 196917 0 0 0 0 0 0
cpu34 16958 0 65 196909 0 0 0 0 0 0
cpu35 16956 0 68 196909 0 0 2 0 0 0
cpu36 16958 0 143 196828 4 0 1 0 0 0
cpu37 16958 0 72 196905 0 0 0 0 0 0
cpu38 16956 0 62 196919 0 0 0 0 0 0
cpu39 16956 0 65 196916 0 0 0 0 0 0
cpu40 17162 0 111 196652 1 0 0 0 0 0
cpu41 16958 0 81 196892 0 0 0 0 0 0
cpu42 16960 0 62 196909 0 0 0 0 0 0
cpu43 16919 0 66 196945 0 0 0 0 0 0
cpu44 16981 0 94 196846 5 0 0 0 0 0
cpu45 16947 0 65 196917 0 0 1 0 0 0
cpu46 16934 0 65 196932 0 0 0 0 0 0
cpu47 16958 0 61 196913 1 0 0 0 0 0
cpu48 17010 0 92 196825 0 0 1 0 0 0
cpu49 16951 0 66 196910 1 0 0 0 0 0
cpu50 16958 0 52 196922 0 0 0 0 0 0
cpu51 16960 0 58 196909 0 0 0 0 0 0
cpu52 17080 0 109 196723 1 0 0 0 0 0
cpu53 16976 0 58 196878 8 0 0 0 0 0
cpu54 16960 0 51 196914 0 0 0 0 0 0
cpu55 16957 0 62 196912 0 0 0 0 0 0
cpu56 17037 0 129 196757 1 0 0 0 0 0
cpu57 16961 0 68 196901 0 0 0 0 0 0
cpu58 16886 0 88 196948 0 0 0 0 0 0
cpu59 16957 0 72 196901 0 0 0 0 0 0
cpu60 17100 0 186 196622 1 0 0 0 0 0
cpu61 16964 0 72 196892 0 0 0 0 0 0
cpu62 16939 0 80 196903 0 0 2 0 0 0
cpu63 16956 0 64 196904 0 0 0 0 0 0
cpu64 17305 0 296 196276 20 0 7 0 0 0
cpu65 16979 0 63 196870 5 0 0 0 0 0
cpu66 16936 0 72 196917 1 0 0 0 0 0
cpu67 16957 0 51 196910 2 0 0 0 0 0
cpu68 17053 2 229 196605 24 0 7 0 0 0
cpu69 16955 0 66 196892 0 0 0 0 0 0
cpu70 16941 0 69 196915 0 0 0 0 0 0
cpu71 16927 0 83 196911 1 0 0 0 0 0
cpu72 17479 0 241 196011 165 0 0 0 0 0
cpu73 16963 0 70 196889 1 0 0 0 0 0
cpu74 16935 0 69 196918 0 0 0 0 0 0
cpu75 16960 0 67 196888 3 0 0 0 0 0
cpu76 16996 0 134 196790 1 0 0 0 0 0
cpu77 16957 0 69 196899 0 0 0 0 0 0
cpu78 16959 0 62 196901 0 0 0 0 0 0
cpu79 16956 0 63 196900 1 0 0 0 0 0
cpu80 17097 0 95 196716 8 0 4 0 0 0
cpu81 16951 0 74 196902 0 0 0 0 0 0
cpu82 16956 0 67 196897 0 0 0 0 0 0
cpu83 16958 0 52 196906 0 0 0 0 0 0
cpu84 16797 0 180 196901 1 0 20 0 0 0
cpu85 16946 0 75 196892 0 0 0 0 0 0
cpu86 16957 0 60 196898 0 0 0 0 0 0
cpu87 16958 0 63 196897 0 0 0 0 0 0
cpu88 16960 0 72 196880 0 0 0 0 0 0
cpu89 16928 0 74 196911 0 0 0 0 0 0
cpu90 16955 0 66 196894 0 0 0 0 0 0
cpu91 16956 0 64 196892 0 0 1 0 0 0
cpu92 16958 0 79 196878 0 0 0 0 0 0
cpu93 16952 0 65 196886 1 0 0 0 0 0
cpu94 16956 0 64 196892 0 0 0 0 0 0
cpu95 16962 0 67 196876 3 0 0 0 0 0
cpu96 16936 0 93 196879 0 0 2 0 0 0
cpu97 16956 0 68 196883 0 0 0 0 0 0
cpu98 16957 0 67 196889 0 0 0 0 0 0
cpu99 16957 0 56 196895 0 0 0 0 0 0
cpu100 16953 0 84 196871 0 0 0 0 0 0
cpu101 16955 0 67 196892 0 0 0 0 0 0
cpu102 16960 0 70 196881 1 0 0 0 0 0
cpu103 16959 0 67 196879 0 0 0 0 0 0
cpu104 17171 0 128 196600 0 0 0 0 0 0
cpu105 16954 0 68 196882 0 0 0 0 0 0
cpu106 16958 0 66 196883 0 0 0 0 0 0
cpu107 16956 0 65 196883 0 0 0 0 0 0
cpu108 17048 0 93 196728 35 0 0 0 0 0
cpu109 16954 0 66 196880 0 0 0 0 0 0
cpu110 16899 0 88 196901 8 0 0 0 0 0
cpu111 16958 0 51 196899 0 0 0 0 0 0
cpu112 17018 0 82 196803 4 0 0 0 0 0
cpu113 16956 0 77 196834 1 0 0 0 0 0
cpu114 16958 0 57 196889 0 0 0 0 0 0
cpu115 16956 0 59 196883 0 0 0 0 0 0
cpu116 16928 0 202 196748 2 0 15 0 0 0
cpu117 16957 0 68 196868 0 0 0 0 0 0
cpu118 16959 0 63 196883 0 0 0 0 0 0
cpu119 16958 0 53 196889 0 0 0 0 0 0
cpu120 17065 0 106 196725 4 0 0 0 0 0
cpu121 16960 0 65 196874 0 0 0 0 0 0
cpu122 16940 0 91 196861 0 0 0 0 0 0
cpu123 16956 0 63 196880 0 0 0 0 0 0
cpu124 17094 0 186 196607 3 0 0 0 0 0
cpu125 16963 0 92 196809 0 0 0 0 0 0
cpu126 16959 0 92 196845 0 0 0 0 0 0
cpu127 16960 0 67 196874 0 0 0 0 0 0
intr 7542190 133 0 0 0 680 0 0 0 1 0 272 0 0 0 0 0 0 0 0 0 0 0 0 0 0 0 0 0 0 0 0 0 0 0 0 260 0 513 105 7 10 3711 0 4 191 390 0 0 6 492 1 0 0 2 3 41 0 1068 28751 7 0 1034 0 0 0 749 43 0 0 2 1 12 0 889 3 0 0 69 15 35 1 297 0 0 2 369 225 0 22 0 0 72 0 0 0 15 0 281 2 0 1 8047 40 0 0 4740 0 0 3 153 0 0 0 0 2 0 0 3822 0 0 0 12 0 0 0 5 1 0 0 0 0 0 0 1323 0 0 0 373 1 0 0 7 0 0 0 0 16 0 0 0 0 0 0 0 0 0 0 0 0 0 0 0 0 0 0 0 1704 867 13589 147 373 439 45 14 22 1643 133 252 10 153 57 94 122 2 9 3142 279 120 125 168 260 3913 82 7 14 2 60 183 4 34 0 0 0 0 0 0 0 0 0 0 0 0 0 0 0 0 21 7 3 177 18 0 0 2 3 4 11 3 0 4 49 51 10 29 9 13 53 20 14 3 6 9 5 1 14 8 4 67 4 285 4 4 2 14 261 696 113 43 43 3 15 65 6 0 4 22 9 9 8 6 5 2 11 1 2 3 4 9 161 0 0 0 0 0 0 0 0 0 0 0 0 0 0 0 0 0 0 0 0 0 0 0 0 0 0 0 0 0 0 0 0 0 0 0 0 0 0 0 0 0 0 0 0 0 0 0 0 0 0 0 0 0 0 0 0 0 0 0 0 0 0 0 0 0 0 0 0 0 0 0 0 0 0 0 0 0 0 0 0 0 0 0 0 0 0 0 0 0 0 0 0 0 0 0 0 0 0 0 0 0 0 0 0 0 0 0 0 0 0 0 0 0 0 0 0 0 0 0 0 0 0 0 0 0 0 0 0 0 0 0 0 0 0 0 0 0 0 0 0 0 0 0 0 0 0 0 0 0 0 0 0 0 0 0 0 0 0 0 0 0 0 0 0 0 0 0 0 0 0 0 0 0 0 0 0 0 0 0 0 0 0 0 0 0 0 0 0 0 0 0 0 0 0 0 0 0 0 0 0 0 0 0 0 0 0 0 0 0 0 0 0 0 0 0 0 0 0 0 0 0 0 0 0 0 0 0 0 0 0 0 0 0 0 0 0 0 0 0 0 0 0 0 0 0 0 0 0 0 0 0 0 0 0 0 0 0 0 0 0 0 0 0 0 0 0 0 0 0 0 0 0 0 0 0 0 0 0 0 0 0 0 0 0 0 0 0 0 0 0 0 0 0 0 0 0 0 0 0 0 0 0 0 0 0 0 0 0 0 0 0 0 0 0 0 0 0 0 0 0 0 0 0 0 0 0 0 0 0 0 0 0 0 0 0 0 0 0 0 0 0 0 0 0 0 0 0 0 0 0 0 0 0 0 0 0 0 0 0 0 0 0 0 0 0 0 0 0 0 0 0 0 0 0 0 0 0 0 0 0 0 0 0 0 0 0 0 0 0 0 0 0 0 0 0 0 0 0 0 0 0 0 0 0 0 0 0 0 0 0 0 0 0 0 0 0 0 0 0 0 0 0 0 0 0 0 0 0 0 0 0 0 0 0 0 0 0 0 0 0 0 48 0 0 0 0 0 0 0 3 0 0 0 0 0 0 0 0 0 0 0 0 0 0 0 0 0 0 0 0 0 0 0 0 0 0 0 0 0 0 0 0 0 0 0 0 0 0 0 0 0 0 0 0 0 0 0 0 0 0 0 0 0 0 0 0 0 0 48 0 0 0 0 0 0 0 0 23 0 0 0 0 0 0 0 0 0 0 0 0 0 0 0 0 0 0 0 0 0 0 0 0 0 0 0 0 0 0 0 0 0 0 0 0 0 0 0 0 0 0 0 0 0 0 0 0 0 0 0 0 0 0 0 0 0 0 0 0 0 0 0 0 0 0 0 0 0 0 0 0 0 0 0 0 0 0 0 0 0 0 0 0 0 0 0 0 0 0 0 0 0 0 0 0 0 0 0 0 0 0 0 0 0 0 0 0 0 0 0 0 0 0 0 0 0 0 0 0 0 0 0 0 0 0 0 0 0 0 0 0 0 0 0 0 0 0 0 0 0 0 0 0 0 0 0 0 0 0 0 0 0 0 0 0 0 0 0 0 0 0 0 0 0 0 0 0 0 0 0 0 0 0 0 0 0 0 0 0 0 0 0 0 0 0 0 0 0 0 0 0 0 0 0 0 0 0 0 0 0 0 0 0 0 0 0 0 0 0 0 0 0 0 0 0 0 0 0 0 0 0 0 0 0 0 0 0 0 0 0 0 0 0 0 0 0 0 0 0 0 0 0 0 0 0 0 0 0 0 0 0 0 0 0 0 0 0 0 0 0 0 0 0 0 0 0 0 0 0 0 0 0 0 0 0 0 0 0 0 0 0 0 0 0 0 0 0 0 0 0 0 0 0 0 0 0 0 0 0 0 0 0 0 0 0 0 0 0 0 0 0 0 0 0 0 0 0 0 0 0 0 0 0 0 0 0 0 0 0 0 0 0 0 0 0 0 0 0 0 0 0 0 0 0 0 0 0 0 0 0 0 0 0 0 0 0 0 0 0 0 0 0 0 0 0 0 0 0 0 0 0 0 0 0 0 0 0 0 0 0 0 0 0 0 0 0 0 0 0 0 0 0 0 0 0 0 0 0 0 0 0 0 0 0 0 0 0 0 0 0 0 0 0 0 0 0 0 0 0 0 0 0 0 0 0 0 0 0 0 0 0 0 0 0 0 0 0 0 0 0 0 0 0 0 0 0 0 0 0 0 0 0 0 0 0 0 0 0 0 0 0 0 0 0 0 0 0 0 0 0 0 0 0 0 0 0 0 0 0 0 0 0 0 0 0 0 0 0 0 0 0 0 0 0 0 0 0 0 0 0 0 0 0 0 0 0 0 0 0 0 0 0 0 0 0 0 0 0 0 0 0 0 0 0 0 0 0 0 0 0 0 0 0 0 0 0 0 0 0 0 0 0 0 0 0 0 0 0 0 0 0 0 0 0 0 0 0 0 0 0 0 0 0 0 0 0 0 0 0 0 0 0 0 0 0 0 0 0 0 0 0 0 0 0 0 0 0 0 0 0 0 0 0 0 0 0 0 0 0 0 0 0 0 0 0 0 0 0 0 0 0 0 0 0 0 0 0 0 0 0 0 0 0 0 0 0 0 0 0 0 0 0 0 0 0 0 0 0 0 0 0 0 0 0 0 0 0 0 0 0 0 0 0 0 0 0 0 0 0 0 0 0 0 0 0 0 0 0 0 0 0 0 0 0 0 0 0 0 0 0 0 0 0 0 0 0 0 0 0 0 0 0 0 0 0 0 0 0 0 0 0 0 0 0 0 0 0 0 0 0 0 0 0 0 0 0 0 0 0 0 0 0 0 0 0 0 0 0 0 0 0 0 0 0 0 0 0 0 0 0 0 0 0 0 0 0 0 0 0 0 0 0 0 0 0 0 0 0 0 0 0 0 0 0 0 0 0 0 0 0 0 0 0 0 0 0 0 0 0 0 0 0 0 0 0 0 0 0 0 0 0 0 0 0 0 0 0 0 0 0 0 0 0 0 0 0 0 0 0 0 0 0 0 0 0 0 0 0 0 0 0 0 0 0 0 0 0 0 0 0 0 0 0 0 0 0 0 0 0 0 0 0 0 0 0 0 0 0 0 0 0 0 0 0 0 0 0 0 0 0 0 0 0 0 0 0 0 0 0 0 0 0 0 0 0 0 0 0 0 0 0 0 0 0 0 0 0 0 0 0 0 0 0 0 0 0 0 0 0 0 0 0 0 0 0 0 0 0 0 0 0 0 0 0 0 0 0 0 0 0 0 0 0 0 0 0 0 0 0 0 0 0 0 0 0 0 0 0 0 0 0 0 0 0 0 0 0 0 0 0 0 0 0 0 0 0 0 0 0 0 0 0 0 0 0 0 0 0 0 0 0 0 0 0 0 0 0 0 0 0 0 0 0 0 0 0 0 0 0 0 0 0 0 0 0 0 0 0 0 0 0 0 0 0 0 0 0 0 0 0 0 0 0 0 0 0 0 0 0 0 0 0 0 0 0 0 0 0 0 0 0 0 0 0 0 0 0 0 0 0 0 0 0 0 0 0 0 0 0 0 0 0 0 0 0 0 0 0 0 0 0 0 0 0 0 0 0 0 0 0 0 0 0 0 0 0 0 0 0 0 0 0 0 0 0 0 0 0 0 0 0 0 0 0 0 0 0 0 0 0 0 0 0 0 0 0 0 0 0 0 0 0 0 0 0 0 0 0 0 0 0 0 0 0 0 0 0 0 0 0 0 0 0 0 0 0 0 0 0 0 0 0 0 0 0 0 0 0 0 0 0 0 0 0 0 0 0 0 0 0 0 0 0 0 0 0 0 0 0 0 0 0 0 0 0 0 0 0 0 0 0 0 0 0 0 0 0 0 0 0 0 0 0 0 0 0 0 0 0 0 0 0 0 0 0 0 0 0 0 0 0 0 0 0 0 0 0 0 0 0 0 0 0 0 0 0 0 0 0 0 0 0 0 0 0 0 0 0 0 0 0 0 0 0 0 0 0 0 0 0 0 0 0 0 0 0 0 0 0 0 0 0 0 0 0 0 0 0 0 0 0 0 0 0 0 0 0 0 0 0 0 0 0 0 0 0 0 0 0 0 0 0 0 0 0 0 0 0 0 0 0 0 0 0 0 0 0 0 0 0 0 0 0 0 0 0 0 0 0 0 0 0 0 0 0 0 0 0 0 0 0 0 0 0 0 0 0 0 0 0 0 0 0 0 0 0 0 0 0 0 0 0 0 0 0 0 0 0 0 0 0 0 0 0 0 0 0 0 0 0 0 0 0 0 0 0 0 0 0 0 0 0 0 0 0 0 0 0 0 0 0 0 0 0 0 0 0 0 0 0 0 0 0 0 0 0 0 0 0 0 0 0 0 0 0 0 0 0 0 0 0 0 0 0 0 0 0 0 0 0 0 0 0 0 0 0 0 0 0 0 0 0 0 0 0 0 0 0 0 0 0 0 0 0 0 0 0 0 0 0 0 0 0 0 0 0 0 0 0 0 0 0 0 0 0 0 0 0 0 0 0 0 0 0 0 0 0 0 0 0 0 0 0 0 0 0 0 0 0 0 0 0 0 0 0 0 0 0 0 0 0 0 0 0 0 0 0 0 0 0 0 0 0 0 0 0 0 0 0 0 0 0 0 0 0 0 0 0 0 0 0 0 0 0 0 0 0 0 0 0 0 0 0 0 0 0 0 0 0 0 0 0 0 0 0 0 0 0 0 0 0 0 0 0 0 0 0 0 0 0 0 0 0 0 0 0 0 0 0 0 0 0 0 0 0 0 0 0 0 0 0 0 0 0 0 0 0 0 0 0 0 0 0 0 0 0 0 0 0 0 0 0 0 0 0 0 0 0 0 0 0 0 0 0 0 0 0 0 0 0 0 0 0 0 0 0 0 0 0 0 0 0 0 0 0 0 0 0 0 0 0 0 0 0 0 0 0 0 0 0 0 0 0 0 0 0 0 0 0 0 0 0 0 0 0 0 0 0 0 0 0 0 0 0 0 0 0 0 0 0 0 0 0 0 0 0 0 0 0 0 0 0 0 0 0 0 0 0 0 0 0 0 0 0 0 0 0 0 0 0 0 0 0 0 0 0 0 0 0 0 0 0 0 0 0 0 0 0 0 0 0 0 0 0 0 0 0 0 0 0 0 0 0 0 0 0 0 0 0 0 0 0 0 0 0 0 0 0 0 0 0 0 0 0 0 0 0 0 0 0 0 0 0 0 0 0 0 0 0 0 0 0 0 0 0 0 0 0 0 0 0 0 0 0 0 0 0 0 0 0 0 0 0 0 0 0 0 0 0 0 0 0 0 0 0 0 0 0 0 0 0 0 0 0 0 0 0 0 0 0 0 0 0 0 0 0 0 0 0 0 0 0 0 0 0 0 0 0 0 0 0 0 0 0 0 0 0 0 0 0 0 0 0 0 0 0 0 0 0 0 0 0 0 0 0 0 0 0 0 0 0 0 0 0 0 0 0 0 0 0 0 0 0 0 0 0 0 0 0 0 0 0 0 0 0 0 0 0 0 0 0 0 0 0 0 0 0 0 0 0 0 0 0 0 0 0 0 0 0 0 0 0 0 0 0 0 0 0 0 0 0 0 0 0 0 0 0 0 0 0 0 0 0 0 0 0 0 0 0 0 0 0 0 0 0 0 0 0 0 0 0 0 0 0 0 0 0 0 0 0 0 0 0 0 0 0 0 0 0 0 0 0 0 0 0 0 0 0 0 0 0 0 0 0 0 0 0 0 0 0 0 0 0 0 0 0 0 0 0 0 0 0 0 0 0 0 0 0 0 0 0 0 0 0 0 0 0 0 0 0 0 0 0 0 0 0 0 0 0 0 0 0 0 0 0 0 0 0 0 0 0 0 0 0 0 0 0 0 0 0 0 0 0 0 0 0 0 0 0 0 0 0 0 0 0 0 0 0 0 0 0 0 0 0 0 0 0 0 0 0 0 0 0 0 0 0 0 0 0 0 0 0 0 0 0 0 0 0 0 0 0 0 0 0 0 0 0 0 0 0 0 0 0 0 0 0 0 0 0 0 0 0 0 0 0 0 0 0 0 0 0 0 0 0 0 0 0 0 0 0 0 0 0 0 0 0 0 0 0 0 0 0 0 0 0 0 0 0 0 0 0 0 0 0 0 0 0 0 0 0 0 0 0 0 0 0 0 0 0 0 0 0 0 0 0 0 0 0 0 0 0 0 0 0 0 0 0 0 0 0 0 0 0 0 0 0 0 0 0 0 0 0 0 0 0 0 0 0 0 0 0 0 0 0 0 0 0 0 0 0 0 0 0 0 0 0 0 0 0 0 0 0 0 0 0 0 0 0 0 0 0 0 0 0 0 0 0 0 0 0 0 0 0 0 0 0 0 0 0 0 0 0 0 0 0 0 0 0 0 0 0 0 0 0 0 0 0 0 0 0 0 0 0 0 0 0 0 0 0 0 0 0 0 0 0 0 0 0 0 0 0 0 0 0 0 0 0 0 0 0 0 0 0 0 0 0 0 0 0 0 0 0 0 0 0 0 0 0 0 0 0 0 0 0 0 0 0 0 0 0 0 0 0 0 0 0 0 0 0 0 0 0 0 0 0 0 0 0 0 0 0 0 0 0 0 0 0 0 0 0 0 0 0 0 0 0 0 0 0 0 0 0 0 0 0 0 0 0 0 0 0 0 0 0 0 0 0 0 0 0 0 0 0 0 0 0 0 0 0 0 0 0 0 0 0 0 0 0 0 0 0 0 0 0 0 0 0 0 0 0 0 0 0 0 0 0 0 0 0 0 0 0 0 0 0 0 0 0 0 0 0 0 0 0 0 0 0 0 0 0 0 0 0 0 0 0 0 0 0 0 0 0 0 0 0 0 0 0 0 0 0 0 0 0 0 0 0 0 0 0 0 0 0 0 0 0 0 0 0 0 0 0 0 0 0 0 0 0 0 0 0 0 0 0 0 0 0 0 0 0 0 0 0 0 0 0 0 0 0 0 0 0 0 0 0 0 0 0 0 0 0 0 0 0 0 0 0 0 0 0 0 0 0 0 0 0 0 0 0 0 0 0 0 0 0 0 0 0 0 0 0 0 0 0 0 0 0 0 0 0 0 0 0 0 0 0 0 0 0 0 0 0 0 0 0 0 0 0 0 0 0 0 0 0 0 0 0 0 0 0 0 0 0 0 0 0 0 0 0 0 0 0 0 0 0 0 0 0 0 0 0 0 0 0 0 0 0 0 0 0 0 0 0 0 0 0 0 0 0 0 0 0 0 0 0 0 0 0 0 0 0 0 0 0 0 0 0 0 0 0 0 0 0 0 0 0 0 0 0 0 0 0 0 0 0 0 0 0 0 0 0 0 0 0 0 0 0 0 0 0 0 0 0 0 0 0 0 0 0 0 0 0 0 0 0 0 0 0 0 0 0 0 0 0 0 0 0 0 0 0 0 0 0 0 0 0 0 0 0 0 0 0 0 0 0 0 0 0 0 0 0 0 0 0 0 0 0 0 0 0 0 0 0 0 0 0 0 0 0 0 0 0 0 0 0 0 0 0 0 0 0 0 0 0 0 0 0 0 0 0 0 0 0 0 0 0 0 0 0 0 0 0 0 0 0 0 0 0 0 0 0 0 0 0 0 0 0 0 0 0 0 0 0 0 0 0 0 0 0 0 0 0 0 0 0 0 0 0 0 0 0 0 0 0 0 0 0 0 0 0 0 0 0 0 0 0 0 0 0 0 0 0 0 0 0 0 0 0 0 0 0 0 0 0 0 0 0 0 0 0 0 0 0 0 0 0 0 0 0 0 0 0 0 0 0 0 0 0 0 0 0 0 0 0 0 0 0 0 0 0 0 0 0 0 0 0 0 0 0 0 0 0 0 0 0 0 0 0 0 0 0 0 0 0 0 0 0 0 0 0 0 0 0 0 0 0 0 0 0 0 0 0 0 0 0 0 0 0 0 0 0 0 0 0 0 0 0 0 0 0 0 0 0 0 0 0 0 0 0 0 0 0 0 0 0 0 0 0 0 0 0 0 0 0 0 0 0 0 0 0 0 0 0 0 0 0 0 0 0 0 0 0 0 0 0 0 0 0 0 0 0 0 0 0 0 0 0 0 0 0 0 0 0 0 0 0 0 0 0 0 0 0 0 0 0 0 0 0 0 0 0 0 0 0 0 0 0 0 0 0 0 0 0 0 0 0 0 0 0 0 0 0 0 0 0 0 0 0 0 0 0 0 0 0 0 0 0 0 0 0 0 0 0 0 0 0 0 0 0 0 0 0 0 0 0 0 0 0 0 0 0 0 0 0 0 0 0 0 0 0 0 0 0 0 0 0 0 0 0 0 0 0 0 0 0 0 0 0 0 0 0 0 0 0 0 0 0 0 0 0 0 0 0 0 0 0 0 0 0 0 0 0 0 0 0 0 0 0 0 0 0 0 0 0 0 0 0 0 0 0 0 0 0 0 0 0 0 0 0 0 0 0 0 0 0 0 0 0 0 0 0 0 0 0 0 0 0 0 0 0 0 0 0 0 0 0 0 0 0 0 0 0 0 0 0 0 0 0 0 0 0 0 0 0 0 0 0 0 0 0 0 0 0 0 0 0 0 0 0 0 0 0 0 0 0 0 0 0 0 0 0 0 0 0 0 0 0 0 0 0 0 0 0 0 0 0 0 0 0 0 0 0 0 0 0 0 0 0 0 0 0 0 0 0 0 0 0 0 0 0 0 0 0 0 0 0 0 0 0 0 0 0 0 0 0 0 0 0 0 0 0 0 0 0 0 0 0 0 0 0 0 0 0 0 0 0 0 0 0 0 0 0 0 0 0 0 0 0 0 0 0 0 0 0 0 0 0 0 0 0 0 0 0 0 0 0 0 0 0 0 0 0 0 0 0 0 0 0 0 0 0 0 0 0 0 0 0 0 0 0 0 0 0 0 0 0 0 0 0 0 0 0 0 0 0 0 0 0 0 0 0 0 0 0 0 0 0 0 0 0 0 0 0 0 0 0 0 0 0 0 0 0 0 0 0 0 0 0 0 0 0 0 0 0 0 0 0 0 0 0 0 0 0 0 0 0 0 0 0 0 0 0 0 0 0 0 0 0 0 0 0 0 0 0 0 0 0 0 0 0 0 0 0 0 0 0 0 0 0 0 0 0 0 0 0 0 0 0 0 0 0 0 0 0 0 0 0 0 0 0 0 0 0 0 0 0 0 0 0 0 0 0 0 0 0 0 0 0 0 0 0 0 0 0 0 0 0 0 0 0 0 0 0 0 0 0 0 0 0 0 0 0 0 0 0 0 0 0 0 0 0 0 0 0 0 0 0 0 0 0 0 0 0 0 0 0 0 0 0 0 0 0 0 0 0 0 0 0 0 0 0 0
ctxt 1298792
btime 1613064757
processes 25637
procs_running 1
procs_blocked 0
softirq 7464500 1 4200567 982 196367 0 0 162 475351 0 2591070
