cpu  3668575 4 6914 6577779 416 0 670 0 0 0
cpu0 101800 1 266 182549 0 0 110 0 0 0
cpu1 101898 0 277 182631 1 0 9 0 0 0
cpu2 102273 0 368 182086 79 0 19 0 0 0
cpu3 101875 0 162 182794 1 0 13 0 0 0
cpu4 101822 0 171 182856 0 0 5 0 0 0
cpu5 101873 0 108 182874 0 0 2 0 0 0
cpu6 101920 0 200 182634 72 0 22 0 0 0
cpu7 101820 0 226 182773 3 0 16 0 0 0
cpu8 101906 0 185 182745 6 0 5 0 0 0
cpu9 101868 0 208 182770 1 0 7 0 0 0
cpu10 101929 0 161 182752 5 0 6 0 0 0
cpu11 101920 0 170 182748 2 0 4 0 0 0
cpu12 101356 0 664 182703 4 0 112 0 0 0
cpu13 101863 0 236 182718 1 0 18 0 0 0
cpu14 101836 0 233 182774 8 0 6 0 0 0
cpu15 101925 0 134 182784 2 0 2 0 0 0
cpu16 101741 0 231 182852 0 0 23 0 0 0
cpu17 101897 0 92 182833 22 0 3 0 0 0
cpu18 101859 0 136 182827 13 0 9 0 0 0
cpu19 102106 0 118 182614 9 0 3 0 0 0
cpu20 101901 0 197 182697 45 0 2 0 0 0
cpu21 101937 0 73 182823 10 0 0 0 0 0
cpu22 101963 0 135 182694 50 0 2 0 0 0
cpu23 101958 0 110 182771 4 0 2 0 0 0
cpu24 102019 0 98 182729 1 0 0 0 0 0
cpu25 101876 0 189 182774 1 0 1 0 0 0
cpu26 101813 0 314 182667 13 0 40 0 0 0
cpu27 101918 0 122 182798 4 0 2 0 0 0
cpu28 101902 0 143 182793 4 0 4 0 0 0
cpu29 101713 0 239 182711 2 0 172 0 0 0
cpu30 101944 0 175 182720 3 0 2 0 0 0
cpu31 101948 0 186 182689 14 0 11 0 0 0
cpu32 101980 0 132 182735 1 0 2 0 0 0
cpu33 102349 0 120 182368 2 0 2 0 0 0
cpu34 101849 0 226 182731 8 0 20 0 0 0
cpu35 102003 0 95 182745 7 0 1 0 0 0
intr 10383901 56 0 0 0 611 0 0 0 1 0 250 0 0 0 0 0 0 0 0 0 0 0 0 0 0 0 0 0 0 0 0 93 160 59 9804 100 3009 24 3146 299 284 149 257 101 395 199 319 341 139 500 2537 464 3404 859 1772 304 0 0 0 0 68 87 350 207 325 760 163 490 81 104 382 609 0 0 16 10024 1120 0 4648 60 380 30 743 236 28 476 233 287 60 18 9887 6997 873 175 556 43 705 199 56 10 211 113 55 486 1449 234 333 24800 88 215 251 91 4169 1691 0 16 7535 1 0 0 0 0 0 0 0 0 0 0 0 0 0 0 0 0 0 0 0 0 0 0 0 0 0 0 0 0 0 0 0 0 0 0 0 0 0 25 0 0 0 0 0 0 0 0 0 0 0 0 0 0 0 0 0 0 0 0 0 0 0 0 0 0 0 0 0 0 0 0 0 0 0 0 0 0 0 0 0 0 0 0 0 0 0 0 0 0 0 0 0 0 0 0 0 0 0 0 0 0 0 0 0 0 0 0 0 0 0 0 0 0 0 0 0 0 0 0 0 0 0 0 0 0 0 0 0 0 0 0 0 0 0 0 0 0 0 0 0 0 0 0 0 0 0 0 0 0 0 0 0 0 0 0 0 0 0 0 0 0 0 0 0 0 0 0 0 0 0 0 0 0 0 0 0 0 0 0 0 0 0 0 0 0 0 0 0 0 0 0 0 0 0 0 0 0 0 0 0 0 0 0 0 0 0 0 0 0 0 0 0 0 0 0 0 0 0 0 0 0 0 0 0 0 0 0 0 0 0 0 0 0 0 0 0 0 0 0 0 0 0 0 0 0 0 0 0 0 0 0 0 0 0 0 0 0 0 0 0 0 0 0 0 0 0 0 0 0 0 0 0 0 0 0 0 0 0 0 0 0 0 0 0 0 0 0 0 0 0 0 0 0 0 0 0 0 0 0 0 0 0 0 0 0 0 0 0 0 0 0 0 0 0 0 0 0 0 0 0 0 0 0 0 0 0 0 0 0 0 0 0 0 0 0 0 0 0 0 0 0 0 0 0 0 0 0 0 0 0 0 0 0 0 0 0 0 0 0 0 0 0 0 0 0 0 0 0 0 0 0 0 0 0 0 0 0 0 0 0 0 0 0 0 0 0 0 0 0 0 0 0 0 0 0 0 0 0 0 0 0 0 0 0 0 0 0 0 0 0 0 0 0 0 0 0 0 0 0 0 0 0 0 0 0 0 0 0 0 0 0 0 0 0 0 0 0 0 0 0 0 0 0 0 0 0 0 0 0 0 0 0 0 0 0 0 0 0 0 0 0 0 0 0 0 0 0 0 0 0 0 0 0 0 0 0 0 0 0 0 0 0 0 0 0 0 0 0 0 0 0 0 0 0 0 0 0 0 0 0 0 0 0 0 0 0 0 0 0 0 0 0 0 0 0 0 0 0 0 0 0 0 0 0 0 0 0 0 0 0 0 0 0 0 0 0 0 0 0 0 0 0 0 0 0 0 0 0 0 0 0 0 0 0 0 0 0 0 0 0 0 0 0 0 0 0 0 0 0 0 0 0 0 0 0 0 0 0 0 0 0 0 0 0 0 0 0 0 0 0 0 0 0 0 0 0 0 0 0 0 0 0 0 0 0 0 0 0 0 0 0 0 0 0 0 0 0 0 0 0 0 0 0 0 0 0 0 0 0 0 0 0 0 0 0 0 0 0 0 0 0 0 0 0 0 0 0 0 0 0 0 0 0 0 0 0 0 0 0 0 0 0 0 0 0 0 0 0 0 0 0 0 0 0 0 0 0 0 0 0 0 0 0 0 0 0 0 0 0 0 0 0 0 0 0 0 0 0 0 0 0 0 0 0 0 0 0 0 0 0 0 0 0 0 0 0 0 0 0 0 0 0 0 0 0 0 0 0 0 0 0 0 0 0 0 0 0 0 0 0 0 0 0 0 0 0 0 0 0 0 0 0 0 0 0 0 0 0 0 0 0 0 0 0 0 0 0 0 0 0 0 0 0 0 0 0 0 0 0 0 0 0 0 0 0 0 0 0 0 0 0 0 0 0 0 0 0 0 0 0 0 0 0 0 0 0 0 0 0 0 0 0 0 0 0 0 0 0 0 0 0 0 0 0 0 0 0 0 0 0 0 0 0 0 0 0 0 0 0 0 0 0 0 0 0 0 0 0 0 0 0 0 0 0 0 0 0 0 0 0 0 0 0 0 0 0 0 0 0 0 0 0 0 0 0 0 0 0 0 0 0 0 0 0 0 0 0 0 0 0 0 0 0 0 0 0 0 0 0 0 0 0 0 0 0 0 0 0 0 0 0 0 0 0 0 0 0 0 0 0 0 0 0 0 0 0 0 0 0 0 0 0 0 0 0 0 0 0 0 0 0 0 0 0 0 0 0 0 0 0 0 0 0 0 0 0 0 0 0 0 0 0 0 0 0 0 0 0 0 0 0 0 0 0 0 0 0 0 0 0 0 0 0 0 0 0 0 0 0 0 0 0 0 0 0 0 0 0 0 0 0 0 0 0 0 0 0 0 0 0 0 0 0 0 0 0 0 0 0 0 0 0 0 0 0 0 0 0 0 0 0 0 0 0 0 0 0 0 0 0 0 0 0 0 0 0 0 0 0 0 0 0 0 0 0 0 0 0 0 0 0 0 0 0 0 0 0 0 0 0 0 0 0 0 0 0 0 0 0 0 0 0 0 0 0 0 0 0 0 0 0 0 0 0 0 0 0 0 0 0 0 0 0 0 0 0 0 0 0 0 0 0 0 0 0 0 0 0 0 0 0 0 0 0 0 0 0 0 0 0 0 0 0 0 0 0 0 0 0
ctxt 3000622
btime 1613124388
processes 70610
procs_running 1
procs_blocked 0
softirq 13515170 1 7755508 285 513040 0 0 58825 445159 0 4742352
