cpu  33798184 8 56799 4497292 180 0 5061 0 0 0
cpu0 526862 0 2269 69840 0 0 344 0 0 0
cpu1 527704 0 1159 70351 9 0 143 0 0 0
cpu2 527566 0 1848 69778 1 0 160 0 0 0
cpu3 527553 0 1122 70512 4 0 155 0 0 0
cpu4 527992 0 1556 69606 8 0 110 0 0 0
cpu5 528458 0 359 70502 4 0 25 0 0 0
cpu6 527430 0 1312 70449 1 0 150 0 0 0
cpu7 527808 0 999 70398 2 0 143 0 0 0
cpu8 527273 0 1569 70431 0 0 67 0 0 0
cpu9 528454 0 400 70444 3 0 50 0 0 0
cpu10 527731 0 1240 70267 3 0 94 0 0 0
cpu11 528106 0 682 70464 2 0 92 0 0 0
cpu12 527274 0 1606 70386 1 0 78 0 0 0
cpu13 528476 0 451 70363 1 0 46 0 0 0
cpu14 527374 0 1495 70384 0 0 93 0 0 0
cpu15 528382 0 632 70228 2 0 90 0 0 0
cpu16 526498 0 2199 70445 0 0 199 0 0 0
cpu17 528279 0 508 70307 1 0 230 0 0 0
cpu18 527052 0 1913 70210 0 0 172 0 0 0
cpu19 528376 0 506 70396 1 0 56 0 0 0
cpu20 527568 0 1293 70268 49 0 117 0 0 0
cpu21 528554 0 334 70431 11 0 16 0 0 0
cpu22 527516 0 1227 70478 1 0 121 0 0 0
cpu23 528402 0 420 70482 8 0 36 0 0 0
cpu24 527950 0 987 70355 1 0 41 0 0 0
cpu25 528549 0 264 70526 1 0 10 0 0 0
cpu26 527500 0 1334 70350 0 0 148 0 0 0
cpu27 528323 0 479 70491 1 0 53 0 0 0
cpu28 527620 0 1186 70453 0 0 84 0 0 0
cpu29 528558 0 257 70513 2 0 16 0 0 0
cpu30 527339 0 1339 70452 0 0 209 0 0 0
cpu31 528361 0 412 70530 1 0 32 0 0 0
cpu32 528165 0 1080 70044 1 0 40 0 0 0
cpu33 527596 0 1129 70502 1 0 110 0 0 0
cpu34 528681 2 1234 69387 0 0 32 0 0 0
cpu35 528382 0 406 70522 0 0 29 0 0 0
cpu36 529159 0 891 69234 0 0 39 0 0 0
cpu37 528458 0 349 70511 5 0 16 0 0 0
cpu38 530791 0 904 67584 1 0 38 0 0 0
cpu39 527940 0 819 70485 1 0 93 0 0 0
cpu40 528898 0 1044 69329 5 0 46 0 0 0
cpu41 528611 0 303 70392 1 0 18 0 0 0
cpu42 527617 0 1224 70342 0 0 154 0 0 0
cpu43 528390 0 437 70451 0 0 58 0 0 0
cpu44 528081 0 1138 70095 0 0 24 0 0 0
cpu45 528573 0 340 70396 0 0 23 0 0 0
cpu46 527536 0 1694 69943 0 0 151 0 0 0
cpu47 528675 0 339 70288 2 0 24 0 0 0
cpu48 527469 0 1527 70236 0 0 102 0 0 0
cpu49 528545 0 476 70289 2 0 19 0 0 0
cpu50 527734 0 1050 70467 0 0 80 0 0 0
cpu51 528584 0 328 70405 2 0 16 0 0 0
cpu52 528301 0 529 70463 0 0 42 0 0 0
cpu53 528587 0 287 70441 3 0 17 0 0 0
cpu54 528119 0 679 70476 1 0 52 0 0 0
cpu55 528404 0 417 70485 0 0 26 0 0 0
cpu56 528077 0 880 70328 0 0 41 0 0 0
cpu57 528616 0 210 70492 0 0 9 0 0 0
cpu58 528306 0 570 70419 0 0 35 0 0 0
cpu59 528178 1 560 70503 1 0 90 0 0 0
cpu60 528271 0 735 70269 0 0 23 0 0 0
cpu61 528604 0 210 70495 1 0 17 0 0 0
cpu62 527364 0 1274 70497 0 0 188 0 0 0
cpu63 528556 0 356 70397 7 0 8 0 0 0
intr 94793247 83 0 0 0 639 0 0 0 1 0 282 0 0 0 0 0 0 0 0 0 0 0 0 0 0 0 0 0 0 0 0 0 0 0 0 0 0 0 1192 39501 1468 12869 304 7090 1253 15586 743 12616 619 4990 525 8272 254 4234 1331 73579 184 6981 9816 2176 1561 12283 1150 1177 489 5783 1866 607 789 5404 1450 19022 171 8833 142 7002 253 13805 338 3000 493 8548 845 2929 12 5160 669 8411 765 6080 2885 2313 3782 5755 1096 1524 592 10798 773 1627 835 2597 0 0 0 0 0 0 0 0 0 0 0 0 0 0 0 0 0 32419 93 0 0 0 0 0 0 0 0 0 0 0 0 0 0 0 0 0 0 0 0 0 0 0 0 0 0 0 0 0 0 0 0 0 0 0 0 0 0 0 0 0 0 0 0 0 0 0 0 0 0 0 0 0 0 0 0 0 0 0 0 0 0 0 0 0 0 0 0 0 0 0 0 0 0 0 15 0 0 0 0 0 0 0 0 0 0 0 0 0 0 0 0 0 0 0 0 0 0 0 0 0 0 0 0 0 0 0 0 0 0 0 0 0 0 0 0 0 0 0 0 0 0 0 0 0 0 0 0 0 0 0 0 0 0 0 0 0 0 0 0 0 0 0 0 0 0 0 0 0 0 0 0 0 0 0 0 0 0 0 0 0 0 0 0 0 0 0 0 0 0 0 0 0 0 0 0 0 0 0 0 0 0 0 0 0 0 0 0 0 0 0 0 0 0 0 0 0 0 0 0 0 0 0 0 0 0 0 0 0 0 0 0 0 0 0 0 0 0 0 0 0 0 0 0 0 0 0 0 0 0 0 0 0 0 0 0 0 0 0 0 0 0 0 0 0 0 0 0 0 0 0 0 0 0 0 0 0 0 0 0 0 0 0 0 0 0 0 0 0 0 0 0 0 0 0 0 0 0 0 0 0 0 0 0 0 0 0 0 0 0 0 0 0 0 0 0 0 0 0 0 0 0 0 0 0 0 0 0 0 0 0 0 0 0 0 0 0 0 0 0 0 0 0 0 0 0 0 0 0 0 0 0 0 0 0 0 0 0 0 0 0 0 0 0 0 0 0 0 0 0 0 0 0 0 0 0 0 0 0 0 0 0 0 0 0 0 0 0 0 0 0 0 0 0 0 0 0 0 0 0 0 0 0 0 0 0 0 0 0 0 0 0 0 0 0 0 0 0 0 0 0 0 0 0 0 0 0 0 0 0 0 0 0 0 0 0 0 0 0 0 0 0 0 0 0 0 0 0 0 0 0 0 0 0 0 0 0 0 0 0 0 0 0 0 0 0 0 0 0 0 0 0 0 0 0 0 0 0 0 0 0 0 0 0 0 0 0 0 0 0 0 0 0 0 0 0 0 0 0 0 0 0 0 0 0 0 0 0 0 0 0 0 0 0 0 0 0 0 0 0 0 0 0 0 0 0 0 0 0 0 0 0 0 0 0 0 0 0 0 0 0 0 0 0 0 0 0 0 0 0 0 0 0 0 0 0 0 0 0 0 0 0 0 0 0 0 0 0 0 0 0 0 0 0 0 0 0 0 0 0 0 0 0 0 0 0 0 0 0 0 0 0 0 0 0 0 0 0 0 0 0 0 0 0 0 0 0 0 0 0 0 0 0 0 0 0 0 0 0 0 0 0 0 0 0 0 0 0 0 0 0 0 0 0 0 0 0 0 0 0 0 0 0 0 0 0 0 0 0 0 0 0 0 0 0 0 0 0 0 0 0 0 0 0 0 0 0 0 0 0 0 0 0 0 0 0 0 0 0 0 0 0 0 0 0 0 0 0 0 0 0 0 0 0 0 0 0 0 0 0 0 0 0 0 0 0 0 0 0 0 0 0 0 0 0 0 0 0 0 0 0 0 0 0 0 0 0 0 0 0 0 0 0 0 0 0 0 0 0 0 0 0 0 0 0 0 0 0 0 0 0 0 0 0 0 0 0 0 0 0 0 0 0 0 0 0 0 0 0 0 0 0 0 0 0 0 0 0 0 0 0 0 0 0 0 0 0 0 0 0 0 0 0 0 0 0 0 0 0 0 0 0 0 0 0 0 0 0 0 0 0 0 0 0 0 0 0 0 0 0 0 0 0 0 0 0 0 0 0 0 0 0 0 0 0 0 0 0 0 0 0 0 0 0 0 0 0 0 0 0 0 0 0 0 0 0 0 0 0 0 0 0 0 0 0 0 0 0 0 0 0 0 0 0 0 0 0 0 0 0 0 0 0 0 0 0 0 0 0 0 0 0 0 0 0 0 0 0 0 0 0 0 0 0 0 0 0 0 0 0 0 0 0 0 0 0 0 0 0 0 0 0 0 0 0 0 0 0 0 0 0 0 0 0 0 0 0 0 0 0 0 0 0 0 0 0 0 0 0 0 0 0 0 0 0 0 0 0 0 0 0 0 0 0 0 0 0 0 0 0 0 0 0 0 0 0 0 0 0 0 0 0 0 0 0 0 0 0 0 0 0 0 0 0 0 0 0 0 0 0 0 0 0 0 0 0 0 0 0 0 0 0 0 0 0 0 0 0 0 0 0 0 0 0 0 0 0 0 0 0 0 0 0 0 0 0 0 0 0 0 0 0 0 0 0 0 0 0 0 0 0 0 0 0 0 0 0 0 0 0 0 0 0 0 0 0 0 0 0 0 0 0 0 0 0 0 0 0 0 0 0 0 0 0 0 0 0 0 0 0 0 0 0 0 0 0 0 0 0 0 0 0 0 0 0 0 0 0 0 0 0 0 0 0 0 0 0 0 0 0 0 0 0 0 0 0 0 0 0 0 0 0 0 0 0 0 0 0 0 0 0 0 0 0 0 0 0 0 0 0 0 0 0 0 0 0 0 0 0 0 0 0 0 0 0 0 0 0 0 0 0 0 0 0 0 0 0 0 0 0 0 0 0 0 0 0 0 0 0 0 0 0 0 0 0 0 0 0 0 0 0 0 0 0 0 0 0 0 0 0 0 0 0 0 0 0 0 0 0 0 0 0 0 0 0 0 0 0 0 0 0 0 0 0 0 0 0 0 0 0 0 0 0 0 0 0 0 0 0 0 0 0 0 0 0 0 0 0 0 0 0 0 0 0 0 0 0 0 0 0 0 0 0 0 0 0 0 0 0 0 0 0 0 0 0 0 0 0 0 0 0 0 0 0 0 0 0 0 0 0 0 0 0 0 0 0 0 0 0 0 0 0 0 0 0 0 0 0 0 0 0 0 0 0 0 0 0 0 0 0 0 0 0 0 0 0 0 0 0 0 0 0 0 0 0 0 0 0 0 0 0 0 0 0 0 0 0 0 0 0 0 0 0 0 0 0 0 0 0 0 0 0 0 0 0 0 0 0 0 0 0 0 0 0 0 0 0 0 0 0 0 0 0 0 0 0 0 0 0 0 0 0 0 0 0 0 0 0 0 0 0 0 0 0 0 0 0 0 0 0 0 0 0 0 0 0 0 0 0 0 0 0 0 0 0 0 0 0 0 0 0 0 0 0 0 0 0 0 0 0 0 0 0 0 0 0 0 0 0 0 0 0 0 0 0 0 0 0 0 0 0 0 0 0 0 0 0 0 0 0 0 0 0 0 0 0 0 0 0 0 0 0 0 0 0 0 0 0 0 0 0 0 0 0 0 0 0 0 0 0 0 0 0 0 0 0 0 0 0 0 0 0 0 0 0 0 0 0 0 0 0 0 0 0 0 0 0 0 0 0 0 0 0 0 0 0 0 0 0 0 0 0 0 0 0 0 0 0 0 0 0 0 0 0 0 0 0 0 0 0 0 0 0 0 0 0 0 0 0 0 0 0 0 0 0 0 0 0 0 0 0 0 0 0 0 0 0 0 0 0 0 0 0 0 0 0 0 0 0 0 0 0 0 0 0 0 0 0 0 0 0 0 0 0 0 0 0 0 0 0 0 0 0 0 0 0 0 0 0 0 0 0 0 0 0 0 0 0 0 0 0 0 0 0 0 0 0 0 0 0 0 0 0 0 0 0 0 0 0 0 0 0 0 0 0 0 0 0 0 0 0 0 0 0 0 0 0 0 0 0 0 0 0 0 0 0 0 0 0 0 0 0 0 0 0 0 0 0 0 0 0 0 0 0 0 0 0 0 0 0 0 0 0 0 0 0 0 0 0 0 0 0 0 0 0 0 0 0 0 0 0 0 0 0 0 0 0 0 0 0 0 0 0 0 0 0 0 0 0 0 0 0 0 0 0 0 0 0 0 0 0 0 0 0 0 0 0 0 0 0 0 0 0 0 0 0 0 0 0 0 0 0 0 0 0 0 0 0 0 0 0 0 0 0 0 0 0 0 0 0 0 0 0 0 0 0 0 0 0 0 0 0 0 0 0 0 0 0 0 0 0 0 0 0 0 0 0 0 0 0 0 0 0 0 0 0 0 0 0 0 0 0 0 0 0 0 0 0 0 0 0 0 0 0 0 0 0 0 0 0 0 0 0 0 0 0 0 0 0 0 0 0 0 0 0 0 0 0 0 0 0 0 0 0 0 0 0 0 0 0 0 0 0 0 0 0 0 0 0 0 0 0 0 0 0 0 0 0 0 0 0 0 0 0 0 0 0 0 0 0 0 0 0 0 0 0 0 0 0 0 0 0 0 0 0 0 0 0 0 0 0 0 0 0 0 0 0 0 0 0 0 0 0 0 0 0 0 0 0 0 0 0 0 0 0 0 0 0 0 0 0 0 0 0 0 0 0 0 0 0 0 0 0 0 0 0 0 0 0 0 0 0 0 0 0 0 0 0 0 0 0 0 0 0 0 0 0 0 0 0 0 0 0 0 0 0 0 0 0 0 0 0 0 0 0 0 0 0 0 0 0 0 0 0 0 0 0 0 0 0 0 0 0 0 0 0 0 0 0 0 0 0 0 0 0 0 0 0 0 0 0 0 0 0 0 0 0 0 0 0 0 0 0 0 0 0 0 0 0 0 0 0 0 0 0 0 0 0 0 0 0 0 0 0 0 0 0 0 0 0 0 0 0 0 0 0 0 0 0 0 0 0 0 0 0 0 0 0 0 0 0 0 0 0 0 0 0 0 0 0 0 0 0 0 0 0 0 0 0 0 0 0 0 0 0 0 0 0 0 0 0 0 0 0 0 0 0 0 0 0 0 0 0 0 0 0 0 0 0 0 0 0 0 0 0 0 0 0 0 0 0 0 0 0 0
ctxt 12108219
btime 1613123985
processes 270202
procs_running 1
procs_blocked 0
softirq 105485201 1 60891692 1485 2225348 0 0 150 3190857 0 39175668
