cpu  20897750 4 44520 6858829 417 0 3256 0 0 0
cpu0 581102 1 1548 189368 0 0 365 0 0 0
cpu1 580076 0 1640 190543 1 0 79 0 0 0
cpu2 580958 0 1366 189892 79 0 48 0 0 0
cpu3 579648 0 1881 190771 1 0 62 0 0 0
cpu4 580112 0 1449 190771 1 0 29 0 0 0
cpu5 580152 0 1302 190872 0 0 42 0 0 0
cpu6 580828 0 1003 190411 72 0 38 0 0 0
cpu7 580753 0 868 190687 3 0 34 0 0 0
cpu8 580655 0 1134 190535 6 0 20 0 0 0
cpu9 580740 0 876 190690 1 0 50 0 0 0
cpu10 580536 0 1016 190734 5 0 74 0 0 0
cpu11 580453 0 1122 190723 2 0 54 0 0 0
cpu12 578924 0 2460 190639 4 0 319 0 0 0
cpu13 580056 0 1649 190573 1 0 62 0 0 0
cpu14 579627 0 2343 190317 8 0 60 0 0 0
cpu15 579727 0 1944 190651 2 0 29 0 0 0
cpu16 581071 0 2171 189039 0 0 74 0 0 0
cpu17 580563 0 980 190742 22 0 39 0 0 0
cpu18 580923 0 1060 190346 13 0 15 0 0 0
cpu19 580182 0 1509 190534 9 0 126 0 0 0
cpu20 580890 0 778 190623 45 0 11 0 0 0
cpu21 579895 0 1699 190738 10 0 10 0 0 0
cpu22 580816 0 792 190680 50 0 13 0 0 0
cpu23 580895 0 672 190748 4 0 37 0 0 0
cpu24 581220 0 429 190691 1 0 11 0 0 0
cpu25 580645 0 937 190760 1 0 7 0 0 0
cpu26 580954 0 690 190646 13 0 50 0 0 0
cpu27 580364 0 982 190781 4 0 218 0 0 0
cpu28 581051 0 570 190714 4 0 13 0 0 0
cpu29 578388 0 2156 190678 2 0 1120 0 0 0
cpu30 580938 0 894 190506 3 0 6 0 0 0
cpu31 580517 0 1220 190542 14 0 65 0 0 0
cpu32 580942 0 688 190719 1 0 11 0 0 0
cpu33 580901 0 1080 190356 2 0 9 0 0 0
cpu34 580678 0 918 190709 8 0 31 0 0 0
cpu35 581558 0 684 190085 7 0 12 0 0 0
intr 57642050 56 0 0 0 611 0 0 0 1 0 250 0 0 0 0 0 0 0 0 0 0 0 0 0 0 0 0 0 0 0 0 93 184 217 9804 102 3113 151 3148 509 325 158 578 195 1037 683 446 414 286 541 2544 551 3452 952 1832 414 0 0 0 0 68 99 375 350 358 1052 406 974 85 108 386 619 0 0 16 13976 3038 0 14719 1132 1325 456 1849 881 609 1086 1623 854 2070 1772 57295 13942 2206 1418 2005 551 960 1063 781 494 1915 559 707 801 2582 1328 2335 135150 423 1039 938 649 4810 2088 0 16 7709 1 0 0 0 0 0 0 0 0 0 0 0 0 0 0 0 0 0 0 0 0 0 0 0 0 0 0 0 0 0 0 0 0 0 0 0 0 0 25 0 0 0 0 0 0 0 0 0 0 0 0 0 0 0 0 0 0 0 0 0 0 0 0 0 0 0 0 0 0 0 0 0 0 0 0 0 0 0 0 0 0 0 0 0 0 0 0 0 0 0 0 0 0 0 0 0 0 0 0 0 0 0 0 0 0 0 0 0 0 0 0 0 0 0 0 0 0 0 0 0 0 0 0 0 0 0 0 0 0 0 0 0 0 0 0 0 0 0 0 0 0 0 0 0 0 0 0 0 0 0 0 0 0 0 0 0 0 0 0 0 0 0 0 0 0 0 0 0 0 0 0 0 0 0 0 0 0 0 0 0 0 0 0 0 0 0 0 0 0 0 0 0 0 0 0 0 0 0 0 0 0 0 0 0 0 0 0 0 0 0 0 0 0 0 0 0 0 0 0 0 0 0 0 0 0 0 0 0 0 0 0 0 0 0 0 0 0 0 0 0 0 0 0 0 0 0 0 0 0 0 0 0 0 0 0 0 0 0 0 0 0 0 0 0 0 0 0 0 0 0 0 0 0 0 0 0 0 0 0 0 0 0 0 0 0 0 0 0 0 0 0 0 0 0 0 0 0 0 0 0 0 0 0 0 0 0 0 0 0 0 0 0 0 0 0 0 0 0 0 0 0 0 0 0 0 0 0 0 0 0 0 0 0 0 0 0 0 0 0 0 0 0 0 0 0 0 0 0 0 0 0 0 0 0 0 0 0 0 0 0 0 0 0 0 0 0 0 0 0 0 0 0 0 0 0 0 0 0 0 0 0 0 0 0 0 0 0 0 0 0 0 0 0 0 0 0 0 0 0 0 0 0 0 0 0 0 0 0 0 0 0 0 0 0 0 0 0 0 0 0 0 0 0 0 0 0 0 0 0 0 0 0 0 0 0 0 0 0 0 0 0 0 0 0 0 0 0 0 0 0 0 0 0 0 0 0 0 0 0 0 0 0 0 0 0 0 0 0 0 0 0 0 0 0 0 0 0 0 0 0 0 0 0 0 0 0 0 0 0 0 0 0 0 0 0 0 0 0 0 0 0 0 0 0 0 0 0 0 0 0 0 0 0 0 0 0 0 0 0 0 0 0 0 0 0 0 0 0 0 0 0 0 0 0 0 0 0 0 0 0 0 0 0 0 0 0 0 0 0 0 0 0 0 0 0 0 0 0 0 0 0 0 0 0 0 0 0 0 0 0 0 0 0 0 0 0 0 0 0 0 0 0 0 0 0 0 0 0 0 0 0 0 0 0 0 0 0 0 0 0 0 0 0 0 0 0 0 0 0 0 0 0 0 0 0 0 0 0 0 0 0 0 0 0 0 0 0 0 0 0 0 0 0 0 0 0 0 0 0 0 0 0 0 0 0 0 0 0 0 0 0 0 0 0 0 0 0 0 0 0 0 0 0 0 0 0 0 0 0 0 0 0 0 0 0 0 0 0 0 0 0 0 0 0 0 0 0 0 0 0 0 0 0 0 0 0 0 0 0 0 0 0 0 0 0 0 0 0 0 0 0 0 0 0 0 0 0 0 0 0 0 0 0 0 0 0 0 0 0 0 0 0 0 0 0 0 0 0 0 0 0 0 0 0 0 0 0 0 0 0 0 0 0 0 0 0 0 0 0 0 0 0 0 0 0 0 0 0 0 0 0 0 0 0 0 0 0 0 0 0 0 0 0 0 0 0 0 0 0 0 0 0 0 0 0 0 0 0 0 0 0 0 0 0 0 0 0 0 0 0 0 0 0 0 0 0 0 0 0 0 0 0 0 0 0 0 0 0 0 0 0 0 0 0 0 0 0 0 0 0 0 0 0 0 0 0 0 0 0 0 0 0 0 0 0 0 0 0 0 0 0 0 0 0 0 0 0 0 0 0 0 0 0 0 0 0 0 0 0 0 0 0 0 0 0 0 0 0 0 0 0 0 0 0 0 0 0 0 0 0 0 0 0 0 0 0 0 0 0 0 0 0 0 0 0 0 0 0 0 0 0 0 0 0 0 0 0 0 0 0 0 0 0 0 0 0 0 0 0 0 0 0 0 0 0 0 0 0 0 0 0 0 0 0 0 0 0 0 0 0 0 0 0 0 0 0 0 0 0 0 0 0 0 0 0 0 0 0 0 0 0 0 0 0 0 0 0 0 0 0 0 0 0 0 0 0 0 0 0 0 0 0 0 0 0 0 0 0 0 0 0 0 0 0 0 0 0 0 0 0 0 0 0 0 0 0 0 0 0 0 0 0 0 0 0 0 0 0 0 0 0 0 0 0 0 0 0 0 0 0 0 0 0 0 0 0 0 0 0 0 0 0 0 0 0 0 0 0 0 0 0 0 0 0 0 0 0 0 0 0 0 0 0 0 0 0 0 0 0 0 0 0 0 0 0 0 0 0 0 0 0 0 0 0 0 0 0 0 0 0 0 0 0 0 0 0 0 0 0 0 0 0 0 0 0 0 0 0 0 0 0 0 0 0 0 0 0 0 0
ctxt 14713772
btime 1613124388
processes 364388
procs_running 1
procs_blocked 0
softirq 75447307 1 43913225 668 2730830 0 0 262091 1981941 0 26558551
