cpu  33798230 8 56812 4501010 180 0 5061 0 0 0
cpu0 526864 0 2272 69896 0 0 344 0 0 0
cpu1 527704 0 1159 70410 9 0 143 0 0 0
cpu2 527567 0 1849 69837 1 0 160 0 0 0
cpu3 527553 0 1122 70571 4 0 155 0 0 0
cpu4 527992 0 1556 69665 8 0 110 0 0 0
cpu5 528458 0 359 70561 4 0 25 0 0 0
cpu6 527430 0 1312 70508 1 0 150 0 0 0
cpu7 527808 0 999 70457 2 0 143 0 0 0
cpu8 527273 0 1569 70490 0 0 67 0 0 0
cpu9 528454 0 400 70503 3 0 50 0 0 0
cpu10 527731 0 1240 70326 3 0 94 0 0 0
cpu11 528106 0 682 70523 2 0 92 0 0 0
cpu12 527274 0 1606 70445 1 0 78 0 0 0
cpu13 528476 0 451 70422 1 0 46 0 0 0
cpu14 527374 0 1495 70443 0 0 93 0 0 0
cpu15 528382 0 632 70287 2 0 90 0 0 0
cpu16 526498 0 2199 70504 0 0 199 0 0 0
cpu17 528279 0 508 70366 1 0 230 0 0 0
cpu18 527052 0 1913 70269 0 0 172 0 0 0
cpu19 528376 0 506 70455 1 0 56 0 0 0
cpu20 527568 0 1293 70327 49 0 117 0 0 0
cpu21 528554 0 334 70490 11 0 16 0 0 0
cpu22 527516 0 1227 70537 1 0 121 0 0 0
cpu23 528402 0 420 70541 8 0 36 0 0 0
cpu24 527950 0 987 70414 1 0 41 0 0 0
cpu25 528549 0 264 70585 1 0 10 0 0 0
cpu26 527500 0 1334 70409 0 0 148 0 0 0
cpu27 528323 0 479 70550 1 0 53 0 0 0
cpu28 527620 0 1186 70513 0 0 84 0 0 0
cpu29 528558 0 257 70572 2 0 16 0 0 0
cpu30 527339 0 1340 70509 0 0 209 0 0 0
cpu31 528361 0 412 70589 1 0 32 0 0 0
cpu32 528206 0 1085 70055 1 0 40 0 0 0
cpu33 527596 0 1129 70561 1 0 110 0 0 0
cpu34 528681 2 1235 69445 0 0 32 0 0 0
cpu35 528382 0 406 70581 0 0 29 0 0 0
cpu36 529159 0 891 69293 0 0 39 0 0 0
cpu37 528458 0 349 70570 5 0 16 0 0 0
cpu38 530791 0 904 67643 1 0 38 0 0 0
cpu39 527940 0 819 70544 1 0 93 0 0 0
cpu40 528898 0 1044 69388 5 0 46 0 0 0
cpu41 528611 0 303 70451 1 0 18 0 0 0
cpu42 527617 0 1224 70401 0 0 154 0 0 0
cpu43 528390 0 437 70510 0 0 58 0 0 0
cpu44 528081 0 1138 70154 0 0 24 0 0 0
cpu45 528573 0 340 70455 0 0 23 0 0 0
cpu46 527536 0 1694 70002 0 0 151 0 0 0
cpu47 528675 0 339 70347 2 0 24 0 0 0
cpu48 527469 0 1527 70295 0 0 102 0 0 0
cpu49 528545 0 476 70348 2 0 19 0 0 0
cpu50 527734 0 1050 70526 0 0 80 0 0 0
cpu51 528584 0 328 70464 2 0 16 0 0 0
cpu52 528301 0 529 70522 0 0 42 0 0 0
cpu53 528587 0 287 70500 3 0 17 0 0 0
cpu54 528119 0 679 70535 1 0 52 0 0 0
cpu55 528404 0 417 70544 0 0 26 0 0 0
cpu56 528077 0 880 70387 0 0 41 0 0 0
cpu57 528616 0 210 70551 0 0 9 0 0 0
cpu58 528306 0 570 70478 0 0 35 0 0 0
cpu59 528178 1 560 70562 1 0 90 0 0 0
cpu60 528271 0 735 70328 0 0 23 0 0 0
cpu61 528604 0 210 70554 1 0 17 0 0 0
cpu62 527364 0 1274 70556 0 0 188 0 0 0
cpu63 528558 0 359 70451 7 0 8 0 0 0
intr 94793831 83 0 0 0 639 0 0 0 1 0 282 0 0 0 0 0 0 0 0 0 0 0 0 0 0 0 0 0 0 0 0 0 0 0 0 0 0 0 1192 39503 1468 12871 304 7090 1253 15586 743 12616 619 4990 525 8272 254 4234 1331 73579 184 6981 9816 2176 1561 12283 1150 1177 489 5783 1866 607 789 5404 1450 19022 171 8833 142 7002 253 13805 338 3000 493 8548 845 2929 12 5160 669 8411 765 6080 2885 2313 3782 5755 1096 1524 592 10798 773 1627 835 2597 0 0 0 0 0 0 0 0 0 0 0 0 0 0 0 0 0 32421 93 0 0 0 0 0 0 0 0 0 0 0 0 0 0 0 0 0 0 0 0 0 0 0 0 0 0 0 0 0 0 0 0 0 0 0 0 0 0 0 0 0 0 0 0 0 0 0 0 0 0 0 0 0 0 0 0 0 0 0 0 0 0 0 0 0 0 0 0 0 0 0 0 0 0 0 15 0 0 0 0 0 0 0 0 0 0 0 0 0 0 0 0 0 0 0 0 0 0 0 0 0 0 0 0 0 0 0 0 0 0 0 0 0 0 0 0 0 0 0 0 0 0 0 0 0 0 0 0 0 0 0 0 0 0 0 0 0 0 0 0 0 0 0 0 0 0 0 0 0 0 0 0 0 0 0 0 0 0 0 0 0 0 0 0 0 0 0 0 0 0 0 0 0 0 0 0 0 0 0 0 0 0 0 0 0 0 0 0 0 0 0 0 0 0 0 0 0 0 0 0 0 0 0 0 0 0 0 0 0 0 0 0 0 0 0 0 0 0 0 0 0 0 0 0 0 0 0 0 0 0 0 0 0 0 0 0 0 0 0 0 0 0 0 0 0 0 0 0 0 0 0 0 0 0 0 0 0 0 0 0 0 0 0 0 0 0 0 0 0 0 0 0 0 0 0 0 0 0 0 0 0 0 0 0 0 0 0 0 0 0 0 0 0 0 0 0 0 0 0 0 0 0 0 0 0 0 0 0 0 0 0 0 0 0 0 0 0 0 0 0 0 0 0 0 0 0 0 0 0 0 0 0 0 0 0 0 0 0 0 0 0 0 0 0 0 0 0 0 0 0 0 0 0 0 0 0 0 0 0 0 0 0 0 0 0 0 0 0 0 0 0 0 0 0 0 0 0 0 0 0 0 0 0 0 0 0 0 0 0 0 0 0 0 0 0 0 0 0 0 0 0 0 0 0 0 0 0 0 0 0 0 0 0 0 0 0 0 0 0 0 0 0 0 0 0 0 0 0 0 0 0 0 0 0 0 0 0 0 0 0 0 0 0 0 0 0 0 0 0 0 0 0 0 0 0 0 0 0 0 0 0 0 0 0 0 0 0 0 0 0 0 0 0 0 0 0 0 0 0 0 0 0 0 0 0 0 0 0 0 0 0 0 0 0 0 0 0 0 0 0 0 0 0 0 0 0 0 0 0 0 0 0 0 0 0 0 0 0 0 0 0 0 0 0 0 0 0 0 0 0 0 0 0 0 0 0 0 0 0 0 0 0 0 0 0 0 0 0 0 0 0 0 0 0 0 0 0 0 0 0 0 0 0 0 0 0 0 0 0 0 0 0 0 0 0 0 0 0 0 0 0 0 0 0 0 0 0 0 0 0 0 0 0 0 0 0 0 0 0 0 0 0 0 0 0 0 0 0 0 0 0 0 0 0 0 0 0 0 0 0 0 0 0 0 0 0 0 0 0 0 0 0 0 0 0 0 0 0 0 0 0 0 0 0 0 0 0 0 0 0 0 0 0 0 0 0 0 0 0 0 0 0 0 0 0 0 0 0 0 0 0 0 0 0 0 0 0 0 0 0 0 0 0 0 0 0 0 0 0 0 0 0 0 0 0 0 0 0 0 0 0 0 0 0 0 0 0 0 0 0 0 0 0 0 0 0 0 0 0 0 0 0 0 0 0 0 0 0 0 0 0 0 0 0 0 0 0 0 0 0 0 0 0 0 0 0 0 0 0 0 0 0 0 0 0 0 0 0 0 0 0 0 0 0 0 0 0 0 0 0 0 0 0 0 0 0 0 0 0 0 0 0 0 0 0 0 0 0 0 0 0 0 0 0 0 0 0 0 0 0 0 0 0 0 0 0 0 0 0 0 0 0 0 0 0 0 0 0 0 0 0 0 0 0 0 0 0 0 0 0 0 0 0 0 0 0 0 0 0 0 0 0 0 0 0 0 0 0 0 0 0 0 0 0 0 0 0 0 0 0 0 0 0 0 0 0 0 0 0 0 0 0 0 0 0 0 0 0 0 0 0 0 0 0 0 0 0 0 0 0 0 0 0 0 0 0 0 0 0 0 0 0 0 0 0 0 0 0 0 0 0 0 0 0 0 0 0 0 0 0 0 0 0 0 0 0 0 0 0 0 0 0 0 0 0 0 0 0 0 0 0 0 0 0 0 0 0 0 0 0 0 0 0 0 0 0 0 0 0 0 0 0 0 0 0 0 0 0 0 0 0 0 0 0 0 0 0 0 0 0 0 0 0 0 0 0 0 0 0 0 0 0 0 0 0 0 0 0 0 0 0 0 0 0 0 0 0 0 0 0 0 0 0 0 0 0 0 0 0 0 0 0 0 0 0 0 0 0 0 0 0 0 0 0 0 0 0 0 0 0 0 0 0 0 0 0 0 0 0 0 0 0 0 0 0 0 0 0 0 0 0 0 0 0 0 0 0 0 0 0 0 0 0 0 0 0 0 0 0 0 0 0 0 0 0 0 0 0 0 0 0 0 0 0 0 0 0 0 0 0 0 0 0 0 0 0 0 0 0 0 0 0 0 0 0 0 0 0 0 0 0 0 0 0 0 0 0 0 0 0 0 0 0 0 0 0 0 0 0 0 0 0 0 0 0 0 0 0 0 0 0 0 0 0 0 0 0 0 0 0 0 0 0 0 0 0 0 0 0 0 0 0 0 0 0 0 0 0 0 0 0 0 0 0 0 0 0 0 0 0 0 0 0 0 0 0 0 0 0 0 0 0 0 0 0 0 0 0 0 0 0 0 0 0 0 0 0 0 0 0 0 0 0 0 0 0 0 0 0 0 0 0 0 0 0 0 0 0 0 0 0 0 0 0 0 0 0 0 0 0 0 0 0 0 0 0 0 0 0 0 0 0 0 0 0 0 0 0 0 0 0 0 0 0 0 0 0 0 0 0 0 0 0 0 0 0 0 0 0 0 0 0 0 0 0 0 0 0 0 0 0 0 0 0 0 0 0 0 0 0 0 0 0 0 0 0 0 0 0 0 0 0 0 0 0 0 0 0 0 0 0 0 0 0 0 0 0 0 0 0 0 0 0 0 0 0 0 0 0 0 0 0 0 0 0 0 0 0 0 0 0 0 0 0 0 0 0 0 0 0 0 0 0 0 0 0 0 0 0 0 0 0 0 0 0 0 0 0 0 0 0 0 0 0 0 0 0 0 0 0 0 0 0 0 0 0 0 0 0 0 0 0 0 0 0 0 0 0 0 0 0 0 0 0 0 0 0 0 0 0 0 0 0 0 0 0 0 0 0 0 0 0 0 0 0 0 0 0 0 0 0 0 0 0 0 0 0 0 0 0 0 0 0 0 0 0 0 0 0 0 0 0 0 0 0 0 0 0 0 0 0 0 0 0 0 0 0 0 0 0 0 0 0 0 0 0 0 0 0 0 0 0 0 0 0 0 0 0 0 0 0 0 0 0 0 0 0 0 0 0 0 0 0 0 0 0 0 0 0 0 0 0 0 0 0 0 0 0 0 0 0 0 0 0 0 0 0 0 0 0 0 0 0 0 0 0 0 0 0 0 0 0 0 0 0 0 0 0 0 0 0 0 0 0 0 0 0 0 0 0 0 0 0 0 0 0 0 0 0 0 0 0 0 0 0 0 0 0 0 0 0 0 0 0 0 0 0 0 0 0 0 0 0 0 0 0 0 0 0 0 0 0 0 0 0 0 0 0 0 0 0 0 0 0 0 0 0 0 0 0 0 0 0 0 0 0 0 0 0 0 0 0 0 0 0 0 0 0 0 0 0 0 0 0 0 0 0 0 0 0 0 0 0 0 0 0 0 0 0 0 0 0 0 0 0 0 0 0 0 0 0 0 0 0 0 0 0 0 0 0 0 0 0 0 0 0 0 0 0 0 0 0 0 0 0 0 0 0 0 0 0 0 0 0 0 0 0 0 0 0 0 0 0 0 0 0 0 0 0 0 0 0 0 0 0 0 0 0 0 0 0 0 0 0 0 0 0 0 0 0 0 0 0 0 0 0 0 0 0 0 0 0 0 0 0 0 0 0 0 0 0 0 0 0 0 0 0 0 0 0 0 0 0 0 0 0 0 0 0 0 0 0 0 0 0 0 0 0 0 0 0 0 0 0 0 0 0 0 0 0 0 0 0 0 0 0 0 0 0 0 0 0 0 0 0 0 0 0 0 0 0 0 0 0 0 0 0 0 0 0 0 0 0 0 0 0 0 0 0 0 0 0 0 0 0 0 0 0 0 0 0 0 0 0 0 0 0 0 0 0 0 0 0 0 0 0 0 0 0 0 0 0 0 0 0 0 0 0 0 0 0 0 0 0 0 0 0 0 0 0 0 0 0 0 0 0 0 0 0 0 0 0 0 0 0 0 0 0 0 0 0 0 0 0 0 0 0 0 0 0 0 0 0 0 0 0 0 0 0 0 0 0 0 0 0 0 0 0 0 0 0 0 0 0 0 0 0 0 0 0 0 0 0 0 0 0 0 0 0 0 0 0 0 0 0 0 0 0 0 0 0 0 0 0 0 0 0 0 0 0 0 0 0 0 0 0 0 0 0 0 0 0 0 0 0 0 0 0 0 0 0 0 0 0 0 0 0 0 0 0 0 0 0 0 0 0 0 0 0 0 0 0 0 0 0 0 0 0 0 0 0 0 0 0 0 0 0 0 0 0 0 0 0 0 0 0 0 0 0 0 0 0 0 0 0 0 0 0 0 0 0 0 0 0 0 0 0 0 0 0 0 0 0 0 0 0 0 0 0 0 0 0 0 0 0 0 0 0 0 0 0 0 0 0 0 0 0 0 0 0 0 0 0 0 0 0 0 0 0 0 0 0 0 0 0 0 0 0 0 0 0 0 0 0 0 0 0 0 0 0 0 0 0 0 0 0 0 0 0 0 0 0 0 0 0 0 0 0 0 0 0 0 0 0 0
ctxt 12108724
btime 1613123985
processes 270235
procs_running 1
procs_blocked 0
softirq 105486280 1 60892048 1485 2225352 0 0 150 3191173 0 39176071
