cpu  7720488 4 10695 6842833 494 0 1283 0 0 0
cpu0 214434 0 400 189780 13 0 269 0 0 0
cpu1 215622 0 484 188760 1 0 62 0 0 0
cpu2 214132 0 594 189794 2 0 329 0 0 0
cpu3 214389 0 297 190179 4 0 27 0 0 0
cpu4 214659 0 302 189865 44 0 16 0 0 0
cpu5 214587 0 267 189996 29 0 5 0 0 0
cpu6 214311 0 313 190211 16 0 23 0 0 0
cpu7 214369 0 286 190202 13 0 13 0 0 0
cpu8 214409 0 210 190189 72 0 7 0 0 0
cpu9 214352 0 232 190297 2 0 9 0 0 0
cpu10 214312 0 274 190280 4 0 21 0 0 0
cpu11 214442 0 201 190236 0 0 10 0 0 0
cpu12 213816 0 760 190187 7 0 106 0 0 0
cpu13 214648 0 237 189986 1 0 8 0 0 0
cpu14 214366 0 230 190281 1 0 7 0 0 0
cpu15 214178 0 443 190220 5 0 42 0 0 0
cpu16 213990 0 576 190206 2 0 110 0 0 0
cpu17 214368 0 327 190165 6 0 6 0 0 0
cpu18 214656 0 223 189995 3 0 4 0 0 0
cpu19 214756 0 384 189661 48 0 15 0 0 0
cpu20 214515 0 213 190127 1 0 5 0 0 0
cpu21 214866 0 225 189783 2 0 3 0 0 0
cpu22 214554 0 217 190044 62 0 3 0 0 0
cpu23 214591 0 252 189951 70 0 3 0 0 0
cpu24 214526 0 204 190143 4 0 2 0 0 0
cpu25 214423 0 201 190252 1 0 6 0 0 0
cpu26 214425 0 185 190269 0 0 6 0 0 0
cpu27 214438 0 169 190270 1 0 3 0 0 0
cpu28 214382 0 210 190283 1 0 4 0 0 0
cpu29 214450 0 152 190278 0 0 2 0 0 0
cpu30 214428 0 195 190245 10 0 2 0 0 0
cpu31 214771 0 135 189970 1 0 4 0 0 0
cpu32 214418 2 204 190233 8 0 6 0 0 0
cpu33 214474 0 214 190167 20 0 3 0 0 0
cpu34 214020 0 580 190134 19 0 125 0 0 0
cpu35 214397 0 285 190178 2 0 3 0 0 0
intr 21680260 56 0 0 0 614 0 0 0 1 0 263 0 0 0 0 0 0 0 0 0 0 0 0 0 0 0 0 0 0 0 0 0 671 142 512 389 4717 2500 540 380 3008 1051 72 39 1903 91 236 238 297 265 155 6002 199 124 2204 3248 0 0 0 0 384 83 13 70 40 101 614 56 1017 1589 1116 241 93 0 16 11256 1591 0 6868 577 66033 137 25 94 72 877 379 745 811 1026 28833 3237 711 1821 492 543 284 530 4382 1681 20 246 58 352 641 366 293 1377 449 297 902 211 917 414 0 18 7755 1 0 0 0 0 0 0 0 0 0 0 0 0 0 0 0 0 0 0 0 0 0 0 0 0 0 0 0 0 0 0 0 0 0 0 0 0 0 21 0 0 0 0 0 0 0 0 0 0 0 0 0 0 0 0 0 0 0 0 0 0 0 0 0 0 0 0 0 0 0 0 0 0 0 0 0 0 0 0 0 0 0 0 0 0 0 0 0 0 0 0 0 0 0 0 0 0 0 0 0 0 0 0 0 0 0 0 0 0 0 0 0 0 0 0 0 0 0 0 0 0 0 0 0 0 0 0 0 0 0 0 0 0 0 0 0 0 0 0 0 0 0 0 0 0 0 0 0 0 0 0 0 0 0 0 0 0 0 0 0 0 0 0 0 0 0 0 0 0 0 0 0 0 0 0 0 0 0 0 0 0 0 0 0 0 0 0 0 0 0 0 0 0 0 0 0 0 0 0 0 0 0 0 0 0 0 0 0 0 0 0 0 0 0 0 0 0 0 0 0 0 0 0 0 0 0 0 0 0 0 0 0 0 0 0 0 0 0 0 0 0 0 0 0 0 0 0 0 0 0 0 0 0 0 0 0 0 0 0 0 0 0 0 0 0 0 0 0 0 0 0 0 0 0 0 0 0 0 0 0 0 0 0 0 0 0 0 0 0 0 0 0 0 0 0 0 0 0 0 0 0 0 0 0 0 0 0 0 0 0 0 0 0 0 0 0 0 0 0 0 0 0 0 0 0 0 0 0 0 0 0 0 0 0 0 0 0 0 0 0 0 0 0 0 0 0 0 0 0 0 0 0 0 0 0 0 0 0 0 0 0 0 0 0 0 0 0 0 0 0 0 0 0 0 0 0 0 0 0 0 0 0 0 0 0 0 0 0 0 0 0 0 0 0 0 0 0 0 0 0 0 0 0 0 0 0 0 0 0 0 0 0 0 0 0 0 0 0 0 0 0 0 0 0 0 0 0 0 0 0 0 0 0 0 0 0 0 0 0 0 0 0 0 0 0 0 0 0 0 0 0 0 0 0 0 0 0 0 0 0 0 0 0 0 0 0 0 0 0 0 0 0 0 0 0 0 0 0 0 0 0 0 0 0 0 0 0 0 0 0 0 0 0 0 0 0 0 0 0 0 0 0 0 0 0 0 0 0 0 0 0 0 0 0 0 0 0 0 0 0 0 0 0 0 0 0 0 0 0 0 0 0 0 0 0 0 0 0 0 0 0 0 0 0 0 0 0 0 0 0 0 0 0 0 0 0 0 0 0 0 0 0 0 0 0 0 0 0 0 0 0 0 0 0 0 0 0 0 0 0 0 0 0 0 0 0 0 0 0 0 0 0 0 0 0 0 0 0 0 0 0 0 0 0 0 0 0 0 0 0 0 0 0 0 0 0 0 0 0 0 0 0 0 0 0 0 0 0 0 0 0 0 0 0 0 0 0 0 0 0 0 0 0 0 0 0 0 0 0 0 0 0 0 0 0 0 0 0 0 0 0 0 0 0 0 0 0 0 0 0 0 0 0 0 0 0 0 0 0 0 0 0 0 0 0 0 0 0 0 0 0 0 0 0 0 0 0 0 0 0 0 0 0 0 0 0 0 0 0 0 0 0 0 0 0 0 0 0 0 0 0 0 0 0 0 0 0 0 0 0 0 0 0 0 0 0 0 0 0 0 0 0 0 0 0 0 0 0 0 0 0 0 0 0 0 0 0 0 0 0 0 0 0 0 0 0 0 0 0 0 0 0 0 0 0 0 0 0 0 0 0 0 0 0 0 0 0 0 0 0 0 0 0 0 0 0 0 0 0 0 0 0 0 0 0 0 0 0 0 0 0 0 0 0 0 0 0 0 0 0 0 0 0 0 0 0 0 0 0 0 0 0 0 0 0 0 0 0 0 0 0 0 0 0 0 0 0 0 0 0 0 0 0 0 0 0 0 0 0 0 0 0 0 0 0 0 0 0 0 0 0 0 0 0 0 0 0 0 0 0 0 0 0 0 0 0 0 0 0 0 0 0 0 0 0 0 0 0 0 0 0 0 0 0 0 0 0 0 0 0 0 0 0 0 0 0 0 0 0 0 0 0 0 0 0 0 0 0 0 0 0 0 0 0 0 0 0 0 0 0 0 0 0 0 0 0 0 0 0 0 0 0 0 0 0 0 0 0 0 0 0 0 0 0 0 0 0 0 0 0 0 0 0 0 0 0 0 0 0 0 0 0 0 0 0 0 0 0 0 0 0 0 0 0 0 0 0 0 0 0 0 0 0 0 0 0 0 0 0 0 0 0 0 0 0 0 0 0 0 0 0 0 0 0 0 0 0 0 0 0 0 0 0 0 0 0 0 0 0 0 0 0 0 0 0 0 0 0 0 0 0 0 0 0 0 0 0 0 0 0 0 0 0 0 0 0 0 0 0 0 0 0 0 0 0 0 0 0 0 0 0 0 0 0 0 0 0 0 0 0 0 0 0 0 0 0 0 0 0 0 0 0 0 0 0 0 0 0 0 0 0 0 0 0 0 0 0 0 0 0 0 0 0 0 0 0 0 0 0 0 0 0 0 0 0 0 0 0 0
ctxt 6386602
btime 1613124388
processes 159540
procs_running 1
procs_blocked 0
softirq 28406109 1 16427989 371 1187459 0 0 124836 814596 0 9850857
