cpu  5603654 4 9336 6665943 511 0 939 0 0 0
cpu0 155538 0 352 184978 9 0 228 0 0 0
cpu1 155292 0 518 185236 1 0 70 0 0 0
cpu2 155492 0 384 185220 2 0 18 0 0 0
cpu3 155566 0 265 185260 17 0 14 0 0 0
cpu4 155466 0 302 185326 2 0 32 0 0 0
cpu5 155598 0 205 185314 2 0 12 0 0 0
cpu6 155621 0 244 185251 0 0 7 0 0 0
cpu7 155545 0 251 185314 5 0 10 0 0 0
cpu8 155878 0 275 184955 6 0 13 0 0 0
cpu9 155442 0 363 185278 9 0 41 0 0 0
cpu10 155571 0 232 185295 4 0 8 0 0 0
cpu11 155714 0 210 185181 2 0 9 0 0 0
cpu12 155651 0 197 185244 11 0 15 0 0 0
cpu13 155748 0 199 185171 4 0 2 0 0 0
cpu14 155623 0 400 185067 4 0 22 0 0 0
cpu15 155657 0 292 185161 14 0 7 0 0 0
cpu16 155598 0 302 185215 2 0 7 0 0 0
cpu17 155663 0 223 185200 2 0 31 0 0 0
cpu18 155629 0 224 185214 51 0 9 0 0 0
cpu19 155247 0 472 185308 4 0 87 0 0 0
cpu20 155590 0 248 185223 41 0 20 0 0 0
cpu21 155610 0 233 185238 42 0 13 0 0 0
cpu22 155599 0 184 185265 58 0 14 0 0 0
cpu23 155678 0 116 185306 10 0 2 0 0 0
cpu24 155785 0 177 185154 0 0 2 0 0 0
cpu25 155594 0 185 185344 0 0 2 0 0 0
cpu26 155714 0 186 185213 0 0 8 0 0 0
cpu27 155593 0 221 185295 0 0 11 0 0 0
cpu28 155411 0 320 185224 0 0 164 0 0 0
cpu29 155814 0 156 185117 16 0 4 0 0 0
cpu30 155776 0 136 185194 2 0 2 0 0 0
cpu31 156170 0 178 184755 4 0 0 0 0 0
cpu32 156044 1 344 184704 7 0 18 0 0 0
cpu33 155779 2 190 185145 7 0 2 0 0 0
cpu34 156245 0 323 184407 122 0 16 0 0 0
cpu35 155698 0 214 185153 34 0 5 0 0 0
intr 15707121 56 0 0 0 609 0 0 0 1 0 257 0 0 0 0 0 0 0 0 0 0 0 0 0 0 0 0 0 0 0 0 92 545 46 154 175 263 108 92 1482 467 519 369 170 378 479 429 437 214 279 1673 164 2397 1320 2844 1523 0 0 0 0 19 16 88 14 364 455 160 350 658 484 10307 3521 0 0 16 9173 2 0 5872 129 1037 750 3643 73 1456 152 1092 656 402 63 187 34 203 1697 353 1349 1889 5699 4927 3477 12 40 110 274 1222 856 42525 302 212 376 421 122 2596 81 0 17 7650 1 0 0 0 0 0 0 0 0 0 0 0 0 0 0 0 0 0 0 0 0 0 0 0 0 0 0 0 0 0 0 0 0 0 0 0 0 0 22 0 0 0 0 0 0 0 0 0 0 0 0 0 0 0 0 0 0 0 0 0 0 0 0 0 0 0 0 0 0 0 0 0 0 0 0 0 0 0 0 0 0 0 0 0 0 0 0 0 0 0 0 0 0 0 0 0 0 0 0 0 0 0 0 0 0 0 0 0 0 0 0 0 0 0 0 0 0 0 0 0 0 0 0 0 0 0 0 0 0 0 0 0 0 0 0 0 0 0 0 0 0 0 0 0 0 0 0 0 0 0 0 0 0 0 0 0 0 0 0 0 0 0 0 0 0 0 0 0 0 0 0 0 0 0 0 0 0 0 0 0 0 0 0 0 0 0 0 0 0 0 0 0 0 0 0 0 0 0 0 0 0 0 0 0 0 0 0 0 0 0 0 0 0 0 0 0 0 0 0 0 0 0 0 0 0 0 0 0 0 0 0 0 0 0 0 0 0 0 0 0 0 0 0 0 0 0 0 0 0 0 0 0 0 0 0 0 0 0 0 0 0 0 0 0 0 0 0 0 0 0 0 0 0 0 0 0 0 0 0 0 0 0 0 0 0 0 0 0 0 0 0 0 0 0 0 0 0 0 0 0 0 0 0 0 0 0 0 0 0 0 0 0 0 0 0 0 0 0 0 0 0 0 0 0 0 0 0 0 0 0 0 0 0 0 0 0 0 0 0 0 0 0 0 0 0 0 0 0 0 0 0 0 0 0 0 0 0 0 0 0 0 0 0 0 0 0 0 0 0 0 0 0 0 0 0 0 0 0 0 0 0 0 0 0 0 0 0 0 0 0 0 0 0 0 0 0 0 0 0 0 0 0 0 0 0 0 0 0 0 0 0 0 0 0 0 0 0 0 0 0 0 0 0 0 0 0 0 0 0 0 0 0 0 0 0 0 0 0 0 0 0 0 0 0 0 0 0 0 0 0 0 0 0 0 0 0 0 0 0 0 0 0 0 0 0 0 0 0 0 0 0 0 0 0 0 0 0 0 0 0 0 0 0 0 0 0 0 0 0 0 0 0 0 0 0 0 0 0 0 0 0 0 0 0 0 0 0 0 0 0 0 0 0 0 0 0 0 0 0 0 0 0 0 0 0 0 0 0 0 0 0 0 0 0 0 0 0 0 0 0 0 0 0 0 0 0 0 0 0 0 0 0 0 0 0 0 0 0 0 0 0 0 0 0 0 0 0 0 0 0 0 0 0 0 0 0 0 0 0 0 0 0 0 0 0 0 0 0 0 0 0 0 0 0 0 0 0 0 0 0 0 0 0 0 0 0 0 0 0 0 0 0 0 0 0 0 0 0 0 0 0 0 0 0 0 0 0 0 0 0 0 0 0 0 0 0 0 0 0 0 0 0 0 0 0 0 0 0 0 0 0 0 0 0 0 0 0 0 0 0 0 0 0 0 0 0 0 0 0 0 0 0 0 0 0 0 0 0 0 0 0 0 0 0 0 0 0 0 0 0 0 0 0 0 0 0 0 0 0 0 0 0 0 0 0 0 0 0 0 0 0 0 0 0 0 0 0 0 0 0 0 0 0 0 0 0 0 0 0 0 0 0 0 0 0 0 0 0 0 0 0 0 0 0 0 0 0 0 0 0 0 0 0 0 0 0 0 0 0 0 0 0 0 0 0 0 0 0 0 0 0 0 0 0 0 0 0 0 0 0 0 0 0 0 0 0 0 0 0 0 0 0 0 0 0 0 0 0 0 0 0 0 0 0 0 0 0 0 0 0 0 0 0 0 0 0 0 0 0 0 0 0 0 0 0 0 0 0 0 0 0 0 0 0 0 0 0 0 0 0 0 0 0 0 0 0 0 0 0 0 0 0 0 0 0 0 0 0 0 0 0 0 0 0 0 0 0 0 0 0 0 0 0 0 0 0 0 0 0 0 0 0 0 0 0 0 0 0 0 0 0 0 0 0 0 0 0 0 0 0 0 0 0 0 0 0 0 0 0 0 0 0 0 0 0 0 0 0 0 0 0 0 0 0 0 0 0 0 0 0 0 0 0 0 0 0 0 0 0 0 0 0 0 0 0 0 0 0 0 0 0 0 0 0 0 0 0 0 0 0 0 0 0 0 0 0 0 0 0 0 0 0 0 0 0 0 0 0 0 0 0 0 0 0 0 0 0 0 0 0 0 0 0 0 0 0 0 0 0 0 0 0 0 0 0 0 0 0 0 0 0 0 0 0 0 0 0 0 0 0 0 0 0 0 0 0 0 0 0 0 0 0 0 0 0 0 0 0 0 0 0 0 0 0 0 0 0 0 0 0 0 0 0 0 0 0 0 0 0 0 0 0 0 0 0 0 0 0 0 0 0 0 0 0 0 0 0 0 0 0 0 0 0 0 0 0 0 0 0 0 0 0 0 0 0 0 0 0 0 0 0 0 0 0 0 0 0 0 0 0 0 0 0 0 0 0 0 0 0 0 0 0 0 0 0 0 0 0 0 0 0 0 0 0 0 0 0 0 0
ctxt 4386098
btime 1613124388
processes 107126
procs_running 1
procs_blocked 0
softirq 20684236 1 11979032 336 789217 0 0 82355 616185 0 7217110
