cpu  31470918 3 47089 7200757 459 0 4570 0 0 0
cpu0 873485 0 1740 199984 1 0 689 0 0 0
cpu1 874322 0 1285 199932 22 0 104 0 0 0
cpu2 873780 0 1569 200093 17 0 226 0 0 0
cpu3 873923 0 1452 200220 5 0 78 0 0 0
cpu4 873250 0 1886 200293 3 0 235 0 0 0
cpu5 873732 0 1536 200319 2 0 75 0 0 0
cpu6 873846 0 1397 200331 6 0 83 0 0 0
cpu7 873912 0 1568 200049 1 0 126 0 0 0
cpu8 874228 0 1066 200309 1 0 50 0 0 0
cpu9 873478 0 2095 199931 1 0 160 0 0 0
cpu10 873676 0 1564 200311 6 0 89 0 0 0
cpu11 874306 0 1660 199482 1 0 200 0 0 0
cpu12 873640 0 1579 200324 38 0 58 0 0 0
cpu13 874374 0 1509 199712 4 0 58 0 0 0
cpu14 873758 0 1604 200164 88 0 50 0 0 0
cpu15 871396 0 2924 200116 49 0 1168 0 0 0
cpu16 873727 0 1699 200159 2 0 63 0 0 0
cpu17 873755 0 1648 200175 2 0 70 0 0 0
cpu18 874396 0 872 200328 4 0 28 0 0 0
cpu19 874817 0 796 199940 15 0 56 0 0 0
cpu20 874435 0 1031 200088 5 0 94 0 0 0
cpu21 874670 0 707 200269 1 0 14 0 0 0
cpu22 874234 0 960 200360 23 0 71 0 0 0
cpu23 873889 0 1165 200460 1 0 144 0 0 0
cpu24 874168 0 1018 200362 7 0 100 0 0 0
cpu25 874375 0 845 200356 13 0 58 0 0 0
cpu26 874871 0 500 200271 2 0 9 0 0 0
cpu27 874883 0 897 199800 16 0 50 0 0 0
cpu28 875269 0 1258 199029 2 0 97 0 0 0
cpu29 874949 0 1121 199495 1 0 65 0 0 0
cpu30 876677 0 1059 197796 77 0 30 0 0 0
cpu31 875646 0 850 199105 1 0 35 0 0 0
cpu32 874275 0 1008 200338 1 0 26 0 0 0
cpu33 874250 1 1045 200287 6 0 53 0 0 0
cpu34 874356 0 922 200328 13 0 24 0 0 0
cpu35 874158 0 1239 200223 2 0 21 0 0 0
intr 86666512 56 0 0 0 610 0 0 0 1 0 250 0 0 0 0 0 0 0 0 0 0 0 0 0 0 0 0 0 0 0 0 94 530 470 749 2638 715 698 1413 293 137 282 460 83 4846 486 3890 2667 571 484 247 389 638 184 1445 135 0 0 0 0 368 542 203 1180 154 117 10252 178 151 991 810 217 0 0 17 12381 2 0 26338 2392 4699 1209 3242 4098 1561 5717 2308 6611 5478 3216 7872 1775 1687 252385 3483 4924 6890 1787 2298 1649 7029 2994 984 3105 1176 751 4451 2328 8013 5694 5214 10189 1618 2221 0 16 7913 1 0 0 0 0 0 0 0 0 0 0 0 0 0 0 0 0 0 0 0 0 0 0 0 0 0 0 0 0 0 0 0 0 0 0 0 0 0 25 0 0 0 0 0 0 0 0 0 0 0 0 0 0 0 0 0 0 0 0 0 0 0 0 0 0 0 0 0 0 0 0 0 0 0 0 0 0 0 0 0 0 0 0 0 0 0 0 0 0 0 0 0 0 0 0 0 0 0 0 0 0 0 0 0 0 0 0 0 0 0 0 0 0 0 0 0 0 0 0 0 0 0 0 0 0 0 0 0 0 0 0 0 0 0 0 0 0 0 0 0 0 0 0 0 0 0 0 0 0 0 0 0 0 0 0 0 0 0 0 0 0 0 0 0 0 0 0 0 0 0 0 0 0 0 0 0 0 0 0 0 0 0 0 0 0 0 0 0 0 0 0 0 0 0 0 0 0 0 0 0 0 0 0 0 0 0 0 0 0 0 0 0 0 0 0 0 0 0 0 0 0 0 0 0 0 0 0 0 0 0 0 0 0 0 0 0 0 0 0 0 0 0 0 0 0 0 0 0 0 0 0 0 0 0 0 0 0 0 0 0 0 0 0 0 0 0 0 0 0 0 0 0 0 0 0 0 0 0 0 0 0 0 0 0 0 0 0 0 0 0 0 0 0 0 0 0 0 0 0 0 0 0 0 0 0 0 0 0 0 0 0 0 0 0 0 0 0 0 0 0 0 0 0 0 0 0 0 0 0 0 0 0 0 0 0 0 0 0 0 0 0 0 0 0 0 0 0 0 0 0 0 0 0 0 0 0 0 0 0 0 0 0 0 0 0 0 0 0 0 0 0 0 0 0 0 0 0 0 0 0 0 0 0 0 0 0 0 0 0 0 0 0 0 0 0 0 0 0 0 0 0 0 0 0 0 0 0 0 0 0 0 0 0 0 0 0 0 0 0 0 0 0 0 0 0 0 0 0 0 0 0 0 0 0 0 0 0 0 0 0 0 0 0 0 0 0 0 0 0 0 0 0 0 0 0 0 0 0 0 0 0 0 0 0 0 0 0 0 0 0 0 0 0 0 0 0 0 0 0 0 0 0 0 0 0 0 0 0 0 0 0 0 0 0 0 0 0 0 0 0 0 0 0 0 0 0 0 0 0 0 0 0 0 0 0 0 0 0 0 0 0 0 0 0 0 0 0 0 0 0 0 0 0 0 0 0 0 0 0 0 0 0 0 0 0 0 0 0 0 0 0 0 0 0 0 0 0 0 0 0 0 0 0 0 0 0 0 0 0 0 0 0 0 0 0 0 0 0 0 0 0 0 0 0 0 0 0 0 0 0 0 0 0 0 0 0 0 0 0 0 0 0 0 0 0 0 0 0 0 0 0 0 0 0 0 0 0 0 0 0 0 0 0 0 0 0 0 0 0 0 0 0 0 0 0 0 0 0 0 0 0 0 0 0 0 0 0 0 0 0 0 0 0 0 0 0 0 0 0 0 0 0 0 0 0 0 0 0 0 0 0 0 0 0 0 0 0 0 0 0 0 0 0 0 0 0 0 0 0 0 0 0 0 0 0 0 0 0 0 0 0 0 0 0 0 0 0 0 0 0 0 0 0 0 0 0 0 0 0 0 0 0 0 0 0 0 0 0 0 0 0 0 0 0 0 0 0 0 0 0 0 0 0 0 0 0 0 0 0 0 0 0 0 0 0 0 0 0 0 0 0 0 0 0 0 0 0 0 0 0 0 0 0 0 0 0 0 0 0 0 0 0 0 0 0 0 0 0 0 0 0 0 0 0 0 0 0 0 0 0 0 0 0 0 0 0 0 0 0 0 0 0 0 0 0 0 0 0 0 0 0 0 0 0 0 0 0 0 0 0 0 0 0 0 0 0 0 0 0 0 0 0 0 0 0 0 0 0 0 0 0 0 0 0 0 0 0 0 0 0 0 0 0 0 0 0 0 0 0 0 0 0 0 0 0 0 0 0 0 0 0 0 0 0 0 0 0 0 0 0 0 0 0 0 0 0 0 0 0 0 0 0 0 0 0 0 0 0 0 0 0 0 0 0 0 0 0 0 0 0 0 0 0 0 0 0 0 0 0 0 0 0 0 0 0 0 0 0 0 0 0 0 0 0 0 0 0 0 0 0 0 0 0 0 0 0 0 0 0 0 0 0 0 0 0 0 0 0 0 0 0 0 0 0 0 0 0 0 0 0 0 0 0 0 0 0 0 0 0 0 0 0 0 0 0 0 0 0 0 0 0 0 0 0 0 0 0 0 0 0 0 0 0 0 0 0 0 0 0 0 0 0 0 0 0 0 0 0 0 0 0 0 0 0 0 0 0 0 0 0 0 0 0 0 0 0 0 0 0 0 0 0 0 0 0 0 0 0 0 0 0 0 0 0 0 0 0 0 0 0 0 0 0 0 0 0 0 0 0 0 0 0 0 0 0 0 0 0 0 0 0 0 0 0 0 0 0 0 0 0 0 0 0 0 0 0 0 0 0 0 0 0 0 0 0 0 0 0 0 0 0 0 0 0 0 0 0 0 0 0 0 0 0 0 0 0 0 0 0
ctxt 22282760
btime 1613124388
processes 557859
procs_running 1
procs_blocked 0
softirq 111652243 1 64149988 1059 4217496 0 0 404952 2926388 0 39952359
