cpu  19294322 4 24151 6970775 422 0 2806 0 0 0
cpu0 535718 0 872 193387 1 0 476 0 0 0
cpu1 535769 0 636 193902 1 0 138 0 0 0
cpu2 535832 0 620 193833 0 0 83 0 0 0
cpu3 536146 0 483 193675 4 0 22 0 0 0
cpu4 534878 0 1460 193706 2 0 290 0 0 0
cpu5 535693 0 786 193799 14 0 48 0 0 0
cpu6 535890 0 597 193821 2 0 24 0 0 0
cpu7 535694 0 736 193864 4 0 53 0 0 0
cpu8 536227 0 854 193233 1 0 27 0 0 0
cpu9 535758 0 836 193715 1 0 37 0 0 0
cpu10 536180 0 725 193403 4 0 25 0 0 0
cpu11 535832 0 638 193851 2 0 27 0 0 0
cpu12 535813 0 773 193720 4 0 32 0 0 0
cpu13 535990 0 727 193544 49 0 34 0 0 0
cpu14 535325 0 1062 193901 4 0 45 0 0 0
cpu15 535451 0 947 193884 5 0 65 0 0 0
cpu16 535637 0 750 193875 1 0 76 0 0 0
cpu17 535902 0 579 193797 5 0 50 0 0 0
cpu18 536088 0 386 193828 5 0 32 0 0 0
cpu19 535889 0 556 193856 1 0 38 0 0 0
cpu20 536170 0 338 193798 3 0 29 0 0 0
cpu21 536172 0 308 193851 9 0 2 0 0 0
cpu22 535850 0 528 193898 12 0 60 0 0 0
cpu23 536048 0 382 193896 2 0 6 0 0 0
cpu24 534589 0 1269 193655 13 0 798 0 0 0
cpu25 536050 0 382 193899 3 0 10 0 0 0
cpu26 536002 0 482 193832 7 0 10 0 0 0
cpu27 536174 0 744 193375 0 0 52 0 0 0
cpu28 537416 0 690 192117 81 0 8 0 0 0
cpu29 536393 0 518 193383 33 0 21 0 0 0
cpu30 537009 0 556 192680 54 0 9 0 0 0
cpu31 536297 3 667 193316 40 0 18 0 0 0
cpu32 536273 0 818 193192 6 0 47 0 0 0
cpu33 535887 0 712 193638 12 0 74 0 0 0
cpu34 536175 0 366 193759 15 0 15 0 0 0
cpu35 536090 0 355 193877 1 0 10 0 0 0
intr 53343050 56 0 0 0 610 0 0 0 1 0 275 0 0 0 0 0 0 0 0 0 0 0 0 0 0 0 0 0 0 0 0 0 94 730 235 122 198 842 609 131 479 84 259 326 213 265 1489 453 351 316 398 283 229 193 1388 3734 0 0 0 0 203 1624 418 445 110 10040 3559 4011 1769 545 724 306 167 0 16 10900 1 0 23346 2577 4039 603 1406 802 393 4012 1487 3998 1373 1214 3771 1667 4348 2218 3860 1023 3618 3749 5766 433 3374 1043 162540 597 1320 3188 506 5149 835 1306 5279 2650 1323 2015 0 16 7841 1 0 0 0 0 0 0 0 0 0 0 0 0 0 0 0 0 0 0 0 0 0 0 0 0 0 0 0 0 0 0 0 0 0 0 0 0 0 24 0 0 0 0 0 0 0 0 0 0 0 0 0 0 0 0 0 0 0 0 0 0 0 0 0 0 0 0 0 0 0 0 0 0 0 0 0 0 0 0 0 0 0 0 0 0 0 0 0 0 0 0 0 0 0 0 0 0 0 0 0 0 0 0 0 0 0 0 0 0 0 0 0 0 0 0 0 0 0 0 0 0 0 0 0 0 0 0 0 0 0 0 0 0 0 0 0 0 0 0 0 0 0 0 0 0 0 0 0 0 0 0 0 0 0 0 0 0 0 0 0 0 0 0 0 0 0 0 0 0 0 0 0 0 0 0 0 0 0 0 0 0 0 0 0 0 0 0 0 0 0 0 0 0 0 0 0 0 0 0 0 0 0 0 0 0 0 0 0 0 0 0 0 0 0 0 0 0 0 0 0 0 0 0 0 0 0 0 0 0 0 0 0 0 0 0 0 0 0 0 0 0 0 0 0 0 0 0 0 0 0 0 0 0 0 0 0 0 0 0 0 0 0 0 0 0 0 0 0 0 0 0 0 0 0 0 0 0 0 0 0 0 0 0 0 0 0 0 0 0 0 0 0 0 0 0 0 0 0 0 0 0 0 0 0 0 0 0 0 0 0 0 0 0 0 0 0 0 0 0 0 0 0 0 0 0 0 0 0 0 0 0 0 0 0 0 0 0 0 0 0 0 0 0 0 0 0 0 0 0 0 0 0 0 0 0 0 0 0 0 0 0 0 0 0 0 0 0 0 0 0 0 0 0 0 0 0 0 0 0 0 0 0 0 0 0 0 0 0 0 0 0 0 0 0 0 0 0 0 0 0 0 0 0 0 0 0 0 0 0 0 0 0 0 0 0 0 0 0 0 0 0 0 0 0 0 0 0 0 0 0 0 0 0 0 0 0 0 0 0 0 0 0 0 0 0 0 0 0 0 0 0 0 0 0 0 0 0 0 0 0 0 0 0 0 0 0 0 0 0 0 0 0 0 0 0 0 0 0 0 0 0 0 0 0 0 0 0 0 0 0 0 0 0 0 0 0 0 0 0 0 0 0 0 0 0 0 0 0 0 0 0 0 0 0 0 0 0 0 0 0 0 0 0 0 0 0 0 0 0 0 0 0 0 0 0 0 0 0 0 0 0 0 0 0 0 0 0 0 0 0 0 0 0 0 0 0 0 0 0 0 0 0 0 0 0 0 0 0 0 0 0 0 0 0 0 0 0 0 0 0 0 0 0 0 0 0 0 0 0 0 0 0 0 0 0 0 0 0 0 0 0 0 0 0 0 0 0 0 0 0 0 0 0 0 0 0 0 0 0 0 0 0 0 0 0 0 0 0 0 0 0 0 0 0 0 0 0 0 0 0 0 0 0 0 0 0 0 0 0 0 0 0 0 0 0 0 0 0 0 0 0 0 0 0 0 0 0 0 0 0 0 0 0 0 0 0 0 0 0 0 0 0 0 0 0 0 0 0 0 0 0 0 0 0 0 0 0 0 0 0 0 0 0 0 0 0 0 0 0 0 0 0 0 0 0 0 0 0 0 0 0 0 0 0 0 0 0 0 0 0 0 0 0 0 0 0 0 0 0 0 0 0 0 0 0 0 0 0 0 0 0 0 0 0 0 0 0 0 0 0 0 0 0 0 0 0 0 0 0 0 0 0 0 0 0 0 0 0 0 0 0 0 0 0 0 0 0 0 0 0 0 0 0 0 0 0 0 0 0 0 0 0 0 0 0 0 0 0 0 0 0 0 0 0 0 0 0 0 0 0 0 0 0 0 0 0 0 0 0 0 0 0 0 0 0 0 0 0 0 0 0 0 0 0 0 0 0 0 0 0 0 0 0 0 0 0 0 0 0 0 0 0 0 0 0 0 0 0 0 0 0 0 0 0 0 0 0 0 0 0 0 0 0 0 0 0 0 0 0 0 0 0 0 0 0 0 0 0 0 0 0 0 0 0 0 0 0 0 0 0 0 0 0 0 0 0 0 0 0 0 0 0 0 0 0 0 0 0 0 0 0 0 0 0 0 0 0 0 0 0 0 0 0 0 0 0 0 0 0 0 0 0 0 0 0 0 0 0 0 0 0 0 0 0 0 0 0 0 0 0 0 0 0 0 0 0 0 0 0 0 0 0 0 0 0 0 0 0 0 0 0 0 0 0 0 0 0 0 0 0 0 0 0 0 0 0 0 0 0 0 0 0 0 0 0 0 0 0 0 0 0 0 0 0 0 0 0 0 0 0 0 0 0 0 0 0 0 0 0 0 0 0 0 0 0 0 0 0 0 0 0 0 0 0 0 0 0 0 0 0 0 0 0 0 0 0 0 0 0 0 0 0 0 0 0 0 0 0 0 0 0 0 0 0 0 0 0 0 0 0 0 0 0 0 0 0 0 0 0 0 0 0 0 0 0 0 0 0 0 0 0 0 0 0 0 0 0 0 0 0 0 0 0 0 0 0 0 0 0 0 0 0 0 0 0 0 0 0 0
ctxt 14171426
btime 1613124388
processes 355947
procs_running 1
procs_blocked 0
softirq 69694815 1 40163426 614 2678949 0 0 264806 1843688 0 24743331
