cpu  95970238 5 108424 27972491 448 0 8544 0 0 0
cpu0 744515 0 6309 217412 3 0 701 0 0 0
cpu1 750051 0 451 218613 0 0 68 0 0 0
cpu2 750295 0 460 218455 17 0 24 0 0 0
cpu3 747874 0 1302 219941 3 0 70 0 0 0
cpu4 747221 0 3880 217762 0 0 290 0 0 0
cpu5 749840 0 342 219045 7 0 18 0 0 0
cpu6 750390 0 306 218548 0 0 22 0 0 0
cpu7 749659 0 345 219210 0 0 27 0 0 0
cpu8 747410 0 3249 218181 10 0 367 0 0 0
cpu9 750232 0 204 218816 0 0 3 0 0 0
cpu10 750460 0 147 218646 0 0 2 0 0 0
cpu11 750073 0 291 218862 0 0 18 0 0 0
cpu12 749101 0 2737 217132 1 0 222 0 0 0
cpu13 750167 0 203 218878 0 0 6 0 0 0
cpu14 750210 0 148 218897 1 0 4 0 0 0
cpu15 749478 0 976 218713 0 0 99 0 0 0
cpu16 749084 0 2887 216912 1 0 339 0 0 0
cpu17 750384 0 149 218723 1 0 2 0 0 0
cpu18 750360 0 167 218712 0 0 4 0 0 0
cpu19 750173 0 287 218762 1 0 18 0 0 0
cpu20 750424 0 2886 215632 0 0 245 0 0 0
cpu21 750032 0 215 218773 1 0 186 0 0 0
cpu22 750385 0 175 218688 0 0 5 0 0 0
cpu23 750180 0 277 218772 0 0 22 0 0 0
cpu24 748410 0 3014 217406 0 0 299 0 0 0
cpu25 750305 0 225 218722 0 0 2 0 0 0
cpu26 750474 0 154 218615 0 0 2 0 0 0
cpu27 750102 0 229 218905 0 0 11 0 0 0
cpu28 748339 1 2236 218418 0 0 206 0 0 0
cpu29 750075 0 315 218834 0 0 24 0 0 0
cpu30 750490 0 162 218597 1 0 0 0 0 0
cpu31 750339 0 176 218727 0 0 8 0 0 0
cpu32 747917 0 2923 218116 1 0 238 0 0 0
cpu33 749906 0 237 219091 0 0 8 0 0 0
cpu34 750617 0 189 218438 0 0 6 0 0 0
cpu35 750210 0 301 218705 0 0 32 0 0 0
cpu36 747308 0 3897 217683 4 0 308 0 0 0
cpu37 750188 0 238 218816 1 0 3 0 0 0
cpu38 750636 0 144 218472 1 0 1 0 0 0
cpu39 750110 0 244 218886 0 0 8 0 0 0
cpu40 747852 0 3174 217886 2 0 278 0 0 0
cpu41 750100 0 209 218927 0 0 8 0 0 0
cpu42 750449 0 152 218638 0 0 4 0 0 0
cpu43 750142 0 249 218823 0 0 23 0 0 0
cpu44 746845 0 3934 218076 5 0 334 0 0 0
cpu45 750134 0 192 218910 0 0 7 0 0 0
cpu46 750088 0 224 218916 1 0 8 0 0 0
cpu47 750237 0 215 218773 2 0 10 0 0 0
cpu48 747834 0 2657 218435 0 0 261 0 0 0
cpu49 749500 0 412 219240 1 0 70 0 0 0
cpu50 750628 0 124 218495 1 0 2 0 0 0
cpu51 750335 0 191 218708 1 0 4 0 0 0
cpu52 748286 0 2752 217936 1 0 212 0 0 0
cpu53 750350 0 122 218756 9 0 0 0 0 0
cpu54 750322 0 160 218756 1 0 2 0 0 0
cpu55 750247 0 228 218747 1 0 18 0 0 0
cpu56 748049 0 2509 218438 1 0 201 0 0 0
cpu57 750212 0 184 218852 0 0 4 0 0 0
cpu58 750148 0 361 218690 1 0 36 0 0 0
cpu59 749905 0 592 218682 0 0 54 0 0 0
cpu60 748592 0 2328 218086 1 0 192 0 0 0
cpu61 750042 0 241 218949 0 0 5 0 0 0
cpu62 750108 0 142 218977 0 0 6 0 0 0
cpu63 749681 0 541 218942 0 0 51 0 0 0
cpu64 748324 0 2829 217838 20 0 162 0 0 0
cpu65 749500 0 522 219124 5 0 72 0 0 0
cpu66 749536 0 312 219340 1 0 12 0 0 0
cpu67 749480 0 881 218802 2 0 58 0 0 0
cpu68 748886 2 2101 218069 24 0 115 0 0 0
cpu69 750139 0 175 218907 0 0 3 0 0 0
cpu70 750246 0 171 218815 0 0 6 0 0 0
cpu71 749700 0 511 218963 1 0 56 0 0 0
cpu72 749977 0 1939 216784 165 0 312 0 0 0
cpu73 749838 0 227 219150 1 0 12 0 0 0
cpu74 750239 0 144 218854 0 0 0 0 0 0
cpu75 750042 0 242 218927 4 0 6 0 0 0
cpu76 752549 0 2001 214531 1 0 118 0 0 0
cpu77 750372 0 148 218719 0 0 2 0 0 0
cpu78 750432 0 122 218678 0 0 0 0 0 0
cpu79 749466 0 914 218740 1 0 105 0 0 0
cpu80 749509 0 1687 217843 8 0 120 0 0 0
cpu81 750219 0 166 218848 2 0 5 0 0 0
cpu82 750551 0 130 218548 0 0 3 0 0 0
cpu83 750304 0 228 218687 0 0 10 0 0 0
cpu84 748883 0 1651 218534 1 0 116 0 0 0
cpu85 750140 0 143 218944 0 0 2 0 0 0
cpu86 750314 0 117 218795 0 0 2 0 0 0
cpu87 750149 0 225 218827 0 0 14 0 0 0
cpu88 749202 0 1576 218309 0 0 104 0 0 0
cpu89 749822 0 215 219173 1 0 11 0 0 0
cpu90 750505 0 154 218568 0 0 0 0 0 0
cpu91 750351 0 179 218693 0 0 8 0 0 0
cpu92 749694 0 1538 217872 0 0 100 0 0 0
cpu93 750385 0 168 218663 4 0 2 0 0 0
cpu94 750626 0 146 218450 0 0 2 0 0 0
cpu95 750331 0 160 218724 3 0 5 0 0 0
cpu96 749418 0 1795 217908 1 0 90 0 0 0
cpu97 750221 0 207 218784 0 0 3 0 0 0
cpu98 750392 0 138 218690 0 0 2 0 0 0
cpu99 750117 0 280 218789 3 0 28 0 0 0
cpu100 747701 0 2536 218760 1 0 179 0 0 0
cpu101 750130 0 178 218914 0 0 1 0 0 0
cpu102 750442 0 133 218646 2 0 1 0 0 0
cpu103 750264 0 231 218713 0 0 5 0 0 0
cpu104 747396 0 3624 217838 0 0 289 0 0 0
cpu105 750177 0 150 218887 0 0 0 0 0 0
cpu106 750083 0 160 218972 2 0 1 0 0 0
cpu107 750252 0 262 218675 0 0 28 0 0 0
cpu108 748840 0 1901 218295 35 0 110 0 0 0
cpu109 750096 0 184 218920 0 0 6 0 0 0
cpu110 750504 0 233 218453 11 0 10 0 0 0
cpu111 750176 0 208 218831 0 0 6 0 0 0
cpu112 749239 0 1564 218294 4 0 96 0 0 0
cpu113 750065 0 237 218855 1 0 10 0 0 0
cpu114 750510 0 116 218589 1 0 0 0 0 0
cpu115 750317 0 161 218720 0 0 5 0 0 0
cpu116 749594 0 1582 217905 2 0 107 0 0 0
cpu117 750291 0 214 218695 0 0 3 0 0 0
cpu118 750661 0 119 218440 0 0 0 0 0 0
cpu119 750152 0 220 218827 0 0 8 0 0 0
cpu120 749109 0 1766 218228 4 0 87 0 0 0
cpu121 750295 0 170 218746 0 0 7 0 0 0
cpu122 750338 0 183 218682 0 0 1 0 0 0
cpu123 749659 0 650 218819 0 0 79 0 0 0
cpu124 749775 0 1506 217832 3 0 68 0 0 0
cpu125 749904 0 310 218951 0 0 5 0 0 0
cpu126 750655 0 181 218375 1 0 0 0 0 0
cpu127 750194 0 479 218526 0 0 8 0 0 0
intr 264834020 133 0 0 0 680 0 0 0 1 0 272 0 0 0 0 0 0 0 0 0 0 0 0 0 0 0 0 0 0 0 0 0 0 0 0 260 0 2323 1596 4837 30745 5076 526 732 4209 1538 883 343 6155 1503 678 954 26861 704 177 1347 6327 1237 84840 161 3852 2329 689 254 5402 1414 812 314 3799 1220 757 803 7226 2613 342 435 2513 1279 671 553 7355 1147 569 3149 5854 1124 18097 821 3479 1917 89 733 7812 1254 634 2019 6234 1522 1911 208 12114 8855 691 7963 20831 5740 552 1018 6298 30674 990 438 3362 1066 441 462 18391 4297 101 863 4235 412 439 251 6900 528 279 724 3607 824 426 347 3226 2579 599 439 5609 2051 206 367 4329 1766 401 548 3594 806 613 5564 5275 494 1097 48 1829 1341 470 493 0 0 0 0 0 0 0 0 0 0 2091 1136 14005 216 526 733 388 120 191 1833 355 376 151 295 98 130 164 86 151 3209 324 135 169 189 263 3951 82 7 20 2 481 394 4 49 0 0 0 0 0 0 0 0 0 0 0 0 0 0 0 0 57 13 448 177 200 0 0 2 3 4 32 18 0 16 49 51 160 29 9 13 53 20 53 3 6 11 5 1 95 8 4 67 4 285 4 4 2 16 564 756 332 70 43 153 30 67 24 6 4 22 9 9 38 277 47 2 11 1 3 12 265 44 161 0 0 0 0 0 0 0 0 0 0 0 0 0 0 0 0 0 0 0 0 0 0 0 0 0 0 0 0 0 0 0 0 0 0 0 0 0 0 0 0 0 0 0 0 0 0 0 0 0 0 0 0 0 0 0 0 0 0 0 0 0 0 0 0 0 0 0 0 0 0 0 0 0 0 0 0 0 0 0 0 0 0 0 0 0 0 0 0 0 0 0 0 0 0 0 0 0 0 0 0 0 0 0 0 0 0 0 0 0 0 0 0 0 0 0 0 0 0 0 0 0 0 0 0 0 0 0 0 0 0 0 0 0 0 0 0 0 0 0 0 0 0 0 0 0 0 0 0 0 0 0 0 0 0 0 0 0 0 0 0 0 0 0 0 0 0 0 0 0 0 0 0 0 0 0 0 0 0 0 0 0 0 0 0 0 0 0 0 0 0 0 0 0 0 0 0 0 0 0 0 0 0 0 0 0 0 0 0 0 0 0 0 0 0 0 0 0 0 0 0 0 0 0 0 0 0 0 0 0 0 0 0 0 0 0 0 0 0 0 0 0 0 0 0 0 0 0 0 0 0 0 0 0 0 0 0 0 0 0 0 0 0 0 0 0 0 0 0 0 0 0 0 0 0 0 0 0 0 0 0 0 0 0 0 0 0 0 0 0 0 0 0 0 0 0 0 0 0 0 0 0 0 0 0 0 0 0 0 0 0 0 0 0 0 0 0 0 0 0 0 0 0 0 0 0 0 0 0 0 0 0 0 0 0 0 0 0 0 0 0 0 0 0 0 0 0 0 0 0 0 0 0 0 0 0 0 0 0 0 0 0 0 0 0 0 0 0 0 0 0 0 0 0 0 0 0 0 0 0 0 0 0 0 0 0 0 0 0 0 0 0 0 0 0 0 0 0 0 0 0 0 0 0 0 0 0 0 0 0 0 0 0 0 0 0 0 0 0 0 0 0 0 0 0 0 0 0 0 0 0 0 0 0 0 0 0 0 0 0 0 0 48 0 0 0 0 0 0 0 3 0 0 0 0 0 0 0 0 0 0 0 0 0 0 0 0 0 0 0 0 0 0 0 0 0 0 0 0 0 0 0 0 0 0 0 0 0 0 0 0 0 0 0 0 0 0 0 0 0 0 0 0 0 0 0 0 0 0 48 0 0 0 0 0 0 0 0 23 0 0 0 0 0 0 0 0 0 0 0 0 0 0 0 0 0 0 0 0 0 0 0 0 0 0 0 0 0 0 0 0 0 0 0 0 0 0 0 0 0 0 0 0 0 0 0 0 0 0 0 0 0 0 0 0 0 0 0 0 0 0 0 0 0 0 0 0 0 0 0 0 0 0 0 0 0 0 0 0 0 0 0 0 0 0 0 0 0 0 0 0 0 0 0 0 0 0 0 0 0 0 0 0 0 0 0 0 0 0 0 0 0 0 0 0 0 0 0 0 0 0 0 0 0 0 0 0 0 0 0 0 0 0 0 0 0 0 0 0 0 0 0 0 0 0 0 0 0 0 0 0 0 0 0 0 0 0 0 0 0 0 0 0 0 0 0 0 0 0 0 0 0 0 0 0 0 0 0 0 0 0 0 0 0 0 0 0 0 0 0 0 0 0 0 0 0 0 0 0 0 0 0 0 0 0 0 0 0 0 0 0 0 0 0 0 0 0 0 0 0 0 0 0 0 0 0 0 0 0 0 0 0 0 0 0 0 0 0 0 0 0 0 0 0 0 0 0 0 0 0 0 0 0 0 0 0 0 0 0 0 0 0 0 0 0 0 0 0 0 0 0 0 0 0 0 0 0 0 0 0 0 0 0 0 0 0 0 0 0 0 0 0 0 0 0 0 0 0 0 0 0 0 0 0 0 0 0 0 0 0 0 0 0 0 0 0 0 0 0 0 0 0 0 0 0 0 0 0 0 0 0 0 0 0 0 0 0 0 0 0 0 0 0 0 0 0 0 0 0 0 0 0 0 0 0 0 0 0 0 0 0 0 0 0 0 0 0 0 0 0 0 0 0 0 0 0 0 0 0 0 0 0 0 0 0 0 0 0 0 0 0 0 0 0 0 0 0 0 0 0 0 0 0 0 0 0 0 0 0 0 0 0 0 0 0 0 0 0 0 0 0 0 0 0 0 0 0 0 0 0 0 0 0 0 0 0 0 0 0 0 0 0 0 0 0 0 0 0 0 0 0 0 0 0 0 0 0 0 0 0 0 0 0 0 0 0 0 0 0 0 0 0 0 0 0 0 0 0 0 0 0 0 0 0 0 0 0 0 0 0 0 0 0 0 0 0 0 0 0 0 0 0 0 0 0 0 0 0 0 0 0 0 0 0 0 0 0 0 0 0 0 0 0 0 0 0 0 0 0 0 0 0 0 0 0 0 0 0 0 0 0 0 0 0 0 0 0 0 0 0 0 0 0 0 0 0 0 0 0 0 0 0 0 0 0 0 0 0 0 0 0 0 0 0 0 0 0 0 0 0 0 0 0 0 0 0 0 0 0 0 0 0 0 0 0 0 0 0 0 0 0 0 0 0 0 0 0 0 0 0 0 0 0 0 0 0 0 0 0 0 0 0 0 0 0 0 0 0 0 0 0 0 0 0 0 0 0 0 0 0 0 0 0 0 0 0 0 0 0 0 0 0 0 0 0 0 0 0 0 0 0 0 0 0 0 0 0 0 0 0 0 0 0 0 0 0 0 0 0 0 0 0 0 0 0 0 0 0 0 0 0 0 0 0 0 0 0 0 0 0 0 0 0 0 0 0 0 0 0 0 0 0 0 0 0 0 0 0 0 0 0 0 0 0 0 0 0 0 0 0 0 0 0 0 0 0 0 0 0 0 0 0 0 0 0 0 0 0 0 0 0 0 0 0 0 0 0 0 0 0 0 0 0 0 0 0 0 0 0 0 0 0 0 0 0 0 0 0 0 0 0 0 0 0 0 0 0 0 0 0 0 0 0 0 0 0 0 0 0 0 0 0 0 0 0 0 0 0 0 0 0 0 0 0 0 0 0 0 0 0 0 0 0 0 0 0 0 0 0 0 0 0 0 0 0 0 0 0 0 0 0 0 0 0 0 0 0 0 0 0 0 0 0 0 0 0 0 0 0 0 0 0 0 0 0 0 0 0 0 0 0 0 0 0 0 0 0 0 0 0 0 0 0 0 0 0 0 0 0 0 0 0 0 0 0 0 0 0 0 0 0 0 0 0 0 0 0 0 0 0 0 0 0 0 0 0 0 0 0 0 0 0 0 0 0 0 0 0 0 0 0 0 0 0 0 0 0 0 0 0 0 0 0 0 0 0 0 0 0 0 0 0 0 0 0 0 0 0 0 0 0 0 0 0 0 0 0 0 0 0 0 0 0 0 0 0 0 0 0 0 0 0 0 0 0 0 0 0 0 0 0 0 0 0 0 0 0 0 0 0 0 0 0 0 0 0 0 0 0 0 0 0 0 0 0 0 0 0 0 0 0 0 0 0 0 0 0 0 0 0 0 0 0 0 0 0 0 0 0 0 0 0 0 0 0 0 0 0 0 0 0 0 0 0 0 0 0 0 0 0 0 0 0 0 0 0 0 0 0 0 0 0 0 0 0 0 0 0 0 0 0 0 0 0 0 0 0 0 0 0 0 0 0 0 0 0 0 0 0 0 0 0 0 0 0 0 0 0 0 0 0 0 0 0 0 0 0 0 0 0 0 0 0 0 0 0 0 0 0 0 0 0 0 0 0 0 0 0 0 0 0 0 0 0 0 0 0 0 0 0 0 0 0 0 0 0 0 0 0 0 0 0 0 0 0 0 0 0 0 0 0 0 0 0 0 0 0 0 0 0 0 0 0 0 0 0 0 0 0 0 0 0 0 0 0 0 0 0 0 0 0 0 0 0 0 0 0 0 0 0 0 0 0 0 0 0 0 0 0 0 0 0 0 0 0 0 0 0 0 0 0 0 0 0 0 0 0 0 0 0 0 0 0 0 0 0 0 0 0 0 0 0 0 0 0 0 0 0 0 0 0 0 0 0 0 0 0 0 0 0 0 0 0 0 0 0 0 0 0 0 0 0 0 0 0 0 0 0 0 0 0 0 0 0 0 0 0 0 0 0 0 0 0 0 0 0 0 0 0 0 0 0 0 0 0 0 0 0 0 0 0 0 0 0 0 0 0 0 0 0 0 0 0 0 0 0 0 0 0 0 0 0 0 0 0 0 0 0 0 0 0 0 0 0 0 0 0 0 0 0 0 0 0 0 0 0 0 0 0 0 0 0 0 0 0 0 0 0 0 0 0 0 0 0 0 0 0 0 0 0 0 0 0 0 0 0 0 0 0 0 0 0 0 0 0 0 0 0 0 0 0 0 0 0 0 0 0 0 0 0 0 0 0 0 0 0 0 0 0 0 0 0 0 0 0 0 0 0 0 0 0 0 0 0 0 0 0 0 0 0 0 0 0 0 0 0 0 0 0 0 0 0 0 0 0 0 0 0 0 0 0 0 0 0 0 0 0 0 0 0 0 0 0 0 0 0 0 0 0 0 0 0 0 0 0 0 0 0 0 0 0 0 0 0 0 0 0 0 0 0 0 0 0 0 0 0 0 0 0 0 0 0 0 0 0 0 0 0 0 0 0 0 0 0 0 0 0 0 0 0 0 0 0 0 0 0 0 0 0 0 0 0 0 0 0 0 0 0 0 0 0 0 0 0 0 0 0 0 0 0 0 0 0 0 0 0 0 0 0 0 0 0 0 0 0 0 0 0 0 0 0 0 0 0 0 0 0 0 0 0 0 0 0 0 0 0 0 0 0 0 0 0 0 0 0 0 0 0 0 0 0 0 0 0 0 0 0 0 0 0 0 0 0 0 0 0 0 0 0 0 0 0 0 0 0 0 0 0 0 0 0 0 0 0 0 0 0 0 0 0 0 0 0 0 0 0 0 0 0 0 0 0 0 0 0 0 0 0 0 0 0 0 0 0 0 0 0 0 0 0 0 0 0 0 0 0 0 0 0 0 0 0 0 0 0 0 0 0 0 0 0 0 0 0 0 0 0 0 0 0 0 0 0 0 0 0 0 0 0 0 0 0 0 0 0 0 0 0 0 0 0 0 0 0 0 0 0 0 0 0 0 0 0 0 0 0 0 0 0 0 0 0 0 0 0 0 0 0 0 0 0 0 0 0 0 0 0 0 0 0 0 0 0 0 0 0 0 0 0 0 0 0 0 0 0 0 0 0 0 0 0 0 0 0 0 0 0 0 0 0 0 0 0 0 0 0 0 0 0 0 0 0 0 0 0 0 0 0 0 0 0 0 0 0 0 0 0 0 0 0 0 0 0 0 0 0 0 0 0 0 0 0 0 0 0 0 0 0 0 0 0 0 0 0 0 0 0 0 0 0 0 0 0 0 0 0 0 0 0 0 0 0 0 0 0 0 0 0 0 0 0 0 0 0 0 0 0 0 0 0 0 0 0 0 0 0 0 0 0 0 0 0 0 0 0 0 0 0 0 0 0 0 0 0 0 0 0 0 0 0 0 0 0 0 0 0 0 0 0 0 0 0 0 0 0 0 0 0 0 0 0 0 0 0 0 0 0 0 0 0 0 0 0 0 0 0 0 0 0 0 0 0 0 0 0 0 0 0 0 0 0 0 0 0 0 0 0 0 0 0 0 0 0 0 0 0 0 0 0 0 0 0 0 0 0 0 0 0 0 0 0 0 0 0 0 0 0 0 0 0 0 0 0 0 0 0 0 0 0 0 0 0 0 0 0 0 0 0 0 0 0 0 0 0 0 0 0 0 0 0 0 0 0 0 0 0 0 0 0 0 0 0 0 0 0 0 0 0 0 0 0 0 0 0 0 0 0 0 0 0 0 0 0 0 0 0 0 0 0 0 0 0 0 0 0 0 0 0 0 0 0 0 0 0 0 0 0 0 0 0 0 0 0 0 0 0 0 0 0 0 0 0 0 0 0 0 0 0 0 0 0 0 0 0 0 0 0 0 0 0 0 0 0 0 0 0 0 0 0 0 0 0 0 0 0 0 0 0 0 0 0 0 0 0 0 0 0 0 0 0 0 0 0 0 0 0 0 0 0 0 0 0 0 0 0 0 0 0 0 0 0 0 0 0 0 0 0 0 0 0 0 0 0 0 0 0 0 0 0 0 0 0 0 0 0 0 0 0 0 0 0 0 0 0 0 0 0 0 0 0 0 0 0 0 0 0 0 0 0 0 0 0 0 0 0 0 0 0 0 0 0 0 0 0 0 0 0 0 0 0 0 0 0 0 0 0 0 0 0 0 0 0 0 0 0 0 0 0 0 0 0 0 0 0 0 0 0 0 0 0 0 0 0 0 0 0 0 0 0 0 0 0 0 0 0 0 0 0 0 0 0 0 0 0 0 0 0 0 0 0 0 0 0 0 0 0 0 0 0 0 0 0 0 0 0 0 0 0 0 0 0 0 0 0 0 0 0 0 0 0 0 0 0 0 0 0 0 0 0 0 0 0 0 0 0 0 0 0 0 0 0 0 0 0 0 0 0 0 0 0 0 0 0 0 0 0 0 0 0 0 0 0 0 0 0 0 0 0 0 0 0 0 0 0 0 0 0 0 0 0 0 0 0 0 0 0 0 0 0 0 0 0 0 0 0 0 0 0 0 0 0 0 0 0 0 0 0 0 0 0 0 0 0 0 0 0 0 0 0 0 0 0 0 0 0 0 0 0 0 0 0 0 0 0 0 0 0 0 0 0 0 0 0 0 0 0 0 0 0 0 0 0 0 0 0 0 0 0 0 0 0 0 0 0 0 0 0 0 0 0 0 0 0 0 0 0 0 0 0 0 0 0 0 0 0 0 0 0 0 0 0 0 0 0 0 0 0 0 0 0 0 0 0 0 0 0 0 0 0 0 0 0 0 0 0 0 0 0 0 0 0 0 0 0 0 0 0 0 0 0 0 0 0 0 0 0 0 0 0 0 0 0 0 0 0 0 0 0 0 0 0 0 0 0 0 0 0 0 0 0 0 0 0 0 0 0 0 0 0 0 0 0 0 0 0 0 0 0 0 0 0 0 0 0 0 0 0 0 0 0 0 0 0 0 0 0 0 0 0 0 0 0 0 0 0 0 0 0 0 0 0 0 0 0 0 0 0 0 0 0 0 0 0 0 0 0 0 0 0 0 0 0 0 0 0 0 0 0 0 0 0 0 0 0 0 0 0 0 0 0 0 0 0 0 0 0 0 0 0 0 0 0 0 0 0 0 0 0 0 0 0 0 0 0 0 0 0 0 0 0 0 0 0 0 0 0 0 0 0 0 0 0 0 0 0 0 0 0 0 0 0 0 0 0 0 0 0 0 0 0 0 0 0 0 0 0 0 0 0 0 0 0 0 0 0 0 0 0 0 0 0 0 0 0 0 0 0 0 0 0 0 0 0 0 0 0 0 0 0 0 0 0 0 0 0 0 0 0 0 0 0 0 0 0 0 0 0 0 0 0 0 0 0 0 0 0 0 0 0 0 0 0 0 0 0 0 0 0 0 0 0 0 0 0 0 0 0 0 0 0 0 0 0 0 0 0 0 0 0 0 0 0 0 0 0 0 0 0 0 0 0 0 0 0 0 0 0 0 0 0 0 0 0 0 0 0 0 0 0 0 0 0 0 0 0 0 0 0 0 0 0 0 0 0 0 0 0 0 0 0 0 0 0 0 0 0 0 0 0 0 0 0 0 0 0 0 0 0 0 0 0 0 0 0 0 0 0 0 0 0 0 0 0 0 0 0 0 0 0 0 0 0 0 0 0 0 0 0 0 0 0 0 0 0 0 0 0 0 0 0 0 0 0 0 0 0 0 0 0 0 0 0 0 0 0 0 0 0 0 0 0 0 0 0 0 0 0 0 0 0 0 0 0 0 0 0 0 0 0 0 0 0 0 0 0 0 0 0 0 0 0 0 0 0 0 0 0 0 0 0 0 0 0 0 0 0 0 0 0 0 0 0 0 0 0 0 0 0 0 0 0 0 0 0 0 0 0 0 0 0 0 0 0 0 0 0 0 0 0 0 0 0 0 0 0 0 0 0 0 0 0 0 0 0 0 0 0 0 0 0 0 0 0 0 0 0 0 0 0 0 0 0 0 0 0 0 0 0 0 0 0 0 0 0 0 0 0 0 0 0 0 0 0 0 0 0 0 0 0 0 0 0 0 0 0 0 0 0 0 0 0 0 0 0 0 0 0 0 0 0 0 0 0 0 0 0 0 0 0 0 0 0 0 0 0 0 0 0 0 0 0 0 0 0 0 0 0 0 0 0 0 0 0 0 0 0 0 0 0 0 0 0 0 0 0 0 0 0 0 0 0 0 0 0 0 0 0 0 0 0 0 0 0 0 0 0 0 0 0 0 0 0 0 0 0 0 0 0 0 0 0 0 0 0 0 0 0 0 0 0 0 0 0 0 0 0 0 0 0 0 0 0 0 0 0 0 0 0 0 0 0 0 0 0 0 0 0 0 0 0 0 0 0 0 0 0 0 0 0 0 0 0 0 0 0 0 0 0 0 0 0 0 0 0 0 0 0 0 0 0 0 0 0 0 0 0 0 0 0 0 0 0 0 0 0 0 0 0 0 0 0 0 0 0 0 0 0 0 0 0 0 0 0 0 0 0 0 0 0 0 0 0 0 0 0 0 0 0 0 0 0 0 0 0 0 0 0 0 0 0 0 0 0 0 0 0 0 0 0 0 0 0 0 0 0 0 0 0 0 0 0 0 0 0 0 0 0 0 0 0 0 0 0 0 0 0 0 0 0 0 0 0 0 0 0 0 0 0 0 0 0 0 0 0 0 0 0 0 0 0 0 0 0 0 0 0 0 0 0 0 0 0 0 0 0 0 0 0 0 0 0 0 0 0 0 0 0 0 0 0 0 0 0 0 0 0 0 0 0 0 0 0 0 0 0 0 0 0 0 0 0 0 0 0 0 0 0 0 0 0 0 0 0 0 0 0 0 0 0 0 0 0 0 0 0 0 0 0 0 0 0 0 0 0 0 0 0 0 0 0 0 0 0 0 0 0 0 0 0 0 0 0 0 0 0 0 0 0 0 0 0 0 0 0 0 0 0 0 0 0 0 0 0 0 0 0 0 0 0 0 0 0 0 0 0 0 0 0 0 0 0 0 0 0 0 0 0 0 0 0 0 0 0 0 0 0 0 0 0 0 0 0 0 0 0 0 0 0 0 0 0 0 0 0 0 0 0 0 0 0 0 0 0 0 0 0 0 0 0 0 0 0 0 0 0 0 0 0 0 0 0 0 0 0 0 0 0 0 0 0 0 0 0 0 0 0 0 0 0 0 0 0 0 0 0 0 0 0 0 0 0 0 0 0 0 0 0 0 0 0 0 0
ctxt 14865339
btime 1613064757
processes 304308
procs_running 1
procs_blocked 0
softirq 279562049 1 180796795 2742 2699157 0 0 896 8787832 0 87274626
