cpu  11803563 4 17498 6789179 513 0 1690 0 0 0
cpu0 327799 0 439 188481 9 0 360 0 0 0
cpu1 327590 0 609 188732 1 0 80 0 0 0
cpu2 327563 0 752 188661 2 0 26 0 0 0
cpu3 327742 0 459 188760 17 0 36 0 0 0
cpu4 327698 0 444 188836 2 0 38 0 0 0
cpu5 327775 0 402 188823 2 0 16 0 0 0
cpu6 327872 0 477 188635 1 0 28 0 0 0
cpu7 327913 0 336 188745 5 0 14 0 0 0
cpu8 328108 0 420 188462 6 0 17 0 0 0
cpu9 326044 0 2075 188773 9 0 118 0 0 0
cpu10 327877 0 381 188728 4 0 11 0 0 0
cpu11 327889 0 530 188546 2 0 32 0 0 0
cpu12 327856 0 368 188749 11 0 23 0 0 0
cpu13 328036 0 344 188622 4 0 5 0 0 0
cpu14 328104 0 739 188104 4 0 54 0 0 0
cpu15 328162 0 617 188215 14 0 11 0 0 0
cpu16 328052 0 453 188487 2 0 10 0 0 0
cpu17 327842 0 418 188687 2 0 57 0 0 0
cpu18 327958 0 287 188708 51 0 10 0 0 0
cpu19 327644 0 538 188735 4 0 88 0 0 0
cpu20 327664 0 557 188725 41 0 24 0 0 0
cpu21 327916 0 302 188747 42 0 15 0 0 0
cpu22 327848 0 305 188777 58 0 20 0 0 0
cpu23 327915 0 253 188819 10 0 3 0 0 0
cpu24 328134 0 285 188585 0 0 3 0 0 0
cpu25 327931 0 232 188847 0 0 4 0 0 0
cpu26 327963 0 318 188718 0 0 10 0 0 0
cpu27 327449 0 746 188790 0 0 23 0 0 0
cpu28 327121 0 704 188727 0 0 454 0 0 0
cpu29 328034 0 326 188610 16 0 7 0 0 0
cpu30 327991 0 304 188690 2 0 12 0 0 0
cpu31 328549 0 292 188150 4 0 3 0 0 0
cpu32 328692 1 527 187756 7 0 20 0 0 0
cpu33 327932 2 420 188645 7 0 6 0 0 0
cpu34 328892 0 496 187455 122 0 30 0 0 0
cpu35 327991 0 327 188633 34 0 6 0 0 0
intr 32825528 56 0 0 0 609 0 0 0 1 0 257 0 0 0 0 0 0 0 0 0 0 0 0 0 0 0 0 0 0 0 0 92 545 46 335 175 263 160 177 1485 467 672 369 331 381 480 442 438 373 370 1673 166 2496 1413 2844 1523 0 0 0 0 19 19 175 14 577 458 295 402 661 489 10318 3525 0 0 16 10093 2 0 10612 183 2741 1269 4078 1712 6454 822 1392 1817 429 3284 983 484 676 2550 897 1600 2087 5699 5430 3778 620 580 1152 426 1445 1319 103225 1013 2390 1032 780 569 3547 180 0 17 7734 1 0 0 0 0 0 0 0 0 0 0 0 0 0 0 0 0 0 0 0 0 0 0 0 0 0 0 0 0 0 0 0 0 0 0 0 0 0 22 0 0 0 0 0 0 0 0 0 0 0 0 0 0 0 0 0 0 0 0 0 0 0 0 0 0 0 0 0 0 0 0 0 0 0 0 0 0 0 0 0 0 0 0 0 0 0 0 0 0 0 0 0 0 0 0 0 0 0 0 0 0 0 0 0 0 0 0 0 0 0 0 0 0 0 0 0 0 0 0 0 0 0 0 0 0 0 0 0 0 0 0 0 0 0 0 0 0 0 0 0 0 0 0 0 0 0 0 0 0 0 0 0 0 0 0 0 0 0 0 0 0 0 0 0 0 0 0 0 0 0 0 0 0 0 0 0 0 0 0 0 0 0 0 0 0 0 0 0 0 0 0 0 0 0 0 0 0 0 0 0 0 0 0 0 0 0 0 0 0 0 0 0 0 0 0 0 0 0 0 0 0 0 0 0 0 0 0 0 0 0 0 0 0 0 0 0 0 0 0 0 0 0 0 0 0 0 0 0 0 0 0 0 0 0 0 0 0 0 0 0 0 0 0 0 0 0 0 0 0 0 0 0 0 0 0 0 0 0 0 0 0 0 0 0 0 0 0 0 0 0 0 0 0 0 0 0 0 0 0 0 0 0 0 0 0 0 0 0 0 0 0 0 0 0 0 0 0 0 0 0 0 0 0 0 0 0 0 0 0 0 0 0 0 0 0 0 0 0 0 0 0 0 0 0 0 0 0 0 0 0 0 0 0 0 0 0 0 0 0 0 0 0 0 0 0 0 0 0 0 0 0 0 0 0 0 0 0 0 0 0 0 0 0 0 0 0 0 0 0 0 0 0 0 0 0 0 0 0 0 0 0 0 0 0 0 0 0 0 0 0 0 0 0 0 0 0 0 0 0 0 0 0 0 0 0 0 0 0 0 0 0 0 0 0 0 0 0 0 0 0 0 0 0 0 0 0 0 0 0 0 0 0 0 0 0 0 0 0 0 0 0 0 0 0 0 0 0 0 0 0 0 0 0 0 0 0 0 0 0 0 0 0 0 0 0 0 0 0 0 0 0 0 0 0 0 0 0 0 0 0 0 0 0 0 0 0 0 0 0 0 0 0 0 0 0 0 0 0 0 0 0 0 0 0 0 0 0 0 0 0 0 0 0 0 0 0 0 0 0 0 0 0 0 0 0 0 0 0 0 0 0 0 0 0 0 0 0 0 0 0 0 0 0 0 0 0 0 0 0 0 0 0 0 0 0 0 0 0 0 0 0 0 0 0 0 0 0 0 0 0 0 0 0 0 0 0 0 0 0 0 0 0 0 0 0 0 0 0 0 0 0 0 0 0 0 0 0 0 0 0 0 0 0 0 0 0 0 0 0 0 0 0 0 0 0 0 0 0 0 0 0 0 0 0 0 0 0 0 0 0 0 0 0 0 0 0 0 0 0 0 0 0 0 0 0 0 0 0 0 0 0 0 0 0 0 0 0 0 0 0 0 0 0 0 0 0 0 0 0 0 0 0 0 0 0 0 0 0 0 0 0 0 0 0 0 0 0 0 0 0 0 0 0 0 0 0 0 0 0 0 0 0 0 0 0 0 0 0 0 0 0 0 0 0 0 0 0 0 0 0 0 0 0 0 0 0 0 0 0 0 0 0 0 0 0 0 0 0 0 0 0 0 0 0 0 0 0 0 0 0 0 0 0 0 0 0 0 0 0 0 0 0 0 0 0 0 0 0 0 0 0 0 0 0 0 0 0 0 0 0 0 0 0 0 0 0 0 0 0 0 0 0 0 0 0 0 0 0 0 0 0 0 0 0 0 0 0 0 0 0 0 0 0 0 0 0 0 0 0 0 0 0 0 0 0 0 0 0 0 0 0 0 0 0 0 0 0 0 0 0 0 0 0 0 0 0 0 0 0 0 0 0 0 0 0 0 0 0 0 0 0 0 0 0 0 0 0 0 0 0 0 0 0 0 0 0 0 0 0 0 0 0 0 0 0 0 0 0 0 0 0 0 0 0 0 0 0 0 0 0 0 0 0 0 0 0 0 0 0 0 0 0 0 0 0 0 0 0 0 0 0 0 0 0 0 0 0 0 0 0 0 0 0 0 0 0 0 0 0 0 0 0 0 0 0 0 0 0 0 0 0 0 0 0 0 0 0 0 0 0 0 0 0 0 0 0 0 0 0 0 0 0 0 0 0 0 0 0 0 0 0 0 0 0 0 0 0 0 0 0 0 0 0 0 0 0 0 0 0 0 0 0 0 0 0 0 0 0 0 0 0 0 0 0 0 0 0 0 0 0 0 0 0 0 0 0 0 0 0 0 0 0 0 0 0 0 0 0 0 0 0 0 0 0 0 0 0 0 0 0 0 0 0 0 0 0 0 0 0 0 0 0 0 0 0 0 0 0 0 0 0 0 0 0 0 0 0 0 0 0 0 0 0 0 0 0 0 0 0 0 0 0 0 0 0 0 0 0 0 0 0 0 0 0 0 0 0 0 0 0 0 0 0 0 0 0 0 0 0
ctxt 9113283
btime 1613124388
processes 228890
procs_running 1
procs_blocked 0
softirq 43138168 1 25107639 461 1722057 0 0 175224 1175368 0 14957418
