cpu  28443971 8 26839 12145079 425 0 1481 0 0 0
cpu0 222069 0 1171 93820 0 0 291 0 0 0
cpu1 222096 0 163 95061 0 0 41 0 0 0
cpu2 221923 0 386 95017 1 0 3 0 0 0
cpu3 221676 0 718 94909 2 0 46 0 0 0
cpu4 222960 0 531 93840 8 0 7 0 0 0
cpu5 222232 0 158 94946 0 0 14 0 0 0
cpu6 222067 0 314 94959 0 0 12 0 0 0
cpu7 222049 0 274 95002 0 0 17 0 0 0
cpu8 222777 0 334 94214 0 0 11 0 0 0
cpu9 222135 0 103 95094 0 0 4 0 0 0
cpu10 222090 0 272 94954 8 0 19 0 0 0
cpu11 222136 0 226 94978 0 0 14 0 0 0
cpu12 222444 0 302 94579 0 0 4 0 0 0
cpu13 222265 0 116 94964 0 0 1 0 0 0
cpu14 222146 0 253 94933 0 0 17 0 0 0
cpu15 221403 0 689 95148 0 0 78 0 0 0
cpu16 222217 0 335 94774 0 0 8 0 0 0
cpu17 222180 0 124 95040 0 0 2 0 0 0
cpu18 222196 0 153 95000 0 0 4 0 0 0
cpu19 222148 0 214 94964 0 0 18 0 0 0
cpu20 222378 5 272 94663 5 0 9 0 0 0
cpu21 222324 0 88 94934 0 0 0 0 0 0
cpu22 222211 0 149 94982 0 0 8 0 0 0
cpu23 221943 0 255 95129 0 0 14 0 0 0
cpu24 222502 0 210 94617 2 0 4 0 0 0
cpu25 222082 0 195 95054 0 0 9 0 0 0
cpu26 222316 0 90 94939 0 0 1 0 0 0
cpu27 222238 0 164 94932 0 0 10 0 0 0
cpu28 222610 0 334 94382 0 0 6 0 0 0
cpu29 222242 0 143 94960 0 0 2 0 0 0
cpu30 222228 0 100 95013 0 0 4 0 0 0
cpu31 222275 0 131 94933 0 0 3 0 0 0
cpu32 222364 0 308 94629 19 0 1 0 0 0
cpu33 222251 0 152 94938 0 0 2 0 0 0
cpu34 222163 0 158 95006 0 0 10 0 0 0
cpu35 222138 0 245 94929 0 0 30 0 0 0
cpu36 222287 0 327 94692 17 0 8 0 0 0
cpu37 222283 0 102 94959 0 0 2 0 0 0
cpu38 222112 0 170 95040 0 0 2 0 0 0
cpu39 222206 0 187 94933 0 0 15 0 0 0
cpu40 222266 0 277 94778 4 0 8 0 0 0
cpu41 222194 0 183 94942 0 0 20 0 0 0
cpu42 222126 0 124 95083 0 0 6 0 0 0
cpu43 222111 0 146 95065 0 0 5 0 0 0
cpu44 222176 0 301 94838 1 0 19 0 0 0
cpu45 220823 0 329 96110 0 0 23 0 0 0
cpu46 222082 0 158 95089 2 0 7 0 0 0
cpu47 222152 0 229 94930 0 0 25 0 0 0
cpu48 222385 0 188 94790 1 0 2 0 0 0
cpu49 222240 0 104 94985 0 0 2 0 0 0
cpu50 222253 0 85 94997 2 0 1 0 0 0
cpu51 222053 0 198 95081 0 0 18 0 0 0
cpu52 222228 0 230 94867 0 0 10 0 0 0
cpu53 222305 0 103 94918 0 0 1 0 0 0
cpu54 222134 0 88 95101 1 0 2 0 0 0
cpu55 222148 0 252 94928 0 0 5 0 0 0
cpu56 222298 0 223 94731 1 0 35 0 0 0
cpu57 222000 0 135 95172 0 0 8 0 0 0
cpu58 222247 0 86 95000 0 0 0 0 0 0
cpu59 222250 0 151 94917 0 0 16 0 0 0
cpu60 222577 0 190 94562 1 0 2 0 0 0
cpu61 222246 0 101 94975 0 0 4 0 0 0
cpu62 222302 0 89 94936 0 0 1 0 0 0
cpu63 222104 0 168 95053 0 0 8 0 0 0
cpu64 222604 0 423 94275 7 0 6 0 0 0
cpu65 222220 0 108 94995 0 0 2 0 0 0
cpu66 222174 0 154 95000 1 0 0 0 0 0
cpu67 221680 0 494 95119 0 0 25 0 0 0
cpu68 222628 0 373 94306 2 0 12 0 0 0
cpu69 222263 0 108 94957 0 0 0 0 0 0
cpu70 221890 0 388 94990 0 0 60 0 0 0
cpu71 222070 0 287 94941 0 0 22 0 0 0
cpu72 222722 0 221 94372 4 0 2 0 0 0
cpu73 222294 0 89 94937 1 0 1 0 0 0
cpu74 222133 0 140 95026 0 0 7 0 0 0
cpu75 222211 0 198 94908 1 0 11 0 0 0
cpu76 222388 0 435 94357 116 0 11 0 0 0
cpu77 222318 0 86 94920 0 0 1 0 0 0
cpu78 222182 0 137 94998 0 0 2 0 0 0
cpu79 221352 0 824 95008 1 0 130 0 0 0
cpu80 222624 0 270 94390 12 0 2 0 0 0
cpu81 222206 0 106 95008 0 0 1 0 0 0
cpu82 222226 0 143 94931 0 0 3 0 0 0
cpu83 221976 0 276 95028 1 0 21 0 0 0
cpu84 222680 0 268 94242 106 0 5 0 0 0
cpu85 222248 0 117 94942 6 0 0 0 0 0
cpu86 222234 0 100 94984 0 0 3 0 0 0
cpu87 222168 0 232 94900 0 0 16 0 0 0
cpu88 222634 0 210 94472 1 0 1 0 0 0
cpu89 222284 0 122 94912 0 0 0 0 0 0
cpu90 222265 0 96 94948 8 0 0 0 0 0
cpu91 222052 0 237 95020 0 0 7 0 0 0
cpu92 222452 0 204 94656 1 0 2 0 0 0
cpu93 222154 0 116 95049 0 0 0 0 0 0
cpu94 222264 0 105 94942 0 0 0 0 0 0
cpu95 222220 0 185 94904 1 0 4 0 0 0
cpu96 222264 0 354 94697 2 0 0 0 0 0
cpu97 222164 0 116 95033 0 0 1 0 0 0
cpu98 222023 0 119 95164 0 0 0 0 0 0
cpu99 222210 0 125 94964 0 0 7 0 0 0
cpu100 222350 0 311 94639 2 0 1 0 0 0
cpu101 222250 0 83 94982 0 0 0 0 0 0
cpu102 222098 0 122 95087 0 0 0 0 0 0
cpu103 222099 0 159 95045 0 0 5 0 0 0
cpu104 222409 0 201 94703 2 0 2 0 0 0
cpu105 222305 0 99 94910 0 0 2 0 0 0
cpu106 222305 0 98 94915 0 0 0 0 0 0
cpu107 222255 0 121 94925 0 0 5 0 0 0
cpu108 222359 0 148 94789 9 0 4 0 0 0
cpu109 222308 0 114 94891 0 0 0 0 0 0
cpu110 222265 0 103 94934 0 0 4 0 0 0
cpu111 222208 0 188 94903 0 0 11 0 0 0
cpu112 222325 0 106 94876 0 0 2 0 0 0
cpu113 222327 0 86 94900 0 0 0 0 0 0
cpu114 222221 0 78 95008 1 0 0 0 0 0
cpu115 222208 0 184 94909 0 0 10 0 0 0
cpu116 222239 0 206 94856 0 0 2 0 0 0
cpu117 221763 0 201 95289 11 0 8 0 0 0
cpu118 222254 0 94 94959 1 0 0 0 0 0
cpu119 222129 0 244 94920 0 0 12 0 0 0
cpu120 222453 0 158 94693 0 0 0 0 0 0
cpu121 222310 0 84 94913 0 0 3 0 0 0
cpu122 222317 0 82 94908 3 0 0 0 0 0
cpu123 222140 0 119 95038 0 0 2 0 0 0
cpu124 222924 0 253 94116 4 0 3 0 0 0
cpu125 222314 0 82 94909 0 0 0 0 0 0
cpu126 222140 0 102 95053 0 0 0 0 0 0
cpu127 222106 0 242 94946 1 0 8 0 0 0
intr 82534029 130 0 0 0 681 0 0 0 1 0 285 0 0 0 0 0 0 0 0 0 0 0 0 0 0 0 0 0 0 0 0 0 0 0 0 260 0 5268 215 513 12585 1854 0 669 3755 3 7 398 3325 1289 0 58 10618 582 2 488 4986 4370 0 171 3913 1861 15 159 3813 6398 0 353 1405 6 0 391 2432 507 0 499 13075 227 2 484 2701 489 0 583 3599 4 160 297 3442 187 0 1191 2723 46098 175 1 1853 26 170 751 2069 8155 117 254 12495 4441 0 687 6525 0 0 662 4572 1011 0 170 11561 1248 6 608 4663 4689 0 147 3268 0 0 86 2898 1804 0 77 2777 1 0 100 1991 3 8 676 4613 4 0 309 2401 22 0 1274 2517 761 0 65 3423 0 0 122 0 0 0 0 0 0 0 0 0 0 157 899 477 348 10777 2029 6255 130 466 333 280 828 64 143 28 220 732 128 486 132 154 27 20 27 164 1 2 46 5 0 293 9 3 0 0 0 0 0 0 0 0 0 0 0 0 0 0 0 0 0 0 6 0 6 0 20 0 20 2 5 10 0 340 2 5 84 36 3928 15 6 13 184 18 1 5 4 66 89 8 12 4 8 3 1 0 4 9 61 5 595 147 195 493 79 53 101 18 10 111 127 24 18 0 0 11 54 118 126 82 1 7 18 54 0 0 0 0 0 0 0 0 0 0 0 0 0 0 0 0 0 0 0 0 0 0 0 0 0 0 0 0 0 0 0 0 0 0 0 0 0 0 0 0 0 0 0 0 0 0 0 0 0 0 0 0 0 0 0 0 0 0 0 0 0 0 0 0 0 0 0 0 0 0 0 0 0 0 0 0 0 0 0 0 0 0 0 0 0 0 0 0 0 0 0 0 0 0 0 0 0 0 0 0 0 0 0 0 0 0 0 0 0 0 0 0 0 0 0 0 0 0 0 0 0 0 0 0 0 0 0 0 0 0 0 0 0 0 0 0 0 0 0 0 0 0 0 0 0 0 0 0 0 0 0 0 0 0 0 0 0 0 0 0 0 0 0 0 0 0 0 0 0 0 0 0 0 0 0 0 0 0 0 0 0 0 0 0 0 0 0 0 0 0 0 0 0 0 0 0 0 0 0 0 0 0 0 0 0 0 0 0 0 0 0 0 0 0 0 0 0 0 0 0 0 0 0 0 0 0 0 0 0 0 0 0 0 0 0 0 0 0 0 0 0 0 0 0 0 0 0 0 0 0 0 0 0 0 0 0 0 0 0 0 0 0 0 0 0 0 0 0 0 0 0 0 0 0 0 0 0 0 0 0 0 0 0 0 0 0 0 0 0 0 0 0 0 0 0 0 0 0 0 0 0 0 0 0 0 0 0 0 0 0 0 0 0 0 0 0 0 0 0 0 0 0 0 0 0 0 0 0 0 0 0 0 0 0 0 0 0 0 0 0 0 0 0 0 0 0 0 0 0 0 0 0 0 0 0 0 0 0 0 0 0 0 0 0 0 0 0 0 0 0 0 0 0 0 0 0 0 0 0 0 0 0 0 0 0 0 0 0 0 0 0 0 0 0 0 0 0 0 0 0 0 0 0 0 0 0 0 0 0 0 0 0 0 0 0 0 0 0 0 0 0 0 0 3 0 0 0 0 0 0 0 0 0 0 0 0 0 0 0 0 0 0 0 0 0 0 0 21 1 0 0 27 0 0 0 0 0 0 0 0 0 0 0 0 0 0 0 0 0 0 0 0 0 0 0 0 0 0 0 0 0 0 0 49 0 0 0 0 0 0 0 0 0 0 0 0 0 0 0 0 0 0 0 0 0 0 0 0 0 0 0 0 0 0 0 0 0 19 0 0 0 0 0 0 0 0 0 0 0 0 0 0 0 0 0 0 0 0 0 0 0 0 0 0 0 0 0 0 0 0 0 0 0 0 0 0 0 0 0 0 0 0 0 0 0 0 0 0 0 0 0 0 0 0 0 0 0 0 0 0 0 0 0 0 0 0 0 0 0 0 0 0 0 0 0 0 0 0 0 0 0 0 0 0 0 0 0 0 0 0 0 0 0 0 0 0 0 0 0 0 0 0 0 0 0 0 0 0 0 0 0 0 0 0 0 0 0 0 0 0 0 0 0 0 0 0 0 0 0 0 0 0 0 0 0 0 0 0 0 0 0 0 0 0 0 0 0 0 0 0 0 0 0 0 0 0 0 0 0 0 0 0 0 0 0 0 0 0 0 0 0 0 0 0 0 0 0 0 0 0 0 0 0 0 0 0 0 0 0 0 0 0 0 0 0 0 0 0 0 0 0 0 0 0 0 0 0 0 0 0 0 0 0 0 0 0 0 0 0 0 0 0 0 0 0 0 0 0 0 0 0 0 0 0 0 0 0 0 0 0 0 0 0 0 0 0 0 0 0 0 0 0 0 0 0 0 0 0 0 0 0 0 0 0 0 0 0 0 0 0 0 0 0 0 0 0 0 0 0 0 0 0 0 0 0 0 0 0 0 0 0 0 0 0 0 0 0 0 0 0 0 0 0 0 0 0 0 0 0 0 0 0 0 0 0 0 0 0 0 0 0 0 0 0 0 0 0 0 0 0 0 0 0 0 0 0 0 0 0 0 0 0 0 0 0 0 0 0 0 0 0 0 0 0 0 0 0 0 0 0 0 0 0 0 0 0 0 0 0 0 0 0 0 0 0 0 0 0 0 0 0 0 0 0 0 0 0 0 0 0 0 0 0 0 0 0 0 0 0 0 0 0 0 0 0 0 0 0 0 0 0 0 0 0 0 0 0 0 0 0 0 0 0 0 0 0 0 0 0 0 0 0 0 0 0 0 0 0 0 0 0 0 0 0 0 0 0 0 0 0 0 0 0 0 0 0 0 0 0 0 0 0 0 0 0 0 0 0 0 0 0 0 0 0 0 0 0 0 0 0 0 0 0 0 0 0 0 0 0 0 0 0 0 0 0 0 0 0 0 0 0 0 0 0 0 0 0 0 0 0 0 0 0 0 0 0 0 0 0 0 0 0 0 0 0 0 0 0 0 0 0 0 0 0 0 0 0 0 0 0 0 0 0 0 0 0 0 0 0 0 0 0 0 0 0 0 0 0 0 0 0 0 0 0 0 0 0 0 0 0 0 0 0 0 0 0 0 0 0 0 0 0 0 0 0 0 0 0 0 0 0 0 0 0 0 0 0 0 0 0 0 0 0 0 0 0 0 0 0 0 0 0 0 0 0 0 0 0 0 0 0 0 0 0 0 0 0 0 0 0 0 0 0 0 0 0 0 0 0 0 0 0 0 0 0 0 0 0 0 0 0 0 0 0 0 0 0 0 0 0 0 0 0 0 0 0 0 0 0 0 0 0 0 0 0 0 0 0 0 0 0 0 0 0 0 0 0 0 0 0 0 0 0 0 0 0 0 0 0 0 0 0 0 0 0 0 0 0 0 0 0 0 0 0 0 0 0 0 0 0 0 0 0 0 0 0 0 0 0 0 0 0 0 0 0 0 0 0 0 0 0 0 0 0 0 0 0 0 0 0 0 0 0 0 0 0 0 0 0 0 0 0 0 0 0 0 0 0 0 0 0 0 0 0 0 0 0 0 0 0 0 0 0 0 0 0 0 0 0 0 0 0 0 0 0 0 0 0 0 0 0 0 0 0 0 0 0 0 0 0 0 0 0 0 0 0 0 0 0 0 0 0 0 0 0 0 0 0 0 0 0 0 0 0 0 0 0 0 0 0 0 0 0 0 0 0 0 0 0 0 0 0 0 0 0 0 0 0 0 0 0 0 0 0 0 0 0 0 0 0 0 0 0 0 0 0 0 0 0 0 0 0 0 0 0 0 0 0 0 0 0 0 0 0 0 0 0 0 0 0 0 0 0 0 0 0 0 0 0 0 0 0 0 0 0 0 0 0 0 0 0 0 0 0 0 0 0 0 0 0 0 0 0 0 0 0 0 0 0 0 0 0 0 0 0 0 0 0 0 0 0 0 0 0 0 0 0 0 0 0 0 0 0 0 0 0 0 0 0 0 0 0 0 0 0 0 0 0 0 0 0 0 0 0 0 0 0 0 0 0 0 0 0 0 0 0 0 0 0 0 0 0 0 0 0 0 0 0 0 0 0 0 0 0 0 0 0 0 0 0 0 0 0 0 0 0 0 0 0 0 0 0 0 0 0 0 0 0 0 0 0 0 0 0 0 0 0 0 0 0 0 0 0 0 0 0 0 0 0 0 0 0 0 0 0 0 0 0 0 0 0 0 0 0 0 0 0 0 0 0 0 0 0 0 0 0 0 0 0 0 0 0 0 0 0 0 0 0 0 0 0 0 0 0 0 0 0 0 0 0 0 0 0 0 0 0 0 0 0 0 0 0 0 0 0 0 0 0 0 0 0 0 0 0 0 0 0 0 0 0 0 0 0 0 0 0 0 0 0 0 0 0 0 0 0 0 0 0 0 0 0 0 0 0 0 0 0 0 0 0 0 0 0 0 0 0 0 0 0 0 0 0 0 0 0 0 0 0 0 0 0 0 0 0 0 0 0 0 0 0 0 0 0 0 0 0 0 0 0 0 0 0 0 0 0 0 0 0 0 0 0 0 0 0 0 0 0 0 0 0 0 0 0 0 0 0 0 0 0 0 0 0 0 0 0 0 0 0 0 0 0 0 0 0 0 0 0 0 0 0 0 0 0 0 0 0 0 0 0 0 0 0 0 0 0 0 0 0 0 0 0 0 0 0 0 0 0 0 0 0 0 0 0 0 0 0 0 0 0 0 0 0 0 0 0 0 0 0 0 0 0 0 0 0 0 0 0 0 0 0 0 0 0 0 0 0 0 0 0 0 0 0 0 0 0 0 0 0 0 0 0 0 0 0 0 0 0 0 0 0 0 0 0 0 0 0 0 0 0 0 0 0 0 0 0 0 0 0 0 0 0 0 0 0 0 0 0 0 0 0 0 0 0 0 0 0 0 0 0 0 0 0 0 0 0 0 0 0 0 0 0 0 0 0 0 0 0 0 0 0 0 0 0 0 0 0 0 0 0 0 0 0 0 0 0 0 0 0 0 0 0 0 0 0 0 0 0 0 0 0 0 0 0 0 0 0 0 0 0 0 0 0 0 0 0 0 0 0 0 0 0 0 0 0 0 0 0 0 0 0 0 0 0 0 0 0 0 0 0 0 0 0 0 0 0 0 0 0 0 0 0 0 0 0 0 0 0 0 0 0 0 0 0 0 0 0 0 0 0 0 0 0 0 0 0 0 0 0 0 0 0 0 0 0 0 0 0 0 0 0 0 0 0 0 0 0 0 0 0 0 0 0 0 0 0 0 0 0 0 0 0 0 0 0 0 0 0 0 0 0 0 0 0 0 0 0 0 0 0 0 0 0 0 0 0 0 0 0 0 0 0 0 0 0 0 0 0 0 0 0 0 0 0 0 0 0 0 0 0 0 0 0 0 0 0 0 0 0 0 0 0 0 0 0 0 0 0 0 0 0 0 0 0 0 0 0 0 0 0 0 0 0 0 0 0 0 0 0 0 0 0 0 0 0 0 0 0 0 0 0 0 0 0 0 0 0 0 0 0 0 0 0 0 0 0 0 0 0 0 0 0 0 0 0 0 0 0 0 0 0 0 0 0 0 0 0 0 0 0 0 0 0 0 0 0 0 0 0 0 0 0 0 0 0 0 0 0 0 0 0 0 0 0 0 0 0 0 0 0 0 0 0 0 0 0 0 0 0 0 0 0 0 0 0 0 0 0 0 0 0 0 0 0 0 0 0 0 0 0 0 0 0 0 0 0 0 0 0 0 0 0 0 0 0 0 0 0 0 0 0 0 0 0 0 0 0 0 0 0 0 0 0 0 0 0 0 0 0 0 0 0 0 0 0 0 0 0 0 0 0 0 0 0 0 0 0 0 0 0 0 0 0 0 0 0 0 0 0 0 0 0 0 0 0 0 0 0 0 0 0 0 0 0 0 0 0 0 0 0 0 0 0 0 0 0 0 0 0 0 0 0 0 0 0 0 0 0 0 0 0 0 0 0 0 0 0 0 0 0 0 0 0 0 0 0 0 0 0 0 0 0 0 0 0 0 0 0 0 0 0 0 0 0 0 0 0 0 0 0 0 0 0 0 0 0 0 0 0 0 0 0 0 0 0 0 0 0 0 0 0 0 0 0 0 0 0 0 0 0 0 0 0 0 0 0 0 0 0 0 0 0 0 0 0 0 0 0 0 0 0 0 0 0 0 0 0 0 0 0 0 0 0 0 0 0 0 0 0 0 0 0 0 0 0 0 0 0 0 0 0 0 0 0 0 0 0 0 0 0 0 0 0 0 0 0 0 0 0 0 0 0 0 0 0 0 0 0 0 0 0 0 0 0 0 0 0 0 0 0 0 0 0 0 0 0 0 0 0 0 0 0 0 0 0 0 0 0 0 0 0 0 0 0 0 0 0 0 0 0 0 0 0 0 0 0 0 0 0 0 0 0 0 0 0 0 0 0 0 0 0 0 0 0 0 0 0 0 0 0 0 0 0 0 0 0 0 0 0 0 0 0 0 0 0 0 0 0 0 0 0 0 0 0 0 0 0 0 0 0 0 0 0 0 0 0 0 0 0 0 0 0 0 0 0 0 0 0 0 0 0 0 0 0 0 0 0 0 0 0 0 0 0 0 0 0 0 0 0 0 0 0 0 0 0 0 0 0 0 0 0 0 0 0 0 0 0 0 0 0 0 0 0 0 0 0 0 0 0 0 0 0 0 0 0 0 0 0 0 0 0 0 0 0 0 0 0 0 0 0 0 0 0 0 0 0 0 0 0 0 0 0 0 0 0 0 0 0 0 0 0 0 0 0 0 0 0 0 0 0 0 0 0 0 0 0 0 0 0 0 0 0 0 0 0 0 0 0 0 0 0 0 0 0 0 0 0 0 0 0 0 0 0 0 0 0 0 0 0 0 0 0 0 0 0 0 0 0 0 0 0 0 0 0 0 0 0 0 0 0 0 0 0 0 0 0 0 0 0 0 0 0 0 0 0 0 0 0 0 0 0 0 0 0 0 0 0 0 0 0 0 0 0 0 0 0 0 0 0 0 0 0 0 0 0 0 0 0 0 0 0 0 0 0 0 0 0 0 0 0 0 0 0 0 0 0 0 0 0 0 0 0 0 0 0 0 0 0 0 0 0 0 0 0 0 0 0 0 0 0 0 0 0 0 0 0 0 0 0 0 0 0 0 0 0 0 0 0 0 0 0 0 0 0 0 0 0 0 0 0 0 0 0 0 0 0 0 0 0 0 0 0 0 0 0 0 0 0 0 0 0 0 0 0 0 0 0 0 0 0 0 0 0 0 0 0 0 0 0 0 0 0 0 0 0 0 0 0 0 0 0 0 0 0 0 0 0 0 0 0 0 0 0 0 0 0 0 0 0 0 0 0 0 0 0 0 0 0 0 0 0 0 0 0 0 0 0 0 0 0 0 0 0 0 0 0 0 0 0 0 0 0 0 0 0 0 0 0 0 0 0 0 0 0 0 0 0 0 0 0 0 0 0 0 0 0 0 0 0 0 0 0 0 0 0 0 0 0 0 0 0 0 0 0 0 0 0 0 0 0 0 0 0 0 0 0 0 0 0 0 0 0 0 0 0 0 0 0 0 0 0 0 0 0 0 0 0 0 0 0 0 0 0 0 0 0 0 0 0 0 0 0 0 0 0 0 0 0 0 0 0 0 0 0 0 0 0 0 0 0 0 0 0 0 0 0 0 0 0 0 0 0 0 0 0 0 0 0 0 0 0 0 0 0 0 0 0 0 0 0 0 0 0 0 0 0 0 0 0 0 0 0 0 0 0 0 0 0 0 0 0 0 0 0 0 0 0 0 0 0 0 0 0 0 0 0 0 0 0 0 0 0 0 0 0 0 0 0 0 0 0 0 0 0 0 0 0 0 0 0 0 0 0 0 0 0 0 0 0 0 0 0 0 0 0 0 0 0 0 0 0 0 0 0 0 0 0 0 0 0 0 0 0 0 0 0 0 0 0 0 0 0 0 0 0 0 0 0 0 0 0 0 0 0 0 0 0 0 0 0 0 0 0 0 0 0 0 0 0 0 0 0 0 0 0 0 0 0 0 0 0 0 0 0 0 0 0 0 0 0 0 0 0 0 0 0 0 0 0 0 0 0 0 0 0 0 0 0 0 0 0 0 0 0 0 0 0 0 0 0 0 0 0 0 0 0 0 0 0 0 0 0 0 0 0 0 0 0 0 0 0 0 0 0 0 0 0 0 0 0 0 0 0 0 0 0 0 0 0 0 0 0 0 0 0 0 0 0 0 0 0 0 0 0 0 0 0 0 0 0 0 0 0 0 0 0 0 0 0 0 0 0 0 0 0 0 0 0 0 0 0 0 0 0 0 0 0 0 0 0 0 0 0 0 0 0 0 0 0 0 0 0 0 0 0 0 0 0 0 0 0 0 0 0 0 0 0 0 0 0 0 0 0 0 0 0 0 0 0 0 0 0 0 0 0 0 0 0 0 0 0 0 0 0 0 0 0 0 0 0 0 0 0 0 0 0 0 0 0 0 0 0 0 0 0 0 0 0 0 0 0 0 0 0 0 0 0 0 0 0 0 0 0 0 0 0 0 0 0 0 0 0 0 0 0 0 0 0 0 0 0 0 0 0 0 0 0 0 0 0 0 0 0 0 0 0 0 0 0 0 0 0 0 0 0 0 0 0 0 0 0 0 0 0 0 0 0 0 0 0 0 0 0 0 0 0 0 0 0 0 0 0 0 0 0 0 0 0 0 0 0 0 0 0 0 0 0 0 0 0 0 0 0 0 0 0 0 0 0 0 0 0 0 0 0 0 0 0 0 0 0 0 0 0 0 0 0 0 0 0 0 0 0 0 0 0 0 0 0 0 0 0 0 0 0 0 0 0 0 0 0 0 0 0 0 0 0 0 0 0 0 0 0 0 0 0 0 0 0 0 0 0 0 0 0 0 0 0 0 0 0 0 0 0 0 0 0 0 0 0 0 0 0 0 0 0 0 0 0 0 0 0 0 0 0 0 0 0 0 0 0 0 0 0 0 0 0 0 0 0 0 0 0 0 0 0 0 0 0 0 0 0 0 0 0 0 0 0 0 0 0 0 0 0 0 0 0 0 0 0 0 0 0 0 0 0 0 0 0 0 0 0 0 0 0 0 0 0 0 0 0 0 0 0 0 0 0 0 0 0 0 0 0 0 0 0 0 0 0 0 0 0 0 0 0 0 0 0 0 0 0 0 0 0 0 0 0 0 0 0 0 0 0 0 0 0 0 0 0 0 0 0 0 0 0 0 0 0 0 0 0 0 0 0 0 0 0 0 0 0 0 0 0 0 0 0 0 0 0 0 0 0 0 0 0 0 0 0 0 0 0 0 0 0 0 0 0 0 0 0 0 0 0 0 0 0 0 0 0 0 0 0 0 0 0 0 0 0 0 0 0 0 0 0 0 0 0 0 0 0 0 0 0 0 0 0 0 0 0 0 0 0 0 0 0 0 0 0 0 0 0 0 0 0 0 0 0 0 0 0 0 0 0 0 0 0 0 0 0 0 0 0 0 0 0 0 0 0 0 0 0 0 0 0 0 0 0 0 0 0 0 0 0 0 0 0 0 0 0 0 0 0 0 0 0 0 0 0 0 0 0 0 0 0 0 0 0 0 0 0 0 0 0 0 0 0 0 0 0 0 0 0 0 0 0 0 0 0 0 0 0 0 0 0 0 0 0 0 0 0 0 0 0 0 0 0 0 0 0 0 0 0 0 0 0 0 0 0 0 0 0 0 0 0 0 0 0 0 0 0 0 0 0 0 0 0 0 0 0 0 0 0 0 0 0 0 0 0 0 0 0 0 0 0 0 0 0 0 0 0 0 0 0 0 0 0 0 0 0 0 0 0 0 0 0 0 0 0 0 0 0 0 0 0 0 0 0 0 0 0 0 0 0 0 0 0 0 0 0 0 0 0 0 0 0 0 0 0 0 0 0 0 0 0 0 0 0 0 0 0 0 0
ctxt 6860735
btime 1613122782
processes 158457
procs_running 1
procs_blocked 0
softirq 88432401 1 51737324 1398 1360272 0 0 172 2774210 0 32559024
