cpu  13259708 4 18614 6820055 513 0 1864 0 0 0
cpu0 368225 0 466 189358 9 0 396 0 0 0
cpu1 368020 0 642 189610 1 0 81 0 0 0
cpu2 367992 0 787 189539 2 0 26 0 0 0
cpu3 368187 0 478 189637 17 0 37 0 0 0
cpu4 368118 0 485 189714 2 0 40 0 0 0
cpu5 368207 0 433 189701 2 0 17 0 0 0
cpu6 368313 0 498 189515 1 0 28 0 0 0
cpu7 368355 0 361 189618 5 0 16 0 0 0
cpu8 368558 0 431 189341 6 0 17 0 0 0
cpu9 366500 0 2082 189653 9 0 118 0 0 0
cpu10 368330 0 399 189597 4 0 12 0 0 0
cpu11 368332 0 558 189417 2 0 32 0 0 0
cpu12 368294 0 393 189627 11 0 23 0 0 0
cpu13 368484 0 362 189498 4 0 5 0 0 0
cpu14 368400 0 870 188981 4 0 90 0 0 0
cpu15 368553 0 686 189093 14 0 14 0 0 0
cpu16 368484 0 484 189360 2 0 17 0 0 0
cpu17 368283 0 438 189567 2 0 58 0 0 0
cpu18 368416 0 295 189583 51 0 10 0 0 0
cpu19 368118 0 592 189547 4 0 89 0 0 0
cpu20 368088 0 593 189605 41 0 25 0 0 0
cpu21 368372 0 308 189626 42 0 15 0 0 0
cpu22 368292 0 322 189657 58 0 20 0 0 0
cpu23 368354 0 276 189699 10 0 4 0 0 0
cpu24 368575 0 313 189456 0 0 4 0 0 0
cpu25 368377 0 248 189727 0 0 4 0 0 0
cpu26 368427 0 323 189590 0 0 10 0 0 0
cpu27 367912 0 753 189661 0 0 23 0 0 0
cpu28 367453 0 820 189545 0 0 530 0 0 0
cpu29 368489 0 348 189476 16 0 8 0 0 0
cpu30 368430 0 328 189568 2 0 14 0 0 0
cpu31 369005 0 299 189027 4 0 4 0 0 0
cpu32 369565 1 572 188182 7 0 20 0 0 0
cpu33 368397 2 505 189428 7 0 8 0 0 0
cpu34 369342 0 510 188334 122 0 30 0 0 0
cpu35 368444 0 345 189504 34 0 6 0 0 0
intr 36876844 56 0 0 0 609 0 0 0 1 0 257 0 0 0 0 0 0 0 0 0 0 0 0 0 0 0 0 0 0 0 0 92 545 46 335 175 311 160 177 1487 467 672 369 335 414 480 448 525 373 379 1673 226 2496 1413 2844 1523 0 0 0 0 19 19 175 14 686 460 297 402 663 497 10318 3526 0 0 16 10323 2 0 11790 327 2790 1269 4078 1712 6647 1161 1392 1817 429 3284 1148 484 691 3393 898 1677 2087 6317 5812 3778 620 803 1447 426 1445 1319 120309 1103 2518 1045 784 1750 3547 195 0 17 7754 1 0 0 0 0 0 0 0 0 0 0 0 0 0 0 0 0 0 0 0 0 0 0 0 0 0 0 0 0 0 0 0 0 0 0 0 0 0 22 0 0 0 0 0 0 0 0 0 0 0 0 0 0 0 0 0 0 0 0 0 0 0 0 0 0 0 0 0 0 0 0 0 0 0 0 0 0 0 0 0 0 0 0 0 0 0 0 0 0 0 0 0 0 0 0 0 0 0 0 0 0 0 0 0 0 0 0 0 0 0 0 0 0 0 0 0 0 0 0 0 0 0 0 0 0 0 0 0 0 0 0 0 0 0 0 0 0 0 0 0 0 0 0 0 0 0 0 0 0 0 0 0 0 0 0 0 0 0 0 0 0 0 0 0 0 0 0 0 0 0 0 0 0 0 0 0 0 0 0 0 0 0 0 0 0 0 0 0 0 0 0 0 0 0 0 0 0 0 0 0 0 0 0 0 0 0 0 0 0 0 0 0 0 0 0 0 0 0 0 0 0 0 0 0 0 0 0 0 0 0 0 0 0 0 0 0 0 0 0 0 0 0 0 0 0 0 0 0 0 0 0 0 0 0 0 0 0 0 0 0 0 0 0 0 0 0 0 0 0 0 0 0 0 0 0 0 0 0 0 0 0 0 0 0 0 0 0 0 0 0 0 0 0 0 0 0 0 0 0 0 0 0 0 0 0 0 0 0 0 0 0 0 0 0 0 0 0 0 0 0 0 0 0 0 0 0 0 0 0 0 0 0 0 0 0 0 0 0 0 0 0 0 0 0 0 0 0 0 0 0 0 0 0 0 0 0 0 0 0 0 0 0 0 0 0 0 0 0 0 0 0 0 0 0 0 0 0 0 0 0 0 0 0 0 0 0 0 0 0 0 0 0 0 0 0 0 0 0 0 0 0 0 0 0 0 0 0 0 0 0 0 0 0 0 0 0 0 0 0 0 0 0 0 0 0 0 0 0 0 0 0 0 0 0 0 0 0 0 0 0 0 0 0 0 0 0 0 0 0 0 0 0 0 0 0 0 0 0 0 0 0 0 0 0 0 0 0 0 0 0 0 0 0 0 0 0 0 0 0 0 0 0 0 0 0 0 0 0 0 0 0 0 0 0 0 0 0 0 0 0 0 0 0 0 0 0 0 0 0 0 0 0 0 0 0 0 0 0 0 0 0 0 0 0 0 0 0 0 0 0 0 0 0 0 0 0 0 0 0 0 0 0 0 0 0 0 0 0 0 0 0 0 0 0 0 0 0 0 0 0 0 0 0 0 0 0 0 0 0 0 0 0 0 0 0 0 0 0 0 0 0 0 0 0 0 0 0 0 0 0 0 0 0 0 0 0 0 0 0 0 0 0 0 0 0 0 0 0 0 0 0 0 0 0 0 0 0 0 0 0 0 0 0 0 0 0 0 0 0 0 0 0 0 0 0 0 0 0 0 0 0 0 0 0 0 0 0 0 0 0 0 0 0 0 0 0 0 0 0 0 0 0 0 0 0 0 0 0 0 0 0 0 0 0 0 0 0 0 0 0 0 0 0 0 0 0 0 0 0 0 0 0 0 0 0 0 0 0 0 0 0 0 0 0 0 0 0 0 0 0 0 0 0 0 0 0 0 0 0 0 0 0 0 0 0 0 0 0 0 0 0 0 0 0 0 0 0 0 0 0 0 0 0 0 0 0 0 0 0 0 0 0 0 0 0 0 0 0 0 0 0 0 0 0 0 0 0 0 0 0 0 0 0 0 0 0 0 0 0 0 0 0 0 0 0 0 0 0 0 0 0 0 0 0 0 0 0 0 0 0 0 0 0 0 0 0 0 0 0 0 0 0 0 0 0 0 0 0 0 0 0 0 0 0 0 0 0 0 0 0 0 0 0 0 0 0 0 0 0 0 0 0 0 0 0 0 0 0 0 0 0 0 0 0 0 0 0 0 0 0 0 0 0 0 0 0 0 0 0 0 0 0 0 0 0 0 0 0 0 0 0 0 0 0 0 0 0 0 0 0 0 0 0 0 0 0 0 0 0 0 0 0 0 0 0 0 0 0 0 0 0 0 0 0 0 0 0 0 0 0 0 0 0 0 0 0 0 0 0 0 0 0 0 0 0 0 0 0 0 0 0 0 0 0 0 0 0 0 0 0 0 0 0 0 0 0 0 0 0 0 0 0 0 0 0 0 0 0 0 0 0 0 0 0 0 0 0 0 0 0 0 0 0 0 0 0 0 0 0 0 0 0 0 0 0 0 0 0 0 0 0 0 0 0 0 0 0 0 0 0 0 0 0 0 0 0 0 0 0 0 0 0 0 0 0 0 0 0 0 0 0 0 0 0 0 0 0 0 0 0 0 0 0 0 0 0 0 0 0 0 0 0 0 0 0 0 0 0 0 0 0 0 0 0 0 0 0 0 0 0 0 0 0 0 0 0 0 0 0 0 0 0 0 0 0 0 0 0 0 0 0 0 0 0 0 0 0 0 0 0 0 0 0 0 0 0 0 0 0 0 0 0 0 0 0 0 0 0 0 0 0 0 0 0 0 0 0 0 0 0 0 0 0 0 0 0 0 0 0
ctxt 10272062
btime 1613124388
processes 259556
procs_running 1
procs_blocked 0
softirq 48308811 1 28061553 492 1954294 0 0 198244 1307337 0 16786890
