cpu  21910197 8 45874 4110256 179 0 4195 0 0 0
cpu0 341073 0 2078 63878 0 0 258 0 0 0
cpu1 342327 0 674 64283 9 0 96 0 0 0
cpu2 341661 0 1378 64221 1 0 109 0 0 0
cpu3 341714 0 1099 64393 4 0 155 0 0 0
cpu4 342419 0 1275 63494 8 0 100 0 0 0
cpu5 342645 0 317 64380 4 0 21 0 0 0
cpu6 342081 0 835 64323 1 0 121 0 0 0
cpu7 342154 0 824 64278 2 0 110 0 0 0
cpu8 341805 0 1203 64297 0 0 56 0 0 0
cpu9 342700 0 305 64327 3 0 35 0 0 0
cpu10 342154 0 870 64251 3 0 78 0 0 0
cpu11 342758 0 236 64358 2 0 10 0 0 0
cpu12 341708 0 1307 64283 1 0 65 0 0 0
cpu13 342694 0 377 64241 1 0 41 0 0 0
cpu14 341850 0 1225 64208 0 0 84 0 0 0
cpu15 342555 0 595 64111 2 0 90 0 0 0
cpu16 340924 0 1921 64327 0 0 187 0 0 0
cpu17 342489 0 490 64187 1 0 178 0 0 0
cpu18 341295 0 1740 64168 0 0 163 0 0 0
cpu19 342616 0 412 64277 1 0 51 0 0 0
cpu20 341866 0 1106 64197 48 0 101 0 0 0
cpu21 342722 0 308 64308 11 0 16 0 0 0
cpu22 341936 0 989 64334 1 0 101 0 0 0
cpu23 342663 0 310 64359 8 0 25 0 0 0
cpu24 342252 0 791 64281 1 0 33 0 0 0
cpu25 342711 0 243 64403 1 0 10 0 0 0
cpu26 341759 0 1171 64276 0 0 145 0 0 0
cpu27 342542 0 408 64367 1 0 47 0 0 0
cpu28 341943 0 1001 64340 0 0 76 0 0 0
cpu29 342726 0 236 64383 2 0 16 0 0 0
cpu30 341693 0 1127 64329 0 0 202 0 0 0
cpu31 342584 0 351 64393 1 0 28 0 0 0
cpu32 342350 0 892 64069 1 0 36 0 0 0
cpu33 342469 0 462 64397 1 0 28 0 0 0
cpu34 341969 2 986 64365 0 0 30 0 0 0
cpu35 342540 0 388 64401 0 0 29 0 0 0
cpu36 342971 0 659 63680 0 0 35 0 0 0
cpu37 342615 0 332 64389 5 0 16 0 0 0
cpu38 344092 0 564 62654 1 0 35 0 0 0
cpu39 342182 0 725 64363 1 0 86 0 0 0
cpu40 343192 0 704 63417 5 0 26 0 0 0
cpu41 342777 0 278 64269 1 0 18 0 0 0
cpu42 341973 0 1012 64217 0 0 152 0 0 0
cpu43 342834 0 182 64330 0 0 10 0 0 0
cpu44 342272 0 948 64117 0 0 18 0 0 0
cpu45 342768 0 284 64277 0 0 22 0 0 0
cpu46 341771 0 1507 63917 0 0 149 0 0 0
cpu47 342890 0 272 64164 2 0 18 0 0 0
cpu48 341946 0 1214 64135 0 0 57 0 0 0
cpu49 342703 0 460 64166 2 0 19 0 0 0
cpu50 341956 0 962 64354 0 0 78 0 0 0
cpu51 342805 0 254 64282 2 0 11 0 0 0
cpu52 342552 0 416 64346 0 0 41 0 0 0
cpu53 342754 0 263 64317 3 0 16 0 0 0
cpu54 342398 0 544 64360 1 0 42 0 0 0
cpu55 342630 0 336 64361 0 0 22 0 0 0
cpu56 342470 0 635 64229 0 0 12 0 0 0
cpu57 342786 0 183 64368 0 0 8 0 0 0
cpu58 342514 0 477 64321 0 0 34 0 0 0
cpu59 342402 1 486 64379 1 0 83 0 0 0
cpu60 342445 0 601 64263 0 0 20 0 0 0
cpu61 342763 0 194 64371 1 0 17 0 0 0
cpu62 341624 0 1154 64377 0 0 186 0 0 0
cpu63 342743 0 274 64313 7 0 6 0 0 0
intr 60737998 83 0 0 0 639 0 0 0 1 0 282 0 0 0 0 0 0 0 0 0 0 0 0 0 0 0 0 0 0 0 0 0 0 0 0 0 0 0 832 10625 1420 12799 4 7090 1250 8414 616 8711 11 1394 2 4691 245 3690 402 43032 19 3932 140 2072 175 6916 528 1177 30 3328 0 607 7 3235 2 9455 3 8833 110 7000 0 7882 90 2734 1 1188 40 1495 12 2168 391 8411 165 3136 2701 1865 1861 4656 0 822 121 2749 7 1591 47 1989 0 0 0 0 0 0 0 0 0 0 0 0 0 0 0 0 0 31179 93 0 0 0 0 0 0 0 0 0 0 0 0 0 0 0 0 0 0 0 0 0 0 0 0 0 0 0 0 0 0 0 0 0 0 0 0 0 0 0 0 0 0 0 0 0 0 0 0 0 0 0 0 0 0 0 0 0 0 0 0 0 0 0 0 0 0 0 0 0 0 0 0 0 0 0 15 0 0 0 0 0 0 0 0 0 0 0 0 0 0 0 0 0 0 0 0 0 0 0 0 0 0 0 0 0 0 0 0 0 0 0 0 0 0 0 0 0 0 0 0 0 0 0 0 0 0 0 0 0 0 0 0 0 0 0 0 0 0 0 0 0 0 0 0 0 0 0 0 0 0 0 0 0 0 0 0 0 0 0 0 0 0 0 0 0 0 0 0 0 0 0 0 0 0 0 0 0 0 0 0 0 0 0 0 0 0 0 0 0 0 0 0 0 0 0 0 0 0 0 0 0 0 0 0 0 0 0 0 0 0 0 0 0 0 0 0 0 0 0 0 0 0 0 0 0 0 0 0 0 0 0 0 0 0 0 0 0 0 0 0 0 0 0 0 0 0 0 0 0 0 0 0 0 0 0 0 0 0 0 0 0 0 0 0 0 0 0 0 0 0 0 0 0 0 0 0 0 0 0 0 0 0 0 0 0 0 0 0 0 0 0 0 0 0 0 0 0 0 0 0 0 0 0 0 0 0 0 0 0 0 0 0 0 0 0 0 0 0 0 0 0 0 0 0 0 0 0 0 0 0 0 0 0 0 0 0 0 0 0 0 0 0 0 0 0 0 0 0 0 0 0 0 0 0 0 0 0 0 0 0 0 0 0 0 0 0 0 0 0 0 0 0 0 0 0 0 0 0 0 0 0 0 0 0 0 0 0 0 0 0 0 0 0 0 0 0 0 0 0 0 0 0 0 0 0 0 0 0 0 0 0 0 0 0 0 0 0 0 0 0 0 0 0 0 0 0 0 0 0 0 0 0 0 0 0 0 0 0 0 0 0 0 0 0 0 0 0 0 0 0 0 0 0 0 0 0 0 0 0 0 0 0 0 0 0 0 0 0 0 0 0 0 0 0 0 0 0 0 0 0 0 0 0 0 0 0 0 0 0 0 0 0 0 0 0 0 0 0 0 0 0 0 0 0 0 0 0 0 0 0 0 0 0 0 0 0 0 0 0 0 0 0 0 0 0 0 0 0 0 0 0 0 0 0 0 0 0 0 0 0 0 0 0 0 0 0 0 0 0 0 0 0 0 0 0 0 0 0 0 0 0 0 0 0 0 0 0 0 0 0 0 0 0 0 0 0 0 0 0 0 0 0 0 0 0 0 0 0 0 0 0 0 0 0 0 0 0 0 0 0 0 0 0 0 0 0 0 0 0 0 0 0 0 0 0 0 0 0 0 0 0 0 0 0 0 0 0 0 0 0 0 0 0 0 0 0 0 0 0 0 0 0 0 0 0 0 0 0 0 0 0 0 0 0 0 0 0 0 0 0 0 0 0 0 0 0 0 0 0 0 0 0 0 0 0 0 0 0 0 0 0 0 0 0 0 0 0 0 0 0 0 0 0 0 0 0 0 0 0 0 0 0 0 0 0 0 0 0 0 0 0 0 0 0 0 0 0 0 0 0 0 0 0 0 0 0 0 0 0 0 0 0 0 0 0 0 0 0 0 0 0 0 0 0 0 0 0 0 0 0 0 0 0 0 0 0 0 0 0 0 0 0 0 0 0 0 0 0 0 0 0 0 0 0 0 0 0 0 0 0 0 0 0 0 0 0 0 0 0 0 0 0 0 0 0 0 0 0 0 0 0 0 0 0 0 0 0 0 0 0 0 0 0 0 0 0 0 0 0 0 0 0 0 0 0 0 0 0 0 0 0 0 0 0 0 0 0 0 0 0 0 0 0 0 0 0 0 0 0 0 0 0 0 0 0 0 0 0 0 0 0 0 0 0 0 0 0 0 0 0 0 0 0 0 0 0 0 0 0 0 0 0 0 0 0 0 0 0 0 0 0 0 0 0 0 0 0 0 0 0 0 0 0 0 0 0 0 0 0 0 0 0 0 0 0 0 0 0 0 0 0 0 0 0 0 0 0 0 0 0 0 0 0 0 0 0 0 0 0 0 0 0 0 0 0 0 0 0 0 0 0 0 0 0 0 0 0 0 0 0 0 0 0 0 0 0 0 0 0 0 0 0 0 0 0 0 0 0 0 0 0 0 0 0 0 0 0 0 0 0 0 0 0 0 0 0 0 0 0 0 0 0 0 0 0 0 0 0 0 0 0 0 0 0 0 0 0 0 0 0 0 0 0 0 0 0 0 0 0 0 0 0 0 0 0 0 0 0 0 0 0 0 0 0 0 0 0 0 0 0 0 0 0 0 0 0 0 0 0 0 0 0 0 0 0 0 0 0 0 0 0 0 0 0 0 0 0 0 0 0 0 0 0 0 0 0 0 0 0 0 0 0 0 0 0 0 0 0 0 0 0 0 0 0 0 0 0 0 0 0 0 0 0 0 0 0 0 0 0 0 0 0 0 0 0 0 0 0 0 0 0 0 0 0 0 0 0 0 0 0 0 0 0 0 0 0 0 0 0 0 0 0 0 0 0 0 0 0 0 0 0 0 0 0 0 0 0 0 0 0 0 0 0 0 0 0 0 0 0 0 0 0 0 0 0 0 0 0 0 0 0 0 0 0 0 0 0 0 0 0 0 0 0 0 0 0 0 0 0 0 0 0 0 0 0 0 0 0 0 0 0 0 0 0 0 0 0 0 0 0 0 0 0 0 0 0 0 0 0 0 0 0 0 0 0 0 0 0 0 0 0 0 0 0 0 0 0 0 0 0 0 0 0 0 0 0 0 0 0 0 0 0 0 0 0 0 0 0 0 0 0 0 0 0 0 0 0 0 0 0 0 0 0 0 0 0 0 0 0 0 0 0 0 0 0 0 0 0 0 0 0 0 0 0 0 0 0 0 0 0 0 0 0 0 0 0 0 0 0 0 0 0 0 0 0 0 0 0 0 0 0 0 0 0 0 0 0 0 0 0 0 0 0 0 0 0 0 0 0 0 0 0 0 0 0 0 0 0 0 0 0 0 0 0 0 0 0 0 0 0 0 0 0 0 0 0 0 0 0 0 0 0 0 0 0 0 0 0 0 0 0 0 0 0 0 0 0 0 0 0 0 0 0 0 0 0 0 0 0 0 0 0 0 0 0 0 0 0 0 0 0 0 0 0 0 0 0 0 0 0 0 0 0 0 0 0 0 0 0 0 0 0 0 0 0 0 0 0 0 0 0 0 0 0 0 0 0 0 0 0 0 0 0 0 0 0 0 0 0 0 0 0 0 0 0 0 0 0 0 0 0 0 0 0 0 0 0 0 0 0 0 0 0 0 0 0 0 0 0 0 0 0 0 0 0 0 0 0 0 0 0 0 0 0 0 0 0 0 0 0 0 0 0 0 0 0 0 0 0 0 0 0 0 0 0 0 0 0 0 0 0 0 0 0 0 0 0 0 0 0 0 0 0 0 0 0 0 0 0 0 0 0 0 0 0 0 0 0 0 0 0 0 0 0 0 0 0 0 0 0 0 0 0 0 0 0 0 0 0 0 0 0 0 0 0 0 0 0 0 0 0 0 0 0 0 0 0 0 0 0 0 0 0 0 0 0 0 0 0 0 0 0 0 0 0 0 0 0 0 0 0 0 0 0 0 0 0 0 0 0 0 0 0 0 0 0 0 0 0 0 0 0 0 0 0 0 0 0 0 0 0 0 0 0 0 0 0 0 0 0 0 0 0 0 0 0 0 0 0 0 0 0 0 0 0 0 0 0 0 0 0 0 0 0 0 0 0 0 0 0 0 0 0 0 0 0 0 0 0 0 0 0 0 0 0 0 0 0 0 0 0 0 0 0 0 0 0 0 0 0 0 0 0 0 0 0 0 0 0 0 0 0 0 0 0 0 0 0 0 0 0 0 0 0 0 0 0 0 0 0 0 0 0 0 0 0 0 0 0 0 0 0 0 0 0 0 0 0 0 0 0 0 0 0 0 0 0 0 0 0 0 0 0 0 0 0 0 0 0 0 0 0 0 0 0 0 0 0 0 0 0 0 0 0 0 0 0 0 0 0 0 0 0 0 0 0 0 0 0 0 0 0 0 0 0 0 0 0 0 0 0 0 0 0 0 0 0 0 0 0 0 0 0 0 0 0 0 0 0 0 0 0 0 0 0 0 0 0 0 0 0 0 0 0 0 0 0 0 0 0 0 0 0 0 0 0 0 0 0 0 0 0 0 0 0 0 0 0 0 0 0 0 0 0 0 0 0 0 0 0 0 0 0 0 0 0 0 0 0 0 0 0 0 0 0 0 0 0 0 0 0 0 0 0 0 0 0 0 0 0 0 0 0 0 0 0 0 0 0 0 0 0 0 0 0 0 0 0 0 0 0 0 0 0 0 0 0 0 0 0 0 0 0 0 0 0 0 0 0 0 0 0 0 0 0 0 0 0 0 0 0 0 0 0 0 0 0 0 0 0 0 0 0 0 0 0 0 0 0 0 0 0 0 0 0 0 0 0 0 0 0 0 0 0 0 0 0 0 0 0 0 0 0 0 0 0 0 0 0 0 0 0 0 0 0 0 0 0 0 0 0 0 0 0 0 0 0 0 0 0 0 0 0 0 0 0 0 0 0 0 0 0 0 0 0 0 0 0 0 0 0 0 0 0 0 0 0 0 0 0 0 0 0 0 0 0 0 0 0 0 0 0 0 0 0 0 0 0 0 0 0 0 0 0 0 0 0 0 0 0 0 0 0 0 0 0 0 0 0 0 0 0 0 0 0 0 0 0 0 0 0 0 0 0 0 0 0 0 0 0 0 0 0 0 0 0 0 0 0 0 0 0 0 0 0
ctxt 6835895
btime 1613123985
processes 141948
procs_running 1
procs_blocked 0
softirq 68522468 1 39881223 1054 1167771 0 0 143 2106745 0 25365531
