cpu  17970241 3 23861 7002081 458 0 2470 0 0 0
cpu0 498676 0 981 194408 1 0 465 0 0 0
cpu1 499178 0 847 194298 22 0 74 0 0 0
cpu2 498915 0 857 194556 17 0 105 0 0 0
cpu3 499091 0 661 194649 5 0 30 0 0 0
cpu4 498883 0 846 194667 3 0 32 0 0 0
cpu5 499179 0 532 194671 2 0 41 0 0 0
cpu6 498964 0 626 194785 6 0 40 0 0 0
cpu7 499028 0 751 194560 1 0 72 0 0 0
cpu8 499187 0 525 194682 1 0 24 0 0 0
cpu9 499324 0 705 194359 1 0 38 0 0 0
cpu10 498757 0 914 194669 6 0 66 0 0 0
cpu11 498920 0 658 194799 1 0 32 0 0 0
cpu12 498818 0 845 194672 38 0 30 0 0 0
cpu13 499737 0 587 194061 4 0 30 0 0 0
cpu14 499134 0 605 194587 88 0 13 0 0 0
cpu15 497463 0 1569 194607 49 0 725 0 0 0
cpu16 499172 0 710 194512 2 0 14 0 0 0
cpu17 498804 0 877 194688 2 0 40 0 0 0
cpu18 499240 0 435 194691 4 0 19 0 0 0
cpu19 499344 0 630 194350 15 0 47 0 0 0
cpu20 499027 0 694 194608 5 0 84 0 0 0
cpu21 499354 0 359 194702 1 0 6 0 0 0
cpu22 499221 0 434 194721 23 0 13 0 0 0
cpu23 498704 0 772 194820 0 0 125 0 0 0
cpu24 499188 0 455 194740 7 0 30 0 0 0
cpu25 499204 0 443 194720 13 0 30 0 0 0
cpu26 499402 0 310 194699 2 0 2 0 0 0
cpu27 499639 0 492 194258 16 0 4 0 0 0
cpu28 500006 0 887 193437 2 0 90 0 0 0
cpu29 499896 0 602 193861 1 0 36 0 0 0
cpu30 500528 0 655 193128 77 0 18 0 0 0
cpu31 499488 0 485 194413 1 0 18 0 0 0
cpu32 499250 0 460 194690 1 0 10 0 0 0
cpu33 499228 1 498 194641 6 0 28 0 0 0
cpu34 499164 0 537 194681 13 0 8 0 0 0
cpu35 499116 0 605 194673 2 0 14 0 0 0
intr 49866506 56 0 0 0 610 0 0 0 1 0 250 0 0 0 0 0 0 0 0 0 0 0 0 0 0 0 0 0 0 0 0 94 402 465 749 2629 373 620 1308 167 130 170 460 80 4694 468 3890 2320 508 435 247 387 400 176 1340 31 0 0 0 0 329 534 192 841 154 80 10207 147 96 724 492 204 0 0 17 11026 2 0 16927 1989 4155 595 2298 3073 724 4340 1446 5235 5022 2867 6258 401 1371 163572 1490 4161 5829 1452 388 1204 685 515 604 1389 508 539 3633 1895 6692 3962 4451 3296 1252 1458 0 16 7781 1 0 0 0 0 0 0 0 0 0 0 0 0 0 0 0 0 0 0 0 0 0 0 0 0 0 0 0 0 0 0 0 0 0 0 0 0 0 25 0 0 0 0 0 0 0 0 0 0 0 0 0 0 0 0 0 0 0 0 0 0 0 0 0 0 0 0 0 0 0 0 0 0 0 0 0 0 0 0 0 0 0 0 0 0 0 0 0 0 0 0 0 0 0 0 0 0 0 0 0 0 0 0 0 0 0 0 0 0 0 0 0 0 0 0 0 0 0 0 0 0 0 0 0 0 0 0 0 0 0 0 0 0 0 0 0 0 0 0 0 0 0 0 0 0 0 0 0 0 0 0 0 0 0 0 0 0 0 0 0 0 0 0 0 0 0 0 0 0 0 0 0 0 0 0 0 0 0 0 0 0 0 0 0 0 0 0 0 0 0 0 0 0 0 0 0 0 0 0 0 0 0 0 0 0 0 0 0 0 0 0 0 0 0 0 0 0 0 0 0 0 0 0 0 0 0 0 0 0 0 0 0 0 0 0 0 0 0 0 0 0 0 0 0 0 0 0 0 0 0 0 0 0 0 0 0 0 0 0 0 0 0 0 0 0 0 0 0 0 0 0 0 0 0 0 0 0 0 0 0 0 0 0 0 0 0 0 0 0 0 0 0 0 0 0 0 0 0 0 0 0 0 0 0 0 0 0 0 0 0 0 0 0 0 0 0 0 0 0 0 0 0 0 0 0 0 0 0 0 0 0 0 0 0 0 0 0 0 0 0 0 0 0 0 0 0 0 0 0 0 0 0 0 0 0 0 0 0 0 0 0 0 0 0 0 0 0 0 0 0 0 0 0 0 0 0 0 0 0 0 0 0 0 0 0 0 0 0 0 0 0 0 0 0 0 0 0 0 0 0 0 0 0 0 0 0 0 0 0 0 0 0 0 0 0 0 0 0 0 0 0 0 0 0 0 0 0 0 0 0 0 0 0 0 0 0 0 0 0 0 0 0 0 0 0 0 0 0 0 0 0 0 0 0 0 0 0 0 0 0 0 0 0 0 0 0 0 0 0 0 0 0 0 0 0 0 0 0 0 0 0 0 0 0 0 0 0 0 0 0 0 0 0 0 0 0 0 0 0 0 0 0 0 0 0 0 0 0 0 0 0 0 0 0 0 0 0 0 0 0 0 0 0 0 0 0 0 0 0 0 0 0 0 0 0 0 0 0 0 0 0 0 0 0 0 0 0 0 0 0 0 0 0 0 0 0 0 0 0 0 0 0 0 0 0 0 0 0 0 0 0 0 0 0 0 0 0 0 0 0 0 0 0 0 0 0 0 0 0 0 0 0 0 0 0 0 0 0 0 0 0 0 0 0 0 0 0 0 0 0 0 0 0 0 0 0 0 0 0 0 0 0 0 0 0 0 0 0 0 0 0 0 0 0 0 0 0 0 0 0 0 0 0 0 0 0 0 0 0 0 0 0 0 0 0 0 0 0 0 0 0 0 0 0 0 0 0 0 0 0 0 0 0 0 0 0 0 0 0 0 0 0 0 0 0 0 0 0 0 0 0 0 0 0 0 0 0 0 0 0 0 0 0 0 0 0 0 0 0 0 0 0 0 0 0 0 0 0 0 0 0 0 0 0 0 0 0 0 0 0 0 0 0 0 0 0 0 0 0 0 0 0 0 0 0 0 0 0 0 0 0 0 0 0 0 0 0 0 0 0 0 0 0 0 0 0 0 0 0 0 0 0 0 0 0 0 0 0 0 0 0 0 0 0 0 0 0 0 0 0 0 0 0 0 0 0 0 0 0 0 0 0 0 0 0 0 0 0 0 0 0 0 0 0 0 0 0 0 0 0 0 0 0 0 0 0 0 0 0 0 0 0 0 0 0 0 0 0 0 0 0 0 0 0 0 0 0 0 0 0 0 0 0 0 0 0 0 0 0 0 0 0 0 0 0 0 0 0 0 0 0 0 0 0 0 0 0 0 0 0 0 0 0 0 0 0 0 0 0 0 0 0 0 0 0 0 0 0 0 0 0 0 0 0 0 0 0 0 0 0 0 0 0 0 0 0 0 0 0 0 0 0 0 0 0 0 0 0 0 0 0 0 0 0 0 0 0 0 0 0 0 0 0 0 0 0 0 0 0 0 0 0 0 0 0 0 0 0 0 0 0 0 0 0 0 0 0 0 0 0 0 0 0 0 0 0 0 0 0 0 0 0 0 0 0 0 0 0 0 0 0 0 0 0 0 0 0 0 0 0 0 0 0 0 0 0 0 0 0 0 0 0 0 0 0 0 0 0 0 0 0 0 0 0 0 0 0 0 0 0 0 0 0 0 0 0 0 0 0 0 0 0 0 0 0 0 0 0 0 0 0 0 0 0 0 0 0 0 0 0 0 0 0 0 0 0 0 0 0 0 0 0 0 0 0 0 0 0 0 0 0 0 0 0 0 0 0 0 0 0 0 0 0 0 0 0 0 0 0 0 0 0 0 0 0 0 0 0 0 0 0 0 0 0 0 0 0 0 0 0 0 0 0 0 0 0 0 0 0 0 0 0 0 0 0 0 0 0 0
ctxt 13852700
btime 1613124388
processes 352169
procs_running 1
procs_blocked 0
softirq 64128306 1 36631303 742 2657144 0 0 263490 1730003 0 22845623
