cpu  8649517 4 11802 6729557 513 0 1322 0 0 0
cpu0 240123 0 394 186786 9 0 304 0 0 0
cpu1 239912 0 546 187039 1 0 78 0 0 0
cpu2 240125 0 458 186964 2 0 19 0 0 0
cpu3 240051 0 416 187062 17 0 32 0 0 0
cpu4 240018 0 390 187137 2 0 34 0 0 0
cpu5 240172 0 272 187124 2 0 13 0 0 0
cpu6 240122 0 420 187008 1 0 26 0 0 0
cpu7 240156 0 280 187125 5 0 12 0 0 0
cpu8 240488 0 304 186765 6 0 14 0 0 0
cpu9 240045 0 402 187085 9 0 42 0 0 0
cpu10 240218 0 300 187033 4 0 10 0 0 0
cpu11 240370 0 315 186869 2 0 10 0 0 0
cpu12 240238 0 252 187053 11 0 16 0 0 0
cpu13 240366 0 272 186929 4 0 4 0 0 0
cpu14 240092 0 564 186858 4 0 51 0 0 0
cpu15 240635 0 405 186521 14 0 8 0 0 0
cpu16 240230 0 353 186982 2 0 9 0 0 0
cpu17 240150 0 361 187001 2 0 56 0 0 0
cpu18 240256 0 250 187012 51 0 10 0 0 0
cpu19 239933 0 492 187054 4 0 88 0 0 0
cpu20 240184 0 294 187035 41 0 20 0 0 0
cpu21 240202 0 280 187048 42 0 14 0 0 0
cpu22 240164 0 254 187078 58 0 19 0 0 0
cpu23 240290 0 142 187120 10 0 2 0 0 0
cpu24 240371 0 249 186947 0 0 3 0 0 0
cpu25 240216 0 203 187155 0 0 3 0 0 0
cpu26 240338 0 204 187021 0 0 10 0 0 0
cpu27 240216 0 236 187108 0 0 11 0 0 0
cpu28 239718 0 502 187029 0 0 322 0 0 0
cpu29 240396 0 222 186918 16 0 6 0 0 0
cpu30 240352 0 198 187004 2 0 7 0 0 0
cpu31 240796 0 256 186504 4 0 2 0 0 0
cpu32 240673 1 358 186511 7 0 19 0 0 0
cpu33 240380 2 236 186948 7 0 4 0 0 0
cpu34 241192 0 456 185762 122 0 29 0 0 0
cpu35 240316 0 255 186945 34 0 6 0 0 0
intr 24132156 56 0 0 0 609 0 0 0 1 0 257 0 0 0 0 0 0 0 0 0 0 0 0 0 0 0 0 0 0 0 0 92 545 46 268 175 263 108 177 1485 467 519 369 175 381 480 440 438 352 368 1673 164 2412 1413 2844 1523 0 0 0 0 19 16 97 14 474 457 241 402 658 489 10318 3524 0 0 16 9642 2 0 8205 183 1041 1269 3798 155 6454 688 1092 656 429 477 187 425 579 2004 448 1580 1953 5699 4927 3778 335 41 1152 426 1222 957 73574 776 1630 925 421 222 2874 180 0 17 7700 1 0 0 0 0 0 0 0 0 0 0 0 0 0 0 0 0 0 0 0 0 0 0 0 0 0 0 0 0 0 0 0 0 0 0 0 0 0 22 0 0 0 0 0 0 0 0 0 0 0 0 0 0 0 0 0 0 0 0 0 0 0 0 0 0 0 0 0 0 0 0 0 0 0 0 0 0 0 0 0 0 0 0 0 0 0 0 0 0 0 0 0 0 0 0 0 0 0 0 0 0 0 0 0 0 0 0 0 0 0 0 0 0 0 0 0 0 0 0 0 0 0 0 0 0 0 0 0 0 0 0 0 0 0 0 0 0 0 0 0 0 0 0 0 0 0 0 0 0 0 0 0 0 0 0 0 0 0 0 0 0 0 0 0 0 0 0 0 0 0 0 0 0 0 0 0 0 0 0 0 0 0 0 0 0 0 0 0 0 0 0 0 0 0 0 0 0 0 0 0 0 0 0 0 0 0 0 0 0 0 0 0 0 0 0 0 0 0 0 0 0 0 0 0 0 0 0 0 0 0 0 0 0 0 0 0 0 0 0 0 0 0 0 0 0 0 0 0 0 0 0 0 0 0 0 0 0 0 0 0 0 0 0 0 0 0 0 0 0 0 0 0 0 0 0 0 0 0 0 0 0 0 0 0 0 0 0 0 0 0 0 0 0 0 0 0 0 0 0 0 0 0 0 0 0 0 0 0 0 0 0 0 0 0 0 0 0 0 0 0 0 0 0 0 0 0 0 0 0 0 0 0 0 0 0 0 0 0 0 0 0 0 0 0 0 0 0 0 0 0 0 0 0 0 0 0 0 0 0 0 0 0 0 0 0 0 0 0 0 0 0 0 0 0 0 0 0 0 0 0 0 0 0 0 0 0 0 0 0 0 0 0 0 0 0 0 0 0 0 0 0 0 0 0 0 0 0 0 0 0 0 0 0 0 0 0 0 0 0 0 0 0 0 0 0 0 0 0 0 0 0 0 0 0 0 0 0 0 0 0 0 0 0 0 0 0 0 0 0 0 0 0 0 0 0 0 0 0 0 0 0 0 0 0 0 0 0 0 0 0 0 0 0 0 0 0 0 0 0 0 0 0 0 0 0 0 0 0 0 0 0 0 0 0 0 0 0 0 0 0 0 0 0 0 0 0 0 0 0 0 0 0 0 0 0 0 0 0 0 0 0 0 0 0 0 0 0 0 0 0 0 0 0 0 0 0 0 0 0 0 0 0 0 0 0 0 0 0 0 0 0 0 0 0 0 0 0 0 0 0 0 0 0 0 0 0 0 0 0 0 0 0 0 0 0 0 0 0 0 0 0 0 0 0 0 0 0 0 0 0 0 0 0 0 0 0 0 0 0 0 0 0 0 0 0 0 0 0 0 0 0 0 0 0 0 0 0 0 0 0 0 0 0 0 0 0 0 0 0 0 0 0 0 0 0 0 0 0 0 0 0 0 0 0 0 0 0 0 0 0 0 0 0 0 0 0 0 0 0 0 0 0 0 0 0 0 0 0 0 0 0 0 0 0 0 0 0 0 0 0 0 0 0 0 0 0 0 0 0 0 0 0 0 0 0 0 0 0 0 0 0 0 0 0 0 0 0 0 0 0 0 0 0 0 0 0 0 0 0 0 0 0 0 0 0 0 0 0 0 0 0 0 0 0 0 0 0 0 0 0 0 0 0 0 0 0 0 0 0 0 0 0 0 0 0 0 0 0 0 0 0 0 0 0 0 0 0 0 0 0 0 0 0 0 0 0 0 0 0 0 0 0 0 0 0 0 0 0 0 0 0 0 0 0 0 0 0 0 0 0 0 0 0 0 0 0 0 0 0 0 0 0 0 0 0 0 0 0 0 0 0 0 0 0 0 0 0 0 0 0 0 0 0 0 0 0 0 0 0 0 0 0 0 0 0 0 0 0 0 0 0 0 0 0 0 0 0 0 0 0 0 0 0 0 0 0 0 0 0 0 0 0 0 0 0 0 0 0 0 0 0 0 0 0 0 0 0 0 0 0 0 0 0 0 0 0 0 0 0 0 0 0 0 0 0 0 0 0 0 0 0 0 0 0 0 0 0 0 0 0 0 0 0 0 0 0 0 0 0 0 0 0 0 0 0 0 0 0 0 0 0 0 0 0 0 0 0 0 0 0 0 0 0 0 0 0 0 0 0 0 0 0 0 0 0 0 0 0 0 0 0 0 0 0 0 0 0 0 0 0 0 0 0 0 0 0 0 0 0 0 0 0 0 0 0 0 0 0 0 0 0 0 0 0 0 0 0 0 0 0 0 0 0 0 0 0 0 0 0 0 0 0 0 0 0 0 0 0 0 0 0 0 0 0 0 0 0 0 0 0 0 0 0 0 0 0 0 0 0 0 0 0 0 0 0 0 0 0 0 0 0 0 0 0 0 0 0 0 0 0 0 0 0 0 0 0 0 0 0 0 0 0 0 0 0 0 0 0 0 0 0 0 0 0 0 0 0 0 0 0 0 0 0 0 0 0 0 0 0 0 0 0 0 0 0 0 0 0 0 0 0 0 0 0 0 0 0 0 0 0 0 0 0 0 0 0 0 0 0
ctxt 6734556
btime 1613124388
processes 167623
procs_running 1
procs_blocked 0
softirq 31969702 1 18672565 398 1253860 0 0 128780 890074 0 11024024
