cpu  5911830 4 7640 6742621 420 0 833 0 0 0
cpu0 164104 0 330 187095 1 0 200 0 0 0
cpu1 164100 0 226 187421 1 0 101 0 0 0
cpu2 164210 0 194 187356 0 0 24 0 0 0
cpu3 164192 0 270 187267 4 0 12 0 0 0
cpu4 164126 0 308 187305 2 0 12 0 0 0
cpu5 164006 0 382 187315 14 0 36 0 0 0
cpu6 164146 0 241 187357 2 0 6 0 0 0
cpu7 164181 0 189 187394 4 0 0 0 0 0
cpu8 164620 0 229 186907 1 0 2 0 0 0
cpu9 164239 0 214 187305 1 0 5 0 0 0
cpu10 164161 0 181 187411 4 0 1 0 0 0
cpu11 164223 0 148 187390 2 0 3 0 0 0
cpu12 164070 0 214 187462 4 0 6 0 0 0
cpu13 164447 0 200 187064 48 0 2 0 0 0
cpu14 164026 0 288 187408 4 0 25 0 0 0
cpu15 164118 0 186 187450 5 0 6 0 0 0
cpu16 163996 0 325 187395 1 0 38 0 0 0
cpu17 164253 0 179 187310 5 0 2 0 0 0
cpu18 164241 0 162 187346 4 0 3 0 0 0
cpu19 164029 0 274 187426 1 0 26 0 0 0
cpu20 164302 0 118 187328 3 0 3 0 0 0
cpu21 164204 0 126 187420 9 0 0 0 0 0
cpu22 164117 0 209 187419 12 0 6 0 0 0
cpu23 164226 0 124 187403 2 0 0 0 0 0
cpu24 163788 0 392 187307 12 0 241 0 0 0
cpu25 164211 0 140 187407 3 0 0 0 0 0
cpu26 164181 0 176 187386 7 0 2 0 0 0
cpu27 164622 0 196 186942 0 0 4 0 0 0
cpu28 164690 0 220 186743 81 0 0 0 0 0
cpu29 164241 0 135 187346 33 0 3 0 0 0
cpu30 164765 0 182 186726 54 0 2 0 0 0
cpu31 164308 3 122 187276 40 0 1 0 0 0
cpu32 164075 0 318 187323 6 0 39 0 0 0
cpu33 164234 0 155 187348 12 0 3 0 0 0
cpu34 164179 0 132 187419 15 0 4 0 0 0
cpu35 164185 0 140 187425 1 0 0 0 0 0
intr 16683912 56 0 0 0 610 0 0 0 1 0 275 0 0 0 0 0 0 0 0 0 0 0 0 0 0 0 0 0 0 0 0 0 94 247 191 18 198 323 609 128 187 58 87 285 138 255 1443 453 279 249 339 191 146 151 1241 3734 0 0 0 0 203 1272 262 364 35 10036 3397 3978 1767 545 714 219 129 0 16 9356 1 0 6890 1581 157 532 661 176 104 156 870 2415 536 868 2560 193 4222 780 2796 293 887 2178 5304 259 2766 721 59534 50 536 826 51 758 443 141 4905 658 686 409 0 16 7687 1 0 0 0 0 0 0 0 0 0 0 0 0 0 0 0 0 0 0 0 0 0 0 0 0 0 0 0 0 0 0 0 0 0 0 0 0 0 24 0 0 0 0 0 0 0 0 0 0 0 0 0 0 0 0 0 0 0 0 0 0 0 0 0 0 0 0 0 0 0 0 0 0 0 0 0 0 0 0 0 0 0 0 0 0 0 0 0 0 0 0 0 0 0 0 0 0 0 0 0 0 0 0 0 0 0 0 0 0 0 0 0 0 0 0 0 0 0 0 0 0 0 0 0 0 0 0 0 0 0 0 0 0 0 0 0 0 0 0 0 0 0 0 0 0 0 0 0 0 0 0 0 0 0 0 0 0 0 0 0 0 0 0 0 0 0 0 0 0 0 0 0 0 0 0 0 0 0 0 0 0 0 0 0 0 0 0 0 0 0 0 0 0 0 0 0 0 0 0 0 0 0 0 0 0 0 0 0 0 0 0 0 0 0 0 0 0 0 0 0 0 0 0 0 0 0 0 0 0 0 0 0 0 0 0 0 0 0 0 0 0 0 0 0 0 0 0 0 0 0 0 0 0 0 0 0 0 0 0 0 0 0 0 0 0 0 0 0 0 0 0 0 0 0 0 0 0 0 0 0 0 0 0 0 0 0 0 0 0 0 0 0 0 0 0 0 0 0 0 0 0 0 0 0 0 0 0 0 0 0 0 0 0 0 0 0 0 0 0 0 0 0 0 0 0 0 0 0 0 0 0 0 0 0 0 0 0 0 0 0 0 0 0 0 0 0 0 0 0 0 0 0 0 0 0 0 0 0 0 0 0 0 0 0 0 0 0 0 0 0 0 0 0 0 0 0 0 0 0 0 0 0 0 0 0 0 0 0 0 0 0 0 0 0 0 0 0 0 0 0 0 0 0 0 0 0 0 0 0 0 0 0 0 0 0 0 0 0 0 0 0 0 0 0 0 0 0 0 0 0 0 0 0 0 0 0 0 0 0 0 0 0 0 0 0 0 0 0 0 0 0 0 0 0 0 0 0 0 0 0 0 0 0 0 0 0 0 0 0 0 0 0 0 0 0 0 0 0 0 0 0 0 0 0 0 0 0 0 0 0 0 0 0 0 0 0 0 0 0 0 0 0 0 0 0 0 0 0 0 0 0 0 0 0 0 0 0 0 0 0 0 0 0 0 0 0 0 0 0 0 0 0 0 0 0 0 0 0 0 0 0 0 0 0 0 0 0 0 0 0 0 0 0 0 0 0 0 0 0 0 0 0 0 0 0 0 0 0 0 0 0 0 0 0 0 0 0 0 0 0 0 0 0 0 0 0 0 0 0 0 0 0 0 0 0 0 0 0 0 0 0 0 0 0 0 0 0 0 0 0 0 0 0 0 0 0 0 0 0 0 0 0 0 0 0 0 0 0 0 0 0 0 0 0 0 0 0 0 0 0 0 0 0 0 0 0 0 0 0 0 0 0 0 0 0 0 0 0 0 0 0 0 0 0 0 0 0 0 0 0 0 0 0 0 0 0 0 0 0 0 0 0 0 0 0 0 0 0 0 0 0 0 0 0 0 0 0 0 0 0 0 0 0 0 0 0 0 0 0 0 0 0 0 0 0 0 0 0 0 0 0 0 0 0 0 0 0 0 0 0 0 0 0 0 0 0 0 0 0 0 0 0 0 0 0 0 0 0 0 0 0 0 0 0 0 0 0 0 0 0 0 0 0 0 0 0 0 0 0 0 0 0 0 0 0 0 0 0 0 0 0 0 0 0 0 0 0 0 0 0 0 0 0 0 0 0 0 0 0 0 0 0 0 0 0 0 0 0 0 0 0 0 0 0 0 0 0 0 0 0 0 0 0 0 0 0 0 0 0 0 0 0 0 0 0 0 0 0 0 0 0 0 0 0 0 0 0 0 0 0 0 0 0 0 0 0 0 0 0 0 0 0 0 0 0 0 0 0 0 0 0 0 0 0 0 0 0 0 0 0 0 0 0 0 0 0 0 0 0 0 0 0 0 0 0 0 0 0 0 0 0 0 0 0 0 0 0 0 0 0 0 0 0 0 0 0 0 0 0 0 0 0 0 0 0 0 0 0 0 0 0 0 0 0 0 0 0 0 0 0 0 0 0 0 0 0 0 0 0 0 0 0 0 0 0 0 0 0 0 0 0 0 0 0 0 0 0 0 0 0 0 0 0 0 0 0 0 0 0 0 0 0 0 0 0 0 0 0 0 0 0 0 0 0 0 0 0 0 0 0 0 0 0 0 0 0 0 0 0 0 0 0 0 0 0 0 0 0 0 0 0 0 0 0 0 0 0 0 0 0 0 0 0 0 0 0 0 0 0 0 0 0 0 0 0 0 0 0 0 0 0 0 0 0 0 0 0 0 0 0 0 0 0 0 0 0 0 0 0 0 0 0 0 0 0 0 0 0 0 0 0 0 0 0 0 0 0 0 0 0 0 0 0 0 0 0 0 0 0 0 0 0 0 0 0 0 0 0 0 0 0 0 0 0 0 0 0 0 0 0 0 0 0 0 0 0 0 0 0 0 0 0 0 0 0 0 0 0 0
ctxt 5064833
btime 1613124388
processes 126344
procs_running 1
procs_blocked 0
softirq 21988716 1 12657623 324 942913 0 0 105101 652337 0 7630417
