cpu  16503598 3 22853 6971198 458 0 2353 0 0 0
cpu0 457959 0 949 193532 1 0 448 0 0 0
cpu1 458470 0 798 193427 22 0 74 0 0 0
cpu2 458188 0 836 193677 17 0 105 0 0 0
cpu3 458368 0 636 193769 5 0 29 0 0 0
cpu4 458157 0 823 193786 3 0 30 0 0 0
cpu5 458386 0 506 193861 2 0 40 0 0 0
cpu6 458229 0 607 193910 6 0 39 0 0 0
cpu7 458287 0 738 193684 1 0 72 0 0 0
cpu8 458403 0 504 193859 1 0 24 0 0 0
cpu9 458683 0 612 193481 1 0 21 0 0 0
cpu10 458023 0 897 193791 6 0 66 0 0 0
cpu11 458205 0 625 193920 1 0 32 0 0 0
cpu12 458111 0 800 193796 38 0 30 0 0 0
cpu13 459000 0 570 193187 4 0 30 0 0 0
cpu14 458394 0 597 193708 88 0 12 0 0 0
cpu15 456784 0 1533 193728 49 0 690 0 0 0
cpu16 458448 0 685 193632 2 0 14 0 0 0
cpu17 458082 0 850 193808 2 0 39 0 0 0
cpu18 458498 0 418 193820 4 0 19 0 0 0
cpu19 458616 0 609 193469 15 0 47 0 0 0
cpu20 458294 0 679 193729 5 0 83 0 0 0
cpu21 458616 0 340 193831 1 0 6 0 0 0
cpu22 458477 0 428 193841 23 0 13 0 0 0
cpu23 457958 0 762 193947 0 0 125 0 0 0
cpu24 458449 0 445 193860 7 0 30 0 0 0
cpu25 458466 0 432 193842 13 0 30 0 0 0
cpu26 458659 0 302 193821 2 0 2 0 0 0
cpu27 458891 0 476 193394 16 0 2 0 0 0
cpu28 459262 0 880 192559 2 0 90 0 0 0
cpu29 458917 0 405 193438 1 0 6 0 0 0
cpu30 459764 0 620 192301 77 0 18 0 0 0
cpu31 458746 0 478 193533 1 0 18 0 0 0
cpu32 458492 0 406 193878 1 0 7 0 0 0
cpu33 458483 1 492 193763 6 0 28 0 0 0
cpu34 458427 0 525 193803 13 0 8 0 0 0
cpu35 458392 0 577 193797 2 0 14 0 0 0
intr 45820825 56 0 0 0 610 0 0 0 1 0 250 0 0 0 0 0 0 0 0 0 0 0 0 0 0 0 0 0 0 0 0 94 402 395 749 2629 373 620 1095 167 129 167 460 80 4694 468 3890 2308 508 435 245 387 400 176 1340 31 0 0 0 0 329 534 190 840 154 45 10207 147 67 724 492 203 0 0 17 10830 2 0 16704 733 3888 418 2293 3073 621 4340 1446 4519 5022 2867 5676 401 1118 149976 1487 4161 5829 1452 357 1026 685 515 477 1303 508 402 3633 1732 6534 3955 1173 3296 1252 1456 0 16 7761 1 0 0 0 0 0 0 0 0 0 0 0 0 0 0 0 0 0 0 0 0 0 0 0 0 0 0 0 0 0 0 0 0 0 0 0 0 0 25 0 0 0 0 0 0 0 0 0 0 0 0 0 0 0 0 0 0 0 0 0 0 0 0 0 0 0 0 0 0 0 0 0 0 0 0 0 0 0 0 0 0 0 0 0 0 0 0 0 0 0 0 0 0 0 0 0 0 0 0 0 0 0 0 0 0 0 0 0 0 0 0 0 0 0 0 0 0 0 0 0 0 0 0 0 0 0 0 0 0 0 0 0 0 0 0 0 0 0 0 0 0 0 0 0 0 0 0 0 0 0 0 0 0 0 0 0 0 0 0 0 0 0 0 0 0 0 0 0 0 0 0 0 0 0 0 0 0 0 0 0 0 0 0 0 0 0 0 0 0 0 0 0 0 0 0 0 0 0 0 0 0 0 0 0 0 0 0 0 0 0 0 0 0 0 0 0 0 0 0 0 0 0 0 0 0 0 0 0 0 0 0 0 0 0 0 0 0 0 0 0 0 0 0 0 0 0 0 0 0 0 0 0 0 0 0 0 0 0 0 0 0 0 0 0 0 0 0 0 0 0 0 0 0 0 0 0 0 0 0 0 0 0 0 0 0 0 0 0 0 0 0 0 0 0 0 0 0 0 0 0 0 0 0 0 0 0 0 0 0 0 0 0 0 0 0 0 0 0 0 0 0 0 0 0 0 0 0 0 0 0 0 0 0 0 0 0 0 0 0 0 0 0 0 0 0 0 0 0 0 0 0 0 0 0 0 0 0 0 0 0 0 0 0 0 0 0 0 0 0 0 0 0 0 0 0 0 0 0 0 0 0 0 0 0 0 0 0 0 0 0 0 0 0 0 0 0 0 0 0 0 0 0 0 0 0 0 0 0 0 0 0 0 0 0 0 0 0 0 0 0 0 0 0 0 0 0 0 0 0 0 0 0 0 0 0 0 0 0 0 0 0 0 0 0 0 0 0 0 0 0 0 0 0 0 0 0 0 0 0 0 0 0 0 0 0 0 0 0 0 0 0 0 0 0 0 0 0 0 0 0 0 0 0 0 0 0 0 0 0 0 0 0 0 0 0 0 0 0 0 0 0 0 0 0 0 0 0 0 0 0 0 0 0 0 0 0 0 0 0 0 0 0 0 0 0 0 0 0 0 0 0 0 0 0 0 0 0 0 0 0 0 0 0 0 0 0 0 0 0 0 0 0 0 0 0 0 0 0 0 0 0 0 0 0 0 0 0 0 0 0 0 0 0 0 0 0 0 0 0 0 0 0 0 0 0 0 0 0 0 0 0 0 0 0 0 0 0 0 0 0 0 0 0 0 0 0 0 0 0 0 0 0 0 0 0 0 0 0 0 0 0 0 0 0 0 0 0 0 0 0 0 0 0 0 0 0 0 0 0 0 0 0 0 0 0 0 0 0 0 0 0 0 0 0 0 0 0 0 0 0 0 0 0 0 0 0 0 0 0 0 0 0 0 0 0 0 0 0 0 0 0 0 0 0 0 0 0 0 0 0 0 0 0 0 0 0 0 0 0 0 0 0 0 0 0 0 0 0 0 0 0 0 0 0 0 0 0 0 0 0 0 0 0 0 0 0 0 0 0 0 0 0 0 0 0 0 0 0 0 0 0 0 0 0 0 0 0 0 0 0 0 0 0 0 0 0 0 0 0 0 0 0 0 0 0 0 0 0 0 0 0 0 0 0 0 0 0 0 0 0 0 0 0 0 0 0 0 0 0 0 0 0 0 0 0 0 0 0 0 0 0 0 0 0 0 0 0 0 0 0 0 0 0 0 0 0 0 0 0 0 0 0 0 0 0 0 0 0 0 0 0 0 0 0 0 0 0 0 0 0 0 0 0 0 0 0 0 0 0 0 0 0 0 0 0 0 0 0 0 0 0 0 0 0 0 0 0 0 0 0 0 0 0 0 0 0 0 0 0 0 0 0 0 0 0 0 0 0 0 0 0 0 0 0 0 0 0 0 0 0 0 0 0 0 0 0 0 0 0 0 0 0 0 0 0 0 0 0 0 0 0 0 0 0 0 0 0 0 0 0 0 0 0 0 0 0 0 0 0 0 0 0 0 0 0 0 0 0 0 0 0 0 0 0 0 0 0 0 0 0 0 0 0 0 0 0 0 0 0 0 0 0 0 0 0 0 0 0 0 0 0 0 0 0 0 0 0 0 0 0 0 0 0 0 0 0 0 0 0 0 0 0 0 0 0 0 0 0 0 0 0 0 0 0 0 0 0 0 0 0 0 0 0 0 0 0 0 0 0 0 0 0 0 0 0 0 0 0 0 0 0 0 0 0 0 0 0 0 0 0 0 0 0 0 0 0 0 0 0 0 0 0 0 0 0 0 0 0 0 0 0 0 0 0 0 0 0 0 0 0 0 0 0 0 0 0 0 0 0 0 0 0 0 0 0 0 0 0 0 0 0 0 0 0 0 0 0 0 0 0 0 0 0 0 0 0 0 0 0 0 0 0 0 0 0 0 0 0 0 0 0 0 0 0 0 0 0 0 0
ctxt 12689636
btime 1613124388
processes 321641
procs_running 1
procs_blocked 0
softirq 58840980 1 33566679 713 2424745 0 0 242157 1597669 0 21009016
