cpu  20533230 8 21197 11735061 424 0 1096 0 0 0
cpu0 160538 0 1011 90485 0 0 243 0 0 0
cpu1 160428 0 98 91755 0 0 37 0 0 0
cpu2 160062 0 375 91835 1 0 3 0 0 0
cpu3 160090 0 411 91755 2 0 36 0 0 0
cpu4 160770 0 372 91138 8 0 4 0 0 0
cpu5 160402 0 115 91766 0 0 12 0 0 0
cpu6 160211 0 300 91776 0 0 11 0 0 0
cpu7 160290 0 210 91772 0 0 16 0 0 0
cpu8 160928 0 308 91032 0 0 11 0 0 0
cpu9 160324 0 78 91885 0 0 1 0 0 0
cpu10 160234 0 256 91772 8 0 18 0 0 0
cpu11 160371 0 173 91746 0 0 7 0 0 0
cpu12 160578 0 289 91403 0 0 4 0 0 0
cpu13 160467 0 71 91756 0 0 0 0 0 0
cpu14 160283 0 244 91751 0 0 17 0 0 0
cpu15 159726 0 518 91952 0 0 67 0 0 0
cpu16 160369 0 311 91591 0 0 8 0 0 0
cpu17 160460 0 74 91760 0 0 0 0 0 0
cpu18 160342 0 137 91817 0 0 4 0 0 0
cpu19 160310 0 192 91772 0 0 16 0 0 0
cpu20 160547 5 244 91467 5 0 8 0 0 0
cpu21 160468 0 72 91753 0 0 0 0 0 0
cpu22 160354 0 137 91796 0 0 8 0 0 0
cpu23 160258 0 221 91799 0 0 12 0 0 0
cpu24 160624 0 188 91461 2 0 3 0 0 0
cpu25 160268 0 173 91839 0 0 7 0 0 0
cpu26 160451 0 83 91756 0 0 1 0 0 0
cpu27 160394 0 137 91750 0 0 8 0 0 0
cpu28 160763 0 267 91247 0 0 1 0 0 0
cpu29 160433 0 84 91773 0 0 1 0 0 0
cpu30 160372 0 92 91824 0 0 3 0 0 0
cpu31 160432 0 102 91751 0 0 2 0 0 0
cpu32 160449 0 285 91512 19 0 1 0 0 0
cpu33 160406 0 127 91757 0 0 0 0 0 0
cpu34 160364 0 86 91833 0 0 0 0 0 0
cpu35 160405 0 128 91748 0 0 6 0 0 0
cpu36 160437 0 307 91508 17 0 7 0 0 0
cpu37 160420 0 91 91778 0 0 2 0 0 0
cpu38 160252 0 152 91865 0 0 2 0 0 0
cpu39 160366 0 164 91743 0 0 13 0 0 0
cpu40 160396 0 238 91632 4 0 7 0 0 0
cpu41 160364 0 151 91751 0 0 19 0 0 0
cpu42 160267 0 111 91900 0 0 5 0 0 0
cpu43 160375 0 130 91766 0 0 4 0 0 0
cpu44 160342 0 246 91672 1 0 18 0 0 0
cpu45 160460 0 73 91754 0 0 0 0 0 0
cpu46 160225 0 143 91906 2 0 7 0 0 0
cpu47 160284 0 215 91753 0 0 24 0 0 0
cpu48 160520 0 159 91629 1 0 1 0 0 0
cpu49 160492 0 68 91720 0 0 0 0 0 0
cpu50 160390 0 75 91814 2 0 1 0 0 0
cpu51 160212 0 168 91899 0 0 15 0 0 0
cpu52 160384 0 171 91715 0 0 8 0 0 0
cpu53 160463 0 72 91745 0 0 0 0 0 0
cpu54 160272 0 78 91919 1 0 2 0 0 0
cpu55 160371 0 160 91746 0 0 2 0 0 0
cpu56 160421 0 178 91603 1 0 34 0 0 0
cpu57 160442 0 87 91743 0 0 2 0 0 0
cpu58 160382 0 80 91817 0 0 0 0 0 0
cpu59 160391 0 134 91739 0 0 15 0 0 0
cpu60 160716 0 159 91397 1 0 2 0 0 0
cpu61 160449 0 76 91747 0 0 2 0 0 0
cpu62 160454 0 75 91745 0 0 0 0 0 0
cpu63 160389 0 145 91741 0 0 5 0 0 0
cpu64 160257 0 278 91724 7 0 2 0 0 0
cpu65 160445 0 73 91757 0 0 0 0 0 0
cpu66 160372 0 135 91767 1 0 0 0 0 0
cpu67 160216 0 213 91833 0 0 10 0 0 0
cpu68 160820 0 313 91123 2 0 9 0 0 0
cpu69 160425 0 87 91763 0 0 0 0 0 0
cpu70 160395 0 123 91753 0 0 3 0 0 0
cpu71 160243 0 223 91778 0 0 21 0 0 0
cpu72 160419 0 143 91697 4 0 1 0 0 0
cpu73 160454 0 68 91746 1 0 0 0 0 0
cpu74 160382 0 122 91740 0 0 7 0 0 0
cpu75 160368 0 170 91724 1 0 11 0 0 0
cpu76 161023 0 345 90766 116 0 1 0 0 0
cpu77 160470 0 63 91738 0 0 1 0 0 0
cpu78 160329 0 128 91805 0 0 2 0 0 0
cpu79 159815 0 599 91732 0 0 117 0 0 0
cpu80 160608 0 212 91423 12 0 2 0 0 0
cpu81 160443 0 83 91744 0 0 0 0 0 0
cpu82 160374 0 124 91747 0 0 2 0 0 0
cpu83 160208 0 258 91764 1 0 20 0 0 0
cpu84 160760 0 245 91133 106 0 5 0 0 0
cpu85 160468 0 96 91692 6 0 0 0 0 0
cpu86 160372 0 93 91797 0 0 2 0 0 0
cpu87 160391 0 150 91721 0 0 3 0 0 0
cpu88 160639 0 159 91463 1 0 1 0 0 0
cpu89 160453 0 89 91724 0 0 0 0 0 0
cpu90 160462 0 88 91704 8 0 0 0 0 0
cpu91 160372 0 164 91724 0 0 6 0 0 0
cpu92 160605 0 180 91474 1 0 0 0 0 0
cpu93 160435 0 74 91757 0 0 0 0 0 0
cpu94 160403 0 95 91758 0 0 0 0 0 0
cpu95 160397 0 141 91718 1 0 2 0 0 0
cpu96 160404 0 337 91518 2 0 0 0 0 0
cpu97 160421 0 90 91751 0 0 0 0 0 0
cpu98 160296 0 107 91857 0 0 0 0 0 0
cpu99 160404 0 115 91729 0 0 6 0 0 0
cpu100 160502 0 282 91459 2 0 1 0 0 0
cpu101 160388 0 73 91800 0 0 0 0 0 0
cpu102 160340 0 102 91817 0 0 0 0 0 0
cpu103 160352 0 144 91761 0 0 5 0 0 0
cpu104 160548 0 187 91522 2 0 2 0 0 0
cpu105 160460 0 75 91725 0 0 2 0 0 0
cpu106 160443 0 88 91731 0 0 0 0 0 0
cpu107 160392 0 113 91742 0 0 5 0 0 0
cpu108 160491 0 124 91624 9 0 4 0 0 0
cpu109 160465 0 84 91709 0 0 0 0 0 0
cpu110 160446 0 79 91729 0 0 1 0 0 0
cpu111 160380 0 145 91727 0 0 2 0 0 0
cpu112 160462 0 83 91710 0 0 0 0 0 0
cpu113 160467 0 73 91719 0 0 0 0 0 0
cpu114 160358 0 70 91825 1 0 0 0 0 0
cpu115 160374 0 149 91726 0 0 6 0 0 0
cpu116 160487 0 135 91626 0 0 0 0 0 0
cpu117 160463 0 86 91694 11 0 0 0 0 0
cpu118 160387 0 87 91777 1 0 0 0 0 0
cpu119 160318 0 200 91724 0 0 9 0 0 0
cpu120 160560 0 133 91556 0 0 0 0 0 0
cpu121 160465 0 68 91722 0 0 1 0 0 0
cpu122 160444 0 75 91733 3 0 0 0 0 0
cpu123 160441 0 103 91705 0 0 0 0 0 0
cpu124 161104 0 203 90934 4 0 2 0 0 0
cpu125 160460 0 66 91725 0 0 0 0 0 0
cpu126 160278 0 92 91870 0 0 0 0 0 0
cpu127 160452 0 163 91631 1 0 2 0 0 0
intr 59273528 130 0 0 0 681 0 0 0 1 0 285 0 0 0 0 0 0 0 0 0 0 0 0 0 0 0 0 0 0 0 0 0 0 0 0 260 0 3292 208 107 6521 454 0 1 3283 3 7 3 2946 1239 0 0 8562 582 2 0 4755 4370 0 0 3395 1861 10 1 3433 5648 0 0 1283 6 0 14 1907 2 0 0 11479 227 2 4 1990 363 0 42 3137 4 160 177 2952 187 0 769 1920 45181 0 1 1545 11 136 12 1875 4008 100 0 2908 424 0 0 6324 0 0 92 4505 748 0 0 9021 446 0 2 4547 4689 0 0 2422 0 0 0 2196 173 0 16 1425 1 0 0 1579 3 8 0 4376 4 0 0 2251 22 0 0 2305 0 0 0 2484 0 0 0 0 0 0 0 0 0 0 0 0 0 157 879 476 348 10759 2029 6255 130 466 333 280 828 64 143 27 216 731 128 486 132 154 25 18 27 164 1 2 46 5 0 293 9 0 0 0 0 0 0 0 0 0 0 0 0 0 0 0 0 0 0 0 6 0 0 0 20 0 20 2 5 10 0 340 2 5 84 12 3928 15 6 13 184 18 1 5 4 51 89 8 12 4 8 3 1 0 4 9 61 5 386 144 195 376 79 9 2 9 10 111 127 24 5 0 0 8 54 118 39 82 1 4 18 52 0 0 0 0 0 0 0 0 0 0 0 0 0 0 0 0 0 0 0 0 0 0 0 0 0 0 0 0 0 0 0 0 0 0 0 0 0 0 0 0 0 0 0 0 0 0 0 0 0 0 0 0 0 0 0 0 0 0 0 0 0 0 0 0 0 0 0 0 0 0 0 0 0 0 0 0 0 0 0 0 0 0 0 0 0 0 0 0 0 0 0 0 0 0 0 0 0 0 0 0 0 0 0 0 0 0 0 0 0 0 0 0 0 0 0 0 0 0 0 0 0 0 0 0 0 0 0 0 0 0 0 0 0 0 0 0 0 0 0 0 0 0 0 0 0 0 0 0 0 0 0 0 0 0 0 0 0 0 0 0 0 0 0 0 0 0 0 0 0 0 0 0 0 0 0 0 0 0 0 0 0 0 0 0 0 0 0 0 0 0 0 0 0 0 0 0 0 0 0 0 0 0 0 0 0 0 0 0 0 0 0 0 0 0 0 0 0 0 0 0 0 0 0 0 0 0 0 0 0 0 0 0 0 0 0 0 0 0 0 0 0 0 0 0 0 0 0 0 0 0 0 0 0 0 0 0 0 0 0 0 0 0 0 0 0 0 0 0 0 0 0 0 0 0 0 0 0 0 0 0 0 0 0 0 0 0 0 0 0 0 0 0 0 0 0 0 0 0 0 0 0 0 0 0 0 0 0 0 0 0 0 0 0 0 0 0 0 0 0 0 0 0 0 0 0 0 0 0 0 0 0 0 0 0 0 0 0 0 0 0 0 0 0 0 0 0 0 0 0 0 0 0 0 0 0 0 0 0 0 0 0 0 0 0 0 0 0 0 0 0 0 0 0 0 0 0 0 0 0 0 0 0 0 0 0 0 0 0 0 0 0 0 0 0 0 0 0 0 0 0 0 0 0 0 0 0 0 0 0 0 0 0 0 0 0 0 0 0 0 0 0 0 0 3 0 0 0 0 0 0 0 0 0 0 0 0 0 0 0 0 0 0 0 0 0 0 0 21 1 0 0 27 0 0 0 0 0 0 0 0 0 0 0 0 0 0 0 0 0 0 0 0 0 0 0 0 0 0 0 0 0 0 0 49 0 0 0 0 0 0 0 0 0 0 0 0 0 0 0 0 0 0 0 0 0 0 0 0 0 0 0 0 0 0 0 0 0 19 0 0 0 0 0 0 0 0 0 0 0 0 0 0 0 0 0 0 0 0 0 0 0 0 0 0 0 0 0 0 0 0 0 0 0 0 0 0 0 0 0 0 0 0 0 0 0 0 0 0 0 0 0 0 0 0 0 0 0 0 0 0 0 0 0 0 0 0 0 0 0 0 0 0 0 0 0 0 0 0 0 0 0 0 0 0 0 0 0 0 0 0 0 0 0 0 0 0 0 0 0 0 0 0 0 0 0 0 0 0 0 0 0 0 0 0 0 0 0 0 0 0 0 0 0 0 0 0 0 0 0 0 0 0 0 0 0 0 0 0 0 0 0 0 0 0 0 0 0 0 0 0 0 0 0 0 0 0 0 0 0 0 0 0 0 0 0 0 0 0 0 0 0 0 0 0 0 0 0 0 0 0 0 0 0 0 0 0 0 0 0 0 0 0 0 0 0 0 0 0 0 0 0 0 0 0 0 0 0 0 0 0 0 0 0 0 0 0 0 0 0 0 0 0 0 0 0 0 0 0 0 0 0 0 0 0 0 0 0 0 0 0 0 0 0 0 0 0 0 0 0 0 0 0 0 0 0 0 0 0 0 0 0 0 0 0 0 0 0 0 0 0 0 0 0 0 0 0 0 0 0 0 0 0 0 0 0 0 0 0 0 0 0 0 0 0 0 0 0 0 0 0 0 0 0 0 0 0 0 0 0 0 0 0 0 0 0 0 0 0 0 0 0 0 0 0 0 0 0 0 0 0 0 0 0 0 0 0 0 0 0 0 0 0 0 0 0 0 0 0 0 0 0 0 0 0 0 0 0 0 0 0 0 0 0 0 0 0 0 0 0 0 0 0 0 0 0 0 0 0 0 0 0 0 0 0 0 0 0 0 0 0 0 0 0 0 0 0 0 0 0 0 0 0 0 0 0 0 0 0 0 0 0 0 0 0 0 0 0 0 0 0 0 0 0 0 0 0 0 0 0 0 0 0 0 0 0 0 0 0 0 0 0 0 0 0 0 0 0 0 0 0 0 0 0 0 0 0 0 0 0 0 0 0 0 0 0 0 0 0 0 0 0 0 0 0 0 0 0 0 0 0 0 0 0 0 0 0 0 0 0 0 0 0 0 0 0 0 0 0 0 0 0 0 0 0 0 0 0 0 0 0 0 0 0 0 0 0 0 0 0 0 0 0 0 0 0 0 0 0 0 0 0 0 0 0 0 0 0 0 0 0 0 0 0 0 0 0 0 0 0 0 0 0 0 0 0 0 0 0 0 0 0 0 0 0 0 0 0 0 0 0 0 0 0 0 0 0 0 0 0 0 0 0 0 0 0 0 0 0 0 0 0 0 0 0 0 0 0 0 0 0 0 0 0 0 0 0 0 0 0 0 0 0 0 0 0 0 0 0 0 0 0 0 0 0 0 0 0 0 0 0 0 0 0 0 0 0 0 0 0 0 0 0 0 0 0 0 0 0 0 0 0 0 0 0 0 0 0 0 0 0 0 0 0 0 0 0 0 0 0 0 0 0 0 0 0 0 0 0 0 0 0 0 0 0 0 0 0 0 0 0 0 0 0 0 0 0 0 0 0 0 0 0 0 0 0 0 0 0 0 0 0 0 0 0 0 0 0 0 0 0 0 0 0 0 0 0 0 0 0 0 0 0 0 0 0 0 0 0 0 0 0 0 0 0 0 0 0 0 0 0 0 0 0 0 0 0 0 0 0 0 0 0 0 0 0 0 0 0 0 0 0 0 0 0 0 0 0 0 0 0 0 0 0 0 0 0 0 0 0 0 0 0 0 0 0 0 0 0 0 0 0 0 0 0 0 0 0 0 0 0 0 0 0 0 0 0 0 0 0 0 0 0 0 0 0 0 0 0 0 0 0 0 0 0 0 0 0 0 0 0 0 0 0 0 0 0 0 0 0 0 0 0 0 0 0 0 0 0 0 0 0 0 0 0 0 0 0 0 0 0 0 0 0 0 0 0 0 0 0 0 0 0 0 0 0 0 0 0 0 0 0 0 0 0 0 0 0 0 0 0 0 0 0 0 0 0 0 0 0 0 0 0 0 0 0 0 0 0 0 0 0 0 0 0 0 0 0 0 0 0 0 0 0 0 0 0 0 0 0 0 0 0 0 0 0 0 0 0 0 0 0 0 0 0 0 0 0 0 0 0 0 0 0 0 0 0 0 0 0 0 0 0 0 0 0 0 0 0 0 0 0 0 0 0 0 0 0 0 0 0 0 0 0 0 0 0 0 0 0 0 0 0 0 0 0 0 0 0 0 0 0 0 0 0 0 0 0 0 0 0 0 0 0 0 0 0 0 0 0 0 0 0 0 0 0 0 0 0 0 0 0 0 0 0 0 0 0 0 0 0 0 0 0 0 0 0 0 0 0 0 0 0 0 0 0 0 0 0 0 0 0 0 0 0 0 0 0 0 0 0 0 0 0 0 0 0 0 0 0 0 0 0 0 0 0 0 0 0 0 0 0 0 0 0 0 0 0 0 0 0 0 0 0 0 0 0 0 0 0 0 0 0 0 0 0 0 0 0 0 0 0 0 0 0 0 0 0 0 0 0 0 0 0 0 0 0 0 0 0 0 0 0 0 0 0 0 0 0 0 0 0 0 0 0 0 0 0 0 0 0 0 0 0 0 0 0 0 0 0 0 0 0 0 0 0 0 0 0 0 0 0 0 0 0 0 0 0 0 0 0 0 0 0 0 0 0 0 0 0 0 0 0 0 0 0 0 0 0 0 0 0 0 0 0 0 0 0 0 0 0 0 0 0 0 0 0 0 0 0 0 0 0 0 0 0 0 0 0 0 0 0 0 0 0 0 0 0 0 0 0 0 0 0 0 0 0 0 0 0 0 0 0 0 0 0 0 0 0 0 0 0 0 0 0 0 0 0 0 0 0 0 0 0 0 0 0 0 0 0 0 0 0 0 0 0 0 0 0 0 0 0 0 0 0 0 0 0 0 0 0 0 0 0 0 0 0 0 0 0 0 0 0 0 0 0 0 0 0 0 0 0 0 0 0 0 0 0 0 0 0 0 0 0 0 0 0 0 0 0 0 0 0 0 0 0 0 0 0 0 0 0 0 0 0 0 0 0 0 0 0 0 0 0 0 0 0 0 0 0 0 0 0 0 0 0 0 0 0 0 0 0 0 0 0 0 0 0 0 0 0 0 0 0 0 0 0 0 0 0 0 0 0 0 0 0 0 0 0 0 0 0 0 0 0 0 0 0 0 0 0 0 0 0 0 0 0 0 0 0 0 0 0 0 0 0 0 0 0 0 0 0 0 0 0 0 0 0 0 0 0 0 0 0 0 0 0 0 0 0 0 0 0 0 0 0 0 0 0 0 0 0 0 0 0 0 0 0 0 0 0 0 0 0 0 0 0 0 0 0 0 0 0 0 0 0 0 0 0 0 0 0 0 0 0 0 0 0 0 0 0 0 0 0 0 0 0 0 0 0 0 0 0 0 0 0 0 0 0 0 0 0 0 0 0 0 0 0 0 0 0 0 0 0 0 0 0 0 0 0 0 0 0 0 0 0 0 0 0 0 0 0 0 0 0 0 0 0 0 0 0 0 0 0 0 0 0 0 0 0 0 0 0 0 0 0 0 0 0 0 0 0 0 0 0 0 0 0 0 0 0 0 0 0 0 0 0 0 0 0 0 0 0 0 0 0 0 0 0 0 0 0 0 0 0 0 0 0 0 0 0 0 0 0 0 0 0 0 0 0 0 0 0 0 0 0 0 0 0 0 0 0 0 0 0 0 0 0 0 0 0 0 0 0 0 0 0 0 0 0 0 0 0 0 0 0 0 0 0 0 0 0 0 0 0 0 0 0 0 0 0 0 0 0 0 0 0 0 0 0 0 0 0 0 0 0 0 0 0 0 0 0 0 0 0 0 0 0 0 0 0 0 0 0 0 0 0 0 0 0 0 0 0 0 0 0 0 0 0 0 0 0 0 0 0 0 0 0 0 0 0 0 0 0 0 0 0 0 0 0 0 0 0 0 0 0 0 0 0 0 0 0 0 0 0 0 0 0 0 0 0 0 0 0 0 0 0 0 0 0 0 0 0 0 0 0 0 0 0 0 0 0 0 0 0 0 0 0 0 0 0 0 0 0 0 0 0 0 0 0 0 0 0 0 0 0 0 0 0 0 0 0 0 0 0 0 0 0 0 0 0 0 0 0 0 0 0 0 0 0 0 0 0 0 0 0 0 0 0 0 0 0 0 0 0 0 0 0 0 0 0 0 0 0 0 0 0 0 0 0 0 0 0 0 0 0 0 0 0 0 0 0 0 0 0 0 0 0 0 0 0 0 0 0 0 0 0 0 0 0 0 0 0 0 0 0 0 0 0 0 0 0 0 0 0 0 0 0 0 0 0 0 0 0 0 0 0 0 0 0 0 0 0 0 0 0 0 0 0 0 0 0 0 0 0 0 0 0 0 0 0 0 0 0 0 0 0 0 0 0 0 0 0 0 0 0 0 0 0 0 0 0 0 0 0 0 0 0 0 0 0 0 0 0 0 0 0 0 0 0 0 0 0 0 0 0 0 0 0 0 0 0 0 0 0 0 0 0 0 0 0 0 0 0 0 0 0 0 0 0 0 0 0 0 0 0 0 0 0 0 0 0 0 0 0 0 0 0 0 0 0 0 0 0 0 0 0 0 0 0 0 0 0 0 0 0 0 0 0 0 0 0 0 0 0 0 0 0 0 0 0 0 0 0 0 0 0 0 0 0 0 0 0 0 0 0 0 0 0 0 0 0 0 0 0 0 0 0 0 0 0 0 0 0 0 0 0 0 0 0 0 0 0 0 0 0 0 0 0 0 0 0 0 0 0 0 0 0 0 0 0 0 0 0 0 0 0 0 0 0 0 0 0 0 0 0 0 0 0 0 0 0 0 0 0 0 0 0 0 0 0 0 0 0 0 0 0 0 0 0 0 0 0 0 0 0 0 0 0 0 0 0 0 0 0 0 0 0 0 0 0 0 0 0 0 0 0 0 0 0 0 0 0 0 0 0 0 0 0 0 0 0 0 0 0 0 0 0 0 0 0 0 0 0 0 0 0 0 0 0 0 0 0 0 0 0 0 0 0 0 0 0 0 0 0 0 0 0 0 0 0 0 0 0 0 0 0 0 0 0 0 0 0 0 0 0 0 0 0 0 0 0 0 0 0 0 0 0 0 0 0 0 0 0 0 0 0 0 0 0 0 0 0 0 0 0 0 0 0 0 0 0 0 0 0 0 0 0 0 0 0 0 0 0 0 0 0 0 0 0 0 0 0 0 0 0 0 0 0 0 0 0 0 0 0 0 0 0 0 0 0 0 0 0 0 0 0 0 0 0 0 0 0 0 0 0 0 0 0 0 0 0 0 0 0 0 0 0 0 0 0 0 0 0 0 0 0 0 0 0 0 0 0 0 0 0 0 0 0 0 0 0 0 0 0 0 0 0 0 0 0 0 0 0 0 0 0 0 0 0 0 0 0 0 0 0 0 0 0 0 0 0 0 0 0 0 0 0 0 0 0 0 0 0 0 0 0 0 0 0 0 0 0 0 0 0 0 0 0 0 0 0 0 0 0 0 0 0 0 0 0 0 0 0 0 0 0 0 0 0 0 0 0 0 0 0 0 0 0 0 0 0 0 0 0 0 0 0 0 0 0 0 0 0 0 0 0 0 0 0 0 0 0 0 0 0 0 0 0 0 0 0 0 0 0 0 0 0 0 0 0 0 0 0 0 0 0 0 0 0 0 0 0 0 0 0 0 0 0 0 0 0 0 0 0 0 0 0 0 0 0 0 0 0 0 0 0 0 0 0 0 0 0 0 0 0 0 0 0 0 0 0 0 0 0 0 0 0 0 0 0 0 0 0 0 0 0 0 0 0 0 0 0 0 0 0 0 0 0 0 0 0 0 0 0 0 0 0 0 0 0 0 0 0 0 0 0 0 0 0 0 0 0 0 0 0 0 0 0 0 0 0 0 0 0 0 0 0 0 0 0 0 0 0 0 0 0 0 0 0 0 0 0 0 0 0 0 0 0 0 0 0 0 0 0 0 0 0 0 0 0 0 0 0 0 0 0 0 0 0 0 0 0 0 0 0 0 0 0 0 0 0 0 0 0 0 0 0 0 0 0 0 0 0 0 0 0 0 0 0 0 0 0 0 0 0 0 0 0 0 0 0 0 0 0 0 0 0 0 0 0 0 0 0 0 0 0 0 0 0 0 0 0 0 0 0 0 0 0 0 0 0 0 0 0 0 0 0 0 0 0 0 0 0 0 0 0 0 0 0 0 0 0 0 0 0 0 0 0 0 0 0 0 0 0 0 0 0 0 0 0 0 0 0 0 0 0 0 0 0 0 0 0 0 0 0 0 0 0 0 0 0 0 0 0 0 0 0 0 0 0 0 0 0 0 0 0 0 0 0 0 0 0 0 0 0 0 0 0 0 0 0 0 0 0 0 0 0 0 0 0 0 0 0 0 0 0 0 0 0 0 0 0 0 0 0 0 0 0 0 0 0 0 0 0 0 0 0 0 0 0 0 0 0 0 0 0 0 0 0 0 0 0 0 0 0 0 0 0 0 0 0 0 0 0 0 0 0 0 0 0 0 0 0 0 0 0 0 0 0 0 0 0 0 0 0 0 0 0 0 0 0 0 0 0 0 0 0 0 0 0 0 0 0 0 0 0 0 0 0 0 0 0 0 0 0 0 0 0 0 0 0 0 0 0 0 0 0 0 0 0 0 0 0 0 0 0 0 0 0 0 0 0 0 0 0 0 0 0 0 0 0 0 0 0 0 0 0 0 0 0 0 0 0 0 0 0 0 0 0 0 0 0 0 0 0 0 0 0 0 0 0 0 0 0 0 0 0 0 0 0 0 0 0 0 0 0 0 0 0 0 0 0 0 0 0 0 0 0 0 0 0 0 0 0 0 0 0 0 0 0 0 0 0 0 0 0 0 0 0 0 0 0 0 0 0 0 0 0 0 0 0 0 0 0 0 0 0 0 0 0 0 0 0 0 0 0 0 0 0 0 0 0 0 0 0 0 0 0 0 0 0 0 0 0 0 0 0 0 0 0 0 0 0 0 0 0 0 0 0 0 0 0 0 0 0 0 0 0 0 0 0 0 0 0 0 0 0 0 0 0 0 0 0 0 0 0 0 0 0 0 0 0 0 0 0 0 0 0 0 0 0 0 0 0 0 0 0 0 0 0 0 0 0 0 0 0 0 0 0 0 0 0 0 0 0 0 0 0 0 0 0 0 0 0 0 0 0 0 0 0 0 0 0 0 0 0 0 0 0 0 0 0 0 0 0 0 0 0 0 0 0 0 0 0 0 0 0 0 0 0 0 0 0 0 0 0 0 0 0 0 0 0 0 0 0 0 0 0 0 0 0 0 0 0 0 0 0 0 0 0 0 0 0 0 0 0 0 0 0 0 0 0 0 0 0 0 0 0 0 0 0 0 0 0 0 0 0 0 0 0 0 0 0 0 0 0 0 0 0 0 0 0 0 0 0 0 0 0 0 0 0 0 0 0 0 0 0 0 0 0 0 0 0 0 0 0 0 0 0 0 0 0 0 0 0 0 0 0 0 0 0 0 0 0 0 0 0 0 0 0 0 0 0 0 0 0 0 0 0 0 0 0 0 0 0 0 0 0 0 0 0 0 0 0 0 0 0 0 0 0 0 0 0 0 0 0 0 0 0 0 0 0 0 0 0 0 0 0 0 0 0 0 0 0 0 0 0 0 0 0 0 0 0 0 0 0 0 0 0 0 0 0 0 0 0 0 0 0 0 0 0 0 0 0 0 0 0 0 0 0 0 0 0 0 0 0 0 0 0 0 0 0 0 0 0 0 0 0 0 0 0 0 0 0 0 0 0 0 0 0 0 0 0 0 0 0 0 0 0 0 0 0 0 0 0 0 0 0 0 0 0 0 0 0 0 0 0 0 0 0 0 0 0 0 0 0 0 0 0 0 0 0 0 0 0 0 0 0 0 0 0 0 0 0 0 0 0 0 0 0 0 0 0 0 0 0 0 0 0 0 0 0 0 0 0 0 0 0 0 0 0 0 0 0 0 0 0 0 0 0 0 0 0 0 0 0 0 0 0 0 0 0 0 0 0 0 0 0 0 0 0 0 0 0 0 0 0 0 0 0 0 0 0 0 0 0 0 0 0 0 0
ctxt 4702147
btime 1613122782
processes 102142
procs_running 1
procs_blocked 0
softirq 63406495 1 36923250 1225 885721 0 0 170 2046552 0 23549576
