cpu  4991724 7 8128 2537251 149 0 594 0 0 0
cpu0 78902 0 382 38293 1 0 159 0 0 0
cpu1 77925 0 131 39698 10 0 56 0 0 0
cpu2 77996 1 132 39654 0 0 0 0 0 0
cpu3 77958 0 94 39740 0 0 1 0 0 0
cpu4 77953 0 130 39696 0 0 4 0 0 0
cpu5 77911 0 104 39773 0 0 6 0 0 0
cpu6 78472 0 377 38883 4 0 2 0 0 0
cpu7 77761 0 229 39770 2 0 29 0 0 0
cpu8 77962 0 165 39659 0 0 2 0 0 0
cpu9 77966 0 52 39768 6 0 0 0 0 0
cpu10 77957 0 208 39612 2 0 3 0 0 0
cpu11 77960 0 56 39776 0 0 1 0 0 0
cpu12 78075 0 184 39510 1 0 4 0 0 0
cpu13 77881 0 128 39763 0 0 40 0 0 0
cpu14 78029 2 102 39651 1 0 1 0 0 0
cpu15 77949 0 72 39770 0 0 0 0 0 0
cpu16 78020 0 148 39597 0 0 0 0 0 0
cpu17 77906 0 103 39778 0 0 1 0 0 0
cpu18 78065 1 120 39589 0 0 0 0 0 0
cpu19 77870 0 155 39745 1 0 1 0 0 0
cpu20 78233 0 161 39366 0 0 1 0 0 0
cpu21 77884 0 141 39763 0 0 1 0 0 0
cpu22 78018 0 131 39633 1 0 1 0 0 0
cpu23 77970 0 50 39769 0 0 0 0 0 0
cpu24 78110 0 182 39415 42 0 0 0 0 0
cpu25 77884 0 96 39798 0 0 3 0 0 0
cpu26 78100 0 170 39513 1 0 1 0 0 0
cpu27 77963 0 61 39758 0 0 1 0 0 0
cpu28 78071 0 128 39576 1 0 0 0 0 0
cpu29 77924 0 74 39779 0 0 1 0 0 0
cpu30 78002 0 118 39657 0 0 2 0 0 0
cpu31 77960 0 60 39765 0 0 0 0 0 0
cpu32 78052 0 92 39575 5 0 46 0 0 0
cpu33 77794 0 164 39797 1 0 15 0 0 0
cpu34 77990 0 69 39718 0 0 0 0 0 0
cpu35 77885 0 87 39792 3 0 7 0 0 0
cpu36 77940 0 104 39735 0 0 1 0 0 0
cpu37 77948 0 71 39763 0 0 2 0 0 0
cpu38 77964 0 79 39736 0 0 0 0 0 0
cpu39 77494 0 456 39750 0 0 82 0 0 0
cpu40 78027 0 123 39626 0 0 0 0 0 0
cpu41 77978 0 43 39759 1 0 0 0 0 0
cpu42 77945 0 120 39706 3 0 4 0 0 0
cpu43 77974 0 54 39750 0 0 0 0 0 0
cpu44 78261 0 92 39426 0 0 0 0 0 0
cpu45 77925 0 83 39755 0 0 8 0 0 0
cpu46 78087 0 127 39524 27 0 1 0 0 0
cpu47 77965 0 58 39753 0 0 1 0 0 0
cpu48 78013 0 98 39643 0 0 0 0 0 0
cpu49 77964 0 50 39758 0 0 0 0 0 0
cpu50 78134 0 129 39509 0 0 0 0 0 0
cpu51 77915 0 109 39753 0 0 0 0 0 0
cpu52 78096 0 108 39553 0 0 4 0 0 0
cpu53 77842 0 161 39754 2 0 15 0 0 0
cpu54 78040 0 114 39615 0 0 0 0 0 0
cpu55 77982 0 36 39748 1 0 0 0 0 0
cpu56 78137 0 161 39472 0 0 0 0 0 0
cpu57 77954 0 66 39747 2 0 3 0 0 0
cpu58 78106 0 130 39529 0 0 0 0 0 0
cpu59 77963 0 54 39754 0 0 1 0 0 0
cpu60 78080 0 141 39549 1 0 0 0 0 0
cpu61 77648 0 306 39755 0 0 53 0 0 0
cpu62 78018 0 92 39658 0 0 2 0 0 0
cpu63 77942 0 83 39738 0 0 4 0 0 0
intr 14805157 82 0 0 0 626 0 0 0 1 0 284 0 0 0 0 0 0 0 0 0 0 0 0 0 0 0 0 0 0 0 0 0 0 0 0 0 0 0 76 2799 2 212 0 6481 5 5439 7 0 27 0 49 0 2 0 35 902 47 1327 233 1657 486 21 266 280 0 438 5 0 3 192 25276 6283 2 496 0 1923 0 6781 4 1 1483 0 15 161 67 119 2 579 64 30 6892 8451 3 17 0 1214 0 1091 19 5600 11 3467 0 0 0 0 0 0 0 0 0 0 0 0 0 0 0 0 0 94 30222 0 0 0 0 0 0 0 0 0 0 0 0 0 0 0 0 0 0 0 0 0 0 0 0 0 0 0 0 0 0 0 0 0 0 0 0 0 0 0 0 0 0 0 0 0 0 0 0 0 0 0 0 0 0 0 0 0 0 0 0 0 0 0 0 0 0 0 0 0 0 0 0 0 0 0 22 0 0 0 0 0 0 0 0 0 0 0 0 0 0 0 0 0 0 0 0 0 0 0 0 0 0 0 0 0 0 0 0 0 0 0 0 0 0 0 0 0 0 0 0 0 0 0 0 0 0 0 0 0 0 0 0 0 0 0 0 0 0 0 0 0 0 0 0 0 0 0 0 0 0 0 0 0 0 0 0 0 0 0 0 0 0 0 0 0 0 0 0 0 0 0 0 0 0 0 0 0 0 0 0 0 0 0 0 0 0 0 0 0 0 0 0 0 0 0 0 0 0 0 0 0 0 0 0 0 0 0 0 0 0 0 0 0 0 0 0 0 0 0 0 0 0 0 0 0 0 0 0 0 0 0 0 0 0 0 0 0 0 0 0 0 0 0 0 0 0 0 0 0 0 0 0 0 0 0 0 0 0 0 0 0 0 0 0 0 0 0 0 0 0 0 0 0 0 0 0 0 0 0 0 0 0 0 0 0 0 0 0 0 0 0 0 0 0 0 0 0 0 0 0 0 0 0 0 0 0 0 0 0 0 0 0 0 0 0 0 0 0 0 0 0 0 0 0 0 0 0 0 0 0 0 0 0 0 0 0 0 0 0 0 0 0 0 0 0 0 0 0 0 0 0 0 0 0 0 0 0 0 0 0 0 0 0 0 0 0 0 0 0 0 0 0 0 0 0 0 0 0 0 0 0 0 0 0 0 0 0 0 0 0 0 0 0 0 0 0 0 0 0 0 0 0 0 0 0 0 0 0 0 0 0 0 0 0 0 0 0 0 0 0 0 0 0 0 0 0 0 0 0 0 0 0 0 0 0 0 0 0 0 0 0 0 0 0 0 0 0 0 0 0 0 0 0 0 0 0 0 0 0 0 0 0 0 0 0 0 0 0 0 0 0 0 0 0 0 0 0 0 0 0 0 0 0 0 0 0 0 0 0 0 0 0 0 0 0 0 0 0 0 0 0 0 0 0 0 0 0 0 0 0 0 0 0 0 0 0 0 0 0 0 0 0 0 0 0 0 0 0 0 0 0 0 0 0 0 0 0 0 0 0 0 0 0 0 0 0 0 0 0 0 0 0 0 0 0 0 0 0 0 0 0 0 0 0 0 0 0 0 0 0 0 0 0 0 0 0 0 0 0 0 0 0 0 0 0 0 0 0 0 0 0 0 0 0 0 0 0 0 0 0 0 0 0 0 0 0 0 0 0 0 0 0 0 0 0 0 0 0 0 0 0 0 0 0 0 0 0 0 0 0 0 0 0 0 0 0 0 0 0 0 0 0 0 0 0 0 0 0 0 0 0 0 0 0 0 0 0 0 0 0 0 0 0 0 0 0 0 0 0 0 0 0 0 0 0 0 0 0 0 0 0 0 0 0 0 0 0 0 0 0 0 0 0 0 0 0 0 0 0 0 0 0 0 0 0 0 0 0 0 0 0 0 0 0 0 0 0 0 0 0 0 0 0 0 0 0 0 0 0 0 0 0 0 0 0 0 0 0 0 0 0 0 0 0 0 0 0 0 0 0 0 0 0 0 0 0 0 0 0 0 0 0 0 0 0 0 0 0 0 0 0 0 0 0 0 0 0 0 0 0 0 0 0 0 0 0 0 0 0 0 0 0 0 0 0 0 0 0 0 0 0 0 0 0 0 0 0 0 0 0 0 0 0 0 0 0 0 0 0 0 0 0 0 0 0 0 0 0 0 0 0 0 0 0 0 0 0 0 0 0 0 0 0 0 0 0 0 0 0 0 0 0 0 0 0 0 0 0 0 0 0 0 0 0 0 0 0 0 0 0 0 0 0 0 0 0 0 0 0 0 0 0 0 0 0 0 0 0 0 0 0 0 0 0 0 0 0 0 0 0 0 0 0 0 0 0 0 0 0 0 0 0 0 0 0 0 0 0 0 0 0 0 0 0 0 0 0 0 0 0 0 0 0 0 0 0 0 0 0 0 0 0 0 0 0 0 0 0 0 0 0 0 0 0 0 0 0 0 0 0 0 0 0 0 0 0 0 0 0 0 0 0 0 0 0 0 0 0 0 0 0 0 0 0 0 0 0 0 0 0 0 0 0 0 0 0 0 0 0 0 0 0 0 0 0 0 0 0 0 0 0 0 0 0 0 0 0 0 0 0 0 0 0 0 0 0 0 0 0 0 0 0 0 0 0 0 0 0 0 0 0 0 0 0 0 0 0 0 0 0 0 0 0 0 0 0 0 0 0 0 0 0 0 0 0 0 0 0 0 0 0 0 0 0 0 0 0 0 0 0 0 0 0 0 0 0 0 0 0 0 0 0 0 0 0 0 0 0 0 0 0 0 0 0 0 0 0 0 0 0 0 0 0 0 0 0 0 0 0 0 0 0 0 0 0 0 0 0 0 0 0 0 0 0 0 0 0 0 0 0 0 0 0 0 0 0 0 0 0 0 0 0 0 0 0 0 0 0 0 0 0 0 0 0 0 0 0 0 0 0 0 0 0 0 0 0 0 0 0 0 0 0 0 0 0 0 0 0 0 0 0 0 0 0 0 0 0 0 0 0 0 0 0 0 0 0 0 0 0 0 0 0 0 0 0 0 0 0 0 0 0 0 0 0 0 0 0 0 0 0 0 0 0 0 0 0 0 0 0 0 0 0 0 0 0 0 0 0 0 0 0 0 0 0 0 0 0 0 0 0 0 0 0 0 0 0 0 0 0 0 0 0 0 0 0 0 0 0 0 0 0 0 0 0 0 0 0 0 0 0 0 0 0 0 0 0 0 0 0 0 0 0 0 0 0 0 0 0 0 0 0 0 0 0 0 0 0 0 0 0 0 0 0 0 0 0 0 0 0 0 0 0 0 0 0 0 0 0 0 0 0 0 0 0 0 0 0 0 0 0 0 0 0 0 0 0 0 0 0 0 0 0 0 0 0 0 0 0 0 0 0 0 0 0 0 0 0 0 0 0 0 0 0 0 0 0 0 0 0 0 0 0 0 0 0 0 0 0 0 0 0 0 0 0 0 0 0 0 0 0 0 0 0 0 0 0 0 0 0 0 0 0 0 0 0 0 0 0 0 0 0 0 0 0 0 0 0 0 0 0 0 0 0 0 0 0 0 0 0 0 0 0 0 0 0 0 0 0 0 0 0 0 0 0 0 0 0 0 0 0 0 0 0 0 0 0 0 0 0 0 0 0 0 0 0 0 0 0 0 0 0 0 0 0 0 0 0 0 0 0 0 0 0 0 0 0 0 0 0 0 0 0 0 0 0 0 0 0 0 0 0 0 0 0 0 0 0 0 0 0 0 0 0 0 0 0 0 0 0 0 0 0 0 0 0 0 0 0 0 0 0 0 0 0 0 0 0 0 0 0 0 0 0 0 0 0 0 0 0 0 0 0 0 0 0 0 0 0 0 0 0 0 0 0 0 0 0 0 0 0 0 0 0 0 0 0 0 0 0 0 0 0 0 0 0 0 0 0 0 0 0 0 0 0 0 0 0 0 0 0 0 0 0 0 0 0 0 0 0 0 0 0 0 0 0 0 0 0 0 0 0 0 0 0 0 0 0 0 0 0 0 0 0 0 0 0 0 0 0 0 0 0 0 0 0 0 0 0 0 0 0 0 0 0 0 0 0 0 0 0 0 0 0 0 0 0 0 0 0 0 0 0 0 0 0 0 0 0 0 0 0 0 0 0 0 0 0 0 0 0 0 0 0 0 0 0 0 0 0 0 0 0 0 0 0 0 0 0 0 0 0 0 0 0 0 0 0 0 0 0 0 0 0 0 0 0 0 0 0 0 0 0 0 0 0 0 0 0 0 0 0 0 0 0 0 0 0 0 0 0 0 0 0 0 0 0 0 0 0 0 0 0 0 0 0 0 0 0 0 0 0 0 0 0 0 0 0 0 0 0 0 0 0 0 0 0 0 0 0 0 0 0 0 0 0 0 0 0 0 0 0 0 0 0 0 0 0 0 0 0 0 0 0 0 0 0 0 0 0 0 0 0 0 0 0 0 0 0 0 0 0 0 0 0 0 0 0 0 0 0 0 0 0 0 0 0 0 0 0 0 0 0 0 0 0 0 0 0 0 0 0 0 0 0 0 0 0 0 0 0 0 0 0 0 0 0 0 0 0 0 0 0 0 0 0 0 0 0 0 0 0 0 0 0 0 0 0 0 0 0 0 0 0 0 0 0 0 0 0 0 0 0 0 0 0 0 0 0 0 0 0 0 0 0 0 0 0 0 0 0 0 0 0 0 0 0 0 0 0 0 0 0 0 0 0 0 0 0 0 0 0 0 0 0 0 0 0 0 0 0 0 0 0 0 0 0 0 0 0 0 0 0 0 0 0 0 0 0 0 0 0 0 0 0 0 0 0 0 0 0 0 0 0 0 0 0 0 0 0 0 0 0 0 0 0 0 0 0 0 0 0 0 0 0 0 0 0 0 0 0 0 0 0 0 0 0 0 0 0 0 0 0 0 0 0 0 0 0 0 0 0 0 0 0 0 0 0 0 0 0 0 0 0 0 0 0 0 0 0 0 0 0 0 0 0 0 0 0 0 0 0 0 0 0 0 0 0 0 0 0 0 0 0 0 0 0 0 0 0 0 0 0 0 0 0 0 0 0 0 0 0 0 0 0 0 0 0 0 0 0 0 0 0 0 0 0 0 0 0 0 0 0 0 0 0 0 0 0 0 0 0 0 0 0 0 0 0 0 0 0 0 0 0 0 0 0 0 0 0 0 0 0 0 0 0
ctxt 2882521
btime 1613144793
processes 69705
procs_running 1
procs_blocked 0
softirq 16813752 1 9767359 431 539050 0 0 141 603187 0 5903583
