cpu  1450502 4 3651 6652530 420 0 391 0 0 0
cpu0 40233 0 220 184543 1 0 142 0 0 0
cpu1 40266 0 77 184859 1 0 96 0 0 0
cpu2 40332 0 75 184804 0 0 23 0 0 0
cpu3 40295 0 171 184713 4 0 8 0 0 0
cpu4 40285 0 167 184741 2 0 8 0 0 0
cpu5 40298 0 127 184763 14 0 1 0 0 0
cpu6 40240 0 120 184837 2 0 5 0 0 0
cpu7 40300 0 82 184832 4 0 0 0 0 0
cpu8 40255 0 91 184861 1 0 0 0 0 0
cpu9 40268 0 91 184855 1 0 2 0 0 0
cpu10 40249 0 104 184851 4 0 0 0 0 0
cpu11 40254 0 66 184894 2 0 1 0 0 0
cpu12 40243 0 60 184897 4 0 0 0 0 0
cpu13 40550 0 112 184501 48 0 0 0 0 0
cpu14 40213 0 126 184858 4 0 2 0 0 0
cpu15 40251 0 75 184885 5 0 0 0 0 0
cpu16 40294 0 72 184839 1 0 1 0 0 0
cpu17 40296 0 83 184814 5 0 1 0 0 0
cpu18 40266 0 82 184854 4 0 0 0 0 0
cpu19 40190 0 137 184862 1 0 17 0 0 0
cpu20 40288 0 77 184830 3 0 2 0 0 0
cpu21 40278 0 67 184853 9 0 0 0 0 0
cpu22 40218 0 124 184853 12 0 4 0 0 0
cpu23 40278 0 87 184838 2 0 0 0 0 0
cpu24 40255 0 132 184745 12 0 46 0 0 0
cpu25 40277 0 87 184843 3 0 0 0 0 0
cpu26 40282 0 88 184826 7 0 0 0 0 0
cpu27 40299 0 75 184836 0 0 0 0 0 0
cpu28 40722 0 150 184232 81 0 0 0 0 0
cpu29 40322 0 70 184781 33 0 0 0 0 0
cpu30 40365 0 74 184690 54 0 0 0 0 0
cpu31 40348 3 97 184713 40 0 0 0 0 0
cpu32 40179 0 168 184837 6 0 20 0 0 0
cpu33 40279 0 65 184845 12 0 0 0 0 0
cpu34 40271 0 60 184853 15 0 0 0 0 0
cpu35 40249 0 77 184876 1 0 0 0 0 0
intr 4346093 56 0 0 0 610 0 0 0 1 0 275 0 0 0 0 0 0 0 0 0 0 0 0 0 0 0 0 0 0 0 0 0 94 190 65 18 196 323 597 122 186 54 86 228 138 232 1443 435 279 97 339 191 118 151 1241 3734 0 0 0 0 203 1079 257 331 27 10036 3397 3973 1767 477 348 219 127 0 16 8667 1 0 4465 30 30 2 1 3 42 61 1 1561 6 483 3 43 3035 780 8 278 294 94 5304 1 2220 591 15575 1 1 3 9 38 5 65 2397 3 38 273 0 16 7625 1 0 0 0 0 0 0 0 0 0 0 0 0 0 0 0 0 0 0 0 0 0 0 0 0 0 0 0 0 0 0 0 0 0 0 0 0 0 24 0 0 0 0 0 0 0 0 0 0 0 0 0 0 0 0 0 0 0 0 0 0 0 0 0 0 0 0 0 0 0 0 0 0 0 0 0 0 0 0 0 0 0 0 0 0 0 0 0 0 0 0 0 0 0 0 0 0 0 0 0 0 0 0 0 0 0 0 0 0 0 0 0 0 0 0 0 0 0 0 0 0 0 0 0 0 0 0 0 0 0 0 0 0 0 0 0 0 0 0 0 0 0 0 0 0 0 0 0 0 0 0 0 0 0 0 0 0 0 0 0 0 0 0 0 0 0 0 0 0 0 0 0 0 0 0 0 0 0 0 0 0 0 0 0 0 0 0 0 0 0 0 0 0 0 0 0 0 0 0 0 0 0 0 0 0 0 0 0 0 0 0 0 0 0 0 0 0 0 0 0 0 0 0 0 0 0 0 0 0 0 0 0 0 0 0 0 0 0 0 0 0 0 0 0 0 0 0 0 0 0 0 0 0 0 0 0 0 0 0 0 0 0 0 0 0 0 0 0 0 0 0 0 0 0 0 0 0 0 0 0 0 0 0 0 0 0 0 0 0 0 0 0 0 0 0 0 0 0 0 0 0 0 0 0 0 0 0 0 0 0 0 0 0 0 0 0 0 0 0 0 0 0 0 0 0 0 0 0 0 0 0 0 0 0 0 0 0 0 0 0 0 0 0 0 0 0 0 0 0 0 0 0 0 0 0 0 0 0 0 0 0 0 0 0 0 0 0 0 0 0 0 0 0 0 0 0 0 0 0 0 0 0 0 0 0 0 0 0 0 0 0 0 0 0 0 0 0 0 0 0 0 0 0 0 0 0 0 0 0 0 0 0 0 0 0 0 0 0 0 0 0 0 0 0 0 0 0 0 0 0 0 0 0 0 0 0 0 0 0 0 0 0 0 0 0 0 0 0 0 0 0 0 0 0 0 0 0 0 0 0 0 0 0 0 0 0 0 0 0 0 0 0 0 0 0 0 0 0 0 0 0 0 0 0 0 0 0 0 0 0 0 0 0 0 0 0 0 0 0 0 0 0 0 0 0 0 0 0 0 0 0 0 0 0 0 0 0 0 0 0 0 0 0 0 0 0 0 0 0 0 0 0 0 0 0 0 0 0 0 0 0 0 0 0 0 0 0 0 0 0 0 0 0 0 0 0 0 0 0 0 0 0 0 0 0 0 0 0 0 0 0 0 0 0 0 0 0 0 0 0 0 0 0 0 0 0 0 0 0 0 0 0 0 0 0 0 0 0 0 0 0 0 0 0 0 0 0 0 0 0 0 0 0 0 0 0 0 0 0 0 0 0 0 0 0 0 0 0 0 0 0 0 0 0 0 0 0 0 0 0 0 0 0 0 0 0 0 0 0 0 0 0 0 0 0 0 0 0 0 0 0 0 0 0 0 0 0 0 0 0 0 0 0 0 0 0 0 0 0 0 0 0 0 0 0 0 0 0 0 0 0 0 0 0 0 0 0 0 0 0 0 0 0 0 0 0 0 0 0 0 0 0 0 0 0 0 0 0 0 0 0 0 0 0 0 0 0 0 0 0 0 0 0 0 0 0 0 0 0 0 0 0 0 0 0 0 0 0 0 0 0 0 0 0 0 0 0 0 0 0 0 0 0 0 0 0 0 0 0 0 0 0 0 0 0 0 0 0 0 0 0 0 0 0 0 0 0 0 0 0 0 0 0 0 0 0 0 0 0 0 0 0 0 0 0 0 0 0 0 0 0 0 0 0 0 0 0 0 0 0 0 0 0 0 0 0 0 0 0 0 0 0 0 0 0 0 0 0 0 0 0 0 0 0 0 0 0 0 0 0 0 0 0 0 0 0 0 0 0 0 0 0 0 0 0 0 0 0 0 0 0 0 0 0 0 0 0 0 0 0 0 0 0 0 0 0 0 0 0 0 0 0 0 0 0 0 0 0 0 0 0 0 0 0 0 0 0 0 0 0 0 0 0 0 0 0 0 0 0 0 0 0 0 0 0 0 0 0 0 0 0 0 0 0 0 0 0 0 0 0 0 0 0 0 0 0 0 0 0 0 0 0 0 0 0 0 0 0 0 0 0 0 0 0 0 0 0 0 0 0 0 0 0 0 0 0 0 0 0 0 0 0 0 0 0 0 0 0 0 0 0 0 0 0 0 0 0 0 0 0 0 0 0 0 0 0 0 0 0 0 0 0 0 0 0 0 0 0 0 0 0 0 0 0 0 0 0 0 0 0 0 0 0 0 0 0 0 0 0 0 0 0 0 0 0 0 0 0 0 0 0 0 0 0 0 0 0 0 0 0 0 0 0 0 0 0 0 0 0 0 0 0 0 0 0 0 0 0 0 0 0 0 0 0 0 0 0 0 0 0 0 0 0 0 0 0 0 0 0 0 0 0 0 0 0 0 0 0 0 0 0 0 0 0 0 0 0 0 0 0 0 0 0 0 0 0 0 0 0 0 0 0 0 0 0 0 0 0 0
ctxt 1570960
btime 1613124388
processes 35580
procs_running 1
procs_blocked 0
softirq 5834507 1 3392732 212 247577 0 0 36002 250093 0 1907890
