cpu  4405446 4 6386 6713940 420 0 673 0 0 0
cpu0 122263 0 312 186281 1 0 180 0 0 0
cpu1 122335 0 128 186608 1 0 98 0 0 0
cpu2 122360 0 171 186550 0 0 24 0 0 0
cpu3 122331 0 259 186460 4 0 8 0 0 0
cpu4 122302 0 268 186490 2 0 12 0 0 0
cpu5 122318 0 232 186508 14 0 2 0 0 0
cpu6 122306 0 210 186550 2 0 6 0 0 0
cpu7 122342 0 165 186578 4 0 0 0 0 0
cpu8 122803 0 182 186092 1 0 0 0 0 0
cpu9 122380 0 195 186504 1 0 4 0 0 0
cpu10 122344 0 136 186595 4 0 0 0 0 0
cpu11 122389 0 119 186574 2 0 3 0 0 0
cpu12 122240 0 182 186645 4 0 6 0 0 0
cpu13 122598 0 187 186248 48 0 1 0 0 0
cpu14 122171 0 266 186605 4 0 25 0 0 0
cpu15 122272 0 170 186633 5 0 6 0 0 0
cpu16 122186 0 274 186579 1 0 37 0 0 0
cpu17 122412 0 158 186493 5 0 2 0 0 0
cpu18 122383 0 157 186530 4 0 3 0 0 0
cpu19 122277 0 173 186609 1 0 17 0 0 0
cpu20 122382 0 103 186580 3 0 3 0 0 0
cpu21 122345 0 122 186603 9 0 0 0 0 0
cpu22 122270 0 193 186603 12 0 6 0 0 0
cpu23 122379 0 107 186587 2 0 0 0 0 0
cpu24 122139 0 254 186491 12 0 166 0 0 0
cpu25 122372 0 116 186590 3 0 0 0 0 0
cpu26 122354 0 142 186571 7 0 0 0 0 0
cpu27 122768 0 187 186125 0 0 2 0 0 0
cpu28 122856 0 191 185924 81 0 0 0 0 0
cpu29 122397 0 116 186530 33 0 2 0 0 0
cpu30 122510 0 129 186358 54 0 1 0 0 0
cpu31 122451 3 117 186459 40 0 1 0 0 0
cpu32 122169 0 297 186571 6 0 39 0 0 0
cpu33 122342 0 130 186586 12 0 3 0 0 0
cpu34 122356 0 95 186603 15 0 1 0 0 0
cpu35 122330 0 131 186610 1 0 0 0 0 0
intr 12510253 56 0 0 0 610 0 0 0 1 0 275 0 0 0 0 0 0 0 0 0 0 0 0 0 0 0 0 0 0 0 0 0 94 247 65 18 196 323 609 125 186 58 86 228 138 255 1443 453 279 134 339 191 118 151 1241 3734 0 0 0 0 203 1212 262 364 35 10036 3397 3976 1767 545 714 219 129 0 16 9133 1 0 6228 47 157 532 661 8 104 152 1 2415 92 807 2202 70 4222 780 2611 278 887 94 5304 259 2764 721 44065 3 32 811 36 751 302 132 4905 658 237 409 0 16 7673 1 0 0 0 0 0 0 0 0 0 0 0 0 0 0 0 0 0 0 0 0 0 0 0 0 0 0 0 0 0 0 0 0 0 0 0 0 0 24 0 0 0 0 0 0 0 0 0 0 0 0 0 0 0 0 0 0 0 0 0 0 0 0 0 0 0 0 0 0 0 0 0 0 0 0 0 0 0 0 0 0 0 0 0 0 0 0 0 0 0 0 0 0 0 0 0 0 0 0 0 0 0 0 0 0 0 0 0 0 0 0 0 0 0 0 0 0 0 0 0 0 0 0 0 0 0 0 0 0 0 0 0 0 0 0 0 0 0 0 0 0 0 0 0 0 0 0 0 0 0 0 0 0 0 0 0 0 0 0 0 0 0 0 0 0 0 0 0 0 0 0 0 0 0 0 0 0 0 0 0 0 0 0 0 0 0 0 0 0 0 0 0 0 0 0 0 0 0 0 0 0 0 0 0 0 0 0 0 0 0 0 0 0 0 0 0 0 0 0 0 0 0 0 0 0 0 0 0 0 0 0 0 0 0 0 0 0 0 0 0 0 0 0 0 0 0 0 0 0 0 0 0 0 0 0 0 0 0 0 0 0 0 0 0 0 0 0 0 0 0 0 0 0 0 0 0 0 0 0 0 0 0 0 0 0 0 0 0 0 0 0 0 0 0 0 0 0 0 0 0 0 0 0 0 0 0 0 0 0 0 0 0 0 0 0 0 0 0 0 0 0 0 0 0 0 0 0 0 0 0 0 0 0 0 0 0 0 0 0 0 0 0 0 0 0 0 0 0 0 0 0 0 0 0 0 0 0 0 0 0 0 0 0 0 0 0 0 0 0 0 0 0 0 0 0 0 0 0 0 0 0 0 0 0 0 0 0 0 0 0 0 0 0 0 0 0 0 0 0 0 0 0 0 0 0 0 0 0 0 0 0 0 0 0 0 0 0 0 0 0 0 0 0 0 0 0 0 0 0 0 0 0 0 0 0 0 0 0 0 0 0 0 0 0 0 0 0 0 0 0 0 0 0 0 0 0 0 0 0 0 0 0 0 0 0 0 0 0 0 0 0 0 0 0 0 0 0 0 0 0 0 0 0 0 0 0 0 0 0 0 0 0 0 0 0 0 0 0 0 0 0 0 0 0 0 0 0 0 0 0 0 0 0 0 0 0 0 0 0 0 0 0 0 0 0 0 0 0 0 0 0 0 0 0 0 0 0 0 0 0 0 0 0 0 0 0 0 0 0 0 0 0 0 0 0 0 0 0 0 0 0 0 0 0 0 0 0 0 0 0 0 0 0 0 0 0 0 0 0 0 0 0 0 0 0 0 0 0 0 0 0 0 0 0 0 0 0 0 0 0 0 0 0 0 0 0 0 0 0 0 0 0 0 0 0 0 0 0 0 0 0 0 0 0 0 0 0 0 0 0 0 0 0 0 0 0 0 0 0 0 0 0 0 0 0 0 0 0 0 0 0 0 0 0 0 0 0 0 0 0 0 0 0 0 0 0 0 0 0 0 0 0 0 0 0 0 0 0 0 0 0 0 0 0 0 0 0 0 0 0 0 0 0 0 0 0 0 0 0 0 0 0 0 0 0 0 0 0 0 0 0 0 0 0 0 0 0 0 0 0 0 0 0 0 0 0 0 0 0 0 0 0 0 0 0 0 0 0 0 0 0 0 0 0 0 0 0 0 0 0 0 0 0 0 0 0 0 0 0 0 0 0 0 0 0 0 0 0 0 0 0 0 0 0 0 0 0 0 0 0 0 0 0 0 0 0 0 0 0 0 0 0 0 0 0 0 0 0 0 0 0 0 0 0 0 0 0 0 0 0 0 0 0 0 0 0 0 0 0 0 0 0 0 0 0 0 0 0 0 0 0 0 0 0 0 0 0 0 0 0 0 0 0 0 0 0 0 0 0 0 0 0 0 0 0 0 0 0 0 0 0 0 0 0 0 0 0 0 0 0 0 0 0 0 0 0 0 0 0 0 0 0 0 0 0 0 0 0 0 0 0 0 0 0 0 0 0 0 0 0 0 0 0 0 0 0 0 0 0 0 0 0 0 0 0 0 0 0 0 0 0 0 0 0 0 0 0 0 0 0 0 0 0 0 0 0 0 0 0 0 0 0 0 0 0 0 0 0 0 0 0 0 0 0 0 0 0 0 0 0 0 0 0 0 0 0 0 0 0 0 0 0 0 0 0 0 0 0 0 0 0 0 0 0 0 0 0 0 0 0 0 0 0 0 0 0 0 0 0 0 0 0 0 0 0 0 0 0 0 0 0 0 0 0 0 0 0 0 0 0 0 0 0 0 0 0 0 0 0 0 0 0 0 0 0 0 0 0 0 0 0 0 0 0 0 0 0 0 0 0 0 0 0 0 0 0 0 0 0 0 0 0 0 0 0 0 0 0 0 0 0 0 0 0 0 0 0 0 0 0 0 0 0 0 0 0 0 0 0 0 0 0 0 0 0 0 0 0 0 0 0 0 0 0 0 0 0 0 0 0 0 0 0 0 0 0 0 0 0 0 0 0 0 0 0 0 0 0 0 0 0 0 0 0 0 0 0 0 0
ctxt 3909464
btime 1613124388
processes 96470
procs_running 1
procs_blocked 0
softirq 16604994 1 9597426 292 713343 0 0 81951 516524 0 5695457
