cpu  3897236 6 7297 2012670 145 0 404 0 0 0
cpu0 60922 0 290 31048 0 0 119 0 0 0
cpu1 60808 0 128 31503 11 0 18 0 0 0
cpu2 60846 0 229 31317 0 0 39 0 0 0
cpu3 60877 0 42 31563 0 0 0 0 0 0
cpu4 60877 0 168 31420 0 0 3 0 0 0
cpu5 60879 0 43 31555 1 0 0 0 0 0
cpu6 61028 0 182 31256 0 0 1 0 0 0
cpu7 60460 0 414 31551 1 0 54 0 0 0
cpu8 60988 0 176 31306 1 0 2 0 0 0
cpu9 60631 0 248 31562 0 0 38 0 0 0
cpu10 60981 0 124 31373 1 0 0 0 0 0
cpu11 60882 0 28 31564 4 0 0 0 0 0
cpu12 60937 0 92 31445 0 0 0 0 0 0
cpu13 60877 0 41 31560 0 0 0 0 0 0
cpu14 61150 0 118 31204 0 0 3 0 0 0
cpu15 60884 0 34 31557 0 0 0 0 0 0
cpu16 61412 2 238 30804 7 0 0 0 0 0
cpu17 60882 0 34 31561 0 0 0 0 0 0
cpu18 60849 0 160 31460 0 0 0 0 0 0
cpu19 60882 0 40 31552 0 0 0 0 0 0
cpu20 61094 0 163 31082 80 0 6 0 0 0
cpu21 60860 0 55 31556 0 0 1 0 0 0
cpu22 60769 0 176 31527 2 0 3 0 0 0
cpu23 60820 0 94 31552 0 0 6 0 0 0
cpu24 60830 0 202 31427 4 0 3 0 0 0
cpu25 60879 0 38 31553 2 0 0 0 0 0
cpu26 60824 0 154 31487 0 0 4 0 0 0
cpu27 60880 0 34 31558 0 0 0 0 0 0
cpu28 60837 0 116 31515 0 0 1 0 0 0
cpu29 60878 0 38 31557 0 0 0 0 0 0
cpu30 60942 0 166 31348 2 0 2 0 0 0
cpu31 60878 0 47 31547 0 0 0 0 0 0
cpu32 61025 0 172 31257 0 0 0 0 0 0
cpu33 60755 0 160 31549 0 0 6 0 0 0
cpu34 60912 0 174 31342 0 0 0 0 0 0
cpu35 60884 0 38 31545 0 0 0 0 0 0
cpu36 60918 0 177 31362 0 0 0 0 0 0
cpu37 60880 0 33 31554 0 0 0 0 0 0
cpu38 61032 0 190 31229 0 0 0 0 0 0
cpu39 60596 0 288 31550 0 0 33 0 0 0
cpu40 60992 0 179 31285 1 0 0 0 0 0
cpu41 60856 0 60 31549 0 0 1 0 0 0
cpu42 60953 0 133 31385 0 0 0 0 0 0
cpu43 60883 0 44 31532 0 0 0 0 0 0
cpu44 60944 1 88 31426 0 0 1 0 0 0
cpu45 60756 0 143 31541 0 0 25 0 0 0
cpu46 61121 0 94 31243 0 0 0 0 0 0
cpu47 60880 0 38 31539 0 0 0 0 0 0
cpu48 60882 0 63 31518 0 0 0 0 0 0
cpu49 60878 0 31 31557 0 0 0 0 0 0
cpu50 60915 0 100 31441 0 0 0 0 0 0
cpu51 60880 0 37 31545 0 0 0 0 0 0
cpu52 61130 0 122 31196 2 0 0 0 0 0
cpu53 60856 0 54 31548 0 0 4 0 0 0
cpu54 60852 0 105 31496 0 0 1 0 0 0
cpu55 60804 0 102 31542 0 0 8 0 0 0
cpu56 60886 0 102 31475 0 0 0 0 0 0
cpu57 60878 0 37 31537 7 0 0 0 0 0
cpu58 60868 0 72 31519 0 0 1 0 0 0
cpu59 60875 0 38 31545 0 0 0 0 0 0
cpu60 60876 0 72 31511 0 0 1 0 0 0
cpu61 60880 0 46 31532 0 0 0 0 0 0
cpu62 60942 0 116 31389 0 0 0 0 0 0
cpu63 60877 0 50 31529 0 0 0 0 0 0
intr 11487130 83 0 0 0 612 0 0 0 1 0 285 0 0 0 0 0 0 0 0 0 0 0 0 0 0 0 0 0 0 0 0 0 0 0 0 0 0 0 5 954 21459 0 30 0 1 6419 0 12358 1196 0 2 0 1077 0 17 0 2 0 2806 747 20 4261 3 3 2 235 1 17 4 743 5 7351 0 65 1 0 0 3711 49 0 0 0 104 0 4 0 6 0 0 0 51 1906 3009 5114 4 0 880 252 2522 0 2 214 0 0 0 0 0 0 0 0 0 0 0 0 0 0 0 0 0 30920 94 0 0 0 0 0 0 0 0 0 0 0 0 0 0 0 0 0 0 0 0 0 0 0 0 0 0 0 0 0 0 0 0 0 0 0 0 0 0 0 0 0 0 0 0 0 0 0 0 0 0 0 0 0 0 0 0 0 0 0 0 0 0 0 0 0 0 0 0 0 0 0 0 0 0 0 20 0 0 0 0 0 0 0 0 0 0 0 0 0 0 0 0 0 0 0 0 0 0 0 0 0 0 0 0 0 0 0 0 0 0 0 0 0 0 0 0 0 0 0 0 0 0 0 0 0 0 0 0 0 0 0 0 0 0 0 0 0 0 0 0 0 0 0 0 0 0 0 0 0 0 0 0 0 0 0 0 0 0 0 0 0 0 0 0 0 0 0 0 0 0 0 0 0 0 0 0 0 0 0 0 0 0 0 0 0 0 0 0 0 0 0 0 0 0 0 0 0 0 0 0 0 0 0 0 0 0 0 0 0 0 0 0 0 0 0 0 0 0 0 0 0 0 0 0 0 0 0 0 0 0 0 0 0 0 0 0 0 0 0 0 0 0 0 0 0 0 0 0 0 0 0 0 0 0 0 0 0 0 0 0 0 0 0 0 0 0 0 0 0 0 0 0 0 0 0 0 0 0 0 0 0 0 0 0 0 0 0 0 0 0 0 0 0 0 0 0 0 0 0 0 0 0 0 0 0 0 0 0 0 0 0 0 0 0 0 0 0 0 0 0 0 0 0 0 0 0 0 0 0 0 0 0 0 0 0 0 0 0 0 0 0 0 0 0 0 0 0 0 0 0 0 0 0 0 0 0 0 0 0 0 0 0 0 0 0 0 0 0 0 0 0 0 0 0 0 0 0 0 0 0 0 0 0 0 0 0 0 0 0 0 0 0 0 0 0 0 0 0 0 0 0 0 0 0 0 0 0 0 0 0 0 0 0 0 0 0 0 0 0 0 0 0 0 0 0 0 0 0 0 0 0 0 0 0 0 0 0 0 0 0 0 0 0 0 0 0 0 0 0 0 0 0 0 0 0 0 0 0 0 0 0 0 0 0 0 0 0 0 0 0 0 0 0 0 0 0 0 0 0 0 0 0 0 0 0 0 0 0 0 0 0 0 0 0 0 0 0 0 0 0 0 0 0 0 0 0 0 0 0 0 0 0 0 0 0 0 0 0 0 0 0 0 0 0 0 0 0 0 0 0 0 0 0 0 0 0 0 0 0 0 0 0 0 0 0 0 0 0 0 0 0 0 0 0 0 0 0 0 0 0 0 0 0 0 0 0 0 0 0 0 0 0 0 0 0 0 0 0 0 0 0 0 0 0 0 0 0 0 0 0 0 0 0 0 0 0 0 0 0 0 0 0 0 0 0 0 0 0 0 0 0 0 0 0 0 0 0 0 0 0 0 0 0 0 0 0 0 0 0 0 0 0 0 0 0 0 0 0 0 0 0 0 0 0 0 0 0 0 0 0 0 0 0 0 0 0 0 0 0 0 0 0 0 0 0 0 0 0 0 0 0 0 0 0 0 0 0 0 0 0 0 0 0 0 0 0 0 0 0 0 0 0 0 0 0 0 0 0 0 0 0 0 0 0 0 0 0 0 0 0 0 0 0 0 0 0 0 0 0 0 0 0 0 0 0 0 0 0 0 0 0 0 0 0 0 0 0 0 0 0 0 0 0 0 0 0 0 0 0 0 0 0 0 0 0 0 0 0 0 0 0 0 0 0 0 0 0 0 0 0 0 0 0 0 0 0 0 0 0 0 0 0 0 0 0 0 0 0 0 0 0 0 0 0 0 0 0 0 0 0 0 0 0 0 0 0 0 0 0 0 0 0 0 0 0 0 0 0 0 0 0 0 0 0 0 0 0 0 0 0 0 0 0 0 0 0 0 0 0 0 0 0 0 0 0 0 0 0 0 0 0 0 0 0 0 0 0 0 0 0 0 0 0 0 0 0 0 0 0 0 0 0 0 0 0 0 0 0 0 0 0 0 0 0 0 0 0 0 0 0 0 0 0 0 0 0 0 0 0 0 0 0 0 0 0 0 0 0 0 0 0 0 0 0 0 0 0 0 0 0 0 0 0 0 0 0 0 0 0 0 0 0 0 0 0 0 0 0 0 0 0 0 0 0 0 0 0 0 0 0 0 0 0 0 0 0 0 0 0 0 0 0 0 0 0 0 0 0 0 0 0 0 0 0 0 0 0 0 0 0 0 0 0 0 0 0 0 0 0 0 0 0 0 0 0 0 0 0 0 0 0 0 0 0 0 0 0 0 0 0 0 0 0 0 0 0 0 0 0 0 0 0 0 0 0 0 0 0 0 0 0 0 0 0 0 0 0 0 0 0 0 0 0 0 0 0 0 0 0 0 0 0 0 0 0 0 0 0 0 0 0 0 0 0 0 0 0 0 0 0 0 0 0 0 0 0 0 0 0 0 0 0 0 0 0 0 0 0 0 0 0 0 0 0 0 0 0 0 0 0 0 0 0 0 0 0 0 0 0 0 0 0 0 0 0 0 0 0 0 0 0 0 0 0 0 0 0 0 0 0 0 0 0 0 0 0 0 0 0 0 0 0 0 0 0 0 0 0 0 0 0 0 0 0 0 0 0 0 0 0 0 0 0 0 0 0 0 0 0 0 0 0 0 0 0 0 0 0 0 0 0 0 0 0 0 0 0 0 0 0 0 0 0 0 0 0 0 0 0 0 0 0 0 0 0 0 0 0 0 0 0 0 0 0 0 0 0 0 0 0 0 0 0 0 0 0 0 0 0 0 0 0 0 0 0 0 0 0 0 0 0 0 0 0 0 0 0 0 0 0 0 0 0 0 0 0 0 0 0 0 0 0 0 0 0 0 0 0 0 0 0 0 0 0 0 0 0 0 0 0 0 0 0 0 0 0 0 0 0 0 0 0 0 0 0 0 0 0 0 0 0 0 0 0 0 0 0 0 0 0 0 0 0 0 0 0 0 0 0 0 0 0 0 0 0 0 0 0 0 0 0 0 0 0 0 0 0 0 0 0 0 0 0 0 0 0 0 0 0 0 0 0 0 0 0 0 0 0 0 0 0 0 0 0 0 0 0 0 0 0 0 0 0 0 0 0 0 0 0 0 0 0 0 0 0 0 0 0 0 0 0 0 0 0 0 0 0 0 0 0 0 0 0 0 0 0 0 0 0 0 0 0 0 0 0 0 0 0 0 0 0 0 0 0 0 0 0 0 0 0 0 0 0 0 0 0 0 0 0 0 0 0 0 0 0 0 0 0 0 0 0 0 0 0 0 0 0 0 0 0 0 0 0 0 0 0 0 0 0 0 0 0 0 0 0 0 0 0 0 0 0 0 0 0 0 0 0 0 0 0 0 0 0 0 0 0 0 0 0 0 0 0 0 0 0 0 0 0 0 0 0 0 0 0 0 0 0 0 0 0 0 0 0 0 0 0 0 0 0 0 0 0 0 0 0 0 0 0 0 0 0 0 0 0 0 0 0 0 0 0 0 0 0 0 0 0 0 0 0 0 0 0 0 0 0 0 0 0 0 0 0 0 0 0 0 0 0 0 0 0 0 0 0 0 0 0 0 0 0 0 0 0 0 0 0 0 0 0 0 0 0 0 0 0 0 0 0 0 0 0 0 0 0 0 0 0 0 0 0 0 0 0 0 0 0 0 0 0 0 0 0 0 0 0 0 0 0 0 0 0 0 0 0 0 0 0 0 0 0 0 0 0 0 0 0 0 0 0 0 0 0 0 0 0 0 0 0 0 0 0 0 0 0 0 0 0 0 0 0 0 0 0 0 0 0 0 0 0 0 0 0 0 0 0 0 0 0 0 0 0 0 0 0 0 0 0 0 0 0 0 0 0 0 0 0 0 0 0 0 0 0 0 0 0 0 0 0 0 0 0 0 0 0 0 0 0 0 0 0 0 0 0 0 0 0 0 0 0 0 0 0 0 0 0 0 0 0 0 0 0 0 0 0 0 0 0 0 0 0 0 0 0 0 0 0 0 0 0 0 0 0 0 0 0 0 0 0 0 0 0 0 0 0 0 0 0 0 0 0 0 0 0 0 0 0 0 0 0 0 0 0 0 0 0 0 0 0 0 0 0 0 0 0 0 0 0 0 0 0 0 0 0 0 0 0 0 0 0 0 0 0 0 0 0 0 0 0 0 0 0 0 0 0 0 0 0 0 0 0 0 0 0 0 0 0 0 0 0 0 0 0 0 0 0 0 0 0 0 0 0 0 0 0 0 0 0 0 0 0 0 0 0 0 0 0 0 0 0 0 0 0 0 0 0 0 0 0 0 0 0 0 0 0 0 0 0 0 0 0 0 0 0 0 0 0 0 0 0 0 0 0 0 0 0 0 0 0 0 0 0 0 0 0 0 0 0 0 0 0 0 0 0 0 0 0 0 0 0 0 0 0 0 0 0 0 0 0 0 0 0 0 0 0 0 0 0 0 0 0 0 0 0 0 0 0 0 0 0 0 0 0 0 0 0 0 0 0 0 0 0 0 0 0 0 0 0 0 0 0 0 0 0 0 0 0 0 0 0 0 0 0 0 0 0 0 0 0 0 0 0 0 0 0 0 0 0 0 0 0 0 0 0 0 0 0 0 0 0 0 0 0 0 0 0 0 0 0 0 0 0 0 0 0 0 0 0 0 0 0 0 0 0 0 0 0 0 0 0 0 0 0 0 0 0 0 0 0 0 0 0 0 0 0 0 0 0 0 0 0 0 0 0 0 0 0 0 0 0 0 0 0 0 0 0 0 0 0 0 0 0 0 0 0 0 0 0 0 0 0 0 0 0 0 0 0 0 0 0 0 0 0 0 0 0 0 0 0 0 0 0 0 0 0 0 0 0 0 0 0 0 0 0 0 0 0 0 0 0 0 0 0 0 0 0 0
ctxt 2092916
btime 1613144793
processes 47512
procs_running 1
procs_blocked 0
softirq 12171451 1 6635235 743 377956 0 0 149 497017 0 4660350
