cpu  24168816 4 32917 7099353 497 0 3444 0 0 0
cpu0 670899 0 1219 197050 13 0 558 0 0 0
cpu1 673257 0 1214 195038 1 0 130 0 0 0
cpu2 670402 0 1631 196604 2 0 906 0 0 0
cpu3 670882 0 1257 197359 4 0 91 0 0 0
cpu4 671336 0 1169 196981 44 0 59 0 0 0
cpu5 671355 0 953 197225 29 0 18 0 0 0
cpu6 671126 0 958 197429 16 0 42 0 0 0
cpu7 671191 0 842 197505 13 0 31 0 0 0
cpu8 671247 0 818 197420 72 0 28 0 0 0
cpu9 670950 0 964 197604 2 0 72 0 0 0
cpu10 671070 0 969 197496 4 0 50 0 0 0
cpu11 671278 0 878 197388 0 0 36 0 0 0
cpu12 669640 0 2276 197394 9 0 255 0 0 0
cpu13 671247 0 1024 197225 1 0 85 0 0 0
cpu14 671127 0 858 197574 1 0 24 0 0 0
cpu15 670949 0 1132 197341 5 0 161 0 0 0
cpu16 670689 0 1242 197490 2 0 159 0 0 0
cpu17 671026 0 1095 197419 7 0 21 0 0 0
cpu18 671860 0 655 197051 3 0 12 0 0 0
cpu19 672250 0 863 196366 48 0 28 0 0 0
cpu20 672135 0 837 196534 1 0 51 0 0 0
cpu21 671988 0 947 196558 2 0 71 0 0 0
cpu22 671997 0 611 196889 62 0 19 0 0 0
cpu23 671769 0 579 197127 70 0 12 0 0 0
cpu24 671769 0 417 197379 4 0 10 0 0 0
cpu25 671361 0 722 197484 1 0 10 0 0 0
cpu26 671368 0 598 197572 0 0 43 0 0 0
cpu27 671020 0 882 197559 1 0 118 0 0 0
cpu28 671566 0 534 197456 1 0 20 0 0 0
cpu29 671556 0 460 197549 0 0 15 0 0 0
cpu30 671466 0 632 197462 10 0 8 0 0 0
cpu31 671908 0 400 197246 1 0 24 0 0 0
cpu32 671576 2 457 197517 8 0 10 0 0 0
cpu33 671606 0 604 197281 20 0 50 0 0 0
cpu34 670826 0 1180 197417 19 0 132 0 0 0
cpu35 671109 0 1028 197349 2 0 71 0 0 0
intr 66617901 56 0 0 0 614 0 0 0 1 0 263 0 0 0 0 0 0 0 0 0 0 0 0 0 0 0 0 0 0 0 0 0 742 195 599 433 4717 2539 590 380 3010 1162 74 127 2314 285 597 249 568 476 214 6151 827 177 2204 3248 0 0 0 0 387 128 364 95 70 128 614 119 1019 1822 1372 346 93 0 16 14848 3419 0 16851 897 161653 1152 565 1012 1399 1576 1523 1355 1381 1937 73345 7661 3254 2894 2400 1042 1369 615 5610 2530 340 1236 456 560 1908 1367 967 2708 974 840 1639 1029 1770 1387 0 18 7915 1 0 0 0 0 0 0 0 0 0 0 0 0 0 0 0 0 0 0 0 0 0 0 0 0 0 0 0 0 0 0 0 0 0 0 0 0 0 21 0 0 0 0 0 0 0 0 0 0 0 0 0 0 0 0 0 0 0 0 0 0 0 0 0 0 0 0 0 0 0 0 0 0 0 0 0 0 0 0 0 0 0 0 0 0 0 0 0 0 0 0 0 0 0 0 0 0 0 0 0 0 0 0 0 0 0 0 0 0 0 0 0 0 0 0 0 0 0 0 0 0 0 0 0 0 0 0 0 0 0 0 0 0 0 0 0 0 0 0 0 0 0 0 0 0 0 0 0 0 0 0 0 0 0 0 0 0 0 0 0 0 0 0 0 0 0 0 0 0 0 0 0 0 0 0 0 0 0 0 0 0 0 0 0 0 0 0 0 0 0 0 0 0 0 0 0 0 0 0 0 0 0 0 0 0 0 0 0 0 0 0 0 0 0 0 0 0 0 0 0 0 0 0 0 0 0 0 0 0 0 0 0 0 0 0 0 0 0 0 0 0 0 0 0 0 0 0 0 0 0 0 0 0 0 0 0 0 0 0 0 0 0 0 0 0 0 0 0 0 0 0 0 0 0 0 0 0 0 0 0 0 0 0 0 0 0 0 0 0 0 0 0 0 0 0 0 0 0 0 0 0 0 0 0 0 0 0 0 0 0 0 0 0 0 0 0 0 0 0 0 0 0 0 0 0 0 0 0 0 0 0 0 0 0 0 0 0 0 0 0 0 0 0 0 0 0 0 0 0 0 0 0 0 0 0 0 0 0 0 0 0 0 0 0 0 0 0 0 0 0 0 0 0 0 0 0 0 0 0 0 0 0 0 0 0 0 0 0 0 0 0 0 0 0 0 0 0 0 0 0 0 0 0 0 0 0 0 0 0 0 0 0 0 0 0 0 0 0 0 0 0 0 0 0 0 0 0 0 0 0 0 0 0 0 0 0 0 0 0 0 0 0 0 0 0 0 0 0 0 0 0 0 0 0 0 0 0 0 0 0 0 0 0 0 0 0 0 0 0 0 0 0 0 0 0 0 0 0 0 0 0 0 0 0 0 0 0 0 0 0 0 0 0 0 0 0 0 0 0 0 0 0 0 0 0 0 0 0 0 0 0 0 0 0 0 0 0 0 0 0 0 0 0 0 0 0 0 0 0 0 0 0 0 0 0 0 0 0 0 0 0 0 0 0 0 0 0 0 0 0 0 0 0 0 0 0 0 0 0 0 0 0 0 0 0 0 0 0 0 0 0 0 0 0 0 0 0 0 0 0 0 0 0 0 0 0 0 0 0 0 0 0 0 0 0 0 0 0 0 0 0 0 0 0 0 0 0 0 0 0 0 0 0 0 0 0 0 0 0 0 0 0 0 0 0 0 0 0 0 0 0 0 0 0 0 0 0 0 0 0 0 0 0 0 0 0 0 0 0 0 0 0 0 0 0 0 0 0 0 0 0 0 0 0 0 0 0 0 0 0 0 0 0 0 0 0 0 0 0 0 0 0 0 0 0 0 0 0 0 0 0 0 0 0 0 0 0 0 0 0 0 0 0 0 0 0 0 0 0 0 0 0 0 0 0 0 0 0 0 0 0 0 0 0 0 0 0 0 0 0 0 0 0 0 0 0 0 0 0 0 0 0 0 0 0 0 0 0 0 0 0 0 0 0 0 0 0 0 0 0 0 0 0 0 0 0 0 0 0 0 0 0 0 0 0 0 0 0 0 0 0 0 0 0 0 0 0 0 0 0 0 0 0 0 0 0 0 0 0 0 0 0 0 0 0 0 0 0 0 0 0 0 0 0 0 0 0 0 0 0 0 0 0 0 0 0 0 0 0 0 0 0 0 0 0 0 0 0 0 0 0 0 0 0 0 0 0 0 0 0 0 0 0 0 0 0 0 0 0 0 0 0 0 0 0 0 0 0 0 0 0 0 0 0 0 0 0 0 0 0 0 0 0 0 0 0 0 0 0 0 0 0 0 0 0 0 0 0 0 0 0 0 0 0 0 0 0 0 0 0 0 0 0 0 0 0 0 0 0 0 0 0 0 0 0 0 0 0 0 0 0 0 0 0 0 0 0 0 0 0 0 0 0 0 0 0 0 0 0 0 0 0 0 0 0 0 0 0 0 0 0 0 0 0 0 0 0 0 0 0 0 0 0 0 0 0 0 0 0 0 0 0 0 0 0 0 0 0 0 0 0 0 0 0 0 0 0 0 0 0 0 0 0 0 0 0 0 0 0 0 0 0 0 0 0 0 0 0 0 0 0 0 0 0 0 0 0 0 0 0 0 0 0 0 0 0 0 0 0 0 0 0 0 0 0 0 0 0 0 0 0 0 0 0 0 0 0 0 0 0 0 0 0 0 0 0 0 0 0 0 0 0 0 0 0 0 0 0 0 0 0 0 0 0 0 0 0 0 0 0 0 0 0 0 0 0 0 0 0 0 0 0 0 0 0 0 0 0 0 0 0 0 0 0 0 0 0 0 0 0 0 0 0 0 0 0 0 0 0 0 0 0 0 0 0 0 0 0 0
ctxt 17248859
btime 1613124388
processes 430348
procs_running 1
procs_blocked 0
softirq 86979498 1 50366090 744 3235627 0 0 307022 2277060 0 30792954
