cpu  12753236 4 17087 6904591 494 0 2021 0 0 0
cpu0 353998 0 719 191528 13 0 382 0 0 0
cpu1 355777 0 730 190060 1 0 76 0 0 0
cpu2 353727 0 775 191551 2 0 507 0 0 0
cpu3 354171 0 457 191938 4 0 38 0 0 0
cpu4 354450 0 454 191625 44 0 31 0 0 0
cpu5 354341 0 460 191755 29 0 10 0 0 0
cpu6 354059 0 510 191967 16 0 30 0 0 0
cpu7 354154 0 445 191962 13 0 22 0 0 0
cpu8 354210 0 418 191883 72 0 15 0 0 0
cpu9 353954 0 550 192058 2 0 41 0 0 0
cpu10 353960 0 571 192040 4 0 28 0 0 0
cpu11 354195 0 452 191926 0 0 26 0 0 0
cpu12 353230 0 1238 191931 7 0 181 0 0 0
cpu13 354420 0 409 191745 1 0 18 0 0 0
cpu14 354145 0 398 192034 1 0 18 0 0 0
cpu15 353981 0 630 191906 5 0 77 0 0 0
cpu16 353784 0 730 191966 2 0 113 0 0 0
cpu17 354124 0 536 191908 6 0 9 0 0 0
cpu18 354498 0 396 191687 3 0 8 0 0 0
cpu19 354646 0 502 191354 48 0 26 0 0 0
cpu20 354238 0 400 191885 1 0 46 0 0 0
cpu21 355077 0 394 191080 2 0 37 0 0 0
cpu22 354457 0 266 191801 62 0 5 0 0 0
cpu23 354480 0 381 191638 70 0 9 0 0 0
cpu24 354419 0 264 191900 4 0 6 0 0 0
cpu25 354233 0 340 192012 1 0 8 0 0 0
cpu26 354198 0 336 192025 0 0 35 0 0 0
cpu27 354134 0 423 192028 1 0 6 0 0 0
cpu28 354229 0 308 192041 1 0 12 0 0 0
cpu29 354301 0 252 192030 0 0 8 0 0 0
cpu30 354314 0 258 192004 10 0 5 0 0 0
cpu31 354620 0 238 191726 1 0 8 0 0 0
cpu32 354314 2 272 191980 8 0 6 0 0 0
cpu33 354434 0 316 191803 20 0 7 0 0 0
cpu34 353872 0 689 191879 19 0 130 0 0 0
cpu35 354077 0 558 191916 2 0 22 0 0 0
intr 35336658 56 0 0 0 614 0 0 0 1 0 263 0 0 0 0 0 0 0 0 0 0 0 0 0 0 0 0 0 0 0 0 0 740 142 512 433 4717 2539 567 380 3008 1051 72 125 1952 218 466 238 462 267 159 6015 509 126 2204 3248 0 0 0 0 384 104 13 70 40 101 614 62 1019 1591 1116 249 93 0 16 12284 2149 0 10953 750 90220 281 145 707 160 1201 636 985 846 1386 38604 5194 2363 2170 816 602 830 573 4675 1722 90 996 196 497 705 614 396 1788 501 416 962 422 1445 436 0 18 7795 1 0 0 0 0 0 0 0 0 0 0 0 0 0 0 0 0 0 0 0 0 0 0 0 0 0 0 0 0 0 0 0 0 0 0 0 0 0 21 0 0 0 0 0 0 0 0 0 0 0 0 0 0 0 0 0 0 0 0 0 0 0 0 0 0 0 0 0 0 0 0 0 0 0 0 0 0 0 0 0 0 0 0 0 0 0 0 0 0 0 0 0 0 0 0 0 0 0 0 0 0 0 0 0 0 0 0 0 0 0 0 0 0 0 0 0 0 0 0 0 0 0 0 0 0 0 0 0 0 0 0 0 0 0 0 0 0 0 0 0 0 0 0 0 0 0 0 0 0 0 0 0 0 0 0 0 0 0 0 0 0 0 0 0 0 0 0 0 0 0 0 0 0 0 0 0 0 0 0 0 0 0 0 0 0 0 0 0 0 0 0 0 0 0 0 0 0 0 0 0 0 0 0 0 0 0 0 0 0 0 0 0 0 0 0 0 0 0 0 0 0 0 0 0 0 0 0 0 0 0 0 0 0 0 0 0 0 0 0 0 0 0 0 0 0 0 0 0 0 0 0 0 0 0 0 0 0 0 0 0 0 0 0 0 0 0 0 0 0 0 0 0 0 0 0 0 0 0 0 0 0 0 0 0 0 0 0 0 0 0 0 0 0 0 0 0 0 0 0 0 0 0 0 0 0 0 0 0 0 0 0 0 0 0 0 0 0 0 0 0 0 0 0 0 0 0 0 0 0 0 0 0 0 0 0 0 0 0 0 0 0 0 0 0 0 0 0 0 0 0 0 0 0 0 0 0 0 0 0 0 0 0 0 0 0 0 0 0 0 0 0 0 0 0 0 0 0 0 0 0 0 0 0 0 0 0 0 0 0 0 0 0 0 0 0 0 0 0 0 0 0 0 0 0 0 0 0 0 0 0 0 0 0 0 0 0 0 0 0 0 0 0 0 0 0 0 0 0 0 0 0 0 0 0 0 0 0 0 0 0 0 0 0 0 0 0 0 0 0 0 0 0 0 0 0 0 0 0 0 0 0 0 0 0 0 0 0 0 0 0 0 0 0 0 0 0 0 0 0 0 0 0 0 0 0 0 0 0 0 0 0 0 0 0 0 0 0 0 0 0 0 0 0 0 0 0 0 0 0 0 0 0 0 0 0 0 0 0 0 0 0 0 0 0 0 0 0 0 0 0 0 0 0 0 0 0 0 0 0 0 0 0 0 0 0 0 0 0 0 0 0 0 0 0 0 0 0 0 0 0 0 0 0 0 0 0 0 0 0 0 0 0 0 0 0 0 0 0 0 0 0 0 0 0 0 0 0 0 0 0 0 0 0 0 0 0 0 0 0 0 0 0 0 0 0 0 0 0 0 0 0 0 0 0 0 0 0 0 0 0 0 0 0 0 0 0 0 0 0 0 0 0 0 0 0 0 0 0 0 0 0 0 0 0 0 0 0 0 0 0 0 0 0 0 0 0 0 0 0 0 0 0 0 0 0 0 0 0 0 0 0 0 0 0 0 0 0 0 0 0 0 0 0 0 0 0 0 0 0 0 0 0 0 0 0 0 0 0 0 0 0 0 0 0 0 0 0 0 0 0 0 0 0 0 0 0 0 0 0 0 0 0 0 0 0 0 0 0 0 0 0 0 0 0 0 0 0 0 0 0 0 0 0 0 0 0 0 0 0 0 0 0 0 0 0 0 0 0 0 0 0 0 0 0 0 0 0 0 0 0 0 0 0 0 0 0 0 0 0 0 0 0 0 0 0 0 0 0 0 0 0 0 0 0 0 0 0 0 0 0 0 0 0 0 0 0 0 0 0 0 0 0 0 0 0 0 0 0 0 0 0 0 0 0 0 0 0 0 0 0 0 0 0 0 0 0 0 0 0 0 0 0 0 0 0 0 0 0 0 0 0 0 0 0 0 0 0 0 0 0 0 0 0 0 0 0 0 0 0 0 0 0 0 0 0 0 0 0 0 0 0 0 0 0 0 0 0 0 0 0 0 0 0 0 0 0 0 0 0 0 0 0 0 0 0 0 0 0 0 0 0 0 0 0 0 0 0 0 0 0 0 0 0 0 0 0 0 0 0 0 0 0 0 0 0 0 0 0 0 0 0 0 0 0 0 0 0 0 0 0 0 0 0 0 0 0 0 0 0 0 0 0 0 0 0 0 0 0 0 0 0 0 0 0 0 0 0 0 0 0 0 0 0 0 0 0 0 0 0 0 0 0 0 0 0 0 0 0 0 0 0 0 0 0 0 0 0 0 0 0 0 0 0 0 0 0 0 0 0 0 0 0 0 0 0 0 0 0 0 0 0 0 0 0 0 0 0 0 0 0 0 0 0 0 0 0 0 0 0 0 0 0 0 0 0 0 0 0 0 0 0 0 0 0 0 0 0 0 0 0 0 0 0 0 0 0 0 0 0 0 0 0 0 0 0 0 0 0 0 0 0 0 0 0 0 0 0 0 0 0 0 0 0 0 0 0 0 0 0 0 0 0 0 0 0 0 0 0 0 0 0 0 0 0 0 0 0 0 0 0 0 0 0 0 0 0 0 0 0
ctxt 9334404
btime 1613124388
processes 230724
procs_running 1
procs_blocked 0
softirq 45861678 1 26463411 479 1725650 0 0 173327 1259103 0 16239707
