cpu  2886732 4 4581 6750904 492 0 514 0 0 0
cpu0 80147 0 230 187248 13 0 194 0 0 0
cpu1 80574 0 223 187058 1 0 44 0 0 0
cpu2 80074 0 352 187283 2 0 136 0 0 0
cpu3 80154 0 141 187561 4 0 17 0 0 0
cpu4 80370 0 199 187249 44 0 11 0 0 0
cpu5 80206 0 106 187529 29 0 1 0 0 0
cpu6 80162 0 82 187601 16 0 0 0 0 0
cpu7 80158 0 108 187592 13 0 0 0 0 0
cpu8 80127 0 94 187579 72 0 2 0 0 0
cpu9 80107 0 90 187677 2 0 1 0 0 0
cpu10 80066 0 132 187662 4 0 13 0 0 0
cpu11 80115 0 72 187685 0 0 1 0 0 0
cpu12 79770 0 394 187631 6 0 62 0 0 0
cpu13 80336 0 98 187431 1 0 1 0 0 0
cpu14 80126 0 82 187662 1 0 0 0 0 0
cpu15 80141 0 113 187612 5 0 1 0 0 0
cpu16 80192 0 77 187598 2 0 1 0 0 0
cpu17 80162 0 136 187555 6 0 0 0 0 0
cpu18 80278 0 110 187474 3 0 0 0 0 0
cpu19 80556 0 190 187055 48 0 2 0 0 0
cpu20 80176 0 152 187514 1 0 1 0 0 0
cpu21 80137 0 99 187620 2 0 2 0 0 0
cpu22 80191 0 138 187481 62 0 0 0 0 0
cpu23 80318 0 125 187340 70 0 0 0 0 0
cpu24 80202 0 63 187598 4 0 0 0 0 0
cpu25 80138 0 93 187634 1 0 0 0 0 0
cpu26 80136 0 71 187661 0 0 4 0 0 0
cpu27 80136 0 72 187658 1 0 1 0 0 0
cpu28 80115 0 79 187668 1 0 0 0 0 0
cpu29 80111 0 83 187674 0 0 0 0 0 0
cpu30 80149 0 71 187637 10 0 0 0 0 0
cpu31 80427 0 77 187361 1 0 1 0 0 0
cpu32 80132 2 82 187631 8 0 0 0 0 0
cpu33 80204 0 83 187556 20 0 0 0 0 0
cpu34 80182 0 121 187537 19 0 5 0 0 0
cpu35 80144 0 128 187575 2 0 0 0 0 0
intr 8360993 56 0 0 0 614 0 0 0 1 0 263 0 0 0 0 0 0 0 0 0 0 0 0 0 0 0 0 0 0 0 0 0 669 139 291 254 4717 2500 540 378 3008 973 72 13 1664 25 236 238 213 259 155 5978 199 122 2202 3242 0 0 0 0 384 83 13 70 40 59 614 56 875 1505 1035 233 93 0 16 10067 1052 0 4885 139 29960 137 11 42 1 362 2 331 477 245 11843 930 570 1500 131 315 284 78 4382 1681 12 105 14 177 49 68 126 1107 161 109 132 10 133 274 0 18 7695 1 0 0 0 0 0 0 0 0 0 0 0 0 0 0 0 0 0 0 0 0 0 0 0 0 0 0 0 0 0 0 0 0 0 0 0 0 0 21 0 0 0 0 0 0 0 0 0 0 0 0 0 0 0 0 0 0 0 0 0 0 0 0 0 0 0 0 0 0 0 0 0 0 0 0 0 0 0 0 0 0 0 0 0 0 0 0 0 0 0 0 0 0 0 0 0 0 0 0 0 0 0 0 0 0 0 0 0 0 0 0 0 0 0 0 0 0 0 0 0 0 0 0 0 0 0 0 0 0 0 0 0 0 0 0 0 0 0 0 0 0 0 0 0 0 0 0 0 0 0 0 0 0 0 0 0 0 0 0 0 0 0 0 0 0 0 0 0 0 0 0 0 0 0 0 0 0 0 0 0 0 0 0 0 0 0 0 0 0 0 0 0 0 0 0 0 0 0 0 0 0 0 0 0 0 0 0 0 0 0 0 0 0 0 0 0 0 0 0 0 0 0 0 0 0 0 0 0 0 0 0 0 0 0 0 0 0 0 0 0 0 0 0 0 0 0 0 0 0 0 0 0 0 0 0 0 0 0 0 0 0 0 0 0 0 0 0 0 0 0 0 0 0 0 0 0 0 0 0 0 0 0 0 0 0 0 0 0 0 0 0 0 0 0 0 0 0 0 0 0 0 0 0 0 0 0 0 0 0 0 0 0 0 0 0 0 0 0 0 0 0 0 0 0 0 0 0 0 0 0 0 0 0 0 0 0 0 0 0 0 0 0 0 0 0 0 0 0 0 0 0 0 0 0 0 0 0 0 0 0 0 0 0 0 0 0 0 0 0 0 0 0 0 0 0 0 0 0 0 0 0 0 0 0 0 0 0 0 0 0 0 0 0 0 0 0 0 0 0 0 0 0 0 0 0 0 0 0 0 0 0 0 0 0 0 0 0 0 0 0 0 0 0 0 0 0 0 0 0 0 0 0 0 0 0 0 0 0 0 0 0 0 0 0 0 0 0 0 0 0 0 0 0 0 0 0 0 0 0 0 0 0 0 0 0 0 0 0 0 0 0 0 0 0 0 0 0 0 0 0 0 0 0 0 0 0 0 0 0 0 0 0 0 0 0 0 0 0 0 0 0 0 0 0 0 0 0 0 0 0 0 0 0 0 0 0 0 0 0 0 0 0 0 0 0 0 0 0 0 0 0 0 0 0 0 0 0 0 0 0 0 0 0 0 0 0 0 0 0 0 0 0 0 0 0 0 0 0 0 0 0 0 0 0 0 0 0 0 0 0 0 0 0 0 0 0 0 0 0 0 0 0 0 0 0 0 0 0 0 0 0 0 0 0 0 0 0 0 0 0 0 0 0 0 0 0 0 0 0 0 0 0 0 0 0 0 0 0 0 0 0 0 0 0 0 0 0 0 0 0 0 0 0 0 0 0 0 0 0 0 0 0 0 0 0 0 0 0 0 0 0 0 0 0 0 0 0 0 0 0 0 0 0 0 0 0 0 0 0 0 0 0 0 0 0 0 0 0 0 0 0 0 0 0 0 0 0 0 0 0 0 0 0 0 0 0 0 0 0 0 0 0 0 0 0 0 0 0 0 0 0 0 0 0 0 0 0 0 0 0 0 0 0 0 0 0 0 0 0 0 0 0 0 0 0 0 0 0 0 0 0 0 0 0 0 0 0 0 0 0 0 0 0 0 0 0 0 0 0 0 0 0 0 0 0 0 0 0 0 0 0 0 0 0 0 0 0 0 0 0 0 0 0 0 0 0 0 0 0 0 0 0 0 0 0 0 0 0 0 0 0 0 0 0 0 0 0 0 0 0 0 0 0 0 0 0 0 0 0 0 0 0 0 0 0 0 0 0 0 0 0 0 0 0 0 0 0 0 0 0 0 0 0 0 0 0 0 0 0 0 0 0 0 0 0 0 0 0 0 0 0 0 0 0 0 0 0 0 0 0 0 0 0 0 0 0 0 0 0 0 0 0 0 0 0 0 0 0 0 0 0 0 0 0 0 0 0 0 0 0 0 0 0 0 0 0 0 0 0 0 0 0 0 0 0 0 0 0 0 0 0 0 0 0 0 0 0 0 0 0 0 0 0 0 0 0 0 0 0 0 0 0 0 0 0 0 0 0 0 0 0 0 0 0 0 0 0 0 0 0 0 0 0 0 0 0 0 0 0 0 0 0 0 0 0 0 0 0 0 0 0 0 0 0 0 0 0 0 0 0 0 0 0 0 0 0 0 0 0 0 0 0 0 0 0 0 0 0 0 0 0 0 0 0 0 0 0 0 0 0 0 0 0 0 0 0 0 0 0 0 0 0 0 0 0 0 0 0 0 0 0 0 0 0 0 0 0 0 0 0 0 0 0 0 0 0 0 0 0 0 0 0 0 0 0 0 0 0 0 0 0 0 0 0 0 0 0 0 0 0 0 0 0 0 0 0 0 0 0 0 0 0 0 0 0 0 0 0 0 0 0 0 0 0 0 0 0 0 0 0 0 0 0 0 0 0 0 0 0 0 0 0 0 0 0 0 0 0 0 0 0 0 0 0 0 0 0 0 0
ctxt 2793498
btime 1613124388
processes 67581
procs_running 1
procs_blocked 0
softirq 10915011 1 6241384 265 485868 0 0 58978 381484 0 3747031
