cpu  32803010 4 53536 7260442 497 0 4650 0 0 0
cpu0 910297 0 2186 201551 13 0 714 0 0 0
cpu1 912702 0 2111 199604 1 0 147 0 0 0
cpu2 909882 0 2171 201185 2 0 1223 0 0 0
cpu3 909654 0 2820 201929 4 0 103 0 0 0
cpu4 910502 0 2348 201549 44 0 64 0 0 0
cpu5 911317 0 1772 201347 29 0 34 0 0 0
cpu6 910915 0 1481 202010 16 0 62 0 0 0
cpu7 911045 0 1324 202063 13 0 54 0 0 0
cpu8 911013 0 1380 202003 72 0 34 0 0 0
cpu9 911087 0 1234 202111 2 0 77 0 0 0
cpu10 910618 0 1653 202069 4 0 164 0 0 0
cpu11 911327 0 1152 201972 0 0 47 0 0 0
cpu12 909169 0 3008 201970 9 0 334 0 0 0
cpu13 910856 0 1795 201750 1 0 98 0 0 0
cpu14 911037 0 1272 202141 2 0 50 0 0 0
cpu15 910349 0 2005 201908 5 0 238 0 0 0
cpu16 910290 0 1925 202073 2 0 209 0 0 0
cpu17 910322 0 2184 201932 7 0 42 0 0 0
cpu18 911746 0 1253 201483 4 0 16 0 0 0
cpu19 912586 0 1337 200472 48 0 31 0 0 0
cpu20 912874 0 1403 200139 2 0 54 0 0 0
cpu21 911588 0 1848 200955 2 0 81 0 0 0
cpu22 911778 0 1669 200937 62 0 43 0 0 0
cpu23 911835 0 850 201701 70 0 16 0 0 0
cpu24 911684 0 828 201881 4 0 97 0 0 0
cpu25 911501 0 983 201979 1 0 32 0 0 0
cpu26 911379 0 887 202157 0 0 75 0 0 0
cpu27 910932 0 1374 202070 1 0 121 0 0 0
cpu28 911592 0 898 201972 1 0 32 0 0 0
cpu29 911569 0 782 202124 0 0 21 0 0 0
cpu30 911764 0 729 201980 10 0 13 0 0 0
cpu31 912121 0 523 201821 1 0 29 0 0 0
cpu32 911662 2 762 202042 8 0 12 0 0 0
cpu33 911649 0 890 201858 20 0 61 0 0 0
cpu34 910979 0 1486 201864 19 0 136 0 0 0
cpu35 911377 0 1199 201822 2 0 73 0 0 0
intr 90427518 56 0 0 0 614 0 0 0 1 0 263 0 0 0 0 0 0 0 0 0 0 0 0 0 0 0 0 0 0 0 0 0 742 230 653 720 4767 2539 743 413 3010 1162 175 127 2573 374 672 379 670 480 298 6193 838 265 2206 3248 0 0 0 0 389 128 471 476 70 128 614 119 1020 1858 1372 359 93 0 16 16844 4383 0 22917 1362 221563 2751 719 1143 1461 2112 2029 1597 1892 2297 99280 10731 4022 3544 2768 1209 2170 896 5835 5411 628 1363 532 995 3153 1583 1728 3314 974 942 1830 2462 1974 1686 0 18 8015 1 0 0 0 0 0 0 0 0 0 0 0 0 0 0 0 0 0 0 0 0 0 0 0 0 0 0 0 0 0 0 0 0 0 0 0 0 0 21 0 0 0 0 0 0 0 0 0 0 0 0 0 0 0 0 0 0 0 0 0 0 0 0 0 0 0 0 0 0 0 0 0 0 0 0 0 0 0 0 0 0 0 0 0 0 0 0 0 0 0 0 0 0 0 0 0 0 0 0 0 0 0 0 0 0 0 0 0 0 0 0 0 0 0 0 0 0 0 0 0 0 0 0 0 0 0 0 0 0 0 0 0 0 0 0 0 0 0 0 0 0 0 0 0 0 0 0 0 0 0 0 0 0 0 0 0 0 0 0 0 0 0 0 0 0 0 0 0 0 0 0 0 0 0 0 0 0 0 0 0 0 0 0 0 0 0 0 0 0 0 0 0 0 0 0 0 0 0 0 0 0 0 0 0 0 0 0 0 0 0 0 0 0 0 0 0 0 0 0 0 0 0 0 0 0 0 0 0 0 0 0 0 0 0 0 0 0 0 0 0 0 0 0 0 0 0 0 0 0 0 0 0 0 0 0 0 0 0 0 0 0 0 0 0 0 0 0 0 0 0 0 0 0 0 0 0 0 0 0 0 0 0 0 0 0 0 0 0 0 0 0 0 0 0 0 0 0 0 0 0 0 0 0 0 0 0 0 0 0 0 0 0 0 0 0 0 0 0 0 0 0 0 0 0 0 0 0 0 0 0 0 0 0 0 0 0 0 0 0 0 0 0 0 0 0 0 0 0 0 0 0 0 0 0 0 0 0 0 0 0 0 0 0 0 0 0 0 0 0 0 0 0 0 0 0 0 0 0 0 0 0 0 0 0 0 0 0 0 0 0 0 0 0 0 0 0 0 0 0 0 0 0 0 0 0 0 0 0 0 0 0 0 0 0 0 0 0 0 0 0 0 0 0 0 0 0 0 0 0 0 0 0 0 0 0 0 0 0 0 0 0 0 0 0 0 0 0 0 0 0 0 0 0 0 0 0 0 0 0 0 0 0 0 0 0 0 0 0 0 0 0 0 0 0 0 0 0 0 0 0 0 0 0 0 0 0 0 0 0 0 0 0 0 0 0 0 0 0 0 0 0 0 0 0 0 0 0 0 0 0 0 0 0 0 0 0 0 0 0 0 0 0 0 0 0 0 0 0 0 0 0 0 0 0 0 0 0 0 0 0 0 0 0 0 0 0 0 0 0 0 0 0 0 0 0 0 0 0 0 0 0 0 0 0 0 0 0 0 0 0 0 0 0 0 0 0 0 0 0 0 0 0 0 0 0 0 0 0 0 0 0 0 0 0 0 0 0 0 0 0 0 0 0 0 0 0 0 0 0 0 0 0 0 0 0 0 0 0 0 0 0 0 0 0 0 0 0 0 0 0 0 0 0 0 0 0 0 0 0 0 0 0 0 0 0 0 0 0 0 0 0 0 0 0 0 0 0 0 0 0 0 0 0 0 0 0 0 0 0 0 0 0 0 0 0 0 0 0 0 0 0 0 0 0 0 0 0 0 0 0 0 0 0 0 0 0 0 0 0 0 0 0 0 0 0 0 0 0 0 0 0 0 0 0 0 0 0 0 0 0 0 0 0 0 0 0 0 0 0 0 0 0 0 0 0 0 0 0 0 0 0 0 0 0 0 0 0 0 0 0 0 0 0 0 0 0 0 0 0 0 0 0 0 0 0 0 0 0 0 0 0 0 0 0 0 0 0 0 0 0 0 0 0 0 0 0 0 0 0 0 0 0 0 0 0 0 0 0 0 0 0 0 0 0 0 0 0 0 0 0 0 0 0 0 0 0 0 0 0 0 0 0 0 0 0 0 0 0 0 0 0 0 0 0 0 0 0 0 0 0 0 0 0 0 0 0 0 0 0 0 0 0 0 0 0 0 0 0 0 0 0 0 0 0 0 0 0 0 0 0 0 0 0 0 0 0 0 0 0 0 0 0 0 0 0 0 0 0 0 0 0 0 0 0 0 0 0 0 0 0 0 0 0 0 0 0 0 0 0 0 0 0 0 0 0 0 0 0 0 0 0 0 0 0 0 0 0 0 0 0 0 0 0 0 0 0 0 0 0 0 0 0 0 0 0 0 0 0 0 0 0 0 0 0 0 0 0 0 0 0 0 0 0 0 0 0 0 0 0 0 0 0 0 0 0 0 0 0 0 0 0 0 0 0 0 0 0 0 0 0 0 0 0 0 0 0 0 0 0 0 0 0 0 0 0 0 0 0 0 0 0 0 0 0 0 0 0 0 0 0 0 0 0 0 0 0 0 0 0 0 0 0 0 0 0 0 0 0 0 0 0 0 0 0 0 0 0 0 0 0 0 0 0 0 0 0 0 0 0 0 0 0 0 0 0 0 0 0 0 0 0 0 0 0 0 0 0 0 0 0 0 0 0 0 0 0 0 0 0 0 0 0 0 0 0 0 0 0 0 0 0 0 0 0 0 0 0 0 0 0 0 0 0 0 0 0 0 0 0 0 0 0 0 0 0 0 0 0 0 0 0 0 0 0 0 0 0 0 0
ctxt 23569419
btime 1613124388
processes 592681
procs_running 1
procs_blocked 0
softirq 117903234 1 68113661 923 4467083 0 0 418571 3051315 0 41851680
