cpu  79460112 5 97375 27285509 446 0 7788 0 0 0
cpu0 615734 0 5980 212142 3 0 620 0 0 0
cpu1 620990 0 425 213264 0 0 61 0 0 0
cpu2 621304 0 376 213092 17 0 17 0 0 0
cpu3 619528 0 786 214383 3 0 58 0 0 0
cpu4 618218 0 3616 212596 0 0 280 0 0 0
cpu5 621112 0 260 213430 7 0 10 0 0 0
cpu6 621318 0 286 213193 0 0 21 0 0 0
cpu7 620694 0 249 213834 0 0 21 0 0 0
cpu8 618485 0 3052 212867 10 0 359 0 0 0
cpu9 621166 0 158 213482 0 0 3 0 0 0
cpu10 621362 0 132 213312 0 0 2 0 0 0
cpu11 621080 0 216 213485 0 0 14 0 0 0
cpu12 620136 0 2580 211820 1 0 212 0 0 0
cpu13 621226 0 131 213451 0 0 2 0 0 0
cpu14 621411 0 134 213265 1 0 4 0 0 0
cpu15 620983 0 447 213349 0 0 38 0 0 0
cpu16 619780 0 2708 211959 1 0 331 0 0 0
cpu17 621314 0 112 213384 1 0 0 0 0 0
cpu18 621265 0 144 213381 0 0 4 0 0 0
cpu19 621095 0 262 213420 1 0 17 0 0 0
cpu20 621254 0 2571 210693 0 0 233 0 0 0
cpu21 621105 0 169 213322 1 0 168 0 0 0
cpu22 621282 0 162 213357 0 0 5 0 0 0
cpu23 621213 0 156 213430 0 0 3 0 0 0
cpu24 619562 0 2740 212103 0 0 282 0 0 0
cpu25 621310 0 144 213356 0 0 1 0 0 0
cpu26 621367 0 146 213283 0 0 2 0 0 0
cpu27 621038 0 184 213570 0 0 9 0 0 0
cpu28 619298 1 2080 213175 0 0 199 0 0 0
cpu29 621165 0 282 213336 0 0 20 0 0 0
cpu30 621381 0 154 213265 1 0 0 0 0 0
cpu31 621268 0 132 213401 0 0 3 0 0 0
cpu32 618898 0 2756 212861 1 0 234 0 0 0
cpu33 621178 0 192 213434 0 0 3 0 0 0
cpu34 621509 0 181 213106 0 0 6 0 0 0
cpu35 621120 0 258 213394 0 0 28 0 0 0
cpu36 618312 0 3800 212336 4 0 305 0 0 0
cpu37 621167 0 211 213421 1 0 3 0 0 0
cpu38 621512 0 130 213161 1 0 1 0 0 0
cpu39 621097 0 152 213548 0 0 5 0 0 0
cpu40 619000 0 2925 212548 2 0 272 0 0 0
cpu41 621052 0 186 213555 0 0 8 0 0 0
cpu42 621433 0 129 213234 0 0 4 0 0 0
cpu43 621114 0 202 213461 0 0 18 0 0 0
cpu44 618095 0 3593 212753 5 0 304 0 0 0
cpu45 621189 0 168 213437 0 0 5 0 0 0
cpu46 621074 0 150 213559 1 0 4 0 0 0
cpu47 621184 0 167 213433 2 0 6 0 0 0
cpu48 618998 0 2395 213121 0 0 225 0 0 0
cpu49 620735 0 390 213601 1 0 70 0 0 0
cpu50 621522 0 112 213163 1 0 2 0 0 0
cpu51 621262 0 158 213370 1 0 2 0 0 0
cpu52 619344 0 2558 212644 1 0 196 0 0 0
cpu53 621360 0 110 213311 9 0 0 0 0 0
cpu54 621362 0 112 213316 1 0 2 0 0 0
cpu55 621189 0 184 213407 1 0 14 0 0 0
cpu56 619013 0 2413 213132 1 0 192 0 0 0
cpu57 621315 0 151 213334 0 0 3 0 0 0
cpu58 621219 0 327 213207 1 0 36 0 0 0
cpu59 620967 0 424 213362 0 0 34 0 0 0
cpu60 619544 0 2263 212760 1 0 185 0 0 0
cpu61 621221 0 180 213391 0 0 2 0 0 0
cpu62 621009 0 126 213645 0 0 6 0 0 0
cpu63 620612 0 501 213605 0 0 50 0 0 0
cpu64 619364 0 2679 212509 20 0 158 0 0 0
cpu65 620614 0 504 213588 5 0 70 0 0 0
cpu66 620882 0 173 213694 1 0 5 0 0 0
cpu67 620702 0 599 213427 2 0 52 0 0 0
cpu68 619854 2 1945 212815 24 0 113 0 0 0
cpu69 621250 0 139 213394 0 0 2 0 0 0
cpu70 621306 0 145 213334 0 0 5 0 0 0
cpu71 620679 0 430 213624 1 0 50 0 0 0
cpu72 621044 0 1838 211385 165 0 302 0 0 0
cpu73 621126 0 182 213469 1 0 10 0 0 0
cpu74 621390 0 128 213272 0 0 0 0 0 0
cpu75 621063 0 169 213532 4 0 2 0 0 0
cpu76 622293 0 1571 210811 1 0 82 0 0 0
cpu77 621309 0 112 213371 0 0 1 0 0 0
cpu78 621334 0 113 213343 0 0 0 0 0 0
cpu79 620828 0 482 213420 1 0 50 0 0 0
cpu80 620362 0 1588 212646 8 0 118 0 0 0
cpu81 621317 0 134 213342 2 0 3 0 0 0
cpu82 621473 0 109 213203 0 0 2 0 0 0
cpu83 621241 0 166 213369 0 0 6 0 0 0
cpu84 619844 0 1593 213190 1 0 112 0 0 0
cpu85 621166 0 116 213500 0 0 0 0 0 0
cpu86 621216 0 101 213462 0 0 2 0 0 0
cpu87 621093 0 176 213489 0 0 10 0 0 0
cpu88 620290 0 1398 212966 0 0 98 0 0 0
cpu89 620953 0 168 213647 1 0 9 0 0 0
cpu90 621496 0 131 213158 0 0 0 0 0 0
cpu91 621285 0 139 213354 0 0 5 0 0 0
cpu92 620622 0 1447 212600 0 0 94 0 0 0
cpu93 621306 0 142 213322 4 0 0 0 0 0
cpu94 621520 0 138 213115 0 0 2 0 0 0
cpu95 621252 0 132 213385 3 0 4 0 0 0
cpu96 620325 0 1646 212707 1 0 87 0 0 0
cpu97 621315 0 178 213281 0 0 2 0 0 0
cpu98 621288 0 127 213357 0 0 2 0 0 0
cpu99 621018 0 253 213470 3 0 28 0 0 0
cpu100 619441 0 2296 212844 1 0 159 0 0 0
cpu101 621282 0 142 213357 0 0 1 0 0 0
cpu102 621452 0 122 213200 2 0 1 0 0 0
cpu103 621280 0 141 213347 0 0 2 0 0 0
cpu104 618415 0 3447 212566 0 0 283 0 0 0
cpu105 621332 0 128 213317 0 0 0 0 0 0
cpu106 621142 0 138 213490 2 0 0 0 0 0
cpu107 621174 0 234 213338 0 0 24 0 0 0
cpu108 619868 0 1771 212961 35 0 100 0 0 0
cpu109 621274 0 161 213333 0 0 3 0 0 0
cpu110 621490 0 141 213120 11 0 2 0 0 0
cpu111 621143 0 136 213491 0 0 4 0 0 0
cpu112 620266 0 1452 212941 4 0 87 0 0 0
cpu113 621289 0 171 213271 1 0 3 0 0 0
cpu114 621406 0 106 213256 1 0 0 0 0 0
cpu115 621229 0 142 213381 0 0 4 0 0 0
cpu116 620506 0 1509 212625 2 0 102 0 0 0
cpu117 621204 0 199 213355 0 0 2 0 0 0
cpu118 621630 0 98 213045 0 0 0 0 0 0
cpu119 621059 0 206 213487 0 0 8 0 0 0
cpu120 620009 0 1728 212922 4 0 85 0 0 0
cpu121 621271 0 141 213354 0 0 6 0 0 0
cpu122 621236 0 170 213349 0 0 1 0 0 0
cpu123 620591 0 616 213478 0 0 77 0 0 0
cpu124 620708 0 1462 212501 3 0 64 0 0 0
cpu125 621253 0 214 213265 0 0 2 0 0 0
cpu126 621548 0 161 213056 1 0 0 0 0 0
cpu127 621097 0 423 213232 0 0 8 0 0 0
intr 217271769 133 0 0 0 680 0 0 0 1 0 272 0 0 0 0 0 0 0 0 0 0 0 0 0 0 0 0 0 0 0 0 0 0 0 0 260 0 927 1091 1619 24573 4123 357 732 1989 681 504 343 5118 653 360 954 19447 378 4 553 6289 1124 69852 161 2559 1902 0 254 4271 789 184 314 2154 426 2 803 5238 1723 3 407 1923 606 318 531 4894 851 385 928 4416 848 17545 382 2379 515 0 403 7389 237 204 2019 5213 332 742 208 11250 8176 343 1118 15461 4970 395 1016 3383 24702 612 438 2105 440 182 462 14214 3834 0 496 4235 160 0 251 5562 22 8 651 2306 147 123 347 2204 1550 0 439 5149 1173 4 367 2078 1377 56 323 1862 78 494 816 3556 231 340 48 1233 121 56 283 0 0 0 0 0 0 0 0 0 0 2025 1122 13832 211 522 721 147 87 167 1833 235 376 149 191 98 130 164 62 151 3178 324 135 169 189 260 3921 82 7 17 2 481 394 4 49 0 0 0 0 0 0 0 0 0 0 0 0 0 0 0 0 57 7 448 177 200 0 0 2 3 4 11 3 0 4 49 51 160 29 9 13 53 20 53 3 6 11 5 1 95 8 4 67 4 285 4 4 2 14 483 750 260 70 43 24 30 65 24 6 4 22 9 9 38 277 47 2 11 1 3 12 178 40 161 0 0 0 0 0 0 0 0 0 0 0 0 0 0 0 0 0 0 0 0 0 0 0 0 0 0 0 0 0 0 0 0 0 0 0 0 0 0 0 0 0 0 0 0 0 0 0 0 0 0 0 0 0 0 0 0 0 0 0 0 0 0 0 0 0 0 0 0 0 0 0 0 0 0 0 0 0 0 0 0 0 0 0 0 0 0 0 0 0 0 0 0 0 0 0 0 0 0 0 0 0 0 0 0 0 0 0 0 0 0 0 0 0 0 0 0 0 0 0 0 0 0 0 0 0 0 0 0 0 0 0 0 0 0 0 0 0 0 0 0 0 0 0 0 0 0 0 0 0 0 0 0 0 0 0 0 0 0 0 0 0 0 0 0 0 0 0 0 0 0 0 0 0 0 0 0 0 0 0 0 0 0 0 0 0 0 0 0 0 0 0 0 0 0 0 0 0 0 0 0 0 0 0 0 0 0 0 0 0 0 0 0 0 0 0 0 0 0 0 0 0 0 0 0 0 0 0 0 0 0 0 0 0 0 0 0 0 0 0 0 0 0 0 0 0 0 0 0 0 0 0 0 0 0 0 0 0 0 0 0 0 0 0 0 0 0 0 0 0 0 0 0 0 0 0 0 0 0 0 0 0 0 0 0 0 0 0 0 0 0 0 0 0 0 0 0 0 0 0 0 0 0 0 0 0 0 0 0 0 0 0 0 0 0 0 0 0 0 0 0 0 0 0 0 0 0 0 0 0 0 0 0 0 0 0 0 0 0 0 0 0 0 0 0 0 0 0 0 0 0 0 0 0 0 0 0 0 0 0 0 0 0 0 0 0 0 0 0 0 0 0 0 0 0 0 0 0 0 0 0 0 0 0 0 0 0 0 0 0 0 0 0 0 0 0 0 0 0 0 0 0 0 0 0 0 0 0 0 0 0 0 0 0 0 0 0 0 0 0 0 0 0 0 0 0 0 0 0 0 0 0 0 0 0 0 0 0 0 0 0 0 48 0 0 0 0 0 0 0 3 0 0 0 0 0 0 0 0 0 0 0 0 0 0 0 0 0 0 0 0 0 0 0 0 0 0 0 0 0 0 0 0 0 0 0 0 0 0 0 0 0 0 0 0 0 0 0 0 0 0 0 0 0 0 0 0 0 0 48 0 0 0 0 0 0 0 0 23 0 0 0 0 0 0 0 0 0 0 0 0 0 0 0 0 0 0 0 0 0 0 0 0 0 0 0 0 0 0 0 0 0 0 0 0 0 0 0 0 0 0 0 0 0 0 0 0 0 0 0 0 0 0 0 0 0 0 0 0 0 0 0 0 0 0 0 0 0 0 0 0 0 0 0 0 0 0 0 0 0 0 0 0 0 0 0 0 0 0 0 0 0 0 0 0 0 0 0 0 0 0 0 0 0 0 0 0 0 0 0 0 0 0 0 0 0 0 0 0 0 0 0 0 0 0 0 0 0 0 0 0 0 0 0 0 0 0 0 0 0 0 0 0 0 0 0 0 0 0 0 0 0 0 0 0 0 0 0 0 0 0 0 0 0 0 0 0 0 0 0 0 0 0 0 0 0 0 0 0 0 0 0 0 0 0 0 0 0 0 0 0 0 0 0 0 0 0 0 0 0 0 0 0 0 0 0 0 0 0 0 0 0 0 0 0 0 0 0 0 0 0 0 0 0 0 0 0 0 0 0 0 0 0 0 0 0 0 0 0 0 0 0 0 0 0 0 0 0 0 0 0 0 0 0 0 0 0 0 0 0 0 0 0 0 0 0 0 0 0 0 0 0 0 0 0 0 0 0 0 0 0 0 0 0 0 0 0 0 0 0 0 0 0 0 0 0 0 0 0 0 0 0 0 0 0 0 0 0 0 0 0 0 0 0 0 0 0 0 0 0 0 0 0 0 0 0 0 0 0 0 0 0 0 0 0 0 0 0 0 0 0 0 0 0 0 0 0 0 0 0 0 0 0 0 0 0 0 0 0 0 0 0 0 0 0 0 0 0 0 0 0 0 0 0 0 0 0 0 0 0 0 0 0 0 0 0 0 0 0 0 0 0 0 0 0 0 0 0 0 0 0 0 0 0 0 0 0 0 0 0 0 0 0 0 0 0 0 0 0 0 0 0 0 0 0 0 0 0 0 0 0 0 0 0 0 0 0 0 0 0 0 0 0 0 0 0 0 0 0 0 0 0 0 0 0 0 0 0 0 0 0 0 0 0 0 0 0 0 0 0 0 0 0 0 0 0 0 0 0 0 0 0 0 0 0 0 0 0 0 0 0 0 0 0 0 0 0 0 0 0 0 0 0 0 0 0 0 0 0 0 0 0 0 0 0 0 0 0 0 0 0 0 0 0 0 0 0 0 0 0 0 0 0 0 0 0 0 0 0 0 0 0 0 0 0 0 0 0 0 0 0 0 0 0 0 0 0 0 0 0 0 0 0 0 0 0 0 0 0 0 0 0 0 0 0 0 0 0 0 0 0 0 0 0 0 0 0 0 0 0 0 0 0 0 0 0 0 0 0 0 0 0 0 0 0 0 0 0 0 0 0 0 0 0 0 0 0 0 0 0 0 0 0 0 0 0 0 0 0 0 0 0 0 0 0 0 0 0 0 0 0 0 0 0 0 0 0 0 0 0 0 0 0 0 0 0 0 0 0 0 0 0 0 0 0 0 0 0 0 0 0 0 0 0 0 0 0 0 0 0 0 0 0 0 0 0 0 0 0 0 0 0 0 0 0 0 0 0 0 0 0 0 0 0 0 0 0 0 0 0 0 0 0 0 0 0 0 0 0 0 0 0 0 0 0 0 0 0 0 0 0 0 0 0 0 0 0 0 0 0 0 0 0 0 0 0 0 0 0 0 0 0 0 0 0 0 0 0 0 0 0 0 0 0 0 0 0 0 0 0 0 0 0 0 0 0 0 0 0 0 0 0 0 0 0 0 0 0 0 0 0 0 0 0 0 0 0 0 0 0 0 0 0 0 0 0 0 0 0 0 0 0 0 0 0 0 0 0 0 0 0 0 0 0 0 0 0 0 0 0 0 0 0 0 0 0 0 0 0 0 0 0 0 0 0 0 0 0 0 0 0 0 0 0 0 0 0 0 0 0 0 0 0 0 0 0 0 0 0 0 0 0 0 0 0 0 0 0 0 0 0 0 0 0 0 0 0 0 0 0 0 0 0 0 0 0 0 0 0 0 0 0 0 0 0 0 0 0 0 0 0 0 0 0 0 0 0 0 0 0 0 0 0 0 0 0 0 0 0 0 0 0 0 0 0 0 0 0 0 0 0 0 0 0 0 0 0 0 0 0 0 0 0 0 0 0 0 0 0 0 0 0 0 0 0 0 0 0 0 0 0 0 0 0 0 0 0 0 0 0 0 0 0 0 0 0 0 0 0 0 0 0 0 0 0 0 0 0 0 0 0 0 0 0 0 0 0 0 0 0 0 0 0 0 0 0 0 0 0 0 0 0 0 0 0 0 0 0 0 0 0 0 0 0 0 0 0 0 0 0 0 0 0 0 0 0 0 0 0 0 0 0 0 0 0 0 0 0 0 0 0 0 0 0 0 0 0 0 0 0 0 0 0 0 0 0 0 0 0 0 0 0 0 0 0 0 0 0 0 0 0 0 0 0 0 0 0 0 0 0 0 0 0 0 0 0 0 0 0 0 0 0 0 0 0 0 0 0 0 0 0 0 0 0 0 0 0 0 0 0 0 0 0 0 0 0 0 0 0 0 0 0 0 0 0 0 0 0 0 0 0 0 0 0 0 0 0 0 0 0 0 0 0 0 0 0 0 0 0 0 0 0 0 0 0 0 0 0 0 0 0 0 0 0 0 0 0 0 0 0 0 0 0 0 0 0 0 0 0 0 0 0 0 0 0 0 0 0 0 0 0 0 0 0 0 0 0 0 0 0 0 0 0 0 0 0 0 0 0 0 0 0 0 0 0 0 0 0 0 0 0 0 0 0 0 0 0 0 0 0 0 0 0 0 0 0 0 0 0 0 0 0 0 0 0 0 0 0 0 0 0 0 0 0 0 0 0 0 0 0 0 0 0 0 0 0 0 0 0 0 0 0 0 0 0 0 0 0 0 0 0 0 0 0 0 0 0 0 0 0 0 0 0 0 0 0 0 0 0 0 0 0 0 0 0 0 0 0 0 0 0 0 0 0 0 0 0 0 0 0 0 0 0 0 0 0 0 0 0 0 0 0 0 0 0 0 0 0 0 0 0 0 0 0 0 0 0 0 0 0 0 0 0 0 0 0 0 0 0 0 0 0 0 0 0 0 0 0 0 0 0 0 0 0 0 0 0 0 0 0 0 0 0 0 0 0 0 0 0 0 0 0 0 0 0 0 0 0 0 0 0 0 0 0 0 0 0 0 0 0 0 0 0 0 0 0 0 0 0 0 0 0 0 0 0 0 0 0 0 0 0 0 0 0 0 0 0 0 0 0 0 0 0 0 0 0 0 0 0 0 0 0 0 0 0 0 0 0 0 0 0 0 0 0 0 0 0 0 0 0 0 0 0 0 0 0 0 0 0 0 0 0 0 0 0 0 0 0 0 0 0 0 0 0 0 0 0 0 0 0 0 0 0 0 0 0 0 0 0 0 0 0 0 0 0 0 0 0 0 0 0 0 0 0 0 0 0 0 0 0 0 0 0 0 0 0 0 0 0 0 0 0 0 0 0 0 0 0 0 0 0 0 0 0 0 0 0 0 0 0 0 0 0 0 0 0 0 0 0 0 0 0 0 0 0 0 0 0 0 0 0 0 0 0 0 0 0 0 0 0 0 0 0 0 0 0 0 0 0 0 0 0 0 0 0 0 0 0 0 0 0 0 0 0 0 0 0 0 0 0 0 0 0 0 0 0 0 0 0 0 0 0 0 0 0 0 0 0 0 0 0 0 0 0 0 0 0 0 0 0 0 0 0 0 0 0 0 0 0 0 0 0 0 0 0 0 0 0 0 0 0 0 0 0 0 0 0 0 0 0 0 0 0 0 0 0 0 0 0 0 0 0 0 0 0 0 0 0 0 0 0 0 0 0 0 0 0 0 0 0 0 0 0 0 0 0 0 0 0 0 0 0 0 0 0 0 0 0 0 0 0 0 0 0 0 0 0 0 0 0 0 0 0 0 0 0 0 0 0 0 0 0 0 0 0 0 0 0 0 0 0 0 0 0 0 0 0 0 0 0 0 0 0 0 0 0 0 0 0 0 0 0 0 0 0 0 0 0 0 0 0 0 0 0 0 0 0 0 0 0 0 0 0 0 0 0 0 0 0 0 0 0 0 0 0 0 0 0 0 0 0 0 0 0 0 0 0 0 0 0 0 0 0 0 0 0 0 0 0 0 0 0 0 0 0 0 0 0 0 0 0 0 0 0 0 0 0 0 0 0 0 0 0 0 0 0 0 0 0 0 0 0 0 0 0 0 0 0 0 0 0 0 0 0 0 0 0 0 0 0 0 0 0 0 0 0 0 0 0 0 0 0 0 0 0 0 0 0 0 0 0 0 0 0 0 0 0 0 0 0 0 0 0 0 0 0 0 0 0 0 0 0 0 0 0 0 0 0 0 0 0 0 0 0 0 0 0 0 0 0 0 0 0 0 0 0 0 0 0 0 0 0 0 0 0 0 0 0 0 0 0 0 0 0 0 0 0 0 0 0 0 0 0 0 0 0 0 0 0 0 0 0 0 0 0 0 0 0 0 0 0 0 0 0 0 0 0 0 0 0 0 0 0 0 0 0 0 0 0 0 0 0 0 0 0 0 0 0 0 0 0 0 0 0 0 0 0 0 0 0 0 0 0 0 0 0 0 0 0 0 0 0 0 0 0 0 0 0 0 0 0 0 0 0 0 0 0 0 0 0 0 0 0 0 0 0 0 0 0 0 0 0 0 0 0 0 0 0 0 0 0 0 0 0 0 0 0 0 0 0 0 0 0 0 0 0 0 0 0 0 0 0 0 0 0 0 0 0 0 0 0 0 0 0 0 0 0 0 0 0 0 0 0 0 0 0 0 0 0 0 0 0 0 0 0 0 0 0 0 0 0 0 0 0 0 0 0 0 0 0 0 0 0 0 0 0 0 0 0 0 0 0 0 0 0 0 0 0 0 0 0 0 0 0 0 0 0 0 0 0 0 0 0 0 0 0 0 0 0 0 0 0 0 0 0 0 0 0 0 0 0 0 0 0 0 0 0 0 0 0 0 0 0 0 0 0 0 0 0 0 0 0 0 0 0 0 0 0 0 0 0 0 0 0 0 0 0 0 0 0 0 0 0 0 0 0 0 0 0 0 0 0 0 0 0 0 0 0 0 0 0 0 0 0 0 0 0 0 0 0 0 0 0 0 0 0 0 0 0 0 0 0 0 0 0 0 0 0 0 0 0 0 0 0 0 0 0 0 0 0 0 0 0 0 0 0 0 0 0 0 0 0 0 0 0 0 0 0 0 0 0 0 0 0 0 0 0 0 0 0 0 0 0 0 0 0 0 0 0 0 0 0 0 0 0 0 0 0 0 0 0 0 0 0 0 0 0 0 0 0 0 0 0 0 0 0 0 0 0 0 0 0 0 0 0 0 0 0 0 0 0 0 0 0 0 0 0 0 0 0 0 0 0 0 0 0 0 0 0 0 0 0 0 0 0 0 0 0 0 0 0 0 0 0 0 0 0 0 0 0 0 0 0 0 0 0 0 0 0 0 0 0 0 0 0 0 0 0 0 0 0 0 0 0 0 0 0 0 0 0 0 0 0 0 0 0 0 0 0 0 0 0 0 0 0 0 0 0 0 0 0 0 0 0 0 0 0 0 0 0 0 0 0 0 0 0 0 0 0 0 0 0 0 0 0 0 0 0 0 0 0 0 0 0 0 0 0 0 0 0 0 0 0 0 0 0 0 0 0 0 0 0 0 0 0 0 0 0 0 0 0 0 0 0 0 0 0 0 0 0 0 0 0 0 0 0 0 0 0 0 0 0 0 0 0 0 0 0 0 0 0 0 0 0 0 0 0 0 0 0 0 0 0 0 0 0 0 0 0 0 0 0 0 0 0 0 0 0 0 0 0 0 0 0 0 0 0 0 0 0 0 0 0 0 0 0 0 0 0 0 0 0 0 0 0 0 0 0 0 0 0 0 0 0 0 0 0 0 0 0 0 0 0 0 0 0 0 0 0 0 0 0 0 0 0 0 0 0 0 0 0 0 0 0 0 0 0 0 0 0 0 0 0 0 0 0 0 0 0 0 0 0 0 0 0 0 0 0 0 0 0 0 0 0 0 0 0 0 0 0 0 0 0 0 0 0 0 0 0 0 0 0 0 0 0 0 0 0 0 0 0 0 0 0 0 0 0 0 0 0 0 0 0 0 0 0 0 0 0 0 0 0 0 0 0 0 0 0 0 0 0 0 0 0 0 0 0 0 0 0 0 0 0 0 0 0 0 0 0 0 0 0 0 0 0 0 0 0 0 0 0 0 0 0 0 0 0 0 0 0 0 0 0 0 0 0 0 0 0 0 0 0 0 0 0 0 0 0 0 0 0 0 0 0 0 0 0 0 0 0 0 0 0 0 0 0 0 0 0 0 0 0 0 0 0 0 0 0 0 0 0 0 0 0 0 0 0 0 0 0 0 0 0 0 0 0 0 0 0 0 0 0 0 0 0 0 0 0 0 0 0 0 0 0 0 0 0 0 0 0 0 0 0 0 0 0 0 0 0 0 0 0 0 0 0 0 0 0 0 0 0 0 0 0 0 0 0 0 0 0 0 0 0 0 0 0 0 0 0 0 0 0 0 0 0 0 0 0 0 0 0 0 0 0 0 0 0 0 0 0 0 0 0 0 0 0 0 0 0 0 0 0 0 0 0 0 0 0 0 0 0 0 0 0 0 0 0 0 0 0 0 0 0 0 0 0 0 0 0 0 0 0 0 0 0 0 0 0 0 0 0 0 0 0 0 0 0 0 0 0 0 0 0 0 0 0 0 0 0 0 0 0 0 0 0 0 0 0 0 0 0 0 0 0 0 0 0 0 0 0 0 0 0 0 0 0 0 0 0 0 0 0 0 0 0 0 0 0 0 0 0 0 0 0 0 0 0 0 0 0 0 0 0 0 0 0 0 0 0 0 0 0 0 0 0 0 0 0 0 0 0 0 0 0 0 0 0 0 0 0 0 0 0 0 0 0 0 0 0 0 0 0 0 0 0 0 0 0 0 0 0 0 0 0 0 0 0 0 0 0 0 0 0 0 0 0 0 0 0 0 0 0 0 0 0 0 0 0 0 0 0 0 0 0 0 0 0 0 0 0 0 0 0 0 0 0 0 0 0 0 0 0 0 0 0 0 0 0 0 0 0 0 0 0 0 0 0 0 0 0 0 0 0 0 0 0 0 0 0 0 0 0 0 0 0 0 0 0 0 0 0 0 0 0 0 0 0 0 0 0 0 0 0 0 0 0 0 0 0 0 0 0 0 0 0 0 0 0 0 0 0 0 0 0 0 0 0 0 0 0 0 0 0 0 0 0 0 0 0 0 0 0 0 0 0 0 0 0 0 0 0 0 0 0 0 0 0 0 0 0 0 0 0 0 0 0 0 0 0 0 0 0 0 0 0 0 0 0 0 0 0 0 0 0 0 0 0 0 0 0 0 0 0 0 0 0 0 0 0 0 0 0 0 0 0 0 0 0 0 0 0 0 0 0 0 0 0 0 0 0 0 0 0 0 0 0 0 0 0 0 0 0 0 0 0 0 0 0 0 0 0 0 0 0 0 0 0 0 0 0 0 0 0 0 0 0 0 0 0 0 0 0 0 0 0 0 0 0 0 0 0 0 0 0 0 0 0 0 0 0 0 0 0 0 0 0 0 0 0 0 0 0 0 0 0 0 0 0 0 0 0 0 0 0 0 0 0 0 0 0 0 0 0 0 0 0 0 0 0 0 0 0 0 0 0 0 0 0 0 0 0 0 0 0 0 0 0 0 0 0 0 0 0 0 0 0 0 0 0 0 0 0 0 0 0 0 0 0 0 0 0 0 0 0 0 0 0 0 0 0 0 0 0 0 0 0 0 0 0 0 0 0 0 0 0 0 0 0 0 0 0 0 0 0 0 0 0 0 0 0 0 0 0 0 0 0 0 0 0 0 0 0 0 0 0 0 0 0 0 0 0 0 0 0 0 0 0 0 0 0 0 0 0 0 0 0 0 0 0 0 0 0 0 0 0 0 0 0 0 0 0 0 0 0 0 0 0 0 0 0 0 0 0 0 0 0 0 0 0 0 0 0 0 0 0 0 0 0 0 0 0 0 0 0 0 0 0 0 0 0 0 0 0 0 0 0 0 0 0 0 0 0 0 0 0 0 0 0 0 0 0 0
ctxt 11150398
btime 1613064757
processes 213498
procs_running 1
procs_blocked 0
softirq 228275087 1 150266058 2462 1894887 0 0 884 7286127 0 68824668
