cpu  71347134 7 66952 29615639 522 0 5056 0 0 0
cpu0 556194 0 1772 230638 0 0 385 0 0 0
cpu1 557095 0 544 231647 2 0 50 0 0 0
cpu2 556480 0 1253 231502 0 0 79 0 0 0
cpu3 555612 0 1759 231790 7 0 104 0 0 0
cpu4 557172 0 712 231446 1 0 49 0 0 0
cpu5 557528 0 281 231482 0 0 82 0 0 0
cpu6 557074 0 830 231400 0 0 33 0 0 0
cpu7 556460 0 1352 231403 0 0 86 0 0 0
cpu8 557436 0 561 231331 0 0 44 0 0 0
cpu9 557785 0 268 231316 1 0 8 0 0 0
cpu10 556920 0 1058 231300 0 0 90 0 0 0
cpu11 556945 0 933 231390 0 0 86 0 0 0
cpu12 556851 0 754 231650 0 0 84 0 0 0
cpu13 557363 0 446 231526 0 0 32 0 0 0
cpu14 556889 0 1022 231389 0 0 70 0 0 0
cpu15 556986 0 878 231425 0 0 66 0 0 0
cpu16 557626 0 325 231410 0 0 10 0 0 0
cpu17 557488 0 261 231599 0 0 14 0 0 0
cpu18 556654 0 1296 231316 0 0 108 0 0 0
cpu19 557205 0 770 231315 2 0 60 0 0 0
cpu20 557360 0 467 231518 0 0 15 0 0 0
cpu21 557598 0 254 231513 0 0 16 0 0 0
cpu22 557112 0 833 231330 0 0 92 0 0 0
cpu23 556982 2 863 231420 0 0 72 0 0 0
cpu24 557617 0 474 231249 0 0 30 0 0 0
cpu25 557935 0 370 231035 1 0 18 0 0 0
cpu26 556670 0 976 231549 0 0 134 0 0 0
cpu27 557002 0 846 231374 0 0 86 0 0 0
cpu28 557736 0 420 231110 0 0 22 0 0 0
cpu29 557565 0 307 231468 0 0 12 0 0 0
cpu30 557520 0 453 231379 0 0 19 0 0 0
cpu31 557020 0 892 231354 2 0 74 0 0 0
cpu32 557349 0 477 231499 0 0 40 0 0 0
cpu33 557536 0 222 231335 0 0 220 0 0 0
cpu34 557422 0 555 231343 0 0 54 0 0 0
cpu35 557368 0 910 231005 3 0 62 0 0 0
cpu36 557709 0 337 231301 0 0 6 0 0 0
cpu37 557136 0 199 232010 0 0 12 0 0 0
cpu38 557280 0 602 231445 0 0 38 0 0 0
cpu39 557363 0 1022 230888 6 0 78 0 0 0
cpu40 557771 0 248 231328 0 0 12 0 0 0
cpu41 557809 0 207 231337 1 0 11 0 0 0
cpu42 557318 0 510 231496 0 0 36 0 0 0
cpu43 557869 0 819 230557 29 0 61 0 0 0
cpu44 555770 0 503 233003 0 0 44 0 0 0
cpu45 558263 0 363 230704 1 0 20 0 0 0
cpu46 557224 0 594 231496 3 0 34 0 0 0
cpu47 558080 0 1121 230001 2 0 98 0 0 0
cpu48 557650 0 298 231394 0 0 16 0 0 0
cpu49 557740 0 252 231333 0 0 21 0 0 0
cpu50 557482 0 546 231290 1 0 44 0 0 0
cpu51 557104 0 784 231357 2 0 65 0 0 0
cpu52 557539 0 270 231536 0 0 10 0 0 0
cpu53 557608 0 261 231468 2 0 15 0 0 0
cpu54 557527 0 348 231461 0 0 18 0 0 0
cpu55 557274 0 551 231481 5 0 26 0 0 0
cpu56 557564 0 305 231462 0 0 24 0 0 0
cpu57 557483 0 222 231632 0 0 12 0 0 0
cpu58 557374 0 563 231374 3 0 47 0 0 0
cpu59 557049 0 617 231531 77 0 48 0 0 0
cpu60 557233 0 494 231582 2 0 48 0 0 0
cpu61 557716 0 187 231445 0 0 12 0 0 0
cpu62 557630 0 344 231361 0 0 21 0 0 0
cpu63 557396 0 634 231264 0 0 36 0 0 0
cpu64 556836 0 949 231439 1 0 122 0 0 0
cpu65 557234 0 387 231670 0 0 27 0 0 0
cpu66 556743 0 786 231774 3 0 30 0 0 0
cpu67 557036 0 801 231330 88 0 44 0 0 0
cpu68 557422 0 372 231524 0 0 9 0 0 0
cpu69 557432 0 328 231567 1 0 10 0 0 0
cpu70 557213 0 623 231495 0 0 20 0 0 0
cpu71 557312 0 715 231252 31 0 24 0 0 0
cpu72 557713 0 317 231313 0 0 10 0 0 0
cpu73 557519 0 238 231582 0 0 10 0 0 0
cpu74 557295 0 680 231347 0 0 40 0 0 0
cpu75 557008 0 729 231500 2 0 60 0 0 0
cpu76 557512 0 252 231564 0 0 10 0 0 0
cpu77 557548 0 318 231465 1 0 12 0 0 0
cpu78 555693 0 792 232753 0 0 50 0 0 0
cpu79 557062 0 626 231568 4 0 36 0 0 0
cpu80 557533 0 252 231564 1 0 2 0 0 0
cpu81 557583 0 167 231581 0 0 7 0 0 0
cpu82 556828 0 871 231562 0 0 66 0 0 0
cpu83 557037 0 582 231630 1 0 55 0 0 0
cpu84 557810 0 242 231285 0 0 7 0 0 0
cpu85 557445 0 250 231625 0 0 13 0 0 0
cpu86 557488 0 554 231270 1 0 32 0 0 0
cpu87 557003 1 782 231448 4 0 98 0 0 0
cpu88 557477 0 458 231382 0 0 28 0 0 0
cpu89 557675 0 169 231492 0 0 9 0 0 0
cpu90 557203 0 591 231501 0 0 40 0 0 0
cpu91 556935 0 660 231631 1 0 65 0 0 0
cpu92 557726 0 227 231376 1 0 8 0 0 0
cpu93 557658 0 172 231496 0 0 10 0 0 0
cpu94 557388 0 302 231640 0 0 10 0 0 0
cpu95 557221 0 573 231480 1 0 27 0 0 0
cpu96 557656 0 253 231409 5 0 9 0 0 0
cpu97 557716 0 166 231450 0 0 6 0 0 0
cpu98 557717 0 283 231321 0 0 16 0 0 0
cpu99 557534 2 636 231133 2 0 41 0 0 0
cpu100 557810 0 180 231349 0 0 3 0 0 0
cpu101 557653 0 179 231501 1 0 5 0 0 0
cpu102 557627 0 294 231408 0 0 12 0 0 0
cpu103 557747 0 707 230823 5 0 46 0 0 0
cpu104 557779 0 204 231349 0 0 1 0 0 0
cpu105 557736 0 166 231421 1 0 10 0 0 0
cpu106 557227 0 367 231705 0 0 15 0 0 0
cpu107 558275 0 668 230328 8 0 52 0 0 0
cpu108 557729 0 208 231384 7 0 3 0 0 0
cpu109 557698 0 184 231440 1 0 13 0 0 0
cpu110 557491 0 311 231502 0 0 20 0 0 0
cpu111 559430 0 1108 228662 1 0 95 0 0 0
cpu112 557825 0 211 231302 0 0 6 0 0 0
cpu113 557649 0 176 231491 0 0 12 0 0 0
cpu114 557353 0 578 231345 11 0 49 0 0 0
cpu115 558738 0 613 229867 70 0 15 0 0 0
cpu116 557570 0 233 231519 1 0 6 0 0 0
cpu117 557718 0 187 231413 0 0 8 0 0 0
cpu118 557742 0 208 231369 0 0 3 0 0 0
cpu119 557679 0 627 230952 4 0 45 0 0 0
cpu120 557516 0 240 231555 0 0 10 0 0 0
cpu121 557728 0 169 231434 2 0 4 0 0 0
cpu122 557405 0 390 231514 0 0 17 0 0 0
cpu123 557569 0 595 231060 54 0 26 0 0 0
cpu124 557592 0 254 231476 2 0 14 0 0 0
cpu125 557744 0 238 231338 0 0 5 0 0 0
cpu126 557785 0 229 231307 1 0 3 0 0 0
cpu127 557543 0 686 231049 1 0 19 0 0 0
intr 202044815 130 0 0 0 683 0 0 0 1 0 285 0 0 0 0 0 0 0 0 0 0 0 0 0 0 0 0 0 0 0 0 0 0 0 0 260 0 976 7097 1756 16995 2014 23814 3405 9059 1847 682 1286 7624 135 2572 5812 10069 157 655 1067 8737 1186 2520 591 10930 446 2427 1192 8062 1520 1374 745 9288 554 69164 517 12070 483 845 272 6601 1419 928 1372 10852 1292 761 998 11851 473 1811 1564 5364 380 1449 433 4870 334 1461 954 7853 153 1132 3633 5174 885 6232 4124 13516 2223 3664 1158 7829 1005 762 760 8591 598 2331 1115 9651 134 445 539 9061 1102 3592 569 10682 567 1151 753 8427 429 1768 925 10612 513 975 346 5450 399 580 241 5651 701 731 2009 4807 1129 2212 788 6997 200 1159 757 2178 526 1119 613 0 0 0 0 0 0 0 0 0 0 163 189 1 62 4 80 368 18 155 1 3 0 9 0 6 0 10 158 11 3 764 21 128 2 86 398 192 19 271 62 483 38 93 0 0 0 0 0 0 0 0 0 0 0 0 0 0 0 0 0 179 10 306 26 97 34 24 1 111 3 85 0 6 26 104 136 39 19 91 19 35 76 0 0 8 0 105 28 0 83 0 1 1 0 6 385 0 0 37 6413 5260 120 442 579 789 463 314 223 253 872 172 202 402 3032 77 132 225 584 66 9908 117 546 87 0 0 0 0 0 0 0 0 0 0 0 0 0 0 0 0 0 0 0 0 0 0 0 0 0 0 0 0 0 0 0 0 0 0 0 0 0 0 0 0 0 0 0 0 0 0 0 0 0 0 0 0 0 0 0 0 0 0 0 0 0 0 0 0 0 0 0 0 0 0 0 0 0 0 0 0 0 0 0 0 0 0 0 0 0 0 0 0 0 0 0 0 0 0 0 0 0 0 0 0 0 0 0 0 0 0 0 0 0 0 0 0 0 0 0 0 0 0 0 0 0 0 0 0 0 0 0 0 0 0 0 0 0 0 0 0 0 0 0 0 0 0 0 0 0 0 0 0 0 0 0 0 0 0 0 0 0 0 0 0 0 0 0 0 0 0 0 0 0 0 0 0 0 0 0 0 0 0 0 0 0 0 0 0 0 0 0 0 0 0 0 0 0 0 0 0 0 0 0 0 0 0 0 0 0 0 0 0 0 0 0 0 0 0 0 0 0 0 0 0 0 0 0 0 0 0 0 0 0 0 0 0 0 0 0 0 0 0 0 0 0 0 0 0 0 0 0 0 0 0 0 0 0 0 0 0 0 0 0 0 0 0 0 0 0 0 0 0 0 0 0 0 0 0 0 0 0 0 0 0 0 0 0 0 0 0 0 0 0 0 0 0 0 0 0 0 0 0 0 0 0 0 0 0 0 0 0 0 0 0 0 0 0 0 0 0 0 0 0 0 0 0 0 0 0 0 0 0 0 0 0 0 0 0 0 0 0 0 0 0 0 0 0 0 0 0 0 0 0 0 0 0 0 0 0 0 0 0 0 0 0 0 0 0 0 0 0 0 0 0 0 0 0 0 0 0 0 0 0 0 0 0 0 0 0 0 0 0 0 0 0 0 0 0 0 0 0 0 0 0 0 0 0 0 0 0 0 0 0 0 0 0 0 0 0 0 0 0 0 0 0 0 0 4 0 0 0 0 0 0 0 47 0 0 48 0 0 0 0 0 0 0 0 0 0 0 0 1 0 0 0 0 0 0 0 0 0 0 0 0 0 0 0 0 0 0 0 0 0 0 0 0 0 0 0 0 0 0 0 0 0 0 0 0 0 0 0 0 0 0 0 0 0 0 0 0 0 0 0 0 0 0 0 0 0 0 0 0 0 0 0 0 0 0 0 0 0 20 0 0 0 0 0 0 0 0 0 0 0 0 0 0 0 0 0 0 0 0 0 0 0 0 0 0 0 0 0 0 0 0 0 0 0 0 0 0 0 0 0 0 0 0 0 0 0 0 0 0 0 0 0 0 0 0 0 0 0 0 0 0 0 0 0 0 0 0 0 0 0 0 0 0 0 0 0 0 0 0 0 0 0 0 0 0 0 0 0 0 0 0 0 0 0 0 0 0 0 0 0 0 0 0 0 0 0 0 0 0 0 0 0 0 0 0 0 0 0 0 0 0 0 0 0 0 0 0 0 0 0 0 0 0 0 0 0 0 0 0 0 0 0 0 0 0 0 0 0 0 0 0 0 0 0 0 0 0 0 0 0 0 0 0 0 0 0 0 0 0 0 0 0 0 0 0 0 0 0 0 0 0 0 0 0 0 0 0 0 0 0 0 0 0 0 0 0 0 0 0 0 0 0 0 0 0 0 0 0 0 0 0 0 0 0 0 0 0 0 0 0 0 0 0 0 0 0 0 0 0 0 0 0 0 0 0 0 0 0 0 0 0 0 0 0 0 0 0 0 0 0 0 0 0 0 0 0 0 0 0 0 0 0 0 0 0 0 0 0 0 0 0 0 0 0 0 0 0 0 0 0 0 0 0 0 0 0 0 0 0 0 0 0 0 0 0 0 0 0 0 0 0 0 0 0 0 0 0 0 0 0 0 0 0 0 0 0 0 0 0 0 0 0 0 0 0 0 0 0 0 0 0 0 0 0 0 0 0 0 0 0 0 0 0 0 0 0 0 0 0 0 0 0 0 0 0 0 0 0 0 0 0 0 0 0 0 0 0 0 0 0 0 0 0 0 0 0 0 0 0 0 0 0 0 0 0 0 0 0 0 0 0 0 0 0 0 0 0 0 0 0 0 0 0 0 0 0 0 0 0 0 0 0 0 0 0 0 0 0 0 0 0 0 0 0 0 0 0 0 0 0 0 0 0 0 0 0 0 0 0 0 0 0 0 0 0 0 0 0 0 0 0 0 0 0 0 0 0 0 0 0 0 0 0 0 0 0 0 0 0 0 0 0 0 0 0 0 0 0 0 0 0 0 0 0 0 0 0 0 0 0 0 0 0 0 0 0 0 0 0 0 0 0 0 0 0 0 0 0 0 0 0 0 0 0 0 0 0 0 0 0 0 0 0 0 0 0 0 0 0 0 0 0 0 0 0 0 0 0 0 0 0 0 0 0 0 0 0 0 0 0 0 0 0 0 0 0 0 0 0 0 0 0 0 0 0 0 0 0 0 0 0 0 0 0 0 0 0 0 0 0 0 0 0 0 0 0 0 0 0 0 0 0 0 0 0 0 0 0 0 0 0 0 0 0 0 0 0 0 0 0 0 0 0 0 0 0 0 0 0 0 0 0 0 0 0 0 0 0 0 0 0 0 0 0 0 0 0 0 0 0 0 0 0 0 0 0 0 0 0 0 0 0 0 0 0 0 0 0 0 0 0 0 0 0 0 0 0 0 0 0 0 0 0 0 0 0 0 0 0 0 0 0 0 0 0 0 0 0 0 0 0 0 0 0 0 0 0 0 0 0 0 0 0 0 0 0 0 0 0 0 0 0 0 0 0 0 0 0 0 0 0 0 0 0 0 0 0 0 0 0 0 0 0 0 0 0 0 0 0 0 0 0 0 0 0 0 0 0 0 0 0 0 0 0 0 0 0 0 0 0 0 0 0 0 0 0 0 0 0 0 0 0 0 0 0 0 0 0 0 0 0 0 0 0 0 0 0 0 0 0 0 0 0 0 0 0 0 0 0 0 0 0 0 0 0 0 0 0 0 0 0 0 0 0 0 0 0 0 0 0 0 0 0 0 0 0 0 0 0 0 0 0 0 0 0 0 0 0 0 0 0 0 0 0 0 0 0 0 0 0 0 0 0 0 0 0 0 0 0 0 0 0 0 0 0 0 0 0 0 0 0 0 0 0 0 0 0 0 0 0 0 0 0 0 0 0 0 0 0 0 0 0 0 0 0 0 0 0 0 0 0 0 0 0 0 0 0 0 0 0 0 0 0 0 0 0 0 0 0 0 0 0 0 0 0 0 0 0 0 0 0 0 0 0 0 0 0 0 0 0 0 0 0 0 0 0 0 0 0 0 0 0 0 0 0 0 0 0 0 0 0 0 0 0 0 0 0 0 0 0 0 0 0 0 0 0 0 0 0 0 0 0 0 0 0 0 0 0 0 0 0 0 0 0 0 0 0 0 0 0 0 0 0 0 0 0 0 0 0 0 0 0 0 0 0 0 0 0 0 0 0 0 0 0 0 0 0 0 0 0 0 0 0 0 0 0 0 0 0 0 0 0 0 0 0 0 0 0 0 0 0 0 0 0 0 0 0 0 0 0 0 0 0 0 0 0 0 0 0 0 0 0 0 0 0 0 0 0 0 0 0 0 0 0 0 0 0 0 0 0 0 0 0 0 0 0 0 0 0 0 0 0 0 0 0 0 0 0 0 0 0 0 0 0 0 0 0 0 0 0 0 0 0 0 0 0 0 0 0 0 0 0 0 0 0 0 0 0 0 0 0 0 0 0 0 0 0 0 0 0 0 0 0 0 0 0 0 0 0 0 0 0 0 0 0 0 0 0 0 0 0 0 0 0 0 0 0 0 0 0 0 0 0 0 0 0 0 0 0 0 0 0 0 0 0 0 0 0 0 0 0 0 0 0 0 0 0 0 0 0 0 0 0 0 0 0 0 0 0 0 0 0 0 0 0 0 0 0 0 0 0 0 0 0 0 0 0 0 0 0 0 0 0 0 0 0 0 0 0 0 0 0 0 0 0 0 0 0 0 0 0 0 0 0 0 0 0 0 0 0 0 0 0 0 0 0 0 0 0 0 0 0 0 0 0 0 0 0 0 0 0 0 0 0 0 0 0 0 0 0 0 0 0 0 0 0 0 0 0 0 0 0 0 0 0 0 0 0 0 0 0 0 0 0 0 0 0 0 0 0 0 0 0 0 0 0 0 0 0 0 0 0 0 0 0 0 0 0 0 0 0 0 0 0 0 0 0 0 0 0 0 0 0 0 0 0 0 0 0 0 0 0 0 0 0 0 0 0 0 0 0 0 0 0 0 0 0 0 0 0 0 0 0 0 0 0 0 0 0 0 0 0 0 0 0 0 0 0 0 0 0 0 0 0 0 0 0 0 0 0 0 0 0 0 0 0 0 0 0 0 0 0 0 0 0 0 0 0 0 0 0 0 0 0 0 0 0 0 0 0 0 0 0 0 0 0 0 0 0 0 0 0 0 0 0 0 0 0 0 0 0 0 0 0 0 0 0 0 0 0 0 0 0 0 0 0 0 0 0 0 0 0 0 0 0 0 0 0 0 0 0 0 0 0 0 0 0 0 0 0 0 0 0 0 0 0 0 0 0 0 0 0 0 0 0 0 0 0 0 0 0 0 0 0 0 0 0 0 0 0 0 0 0 0 0 0 0 0 0 0 0 0 0 0 0 0 0 0 0 0 0 0 0 0 0 0 0 0 0 0 0 0 0 0 0 0 0 0 0 0 0 0 0 0 0 0 0 0 0 0 0 0 0 0 0 0 0 0 0 0 0 0 0 0 0 0 0 0 0 0 0 0 0 0 0 0 0 0 0 0 0 0 0 0 0 0 0 0 0 0 0 0 0 0 0 0 0 0 0 0 0 0 0 0 0 0 0 0 0 0 0 0 0 0 0 0 0 0 0 0 0 0 0 0 0 0 0 0 0 0 0 0 0 0 0 0 0 0 0 0 0 0 0 0 0 0 0 0 0 0 0 0 0 0 0 0 0 0 0 0 0 0 0 0 0 0 0 0 0 0 0 0 0 0 0 0 0 0 0 0 0 0 0 0 0 0 0 0 0 0 0 0 0 0 0 0 0 0 0 0 0 0 0 0 0 0 0 0 0 0 0 0 0 0 0 0 0 0 0 0 0 0 0 0 0 0 0 0 0 0 0 0 0 0 0 0 0 0 0 0 0 0 0 0 0 0 0 0 0 0 0 0 0 0 0 0 0 0 0 0 0 0 0 0 0 0 0 0 0 0 0 0 0 0 0 0 0 0 0 0 0 0 0 0 0 0 0 0 0 0 0 0 0 0 0 0 0 0 0 0 0 0 0 0 0 0 0 0 0 0 0 0 0 0 0 0 0 0 0 0 0 0 0 0 0 0 0 0 0 0 0 0 0 0 0 0 0 0 0 0 0 0 0 0 0 0 0 0 0 0 0 0 0 0 0 0 0 0 0 0 0 0 0 0 0 0 0 0 0 0 0 0 0 0 0 0 0 0 0 0 0 0 0 0 0 0 0 0 0 0 0 0 0 0 0 0 0 0 0 0 0 0 0 0 0 0 0 0 0 0 0 0 0 0 0 0 0 0 0 0 0 0 0 0 0 0 0 0 0 0 0 0 0 0 0 0 0 0 0 0 0 0 0 0 0 0 0 0 0 0 0 0 0 0 0 0 0 0 0 0 0 0 0 0 0 0 0 0 0 0 0 0 0 0 0 0 0 0 0 0 0 0 0 0 0 0 0 0 0 0 0 0 0 0 0 0 0 0 0 0 0 0 0 0 0 0 0 0 0 0 0 0 0 0 0 0 0 0 0 0 0 0 0 0 0 0 0 0 0 0 0 0 0 0 0 0 0 0 0 0 0 0 0 0 0 0 0 0 0 0 0 0 0 0 0 0 0 0 0 0 0 0 0 0 0 0 0 0 0 0 0 0 0 0 0 0 0 0 0 0 0 0 0 0 0 0 0 0 0 0 0 0 0 0 0 0 0 0 0 0 0 0 0 0 0 0 0 0 0 0 0 0 0 0 0 0 0 0 0 0 0 0 0 0 0 0 0 0 0 0 0 0 0 0 0 0 0 0 0 0 0 0 0 0 0 0 0 0 0 0 0 0 0 0 0 0 0 0 0 0 0 0 0 0 0 0 0 0 0 0 0 0 0 0 0 0 0 0 0 0 0 0 0 0 0 0 0 0 0 0 0 0 0 0 0 0 0 0 0 0 0 0 0 0 0 0 0 0 0 0 0 0 0 0 0 0 0 0 0 0 0 0 0 0 0 0 0 0 0 0 0 0 0 0 0 0 0 0 0 0 0 0 0 0 0 0 0 0 0 0 0 0 0 0 0 0 0 0 0 0 0 0 0 0 0 0 0 0 0 0 0 0 0 0 0 0 0 0 0 0 0 0 0 0 0 0 0 0 0 0 0 0 0 0 0 0 0 0 0 0 0 0 0 0 0 0 0 0 0 0 0 0 0 0 0 0 0 0 0 0 0 0 0 0 0 0 0 0 0 0 0 0 0 0 0 0 0 0 0 0 0 0 0 0 0 0 0 0 0 0 0 0 0 0 0 0 0 0 0 0 0 0 0 0 0 0 0 0 0 0 0 0 0 0 0 0 0 0 0 0 0 0 0 0 0 0 0 0 0 0 0 0 0 0 0 0 0 0 0 0 0 0 0 0 0 0 0 0 0 0 0 0 0 0 0 0 0 0 0 0 0 0 0 0 0 0 0 0 0 0 0 0 0 0 0 0 0 0 0 0 0 0 0 0 0 0 0 0 0 0 0 0 0 0 0 0 0 0 0 0 0 0 0 0 0 0 0 0 0 0 0 0 0 0 0 0 0 0 0 0 0 0 0 0 0 0 0 0 0 0 0 0 0 0 0 0 0 0 0 0 0 0 0 0 0 0 0 0 0 0 0 0 0 0 0 0 0 0 0 0 0 0 0 0 0 0 0 0 0 0 0 0 0 0 0 0 0 0 0 0 0 0 0 0 0 0 0 0 0 0 0 0 0 0 0 0 0 0 0 0 0 0 0 0 0 0 0 0 0 0 0 0 0 0 0 0 0 0 0 0 0 0 0 0 0 0 0 0 0 0 0 0 0 0 0 0 0 0 0 0 0 0 0 0 0 0 0 0 0 0 0 0 0 0 0 0 0 0 0 0 0 0 0 0 0 0 0 0 0 0 0 0 0 0 0 0 0 0 0 0 0 0 0 0 0 0 0 0 0 0 0 0 0 0 0 0 0 0 0 0 0 0 0 0 0 0 0 0 0 0 0 0 0 0 0 0 0 0 0 0 0 0 0 0 0 0 0 0 0 0 0 0 0 0 0 0 0 0 0 0 0 0 0 0 0 0 0 0 0 0 0 0 0 0 0 0 0 0 0 0 0 0 0 0 0 0 0 0 0 0 0 0 0 0 0 0 0 0 0 0 0 0 0 0 0 0 0 0 0 0 0 0 0 0 0 0 0 0 0 0 0 0 0 0 0 0 0 0 0 0 0 0 0 0 0 0 0 0 0 0 0 0 0 0 0 0 0 0 0 0 0 0 0 0 0 0 0 0 0 0 0 0 0 0 0 0 0 0 0 0 0 0 0 0 0 0 0 0 0 0 0 0 0 0 0 0 0 0 0 0 0 0 0 0 0 0 0 0 0 0 0 0 0 0 0 0 0 0 0 0 0 0 0 0 0 0 0 0 0 0 0 0 0 0 0 0 0 0 0 0 0 0 0 0 0 0 0 0 0 0 0 0 0 0 0 0 0 0 0 0 0 0 0 0 0 0 0 0 0 0 0 0 0 0 0 0 0 0 0 0 0 0 0 0 0 0 0 0 0 0 0 0 0 0 0 0 0 0 0 0 0 0 0 0 0 0 0 0 0 0 0 0 0 0 0 0 0 0 0 0 0 0 0 0 0 0 0 0 0 0 0 0 0 0 0 0 0 0 0 0 0 0 0 0 0 0 0 0 0 0 0 0 0 0 0 0 0 0 0 0 0 0 0 0 0 0 0 0 0 0 0 0 0 0 0 0 0 0 0 0 0 0 0 0 0 0 0 0 0 0 0 0 0 0 0 0 0 0 0 0 0 0 0 0 0 0 0 0 0 0 0 0 0 0 0 0 0 0 0 0 0 0 0 0 0 0 0 0 0 0 0 0 0 0 0 0 0 0 0 0 0 0 0 0 0 0 0 0 0 0 0 0 0 0 0 0 0 0 0 0 0 0 0 0 0 0 0 0 0 0 0 0 0 0 0 0 0 0 0 0 0 0 0 0 0 0 0 0 0 0 0 0 0 0 0 0 0 0 0 0 0 0 0 0 0 0 0 0 0 0 0 0 0 0 0 0 0 0 0 0 0 0 0 0 0 0 0 0 0 0 0 0 0 0 0 0 0 0 0 0 0 0 0 0 0 0 0 0 0 0 0 0 0 0 0 0 0 0 0 0 0 0 0 0 0 0 0 0 0 0 0 0 0 0 0 0 0 0 0 0 0 0 0 0 0 0 0 0 0 0 0 0 0 0 0 0 0 0 0 0 0 0 0 0 0 0 0 0 0 0 0 0 0 0 0 0 0 0 0 0 0 0 0 0 0 0 0 0 0 0 0 0 0 0 0 0 0 0 0 0 0 0 0 0 0 0 0 0 0 0 0 0 0 0 0 0 0 0 0 0 0 0 0 0 0 0 0 0 0 0 0 0 0 0 0 0 0 0 0 0 0 0 0 0 0 0 0 0 0 0 0 0 0 0 0 0 0 0 0 0 0 0 0 0 0 0 0 0 0 0 0 0 0 0 0 0 0 0 0 0 0 0 0 0 0 0 0 0 0 0 0 0 0 0 0 0 0 0 0 0 0 0 0 0 0 0 0 0 0 0 0 0 0 0 0 0 0 0 0 0 0 0 0 0 0 0 0 0 0 0 0 0 0 0 0 0 0 0 0 0 0 0 0 0 0 0 0 0 0 0 0 0 0 0 0 0 0 0 0 0 0 0 0 0 0 0 0 0 0 0 0 0 0 0 0 0 0 0 0 0 0 0 0 0 0 0 0 0 0 0 0 0 0 0 0 0 0 0 0 0 0 0 0 0 0 0 0 0 0 0 0 0 0 0 0 0 0 0 0 0 0 0 0 0 0 0 0 0 0 0 0 0 0 0 0 0 0 0 0 0 0 0 0 0 0 0 0 0 0 0 0 0 0 0 0 0 0 0 0 0 0 0 0 0 0 0 0 0 0 0 0 0 0 0 0 0 0 0 0 0 0 0 0 0 0 0 0 0 0 0 0 0 0 0 0 0 0 0 0 0 0 0 0 0 0 0 0 0 0 0 0 0 0 0 0 0 0 0 0 0 0 0 0 0 0 0 0 0 0 0 0 0
ctxt 14239124
btime 1613064757
processes 337201
procs_running 1
procs_blocked 0
softirq 218790912 1 130462410 2413 2913278 0 0 192 6656569 0 78756049
