cpu  12625107 4 18856 6732247 416 0 2202 0 0 0
cpu0 350495 1 700 186814 0 0 272 0 0 0
cpu1 350616 0 602 187017 1 0 48 0 0 0
cpu2 350958 0 734 186480 79 0 34 0 0 0
cpu3 350591 0 498 187183 1 0 29 0 0 0
cpu4 350567 0 552 187169 0 0 20 0 0 0
cpu5 350673 0 348 187268 0 0 24 0 0 0
cpu6 350817 0 427 186954 72 0 30 0 0 0
cpu7 350718 0 457 187086 3 0 28 0 0 0
cpu8 350742 0 463 187075 6 0 15 0 0 0
cpu9 350737 0 433 187087 1 0 46 0 0 0
cpu10 350732 0 408 187143 5 0 21 0 0 0
cpu11 350710 0 433 187129 2 0 29 0 0 0
cpu12 349724 0 1341 187047 4 0 178 0 0 0
cpu13 350487 0 721 187044 1 0 37 0 0 0
cpu14 350833 0 693 186718 8 0 51 0 0 0
cpu15 350673 0 553 187051 2 0 19 0 0 0
cpu16 351182 0 736 186344 0 0 47 0 0 0
cpu17 350648 0 443 187161 22 0 19 0 0 0
cpu18 351066 0 441 186770 13 0 13 0 0 0
cpu19 350987 0 354 186941 9 0 16 0 0 0
cpu20 350752 0 460 187028 45 0 9 0 0 0
cpu21 350810 0 329 187146 10 0 4 0 0 0
cpu22 350744 0 408 187086 50 0 10 0 0 0
cpu23 350852 0 275 187163 4 0 7 0 0 0
cpu24 350915 0 260 187122 1 0 3 0 0 0
cpu25 350815 0 316 187160 1 0 6 0 0 0
cpu26 350621 0 561 187059 13 0 48 0 0 0
cpu27 350068 0 827 187181 4 0 216 0 0 0
cpu28 350900 0 270 187118 4 0 9 0 0 0
cpu29 349116 0 1296 187085 2 0 791 0 0 0
cpu30 351004 0 309 186977 3 0 4 0 0 0
cpu31 350628 0 592 187010 14 0 59 0 0 0
cpu32 350823 0 357 187120 1 0 5 0 0 0
cpu33 351166 0 365 186756 2 0 6 0 0 0
cpu34 350662 0 474 187120 8 0 26 0 0 0
cpu35 351261 0 404 186616 7 0 7 0 0 0
intr 35029099 56 0 0 0 611 0 0 0 1 0 250 0 0 0 0 0 0 0 0 0 0 0 0 0 0 0 0 0 0 0 0 93 166 59 9804 102 3011 50 3148 425 308 158 419 129 800 537 362 342 210 501 2542 551 3404 859 1816 304 0 0 0 0 68 87 357 347 356 942 171 962 85 108 382 616 0 0 16 12145 2117 0 10344 528 845 295 1508 706 307 829 1056 512 547 1401 37024 10520 1648 535 1831 234 870 488 561 279 1374 225 299 620 2330 927 1482 85460 211 556 251 193 4496 1875 0 16 7635 1 0 0 0 0 0 0 0 0 0 0 0 0 0 0 0 0 0 0 0 0 0 0 0 0 0 0 0 0 0 0 0 0 0 0 0 0 0 25 0 0 0 0 0 0 0 0 0 0 0 0 0 0 0 0 0 0 0 0 0 0 0 0 0 0 0 0 0 0 0 0 0 0 0 0 0 0 0 0 0 0 0 0 0 0 0 0 0 0 0 0 0 0 0 0 0 0 0 0 0 0 0 0 0 0 0 0 0 0 0 0 0 0 0 0 0 0 0 0 0 0 0 0 0 0 0 0 0 0 0 0 0 0 0 0 0 0 0 0 0 0 0 0 0 0 0 0 0 0 0 0 0 0 0 0 0 0 0 0 0 0 0 0 0 0 0 0 0 0 0 0 0 0 0 0 0 0 0 0 0 0 0 0 0 0 0 0 0 0 0 0 0 0 0 0 0 0 0 0 0 0 0 0 0 0 0 0 0 0 0 0 0 0 0 0 0 0 0 0 0 0 0 0 0 0 0 0 0 0 0 0 0 0 0 0 0 0 0 0 0 0 0 0 0 0 0 0 0 0 0 0 0 0 0 0 0 0 0 0 0 0 0 0 0 0 0 0 0 0 0 0 0 0 0 0 0 0 0 0 0 0 0 0 0 0 0 0 0 0 0 0 0 0 0 0 0 0 0 0 0 0 0 0 0 0 0 0 0 0 0 0 0 0 0 0 0 0 0 0 0 0 0 0 0 0 0 0 0 0 0 0 0 0 0 0 0 0 0 0 0 0 0 0 0 0 0 0 0 0 0 0 0 0 0 0 0 0 0 0 0 0 0 0 0 0 0 0 0 0 0 0 0 0 0 0 0 0 0 0 0 0 0 0 0 0 0 0 0 0 0 0 0 0 0 0 0 0 0 0 0 0 0 0 0 0 0 0 0 0 0 0 0 0 0 0 0 0 0 0 0 0 0 0 0 0 0 0 0 0 0 0 0 0 0 0 0 0 0 0 0 0 0 0 0 0 0 0 0 0 0 0 0 0 0 0 0 0 0 0 0 0 0 0 0 0 0 0 0 0 0 0 0 0 0 0 0 0 0 0 0 0 0 0 0 0 0 0 0 0 0 0 0 0 0 0 0 0 0 0 0 0 0 0 0 0 0 0 0 0 0 0 0 0 0 0 0 0 0 0 0 0 0 0 0 0 0 0 0 0 0 0 0 0 0 0 0 0 0 0 0 0 0 0 0 0 0 0 0 0 0 0 0 0 0 0 0 0 0 0 0 0 0 0 0 0 0 0 0 0 0 0 0 0 0 0 0 0 0 0 0 0 0 0 0 0 0 0 0 0 0 0 0 0 0 0 0 0 0 0 0 0 0 0 0 0 0 0 0 0 0 0 0 0 0 0 0 0 0 0 0 0 0 0 0 0 0 0 0 0 0 0 0 0 0 0 0 0 0 0 0 0 0 0 0 0 0 0 0 0 0 0 0 0 0 0 0 0 0 0 0 0 0 0 0 0 0 0 0 0 0 0 0 0 0 0 0 0 0 0 0 0 0 0 0 0 0 0 0 0 0 0 0 0 0 0 0 0 0 0 0 0 0 0 0 0 0 0 0 0 0 0 0 0 0 0 0 0 0 0 0 0 0 0 0 0 0 0 0 0 0 0 0 0 0 0 0 0 0 0 0 0 0 0 0 0 0 0 0 0 0 0 0 0 0 0 0 0 0 0 0 0 0 0 0 0 0 0 0 0 0 0 0 0 0 0 0 0 0 0 0 0 0 0 0 0 0 0 0 0 0 0 0 0 0 0 0 0 0 0 0 0 0 0 0 0 0 0 0 0 0 0 0 0 0 0 0 0 0 0 0 0 0 0 0 0 0 0 0 0 0 0 0 0 0 0 0 0 0 0 0 0 0 0 0 0 0 0 0 0 0 0 0 0 0 0 0 0 0 0 0 0 0 0 0 0 0 0 0 0 0 0 0 0 0 0 0 0 0 0 0 0 0 0 0 0 0 0 0 0 0 0 0 0 0 0 0 0 0 0 0 0 0 0 0 0 0 0 0 0 0 0 0 0 0 0 0 0 0 0 0 0 0 0 0 0 0 0 0 0 0 0 0 0 0 0 0 0 0 0 0 0 0 0 0 0 0 0 0 0 0 0 0 0 0 0 0 0 0 0 0 0 0 0 0 0 0 0 0 0 0 0 0 0 0 0 0 0 0 0 0 0 0 0 0 0 0 0 0 0 0 0 0 0 0 0 0 0 0 0 0 0 0 0 0 0 0 0 0 0 0 0 0 0 0 0 0 0 0 0 0 0 0 0 0 0 0 0 0 0 0 0 0 0 0 0 0 0 0 0 0 0 0 0 0 0 0 0 0 0 0 0 0 0 0 0 0 0 0 0 0 0 0 0 0 0 0 0 0 0 0 0 0 0 0 0 0 0 0 0 0 0 0 0 0 0 0 0 0 0 0 0 0 0 0 0 0 0 0 0 0 0 0 0 0 0 0 0 0 0 0 0 0 0 0 0 0 0 0 0 0 0 0 0 0 0 0 0 0 0 0 0 0 0 0 0 0 0 0 0
ctxt 9385795
btime 1613124388
processes 232729
procs_running 1
procs_blocked 0
softirq 46228220 1 26975356 473 1735412 0 0 170982 1244505 0 16101491
