cpu  14320828 6 16723 28052110 401 0 818 0 0 0
cpu0 111773 0 691 218395 0 0 157 0 0 0
cpu1 111782 0 170 219230 0 0 18 0 0 0
cpu2 111889 0 249 219043 0 0 1 0 0 0
cpu3 111813 0 136 219220 2 0 11 0 0 0
cpu4 111838 0 129 219238 0 0 2 0 0 0
cpu5 111831 0 133 219234 0 0 11 0 0 0
cpu6 111698 0 420 219077 2 0 6 0 0 0
cpu7 111766 0 199 219232 0 0 9 0 0 0
cpu8 111854 0 123 219227 0 0 4 0 0 0
cpu9 111847 0 116 219242 0 0 5 0 0 0
cpu10 111814 0 252 219120 2 0 8 0 0 0
cpu11 111833 0 97 219259 0 0 5 0 0 0
cpu12 111884 0 136 219170 0 0 0 0 0 0
cpu13 111874 0 87 219237 0 0 4 0 0 0
cpu14 111999 0 154 219044 0 0 1 0 0 0
cpu15 111323 0 614 219230 0 0 31 0 0 0
cpu16 111892 0 97 219215 0 0 0 0 0 0
cpu17 111829 0 124 219234 0 0 13 0 0 0
cpu18 111941 0 104 219144 1 0 2 0 0 0
cpu19 111763 0 131 219289 0 0 11 0 0 0
cpu20 111766 0 102 219316 0 0 2 0 0 0
cpu21 111862 0 90 219239 0 0 10 0 0 0
cpu22 112408 0 162 218627 0 0 2 0 0 0
cpu23 111606 0 175 219374 0 0 14 0 0 0
cpu24 111900 0 72 219230 0 0 1 0 0 0
cpu25 111679 0 196 219296 0 0 26 0 0 0
cpu26 112471 0 255 218371 4 0 30 0 0 0
cpu27 111857 0 99 219236 0 0 2 0 0 0
cpu28 111903 0 85 219204 0 0 0 0 0 0
cpu29 111761 0 185 219232 0 0 18 0 0 0
cpu30 111954 0 149 219084 2 0 0 0 0 0
cpu31 111902 0 64 219231 0 0 1 0 0 0
cpu32 111900 0 73 219208 0 0 0 0 0 0
cpu33 111728 0 204 219229 0 0 35 0 0 0
cpu34 111940 0 98 219076 69 0 3 0 0 0
cpu35 111675 0 245 219225 0 0 46 0 0 0
cpu36 111907 0 62 219227 0 0 0 0 0 0
cpu37 111858 0 99 219229 0 0 7 0 0 0
cpu38 111866 0 135 219188 0 0 1 0 0 0
cpu39 111859 0 104 219223 0 0 5 0 0 0
cpu40 111943 0 81 219171 0 0 0 0 0 0
cpu41 111826 0 80 219278 0 0 3 0 0 0
cpu42 111931 0 112 219135 3 0 2 0 0 0
cpu43 111866 0 67 219256 0 0 2 0 0 0
cpu44 111910 0 100 219182 0 0 0 0 0 0
cpu45 111836 0 114 219232 0 0 10 0 0 0
cpu46 112102 0 174 218908 0 0 2 0 0 0
cpu47 111780 0 194 219217 0 0 5 0 0 0
cpu48 111880 0 101 219208 1 0 1 0 0 0
cpu49 111838 0 116 219225 0 0 14 0 0 0
cpu50 111833 0 155 219199 0 0 0 0 0 0
cpu51 111882 0 68 219240 0 0 1 0 0 0
cpu52 111904 0 77 219187 16 0 0 0 0 0
cpu53 111879 0 83 219225 0 0 2 0 0 0
cpu54 111888 0 123 219147 4 0 2 0 0 0
cpu55 111844 0 105 219238 1 0 4 0 0 0
cpu56 111882 0 74 219225 0 0 2 0 0 0
cpu57 111769 0 156 219229 0 0 33 0 0 0
cpu58 111877 0 142 219155 1 0 0 0 0 0
cpu59 111782 0 68 219325 0 0 2 0 0 0
cpu60 111896 0 70 219219 0 0 0 0 0 0
cpu61 111796 0 126 219252 0 0 11 0 0 0
cpu62 111885 0 191 219088 4 0 0 0 0 0
cpu63 111896 0 65 219221 0 0 0 0 0 0
cpu64 111886 0 86 219211 1 0 0 0 0 0
cpu65 111814 0 104 219263 0 0 4 0 0 0
cpu66 112108 0 229 218810 1 0 1 0 0 0
cpu67 111883 0 80 219218 0 0 2 0 0 0
cpu68 111762 0 161 219251 0 0 0 0 0 0
cpu69 111756 0 149 219250 1 0 24 0 0 0
cpu70 112050 0 311 218736 81 0 1 0 0 0
cpu71 111887 0 91 219196 0 0 4 0 0 0
cpu72 111875 0 93 219208 1 0 1 0 0 0
cpu73 111841 0 116 219224 0 0 7 0 0 0
cpu74 112012 0 193 218911 46 0 2 0 0 0
cpu75 111794 0 106 219275 0 0 7 0 0 0
cpu76 111899 0 95 219159 8 0 0 0 0 0
cpu77 111874 0 64 219241 0 0 0 0 0 0
cpu78 111997 2 136 219021 16 0 3 0 0 0
cpu79 111559 0 384 219222 0 0 11 0 0 0
cpu80 111898 0 72 219202 0 0 0 0 0 0
cpu81 111891 0 72 219211 0 0 2 0 0 0
cpu82 111993 0 102 219069 4 0 0 0 0 0
cpu83 111851 0 70 219250 0 0 1 0 0 0
cpu84 111875 0 78 219215 0 0 0 0 0 0
cpu85 111831 0 118 219206 0 0 15 0 0 0
cpu86 112461 0 150 218555 0 0 2 0 0 0
cpu87 111714 0 140 219290 0 0 13 0 0 0
cpu88 111851 0 112 219210 0 0 0 0 0 0
cpu89 111871 0 84 219213 0 0 2 0 0 0
cpu90 111920 0 82 219150 10 0 0 0 0 0
cpu91 111745 0 154 219264 0 0 6 0 0 0
cpu92 111914 0 69 219190 0 0 0 0 0 0
cpu93 111844 0 117 219198 0 0 8 0 0 0
cpu94 112402 0 260 218497 1 0 4 0 0 0
cpu95 111899 0 80 219195 0 0 1 0 0 0
cpu96 111909 0 74 219191 0 0 0 0 0 0
cpu97 111843 0 109 219202 0 0 14 0 0 0
cpu98 112025 0 114 218952 59 0 5 0 0 0
cpu99 111857 0 77 219227 0 0 0 0 0 0
cpu100 111796 0 98 219269 1 0 2 0 0 0
cpu101 111882 0 85 219197 0 0 1 0 0 0
cpu102 111975 0 139 219055 1 0 0 0 0 0
cpu103 111899 0 69 219196 0 0 0 0 0 0
cpu104 111810 0 103 219244 0 0 4 0 0 0
cpu105 111853 0 110 219194 0 0 9 0 0 0
cpu106 111891 0 81 219185 2 0 0 0 0 0
cpu107 111888 0 76 219196 0 0 0 0 0 0
cpu108 111897 0 75 219190 0 0 0 0 0 0
cpu109 111796 0 106 219248 0 0 9 0 0 0
cpu110 112086 0 102 218970 1 0 0 0 0 0
cpu111 111746 0 167 219247 0 0 1 0 0 0
cpu112 111910 0 83 219157 10 0 0 0 0 0
cpu113 111892 0 74 219192 0 0 1 0 0 0
cpu114 111989 0 116 219047 4 0 0 0 0 0
cpu115 111859 0 65 219232 0 0 1 0 0 0
cpu116 111922 0 70 219168 0 0 0 0 0 0
cpu117 111894 0 72 219194 0 0 3 0 0 0
cpu118 111999 0 140 219010 1 0 3 0 0 0
cpu119 111891 0 74 219184 0 0 0 0 0 0
cpu120 111910 0 62 219185 0 0 0 0 0 0
cpu121 111870 0 97 219195 0 0 0 0 0 0
cpu122 112029 0 139 218966 2 0 0 0 0 0
cpu123 111904 0 67 219187 0 0 0 0 0 0
cpu124 111852 0 78 219226 0 0 1 0 0 0
cpu125 111879 0 106 219170 0 0 1 0 0 0
cpu126 111992 0 120 219039 1 0 0 0 0 0
cpu127 111908 0 113 219130 0 0 0 0 0 0
intr 41361035 129 0 0 0 678 0 0 0 1 0 254 0 0 0 0 0 0 0 0 0 0 0 0 0 0 0 0 0 0 0 0 0 0 0 0 260 0 5 825 0 1251 0 799 3 4137 6 863 0 1738 0 703 4 8503 0 424 0 2507 61 573 2 1994 2 911 38148 903 0 1358 0 1291 11 1310 3 1532 4 996 2 982 0 511 2 1167 3 984 9 4660 0 413 2 984 153 581 0 413 54 8889 2 839 3 1087 1 1083 20 473 33 731 0 672 0 1815 0 509 15 2225 0 152 0 8344 0 258 0 1316 0 802 0 2515 0 364 0 2152 0 835 6726 1254 0 719 5240 1378 16 890 3 410 52 676 0 1202 0 722 5 1028 0 307 6 894 0 352 67 0 0 0 0 0 0 0 0 0 0 160 168 32 32 866 10 198 12 67 5 4 52 7 111 480 26 26 14 98 15 227 67 10 4 20 6 90 15 6 6 0 87 2 6 0 0 0 0 0 0 0 0 0 0 0 0 0 0 0 0 1 3 2 0 14 21 1 39 17 1 11 24 24 28 6 701 4212 1559 633 661 85 10010 3355 1305 16 1633 28 37 367 87 132 2292 82 200 32 332 68 178 107 268 63 4 173 24 59 148 14 3 9 39 3 5 31 8 13 12 11 14 3 2 90 11 9 0 0 0 0 0 0 0 0 0 0 0 0 0 0 0 0 0 0 0 0 0 0 0 0 0 0 0 0 0 0 0 0 0 0 0 0 0 0 0 0 0 0 0 0 0 0 0 0 0 0 0 0 0 0 0 0 0 0 0 0 0 0 0 0 0 0 0 0 0 0 0 0 0 0 0 0 0 0 0 0 0 0 0 0 0 0 0 0 0 0 0 0 0 0 0 0 0 0 0 0 0 0 0 0 0 0 0 0 0 0 0 0 0 0 0 0 0 0 0 0 0 0 0 0 0 0 0 0 0 0 0 0 0 0 0 0 0 0 0 0 0 0 0 0 0 0 0 0 0 0 0 0 0 0 0 0 0 0 0 0 0 0 0 0 0 0 0 0 0 0 0 0 0 0 0 0 0 0 0 0 0 0 0 0 0 0 0 0 0 0 0 0 0 0 0 0 0 0 0 0 0 0 0 0 0 0 0 0 0 0 0 0 0 0 0 0 0 0 0 0 0 0 0 0 0 0 0 0 0 0 0 0 0 0 0 0 0 0 0 0 0 0 0 0 0 0 0 0 0 0 0 0 0 0 0 0 0 0 0 0 0 0 0 0 0 0 0 0 0 0 0 0 0 0 0 0 0 0 0 0 0 0 0 0 0 0 0 0 0 0 0 0 0 0 0 0 0 0 0 0 0 0 0 0 0 0 0 0 0 0 0 0 0 0 0 0 0 0 0 0 0 0 0 0 0 0 0 0 0 0 0 0 0 0 0 0 0 0 0 0 0 0 0 0 0 0 0 0 0 0 0 0 0 0 0 0 0 0 0 0 0 0 0 0 0 0 0 0 0 0 0 0 0 0 0 0 0 0 0 0 0 0 0 0 0 0 0 0 0 0 0 0 0 0 0 0 0 0 0 0 0 0 0 0 0 0 0 0 0 0 0 0 0 0 0 0 0 0 0 0 0 0 0 0 0 0 0 0 0 0 0 0 0 0 0 0 0 0 0 0 0 0 0 0 3 0 0 0 0 0 0 0 0 0 0 0 0 0 0 0 49 0 0 0 0 0 0 0 0 0 0 0 0 49 0 0 0 0 0 0 0 0 0 0 0 0 0 0 0 0 0 0 0 0 0 0 0 0 0 0 0 0 0 0 0 0 0 0 0 0 0 0 0 0 0 0 0 16 0 0 0 0 0 0 0 0 0 0 0 0 0 0 0 0 0 0 0 0 0 0 0 0 0 0 0 0 0 0 0 0 0 0 0 0 0 0 0 0 0 0 0 0 0 0 0 0 0 0 0 0 0 0 0 0 0 0 0 0 0 0 0 0 0 0 0 0 0 0 0 0 0 0 0 0 0 0 0 0 0 0 0 0 0 0 0 0 0 0 0 0 0 0 0 0 0 0 0 0 0 0 0 0 0 0 0 0 0 0 0 0 0 0 0 0 0 0 0 0 0 0 0 0 0 0 0 0 0 0 0 0 0 0 0 0 0 0 0 0 0 0 0 0 0 0 0 0 0 0 0 0 0 0 0 0 0 0 0 0 0 0 0 0 0 0 0 0 0 0 0 0 0 0 0 0 0 0 0 0 0 0 0 0 0 0 0 0 0 0 0 0 0 0 0 0 0 0 0 0 0 0 0 0 0 0 0 0 0 0 0 0 0 0 0 0 0 0 0 0 0 0 0 0 0 0 0 0 0 0 0 0 0 0 0 0 0 0 0 0 0 0 0 0 0 0 0 0 0 0 0 0 0 0 0 0 0 0 0 0 0 0 0 0 0 0 0 0 0 0 0 0 0 0 0 0 0 0 0 0 0 0 0 0 0 0 0 0 0 0 0 0 0 0 0 0 0 0 0 0 0 0 0 0 0 0 0 0 0 0 0 0 0 0 0 0 0 0 0 0 0 0 0 0 0 0 0 0 0 0 0 0 0 0 0 0 0 0 0 0 0 0 0 0 0 0 0 0 0 0 0 0 0 0 0 0 0 0 0 0 0 0 0 0 0 0 0 0 0 0 0 0 0 0 0 0 0 0 0 0 0 0 0 0 0 0 0 0 0 0 0 0 0 0 0 0 0 0 0 0 0 0 0 0 0 0 0 0 0 0 0 0 0 0 0 0 0 0 0 0 0 0 0 0 0 0 0 0 0 0 0 0 0 0 0 0 0 0 0 0 0 0 0 0 0 0 0 0 0 0 0 0 0 0 0 0 0 0 0 0 0 0 0 0 0 0 0 0 0 0 0 0 0 0 0 0 0 0 0 0 0 0 0 0 0 0 0 0 0 0 0 0 0 0 0 0 0 0 0 0 0 0 0 0 0 0 0 0 0 0 0 0 0 0 0 0 0 0 0 0 0 0 0 0 0 0 0 0 0 0 0 0 0 0 0 0 0 0 0 0 0 0 0 0 0 0 0 0 0 0 0 0 0 0 0 0 0 0 0 0 0 0 0 0 0 0 0 0 0 0 0 0 0 0 0 0 0 0 0 0 0 0 0 0 0 0 0 0 0 0 0 0 0 0 0 0 0 0 0 0 0 0 0 0 0 0 0 0 0 0 0 0 0 0 0 0 0 0 0 0 0 0 0 0 0 0 0 0 0 0 0 0 0 0 0 0 0 0 0 0 0 0 0 0 0 0 0 0 0 0 0 0 0 0 0 0 0 0 0 0 0 0 0 0 0 0 0 0 0 0 0 0 0 0 0 0 0 0 0 0 0 0 0 0 0 0 0 0 0 0 0 0 0 0 0 0 0 0 0 0 0 0 0 0 0 0 0 0 0 0 0 0 0 0 0 0 0 0 0 0 0 0 0 0 0 0 0 0 0 0 0 0 0 0 0 0 0 0 0 0 0 0 0 0 0 0 0 0 0 0 0 0 0 0 0 0 0 0 0 0 0 0 0 0 0 0 0 0 0 0 0 0 0 0 0 0 0 0 0 0 0 0 0 0 0 0 0 0 0 0 0 0 0 0 0 0 0 0 0 0 0 0 0 0 0 0 0 0 0 0 0 0 0 0 0 0 0 0 0 0 0 0 0 0 0 0 0 0 0 0 0 0 0 0 0 0 0 0 0 0 0 0 0 0 0 0 0 0 0 0 0 0 0 0 0 0 0 0 0 0 0 0 0 0 0 0 0 0 0 0 0 0 0 0 0 0 0 0 0 0 0 0 0 0 0 0 0 0 0 0 0 0 0 0 0 0 0 0 0 0 0 0 0 0 0 0 0 0 0 0 0 0 0 0 0 0 0 0 0 0 0 0 0 0 0 0 0 0 0 0 0 0 0 0 0 0 0 0 0 0 0 0 0 0 0 0 0 0 0 0 0 0 0 0 0 0 0 0 0 0 0 0 0 0 0 0 0 0 0 0 0 0 0 0 0 0 0 0 0 0 0 0 0 0 0 0 0 0 0 0 0 0 0 0 0 0 0 0 0 0 0 0 0 0 0 0 0 0 0 0 0 0 0 0 0 0 0 0 0 0 0 0 0 0 0 0 0 0 0 0 0 0 0 0 0 0 0 0 0 0 0 0 0 0 0 0 0 0 0 0 0 0 0 0 0 0 0 0 0 0 0 0 0 0 0 0 0 0 0 0 0 0 0 0 0 0 0 0 0 0 0 0 0 0 0 0 0 0 0 0 0 0 0 0 0 0 0 0 0 0 0 0 0 0 0 0 0 0 0 0 0 0 0 0 0 0 0 0 0 0 0 0 0 0 0 0 0 0 0 0 0 0 0 0 0 0 0 0 0 0 0 0 0 0 0 0 0 0 0 0 0 0 0 0 0 0 0 0 0 0 0 0 0 0 0 0 0 0 0 0 0 0 0 0 0 0 0 0 0 0 0 0 0 0 0 0 0 0 0 0 0 0 0 0 0 0 0 0 0 0 0 0 0 0 0 0 0 0 0 0 0 0 0 0 0 0 0 0 0 0 0 0 0 0 0 0 0 0 0 0 0 0 0 0 0 0 0 0 0 0 0 0 0 0 0 0 0 0 0 0 0 0 0 0 0 0 0 0 0 0 0 0 0 0 0 0 0 0 0 0 0 0 0 0 0 0 0 0 0 0 0 0 0 0 0 0 0 0 0 0 0 0 0 0 0 0 0 0 0 0 0 0 0 0 0 0 0 0 0 0 0 0 0 0 0 0 0 0 0 0 0 0 0 0 0 0 0 0 0 0 0 0 0 0 0 0 0 0 0 0 0 0 0 0 0 0 0 0 0 0 0 0 0 0 0 0 0 0 0 0 0 0 0 0 0 0 0 0 0 0 0 0 0 0 0 0 0 0 0 0 0 0 0 0 0 0 0 0 0 0 0 0 0 0 0 0 0 0 0 0 0 0 0 0 0 0 0 0 0 0 0 0 0 0 0 0 0 0 0 0 0 0 0 0 0 0 0 0 0 0 0 0 0 0 0 0 0 0 0 0 0 0 0 0 0 0 0 0 0 0 0 0 0 0 0 0 0 0 0 0 0 0 0 0 0 0 0 0 0 0 0 0 0 0 0 0 0 0 0 0 0 0 0 0 0 0 0 0 0 0 0 0 0 0 0 0 0 0 0 0 0 0 0 0 0 0 0 0 0 0 0 0 0 0 0 0 0 0 0 0 0 0 0 0 0 0 0 0 0 0 0 0 0 0 0 0 0 0 0 0 0 0 0 0 0 0 0 0 0 0 0 0 0 0 0 0 0 0 0 0 0 0 0 0 0 0 0 0 0 0 0 0 0 0 0 0 0 0 0 0 0 0 0 0 0 0 0 0 0 0 0 0 0 0 0 0 0 0 0 0 0 0 0 0 0 0 0 0 0 0 0 0 0 0 0 0 0 0 0 0 0 0 0 0 0 0 0 0 0 0 0 0 0 0 0 0 0 0 0 0 0 0 0 0 0 0 0 0 0 0 0 0 0 0 0 0 0 0 0 0 0 0 0 0 0 0 0 0 0 0 0 0 0 0 0 0 0 0 0 0 0 0 0 0 0 0 0 0 0 0 0 0 0 0 0 0 0 0 0 0 0 0 0 0 0 0 0 0 0 0 0 0 0 0 0 0 0 0 0 0 0 0 0 0 0 0 0 0 0 0 0 0 0 0 0 0 0 0 0 0 0 0 0 0 0 0 0 0 0 0 0 0 0 0 0 0 0 0 0 0 0 0 0 0 0 0 0 0 0 0 0 0 0 0 0 0 0 0 0 0 0 0 0 0 0 0 0 0 0 0 0 0 0 0 0 0 0 0 0 0 0 0 0 0 0 0 0 0 0 0 0 0 0 0 0 0 0 0 0 0 0 0 0 0 0 0 0 0 0 0 0 0 0 0 0 0 0 0 0 0 0 0 0 0 0 0 0 0 0 0 0 0 0 0 0 0 0 0 0 0 0 0 0 0 0 0 0 0 0 0 0 0 0 0 0 0 0 0 0 0 0 0 0 0 0 0 0 0 0 0 0 0 0 0 0 0 0 0 0 0 0 0 0 0 0 0 0 0 0 0 0 0 0 0 0 0 0 0 0 0 0 0 0 0 0 0 0 0 0 0 0 0 0 0 0 0 0 0 0 0 0 0 0 0 0 0 0 0 0 0 0 0 0 0 0 0 0 0 0 0 0 0 0 0 0 0 0 0 0 0 0 0 0 0 0 0 0 0 0 0 0 0 0 0 0 0 0 0 0 0 0 0 0 0 0 0 0 0 0 0 0 0 0 0 0 0 0 0 0 0 0 0 0 0 0 0 0 0 0 0 0 0 0 0 0 0 0 0 0 0 0 0 0 0 0 0 0 0 0 0 0 0 0 0 0 0 0 0 0 0 0 0 0 0 0 0 0 0 0 0 0 0 0 0 0 0 0 0 0 0 0 0 0 0 0 0 0 0 0 0 0 0 0 0 0 0 0 0 0 0 0 0 0 0 0 0 0 0 0 0 0 0 0 0 0 0 0 0 0 0 0 0 0 0 0 0 0 0 0 0 0 0 0 0 0 0 0 0 0 0 0 0 0 0 0 0 0 0 0 0 0 0 0 0 0 0 0 0 0 0 0 0 0 0 0 0 0 0 0 0 0 0 0 0 0 0 0 0 0 0 0 0 0 0 0 0 0 0 0 0 0 0 0 0 0 0 0 0 0 0 0 0 0 0 0 0 0 0 0 0 0 0 0 0 0 0 0 0 0 0 0 0 0 0 0 0 0 0 0 0 0 0 0 0 0 0 0 0 0 0 0 0 0 0 0 0 0 0 0 0 0 0 0 0 0 0 0 0 0 0 0 0 0 0 0 0 0 0 0 0 0 0 0 0 0 0 0 0 0 0 0 0 0 0 0 0 0 0 0 0 0 0 0 0 0 0 0 0 0 0 0 0 0 0 0 0 0 0 0 0 0 0 0 0 0 0 0 0 0 0 0 0 0 0 0 0 0 0 0 0 0 0 0 0 0 0 0 0 0 0 0 0 0 0 0 0 0 0 0 0 0 0 0 0 0 0 0 0 0 0 0 0 0 0 0 0 0 0 0 0 0 0 0 0 0 0 0 0 0 0 0 0 0 0 0 0 0 0 0 0 0 0 0 0 0 0 0 0 0 0 0 0 0 0 0 0 0 0 0 0 0 0 0 0 0 0 0 0 0 0 0 0 0 0 0 0 0 0 0 0 0 0 0 0 0 0 0 0 0 0 0 0 0 0 0 0 0 0 0 0 0 0 0 0 0 0 0 0 0 0 0 0 0 0 0 0 0 0 0 0 0 0 0 0 0 0 0 0 0 0 0 0 0 0 0 0 0 0 0 0 0 0 0 0 0 0 0 0 0 0 0 0 0 0 0 0 0 0 0 0 0 0 0 0 0 0 0 0 0 0 0 0 0 0 0 0 0 0 0 0 0 0 0 0 0 0 0 0 0 0 0 0 0 0 0 0 0 0 0 0 0 0 0 0 0 0 0 0 0 0 0 0 0 0 0 0 0 0 0 0 0 0 0 0 0 0 0 0 0 0 0 0 0 0 0 0 0 0 0 0 0 0 0 0 0 0 0 0 0 0 0 0 0 0 0 0 0 0 0 0 0 0 0 0 0 0 0 0 0 0 0 0 0 0 0 0 0 0 0 0 0 0 0 0 0 0 0 0 0 0 0 0 0 0 0 0 0 0 0 0 0 0 0 0 0 0 0 0 0 0 0 0 0 0 0 0 0 0 0 0 0 0 0 0 0 0 0 0 0 0 0 0 0 0 0 0 0 0 0 0 0 0 0 0 0 0 0 0 0 0 0 0 0 0 0 0 0 0 0 0 0 0 0 0 0 0 0 0 0 0 0 0 0 0 0 0 0 0 0 0 0 0 0 0 0 0 0 0 0 0 0 0 0 0 0 0 0 0 0 0 0 0 0 0 0 0 0 0 0 0 0 0 0 0 0 0 0 0 0 0 0 0 0 0 0 0 0 0 0 0 0 0 0 0 0 0 0 0 0 0 0 0 0 0 0 0 0 0 0 0 0 0 0 0 0 0 0 0 0 0 0 0 0 0 0 0 0 0 0 0 0 0 0 0 0 0 0 0 0 0 0 0 0 0 0 0 0 0 0 0 0 0 0 0 0 0 0 0 0 0 0 0 0 0 0 0 0 0 0 0 0 0 0 0 0 0 0 0 0 0 0 0 0 0 0 0 0 0 0 0 0 0 0 0 0 0 0 0 0 0 0 0 0 0 0 0 0 0 0 0 0 0 0 0 0 0 0 0 0 0 0 0 0 0 0 0 0 0 0 0 0 0 0 0 0 0 0 0 0 0 0 0 0 0 0 0 0 0 0 0 0 0 0 0 0 0 0 0 0 0 0 0 0 0 0 0 0 0 0 0 0 0 0 0 0 0 0 0 0 0 0 0 0 0 0 0 0 0 0 0 0 0 0 0 0 0 0 0 0 0 0 0 0 0 0 0 0 0 0 0 0 0 0 0 0 0 0 0 0 0 0 0 0 0 0 0 0 0 0 0 0 0 0 0 0 0 0 0 0 0 0 0 0 0 0 0 0 0 0 0 0 0 0 0 0 0 0 0 0 0 0 0 0 0 0 0 0 0 0 0 0 0 0 0 0 0 0 0 0 0 0 0 0 0 0 0 0 0 0 0 0 0 0 0 0 0 0 0 0 0 0 0 0 0 0 0 0 0 0 0 0 0 0 0 0 0 0 0 0 0 0 0 0 0 0 0 0 0 0 0 0 0 0 0 0 0 0 0 0 0 0 0 0 0 0 0 0 0 0 0 0 0 0 0 0 0 0 0 0 0 0 0 0 0 0 0 0 0 0 0 0 0 0 0 0 0 0 0 0 0 0 0 0 0 0 0 0 0 0 0 0 0 0 0 0 0 0 0 0 0 0 0 0 0 0 0 0 0 0 0 0 0 0 0 0 0 0 0 0 0 0 0 0 0 0 0 0 0 0 0 0 0 0 0 0 0 0 0 0 0 0 0 0 0 0 0 0 0 0 0 0 0 0 0 0 0 0 0 0 0 0 0 0 0 0 0 0 0 0 0 0 0 0 0 0 0 0 0 0 0 0 0 0 0 0 0 0 0 0 0 0 0 0 0 0 0 0 0 0 0 0 0 0 0 0 0 0 0 0 0 0 0 0 0 0 0 0 0 0 0 0 0 0 0 0 0 0 0 0 0 0 0 0 0 0 0 0 0 0 0 0 0 0 0 0 0 0 0 0 0 0 0 0 0 0 0 0 0 0 0 0 0 0 0 0 0 0 0 0 0 0 0 0 0 0 0 0 0 0 0 0 0 0 0 0 0 0 0 0 0 0 0 0 0 0 0 0 0 0 0 0 0 0 0 0 0 0 0 0 0 0 0 0 0 0 0 0 0 0 0 0 0 0 0 0 0 0 0 0 0 0 0 0 0 0 0 0 0 0 0 0 0 0 0 0 0 0 0 0 0 0 0 0 0 0 0 0 0 0 0 0 0 0 0 0 0 0 0 0 0 0 0 0 0 0 0 0 0 0 0 0 0 0 0 0 0 0 0 0 0 0 0 0 0 0 0 0 0 0 0 0 0 0 0 0 0 0 0 0 0 0 0 0 0 0 0 0 0 0 0 0 0 0 0 0 0 0 0 0 0 0 0 0 0 0 0 0 0 0 0 0 0 0 0 0 0 0 0 0 0 0 0 0 0 0 0 0 0 0 0 0 0 0 0 0 0 0 0 0 0 0 0 0 0 0 0 0 0 0 0 0 0 0 0 0 0 0 0 0 0 0 0 0 0 0 0 0 0 0 0 0 0 0 0 0 0 0 0 0 0 0 0 0 0 0 0 0 0 0 0 0 0 0 0 0 0 0 0 0 0 0 0 0 0 0 0 0 0 0 0 0 0 0 0 0 0 0 0 0 0 0 0 0 0 0 0 0 0 0 0 0 0 0
ctxt 3305927
btime 1613064758
processes 68138
procs_running 1
procs_blocked 0
softirq 44126723 1 25552117 1574 602495 0 0 169 1530405 0 16439962
