cpu  1621460 8 5056 2449924 177 0 238 0 0 0
cpu0 25277 0 269 37942 0 0 88 0 0 0
cpu1 25292 0 68 38325 9 0 38 0 0 0
cpu2 25287 0 80 38346 1 0 4 0 0 0
cpu3 25191 0 146 38362 4 0 12 0 0 0
cpu4 25818 0 320 37496 8 0 0 0 0 0
cpu5 25314 0 34 38362 4 0 0 0 0 0
cpu6 25325 0 72 38306 1 0 1 0 0 0
cpu7 25403 0 59 38251 2 0 0 0 0 0
cpu8 25295 0 122 38288 0 0 2 0 0 0
cpu9 25326 0 75 38306 3 0 8 0 0 0
cpu10 25306 0 146 38244 3 0 0 0 0 0
cpu11 25320 0 57 38331 2 0 0 0 0 0
cpu12 25345 0 95 38272 1 0 0 0 0 0
cpu13 25411 0 74 38215 1 0 0 0 0 0
cpu14 25429 0 91 38194 0 0 2 0 0 0
cpu15 25508 0 104 38083 2 0 0 0 0 0
cpu16 25337 0 62 38306 0 0 0 0 0 0
cpu17 25389 0 135 38163 1 0 8 0 0 0
cpu18 25389 0 64 38261 0 0 0 0 0 0
cpu19 25321 0 125 38249 1 0 6 0 0 0
cpu20 25294 0 71 38255 47 0 0 0 0 0
cpu21 25357 0 63 38279 11 0 0 0 0 0
cpu22 25298 0 86 38322 1 0 0 0 0 0
cpu23 25326 0 47 38330 8 0 0 0 0 0
cpu24 25307 0 86 38303 1 0 3 0 0 0
cpu25 25306 0 31 38376 1 0 0 0 0 0
cpu26 25301 0 60 38341 0 0 0 0 0 0
cpu27 25318 0 41 38350 1 0 0 0 0 0
cpu28 25301 0 62 38347 0 0 0 0 0 0
cpu29 25311 0 40 38356 2 0 0 0 0 0
cpu30 25307 0 60 38333 0 0 0 0 0 0
cpu31 25312 0 32 38360 1 0 0 0 0 0
cpu32 25386 0 82 38232 1 0 0 0 0 0
cpu33 25290 0 42 38374 1 0 0 0 0 0
cpu34 25297 2 43 38362 0 0 0 0 0 0
cpu35 25191 0 132 38374 0 0 8 0 0 0
cpu36 25261 0 102 38331 0 0 4 0 0 0
cpu37 25304 0 32 38360 5 0 0 0 0 0
cpu38 25306 0 51 38346 1 0 0 0 0 0
cpu39 25305 0 50 38348 1 0 0 0 0 0
cpu40 25366 0 83 38242 5 0 0 0 0 0
cpu41 25384 0 62 38242 1 0 0 0 0 0
cpu42 25307 0 62 38328 0 0 0 0 0 0
cpu43 25329 0 70 38303 0 0 0 0 0 0
cpu44 25330 0 68 38304 0 0 0 0 0 0
cpu45 25371 0 76 38250 0 0 0 0 0 0
cpu46 25520 0 90 38085 0 0 0 0 0 0
cpu47 25449 0 104 38136 2 0 0 0 0 0
cpu48 25324 0 52 38317 0 0 0 0 0 0
cpu49 25412 0 144 38138 2 0 0 0 0 0
cpu50 25319 0 38 38339 0 0 0 0 0 0
cpu51 25353 0 89 38254 2 0 0 0 0 0
cpu52 25312 0 54 38333 0 0 2 0 0 0
cpu53 25349 0 58 38290 3 0 0 0 0 0
cpu54 25302 0 52 38336 1 0 0 0 0 0
cpu55 25321 0 43 38333 0 0 0 0 0 0
cpu56 25318 0 64 38310 0 0 0 0 0 0
cpu57 25311 0 40 38340 0 0 0 0 0 0
cpu58 25313 0 50 38327 0 0 0 0 0 0
cpu59 25138 1 164 38352 1 0 41 0 0 0
cpu60 25310 0 45 38328 0 0 0 0 0 0
cpu61 25309 0 32 38352 0 0 0 0 0 0
cpu62 25303 0 40 38348 0 0 0 0 0 0
cpu63 25322 0 41 38321 7 0 0 0 0 0
intr 5278006 83 0 0 0 639 0 0 0 1 0 282 0 0 0 0 0 0 0 0 0 0 0 0 0 0 0 0 0 0 0 0 0 0 0 0 0 0 0 832 1 1420 9172 3 0 1250 2 612 5595 11 0 2 2 245 0 64 11115 8 893 14 8 0 0 528 5 12 0 0 0 0 2 0 0 0 4852 54 2 0 22 16 0 0 4 40 5 12 10 372 1 2 629 2701 0 1418 2 0 0 41 1 7 0 0 0 0 0 0 0 0 0 0 0 0 0 0 0 0 0 0 0 0 29185 93 0 0 0 0 0 0 0 0 0 0 0 0 0 0 0 0 0 0 0 0 0 0 0 0 0 0 0 0 0 0 0 0 0 0 0 0 0 0 0 0 0 0 0 0 0 0 0 0 0 0 0 0 0 0 0 0 0 0 0 0 0 0 0 0 0 0 0 0 0 0 0 0 0 0 0 15 0 0 0 0 0 0 0 0 0 0 0 0 0 0 0 0 0 0 0 0 0 0 0 0 0 0 0 0 0 0 0 0 0 0 0 0 0 0 0 0 0 0 0 0 0 0 0 0 0 0 0 0 0 0 0 0 0 0 0 0 0 0 0 0 0 0 0 0 0 0 0 0 0 0 0 0 0 0 0 0 0 0 0 0 0 0 0 0 0 0 0 0 0 0 0 0 0 0 0 0 0 0 0 0 0 0 0 0 0 0 0 0 0 0 0 0 0 0 0 0 0 0 0 0 0 0 0 0 0 0 0 0 0 0 0 0 0 0 0 0 0 0 0 0 0 0 0 0 0 0 0 0 0 0 0 0 0 0 0 0 0 0 0 0 0 0 0 0 0 0 0 0 0 0 0 0 0 0 0 0 0 0 0 0 0 0 0 0 0 0 0 0 0 0 0 0 0 0 0 0 0 0 0 0 0 0 0 0 0 0 0 0 0 0 0 0 0 0 0 0 0 0 0 0 0 0 0 0 0 0 0 0 0 0 0 0 0 0 0 0 0 0 0 0 0 0 0 0 0 0 0 0 0 0 0 0 0 0 0 0 0 0 0 0 0 0 0 0 0 0 0 0 0 0 0 0 0 0 0 0 0 0 0 0 0 0 0 0 0 0 0 0 0 0 0 0 0 0 0 0 0 0 0 0 0 0 0 0 0 0 0 0 0 0 0 0 0 0 0 0 0 0 0 0 0 0 0 0 0 0 0 0 0 0 0 0 0 0 0 0 0 0 0 0 0 0 0 0 0 0 0 0 0 0 0 0 0 0 0 0 0 0 0 0 0 0 0 0 0 0 0 0 0 0 0 0 0 0 0 0 0 0 0 0 0 0 0 0 0 0 0 0 0 0 0 0 0 0 0 0 0 0 0 0 0 0 0 0 0 0 0 0 0 0 0 0 0 0 0 0 0 0 0 0 0 0 0 0 0 0 0 0 0 0 0 0 0 0 0 0 0 0 0 0 0 0 0 0 0 0 0 0 0 0 0 0 0 0 0 0 0 0 0 0 0 0 0 0 0 0 0 0 0 0 0 0 0 0 0 0 0 0 0 0 0 0 0 0 0 0 0 0 0 0 0 0 0 0 0 0 0 0 0 0 0 0 0 0 0 0 0 0 0 0 0 0 0 0 0 0 0 0 0 0 0 0 0 0 0 0 0 0 0 0 0 0 0 0 0 0 0 0 0 0 0 0 0 0 0 0 0 0 0 0 0 0 0 0 0 0 0 0 0 0 0 0 0 0 0 0 0 0 0 0 0 0 0 0 0 0 0 0 0 0 0 0 0 0 0 0 0 0 0 0 0 0 0 0 0 0 0 0 0 0 0 0 0 0 0 0 0 0 0 0 0 0 0 0 0 0 0 0 0 0 0 0 0 0 0 0 0 0 0 0 0 0 0 0 0 0 0 0 0 0 0 0 0 0 0 0 0 0 0 0 0 0 0 0 0 0 0 0 0 0 0 0 0 0 0 0 0 0 0 0 0 0 0 0 0 0 0 0 0 0 0 0 0 0 0 0 0 0 0 0 0 0 0 0 0 0 0 0 0 0 0 0 0 0 0 0 0 0 0 0 0 0 0 0 0 0 0 0 0 0 0 0 0 0 0 0 0 0 0 0 0 0 0 0 0 0 0 0 0 0 0 0 0 0 0 0 0 0 0 0 0 0 0 0 0 0 0 0 0 0 0 0 0 0 0 0 0 0 0 0 0 0 0 0 0 0 0 0 0 0 0 0 0 0 0 0 0 0 0 0 0 0 0 0 0 0 0 0 0 0 0 0 0 0 0 0 0 0 0 0 0 0 0 0 0 0 0 0 0 0 0 0 0 0 0 0 0 0 0 0 0 0 0 0 0 0 0 0 0 0 0 0 0 0 0 0 0 0 0 0 0 0 0 0 0 0 0 0 0 0 0 0 0 0 0 0 0 0 0 0 0 0 0 0 0 0 0 0 0 0 0 0 0 0 0 0 0 0 0 0 0 0 0 0 0 0 0 0 0 0 0 0 0 0 0 0 0 0 0 0 0 0 0 0 0 0 0 0 0 0 0 0 0 0 0 0 0 0 0 0 0 0 0 0 0 0 0 0 0 0 0 0 0 0 0 0 0 0 0 0 0 0 0 0 0 0 0 0 0 0 0 0 0 0 0 0 0 0 0 0 0 0 0 0 0 0 0 0 0 0 0 0 0 0 0 0 0 0 0 0 0 0 0 0 0 0 0 0 0 0 0 0 0 0 0 0 0 0 0 0 0 0 0 0 0 0 0 0 0 0 0 0 0 0 0 0 0 0 0 0 0 0 0 0 0 0 0 0 0 0 0 0 0 0 0 0 0 0 0 0 0 0 0 0 0 0 0 0 0 0 0 0 0 0 0 0 0 0 0 0 0 0 0 0 0 0 0 0 0 0 0 0 0 0 0 0 0 0 0 0 0 0 0 0 0 0 0 0 0 0 0 0 0 0 0 0 0 0 0 0 0 0 0 0 0 0 0 0 0 0 0 0 0 0 0 0 0 0 0 0 0 0 0 0 0 0 0 0 0 0 0 0 0 0 0 0 0 0 0 0 0 0 0 0 0 0 0 0 0 0 0 0 0 0 0 0 0 0 0 0 0 0 0 0 0 0 0 0 0 0 0 0 0 0 0 0 0 0 0 0 0 0 0 0 0 0 0 0 0 0 0 0 0 0 0 0 0 0 0 0 0 0 0 0 0 0 0 0 0 0 0 0 0 0 0 0 0 0 0 0 0 0 0 0 0 0 0 0 0 0 0 0 0 0 0 0 0 0 0 0 0 0 0 0 0 0 0 0 0 0 0 0 0 0 0 0 0 0 0 0 0 0 0 0 0 0 0 0 0 0 0 0 0 0 0 0 0 0 0 0 0 0 0 0 0 0 0 0 0 0 0 0 0 0 0 0 0 0 0 0 0 0 0 0 0 0 0 0 0 0 0 0 0 0 0 0 0 0 0 0 0 0 0 0 0 0 0 0 0 0 0 0 0 0 0 0 0 0 0 0 0 0 0 0 0 0 0 0 0 0 0 0 0 0 0 0 0 0 0 0 0 0 0 0 0 0 0 0 0 0 0 0 0 0 0 0 0 0 0 0 0 0 0 0 0 0 0 0 0 0 0 0 0 0 0 0 0 0 0 0 0 0 0 0 0 0 0 0 0 0 0 0 0 0 0 0 0 0 0 0 0 0 0 0 0 0 0 0 0 0 0 0 0 0 0 0 0 0 0 0 0 0 0 0 0 0 0 0 0 0 0 0 0 0 0 0 0 0 0 0 0 0 0 0 0 0 0 0 0 0 0 0 0 0 0 0 0 0 0 0 0 0 0 0 0 0 0 0 0 0 0 0 0 0 0 0 0 0 0 0 0 0 0 0 0 0 0 0 0 0 0 0 0 0 0 0 0 0 0 0 0 0 0 0 0 0 0 0 0 0 0 0 0 0 0 0 0 0 0 0 0 0 0 0 0 0 0 0 0 0 0 0 0 0 0 0 0 0 0 0 0 0 0 0 0 0 0 0 0 0 0 0 0 0 0 0 0 0 0 0 0 0 0 0 0 0 0 0 0 0 0 0 0 0 0 0 0 0 0 0 0 0 0 0 0 0 0 0 0 0 0 0 0 0 0 0 0 0 0 0 0 0 0 0 0 0 0 0 0 0 0 0 0 0 0 0 0 0 0 0 0 0 0 0 0 0 0 0 0 0 0 0 0 0 0 0 0 0 0 0 0 0 0 0 0 0 0 0 0 0 0 0 0 0 0 0 0 0 0 0 0 0 0 0 0 0 0 0 0 0 0 0 0 0 0 0 0 0 0 0 0 0 0 0 0 0 0 0 0 0 0 0 0 0 0 0 0 0 0 0 0 0 0 0 0 0 0 0 0 0 0 0 0 0 0 0 0 0 0 0 0 0 0 0 0 0 0 0 0 0 0 0 0 0 0 0 0 0 0 0 0 0 0 0 0 0 0 0 0 0 0 0 0 0 0 0 0 0 0 0 0 0 0 0 0 0 0 0 0 0 0 0 0 0 0 0 0 0 0 0 0 0 0 0 0 0 0 0 0 0 0 0 0 0 0 0 0 0 0 0 0 0 0 0 0 0 0 0 0 0 0 0 0 0 0 0 0 0 0 0 0 0 0 0 0 0 0 0 0 0 0 0 0 0 0 0 0 0 0 0 0 0 0 0 0 0 0 0 0 0 0 0 0 0 0 0 0 0 0 0 0 0 0 0 0 0 0 0 0 0 0 0 0 0 0 0 0 0 0 0 0 0 0 0 0 0 0 0 0 0 0 0 0 0 0 0 0 0 0 0 0 0 0 0 0 0 0 0 0 0 0 0 0 0 0 0 0 0 0 0 0 0 0 0 0 0 0 0 0 0 0 0 0 0 0 0 0 0 0 0 0 0 0 0 0 0 0 0 0 0 0 0 0 0 0 0 0 0 0 0 0 0 0 0 0 0 0 0 0 0 0 0 0 0 0 0 0 0 0 0 0 0 0 0 0 0 0 0 0 0 0 0 0 0 0 0 0 0 0 0 0 0 0 0 0 0 0 0 0 0 0 0 0 0 0 0 0 0 0 0 0 0 0 0 0 0 0 0 0 0 0 0 0 0 0 0 0 0 0 0 0 0 0 0 0 0 0 0 0 0 0 0 0 0 0 0 0 0 0 0 0 0 0 0 0
ctxt 1201225
btime 1613123985
processes 26652
procs_running 1
procs_blocked 0
softirq 6185166 1 3690678 304 189775 0 0 139 294893 0 2009376
