cpu  13568354 5 18262 8246884 129 0 1432 0 0 0
cpu0 211643 0 771 128458 0 0 269 0 0 0
cpu1 211902 0 290 128957 2 0 87 0 0 0
cpu2 211642 0 630 128867 0 0 40 0 0 0
cpu3 212008 0 146 129032 7 0 10 0 0 0
cpu4 211514 0 694 128850 0 0 36 0 0 0
cpu5 212024 0 126 129033 0 0 10 0 0 0
cpu6 211958 0 427 128772 0 0 28 0 0 0
cpu7 211524 0 556 129010 0 0 105 0 0 0
cpu8 211919 0 551 128686 0 0 23 0 0 0
cpu9 212028 0 115 129037 0 0 12 0 0 0
cpu10 212027 0 371 128767 0 0 14 0 0 0
cpu11 212032 0 124 129027 0 0 7 0 0 0
cpu12 211967 0 298 128903 0 0 18 0 0 0
cpu13 212092 0 64 129035 0 0 0 0 0 0
cpu14 211890 0 393 128889 2 0 13 0 0 0
cpu15 211732 0 386 129019 0 0 54 0 0 0
cpu16 211804 0 438 128911 3 0 20 0 0 0
cpu17 212096 0 72 129013 0 0 0 0 0 0
cpu18 212050 0 475 128621 4 0 28 0 0 0
cpu19 212090 0 74 129025 0 0 0 0 0 0
cpu20 212032 0 562 128451 59 0 31 0 0 0
cpu21 212088 0 91 129010 0 0 2 0 0 0
cpu22 211673 0 530 128942 1 0 30 0 0 0
cpu23 212096 0 62 129028 0 0 1 0 0 0
cpu24 211852 1 320 128993 0 0 18 0 0 0
cpu25 212080 0 84 129021 0 0 2 0 0 0
cpu26 211704 0 487 128968 0 0 20 0 0 0
cpu27 212074 0 82 129023 0 0 5 0 0 0
cpu28 212016 0 335 128819 0 0 13 0 0 0
cpu29 212059 0 103 129025 0 0 1 0 0 0
cpu30 211679 0 579 128879 1 0 34 0 0 0
cpu31 212058 0 101 129019 1 0 1 0 0 0
cpu32 211983 0 535 128647 0 0 7 0 0 0
cpu33 211975 0 167 129027 0 0 5 0 0 0
cpu34 211832 0 371 128942 0 0 16 0 0 0
cpu35 212020 0 134 129024 0 0 5 0 0 0
cpu36 211886 0 363 128887 0 0 12 0 0 0
cpu37 212068 0 83 129026 0 0 4 0 0 0
cpu38 212074 0 266 128815 2 0 20 0 0 0
cpu39 211032 0 942 129006 0 0 191 0 0 0
cpu40 212040 0 321 128801 0 0 12 0 0 0
cpu41 211967 0 179 129009 1 0 26 0 0 0
cpu42 213725 0 568 126845 14 0 5 0 0 0
cpu43 212087 0 69 129020 1 0 0 0 0 0
cpu44 212612 0 302 128261 0 0 4 0 0 0
cpu45 212099 0 59 129021 1 0 0 0 0 0
cpu46 212953 0 442 127748 2 0 5 0 0 0
cpu47 212082 0 82 129008 1 0 6 0 0 0
cpu48 212128 0 218 128809 0 0 7 0 0 0
cpu49 212097 0 60 129021 0 0 0 0 0 0
cpu50 212220 1 353 128529 0 0 42 0 0 0
cpu51 212096 0 66 129011 0 0 0 0 0 0
cpu52 211925 0 262 128972 0 0 10 0 0 0
cpu53 212116 0 57 128993 0 0 0 0 0 0
cpu54 211949 0 340 128865 0 0 13 0 0 0
cpu55 212114 0 48 129011 0 0 0 0 0 0
cpu56 211947 0 252 128964 0 0 10 0 0 0
cpu57 212087 0 66 129021 0 0 1 0 0 0
cpu58 211872 0 301 128987 3 0 10 0 0 0
cpu59 212078 0 75 129019 0 0 2 0 0 0
cpu60 212067 0 173 128917 0 0 6 0 0 0
cpu61 211944 0 198 129006 0 0 25 0 0 0
cpu62 211959 0 305 128587 0 0 14 0 0 0
cpu63 211943 0 244 128967 0 0 18 0 0 0
intr 39212670 83 0 0 0 622 0 0 0 1 0 285 0 0 0 0 0 0 0 0 0 0 0 0 0 0 0 0 0 0 0 0 0 0 0 0 0 0 0 1970 7854 1072 4399 1987 375 358 20247 851 1713 600 4289 283 0 688 13535 2700 0 2136 0 21314 0 4598 0 1198 793 841 0 510 2 941 0 1233 2443 1077 2969 682 2258 2963 5135 1553 18 758 2 283 1 289 2175 1143 115 26731 703 1451 10 769 3 523 648 1109 0 888 1 485 4039 0 0 0 0 0 0 0 0 0 0 0 0 0 0 0 0 0 31118 93 0 0 0 0 0 0 0 0 0 0 0 0 0 0 0 0 0 0 0 0 0 0 0 0 0 0 0 0 0 0 0 0 0 0 0 0 0 0 0 0 0 0 0 0 0 0 0 0 0 0 0 0 0 0 0 0 0 0 0 0 0 0 0 0 0 0 0 0 0 0 0 0 0 0 0 25 0 0 0 0 0 0 0 0 0 0 0 0 0 0 0 0 0 0 0 0 0 0 0 0 0 0 0 0 0 0 0 0 0 0 0 0 0 0 0 0 0 0 0 0 0 0 0 0 0 0 0 0 0 0 0 0 0 0 0 0 0 0 0 0 0 0 0 0 0 0 0 0 0 0 0 0 0 0 0 0 0 0 0 0 0 0 0 0 0 0 0 0 0 0 0 0 0 0 0 0 0 0 0 0 0 0 0 0 0 0 0 0 0 0 0 0 0 0 0 0 0 0 0 0 0 0 0 0 0 0 0 0 0 0 0 0 0 0 0 0 0 0 0 0 0 0 0 0 0 0 0 0 0 0 0 0 0 0 0 0 0 0 0 0 0 0 0 0 0 0 0 0 0 0 0 0 0 0 0 0 0 0 0 0 0 0 0 0 0 0 0 0 0 0 0 0 0 0 0 0 0 0 0 0 0 0 0 0 0 0 0 0 0 0 0 0 0 0 0 0 0 0 0 0 0 0 0 0 0 0 0 0 0 0 0 0 0 0 0 0 0 0 0 0 0 0 0 0 0 0 0 0 0 0 0 0 0 0 0 0 0 0 0 0 0 0 0 0 0 0 0 0 0 0 0 0 0 0 0 0 0 0 0 0 0 0 0 0 0 0 0 0 0 0 0 0 0 0 0 0 0 0 0 0 0 0 0 0 0 0 0 0 0 0 0 0 0 0 0 0 0 0 0 0 0 0 0 0 0 0 0 0 0 0 0 0 0 0 0 0 0 0 0 0 0 0 0 0 0 0 0 0 0 0 0 0 0 0 0 0 0 0 0 0 0 0 0 0 0 0 0 0 0 0 0 0 0 0 0 0 0 0 0 0 0 0 0 0 0 0 0 0 0 0 0 0 0 0 0 0 0 0 0 0 0 0 0 0 0 0 0 0 0 0 0 0 0 0 0 0 0 0 0 0 0 0 0 0 0 0 0 0 0 0 0 0 0 0 0 0 0 0 0 0 0 0 0 0 0 0 0 0 0 0 0 0 0 0 0 0 0 0 0 0 0 0 0 0 0 0 0 0 0 0 0 0 0 0 0 0 0 0 0 0 0 0 0 0 0 0 0 0 0 0 0 0 0 0 0 0 0 0 0 0 0 0 0 0 0 0 0 0 0 0 0 0 0 0 0 0 0 0 0 0 0 0 0 0 0 0 0 0 0 0 0 0 0 0 0 0 0 0 0 0 0 0 0 0 0 0 0 0 0 0 0 0 0 0 0 0 0 0 0 0 0 0 0 0 0 0 0 0 0 0 0 0 0 0 0 0 0 0 0 0 0 0 0 0 0 0 0 0 0 0 0 0 0 0 0 0 0 0 0 0 0 0 0 0 0 0 0 0 0 0 0 0 0 0 0 0 0 0 0 0 0 0 0 0 0 0 0 0 0 0 0 0 0 0 0 0 0 0 0 0 0 0 0 0 0 0 0 0 0 0 0 0 0 0 0 0 0 0 0 0 0 0 0 0 0 0 0 0 0 0 0 0 0 0 0 0 0 0 0 0 0 0 0 0 0 0 0 0 0 0 0 0 0 0 0 0 0 0 0 0 0 0 0 0 0 0 0 0 0 0 0 0 0 0 0 0 0 0 0 0 0 0 0 0 0 0 0 0 0 0 0 0 0 0 0 0 0 0 0 0 0 0 0 0 0 0 0 0 0 0 0 0 0 0 0 0 0 0 0 0 0 0 0 0 0 0 0 0 0 0 0 0 0 0 0 0 0 0 0 0 0 0 0 0 0 0 0 0 0 0 0 0 0 0 0 0 0 0 0 0 0 0 0 0 0 0 0 0 0 0 0 0 0 0 0 0 0 0 0 0 0 0 0 0 0 0 0 0 0 0 0 0 0 0 0 0 0 0 0 0 0 0 0 0 0 0 0 0 0 0 0 0 0 0 0 0 0 0 0 0 0 0 0 0 0 0 0 0 0 0 0 0 0 0 0 0 0 0 0 0 0 0 0 0 0 0 0 0 0 0 0 0 0 0 0 0 0 0 0 0 0 0 0 0 0 0 0 0 0 0 0 0 0 0 0 0 0 0 0 0 0 0 0 0 0 0 0 0 0 0 0 0 0 0 0 0 0 0 0 0 0 0 0 0 0 0 0 0 0 0 0 0 0 0 0 0 0 0 0 0 0 0 0 0 0 0 0 0 0 0 0 0 0 0 0 0 0 0 0 0 0 0 0 0 0 0 0 0 0 0 0 0 0 0 0 0 0 0 0 0 0 0 0 0 0 0 0 0 0 0 0 0 0 0 0 0 0 0 0 0 0 0 0 0 0 0 0 0 0 0 0 0 0 0 0 0 0 0 0 0 0 0 0 0 0 0 0 0 0 0 0 0 0 0 0 0 0 0 0 0 0 0 0 0 0 0 0 0 0 0 0 0 0 0 0 0 0 0 0 0 0 0 0 0 0 0 0 0 0 0 0 0 0 0 0 0 0 0 0 0 0 0 0 0 0 0 0 0 0 0 0 0 0 0 0 0 0 0 0 0 0 0 0 0 0 0 0 0 0 0 0 0 0 0 0 0 0 0 0 0 0 0 0 0 0 0 0 0 0 0 0 0 0 0 0 0 0 0 0 0 0 0 0 0 0 0 0 0 0 0 0 0 0 0 0 0 0 0 0 0 0 0 0 0 0 0 0 0 0 0 0 0 0 0 0 0 0 0 0 0 0 0 0 0 0 0 0 0 0 0 0 0 0 0 0 0 0 0 0 0 0 0 0 0 0 0 0 0 0 0 0 0 0 0 0 0 0 0 0 0 0 0 0 0 0 0 0 0 0 0 0 0 0 0 0 0 0 0 0 0 0 0 0 0 0 0 0 0 0 0 0 0 0 0 0 0 0 0 0 0 0 0 0 0 0 0 0 0 0 0 0 0 0 0 0 0 0 0 0 0 0 0 0 0 0 0 0 0 0 0 0 0 0 0 0 0 0 0 0 0 0 0 0 0 0 0 0 0 0 0 0 0 0 0 0 0 0 0 0 0 0 0 0 0 0 0 0 0 0 0 0 0 0 0 0 0 0 0 0 0 0 0 0 0 0 0 0 0 0 0 0 0 0 0 0 0 0 0 0 0 0 0 0 0 0 0 0 0 0 0 0 0 0 0 0 0 0 0 0 0 0 0 0 0 0 0 0 0 0 0 0 0 0 0 0 0 0 0 0 0 0 0 0 0 0 0 0 0 0 0 0 0 0 0 0 0 0 0 0 0 0 0 0 0 0 0 0 0 0 0 0 0 0 0 0 0 0 0 0 0 0 0 0 0 0 0 0 0 0 0 0 0 0 0 0 0 0 0 0 0 0 0 0 0 0 0 0 0 0 0 0 0 0 0 0 0 0 0 0 0 0 0 0 0 0 0 0 0 0 0 0 0 0 0 0 0 0 0 0 0 0 0 0 0 0 0 0 0 0 0 0 0 0 0 0 0 0 0 0 0 0 0 0 0 0 0 0 0 0 0 0 0 0 0 0 0 0 0 0 0 0 0 0 0 0 0 0 0 0 0 0 0 0 0 0 0 0 0 0 0 0 0 0 0 0 0 0 0 0 0 0 0 0 0 0 0 0 0 0 0 0 0 0 0 0 0 0 0 0 0 0 0 0 0 0 0 0 0 0 0 0 0 0 0 0 0 0 0 0 0 0 0 0 0 0 0 0 0 0 0 0 0 0 0 0 0 0 0 0 0 0 0 0 0 0 0 0 0 0 0 0 0 0 0 0 0 0 0 0 0 0 0 0 0 0 0 0 0 0 0 0 0 0 0 0 0 0 0 0 0 0 0 0 0 0 0 0 0 0 0 0 0 0 0 0 0 0 0 0 0 0 0 0 0 0 0 0 0 0 0 0 0 0 0 0 0 0 0 0 0 0 0 0 0 0 0 0 0 0 0 0 0 0 0 0 0 0 0 0 0 0 0 0 0 0 0 0 0 0 0 0 0 0 0 0 0 0 0 0 0 0 0 0 0 0 0 0 0 0 0 0 0 0 0 0 0 0 0 0 0 0 0 0 0 0 0 0 0 0 0 0 0 0 0 0 0 0 0 0 0 0 0 0 0 0 0 0 0 0 0 0 0 0 0 0 0 0 0 0 0 0 0 0 0 0 0 0 0 0 0 0 0 0 0 0 0 0 0 0 0 0 0 0 0 0 0 0 0 0 0 0 0 0 0 0 0 0 0 0 0 0 0 0 0 0 0 0 0 0 0 0 0 0 0 0 0 0 0 0 0 0 0 0 0 0 0 0 0 0 0 0 0 0 0 0 0 0 0 0 0 0 0 0 0 0 0 0 0 0 0 0 0 0 0 0 0 0 0 0 0 0 0 0 0 0 0 0 0 0 0 0 0 0 0 0 0 0 0 0 0 0 0 0 0 0 0 0 0 0 0 0 0 0 0 0 0 0 0 0 0 0 0 0 0 0 0 0 0 0 0 0 0 0 0 0 0 0 0 0 0 0 0 0 0 0 0 0 0 0 0 0 0 0 0 0 0 0 0 0 0 0 0 0 0 0 0 0 0 0 0 0 0 0 0 0 0 0 0 0 0 0 0 0 0 0 0 0 0 0 0 0 0 0 0 0 0 0 0 0 0 0 0 0 0 0 0 0 0 0 0 0 0 0 0 0 0 0 0 0 0 0 0 0 0 0 0 0 0 0 0 0 0 0 0 0 0 0 0 0 0 0 0 0 0 0
ctxt 6047038
btime 1613123984
processes 138970
procs_running 1
procs_blocked 0
softirq 44760218 1 26159619 1408 1116761 0 0 141 1394673 0 16087615
