cpu  30207268 6 62910 2611221 148 0 6118 0 0 0
cpu0 469043 0 3612 40609 0 0 513 0 0 0
cpu1 472301 0 492 41027 11 0 31 0 0 0
cpu2 468443 0 3013 40678 0 0 1677 0 0 0
cpu3 472310 0 353 41170 0 0 50 0 0 0
cpu4 470832 0 2254 40633 0 0 153 0 0 0
cpu5 472523 0 180 41176 1 0 4 0 0 0
cpu6 470468 0 2686 40487 0 0 202 0 0 0
cpu7 471732 0 900 41165 1 0 86 0 0 0
cpu8 470782 0 2421 40504 1 0 174 0 0 0
cpu9 472290 0 364 41177 0 0 52 0 0 0
cpu10 471235 0 2390 40077 1 0 193 0 0 0
cpu11 472609 0 81 41181 4 0 5 0 0 0
cpu12 471946 0 1806 40010 0 0 128 0 0 0
cpu13 472449 0 227 41196 0 0 11 0 0 0
cpu14 471455 0 1901 40388 0 0 141 0 0 0
cpu15 472442 0 245 41184 0 0 9 0 0 0
cpu16 472718 2 1552 39486 7 0 112 0 0 0
cpu17 472282 0 358 41186 0 0 57 0 0 0
cpu18 471405 0 1808 40522 0 0 148 0 0 0
cpu19 472589 0 116 41169 0 0 2 0 0 0
cpu20 471685 0 1623 40300 80 0 127 0 0 0
cpu21 472385 0 286 41176 0 0 36 0 0 0
cpu22 471291 0 1796 40675 2 0 127 0 0 0
cpu23 472156 0 506 41170 0 0 49 0 0 0
cpu24 471487 0 1652 40588 4 0 110 0 0 0
cpu25 472636 0 67 41173 2 0 1 0 0 0
cpu26 471185 0 1828 40741 0 0 116 0 0 0
cpu27 472630 0 67 41178 0 0 1 0 0 0
cpu28 471043 0 1904 40777 0 0 142 0 0 0
cpu29 472607 0 85 41178 0 0 3 0 0 0
cpu30 471244 0 1819 40666 2 0 130 0 0 0
cpu31 472442 0 268 41155 0 0 12 0 0 0
cpu32 471283 0 1779 40670 0 0 104 0 0 0
cpu33 471981 0 675 41167 0 0 52 0 0 0
cpu34 471767 0 1451 40527 0 0 84 0 0 0
cpu35 472584 0 122 41165 0 0 3 0 0 0
cpu36 471794 0 1397 40584 0 0 96 0 0 0
cpu37 472320 0 326 41176 0 0 45 0 0 0
cpu38 471462 0 1930 40350 0 0 105 0 0 0
cpu39 472069 0 586 41170 0 0 48 0 0 0
cpu40 471710 0 1612 40460 1 0 88 0 0 0
cpu41 472562 0 130 41174 0 0 6 0 0 0
cpu42 472571 0 1479 39755 0 0 74 0 0 0
cpu43 472635 0 76 41152 0 0 1 0 0 0
cpu44 473188 1 1010 39586 0 0 76 0 0 0
cpu45 472349 0 323 41166 0 0 34 0 0 0
cpu46 472125 0 1286 40387 0 0 77 0 0 0
cpu47 472459 0 251 41146 0 0 4 0 0 0
cpu48 472544 0 1106 40160 0 0 63 0 0 0
cpu49 472358 0 304 41179 0 0 38 0 0 0
cpu50 471814 0 1233 40720 0 0 94 0 0 0
cpu51 472590 0 108 41172 0 0 2 0 0 0
cpu52 472732 0 740 40340 2 0 48 0 0 0
cpu53 472313 0 350 41167 0 0 44 0 0 0
cpu54 472401 0 718 40690 0 0 49 0 0 0
cpu55 472257 0 409 41174 0 0 25 0 0 0
cpu56 471838 0 1244 40744 0 0 46 0 0 0
cpu57 472630 0 71 41153 7 0 2 0 0 0
cpu58 472019 0 1011 40778 0 0 65 0 0 0
cpu59 472620 0 77 41168 0 0 1 0 0 0
cpu60 472239 0 881 40712 0 0 46 0 0 0
cpu61 472632 0 73 41159 2 0 1 0 0 0
cpu62 472259 0 1207 40326 0 0 61 0 0 0
cpu63 472493 0 257 41109 0 0 8 0 0 0
intr 83688645 83 0 0 0 612 0 0 0 1 0 285 0 0 0 0 0 0 0 0 0 0 0 0 0 0 0 0 0 0 0 0 0 0 0 0 0 0 0 4480 4740 109591 536 1963 751 1468 14783 2572 14238 2809 0 652 2371 2151 6819 1338 5061 1240 471 7949 7283 775 8760 1673 26 1069 242 1203 1906 1478 4793 1554 12600 762 373 1710 12063 984 10867 2129 3758 1476 2 1035 2840 891 2430 1918 5561 1358 317 678 8778 3494 11863 517 35 1496 252 3165 0 1018 3469 0 0 0 0 0 0 0 0 0 0 0 0 0 0 0 0 0 33460 94 0 0 0 0 0 0 0 0 0 0 0 0 0 0 0 0 0 0 0 0 0 0 0 0 0 0 0 0 0 0 0 0 0 0 0 0 0 0 0 0 0 0 0 0 0 0 0 0 0 0 0 0 0 0 0 0 0 0 0 0 0 0 0 0 0 0 0 0 0 0 0 0 0 0 0 20 0 0 0 0 0 0 0 0 0 0 0 0 0 0 0 0 0 0 0 0 0 0 0 0 0 0 0 0 0 0 0 0 0 0 0 0 0 0 0 0 0 0 0 0 0 0 0 0 0 0 0 0 0 0 0 0 0 0 0 0 0 0 0 0 0 0 0 0 0 0 0 0 0 0 0 0 0 0 0 0 0 0 0 0 0 0 0 0 0 0 0 0 0 0 0 0 0 0 0 0 0 0 0 0 0 0 0 0 0 0 0 0 0 0 0 0 0 0 0 0 0 0 0 0 0 0 0 0 0 0 0 0 0 0 0 0 0 0 0 0 0 0 0 0 0 0 0 0 0 0 0 0 0 0 0 0 0 0 0 0 0 0 0 0 0 0 0 0 0 0 0 0 0 0 0 0 0 0 0 0 0 0 0 0 0 0 0 0 0 0 0 0 0 0 0 0 0 0 0 0 0 0 0 0 0 0 0 0 0 0 0 0 0 0 0 0 0 0 0 0 0 0 0 0 0 0 0 0 0 0 0 0 0 0 0 0 0 0 0 0 0 0 0 0 0 0 0 0 0 0 0 0 0 0 0 0 0 0 0 0 0 0 0 0 0 0 0 0 0 0 0 0 0 0 0 0 0 0 0 0 0 0 0 0 0 0 0 0 0 0 0 0 0 0 0 0 0 0 0 0 0 0 0 0 0 0 0 0 0 0 0 0 0 0 0 0 0 0 0 0 0 0 0 0 0 0 0 0 0 0 0 0 0 0 0 0 0 0 0 0 0 0 0 0 0 0 0 0 0 0 0 0 0 0 0 0 0 0 0 0 0 0 0 0 0 0 0 0 0 0 0 0 0 0 0 0 0 0 0 0 0 0 0 0 0 0 0 0 0 0 0 0 0 0 0 0 0 0 0 0 0 0 0 0 0 0 0 0 0 0 0 0 0 0 0 0 0 0 0 0 0 0 0 0 0 0 0 0 0 0 0 0 0 0 0 0 0 0 0 0 0 0 0 0 0 0 0 0 0 0 0 0 0 0 0 0 0 0 0 0 0 0 0 0 0 0 0 0 0 0 0 0 0 0 0 0 0 0 0 0 0 0 0 0 0 0 0 0 0 0 0 0 0 0 0 0 0 0 0 0 0 0 0 0 0 0 0 0 0 0 0 0 0 0 0 0 0 0 0 0 0 0 0 0 0 0 0 0 0 0 0 0 0 0 0 0 0 0 0 0 0 0 0 0 0 0 0 0 0 0 0 0 0 0 0 0 0 0 0 0 0 0 0 0 0 0 0 0 0 0 0 0 0 0 0 0 0 0 0 0 0 0 0 0 0 0 0 0 0 0 0 0 0 0 0 0 0 0 0 0 0 0 0 0 0 0 0 0 0 0 0 0 0 0 0 0 0 0 0 0 0 0 0 0 0 0 0 0 0 0 0 0 0 0 0 0 0 0 0 0 0 0 0 0 0 0 0 0 0 0 0 0 0 0 0 0 0 0 0 0 0 0 0 0 0 0 0 0 0 0 0 0 0 0 0 0 0 0 0 0 0 0 0 0 0 0 0 0 0 0 0 0 0 0 0 0 0 0 0 0 0 0 0 0 0 0 0 0 0 0 0 0 0 0 0 0 0 0 0 0 0 0 0 0 0 0 0 0 0 0 0 0 0 0 0 0 0 0 0 0 0 0 0 0 0 0 0 0 0 0 0 0 0 0 0 0 0 0 0 0 0 0 0 0 0 0 0 0 0 0 0 0 0 0 0 0 0 0 0 0 0 0 0 0 0 0 0 0 0 0 0 0 0 0 0 0 0 0 0 0 0 0 0 0 0 0 0 0 0 0 0 0 0 0 0 0 0 0 0 0 0 0 0 0 0 0 0 0 0 0 0 0 0 0 0 0 0 0 0 0 0 0 0 0 0 0 0 0 0 0 0 0 0 0 0 0 0 0 0 0 0 0 0 0 0 0 0 0 0 0 0 0 0 0 0 0 0 0 0 0 0 0 0 0 0 0 0 0 0 0 0 0 0 0 0 0 0 0 0 0 0 0 0 0 0 0 0 0 0 0 0 0 0 0 0 0 0 0 0 0 0 0 0 0 0 0 0 0 0 0 0 0 0 0 0 0 0 0 0 0 0 0 0 0 0 0 0 0 0 0 0 0 0 0 0 0 0 0 0 0 0 0 0 0 0 0 0 0 0 0 0 0 0 0 0 0 0 0 0 0 0 0 0 0 0 0 0 0 0 0 0 0 0 0 0 0 0 0 0 0 0 0 0 0 0 0 0 0 0 0 0 0 0 0 0 0 0 0 0 0 0 0 0 0 0 0 0 0 0 0 0 0 0 0 0 0 0 0 0 0 0 0 0 0 0 0 0 0 0 0 0 0 0 0 0 0 0 0 0 0 0 0 0 0 0 0 0 0 0 0 0 0 0 0 0 0 0 0 0 0 0 0 0 0 0 0 0 0 0 0 0 0 0 0 0 0 0 0 0 0 0 0 0 0 0 0 0 0 0 0 0 0 0 0 0 0 0 0 0 0 0 0 0 0 0 0 0 0 0 0 0 0 0 0 0 0 0 0 0 0 0 0 0 0 0 0 0 0 0 0 0 0 0 0 0 0 0 0 0 0 0 0 0 0 0 0 0 0 0 0 0 0 0 0 0 0 0 0 0 0 0 0 0 0 0 0 0 0 0 0 0 0 0 0 0 0 0 0 0 0 0 0 0 0 0 0 0 0 0 0 0 0 0 0 0 0 0 0 0 0 0 0 0 0 0 0 0 0 0 0 0 0 0 0 0 0 0 0 0 0 0 0 0 0 0 0 0 0 0 0 0 0 0 0 0 0 0 0 0 0 0 0 0 0 0 0 0 0 0 0 0 0 0 0 0 0 0 0 0 0 0 0 0 0 0 0 0 0 0 0 0 0 0 0 0 0 0 0 0 0 0 0 0 0 0 0 0 0 0 0 0 0 0 0 0 0 0 0 0 0 0 0 0 0 0 0 0 0 0 0 0 0 0 0 0 0 0 0 0 0 0 0 0 0 0 0 0 0 0 0 0 0 0 0 0 0 0 0 0 0 0 0 0 0 0 0 0 0 0 0 0 0 0 0 0 0 0 0 0 0 0 0 0 0 0 0 0 0 0 0 0 0 0 0 0 0 0 0 0 0 0 0 0 0 0 0 0 0 0 0 0 0 0 0 0 0 0 0 0 0 0 0 0 0 0 0 0 0 0 0 0 0 0 0 0 0 0 0 0 0 0 0 0 0 0 0 0 0 0 0 0 0 0 0 0 0 0 0 0 0 0 0 0 0 0 0 0 0 0 0 0 0 0 0 0 0 0 0 0 0 0 0 0 0 0 0 0 0 0 0 0 0 0 0 0 0 0 0 0 0 0 0 0 0 0 0 0 0 0 0 0 0 0 0 0 0 0 0 0 0 0 0 0 0 0 0 0 0 0 0 0 0 0 0 0 0 0 0 0 0 0 0 0 0 0 0 0 0 0 0 0 0 0 0 0 0 0 0 0 0 0 0 0 0 0 0 0 0 0 0 0 0 0 0 0 0 0 0 0 0 0 0 0 0 0 0 0 0 0 0 0 0 0 0 0 0 0 0 0 0 0 0 0 0 0 0 0 0 0 0 0 0 0 0 0 0 0 0 0 0 0 0 0 0 0 0 0 0 0 0 0 0 0 0 0 0 0 0 0 0 0 0 0 0 0 0 0 0 0 0 0 0 0 0 0 0 0 0 0 0 0 0 0 0 0 0 0 0 0 0 0 0 0 0 0 0 0 0 0 0 0 0 0 0 0 0 0 0 0 0 0 0 0 0 0 0 0 0 0 0 0 0 0 0 0 0 0 0 0 0 0 0 0 0 0 0 0 0 0 0 0 0 0 0 0 0 0 0 0 0 0 0 0 0 0 0 0 0 0 0 0 0 0 0 0 0 0 0 0 0 0 0 0 0 0 0 0 0 0 0 0 0 0 0 0 0 0 0 0 0 0 0 0 0 0 0 0 0 0 0 0 0 0 0 0 0 0 0 0 0 0 0 0 0 0 0 0 0 0 0 0 0 0 0 0 0 0 0 0 0 0 0 0 0 0 0 0 0 0 0 0 0 0 0 0 0 0 0 0 0 0 0 0 0 0 0 0 0 0 0 0 0 0 0 0 0 0 0 0 0 0 0 0 0 0 0 0 0 0 0 0 0 0 0 0 0 0 0 0 0 0 0 0 0 0 0 0 0 0 0 0 0 0 0 0 0 0 0 0 0 0 0 0 0 0 0 0 0 0 0 0 0 0 0 0 0 0 0 0 0 0 0 0 0 0 0 0 0 0 0 0 0 0 0 0 0 0 0 0 0 0 0 0 0 0 0 0 0 0 0 0 0 0 0 0 0 0 0 0 0 0 0 0 0 0 0 0 0 0 0 0 0 0 0 0 0 0 0 0 0 0 0 0 0 0 0 0 0 0 0 0 0 0 0 0 0 0 0 0 0 0 0 0 0 0 0 0 0 0 0 0 0 0 0 0 0 0 0 0 0 0 0 0 0 0 0 0 0 0 0 0 0 0 0 0 0 0 0 0 0 0 0 0 0 0 0 0 0 0 0 0 0 0 0 0 0 0 0 0 0 0 0 0 0 0 0 0 0 0 0 0 0 0 0 0 0 0 0 0 0 0 0 0 0 0 0 0 0 0 0 0 0 0 0 0 0 0 0 0 0 0 0 0 0 0 0 0 0 0
ctxt 8906418
btime 1613144793
processes 187187
procs_running 1
procs_blocked 0
softirq 92529119 1 57263866 1750 1635037 0 0 156 2910355 0 30717954
