cpu  1456643 4 3745 6606069 511 0 285 0 0 0
cpu0 40416 0 174 183278 9 0 152 0 0 0
cpu1 40384 0 144 183531 1 0 26 0 0 0
cpu2 40393 0 172 183514 2 0 5 0 0 0
cpu3 40393 0 125 183554 17 0 2 0 0 0
cpu4 40408 0 66 183620 2 0 2 0 0 0
cpu5 40406 0 81 183609 2 0 4 0 0 0
cpu6 40396 0 73 183625 0 0 2 0 0 0
cpu7 40412 0 70 183609 5 0 0 0 0 0
cpu8 40718 0 120 183253 6 0 2 0 0 0
cpu9 40436 0 83 183575 9 0 0 0 0 0
cpu10 40408 0 75 183592 4 0 0 0 0 0
cpu11 40491 0 93 183501 2 0 0 0 0 0
cpu12 40445 0 90 183542 11 0 0 0 0 0
cpu13 40464 0 96 183529 4 0 0 0 0 0
cpu14 40472 0 227 183368 4 0 18 0 0 0
cpu15 40513 0 110 183464 14 0 2 0 0 0
cpu16 40430 0 128 183534 2 0 0 0 0 0
cpu17 40495 0 95 183496 2 0 0 0 0 0
cpu18 40450 0 75 183520 51 0 0 0 0 0
cpu19 40402 0 78 183603 4 0 2 0 0 0
cpu20 40451 0 80 183518 41 0 2 0 0 0
cpu21 40398 0 121 183537 42 0 7 0 0 0
cpu22 40397 0 76 183559 58 0 0 0 0 0
cpu23 40410 0 61 183600 10 0 0 0 0 0
cpu24 40412 0 53 183627 0 0 0 0 0 0
cpu25 40403 0 54 183638 0 0 0 0 0 0
cpu26 40476 0 106 183507 0 0 2 0 0 0
cpu27 40434 0 57 183599 0 0 0 0 0 0
cpu28 40427 0 110 183518 0 0 32 0 0 0
cpu29 40551 0 92 183418 16 0 0 0 0 0
cpu30 40472 0 92 183515 2 0 0 0 0 0
cpu31 40484 0 84 183505 4 0 0 0 0 0
cpu32 40416 1 200 183452 7 0 15 0 0 0
cpu33 40535 2 103 183447 7 0 0 0 0 0
cpu34 40932 0 184 182840 122 0 0 0 0 0
cpu35 40500 0 82 183457 34 0 0 0 0 0
intr 4355448 56 0 0 0 609 0 0 0 1 0 257 0 0 0 0 0 0 0 0 0 0 0 0 0 0 0 0 0 0 0 0 92 542 46 97 148 193 108 87 1482 449 465 351 165 337 371 357 435 214 279 1651 164 2275 1320 2844 1523 0 0 0 0 19 16 88 14 47 452 159 350 658 484 10253 3520 0 0 16 8736 2 0 4001 129 350 450 3643 73 1346 126 690 99 97 3 2 8 187 1538 11 1319 6 5694 231 3185 8 40 1 237 816 89 13819 281 65 59 257 32 11 2 0 17 7616 1 0 0 0 0 0 0 0 0 0 0 0 0 0 0 0 0 0 0 0 0 0 0 0 0 0 0 0 0 0 0 0 0 0 0 0 0 0 22 0 0 0 0 0 0 0 0 0 0 0 0 0 0 0 0 0 0 0 0 0 0 0 0 0 0 0 0 0 0 0 0 0 0 0 0 0 0 0 0 0 0 0 0 0 0 0 0 0 0 0 0 0 0 0 0 0 0 0 0 0 0 0 0 0 0 0 0 0 0 0 0 0 0 0 0 0 0 0 0 0 0 0 0 0 0 0 0 0 0 0 0 0 0 0 0 0 0 0 0 0 0 0 0 0 0 0 0 0 0 0 0 0 0 0 0 0 0 0 0 0 0 0 0 0 0 0 0 0 0 0 0 0 0 0 0 0 0 0 0 0 0 0 0 0 0 0 0 0 0 0 0 0 0 0 0 0 0 0 0 0 0 0 0 0 0 0 0 0 0 0 0 0 0 0 0 0 0 0 0 0 0 0 0 0 0 0 0 0 0 0 0 0 0 0 0 0 0 0 0 0 0 0 0 0 0 0 0 0 0 0 0 0 0 0 0 0 0 0 0 0 0 0 0 0 0 0 0 0 0 0 0 0 0 0 0 0 0 0 0 0 0 0 0 0 0 0 0 0 0 0 0 0 0 0 0 0 0 0 0 0 0 0 0 0 0 0 0 0 0 0 0 0 0 0 0 0 0 0 0 0 0 0 0 0 0 0 0 0 0 0 0 0 0 0 0 0 0 0 0 0 0 0 0 0 0 0 0 0 0 0 0 0 0 0 0 0 0 0 0 0 0 0 0 0 0 0 0 0 0 0 0 0 0 0 0 0 0 0 0 0 0 0 0 0 0 0 0 0 0 0 0 0 0 0 0 0 0 0 0 0 0 0 0 0 0 0 0 0 0 0 0 0 0 0 0 0 0 0 0 0 0 0 0 0 0 0 0 0 0 0 0 0 0 0 0 0 0 0 0 0 0 0 0 0 0 0 0 0 0 0 0 0 0 0 0 0 0 0 0 0 0 0 0 0 0 0 0 0 0 0 0 0 0 0 0 0 0 0 0 0 0 0 0 0 0 0 0 0 0 0 0 0 0 0 0 0 0 0 0 0 0 0 0 0 0 0 0 0 0 0 0 0 0 0 0 0 0 0 0 0 0 0 0 0 0 0 0 0 0 0 0 0 0 0 0 0 0 0 0 0 0 0 0 0 0 0 0 0 0 0 0 0 0 0 0 0 0 0 0 0 0 0 0 0 0 0 0 0 0 0 0 0 0 0 0 0 0 0 0 0 0 0 0 0 0 0 0 0 0 0 0 0 0 0 0 0 0 0 0 0 0 0 0 0 0 0 0 0 0 0 0 0 0 0 0 0 0 0 0 0 0 0 0 0 0 0 0 0 0 0 0 0 0 0 0 0 0 0 0 0 0 0 0 0 0 0 0 0 0 0 0 0 0 0 0 0 0 0 0 0 0 0 0 0 0 0 0 0 0 0 0 0 0 0 0 0 0 0 0 0 0 0 0 0 0 0 0 0 0 0 0 0 0 0 0 0 0 0 0 0 0 0 0 0 0 0 0 0 0 0 0 0 0 0 0 0 0 0 0 0 0 0 0 0 0 0 0 0 0 0 0 0 0 0 0 0 0 0 0 0 0 0 0 0 0 0 0 0 0 0 0 0 0 0 0 0 0 0 0 0 0 0 0 0 0 0 0 0 0 0 0 0 0 0 0 0 0 0 0 0 0 0 0 0 0 0 0 0 0 0 0 0 0 0 0 0 0 0 0 0 0 0 0 0 0 0 0 0 0 0 0 0 0 0 0 0 0 0 0 0 0 0 0 0 0 0 0 0 0 0 0 0 0 0 0 0 0 0 0 0 0 0 0 0 0 0 0 0 0 0 0 0 0 0 0 0 0 0 0 0 0 0 0 0 0 0 0 0 0 0 0 0 0 0 0 0 0 0 0 0 0 0 0 0 0 0 0 0 0 0 0 0 0 0 0 0 0 0 0 0 0 0 0 0 0 0 0 0 0 0 0 0 0 0 0 0 0 0 0 0 0 0 0 0 0 0 0 0 0 0 0 0 0 0 0 0 0 0 0 0 0 0 0 0 0 0 0 0 0 0 0 0 0 0 0 0 0 0 0 0 0 0 0 0 0 0 0 0 0 0 0 0 0 0 0 0 0 0 0 0 0 0 0 0 0 0 0 0 0 0 0 0 0 0 0 0 0 0 0 0 0 0 0 0 0 0 0 0 0 0 0 0 0 0 0 0 0 0 0 0 0 0 0 0 0 0 0 0 0 0 0 0 0 0 0 0 0 0 0 0 0 0 0 0 0 0 0 0 0 0 0 0 0 0 0 0 0 0 0 0 0 0 0 0 0 0 0 0 0 0 0 0 0 0 0 0 0 0 0 0 0 0 0 0 0 0 0 0 0 0 0 0 0 0 0 0 0 0 0 0 0 0 0 0 0 0 0 0 0 0 0 0 0 0 0 0 0 0 0 0 0 0 0 0 0 0 0 0 0 0 0 0 0 0 0 0 0 0 0
ctxt 1581060
btime 1613124388
processes 35939
procs_running 1
procs_blocked 0
softirq 5712388 1 3226897 235 251854 0 0 37034 249290 0 1947077
