cpu  25510077 6 23470 28600307 402 0 1289 0 0 0
cpu0 198905 0 984 222672 0 0 229 0 0 0
cpu1 199236 0 193 223508 0 0 19 0 0 0
cpu2 198989 0 429 223507 0 0 4 0 0 0
cpu3 198958 0 392 223537 2 0 37 0 0 0
cpu4 199253 0 141 223566 0 0 3 0 0 0
cpu5 199289 0 148 223516 0 0 11 0 0 0
cpu6 198868 0 490 223587 2 0 13 0 0 0
cpu7 199128 0 285 223533 0 0 13 0 0 0
cpu8 199214 0 152 223591 0 0 6 0 0 0
cpu9 199300 0 139 223520 0 0 6 0 0 0
cpu10 199299 0 302 223340 2 0 9 0 0 0
cpu11 198970 0 218 223734 0 0 12 0 0 0
cpu12 199241 0 165 223540 0 0 2 0 0 0
cpu13 199347 0 92 223516 0 0 4 0 0 0
cpu14 199483 0 216 223254 0 0 2 0 0 0
cpu15 198580 0 806 223517 0 0 50 0 0 0
cpu16 199250 0 125 223583 0 0 0 0 0 0
cpu17 199295 0 136 223513 0 0 13 0 0 0
cpu18 199362 0 178 223405 1 0 2 0 0 0
cpu19 199073 0 269 223593 0 0 16 0 0 0
cpu20 199119 0 123 223689 0 0 4 0 0 0
cpu21 199337 0 95 223513 0 0 10 0 0 0
cpu22 199887 0 206 222861 0 0 3 0 0 0
cpu23 198867 0 366 223656 0 0 36 0 0 0
cpu24 199218 0 224 223512 0 0 7 0 0 0
cpu25 199091 0 257 223575 0 0 30 0 0 0
cpu26 200345 0 337 222154 4 0 50 0 0 0
cpu27 199221 0 173 223552 0 0 5 0 0 0
cpu28 199350 0 101 223497 0 0 2 0 0 0
cpu29 199218 0 194 223520 0 0 18 0 0 0
cpu30 199460 0 192 223289 2 0 2 0 0 0
cpu31 199185 0 122 223638 0 0 5 0 0 0
cpu32 199358 0 86 223491 0 0 2 0 0 0
cpu33 199200 0 211 223507 0 0 35 0 0 0
cpu34 199394 0 132 223342 69 0 4 0 0 0
cpu35 199080 0 304 223513 0 0 51 0 0 0
cpu36 199366 0 68 223520 0 0 0 0 0 0
cpu37 199320 0 109 223516 0 0 7 0 0 0
cpu38 199316 0 160 223469 0 0 2 0 0 0
cpu39 199244 0 148 223548 0 0 6 0 0 0
cpu40 199405 0 87 223459 0 0 0 0 0 0
cpu41 199296 0 90 223557 0 0 3 0 0 0
cpu42 199368 0 152 223415 3 0 2 0 0 0
cpu43 199194 0 124 223620 0 0 6 0 0 0
cpu44 199374 0 108 223466 0 0 0 0 0 0
cpu45 199097 0 248 223564 0 0 18 0 0 0
cpu46 199601 0 227 223111 0 0 4 0 0 0
cpu47 199124 0 265 223551 0 0 8 0 0 0
cpu48 199342 0 106 223497 1 0 1 0 0 0
cpu49 199257 0 135 223542 0 0 14 0 0 0
cpu50 199430 0 200 223315 0 0 1 0 0 0
cpu51 199088 0 170 223676 0 0 13 0 0 0
cpu52 199354 0 98 223472 16 0 2 0 0 0
cpu53 199332 0 108 223504 0 0 2 0 0 0
cpu54 199365 0 149 223400 4 0 2 0 0 0
cpu55 199199 0 162 223578 1 0 7 0 0 0
cpu56 199331 0 82 223524 0 0 2 0 0 0
cpu57 199228 0 172 223506 0 0 37 0 0 0
cpu58 199399 0 173 223356 1 0 1 0 0 0
cpu59 199192 0 128 223607 0 0 7 0 0 0
cpu60 199336 0 82 223524 0 0 0 0 0 0
cpu61 199248 0 151 223531 0 0 12 0 0 0
cpu62 199367 0 215 223338 4 0 1 0 0 0
cpu63 199322 0 114 223502 0 0 3 0 0 0
cpu64 198848 0 406 223669 1 0 12 0 0 0
cpu65 199219 0 117 223598 0 0 4 0 0 0
cpu66 199616 0 335 222943 1 0 1 0 0 0
cpu67 199217 0 164 223547 0 0 10 0 0 0
cpu68 199225 0 170 223534 0 0 1 0 0 0
cpu69 199154 0 156 223602 1 0 24 0 0 0
cpu70 199497 0 337 223019 81 0 2 0 0 0
cpu71 199328 0 126 223477 0 0 5 0 0 0
cpu72 199156 0 116 223655 1 0 3 0 0 0
cpu73 198952 0 183 223790 0 0 13 0 0 0
cpu74 199484 0 218 223171 46 0 4 0 0 0
cpu75 199227 0 156 223547 0 0 8 0 0 0
cpu76 199312 0 112 223484 8 0 1 0 0 0
cpu77 199331 0 68 223538 0 0 0 0 0 0
cpu78 199471 2 167 223270 16 0 4 0 0 0
cpu79 198711 0 646 223520 0 0 56 0 0 0
cpu80 199272 0 96 223558 0 0 0 0 0 0
cpu81 199356 0 83 223492 0 0 2 0 0 0
cpu82 199488 0 136 223297 4 0 0 0 0 0
cpu83 199210 0 174 223539 0 0 7 0 0 0
cpu84 198772 0 295 223778 0 0 20 0 0 0
cpu85 199302 0 123 223484 0 0 15 0 0 0
cpu86 200366 0 226 222327 0 0 2 0 0 0
cpu87 199073 0 203 223620 0 0 16 0 0 0
cpu88 199134 0 195 223599 0 0 2 0 0 0
cpu89 199274 0 153 223493 0 0 7 0 0 0
cpu90 199876 0 180 222854 10 0 0 0 0 0
cpu91 199029 0 328 223538 0 0 32 0 0 0
cpu92 199322 0 89 223523 0 0 1 0 0 0
cpu93 199316 0 121 223479 0 0 8 0 0 0
cpu94 199891 0 308 222715 1 0 4 0 0 0
cpu95 199326 0 128 223476 0 0 2 0 0 0
cpu96 199373 0 80 223477 0 0 0 0 0 0
cpu97 199311 0 118 223482 0 0 14 0 0 0
cpu98 200092 0 223 222531 59 0 6 0 0 0
cpu99 199280 0 124 223512 0 0 2 0 0 0
cpu100 199246 0 106 223568 1 0 2 0 0 0
cpu101 199354 0 90 223478 0 0 1 0 0 0
cpu102 199540 0 181 223204 1 0 0 0 0 0
cpu103 199266 0 124 223530 0 0 5 0 0 0
cpu104 199244 0 139 223529 0 0 5 0 0 0
cpu105 199325 0 115 223474 0 0 9 0 0 0
cpu106 199415 0 118 223380 2 0 0 0 0 0
cpu107 199324 0 112 223480 0 0 2 0 0 0
cpu108 199357 0 86 223476 0 0 0 0 0 0
cpu109 198953 0 258 223644 0 0 22 0 0 0
cpu110 199546 0 123 223247 1 0 0 0 0 0
cpu111 199149 0 225 223538 0 0 4 0 0 0
cpu112 199278 0 88 223541 10 0 0 0 0 0
cpu113 199352 0 91 223473 0 0 1 0 0 0
cpu114 199471 0 133 223304 4 0 1 0 0 0
cpu115 199202 0 97 223607 0 0 3 0 0 0
cpu116 199372 0 89 223453 0 0 1 0 0 0
cpu117 199359 0 82 223474 0 0 4 0 0 0
cpu118 199481 0 150 223274 1 0 3 0 0 0
cpu119 199150 0 154 223590 0 0 5 0 0 0
cpu120 199318 0 74 223523 0 0 0 0 0 0
cpu121 199338 0 106 223475 0 0 1 0 0 0
cpu122 199511 0 164 223218 2 0 0 0 0 0
cpu123 199343 0 101 223472 0 0 0 0 0 0
cpu124 199307 0 88 223517 0 0 1 0 0 0
cpu125 199349 0 116 223449 0 0 1 0 0 0
cpu126 199473 0 133 223302 1 0 0 0 0 0
cpu127 199328 0 199 223380 0 0 2 0 0 0
intr 73967261 129 0 0 0 678 0 0 0 1 0 254 0 0 0 0 0 0 0 0 0 0 0 0 0 0 0 0 0 0 0 0 0 0 0 0 260 0 6827 1815 0 3885 102 799 3 5207 1331 2125 0 2855 524 752 4 9482 0 424 0 3727 397 573 2 3467 4067 4657 49992 1258 658 1378 0 1624 475 1341 3 3354 4 1057 2 1720 601 826 2 2443 286 5318 9 6156 0 416 2 2535 637 1067 0 1449 54 11667 2 1579 170 1205 1 2204 7686 543 86 2211 100 672 0 2773 513 2154 15 3397 340 152 0 8635 3 258 11 3634 1557 802 0 3747 1319 1014 29 3118 205 835 6726 2065 226 719 5240 2335 16 890 3 1354 52 676 0 3065 479 6369 5 2269 0 307 6 1706 560 352 67 0 0 0 0 0 0 0 0 0 0 160 168 32 32 866 10 264 107 67 5 4 52 7 111 480 26 26 14 98 15 227 67 10 4 20 6 90 27 6 6 0 87 17 6 0 0 0 0 0 0 0 0 0 0 0 0 0 0 0 0 1 3 2 0 23 29 1 39 17 1 11 24 24 28 6 704 4212 1561 645 662 86 10011 3355 1305 16 1633 30 37 367 87 135 2293 82 200 32 332 68 178 107 351 63 242 281 33 59 216 83 15 9 39 3 14 31 8 13 75 18 14 3 5 96 11 42 0 0 0 0 0 0 0 0 0 0 0 0 0 0 0 0 0 0 0 0 0 0 0 0 0 0 0 0 0 0 0 0 0 0 0 0 0 0 0 0 0 0 0 0 0 0 0 0 0 0 0 0 0 0 0 0 0 0 0 0 0 0 0 0 0 0 0 0 0 0 0 0 0 0 0 0 0 0 0 0 0 0 0 0 0 0 0 0 0 0 0 0 0 0 0 0 0 0 0 0 0 0 0 0 0 0 0 0 0 0 0 0 0 0 0 0 0 0 0 0 0 0 0 0 0 0 0 0 0 0 0 0 0 0 0 0 0 0 0 0 0 0 0 0 0 0 0 0 0 0 0 0 0 0 0 0 0 0 0 0 0 0 0 0 0 0 0 0 0 0 0 0 0 0 0 0 0 0 0 0 0 0 0 0 0 0 0 0 0 0 0 0 0 0 0 0 0 0 0 0 0 0 0 0 0 0 0 0 0 0 0 0 0 0 0 0 0 0 0 0 0 0 0 0 0 0 0 0 0 0 0 0 0 0 0 0 0 0 0 0 0 0 0 0 0 0 0 0 0 0 0 0 0 0 0 0 0 0 0 0 0 0 0 0 0 0 0 0 0 0 0 0 0 0 0 0 0 0 0 0 0 0 0 0 0 0 0 0 0 0 0 0 0 0 0 0 0 0 0 0 0 0 0 0 0 0 0 0 0 0 0 0 0 0 0 0 0 0 0 0 0 0 0 0 0 0 0 0 0 0 0 0 0 0 0 0 0 0 0 0 0 0 0 0 0 0 0 0 0 0 0 0 0 0 0 0 0 0 0 0 0 0 0 0 0 0 0 0 0 0 0 0 0 0 0 0 0 0 0 0 0 0 0 0 0 0 0 0 0 0 0 0 0 0 0 0 0 0 0 0 0 0 0 0 0 0 0 0 0 0 0 0 0 0 0 0 0 0 0 0 0 0 0 0 0 0 0 0 0 0 0 0 0 0 0 0 0 0 0 0 0 0 0 0 3 0 0 0 0 0 0 0 0 0 0 0 0 0 0 0 49 0 0 0 0 0 0 0 0 0 0 0 0 49 0 0 0 0 0 0 0 0 0 0 0 0 0 0 0 0 0 0 0 0 0 0 0 0 0 0 0 0 0 0 0 0 0 0 0 0 0 0 0 0 0 0 0 16 0 0 0 0 0 0 0 0 0 0 0 0 0 0 0 0 0 0 0 0 0 0 0 0 0 0 0 0 0 0 0 0 0 0 0 0 0 0 0 0 0 0 0 0 0 0 0 0 0 0 0 0 0 0 0 0 0 0 0 0 0 0 0 0 0 0 0 0 0 0 0 0 0 0 0 0 0 0 0 0 0 0 0 0 0 0 0 0 0 0 0 0 0 0 0 0 0 0 0 0 0 0 0 0 0 0 0 0 0 0 0 0 0 0 0 0 0 0 0 0 0 0 0 0 0 0 0 0 0 0 0 0 0 0 0 0 0 0 0 0 0 0 0 0 0 0 0 0 0 0 0 0 0 0 0 0 0 0 0 0 0 0 0 0 0 0 0 0 0 0 0 0 0 0 0 0 0 0 0 0 0 0 0 0 0 0 0 0 0 0 0 0 0 0 0 0 0 0 0 0 0 0 0 0 0 0 0 0 0 0 0 0 0 0 0 0 0 0 0 0 0 0 0 0 0 0 0 0 0 0 0 0 0 0 0 0 0 0 0 0 0 0 0 0 0 0 0 0 0 0 0 0 0 0 0 0 0 0 0 0 0 0 0 0 0 0 0 0 0 0 0 0 0 0 0 0 0 0 0 0 0 0 0 0 0 0 0 0 0 0 0 0 0 0 0 0 0 0 0 0 0 0 0 0 0 0 0 0 0 0 0 0 0 0 0 0 0 0 0 0 0 0 0 0 0 0 0 0 0 0 0 0 0 0 0 0 0 0 0 0 0 0 0 0 0 0 0 0 0 0 0 0 0 0 0 0 0 0 0 0 0 0 0 0 0 0 0 0 0 0 0 0 0 0 0 0 0 0 0 0 0 0 0 0 0 0 0 0 0 0 0 0 0 0 0 0 0 0 0 0 0 0 0 0 0 0 0 0 0 0 0 0 0 0 0 0 0 0 0 0 0 0 0 0 0 0 0 0 0 0 0 0 0 0 0 0 0 0 0 0 0 0 0 0 0 0 0 0 0 0 0 0 0 0 0 0 0 0 0 0 0 0 0 0 0 0 0 0 0 0 0 0 0 0 0 0 0 0 0 0 0 0 0 0 0 0 0 0 0 0 0 0 0 0 0 0 0 0 0 0 0 0 0 0 0 0 0 0 0 0 0 0 0 0 0 0 0 0 0 0 0 0 0 0 0 0 0 0 0 0 0 0 0 0 0 0 0 0 0 0 0 0 0 0 0 0 0 0 0 0 0 0 0 0 0 0 0 0 0 0 0 0 0 0 0 0 0 0 0 0 0 0 0 0 0 0 0 0 0 0 0 0 0 0 0 0 0 0 0 0 0 0 0 0 0 0 0 0 0 0 0 0 0 0 0 0 0 0 0 0 0 0 0 0 0 0 0 0 0 0 0 0 0 0 0 0 0 0 0 0 0 0 0 0 0 0 0 0 0 0 0 0 0 0 0 0 0 0 0 0 0 0 0 0 0 0 0 0 0 0 0 0 0 0 0 0 0 0 0 0 0 0 0 0 0 0 0 0 0 0 0 0 0 0 0 0 0 0 0 0 0 0 0 0 0 0 0 0 0 0 0 0 0 0 0 0 0 0 0 0 0 0 0 0 0 0 0 0 0 0 0 0 0 0 0 0 0 0 0 0 0 0 0 0 0 0 0 0 0 0 0 0 0 0 0 0 0 0 0 0 0 0 0 0 0 0 0 0 0 0 0 0 0 0 0 0 0 0 0 0 0 0 0 0 0 0 0 0 0 0 0 0 0 0 0 0 0 0 0 0 0 0 0 0 0 0 0 0 0 0 0 0 0 0 0 0 0 0 0 0 0 0 0 0 0 0 0 0 0 0 0 0 0 0 0 0 0 0 0 0 0 0 0 0 0 0 0 0 0 0 0 0 0 0 0 0 0 0 0 0 0 0 0 0 0 0 0 0 0 0 0 0 0 0 0 0 0 0 0 0 0 0 0 0 0 0 0 0 0 0 0 0 0 0 0 0 0 0 0 0 0 0 0 0 0 0 0 0 0 0 0 0 0 0 0 0 0 0 0 0 0 0 0 0 0 0 0 0 0 0 0 0 0 0 0 0 0 0 0 0 0 0 0 0 0 0 0 0 0 0 0 0 0 0 0 0 0 0 0 0 0 0 0 0 0 0 0 0 0 0 0 0 0 0 0 0 0 0 0 0 0 0 0 0 0 0 0 0 0 0 0 0 0 0 0 0 0 0 0 0 0 0 0 0 0 0 0 0 0 0 0 0 0 0 0 0 0 0 0 0 0 0 0 0 0 0 0 0 0 0 0 0 0 0 0 0 0 0 0 0 0 0 0 0 0 0 0 0 0 0 0 0 0 0 0 0 0 0 0 0 0 0 0 0 0 0 0 0 0 0 0 0 0 0 0 0 0 0 0 0 0 0 0 0 0 0 0 0 0 0 0 0 0 0 0 0 0 0 0 0 0 0 0 0 0 0 0 0 0 0 0 0 0 0 0 0 0 0 0 0 0 0 0 0 0 0 0 0 0 0 0 0 0 0 0 0 0 0 0 0 0 0 0 0 0 0 0 0 0 0 0 0 0 0 0 0 0 0 0 0 0 0 0 0 0 0 0 0 0 0 0 0 0 0 0 0 0 0 0 0 0 0 0 0 0 0 0 0 0 0 0 0 0 0 0 0 0 0 0 0 0 0 0 0 0 0 0 0 0 0 0 0 0 0 0 0 0 0 0 0 0 0 0 0 0 0 0 0 0 0 0 0 0 0 0 0 0 0 0 0 0 0 0 0 0 0 0 0 0 0 0 0 0 0 0 0 0 0 0 0 0 0 0 0 0 0 0 0 0 0 0 0 0 0 0 0 0 0 0 0 0 0 0 0 0 0 0 0 0 0 0 0 0 0 0 0 0 0 0 0 0 0 0 0 0 0 0 0 0 0 0 0 0 0 0 0 0 0 0 0 0 0 0 0 0 0 0 0 0 0 0 0 0 0 0 0 0 0 0 0 0 0 0 0 0 0 0 0 0 0 0 0 0 0 0 0 0 0 0 0 0 0 0 0 0 0 0 0 0 0 0 0 0 0 0 0 0 0 0 0 0 0 0 0 0 0 0 0 0 0 0 0 0 0 0 0 0 0 0 0 0 0 0 0 0 0 0 0 0 0 0 0 0 0 0 0 0 0 0 0 0 0 0 0 0 0 0 0 0 0 0 0 0 0 0 0 0 0 0 0 0 0 0 0 0 0 0 0 0 0 0 0 0 0 0 0 0 0 0 0 0 0 0 0 0 0 0 0 0 0 0 0 0 0 0 0 0 0 0 0 0 0 0 0 0 0 0 0 0 0 0 0 0 0 0 0 0 0 0 0 0 0 0 0 0 0 0 0 0 0 0 0 0 0 0 0 0 0 0 0 0 0 0 0 0 0 0 0 0 0 0 0 0 0 0 0 0 0 0 0 0 0 0 0 0 0 0 0 0 0 0 0 0 0 0 0 0 0 0 0 0 0 0 0 0 0 0 0 0 0 0 0 0 0 0 0 0 0 0 0 0 0 0 0 0 0 0 0 0 0 0 0 0 0 0 0 0 0 0 0 0 0 0 0 0 0 0 0 0 0 0 0 0 0 0 0 0 0 0 0 0 0 0 0 0 0 0 0 0 0 0 0 0 0 0 0 0 0 0 0 0 0 0 0 0 0 0 0 0 0 0 0 0 0 0 0 0 0 0 0 0 0 0 0 0 0 0 0 0 0 0 0 0 0 0 0 0 0 0 0 0 0 0 0 0 0 0 0 0 0 0 0 0 0 0 0 0 0 0 0 0 0 0 0 0 0 0 0 0 0 0 0 0 0 0 0 0 0 0 0 0 0 0 0 0 0 0 0 0 0 0 0 0 0 0 0 0 0 0 0 0 0 0 0 0 0 0 0 0 0 0 0 0 0 0 0 0 0 0 0 0 0 0 0 0 0 0 0 0 0 0 0 0 0 0 0 0 0 0 0 0 0 0 0 0 0 0 0 0 0 0 0 0 0 0 0 0 0 0 0 0 0 0 0 0 0 0 0 0 0 0 0 0 0 0 0 0 0 0 0 0 0 0 0 0 0 0 0 0 0 0 0 0 0 0 0 0 0 0 0 0 0 0 0 0 0 0 0 0 0 0 0 0 0 0 0 0 0 0 0 0 0 0 0 0 0 0 0 0 0 0 0 0 0 0 0 0 0 0 0 0 0 0 0 0 0 0 0 0 0 0 0 0 0 0 0 0 0 0 0 0 0 0 0 0 0 0 0 0 0 0 0 0 0 0 0 0 0 0 0 0 0 0 0 0 0 0 0 0 0 0 0 0 0 0 0 0 0 0 0 0 0 0 0 0 0 0 0 0 0 0 0 0 0 0 0 0 0 0 0 0 0 0 0 0 0 0 0 0 0 0 0 0 0 0 0 0 0 0 0 0 0 0 0 0 0 0 0 0 0 0 0 0 0 0 0 0 0 0 0 0 0 0 0 0 0 0 0 0 0 0 0 0 0 0 0 0 0 0 0 0 0 0 0 0 0 0 0 0 0 0 0 0 0 0 0 0 0 0 0 0 0 0 0 0 0 0 0 0 0 0 0 0 0 0 0 0 0 0 0 0 0 0 0 0 0 0 0 0 0 0 0 0 0 0 0 0 0 0 0 0 0 0 0 0 0 0 0 0 0 0 0 0 0 0 0 0 0 0 0 0 0 0 0 0 0 0 0 0 0 0 0 0 0 0 0 0 0 0 0 0 0 0 0 0 0 0 0 0 0 0 0 0 0 0 0 0 0 0 0 0 0 0 0 0 0 0 0 0 0 0 0 0 0 0 0 0 0 0 0 0 0 0 0 0 0 0 0 0 0 0 0 0 0 0 0 0 0 0 0 0 0 0 0 0 0 0 0 0 0 0 0 0 0 0 0 0 0 0 0 0 0 0 0 0 0 0 0 0 0 0 0 0 0 0 0 0 0 0 0 0 0 0 0 0 0 0 0 0 0 0 0 0 0 0 0 0 0 0 0 0 0 0 0 0 0 0 0 0 0 0 0 0 0 0 0 0 0 0 0 0 0 0 0 0 0 0 0 0 0 0 0 0 0 0 0 0 0 0 0 0 0 0 0 0 0 0 0 0 0 0 0 0 0 0 0 0 0 0 0 0 0 0 0 0 0 0 0 0 0 0 0 0 0 0 0 0 0 0 0 0 0 0 0 0 0 0 0 0 0 0 0 0 0 0 0 0 0 0 0 0 0 0 0 0 0 0 0 0 0 0 0 0 0 0 0 0 0 0 0 0 0 0 0 0 0 0 0 0 0 0 0 0 0 0 0 0 0 0 0 0 0 0 0 0 0 0 0 0 0 0 0 0 0 0 0 0 0 0 0 0 0 0 0 0 0 0 0 0 0 0 0 0 0 0 0 0 0 0 0 0 0 0 0 0 0 0 0 0 0 0 0 0 0 0 0 0 0 0 0 0 0 0 0 0 0 0 0 0 0 0 0 0 0 0 0 0 0 0 0 0 0 0 0 0 0 0 0 0 0 0 0 0 0 0 0 0 0 0 0 0 0 0 0 0 0 0 0 0 0 0 0 0 0 0 0 0 0 0 0 0 0 0 0 0 0 0 0 0 0 0 0 0 0 0 0 0 0 0 0 0 0 0 0 0 0 0 0 0 0 0 0 0 0 0 0 0 0 0 0 0 0 0 0 0 0 0 0 0 0 0 0 0 0 0 0 0 0 0 0 0 0 0 0 0 0 0 0 0 0 0 0 0 0 0 0 0 0 0 0 0 0 0 0 0 0 0 0 0 0 0 0 0 0 0 0 0 0 0 0 0 0 0 0 0 0 0 0 0 0 0 0 0 0 0 0 0 0 0 0 0 0 0 0 0 0 0 0 0 0 0 0 0 0 0 0 0 0 0 0 0 0 0 0 0 0 0 0 0 0 0 0 0 0 0 0 0 0 0 0 0 0 0 0 0 0 0 0 0 0 0 0 0 0 0 0 0 0 0 0 0 0 0 0 0 0 0 0 0 0 0 0 0 0 0 0 0 0 0 0 0 0 0 0 0 0 0 0 0 0 0 0 0 0 0 0 0 0 0 0 0 0 0 0 0 0 0 0 0 0 0 0 0 0 0 0 0 0 0 0 0 0 0 0 0 0 0 0 0 0 0 0 0 0 0 0 0 0 0 0 0 0 0 0 0 0 0 0 0 0 0 0 0 0 0 0 0 0 0 0 0 0 0 0 0 0 0 0 0 0 0 0 0 0 0 0 0 0 0 0 0 0 0 0 0 0 0 0 0 0 0 0 0 0 0 0 0 0 0 0 0 0 0 0 0 0 0 0 0 0 0 0 0 0 0 0 0 0 0 0 0 0 0 0 0 0 0 0 0 0 0 0 0 0 0 0 0 0 0 0 0 0 0 0 0 0 0 0 0 0 0 0 0 0 0 0 0 0 0 0 0 0 0 0 0 0 0 0 0 0 0 0 0 0 0 0 0 0 0 0 0 0 0 0 0 0 0 0 0 0 0 0 0 0 0 0 0 0 0 0 0 0 0 0 0 0 0 0 0 0 0 0 0 0 0 0 0 0 0 0 0 0 0 0 0 0 0 0 0 0 0 0 0 0 0 0 0 0 0 0 0 0 0 0 0 0 0 0 0 0 0 0 0 0 0 0 0 0 0 0 0 0 0 0 0 0 0 0 0 0 0 0 0 0 0 0 0 0 0 0 0 0 0 0 0 0 0 0 0 0 0 0 0 0 0 0 0 0 0 0 0 0 0 0 0 0 0 0 0 0 0 0 0 0 0 0 0 0 0 0 0 0 0 0 0 0 0 0 0 0 0 0 0 0 0 0 0 0 0 0 0 0 0 0 0 0 0 0 0 0 0 0 0 0 0 0 0 0 0 0 0 0 0 0 0 0 0 0 0 0 0 0 0 0 0 0 0 0 0 0 0 0 0 0 0 0 0 0 0 0 0 0 0 0 0 0 0 0 0 0 0 0 0 0 0 0 0 0 0 0 0 0 0 0 0 0 0 0 0 0 0 0 0 0 0 0 0 0 0 0 0 0 0 0 0 0 0 0 0 0 0 0 0 0 0 0 0 0 0 0 0 0 0 0 0 0 0 0 0 0 0 0 0 0 0 0 0 0 0 0 0 0 0 0 0 0 0 0 0 0 0 0 0 0 0 0 0 0 0 0 0 0 0 0 0 0 0 0 0 0 0 0 0 0 0 0 0 0 0 0 0 0 0 0 0 0 0 0 0 0 0 0 0 0 0 0 0 0 0 0 0 0 0 0 0 0 0 0 0 0 0 0 0 0 0 0 0 0 0 0 0 0 0 0 0 0 0 0 0 0 0 0 0 0 0 0 0 0 0 0 0 0 0 0 0 0 0 0 0 0 0 0 0 0 0 0 0 0 0 0 0 0 0 0 0 0 0 0 0 0 0 0 0 0 0 0 0 0 0 0 0 0 0 0 0 0 0 0 0 0 0 0 0 0 0 0 0 0 0 0 0 0 0 0 0 0 0 0 0 0 0 0 0 0 0 0 0 0 0 0 0 0 0 0 0 0 0 0 0 0 0 0 0 0 0 0 0 0 0 0 0 0 0 0 0 0 0 0 0 0 0 0 0 0 0 0 0 0 0 0 0 0 0 0 0 0 0 0 0 0 0 0 0 0 0 0 0 0 0 0 0 0 0 0 0 0 0 0 0 0 0 0 0 0 0 0 0 0 0 0 0 0 0 0 0 0 0 0 0 0 0 0 0 0 0 0 0 0 0 0 0 0 0 0 0 0 0 0 0 0 0 0 0 0 0 0 0 0 0 0 0 0 0 0 0 0 0 0 0 0 0 0 0 0 0 0 0 0 0 0 0 0 0 0 0 0 0 0 0 0 0 0 0 0 0 0 0 0 0 0 0 0 0 0 0 0 0 0 0 0 0 0 0 0 0 0 0 0 0 0 0 0 0 0 0 0 0 0 0 0 0 0 0 0 0 0 0 0 0 0 0 0 0 0 0 0 0 0 0 0 0 0 0 0 0 0 0 0 0 0 0 0 0 0 0 0 0 0 0 0 0 0 0 0 0 0 0 0 0 0 0 0 0 0 0 0 0 0 0 0 0 0 0 0 0 0 0 0 0 0 0 0 0 0 0 0 0 0 0 0 0 0 0 0 0 0 0 0 0 0 0 0 0
ctxt 5967767
btime 1613064758
processes 134016
procs_running 1
procs_blocked 0
softirq 79236354 1 46264850 1800 1189507 0 0 171 2542306 0 29237719
