cpu  8685205 7 13522 27610695 487 0 526 0 0 0
cpu0 67869 0 370 214961 0 0 112 0 0 0
cpu1 67878 0 66 215746 0 0 1 0 0 0
cpu2 67834 0 103 215744 0 0 0 0 0 0
cpu3 67581 0 228 215863 7 0 10 0 0 0
cpu4 67847 0 96 215763 0 0 2 0 0 0
cpu5 67870 0 54 215773 0 0 10 0 0 0
cpu6 67821 0 108 215733 0 0 9 0 0 0
cpu7 67614 0 264 215792 0 0 17 0 0 0
cpu8 67855 0 81 215766 0 0 1 0 0 0
cpu9 67881 0 54 215771 0 0 0 0 0 0
cpu10 68034 0 80 215585 0 0 0 0 0 0
cpu11 67874 0 121 215708 0 0 2 0 0 0
cpu12 67870 0 81 215753 0 0 1 0 0 0
cpu13 67879 0 53 215770 0 0 0 0 0 0
cpu14 67888 0 64 215744 0 0 3 0 0 0
cpu15 67844 0 154 215689 0 0 8 0 0 0
cpu16 67878 0 62 215758 0 0 1 0 0 0
cpu17 67881 0 54 215762 0 0 0 0 0 0
cpu18 67913 0 65 215722 0 0 0 0 0 0
cpu19 67862 0 118 215710 2 0 3 0 0 0
cpu20 67878 0 73 215754 0 0 0 0 0 0
cpu21 67883 0 52 215772 0 0 0 0 0 0
cpu22 67880 0 53 215760 0 0 0 0 0 0
cpu23 67911 2 206 215573 0 0 5 0 0 0
cpu24 67859 0 114 215721 0 0 2 0 0 0
cpu25 67880 0 40 215778 0 0 0 0 0 0
cpu26 67580 0 172 215893 0 0 12 0 0 0
cpu27 67922 0 162 215583 0 0 2 0 0 0
cpu28 67880 0 191 215548 0 0 0 0 0 0
cpu29 67880 0 51 215755 0 0 0 0 0 0
cpu30 67802 0 126 215765 0 0 2 0 0 0
cpu31 67826 0 215 215633 1 0 6 0 0 0
cpu32 67861 0 59 215774 0 0 1 0 0 0
cpu33 67870 0 58 215695 0 0 18 0 0 0
cpu34 67781 0 136 215769 0 0 13 0 0 0
cpu35 67982 0 250 215448 2 0 4 0 0 0
cpu36 67878 0 125 215681 0 0 0 0 0 0
cpu37 67884 0 52 215754 0 0 0 0 0 0
cpu38 67864 0 66 215763 0 0 1 0 0 0
cpu39 68009 0 269 215405 6 0 0 0 0 0
cpu40 67878 0 96 215710 0 0 0 0 0 0
cpu41 67883 0 46 215767 1 0 0 0 0 0
cpu42 67844 0 84 215758 0 0 4 0 0 0
cpu43 67921 0 222 215503 28 0 3 0 0 0
cpu44 67884 0 66 215741 0 0 0 0 0 0
cpu45 67884 0 48 215755 0 0 0 0 0 0
cpu46 67909 0 59 215720 0 0 0 0 0 0
cpu47 67789 0 470 215342 2 0 44 0 0 0
cpu48 67883 0 55 215751 0 0 0 0 0 0
cpu49 67884 0 48 215748 0 0 0 0 0 0
cpu50 67896 0 68 215726 1 0 0 0 0 0
cpu51 67831 0 141 215702 2 0 1 0 0 0
cpu52 67882 0 53 215757 0 0 0 0 0 0
cpu53 67886 0 56 215738 2 0 0 0 0 0
cpu54 67878 0 59 215745 0 0 0 0 0 0
cpu55 67724 0 193 215751 5 0 6 0 0 0
cpu56 67882 0 55 215755 0 0 0 0 0 0
cpu57 67819 0 51 215811 0 0 0 0 0 0
cpu58 67869 0 63 215754 1 0 2 0 0 0
cpu59 67693 0 151 215743 77 0 5 0 0 0
cpu60 67716 0 220 215722 2 0 29 0 0 0
cpu61 67874 0 48 215764 0 0 0 0 0 0
cpu62 67834 0 79 215767 0 0 3 0 0 0
cpu63 67883 0 149 215637 0 0 5 0 0 0
cpu64 67848 0 78 215756 0 0 0 0 0 0
cpu65 67871 0 61 215749 0 0 0 0 0 0
cpu66 67831 0 104 215745 1 0 2 0 0 0
cpu67 67897 0 176 215503 88 0 3 0 0 0
cpu68 67614 0 124 215913 0 0 5 0 0 0
cpu69 67870 0 55 215751 1 0 0 0 0 0
cpu70 67752 0 179 215735 0 0 14 0 0 0
cpu71 67997 0 147 215499 31 0 1 0 0 0
cpu72 67868 0 76 215734 0 0 0 0 0 0
cpu73 67866 0 41 215770 0 0 0 0 0 0
cpu74 67942 0 66 215679 0 0 0 0 0 0
cpu75 67844 0 152 215656 2 0 9 0 0 0
cpu76 67656 0 79 215927 0 0 4 0 0 0
cpu77 67881 0 38 215760 0 0 0 0 0 0
cpu78 67886 0 49 215735 0 0 0 0 0 0
cpu79 67835 0 122 215694 2 0 2 0 0 0
cpu80 67881 0 54 215744 1 0 0 0 0 0
cpu81 67860 0 40 215768 0 0 0 0 0 0
cpu82 67810 0 55 215801 0 0 0 0 0 0
cpu83 67860 0 90 215717 1 0 2 0 0 0
cpu84 67874 0 64 215736 0 0 0 0 0 0
cpu85 67884 0 40 215747 0 0 0 0 0 0
cpu86 67930 0 56 215688 1 0 0 0 0 0
cpu87 67892 1 102 215667 4 0 2 0 0 0
cpu88 67879 0 54 215746 0 0 0 0 0 0
cpu89 67881 0 46 215749 0 0 0 0 0 0
cpu90 67523 0 178 215959 0 0 2 0 0 0
cpu91 67602 0 147 215879 1 0 8 0 0 0
cpu92 67880 0 68 215719 1 0 0 0 0 0
cpu93 67876 0 43 215748 0 0 0 0 0 0
cpu94 67548 0 127 215991 0 0 2 0 0 0
cpu95 67819 0 173 215647 1 0 5 0 0 0
cpu96 67881 0 60 215725 5 0 0 0 0 0
cpu97 67880 0 47 215741 0 0 0 0 0 0
cpu98 67869 0 59 215734 0 0 0 0 0 0
cpu99 67968 2 198 215515 2 0 1 0 0 0
cpu100 67880 0 56 215735 0 0 0 0 0 0
cpu101 67877 0 62 215728 0 0 0 0 0 0
cpu102 67819 0 78 215767 0 0 4 0 0 0
cpu103 68050 0 261 215353 5 0 0 0 0 0
cpu104 67879 0 58 215724 0 0 0 0 0 0
cpu105 67877 0 62 215724 0 0 0 0 0 0
cpu106 67490 0 74 216075 0 0 2 0 0 0
cpu107 68099 0 184 215374 7 0 0 0 0 0
cpu108 67886 0 72 215696 7 0 0 0 0 0
cpu109 67877 0 45 215741 0 0 0 0 0 0
cpu110 67882 0 52 215729 0 0 0 0 0 0
cpu111 67614 0 502 215447 0 0 71 0 0 0
cpu112 67894 0 69 215704 0 0 0 0 0 0
cpu113 67881 0 46 215736 0 0 0 0 0 0
cpu114 67878 0 64 215708 11 0 0 0 0 0
cpu115 68432 0 276 214866 70 0 0 0 0 0
cpu116 67839 0 95 215723 0 0 4 0 0 0
cpu117 67880 0 49 215725 0 0 0 0 0 0
cpu118 67879 0 52 215720 0 0 0 0 0 0
cpu119 67550 0 140 215950 4 0 2 0 0 0
cpu120 67882 0 59 215720 0 0 1 0 0 0
cpu121 67882 0 54 215724 1 0 0 0 0 0
cpu122 67875 0 54 215733 0 0 0 0 0 0
cpu123 67914 0 113 215579 54 0 0 0 0 0
cpu124 67883 0 47 215727 1 0 0 0 0 0
cpu125 67881 0 60 215713 0 0 0 0 0 0
cpu126 67862 0 64 215728 1 0 0 0 0 0
cpu127 67748 0 145 215754 1 0 2 0 0 0
intr 25902786 130 0 0 0 683 0 0 0 1 0 285 0 0 0 0 0 0 0 0 0 0 0 0 0 0 0 0 0 0 0 0 0 0 0 0 260 0 5 2 838 2596 185 5441 2539 2591 0 3 97 2304 0 0 4782 5768 3 0 20 1279 17 0 0 1568 0 0 651 734 834 1 2 1050 3 35682 148 499 9 8 0 214 126 6 1098 3205 168 0 0 1449 0 295 5 957 0 0 0 1232 0 0 743 3141 0 0 3031 860 0 0 2963 1275 614 0 466 968 0 0 2 2514 158 0 0 2198 0 0 0 2384 11 0 1 1880 0 0 140 2261 0 0 0 1378 0 0 0 622 0 0 0 264 0 1 1693 489 0 0 0 1769 0 0 0 238 0 0 0 0 0 0 0 0 0 0 0 0 0 163 162 1 62 4 80 206 15 155 1 3 0 6 0 6 0 10 141 11 3 764 3 128 2 84 12 69 14 100 62 7 9 4 0 0 0 0 0 0 0 0 0 0 0 0 0 0 0 0 0 69 7 81 8 70 10 3 1 3 3 44 0 6 26 6 136 39 19 7 19 33 76 0 0 8 0 1 25 0 32 0 1 1 0 6 385 0 0 37 6152 5088 109 187 468 547 241 184 137 202 544 61 186 393 3008 20 74 221 532 30 9906 108 546 70 0 0 0 0 0 0 0 0 0 0 0 0 0 0 0 0 0 0 0 0 0 0 0 0 0 0 0 0 0 0 0 0 0 0 0 0 0 0 0 0 0 0 0 0 0 0 0 0 0 0 0 0 0 0 0 0 0 0 0 0 0 0 0 0 0 0 0 0 0 0 0 0 0 0 0 0 0 0 0 0 0 0 0 0 0 0 0 0 0 0 0 0 0 0 0 0 0 0 0 0 0 0 0 0 0 0 0 0 0 0 0 0 0 0 0 0 0 0 0 0 0 0 0 0 0 0 0 0 0 0 0 0 0 0 0 0 0 0 0 0 0 0 0 0 0 0 0 0 0 0 0 0 0 0 0 0 0 0 0 0 0 0 0 0 0 0 0 0 0 0 0 0 0 0 0 0 0 0 0 0 0 0 0 0 0 0 0 0 0 0 0 0 0 0 0 0 0 0 0 0 0 0 0 0 0 0 0 0 0 0 0 0 0 0 0 0 0 0 0 0 0 0 0 0 0 0 0 0 0 0 0 0 0 0 0 0 0 0 0 0 0 0 0 0 0 0 0 0 0 0 0 0 0 0 0 0 0 0 0 0 0 0 0 0 0 0 0 0 0 0 0 0 0 0 0 0 0 0 0 0 0 0 0 0 0 0 0 0 0 0 0 0 0 0 0 0 0 0 0 0 0 0 0 0 0 0 0 0 0 0 0 0 0 0 0 0 0 0 0 0 0 0 0 0 0 0 0 0 0 0 0 0 0 0 0 0 0 0 0 0 0 0 0 0 0 0 0 0 0 0 0 0 0 0 0 0 0 0 0 0 0 0 0 0 0 0 0 0 0 0 0 0 0 0 0 0 0 0 0 0 0 0 0 0 0 0 0 0 0 0 0 0 0 0 0 0 0 0 0 0 0 0 0 0 0 0 0 0 0 0 0 0 0 0 0 0 0 0 0 0 0 0 0 4 0 0 0 0 0 0 0 47 0 0 48 0 0 0 0 0 0 0 0 0 0 0 0 1 0 0 0 0 0 0 0 0 0 0 0 0 0 0 0 0 0 0 0 0 0 0 0 0 0 0 0 0 0 0 0 0 0 0 0 0 0 0 0 0 0 0 0 0 0 0 0 0 0 0 0 0 0 0 0 0 0 0 0 0 0 0 0 0 0 0 0 0 0 20 0 0 0 0 0 0 0 0 0 0 0 0 0 0 0 0 0 0 0 0 0 0 0 0 0 0 0 0 0 0 0 0 0 0 0 0 0 0 0 0 0 0 0 0 0 0 0 0 0 0 0 0 0 0 0 0 0 0 0 0 0 0 0 0 0 0 0 0 0 0 0 0 0 0 0 0 0 0 0 0 0 0 0 0 0 0 0 0 0 0 0 0 0 0 0 0 0 0 0 0 0 0 0 0 0 0 0 0 0 0 0 0 0 0 0 0 0 0 0 0 0 0 0 0 0 0 0 0 0 0 0 0 0 0 0 0 0 0 0 0 0 0 0 0 0 0 0 0 0 0 0 0 0 0 0 0 0 0 0 0 0 0 0 0 0 0 0 0 0 0 0 0 0 0 0 0 0 0 0 0 0 0 0 0 0 0 0 0 0 0 0 0 0 0 0 0 0 0 0 0 0 0 0 0 0 0 0 0 0 0 0 0 0 0 0 0 0 0 0 0 0 0 0 0 0 0 0 0 0 0 0 0 0 0 0 0 0 0 0 0 0 0 0 0 0 0 0 0 0 0 0 0 0 0 0 0 0 0 0 0 0 0 0 0 0 0 0 0 0 0 0 0 0 0 0 0 0 0 0 0 0 0 0 0 0 0 0 0 0 0 0 0 0 0 0 0 0 0 0 0 0 0 0 0 0 0 0 0 0 0 0 0 0 0 0 0 0 0 0 0 0 0 0 0 0 0 0 0 0 0 0 0 0 0 0 0 0 0 0 0 0 0 0 0 0 0 0 0 0 0 0 0 0 0 0 0 0 0 0 0 0 0 0 0 0 0 0 0 0 0 0 0 0 0 0 0 0 0 0 0 0 0 0 0 0 0 0 0 0 0 0 0 0 0 0 0 0 0 0 0 0 0 0 0 0 0 0 0 0 0 0 0 0 0 0 0 0 0 0 0 0 0 0 0 0 0 0 0 0 0 0 0 0 0 0 0 0 0 0 0 0 0 0 0 0 0 0 0 0 0 0 0 0 0 0 0 0 0 0 0 0 0 0 0 0 0 0 0 0 0 0 0 0 0 0 0 0 0 0 0 0 0 0 0 0 0 0 0 0 0 0 0 0 0 0 0 0 0 0 0 0 0 0 0 0 0 0 0 0 0 0 0 0 0 0 0 0 0 0 0 0 0 0 0 0 0 0 0 0 0 0 0 0 0 0 0 0 0 0 0 0 0 0 0 0 0 0 0 0 0 0 0 0 0 0 0 0 0 0 0 0 0 0 0 0 0 0 0 0 0 0 0 0 0 0 0 0 0 0 0 0 0 0 0 0 0 0 0 0 0 0 0 0 0 0 0 0 0 0 0 0 0 0 0 0 0 0 0 0 0 0 0 0 0 0 0 0 0 0 0 0 0 0 0 0 0 0 0 0 0 0 0 0 0 0 0 0 0 0 0 0 0 0 0 0 0 0 0 0 0 0 0 0 0 0 0 0 0 0 0 0 0 0 0 0 0 0 0 0 0 0 0 0 0 0 0 0 0 0 0 0 0 0 0 0 0 0 0 0 0 0 0 0 0 0 0 0 0 0 0 0 0 0 0 0 0 0 0 0 0 0 0 0 0 0 0 0 0 0 0 0 0 0 0 0 0 0 0 0 0 0 0 0 0 0 0 0 0 0 0 0 0 0 0 0 0 0 0 0 0 0 0 0 0 0 0 0 0 0 0 0 0 0 0 0 0 0 0 0 0 0 0 0 0 0 0 0 0 0 0 0 0 0 0 0 0 0 0 0 0 0 0 0 0 0 0 0 0 0 0 0 0 0 0 0 0 0 0 0 0 0 0 0 0 0 0 0 0 0 0 0 0 0 0 0 0 0 0 0 0 0 0 0 0 0 0 0 0 0 0 0 0 0 0 0 0 0 0 0 0 0 0 0 0 0 0 0 0 0 0 0 0 0 0 0 0 0 0 0 0 0 0 0 0 0 0 0 0 0 0 0 0 0 0 0 0 0 0 0 0 0 0 0 0 0 0 0 0 0 0 0 0 0 0 0 0 0 0 0 0 0 0 0 0 0 0 0 0 0 0 0 0 0 0 0 0 0 0 0 0 0 0 0 0 0 0 0 0 0 0 0 0 0 0 0 0 0 0 0 0 0 0 0 0 0 0 0 0 0 0 0 0 0 0 0 0 0 0 0 0 0 0 0 0 0 0 0 0 0 0 0 0 0 0 0 0 0 0 0 0 0 0 0 0 0 0 0 0 0 0 0 0 0 0 0 0 0 0 0 0 0 0 0 0 0 0 0 0 0 0 0 0 0 0 0 0 0 0 0 0 0 0 0 0 0 0 0 0 0 0 0 0 0 0 0 0 0 0 0 0 0 0 0 0 0 0 0 0 0 0 0 0 0 0 0 0 0 0 0 0 0 0 0 0 0 0 0 0 0 0 0 0 0 0 0 0 0 0 0 0 0 0 0 0 0 0 0 0 0 0 0 0 0 0 0 0 0 0 0 0 0 0 0 0 0 0 0 0 0 0 0 0 0 0 0 0 0 0 0 0 0 0 0 0 0 0 0 0 0 0 0 0 0 0 0 0 0 0 0 0 0 0 0 0 0 0 0 0 0 0 0 0 0 0 0 0 0 0 0 0 0 0 0 0 0 0 0 0 0 0 0 0 0 0 0 0 0 0 0 0 0 0 0 0 0 0 0 0 0 0 0 0 0 0 0 0 0 0 0 0 0 0 0 0 0 0 0 0 0 0 0 0 0 0 0 0 0 0 0 0 0 0 0 0 0 0 0 0 0 0 0 0 0 0 0 0 0 0 0 0 0 0 0 0 0 0 0 0 0 0 0 0 0 0 0 0 0 0 0 0 0 0 0 0 0 0 0 0 0 0 0 0 0 0 0 0 0 0 0 0 0 0 0 0 0 0 0 0 0 0 0 0 0 0 0 0 0 0 0 0 0 0 0 0 0 0 0 0 0 0 0 0 0 0 0 0 0 0 0 0 0 0 0 0 0 0 0 0 0 0 0 0 0 0 0 0 0 0 0 0 0 0 0 0 0 0 0 0 0 0 0 0 0 0 0 0 0 0 0 0 0 0 0 0 0 0 0 0 0 0 0 0 0 0 0 0 0 0 0 0 0 0 0 0 0 0 0 0 0 0 0 0 0 0 0 0 0 0 0 0 0 0 0 0 0 0 0 0 0 0 0 0 0 0 0 0 0 0 0 0 0 0 0 0 0 0 0 0 0 0 0 0 0 0 0 0 0 0 0 0 0 0 0 0 0 0 0 0 0 0 0 0 0 0 0 0 0 0 0 0 0 0 0 0 0 0 0 0 0 0 0 0 0 0 0 0 0 0 0 0 0 0 0 0 0 0 0 0 0 0 0 0 0 0 0 0 0 0 0 0 0 0 0 0 0 0 0 0 0 0 0 0 0 0 0 0 0 0 0 0 0 0 0 0 0 0 0 0 0 0 0 0 0 0 0 0 0 0 0 0 0 0 0 0 0 0 0 0 0 0 0 0 0 0 0 0 0 0 0 0 0 0 0 0 0 0 0 0 0 0 0 0 0 0 0 0 0 0 0 0 0 0 0 0 0 0 0 0 0 0 0 0 0 0 0 0 0 0 0 0 0 0 0 0 0 0 0 0 0 0 0 0 0 0 0 0 0 0 0 0 0 0 0 0 0 0 0 0 0 0 0 0 0 0 0 0 0 0 0 0 0 0 0 0 0 0 0 0 0 0 0 0 0 0 0 0 0 0 0 0 0 0 0 0 0 0 0 0 0 0 0 0 0 0 0 0 0 0 0 0 0 0 0 0 0 0 0 0 0 0 0 0 0 0 0 0 0 0 0 0 0 0 0 0 0 0 0 0 0 0 0 0 0 0 0 0 0 0 0 0 0 0 0 0 0 0 0 0 0 0 0 0 0 0 0 0 0 0 0 0 0 0 0 0 0 0 0 0 0 0 0 0 0 0 0 0 0 0 0 0 0 0 0 0 0 0 0 0 0 0 0 0 0 0 0 0 0 0 0 0 0 0 0 0 0 0 0 0 0 0 0 0 0 0 0 0 0 0 0 0 0 0 0 0 0 0 0 0 0 0 0 0 0 0 0 0 0 0 0 0 0 0 0 0 0 0 0 0 0 0 0 0 0 0 0 0 0 0 0 0 0 0 0 0 0 0 0 0 0 0 0 0 0 0 0 0 0 0 0 0 0 0 0 0 0 0 0 0 0 0 0 0 0 0 0 0 0 0 0 0 0 0 0 0 0 0 0 0 0 0 0 0 0 0 0 0 0 0 0 0 0 0 0 0 0 0 0 0 0 0 0 0 0 0 0 0 0 0 0 0 0 0 0 0 0 0 0 0 0 0 0 0 0 0 0 0 0 0 0 0 0 0 0 0 0 0 0 0 0 0 0 0 0 0 0 0 0 0 0 0 0 0 0 0 0 0 0 0 0 0 0 0 0 0 0 0 0 0 0 0 0 0 0 0 0 0 0 0 0 0 0 0 0 0 0 0 0 0 0 0 0 0 0 0 0 0 0 0 0 0 0 0 0 0 0 0 0 0 0 0 0 0 0 0 0 0 0 0 0 0 0 0 0 0 0 0 0 0 0 0 0 0 0 0 0 0 0 0 0 0 0 0 0 0 0 0 0 0 0 0 0 0 0 0 0 0 0 0 0 0 0 0 0 0 0 0 0 0 0 0 0 0 0 0 0 0 0 0 0 0 0 0 0 0 0 0 0 0 0 0 0 0 0 0 0 0 0 0 0 0 0 0 0 0 0 0 0 0 0 0 0 0 0 0 0 0 0 0 0 0 0 0 0 0 0 0 0 0 0 0 0 0 0 0 0 0 0 0 0 0 0 0 0 0 0 0 0 0 0 0 0 0 0 0 0 0 0 0 0 0 0 0 0 0 0 0 0 0 0 0 0 0 0 0 0 0 0 0 0 0 0 0 0 0 0 0 0 0 0 0 0 0 0 0 0 0 0 0 0 0 0 0 0 0 0 0 0 0 0 0 0 0 0 0 0 0 0 0 0 0 0 0 0 0 0 0 0 0 0 0 0 0 0 0 0 0 0 0 0 0 0 0 0 0 0 0 0 0 0 0 0 0 0 0 0 0 0 0 0 0 0 0 0 0 0 0 0 0 0 0 0 0 0 0 0 0 0 0 0 0 0 0 0 0 0 0 0 0 0 0 0 0 0 0 0 0 0 0 0 0 0 0 0 0 0 0 0 0 0 0 0 0 0 0 0 0 0 0 0 0 0 0 0 0 0 0 0 0 0 0 0 0 0 0 0 0 0 0 0 0 0 0 0 0 0 0 0 0 0 0 0 0 0 0 0 0 0 0 0 0 0 0 0 0 0 0 0 0 0 0 0 0 0 0 0 0 0 0 0 0 0 0 0 0 0 0 0 0 0 0 0 0 0 0 0 0 0 0 0 0 0 0 0 0 0 0 0 0 0 0 0 0 0 0 0 0 0 0 0 0 0 0 0 0 0 0 0 0 0 0 0 0 0 0 0 0 0 0 0 0 0 0 0 0 0 0 0 0 0 0 0 0 0 0 0 0 0 0 0 0 0 0 0 0 0 0 0 0 0 0 0 0 0 0 0 0 0 0 0 0 0 0 0 0 0 0 0 0 0 0 0 0 0 0 0 0 0 0 0 0 0 0 0 0 0 0 0 0 0 0 0 0 0 0 0 0 0 0 0 0 0 0 0 0 0 0 0 0 0 0 0 0 0 0 0 0 0 0 0 0 0 0 0 0 0 0 0 0 0 0 0 0 0 0 0 0 0 0 0 0 0 0 0 0 0 0 0 0 0 0 0 0 0 0 0 0 0 0 0 0 0 0 0 0 0 0 0 0 0 0 0 0 0 0 0 0 0 0 0 0 0 0 0 0 0 0 0 0 0 0 0 0 0 0 0 0 0 0 0 0 0 0 0 0 0 0 0 0 0 0 0 0 0 0 0 0 0 0 0 0 0 0 0 0 0 0 0 0 0 0 0 0 0 0 0 0 0 0 0 0 0 0 0 0 0 0 0 0 0 0 0 0 0 0 0 0 0 0 0 0 0 0 0 0 0 0 0 0 0 0 0 0 0 0 0 0 0 0 0 0 0 0 0 0 0 0 0 0 0 0 0 0 0 0 0 0 0 0 0 0 0 0 0 0 0 0 0 0 0 0 0 0 0 0 0 0 0 0 0 0 0 0 0 0 0 0 0 0 0 0 0 0 0 0 0 0 0 0 0 0 0 0 0 0 0 0 0 0 0 0 0 0 0 0 0 0 0 0 0 0 0 0 0 0 0 0 0 0 0 0 0 0 0 0 0 0 0 0 0 0 0 0 0 0 0 0 0 0 0 0 0 0 0 0 0 0 0 0 0 0 0 0 0 0 0 0 0 0 0 0 0 0 0 0 0 0 0 0 0 0 0 0 0 0 0 0 0 0 0 0 0 0 0 0 0 0 0 0 0 0 0 0 0 0 0 0 0 0 0 0 0 0 0 0 0 0 0 0 0 0 0 0 0 0 0 0 0 0 0 0 0 0 0 0 0 0 0 0 0 0 0 0 0 0 0 0 0 0 0 0 0 0 0 0 0 0 0 0 0 0 0 0 0 0 0 0 0 0 0 0 0 0 0 0 0 0 0 0 0 0 0 0 0 0 0 0 0 0 0 0 0 0 0 0 0 0 0 0 0 0 0 0 0 0 0 0 0 0 0 0 0 0 0 0 0 0 0 0 0 0 0 0 0 0 0 0 0 0 0 0 0 0 0 0 0 0 0 0 0 0 0 0 0 0 0 0 0 0 0 0 0 0 0 0 0 0 0 0 0 0 0 0 0 0 0 0 0 0 0 0 0 0 0 0 0 0 0 0 0 0 0 0 0 0 0 0 0 0 0 0 0 0 0 0 0 0 0 0 0 0 0 0 0 0 0 0 0 0 0 0 0 0 0 0 0 0 0 0 0 0 0 0 0 0 0 0 0 0 0 0 0 0 0 0 0 0 0 0 0 0 0 0 0 0 0 0 0 0 0 0 0 0 0 0 0 0 0 0 0 0 0 0 0 0 0 0 0 0 0 0 0 0 0 0 0 0 0 0 0 0 0 0 0 0 0 0 0 0 0 0 0 0 0 0 0 0 0 0 0 0 0 0 0 0 0 0 0 0 0 0 0 0 0 0 0 0 0 0 0 0 0 0 0 0 0 0 0 0 0 0 0 0 0 0 0 0 0 0 0 0 0 0 0 0 0 0 0 0 0 0 0 0 0 0 0 0 0 0 0 0 0 0 0 0 0 0 0 0 0 0 0 0 0 0 0 0 0 0 0 0 0 0 0 0 0 0 0 0 0 0 0 0 0 0 0 0 0 0 0 0 0 0 0 0 0 0 0 0 0 0 0 0 0 0 0 0 0 0 0 0 0 0 0 0 0 0 0 0 0 0 0 0 0 0 0 0 0 0 0 0 0 0 0 0 0 0 0 0 0 0 0 0 0 0 0 0 0 0 0 0 0 0 0 0 0 0 0 0 0 0 0 0 0 0 0 0 0 0 0 0 0 0 0 0 0 0 0 0 0 0 0 0 0 0 0 0 0 0 0 0 0 0 0 0 0 0 0 0 0 0 0 0 0 0 0 0 0 0 0 0 0 0 0 0 0 0 0 0 0 0 0 0 0 0 0 0 0 0 0 0 0 0 0 0 0 0 0 0 0 0 0 0 0 0 0 0 0 0 0 0 0 0 0 0 0 0 0 0 0 0 0 0 0 0 0 0 0 0 0 0 0 0 0 0 0 0 0 0 0 0 0 0 0 0 0 0 0 0 0 0 0 0 0 0 0 0 0 0 0 0 0 0 0 0 0 0 0 0 0 0 0 0 0 0 0 0 0 0 0 0 0 0 0 0 0 0 0 0 0 0 0 0 0 0 0 0 0 0 0 0 0 0 0 0 0 0 0 0 0 0 0 0 0 0 0 0 0 0 0 0 0 0 0 0 0 0 0 0 0 0 0 0 0 0 0 0 0 0 0 0 0 0 0 0 0 0 0 0 0 0 0 0 0 0 0 0 0 0 0 0 0 0 0 0 0 0 0 0 0 0 0 0 0 0 0 0 0 0 0 0 0 0 0 0 0 0 0 0 0 0 0 0 0 0 0 0 0 0 0 0 0 0 0 0 0 0 0 0 0 0 0 0 0
ctxt 2893844
btime 1613064757
processes 67861
procs_running 1
procs_blocked 0
softirq 28780335 1 16955637 1237 563155 0 0 162 1078484 0 10181659
