cpu  7457032 6 14834 2112734 127 0 713 0 0 0
cpu0 116388 0 448 32720 0 0 158 0 0 0
cpu1 116536 0 134 33076 8 0 16 0 0 0
cpu2 116466 0 275 33037 0 0 3 0 0 0
cpu3 116562 0 74 33152 0 0 0 0 0 0
cpu4 116267 0 458 33040 0 0 7 0 0 0
cpu5 116560 0 74 33152 0 0 2 0 0 0
cpu6 116664 0 614 32452 0 0 5 0 0 0
cpu7 115927 0 611 33123 0 0 124 0 0 0
cpu8 116412 0 378 32980 0 0 3 0 0 0
cpu9 116209 0 383 33140 0 0 47 0 0 0
cpu10 116577 0 328 32855 1 0 5 0 0 0
cpu11 116329 0 282 33150 0 0 24 0 0 0
cpu12 116496 2 600 32657 13 0 8 0 0 0
cpu13 116580 0 65 33139 0 0 1 0 0 0
cpu14 116611 1 278 32885 2 0 4 0 0 0
cpu15 116353 0 249 33154 0 0 29 0 0 0
cpu16 116564 0 297 32907 0 0 2 0 0 0
cpu17 116594 0 44 33146 0 0 0 0 0 0
cpu18 116604 0 266 32910 0 0 2 0 0 0
cpu19 116596 0 46 33138 0 0 0 0 0 0
cpu20 116343 0 358 33069 0 0 1 0 0 0
cpu21 116604 0 54 33116 7 0 0 0 0 0
cpu22 116192 0 502 33082 0 0 5 0 0 0
cpu23 116578 0 56 33145 0 0 0 0 0 0
cpu24 116327 0 542 32875 6 0 3 0 0 0
cpu25 116589 0 44 33147 0 0 0 0 0 0
cpu26 116574 0 383 32827 0 0 1 0 0 0
cpu27 116587 0 42 33149 0 0 0 0 0 0
cpu28 116350 0 329 33090 0 0 6 0 0 0
cpu29 116582 0 61 33123 9 0 0 0 0 0
cpu30 116331 0 403 33044 0 0 2 0 0 0
cpu31 116589 0 54 33110 20 0 0 0 0 0
cpu32 116524 0 153 33106 0 0 0 0 0 0
cpu33 116537 0 96 33143 1 0 1 0 0 0
cpu34 116416 0 326 33034 0 0 1 0 0 0
cpu35 116496 0 91 33112 7 0 58 0 0 0
cpu36 116364 0 294 33121 0 0 0 0 0 0
cpu37 116564 0 69 33136 3 0 2 0 0 0
cpu38 117180 0 275 32312 0 0 1 0 0 0
cpu39 116520 0 116 33121 7 0 9 0 0 0
cpu40 116695 0 782 32277 2 0 1 0 0 0
cpu41 115803 0 753 33119 10 0 89 0 0 0
cpu42 117031 0 338 32375 2 0 1 0 0 0
cpu43 116360 0 243 33134 6 0 28 0 0 0
cpu44 116565 0 339 32849 0 0 1 0 0 0
cpu45 116566 0 66 33140 0 0 0 0 0 0
cpu46 116714 0 191 32860 0 0 0 0 0 0
cpu47 116463 0 156 33143 0 0 7 0 0 0
cpu48 116676 0 244 32837 1 0 0 0 0 0
cpu49 116608 0 57 33104 0 0 0 0 0 0
cpu50 116651 0 118 32994 0 0 0 0 0 0
cpu51 116590 0 54 33125 0 0 0 0 0 0
cpu52 116544 0 152 33065 0 0 0 0 0 0
cpu53 116585 0 46 33134 0 0 0 0 0 0
cpu54 116578 0 110 33076 0 0 0 0 0 0
cpu55 116586 0 60 33117 2 0 0 0 0 0
cpu56 116609 0 149 33010 0 0 0 0 0 0
cpu57 116453 0 162 33127 0 0 27 0 0 0
cpu58 116580 0 181 33003 0 0 0 0 0 0
cpu59 116588 0 52 33128 0 0 0 0 0 0
cpu60 116578 0 85 33095 0 0 0 0 0 0
cpu61 116583 0 54 33128 0 0 3 0 0 0
cpu62 116466 0 200 33095 0 0 1 0 0 0
cpu63 116594 0 67 33098 0 0 0 0 0 0
intr 22055331 84 0 0 0 630 0 0 0 1 0 282 0 0 0 0 0 0 0 0 0 0 0 0 0 0 0 0 0 0 0 0 0 0 0 0 0 0 0 5 624 603 0 1994 1218 4 2314 36 17124 2 3240 263 782 0 20270 4 0 393 4 510 2 1302 227 6 0 337 24 5734 97 0 131 0 521 0 32654 0 1085 3 2466 5 16560 2 13507 31 456 3 4662 3 0 0 0 0 0 2 0 789 4 5 1 7 147 26 34 0 0 0 0 0 0 0 0 0 0 0 0 0 0 0 0 0 92 30238 0 0 0 0 0 0 0 0 0 0 0 0 0 0 0 0 0 0 0 0 0 0 0 0 0 0 0 0 0 0 0 0 0 0 0 0 0 0 0 0 0 0 0 0 0 0 0 0 0 0 0 0 0 0 0 0 0 0 0 0 0 0 0 0 0 0 0 0 0 0 0 0 0 0 0 23 0 0 0 0 0 0 0 0 0 0 0 0 0 0 0 0 0 0 0 0 0 0 0 0 0 0 0 0 0 0 0 0 0 0 0 0 0 0 0 0 0 0 0 0 0 0 0 0 0 0 0 0 0 0 0 0 0 0 0 0 0 0 0 0 0 0 0 0 0 0 0 0 0 0 0 0 0 0 0 0 0 0 0 0 0 0 0 0 0 0 0 0 0 0 0 0 0 0 0 0 0 0 0 0 0 0 0 0 0 0 0 0 0 0 0 0 0 0 0 0 0 0 0 0 0 0 0 0 0 0 0 0 0 0 0 0 0 0 0 0 0 0 0 0 0 0 0 0 0 0 0 0 0 0 0 0 0 0 0 0 0 0 0 0 0 0 0 0 0 0 0 0 0 0 0 0 0 0 0 0 0 0 0 0 0 0 0 0 0 0 0 0 0 0 0 0 0 0 0 0 0 0 0 0 0 0 0 0 0 0 0 0 0 0 0 0 0 0 0 0 0 0 0 0 0 0 0 0 0 0 0 0 0 0 0 0 0 0 0 0 0 0 0 0 0 0 0 0 0 0 0 0 0 0 0 0 0 0 0 0 0 0 0 0 0 0 0 0 0 0 0 0 0 0 0 0 0 0 0 0 0 0 0 0 0 0 0 0 0 0 0 0 0 0 0 0 0 0 0 0 0 0 0 0 0 0 0 0 0 0 0 0 0 0 0 0 0 0 0 0 0 0 0 0 0 0 0 0 0 0 0 0 0 0 0 0 0 0 0 0 0 0 0 0 0 0 0 0 0 0 0 0 0 0 0 0 0 0 0 0 0 0 0 0 0 0 0 0 0 0 0 0 0 0 0 0 0 0 0 0 0 0 0 0 0 0 0 0 0 0 0 0 0 0 0 0 0 0 0 0 0 0 0 0 0 0 0 0 0 0 0 0 0 0 0 0 0 0 0 0 0 0 0 0 0 0 0 0 0 0 0 0 0 0 0 0 0 0 0 0 0 0 0 0 0 0 0 0 0 0 0 0 0 0 0 0 0 0 0 0 0 0 0 0 0 0 0 0 0 0 0 0 0 0 0 0 0 0 0 0 0 0 0 0 0 0 0 0 0 0 0 0 0 0 0 0 0 0 0 0 0 0 0 0 0 0 0 0 0 0 0 0 0 0 0 0 0 0 0 0 0 0 0 0 0 0 0 0 0 0 0 0 0 0 0 0 0 0 0 0 0 0 0 0 0 0 0 0 0 0 0 0 0 0 0 0 0 0 0 0 0 0 0 0 0 0 0 0 0 0 0 0 0 0 0 0 0 0 0 0 0 0 0 0 0 0 0 0 0 0 0 0 0 0 0 0 0 0 0 0 0 0 0 0 0 0 0 0 0 0 0 0 0 0 0 0 0 0 0 0 0 0 0 0 0 0 0 0 0 0 0 0 0 0 0 0 0 0 0 0 0 0 0 0 0 0 0 0 0 0 0 0 0 0 0 0 0 0 0 0 0 0 0 0 0 0 0 0 0 0 0 0 0 0 0 0 0 0 0 0 0 0 0 0 0 0 0 0 0 0 0 0 0 0 0 0 0 0 0 0 0 0 0 0 0 0 0 0 0 0 0 0 0 0 0 0 0 0 0 0 0 0 0 0 0 0 0 0 0 0 0 0 0 0 0 0 0 0 0 0 0 0 0 0 0 0 0 0 0 0 0 0 0 0 0 0 0 0 0 0 0 0 0 0 0 0 0 0 0 0 0 0 0 0 0 0 0 0 0 0 0 0 0 0 0 0 0 0 0 0 0 0 0 0 0 0 0 0 0 0 0 0 0 0 0 0 0 0 0 0 0 0 0 0 0 0 0 0 0 0 0 0 0 0 0 0 0 0 0 0 0 0 0 0 0 0 0 0 0 0 0 0 0 0 0 0 0 0 0 0 0 0 0 0 0 0 0 0 0 0 0 0 0 0 0 0 0 0 0 0 0 0 0 0 0 0 0 0 0 0 0 0 0 0 0 0 0 0 0 0 0 0 0 0 0 0 0 0 0 0 0 0 0 0 0 0 0 0 0 0 0 0 0 0 0 0 0 0 0 0 0 0 0 0 0 0 0 0 0 0 0 0 0 0 0 0 0 0 0 0 0 0 0 0 0 0 0 0 0 0 0 0 0 0 0 0 0 0 0 0 0 0 0 0 0 0 0 0 0 0 0 0 0 0 0 0 0 0 0 0 0 0 0 0 0 0 0 0 0 0 0 0 0 0 0 0 0 0 0 0 0 0 0 0 0 0 0 0 0 0 0 0 0 0 0 0 0 0 0 0 0 0 0 0 0 0 0 0 0 0 0 0 0 0 0 0 0 0 0 0 0 0 0 0 0 0 0 0 0 0 0 0 0 0 0 0 0 0 0 0 0 0 0 0 0 0 0 0 0 0 0 0 0 0 0 0 0 0 0 0 0 0 0 0 0 0 0 0 0 0 0 0 0 0 0 0 0 0 0 0 0 0 0 0 0 0 0 0 0 0 0 0 0 0 0 0 0 0 0 0 0 0 0 0 0 0 0 0 0 0 0 0 0 0 0 0 0 0 0 0 0 0 0 0 0 0 0 0 0 0 0 0 0 0 0 0 0 0 0 0 0 0 0 0 0 0 0 0 0 0 0 0 0 0 0 0 0 0 0 0 0 0 0 0 0 0 0 0 0 0 0 0 0 0 0 0 0 0 0 0 0 0 0 0 0 0 0 0 0 0 0 0 0 0 0 0 0 0 0 0 0 0 0 0 0 0 0 0 0 0 0 0 0 0 0 0 0 0 0 0 0 0 0 0 0 0 0 0 0 0 0 0 0 0 0 0 0 0 0 0 0 0 0 0 0 0 0 0 0 0 0 0 0 0 0 0 0 0 0 0 0 0 0 0 0 0 0 0 0 0 0 0 0 0 0 0 0 0 0 0 0 0 0 0 0 0 0 0 0 0 0 0 0 0 0 0 0 0 0 0 0 0 0 0 0 0 0 0 0 0 0 0 0 0 0 0 0 0 0 0 0 0 0 0 0 0 0 0 0 0 0 0 0 0 0 0 0 0 0 0 0 0 0 0 0 0 0 0 0 0 0 0 0 0 0 0 0 0 0 0 0 0 0 0 0 0 0 0 0 0 0 0 0 0 0 0 0 0 0 0 0 0 0 0 0 0 0 0 0 0 0 0 0 0 0 0 0 0 0 0 0 0 0 0 0 0 0 0 0 0 0 0 0 0 0 0 0 0 0 0 0 0 0 0 0 0 0 0 0 0 0 0 0 0 0 0 0 0 0 0 0 0 0 0 0 0 0 0 0 0 0 0 0 0 0 0 0 0 0 0 0 0 0 0 0 0 0 0 0 0 0 0 0 0 0 0 0 0 0 0 0 0 0 0 0 0 0 0 0 0 0 0 0 0 0 0 0 0 0 0 0 0 0 0 0 0 0 0 0 0 0 0 0 0 0 0 0 0 0 0 0 0 0 0 0 0 0 0 0 0 0 0 0 0 0 0 0 0 0 0 0 0 0 0 0 0 0 0 0 0 0 0 0 0 0 0 0 0 0 0 0 0 0 0 0 0 0 0 0 0 0 0 0 0 0 0 0 0 0 0 0 0 0 0 0 0 0 0 0 0 0 0 0 0 0 0 0 0 0 0 0 0 0 0 0 0 0 0 0 0 0 0 0 0 0 0 0 0 0 0 0 0 0 0 0 0 0 0 0 0 0 0 0 0 0 0 0 0 0 0 0 0 0 0 0 0 0 0 0 0 0 0 0 0 0 0 0 0 0 0 0 0 0 0 0 0 0 0 0 0 0 0 0 0 0 0 0 0 0 0 0 0 0 0 0 0 0 0 0 0 0 0 0 0 0 0 0 0 0 0 0 0 0 0 0 0 0 0 0 0 0 0 0 0 0 0 0 0 0 0 0 0 0 0 0 0 0 0 0 0 0 0 0 0 0 0 0 0 0 0 0 0 0 0 0 0 0 0 0 0 0 0 0 0 0 0 0 0 0 0 0 0 0 0 0 0 0 0 0 0 0 0 0 0 0 0 0 0 0 0 0 0 0 0 0 0 0 0 0 0 0 0 0 0 0 0 0 0 0 0 0 0 0 0 0 0 0 0 0 0 0 0 0 0 0 0 0 0 0 0 0 0 0 0 0 0 0 0 0 0 0 0 0 0 0 0 0 0 0 0 0 0 0 0 0 0 0 0 0 0 0 0 0 0 0 0 0 0 0 0 0 0 0 0 0 0 0 0 0 0 0 0 0 0 0 0 0 0 0 0 0 0 0 0 0 0 0 0 0 0 0 0 0 0 0 0 0 0 0 0 0 0 0 0 0 0 0 0 0 0 0 0 0 0 0 0 0 0 0 0 0 0 0 0 0 0 0 0 0 0 0 0 0 0 0 0 0 0 0 0 0 0 0 0 0 0 0 0 0 0 0 0 0 0 0 0 0 0 0 0 0 0 0 0 0 0 0 0 0 0 0 0 0 0 0 0 0 0 0 0 0 0 0 0 0 0 0 0 0 0 0 0 0 0 0 0 0 0 0 0 0 0 0 0 0 0 0 0 0 0 0 0 0 0 0 0 0 0 0 0 0 0 0 0 0 0 0 0 0 0 0 0 0 0 0 0 0 0 0 0 0 0 0 0 0 0 0 0 0 0 0 0 0 0 0 0 0 0 0 0 0 0 0 0 0 0 0 0 0 0 0 0 0 0 0 0 0 0 0
ctxt 3743674
btime 1613144793
processes 87009
procs_running 1
procs_blocked 0
softirq 23492920 1 13192623 949 710344 0 0 142 822333 0 8766528
