cpu  10883580 4 15115 6701398 416 0 1765 0 0 0
cpu0 302202 1 535 185937 0 0 245 0 0 0
cpu1 302298 0 462 186140 1 0 32 0 0 0
cpu2 302597 0 626 185607 79 0 28 0 0 0
cpu3 302337 0 291 186304 1 0 18 0 0 0
cpu4 302267 0 326 186357 0 0 9 0 0 0
cpu5 302314 0 248 186393 0 0 9 0 0 0
cpu6 302408 0 363 186082 72 0 28 0 0 0
cpu7 302314 0 394 186208 3 0 25 0 0 0
cpu8 302294 0 442 186196 6 0 14 0 0 0
cpu9 302327 0 376 186219 1 0 35 0 0 0
cpu10 302260 0 404 186271 5 0 20 0 0 0
cpu11 302252 0 419 186252 2 0 29 0 0 0
cpu12 301342 0 1262 186170 4 0 168 0 0 0
cpu13 302174 0 570 186167 1 0 31 0 0 0
cpu14 302454 0 609 185840 8 0 44 0 0 0
cpu15 302283 0 427 186231 2 0 14 0 0 0
cpu16 302830 0 623 185466 0 0 40 0 0 0
cpu17 302303 0 311 186297 22 0 11 0 0 0
cpu18 302307 0 280 186341 13 0 11 0 0 0
cpu19 302613 0 266 186063 9 0 9 0 0 0
cpu20 302365 0 378 186150 45 0 8 0 0 0
cpu21 302491 0 178 186267 10 0 3 0 0 0
cpu22 302393 0 296 186206 50 0 5 0 0 0
cpu23 302425 0 236 186285 4 0 4 0 0 0
cpu24 302506 0 200 186244 1 0 3 0 0 0
cpu25 302382 0 271 186289 1 0 6 0 0 0
cpu26 302175 0 538 186180 13 0 47 0 0 0
cpu27 302427 0 200 186311 4 0 7 0 0 0
cpu28 302371 0 260 186308 4 0 9 0 0 0
cpu29 300732 0 1262 186207 2 0 740 0 0 0
cpu30 302519 0 270 186153 3 0 4 0 0 0
cpu31 302240 0 506 186137 14 0 58 0 0 0
cpu32 302386 0 324 186242 1 0 4 0 0 0
cpu33 302802 0 262 185877 2 0 4 0 0 0
cpu34 302266 0 401 186242 8 0 24 0 0 0
cpu35 302910 0 285 185742 7 0 4 0 0 0
intr 30239487 56 0 0 0 611 0 0 0 1 0 250 0 0 0 0 0 0 0 0 0 0 0 0 0 0 0 0 0 0 0 0 93 166 59 9804 102 3011 50 3146 425 308 158 419 129 796 341 357 342 157 500 2537 551 3404 859 1816 304 0 0 0 0 68 87 357 215 356 913 171 960 85 106 382 615 0 0 16 11751 1923 0 9474 528 827 295 1508 702 287 803 986 512 547 1401 31630 9205 1167 520 1433 215 870 488 531 279 1374 216 204 620 2234 822 1482 73089 211 501 251 193 4461 1756 0 16 7615 1 0 0 0 0 0 0 0 0 0 0 0 0 0 0 0 0 0 0 0 0 0 0 0 0 0 0 0 0 0 0 0 0 0 0 0 0 0 25 0 0 0 0 0 0 0 0 0 0 0 0 0 0 0 0 0 0 0 0 0 0 0 0 0 0 0 0 0 0 0 0 0 0 0 0 0 0 0 0 0 0 0 0 0 0 0 0 0 0 0 0 0 0 0 0 0 0 0 0 0 0 0 0 0 0 0 0 0 0 0 0 0 0 0 0 0 0 0 0 0 0 0 0 0 0 0 0 0 0 0 0 0 0 0 0 0 0 0 0 0 0 0 0 0 0 0 0 0 0 0 0 0 0 0 0 0 0 0 0 0 0 0 0 0 0 0 0 0 0 0 0 0 0 0 0 0 0 0 0 0 0 0 0 0 0 0 0 0 0 0 0 0 0 0 0 0 0 0 0 0 0 0 0 0 0 0 0 0 0 0 0 0 0 0 0 0 0 0 0 0 0 0 0 0 0 0 0 0 0 0 0 0 0 0 0 0 0 0 0 0 0 0 0 0 0 0 0 0 0 0 0 0 0 0 0 0 0 0 0 0 0 0 0 0 0 0 0 0 0 0 0 0 0 0 0 0 0 0 0 0 0 0 0 0 0 0 0 0 0 0 0 0 0 0 0 0 0 0 0 0 0 0 0 0 0 0 0 0 0 0 0 0 0 0 0 0 0 0 0 0 0 0 0 0 0 0 0 0 0 0 0 0 0 0 0 0 0 0 0 0 0 0 0 0 0 0 0 0 0 0 0 0 0 0 0 0 0 0 0 0 0 0 0 0 0 0 0 0 0 0 0 0 0 0 0 0 0 0 0 0 0 0 0 0 0 0 0 0 0 0 0 0 0 0 0 0 0 0 0 0 0 0 0 0 0 0 0 0 0 0 0 0 0 0 0 0 0 0 0 0 0 0 0 0 0 0 0 0 0 0 0 0 0 0 0 0 0 0 0 0 0 0 0 0 0 0 0 0 0 0 0 0 0 0 0 0 0 0 0 0 0 0 0 0 0 0 0 0 0 0 0 0 0 0 0 0 0 0 0 0 0 0 0 0 0 0 0 0 0 0 0 0 0 0 0 0 0 0 0 0 0 0 0 0 0 0 0 0 0 0 0 0 0 0 0 0 0 0 0 0 0 0 0 0 0 0 0 0 0 0 0 0 0 0 0 0 0 0 0 0 0 0 0 0 0 0 0 0 0 0 0 0 0 0 0 0 0 0 0 0 0 0 0 0 0 0 0 0 0 0 0 0 0 0 0 0 0 0 0 0 0 0 0 0 0 0 0 0 0 0 0 0 0 0 0 0 0 0 0 0 0 0 0 0 0 0 0 0 0 0 0 0 0 0 0 0 0 0 0 0 0 0 0 0 0 0 0 0 0 0 0 0 0 0 0 0 0 0 0 0 0 0 0 0 0 0 0 0 0 0 0 0 0 0 0 0 0 0 0 0 0 0 0 0 0 0 0 0 0 0 0 0 0 0 0 0 0 0 0 0 0 0 0 0 0 0 0 0 0 0 0 0 0 0 0 0 0 0 0 0 0 0 0 0 0 0 0 0 0 0 0 0 0 0 0 0 0 0 0 0 0 0 0 0 0 0 0 0 0 0 0 0 0 0 0 0 0 0 0 0 0 0 0 0 0 0 0 0 0 0 0 0 0 0 0 0 0 0 0 0 0 0 0 0 0 0 0 0 0 0 0 0 0 0 0 0 0 0 0 0 0 0 0 0 0 0 0 0 0 0 0 0 0 0 0 0 0 0 0 0 0 0 0 0 0 0 0 0 0 0 0 0 0 0 0 0 0 0 0 0 0 0 0 0 0 0 0 0 0 0 0 0 0 0 0 0 0 0 0 0 0 0 0 0 0 0 0 0 0 0 0 0 0 0 0 0 0 0 0 0 0 0 0 0 0 0 0 0 0 0 0 0 0 0 0 0 0 0 0 0 0 0 0 0 0 0 0 0 0 0 0 0 0 0 0 0 0 0 0 0 0 0 0 0 0 0 0 0 0 0 0 0 0 0 0 0 0 0 0 0 0 0 0 0 0 0 0 0 0 0 0 0 0 0 0 0 0 0 0 0 0 0 0 0 0 0 0 0 0 0 0 0 0 0 0 0 0 0 0 0 0 0 0 0 0 0 0 0 0 0 0 0 0 0 0 0 0 0 0 0 0 0 0 0 0 0 0 0 0 0 0 0 0 0 0 0 0 0 0 0 0 0 0 0 0 0 0 0 0 0 0 0 0 0 0 0 0 0 0 0 0 0 0 0 0 0 0 0 0 0 0 0 0 0 0 0 0 0 0 0 0 0 0 0 0 0 0 0 0 0 0 0 0 0 0 0 0 0 0 0 0 0 0 0 0 0 0 0 0 0 0 0 0 0 0 0 0 0 0 0 0 0 0 0 0 0 0 0 0 0 0 0 0 0 0 0 0 0 0 0 0 0 0 0 0 0 0 0 0 0 0 0 0 0 0 0 0 0 0 0 0 0 0 0 0 0 0 0 0 0 0 0 0 0 0 0 0 0 0
ctxt 8155767
btime 1613124388
processes 201761
procs_running 1
procs_blocked 0
softirq 39882047 1 23281063 438 1499176 0 0 149457 1089830 0 13862082
