cpu  15722657 4 19206 6977088 494 0 2338 0 0 0
cpu0 436428 0 782 193583 13 0 437 0 0 0
cpu1 438184 0 882 192031 1 0 114 0 0 0
cpu2 436446 0 916 193125 2 0 635 0 0 0
cpu3 436698 0 535 193896 4 0 38 0 0 0
cpu4 437005 0 517 193571 44 0 32 0 0 0
cpu5 436797 0 504 193817 29 0 11 0 0 0
cpu6 436577 0 568 193954 16 0 33 0 0 0
cpu7 436620 0 481 194023 13 0 22 0 0 0
cpu8 436666 0 471 193937 72 0 16 0 0 0
cpu9 436403 0 601 194121 2 0 42 0 0 0
cpu10 436422 0 620 194092 4 0 30 0 0 0
cpu11 436675 0 474 193986 0 0 26 0 0 0
cpu12 435600 0 1412 193928 7 0 204 0 0 0
cpu13 436811 0 508 193808 1 0 30 0 0 0
cpu14 436580 0 463 194099 1 0 19 0 0 0
cpu15 436375 0 728 193970 5 0 86 0 0 0
cpu16 436148 0 856 194020 2 0 132 0 0 0
cpu17 436575 0 589 193967 6 0 10 0 0 0
cpu18 437036 0 438 193671 3 0 9 0 0 0
cpu19 437134 0 522 193409 48 0 26 0 0 0
cpu20 436719 0 421 193949 1 0 46 0 0 0
cpu21 437550 0 434 193131 2 0 38 0 0 0
cpu22 437341 0 334 193414 62 0 6 0 0 0
cpu23 436977 0 434 193643 70 0 9 0 0 0
cpu24 436899 0 285 193963 4 0 6 0 0 0
cpu25 436715 0 363 194070 1 0 8 0 0 0
cpu26 436664 0 368 194091 0 0 36 0 0 0
cpu27 436613 0 453 194084 1 0 6 0 0 0
cpu28 436780 0 376 193984 1 0 13 0 0 0
cpu29 436787 0 273 194086 0 0 11 0 0 0
cpu30 436802 0 280 194059 10 0 5 0 0 0
cpu31 437067 0 299 193774 1 0 16 0 0 0
cpu32 436764 2 322 194044 8 0 8 0 0 0
cpu33 436903 0 351 193861 20 0 9 0 0 0
cpu34 436337 0 726 193940 19 0 131 0 0 0
cpu35 436544 0 605 193967 2 0 22 0 0 0
intr 43553521 56 0 0 0 614 0 0 0 1 0 263 0 0 0 0 0 0 0 0 0 0 0 0 0 0 0 0 0 0 0 0 0 742 144 533 433 4717 2539 590 380 3010 1162 72 125 2085 280 466 238 477 339 159 6148 509 126 2204 3248 0 0 0 0 384 104 76 70 70 128 614 119 1019 1591 1132 258 93 0 16 13066 2482 0 12527 846 113831 432 230 821 1040 1251 795 1054 1073 1401 50437 6020 2429 2616 1287 602 1028 601 4679 1871 90 1130 226 514 985 795 547 2243 843 577 1451 428 1623 476 0 18 7841 1 0 0 0 0 0 0 0 0 0 0 0 0 0 0 0 0 0 0 0 0 0 0 0 0 0 0 0 0 0 0 0 0 0 0 0 0 0 21 0 0 0 0 0 0 0 0 0 0 0 0 0 0 0 0 0 0 0 0 0 0 0 0 0 0 0 0 0 0 0 0 0 0 0 0 0 0 0 0 0 0 0 0 0 0 0 0 0 0 0 0 0 0 0 0 0 0 0 0 0 0 0 0 0 0 0 0 0 0 0 0 0 0 0 0 0 0 0 0 0 0 0 0 0 0 0 0 0 0 0 0 0 0 0 0 0 0 0 0 0 0 0 0 0 0 0 0 0 0 0 0 0 0 0 0 0 0 0 0 0 0 0 0 0 0 0 0 0 0 0 0 0 0 0 0 0 0 0 0 0 0 0 0 0 0 0 0 0 0 0 0 0 0 0 0 0 0 0 0 0 0 0 0 0 0 0 0 0 0 0 0 0 0 0 0 0 0 0 0 0 0 0 0 0 0 0 0 0 0 0 0 0 0 0 0 0 0 0 0 0 0 0 0 0 0 0 0 0 0 0 0 0 0 0 0 0 0 0 0 0 0 0 0 0 0 0 0 0 0 0 0 0 0 0 0 0 0 0 0 0 0 0 0 0 0 0 0 0 0 0 0 0 0 0 0 0 0 0 0 0 0 0 0 0 0 0 0 0 0 0 0 0 0 0 0 0 0 0 0 0 0 0 0 0 0 0 0 0 0 0 0 0 0 0 0 0 0 0 0 0 0 0 0 0 0 0 0 0 0 0 0 0 0 0 0 0 0 0 0 0 0 0 0 0 0 0 0 0 0 0 0 0 0 0 0 0 0 0 0 0 0 0 0 0 0 0 0 0 0 0 0 0 0 0 0 0 0 0 0 0 0 0 0 0 0 0 0 0 0 0 0 0 0 0 0 0 0 0 0 0 0 0 0 0 0 0 0 0 0 0 0 0 0 0 0 0 0 0 0 0 0 0 0 0 0 0 0 0 0 0 0 0 0 0 0 0 0 0 0 0 0 0 0 0 0 0 0 0 0 0 0 0 0 0 0 0 0 0 0 0 0 0 0 0 0 0 0 0 0 0 0 0 0 0 0 0 0 0 0 0 0 0 0 0 0 0 0 0 0 0 0 0 0 0 0 0 0 0 0 0 0 0 0 0 0 0 0 0 0 0 0 0 0 0 0 0 0 0 0 0 0 0 0 0 0 0 0 0 0 0 0 0 0 0 0 0 0 0 0 0 0 0 0 0 0 0 0 0 0 0 0 0 0 0 0 0 0 0 0 0 0 0 0 0 0 0 0 0 0 0 0 0 0 0 0 0 0 0 0 0 0 0 0 0 0 0 0 0 0 0 0 0 0 0 0 0 0 0 0 0 0 0 0 0 0 0 0 0 0 0 0 0 0 0 0 0 0 0 0 0 0 0 0 0 0 0 0 0 0 0 0 0 0 0 0 0 0 0 0 0 0 0 0 0 0 0 0 0 0 0 0 0 0 0 0 0 0 0 0 0 0 0 0 0 0 0 0 0 0 0 0 0 0 0 0 0 0 0 0 0 0 0 0 0 0 0 0 0 0 0 0 0 0 0 0 0 0 0 0 0 0 0 0 0 0 0 0 0 0 0 0 0 0 0 0 0 0 0 0 0 0 0 0 0 0 0 0 0 0 0 0 0 0 0 0 0 0 0 0 0 0 0 0 0 0 0 0 0 0 0 0 0 0 0 0 0 0 0 0 0 0 0 0 0 0 0 0 0 0 0 0 0 0 0 0 0 0 0 0 0 0 0 0 0 0 0 0 0 0 0 0 0 0 0 0 0 0 0 0 0 0 0 0 0 0 0 0 0 0 0 0 0 0 0 0 0 0 0 0 0 0 0 0 0 0 0 0 0 0 0 0 0 0 0 0 0 0 0 0 0 0 0 0 0 0 0 0 0 0 0 0 0 0 0 0 0 0 0 0 0 0 0 0 0 0 0 0 0 0 0 0 0 0 0 0 0 0 0 0 0 0 0 0 0 0 0 0 0 0 0 0 0 0 0 0 0 0 0 0 0 0 0 0 0 0 0 0 0 0 0 0 0 0 0 0 0 0 0 0 0 0 0 0 0 0 0 0 0 0 0 0 0 0 0 0 0 0 0 0 0 0 0 0 0 0 0 0 0 0 0 0 0 0 0 0 0 0 0 0 0 0 0 0 0 0 0 0 0 0 0 0 0 0 0 0 0 0 0 0 0 0 0 0 0 0 0 0 0 0 0 0 0 0 0 0 0 0 0 0 0 0 0 0 0 0 0 0 0 0 0 0 0 0 0 0 0 0 0 0 0 0 0 0 0 0 0 0 0 0 0 0 0 0 0 0 0 0 0 0 0 0 0 0 0 0 0 0 0 0 0 0 0 0 0 0 0 0 0 0 0 0 0 0 0 0 0 0 0 0 0 0 0 0 0 0 0 0 0 0 0 0 0 0 0 0 0 0 0 0 0 0 0 0 0 0 0 0 0 0 0 0 0 0 0 0 0 0 0 0 0 0 0 0 0 0 0 0 0 0
ctxt 11672912
btime 1613124388
processes 291996
procs_running 1
procs_blocked 0
softirq 56474131 1 32545983 551 2192406 0 0 216777 1527996 0 19990417
