cpu  31892243 5 42294 8776483 130 0 2803 0 0 0
cpu0 498031 0 1063 136715 0 0 418 0 0 0
cpu1 498149 0 669 137285 2 0 113 0 0 0
cpu2 497828 0 1053 137236 0 0 51 0 0 0
cpu3 498054 0 585 137478 7 0 50 0 0 0
cpu4 497726 0 1100 137209 0 0 47 0 0 0
cpu5 498387 0 343 137422 0 0 26 0 0 0
cpu6 498400 0 784 136953 0 0 35 0 0 0
cpu7 496757 0 1694 137454 0 0 256 0 0 0
cpu8 498030 0 1107 136992 0 0 32 0 0 0
cpu9 498398 0 299 137449 0 0 23 0 0 0
cpu10 498534 0 1013 136578 0 0 32 0 0 0
cpu11 498652 0 178 137334 0 0 8 0 0 0
cpu12 497950 0 906 137279 0 0 32 0 0 0
cpu13 498343 0 368 137424 0 0 40 0 0 0
cpu14 498697 0 1381 136055 2 0 27 0 0 0
cpu15 498162 0 526 137411 0 0 74 0 0 0
cpu16 497250 0 1758 137116 3 0 31 0 0 0
cpu17 498110 0 604 137401 0 0 49 0 0 0
cpu18 497948 0 1328 136841 4 0 42 0 0 0
cpu19 498557 0 187 137414 0 0 14 0 0 0
cpu20 497828 0 1506 136680 59 0 43 0 0 0
cpu21 498582 0 187 137399 0 0 7 0 0 0
cpu22 497368 0 1432 137316 1 0 46 0 0 0
cpu23 498379 0 342 137404 0 0 43 0 0 0
cpu24 497586 1 1281 137268 0 0 30 0 0 0
cpu25 498644 0 122 137401 0 0 2 0 0 0
cpu26 497810 0 1001 137319 0 0 30 0 0 0
cpu27 499018 0 234 136911 0 0 7 0 0 0
cpu28 498518 0 635 136997 0 0 18 0 0 0
cpu29 498428 0 297 137432 0 0 8 0 0 0
cpu30 498115 0 821 137181 2 0 41 0 0 0
cpu31 498431 0 306 137396 1 0 30 0 0 0
cpu32 498438 0 757 136937 0 0 16 0 0 0
cpu33 498060 0 623 137420 0 0 28 0 0 0
cpu34 498148 0 673 137302 0 0 20 0 0 0
cpu35 498098 0 527 137483 0 0 44 0 0 0
cpu36 498218 0 617 137273 0 0 16 0 0 0
cpu37 498422 0 295 137413 0 0 33 0 0 0
cpu38 498294 0 854 136993 2 0 21 0 0 0
cpu39 496918 0 1538 137420 0 0 275 0 0 0
cpu40 498230 0 948 136961 0 0 16 0 0 0
cpu41 498218 0 478 137386 1 0 79 0 0 0
cpu42 501045 0 900 134158 14 0 11 0 0 0
cpu43 498615 0 125 137409 1 0 4 0 0 0
cpu44 499629 0 519 136011 0 0 7 0 0 0
cpu45 498248 0 447 137392 1 0 70 0 0 0
cpu46 499626 0 980 135504 2 0 14 0 0 0
cpu47 498566 0 178 137404 1 0 10 0 0 0
cpu48 498047 0 1015 136991 0 0 87 0 0 0
cpu49 498252 0 481 137412 0 0 16 0 0 0
cpu50 498448 1 658 136894 0 0 127 0 0 0
cpu51 498623 0 127 137404 0 0 2 0 0 0
cpu52 498432 0 491 137216 0 0 14 0 0 0
cpu53 498640 0 125 137378 0 0 4 0 0 0
cpu54 498414 0 487 137233 0 0 18 0 0 0
cpu55 498539 0 203 137399 0 0 16 0 0 0
cpu56 498146 0 676 137315 0 0 15 0 0 0
cpu57 498655 0 90 137412 0 0 2 0 0 0
cpu58 498270 0 498 137367 3 0 16 0 0 0
cpu59 498582 0 155 137411 0 0 6 0 0 0
cpu60 498484 0 419 137237 0 0 8 0 0 0
cpu61 498435 0 293 137395 0 0 32 0 0 0
cpu62 498345 0 537 136951 0 0 16 0 0 0
cpu63 498462 0 442 137220 0 0 28 0 0 0
intr 91404582 83 0 0 0 622 0 0 0 1 0 285 0 0 0 0 0 0 0 0 0 0 0 0 0 0 0 0 0 0 0 0 0 0 0 0 0 0 0 1975 19012 1120 14428 2161 6324 358 39398 854 3899 695 4533 640 5393 2342 18826 5067 7753 2217 2258 22958 2206 4861 4416 2689 793 1095 2125 913 2801 1075 4537 1242 10352 1077 19102 751 7511 2963 9780 1649 9550 961 346 584 8461 4787 3529 3360 8552 69604 2022 2584 2276 1195 5450 1302 969 1362 1039 1139 3369 626 8278 0 0 0 0 0 0 0 0 0 0 0 0 0 0 0 0 0 32990 93 0 0 0 0 0 0 0 0 0 0 0 0 0 0 0 0 0 0 0 0 0 0 0 0 0 0 0 0 0 0 0 0 0 0 0 0 0 0 0 0 0 0 0 0 0 0 0 0 0 0 0 0 0 0 0 0 0 0 0 0 0 0 0 0 0 0 0 0 0 0 0 0 0 0 0 25 0 0 0 0 0 0 0 0 0 0 0 0 0 0 0 0 0 0 0 0 0 0 0 0 0 0 0 0 0 0 0 0 0 0 0 0 0 0 0 0 0 0 0 0 0 0 0 0 0 0 0 0 0 0 0 0 0 0 0 0 0 0 0 0 0 0 0 0 0 0 0 0 0 0 0 0 0 0 0 0 0 0 0 0 0 0 0 0 0 0 0 0 0 0 0 0 0 0 0 0 0 0 0 0 0 0 0 0 0 0 0 0 0 0 0 0 0 0 0 0 0 0 0 0 0 0 0 0 0 0 0 0 0 0 0 0 0 0 0 0 0 0 0 0 0 0 0 0 0 0 0 0 0 0 0 0 0 0 0 0 0 0 0 0 0 0 0 0 0 0 0 0 0 0 0 0 0 0 0 0 0 0 0 0 0 0 0 0 0 0 0 0 0 0 0 0 0 0 0 0 0 0 0 0 0 0 0 0 0 0 0 0 0 0 0 0 0 0 0 0 0 0 0 0 0 0 0 0 0 0 0 0 0 0 0 0 0 0 0 0 0 0 0 0 0 0 0 0 0 0 0 0 0 0 0 0 0 0 0 0 0 0 0 0 0 0 0 0 0 0 0 0 0 0 0 0 0 0 0 0 0 0 0 0 0 0 0 0 0 0 0 0 0 0 0 0 0 0 0 0 0 0 0 0 0 0 0 0 0 0 0 0 0 0 0 0 0 0 0 0 0 0 0 0 0 0 0 0 0 0 0 0 0 0 0 0 0 0 0 0 0 0 0 0 0 0 0 0 0 0 0 0 0 0 0 0 0 0 0 0 0 0 0 0 0 0 0 0 0 0 0 0 0 0 0 0 0 0 0 0 0 0 0 0 0 0 0 0 0 0 0 0 0 0 0 0 0 0 0 0 0 0 0 0 0 0 0 0 0 0 0 0 0 0 0 0 0 0 0 0 0 0 0 0 0 0 0 0 0 0 0 0 0 0 0 0 0 0 0 0 0 0 0 0 0 0 0 0 0 0 0 0 0 0 0 0 0 0 0 0 0 0 0 0 0 0 0 0 0 0 0 0 0 0 0 0 0 0 0 0 0 0 0 0 0 0 0 0 0 0 0 0 0 0 0 0 0 0 0 0 0 0 0 0 0 0 0 0 0 0 0 0 0 0 0 0 0 0 0 0 0 0 0 0 0 0 0 0 0 0 0 0 0 0 0 0 0 0 0 0 0 0 0 0 0 0 0 0 0 0 0 0 0 0 0 0 0 0 0 0 0 0 0 0 0 0 0 0 0 0 0 0 0 0 0 0 0 0 0 0 0 0 0 0 0 0 0 0 0 0 0 0 0 0 0 0 0 0 0 0 0 0 0 0 0 0 0 0 0 0 0 0 0 0 0 0 0 0 0 0 0 0 0 0 0 0 0 0 0 0 0 0 0 0 0 0 0 0 0 0 0 0 0 0 0 0 0 0 0 0 0 0 0 0 0 0 0 0 0 0 0 0 0 0 0 0 0 0 0 0 0 0 0 0 0 0 0 0 0 0 0 0 0 0 0 0 0 0 0 0 0 0 0 0 0 0 0 0 0 0 0 0 0 0 0 0 0 0 0 0 0 0 0 0 0 0 0 0 0 0 0 0 0 0 0 0 0 0 0 0 0 0 0 0 0 0 0 0 0 0 0 0 0 0 0 0 0 0 0 0 0 0 0 0 0 0 0 0 0 0 0 0 0 0 0 0 0 0 0 0 0 0 0 0 0 0 0 0 0 0 0 0 0 0 0 0 0 0 0 0 0 0 0 0 0 0 0 0 0 0 0 0 0 0 0 0 0 0 0 0 0 0 0 0 0 0 0 0 0 0 0 0 0 0 0 0 0 0 0 0 0 0 0 0 0 0 0 0 0 0 0 0 0 0 0 0 0 0 0 0 0 0 0 0 0 0 0 0 0 0 0 0 0 0 0 0 0 0 0 0 0 0 0 0 0 0 0 0 0 0 0 0 0 0 0 0 0 0 0 0 0 0 0 0 0 0 0 0 0 0 0 0 0 0 0 0 0 0 0 0 0 0 0 0 0 0 0 0 0 0 0 0 0 0 0 0 0 0 0 0 0 0 0 0 0 0 0 0 0 0 0 0 0 0 0 0 0 0 0 0 0 0 0 0 0 0 0 0 0 0 0 0 0 0 0 0 0 0 0 0 0 0 0 0 0 0 0 0 0 0 0 0 0 0 0 0 0 0 0 0 0 0 0 0 0 0 0 0 0 0 0 0 0 0 0 0 0 0 0 0 0 0 0 0 0 0 0 0 0 0 0 0 0 0 0 0 0 0 0 0 0 0 0 0 0 0 0 0 0 0 0 0 0 0 0 0 0 0 0 0 0 0 0 0 0 0 0 0 0 0 0 0 0 0 0 0 0 0 0 0 0 0 0 0 0 0 0 0 0 0 0 0 0 0 0 0 0 0 0 0 0 0 0 0 0 0 0 0 0 0 0 0 0 0 0 0 0 0 0 0 0 0 0 0 0 0 0 0 0 0 0 0 0 0 0 0 0 0 0 0 0 0 0 0 0 0 0 0 0 0 0 0 0 0 0 0 0 0 0 0 0 0 0 0 0 0 0 0 0 0 0 0 0 0 0 0 0 0 0 0 0 0 0 0 0 0 0 0 0 0 0 0 0 0 0 0 0 0 0 0 0 0 0 0 0 0 0 0 0 0 0 0 0 0 0 0 0 0 0 0 0 0 0 0 0 0 0 0 0 0 0 0 0 0 0 0 0 0 0 0 0 0 0 0 0 0 0 0 0 0 0 0 0 0 0 0 0 0 0 0 0 0 0 0 0 0 0 0 0 0 0 0 0 0 0 0 0 0 0 0 0 0 0 0 0 0 0 0 0 0 0 0 0 0 0 0 0 0 0 0 0 0 0 0 0 0 0 0 0 0 0 0 0 0 0 0 0 0 0 0 0 0 0 0 0 0 0 0 0 0 0 0 0 0 0 0 0 0 0 0 0 0 0 0 0 0 0 0 0 0 0 0 0 0 0 0 0 0 0 0 0 0 0 0 0 0 0 0 0 0 0 0 0 0 0 0 0 0 0 0 0 0 0 0 0 0 0 0 0 0 0 0 0 0 0 0 0 0 0 0 0 0 0 0 0 0 0 0 0 0 0 0 0 0 0 0 0 0 0 0 0 0 0 0 0 0 0 0 0 0 0 0 0 0 0 0 0 0 0 0 0 0 0 0 0 0 0 0 0 0 0 0 0 0 0 0 0 0 0 0 0 0 0 0 0 0 0 0 0 0 0 0 0 0 0 0 0 0 0 0 0 0 0 0 0 0 0 0 0 0 0 0 0 0 0 0 0 0 0 0 0 0 0 0 0 0 0 0 0 0 0 0 0 0 0 0 0 0 0 0 0 0 0 0 0 0 0 0 0 0 0 0 0 0 0 0 0 0 0 0 0 0 0 0 0 0 0 0 0 0 0 0 0 0 0 0 0 0 0 0 0 0 0 0 0 0 0 0 0 0 0 0 0 0 0 0 0 0 0 0 0 0 0 0 0 0 0 0 0 0 0 0 0 0 0 0 0 0 0 0 0 0 0 0 0 0 0 0 0 0 0 0 0 0 0 0 0 0 0 0 0 0 0 0 0 0 0 0 0 0 0 0 0 0 0 0 0 0 0 0 0 0 0 0 0 0 0 0 0 0 0 0 0 0 0 0 0 0 0 0 0 0 0 0 0 0 0 0 0 0 0 0 0 0 0 0 0 0 0 0 0 0 0 0 0 0 0 0 0 0 0 0 0 0 0 0 0 0 0 0 0 0 0 0 0 0 0 0 0 0 0 0 0 0 0 0 0 0 0 0 0 0 0 0 0 0 0 0 0 0 0 0 0 0 0 0 0 0 0 0 0 0 0 0 0 0 0 0 0 0 0 0 0 0 0 0 0 0 0 0 0 0 0 0 0 0 0 0 0 0 0 0 0 0 0 0 0 0 0 0 0 0 0 0 0 0 0 0 0 0 0 0 0 0 0 0 0 0 0 0 0 0 0 0 0 0 0 0 0 0 0 0 0 0 0 0 0 0 0 0 0 0 0 0 0 0 0 0 0 0 0 0 0 0 0 0 0 0 0 0 0 0 0 0 0 0 0 0 0 0 0 0 0 0 0 0 0 0 0 0 0 0 0 0 0 0 0 0 0 0 0 0 0 0 0 0 0 0 0 0 0 0 0 0 0 0 0 0 0 0 0 0 0 0 0 0 0 0 0 0 0 0 0 0 0 0 0 0 0 0 0 0 0 0 0 0 0 0 0 0 0 0 0 0 0 0 0 0 0 0 0 0 0 0 0 0 0 0 0 0 0 0 0 0 0 0 0 0 0 0 0 0 0 0 0 0 0 0 0 0 0 0 0 0 0 0 0 0 0 0 0 0 0 0 0 0 0 0 0 0 0 0 0 0 0 0 0 0 0 0 0 0 0 0 0 0 0 0 0 0 0 0 0 0 0 0 0 0 0 0 0 0 0 0 0 0 0 0 0 0 0 0 0 0 0 0 0 0 0 0 0 0 0 0 0 0 0 0 0 0 0 0 0 0 0 0 0 0 0 0 0 0 0 0 0 0 0 0 0 0 0 0 0 0 0 0 0 0 0 0 0 0 0 0 0 0 0 0 0 0 0 0 0 0 0 0 0 0 0 0 0 0 0 0 0 0 0 0 0 0 0 0 0 0 0 0 0 0 0
ctxt 13951437
btime 1613123984
processes 330190
procs_running 1
procs_blocked 0
softirq 103099646 1 59418960 2069 2747363 0 0 147 3061447 0 37869659
