cpu  27094441 4 38153 7166686 497 0 3756 0 0 0
cpu0 751960 0 1588 198894 13 0 628 0 0 0
cpu1 754591 0 1271 196936 1 0 134 0 0 0
cpu2 751391 0 1907 198517 2 0 1020 0 0 0
cpu3 751575 0 1936 199273 4 0 95 0 0 0
cpu4 752671 0 1216 198890 44 0 59 0 0 0
cpu5 753100 0 1036 198689 29 0 20 0 0 0
cpu6 752455 0 1005 199342 16 0 42 0 0 0
cpu7 752497 0 919 199406 13 0 37 0 0 0
cpu8 752572 0 870 199333 72 0 30 0 0 0
cpu9 752318 0 983 199510 2 0 72 0 0 0
cpu10 752270 0 1126 199405 4 0 76 0 0 0
cpu11 752637 0 894 199303 0 0 37 0 0 0
cpu12 750864 0 2416 199301 9 0 273 0 0 0
cpu13 752625 0 1079 199079 1 0 88 0 0 0
cpu14 752424 0 945 199478 1 0 25 0 0 0
cpu15 752300 0 1168 199245 5 0 161 0 0 0
cpu16 751780 0 1506 199403 2 0 183 0 0 0
cpu17 752380 0 1122 199329 7 0 21 0 0 0
cpu18 752990 0 958 198907 3 0 14 0 0 0
cpu19 753603 0 892 198274 48 0 28 0 0 0
cpu20 753772 0 1048 197973 2 0 52 0 0 0
cpu21 752677 0 1701 198403 2 0 74 0 0 0
cpu22 752567 0 1406 198793 62 0 42 0 0 0
cpu23 753121 0 600 199042 70 0 12 0 0 0
cpu24 753147 0 481 199228 4 0 10 0 0 0
cpu25 752742 0 784 199332 1 0 11 0 0 0
cpu26 752693 0 648 199486 0 0 44 0 0 0
cpu27 752384 0 895 199473 1 0 118 0 0 0
cpu28 752906 0 567 199372 1 0 21 0 0 0
cpu29 752924 0 474 199455 0 0 16 0 0 0
cpu30 752885 0 656 199309 10 0 8 0 0 0
cpu31 753274 0 416 199150 1 0 25 0 0 0
cpu32 752861 2 548 199432 8 0 10 0 0 0
cpu33 752922 0 661 199195 20 0 53 0 0 0
cpu34 752077 0 1364 199264 19 0 133 0 0 0
cpu35 752474 0 1052 199248 2 0 71 0 0 0
intr 74735082 56 0 0 0 614 0 0 0 1 0 263 0 0 0 0 0 0 0 0 0 0 0 0 0 0 0 0 0 0 0 0 0 742 196 607 522 4765 2539 590 413 3010 1162 175 127 2377 286 669 276 670 479 282 6151 837 183 2204 3248 0 0 0 0 387 128 442 95 70 128 614 119 1019 1858 1372 350 93 0 16 15610 3747 0 19473 988 185982 2676 584 1012 1400 1753 1863 1355 1467 1937 82826 8361 3979 3138 2720 1042 1864 706 5728 3818 626 1238 470 720 1950 1367 1164 2804 974 862 1640 2261 1905 1387 0 18 7955 1 0 0 0 0 0 0 0 0 0 0 0 0 0 0 0 0 0 0 0 0 0 0 0 0 0 0 0 0 0 0 0 0 0 0 0 0 0 21 0 0 0 0 0 0 0 0 0 0 0 0 0 0 0 0 0 0 0 0 0 0 0 0 0 0 0 0 0 0 0 0 0 0 0 0 0 0 0 0 0 0 0 0 0 0 0 0 0 0 0 0 0 0 0 0 0 0 0 0 0 0 0 0 0 0 0 0 0 0 0 0 0 0 0 0 0 0 0 0 0 0 0 0 0 0 0 0 0 0 0 0 0 0 0 0 0 0 0 0 0 0 0 0 0 0 0 0 0 0 0 0 0 0 0 0 0 0 0 0 0 0 0 0 0 0 0 0 0 0 0 0 0 0 0 0 0 0 0 0 0 0 0 0 0 0 0 0 0 0 0 0 0 0 0 0 0 0 0 0 0 0 0 0 0 0 0 0 0 0 0 0 0 0 0 0 0 0 0 0 0 0 0 0 0 0 0 0 0 0 0 0 0 0 0 0 0 0 0 0 0 0 0 0 0 0 0 0 0 0 0 0 0 0 0 0 0 0 0 0 0 0 0 0 0 0 0 0 0 0 0 0 0 0 0 0 0 0 0 0 0 0 0 0 0 0 0 0 0 0 0 0 0 0 0 0 0 0 0 0 0 0 0 0 0 0 0 0 0 0 0 0 0 0 0 0 0 0 0 0 0 0 0 0 0 0 0 0 0 0 0 0 0 0 0 0 0 0 0 0 0 0 0 0 0 0 0 0 0 0 0 0 0 0 0 0 0 0 0 0 0 0 0 0 0 0 0 0 0 0 0 0 0 0 0 0 0 0 0 0 0 0 0 0 0 0 0 0 0 0 0 0 0 0 0 0 0 0 0 0 0 0 0 0 0 0 0 0 0 0 0 0 0 0 0 0 0 0 0 0 0 0 0 0 0 0 0 0 0 0 0 0 0 0 0 0 0 0 0 0 0 0 0 0 0 0 0 0 0 0 0 0 0 0 0 0 0 0 0 0 0 0 0 0 0 0 0 0 0 0 0 0 0 0 0 0 0 0 0 0 0 0 0 0 0 0 0 0 0 0 0 0 0 0 0 0 0 0 0 0 0 0 0 0 0 0 0 0 0 0 0 0 0 0 0 0 0 0 0 0 0 0 0 0 0 0 0 0 0 0 0 0 0 0 0 0 0 0 0 0 0 0 0 0 0 0 0 0 0 0 0 0 0 0 0 0 0 0 0 0 0 0 0 0 0 0 0 0 0 0 0 0 0 0 0 0 0 0 0 0 0 0 0 0 0 0 0 0 0 0 0 0 0 0 0 0 0 0 0 0 0 0 0 0 0 0 0 0 0 0 0 0 0 0 0 0 0 0 0 0 0 0 0 0 0 0 0 0 0 0 0 0 0 0 0 0 0 0 0 0 0 0 0 0 0 0 0 0 0 0 0 0 0 0 0 0 0 0 0 0 0 0 0 0 0 0 0 0 0 0 0 0 0 0 0 0 0 0 0 0 0 0 0 0 0 0 0 0 0 0 0 0 0 0 0 0 0 0 0 0 0 0 0 0 0 0 0 0 0 0 0 0 0 0 0 0 0 0 0 0 0 0 0 0 0 0 0 0 0 0 0 0 0 0 0 0 0 0 0 0 0 0 0 0 0 0 0 0 0 0 0 0 0 0 0 0 0 0 0 0 0 0 0 0 0 0 0 0 0 0 0 0 0 0 0 0 0 0 0 0 0 0 0 0 0 0 0 0 0 0 0 0 0 0 0 0 0 0 0 0 0 0 0 0 0 0 0 0 0 0 0 0 0 0 0 0 0 0 0 0 0 0 0 0 0 0 0 0 0 0 0 0 0 0 0 0 0 0 0 0 0 0 0 0 0 0 0 0 0 0 0 0 0 0 0 0 0 0 0 0 0 0 0 0 0 0 0 0 0 0 0 0 0 0 0 0 0 0 0 0 0 0 0 0 0 0 0 0 0 0 0 0 0 0 0 0 0 0 0 0 0 0 0 0 0 0 0 0 0 0 0 0 0 0 0 0 0 0 0 0 0 0 0 0 0 0 0 0 0 0 0 0 0 0 0 0 0 0 0 0 0 0 0 0 0 0 0 0 0 0 0 0 0 0 0 0 0 0 0 0 0 0 0 0 0 0 0 0 0 0 0 0 0 0 0 0 0 0 0 0 0 0 0 0 0 0 0 0 0 0 0 0 0 0 0 0 0 0 0 0 0 0 0 0 0 0 0 0 0 0 0 0 0 0 0 0 0 0 0 0 0 0 0 0 0 0 0 0 0 0 0 0 0 0 0 0 0 0 0 0 0 0 0 0 0 0 0 0 0 0 0 0 0 0 0 0 0 0 0 0 0 0 0 0 0 0 0 0 0 0 0 0 0 0 0 0 0 0 0 0 0 0 0 0 0 0 0 0 0 0 0 0 0 0 0 0 0 0 0 0 0 0 0 0 0 0 0 0 0 0 0 0 0 0 0 0 0 0 0 0 0 0 0 0 0 0 0 0 0 0 0 0 0 0 0 0 0 0 0 0
ctxt 19576998
btime 1613124388
processes 491509
procs_running 1
procs_blocked 0
softirq 97707055 1 56582118 803 3705826 0 0 351811 2541841 0 34524655
