cpu  18656846 4 26710 6891937 514 0 2892 0 0 0
cpu0 517950 0 810 191398 9 0 520 0 0 0
cpu1 517899 0 881 191648 1 0 107 0 0 0
cpu2 517808 0 1084 191584 2 0 36 0 0 0
cpu3 517889 0 853 191681 17 0 86 0 0 0
cpu4 517959 0 744 191759 2 0 64 0 0 0
cpu5 518078 0 671 191746 2 0 32 0 0 0
cpu6 518159 0 753 191560 1 0 51 0 0 0
cpu7 518193 0 629 191662 5 0 34 0 0 0
cpu8 518443 0 660 191385 6 0 30 0 0 0
cpu9 516392 0 2297 191697 9 0 135 0 0 0
cpu10 518082 0 747 191638 4 0 41 0 0 0
cpu11 518331 0 766 191365 2 0 42 0 0 0
cpu12 518539 0 709 191207 11 0 50 0 0 0
cpu13 518349 0 643 191513 4 0 13 0 0 0
cpu14 518372 0 1096 190934 4 0 107 0 0 0
cpu15 518936 0 916 190633 14 0 26 0 0 0
cpu16 518410 0 708 191361 2 0 31 0 0 0
cpu17 518138 0 724 191586 2 0 67 0 0 0
cpu18 518396 0 442 191618 51 0 17 0 0 0
cpu19 518086 0 787 191522 4 0 120 0 0 0
cpu20 518059 0 798 191587 41 0 36 0 0 0
cpu21 518135 0 638 191661 42 0 55 0 0 0
cpu22 518286 0 447 191701 58 0 27 0 0 0
cpu23 518372 0 372 191744 10 0 14 0 0 0
cpu24 518493 0 544 191443 0 0 33 0 0 0
cpu25 518380 0 362 191769 0 0 12 0 0 0
cpu26 518439 0 432 191634 1 0 15 0 0 0
cpu27 517960 0 826 191703 0 0 28 0 0 0
cpu28 516799 0 1318 191584 0 0 815 0 0 0
cpu29 518649 0 449 191378 16 0 12 0 0 0
cpu30 518440 0 441 191607 2 0 21 0 0 0
cpu31 518986 0 439 191070 4 0 10 0 0 0
cpu32 519520 1 784 190158 7 0 47 0 0 0
cpu33 518155 2 789 191470 7 0 92 0 0 0
cpu34 519324 0 646 190378 122 0 36 0 0 0
cpu35 518426 0 488 191535 34 0 16 0 0 0
intr 51463636 56 0 0 0 609 0 0 0 1 0 257 0 0 0 0 0 0 0 0 0 0 0 0 0 0 0 0 0 0 0 0 92 561 46 395 175 311 164 180 1487 468 753 435 336 497 483 448 527 468 526 1673 226 2547 1527 2844 1523 0 0 0 0 19 85 229 14 846 465 299 627 663 533 10318 3529 0 0 16 10802 2 0 15293 726 3343 1551 4290 2044 6832 1527 1952 1983 2091 3472 1321 805 1137 3619 2460 2136 2773 6667 6205 4403 724 1101 1733 631 1771 1399 152467 1285 2703 1436 1043 1952 3963 591 0 17 7800 1 0 0 0 0 0 0 0 0 0 0 0 0 0 0 0 0 0 0 0 0 0 0 0 0 0 0 0 0 0 0 0 0 0 0 0 0 0 22 0 0 0 0 0 0 0 0 0 0 0 0 0 0 0 0 0 0 0 0 0 0 0 0 0 0 0 0 0 0 0 0 0 0 0 0 0 0 0 0 0 0 0 0 0 0 0 0 0 0 0 0 0 0 0 0 0 0 0 0 0 0 0 0 0 0 0 0 0 0 0 0 0 0 0 0 0 0 0 0 0 0 0 0 0 0 0 0 0 0 0 0 0 0 0 0 0 0 0 0 0 0 0 0 0 0 0 0 0 0 0 0 0 0 0 0 0 0 0 0 0 0 0 0 0 0 0 0 0 0 0 0 0 0 0 0 0 0 0 0 0 0 0 0 0 0 0 0 0 0 0 0 0 0 0 0 0 0 0 0 0 0 0 0 0 0 0 0 0 0 0 0 0 0 0 0 0 0 0 0 0 0 0 0 0 0 0 0 0 0 0 0 0 0 0 0 0 0 0 0 0 0 0 0 0 0 0 0 0 0 0 0 0 0 0 0 0 0 0 0 0 0 0 0 0 0 0 0 0 0 0 0 0 0 0 0 0 0 0 0 0 0 0 0 0 0 0 0 0 0 0 0 0 0 0 0 0 0 0 0 0 0 0 0 0 0 0 0 0 0 0 0 0 0 0 0 0 0 0 0 0 0 0 0 0 0 0 0 0 0 0 0 0 0 0 0 0 0 0 0 0 0 0 0 0 0 0 0 0 0 0 0 0 0 0 0 0 0 0 0 0 0 0 0 0 0 0 0 0 0 0 0 0 0 0 0 0 0 0 0 0 0 0 0 0 0 0 0 0 0 0 0 0 0 0 0 0 0 0 0 0 0 0 0 0 0 0 0 0 0 0 0 0 0 0 0 0 0 0 0 0 0 0 0 0 0 0 0 0 0 0 0 0 0 0 0 0 0 0 0 0 0 0 0 0 0 0 0 0 0 0 0 0 0 0 0 0 0 0 0 0 0 0 0 0 0 0 0 0 0 0 0 0 0 0 0 0 0 0 0 0 0 0 0 0 0 0 0 0 0 0 0 0 0 0 0 0 0 0 0 0 0 0 0 0 0 0 0 0 0 0 0 0 0 0 0 0 0 0 0 0 0 0 0 0 0 0 0 0 0 0 0 0 0 0 0 0 0 0 0 0 0 0 0 0 0 0 0 0 0 0 0 0 0 0 0 0 0 0 0 0 0 0 0 0 0 0 0 0 0 0 0 0 0 0 0 0 0 0 0 0 0 0 0 0 0 0 0 0 0 0 0 0 0 0 0 0 0 0 0 0 0 0 0 0 0 0 0 0 0 0 0 0 0 0 0 0 0 0 0 0 0 0 0 0 0 0 0 0 0 0 0 0 0 0 0 0 0 0 0 0 0 0 0 0 0 0 0 0 0 0 0 0 0 0 0 0 0 0 0 0 0 0 0 0 0 0 0 0 0 0 0 0 0 0 0 0 0 0 0 0 0 0 0 0 0 0 0 0 0 0 0 0 0 0 0 0 0 0 0 0 0 0 0 0 0 0 0 0 0 0 0 0 0 0 0 0 0 0 0 0 0 0 0 0 0 0 0 0 0 0 0 0 0 0 0 0 0 0 0 0 0 0 0 0 0 0 0 0 0 0 0 0 0 0 0 0 0 0 0 0 0 0 0 0 0 0 0 0 0 0 0 0 0 0 0 0 0 0 0 0 0 0 0 0 0 0 0 0 0 0 0 0 0 0 0 0 0 0 0 0 0 0 0 0 0 0 0 0 0 0 0 0 0 0 0 0 0 0 0 0 0 0 0 0 0 0 0 0 0 0 0 0 0 0 0 0 0 0 0 0 0 0 0 0 0 0 0 0 0 0 0 0 0 0 0 0 0 0 0 0 0 0 0 0 0 0 0 0 0 0 0 0 0 0 0 0 0 0 0 0 0 0 0 0 0 0 0 0 0 0 0 0 0 0 0 0 0 0 0 0 0 0 0 0 0 0 0 0 0 0 0 0 0 0 0 0 0 0 0 0 0 0 0 0 0 0 0 0 0 0 0 0 0 0 0 0 0 0 0 0 0 0 0 0 0 0 0 0 0 0 0 0 0 0 0 0 0 0 0 0 0 0 0 0 0 0 0 0 0 0 0 0 0 0 0 0 0 0 0 0 0 0 0 0 0 0 0 0 0 0 0 0 0 0 0 0 0 0 0 0 0 0 0 0 0 0 0 0 0 0 0 0 0 0 0 0 0 0 0 0 0 0 0 0 0 0 0 0 0 0 0 0 0 0 0 0 0 0 0 0 0 0 0 0 0 0 0 0 0 0 0 0 0 0 0 0 0 0 0 0 0 0 0 0 0 0 0 0 0 0 0 0 0 0 0 0 0 0 0 0 0 0 0 0 0 0 0 0 0 0 0 0 0 0 0 0 0 0 0 0 0 0 0 0 0 0 0 0 0 0 0 0 0 0 0 0 0 0 0 0 0 0 0 0 0 0 0 0 0 0 0 0 0 0 0 0 0 0 0
ctxt 13284672
btime 1613124388
processes 330655
procs_running 1
procs_blocked 0
softirq 66735241 1 38585094 620 2495090 0 0 247257 1784480 0 23622699
