cpu  1615547 6 5609 1932562 126 0 223 0 0 0
cpu0 25207 0 246 29878 0 0 103 0 0 0
cpu1 25218 0 53 30252 8 0 4 0 0 0
cpu2 25218 0 76 30247 0 0 1 0 0 0
cpu3 25206 0 43 30299 0 0 0 0 0 0
cpu4 25254 0 84 30196 0 0 2 0 0 0
cpu5 25214 0 37 30296 0 0 0 0 0 0
cpu6 25381 0 230 29883 0 0 0 0 0 0
cpu7 24964 0 254 30280 0 0 48 0 0 0
cpu8 25262 0 131 30140 0 0 0 0 0 0
cpu9 25075 0 164 30286 0 0 14 0 0 0
cpu10 25331 0 183 30011 1 0 0 0 0 0
cpu11 25205 0 44 30294 0 0 0 0 0 0
cpu12 25367 2 273 29876 13 0 4 0 0 0
cpu13 25214 0 49 30283 0 0 0 0 0 0
cpu14 25341 1 158 30038 2 0 0 0 0 0
cpu15 25212 0 34 30299 0 0 0 0 0 0
cpu16 25328 0 133 30071 0 0 1 0 0 0
cpu17 25215 0 38 30290 0 0 0 0 0 0
cpu18 25280 0 117 30145 0 0 0 0 0 0
cpu19 25218 0 40 30282 0 0 0 0 0 0
cpu20 25207 0 106 30217 0 0 1 0 0 0
cpu21 25228 0 46 30260 7 0 0 0 0 0
cpu22 25215 0 79 30244 0 0 3 0 0 0
cpu23 25210 0 40 30289 0 0 0 0 0 0
cpu24 25373 0 99 30035 6 0 0 0 0 0
cpu25 25211 0 36 30291 0 0 0 0 0 0
cpu26 25396 0 90 30055 0 0 0 0 0 0
cpu27 25209 0 36 30293 0 0 0 0 0 0
cpu28 25203 0 91 30235 0 0 4 0 0 0
cpu29 25210 0 49 30267 9 0 0 0 0 0
cpu30 25200 0 76 30263 0 0 1 0 0 0
cpu31 25209 0 45 30259 20 0 0 0 0 0
cpu32 25234 0 52 30256 0 0 0 0 0 0
cpu33 25209 0 41 30287 1 0 0 0 0 0
cpu34 25229 0 68 30240 0 0 0 0 0 0
cpu35 25206 0 48 30258 7 0 8 0 0 0
cpu36 25217 0 52 30270 0 0 0 0 0 0
cpu37 25208 0 43 30280 3 0 0 0 0 0
cpu38 25263 0 63 30205 0 0 0 0 0 0
cpu39 25192 0 67 30265 7 0 4 0 0 0
cpu40 25787 0 246 29485 2 0 0 0 0 0
cpu41 25040 0 200 30271 10 0 12 0 0 0
cpu42 25348 0 131 30026 2 0 0 0 0 0
cpu43 25210 0 37 30278 6 0 0 0 0 0
cpu44 25260 0 150 30114 0 0 0 0 0 0
cpu45 25207 0 43 30283 0 0 0 0 0 0
cpu46 25316 0 133 30078 0 0 0 0 0 0
cpu47 25210 0 35 30286 0 0 0 0 0 0
cpu48 25344 0 133 30041 1 0 0 0 0 0
cpu49 25231 0 50 30248 0 0 0 0 0 0
cpu50 25292 0 89 30143 0 0 0 0 0 0
cpu51 25216 0 44 30269 0 0 0 0 0 0
cpu52 25226 0 86 30210 0 0 0 0 0 0
cpu53 25209 0 39 30277 0 0 0 0 0 0
cpu54 25220 0 68 30237 0 0 0 0 0 0
cpu55 25211 0 51 30263 2 0 0 0 0 0
cpu56 25293 0 70 30166 0 0 0 0 0 0
cpu57 25209 0 41 30278 0 0 0 0 0 0
cpu58 25280 0 76 30168 0 0 0 0 0 0
cpu59 25212 0 45 30271 0 0 0 0 0 0
cpu60 25230 0 50 30239 0 0 0 0 0 0
cpu61 25209 0 47 30271 0 0 0 0 0 0
cpu62 25208 0 55 30260 0 0 0 0 0 0
cpu63 25216 0 48 30257 0 0 0 0 0 0
intr 5073265 84 0 0 0 630 0 0 0 1 0 282 0 0 0 0 0 0 0 0 0 0 0 0 0 0 0 0 0 0 0 0 0 0 0 0 0 0 0 5 0 587 0 1994 4 4 728 24 10332 2 528 263 69 0 2 4 0 393 4 510 2 1302 0 6 0 337 9 5734 35 0 131 0 5 0 12408 0 0 3 1 5 10139 2 0 31 0 3 33 0 0 0 0 0 0 2 0 789 2 5 0 7 56 24 15 0 0 0 0 0 0 0 0 0 0 0 0 0 0 0 0 0 92 29577 0 0 0 0 0 0 0 0 0 0 0 0 0 0 0 0 0 0 0 0 0 0 0 0 0 0 0 0 0 0 0 0 0 0 0 0 0 0 0 0 0 0 0 0 0 0 0 0 0 0 0 0 0 0 0 0 0 0 0 0 0 0 0 0 0 0 0 0 0 0 0 0 0 0 0 23 0 0 0 0 0 0 0 0 0 0 0 0 0 0 0 0 0 0 0 0 0 0 0 0 0 0 0 0 0 0 0 0 0 0 0 0 0 0 0 0 0 0 0 0 0 0 0 0 0 0 0 0 0 0 0 0 0 0 0 0 0 0 0 0 0 0 0 0 0 0 0 0 0 0 0 0 0 0 0 0 0 0 0 0 0 0 0 0 0 0 0 0 0 0 0 0 0 0 0 0 0 0 0 0 0 0 0 0 0 0 0 0 0 0 0 0 0 0 0 0 0 0 0 0 0 0 0 0 0 0 0 0 0 0 0 0 0 0 0 0 0 0 0 0 0 0 0 0 0 0 0 0 0 0 0 0 0 0 0 0 0 0 0 0 0 0 0 0 0 0 0 0 0 0 0 0 0 0 0 0 0 0 0 0 0 0 0 0 0 0 0 0 0 0 0 0 0 0 0 0 0 0 0 0 0 0 0 0 0 0 0 0 0 0 0 0 0 0 0 0 0 0 0 0 0 0 0 0 0 0 0 0 0 0 0 0 0 0 0 0 0 0 0 0 0 0 0 0 0 0 0 0 0 0 0 0 0 0 0 0 0 0 0 0 0 0 0 0 0 0 0 0 0 0 0 0 0 0 0 0 0 0 0 0 0 0 0 0 0 0 0 0 0 0 0 0 0 0 0 0 0 0 0 0 0 0 0 0 0 0 0 0 0 0 0 0 0 0 0 0 0 0 0 0 0 0 0 0 0 0 0 0 0 0 0 0 0 0 0 0 0 0 0 0 0 0 0 0 0 0 0 0 0 0 0 0 0 0 0 0 0 0 0 0 0 0 0 0 0 0 0 0 0 0 0 0 0 0 0 0 0 0 0 0 0 0 0 0 0 0 0 0 0 0 0 0 0 0 0 0 0 0 0 0 0 0 0 0 0 0 0 0 0 0 0 0 0 0 0 0 0 0 0 0 0 0 0 0 0 0 0 0 0 0 0 0 0 0 0 0 0 0 0 0 0 0 0 0 0 0 0 0 0 0 0 0 0 0 0 0 0 0 0 0 0 0 0 0 0 0 0 0 0 0 0 0 0 0 0 0 0 0 0 0 0 0 0 0 0 0 0 0 0 0 0 0 0 0 0 0 0 0 0 0 0 0 0 0 0 0 0 0 0 0 0 0 0 0 0 0 0 0 0 0 0 0 0 0 0 0 0 0 0 0 0 0 0 0 0 0 0 0 0 0 0 0 0 0 0 0 0 0 0 0 0 0 0 0 0 0 0 0 0 0 0 0 0 0 0 0 0 0 0 0 0 0 0 0 0 0 0 0 0 0 0 0 0 0 0 0 0 0 0 0 0 0 0 0 0 0 0 0 0 0 0 0 0 0 0 0 0 0 0 0 0 0 0 0 0 0 0 0 0 0 0 0 0 0 0 0 0 0 0 0 0 0 0 0 0 0 0 0 0 0 0 0 0 0 0 0 0 0 0 0 0 0 0 0 0 0 0 0 0 0 0 0 0 0 0 0 0 0 0 0 0 0 0 0 0 0 0 0 0 0 0 0 0 0 0 0 0 0 0 0 0 0 0 0 0 0 0 0 0 0 0 0 0 0 0 0 0 0 0 0 0 0 0 0 0 0 0 0 0 0 0 0 0 0 0 0 0 0 0 0 0 0 0 0 0 0 0 0 0 0 0 0 0 0 0 0 0 0 0 0 0 0 0 0 0 0 0 0 0 0 0 0 0 0 0 0 0 0 0 0 0 0 0 0 0 0 0 0 0 0 0 0 0 0 0 0 0 0 0 0 0 0 0 0 0 0 0 0 0 0 0 0 0 0 0 0 0 0 0 0 0 0 0 0 0 0 0 0 0 0 0 0 0 0 0 0 0 0 0 0 0 0 0 0 0 0 0 0 0 0 0 0 0 0 0 0 0 0 0 0 0 0 0 0 0 0 0 0 0 0 0 0 0 0 0 0 0 0 0 0 0 0 0 0 0 0 0 0 0 0 0 0 0 0 0 0 0 0 0 0 0 0 0 0 0 0 0 0 0 0 0 0 0 0 0 0 0 0 0 0 0 0 0 0 0 0 0 0 0 0 0 0 0 0 0 0 0 0 0 0 0 0 0 0 0 0 0 0 0 0 0 0 0 0 0 0 0 0 0 0 0 0 0 0 0 0 0 0 0 0 0 0 0 0 0 0 0 0 0 0 0 0 0 0 0 0 0 0 0 0 0 0 0 0 0 0 0 0 0 0 0 0 0 0 0 0 0 0 0 0 0 0 0 0 0 0 0 0 0 0 0 0 0 0 0 0 0 0 0 0 0 0 0 0 0 0 0 0 0 0 0 0 0 0 0 0 0 0 0 0 0 0 0 0 0 0 0 0 0 0 0 0 0 0 0 0 0 0 0 0 0 0 0 0 0 0 0 0 0 0 0 0 0 0 0 0 0 0 0 0 0 0 0 0 0 0 0 0 0 0 0 0 0 0 0 0 0 0 0 0 0 0 0 0 0 0 0 0 0 0 0 0 0 0 0 0 0 0 0 0 0 0 0 0 0 0 0 0 0 0 0 0 0 0 0 0 0 0 0 0 0 0 0 0 0 0 0 0 0 0 0 0 0 0 0 0 0 0 0 0 0 0 0 0 0 0 0 0 0 0 0 0 0 0 0 0 0 0 0 0 0 0 0 0 0 0 0 0 0 0 0 0 0 0 0 0 0 0 0 0 0 0 0 0 0 0 0 0 0 0 0 0 0 0 0 0 0 0 0 0 0 0 0 0 0 0 0 0 0 0 0 0 0 0 0 0 0 0 0 0 0 0 0 0 0 0 0 0 0 0 0 0 0 0 0 0 0 0 0 0 0 0 0 0 0 0 0 0 0 0 0 0 0 0 0 0 0 0 0 0 0 0 0 0 0 0 0 0 0 0 0 0 0 0 0 0 0 0 0 0 0 0 0 0 0 0 0 0 0 0 0 0 0 0 0 0 0 0 0 0 0 0 0 0 0 0 0 0 0 0 0 0 0 0 0 0 0 0 0 0 0 0 0 0 0 0 0 0 0 0 0 0 0 0 0 0 0 0 0 0 0 0 0 0 0 0 0 0 0 0 0 0 0 0 0 0 0 0 0 0 0 0 0 0 0 0 0 0 0 0 0 0 0 0 0 0 0 0 0 0 0 0 0 0 0 0 0 0 0 0 0 0 0 0 0 0 0 0 0 0 0 0 0 0 0 0 0 0 0 0 0 0 0 0 0 0 0 0 0 0 0 0 0 0 0 0 0 0 0 0 0 0 0 0 0 0 0 0 0 0 0 0 0 0 0 0 0 0 0 0 0 0 0 0 0 0 0 0 0 0 0 0 0 0 0 0 0 0 0 0 0 0 0 0 0 0 0 0 0 0 0 0 0 0 0 0 0 0 0 0 0 0 0 0 0 0 0 0 0 0 0 0 0 0 0 0 0 0 0 0 0 0 0 0 0 0 0 0 0 0 0 0 0 0 0 0 0 0 0 0 0 0 0 0 0 0 0 0 0 0 0 0 0 0 0 0 0 0 0 0 0 0 0 0 0 0 0 0 0 0 0 0 0 0 0 0 0 0 0 0 0 0 0 0 0 0 0 0 0 0 0 0 0 0 0 0 0 0 0 0 0 0 0 0 0 0 0 0 0 0 0 0 0 0 0 0 0 0 0 0 0 0 0 0 0 0 0 0 0 0 0 0 0 0 0 0 0 0 0 0 0 0 0 0 0 0 0 0 0 0 0 0 0 0 0 0 0 0 0 0 0 0 0 0 0 0 0 0 0 0 0 0 0 0 0 0 0 0 0 0 0 0 0 0 0 0 0 0 0 0 0 0 0 0 0 0 0 0 0 0 0 0 0 0 0 0 0 0 0 0 0 0 0 0 0 0 0 0 0 0 0 0 0 0 0 0 0 0 0 0 0 0 0 0 0 0 0 0 0 0 0 0 0 0 0 0 0 0 0 0 0 0 0 0 0 0 0 0 0 0 0 0 0 0 0 0 0 0 0 0 0 0 0 0 0 0 0 0 0 0 0 0 0 0 0 0 0 0 0 0 0 0 0 0 0 0 0 0 0 0 0 0 0 0 0 0 0 0 0 0 0 0 0 0 0 0 0 0 0 0 0 0 0 0 0 0 0 0 0 0 0 0 0 0 0 0 0 0 0 0 0 0 0 0 0 0 0 0 0 0 0 0 0 0 0 0 0 0 0 0 0 0 0 0 0 0 0 0 0 0 0 0 0 0 0 0 0 0 0 0 0 0 0 0 0 0 0 0 0 0 0 0 0 0 0 0 0 0 0 0 0 0 0 0 0 0 0 0 0 0 0 0 0 0 0 0 0 0 0 0 0 0 0 0 0 0 0 0 0 0 0 0 0 0 0 0 0 0 0 0 0 0 0 0 0 0 0 0 0 0 0 0 0 0 0 0 0 0 0 0 0 0 0 0 0 0 0 0 0 0 0 0 0 0 0 0 0 0 0 0 0 0 0 0 0 0 0 0 0 0 0 0 0 0 0 0 0 0 0 0 0 0 0 0 0 0 0 0 0 0 0 0 0 0 0 0 0 0 0 0 0 0 0 0 0 0 0 0 0 0 0 0 0 0 0 0 0 0 0 0 0 0 0 0 0 0 0 0 0 0 0 0 0 0 0 0 0 0 0 0 0 0 0 0 0 0 0 0 0 0 0 0 0 0 0 0 0 0 0 0 0 0 0 0 0
ctxt 1136564
btime 1613144793
processes 24830
procs_running 1
procs_blocked 0
softirq 5594002 1 3148684 732 181496 0 0 140 290085 0 1972864
