cpu  56469872 5 56214 12452457 698 0 4157 0 0 0
cpu0 439824 0 2220 96460 0 0 366 0 0 0
cpu1 440654 0 1090 97155 8 0 23 0 0 0
cpu2 440493 0 890 97469 0 0 75 0 0 0
cpu3 440667 0 756 97469 1 0 57 0 0 0
cpu4 440717 0 925 97244 0 0 86 0 0 0
cpu5 440775 0 729 97386 0 0 45 0 0 0
cpu6 440761 0 475 97685 0 0 30 0 0 0
cpu7 440944 0 479 97498 0 0 36 0 0 0
cpu8 440686 0 792 97402 0 0 84 0 0 0
cpu9 440776 0 822 97270 0 0 72 0 0 0
cpu10 440700 0 529 97650 0 0 63 0 0 0
cpu11 441043 0 376 97507 0 0 32 0 0 0
cpu12 440842 0 834 97195 0 0 75 0 0 0
cpu13 441254 0 702 96967 1 0 29 0 0 0
cpu14 441063 0 449 97386 0 0 32 0 0 0
cpu15 440725 0 490 97695 0 0 36 0 0 0
cpu16 441014 0 529 97374 0 0 36 0 0 0
cpu17 441038 1 810 97040 0 0 56 0 0 0
cpu18 441324 0 323 97291 0 0 24 0 0 0
cpu19 441051 0 358 97522 0 0 24 0 0 0
cpu20 440856 0 668 97348 0 0 75 0 0 0
cpu21 442075 0 667 96184 0 0 25 0 0 0
cpu22 441268 0 380 97282 0 0 29 0 0 0
cpu23 440716 0 355 97663 0 0 173 0 0 0
cpu24 441098 0 609 97202 0 0 47 0 0 0
cpu25 441552 0 570 96807 0 0 26 0 0 0
cpu26 441369 0 279 97294 0 0 21 0 0 0
cpu27 440638 0 490 97759 0 0 33 0 0 0
cpu28 441270 0 425 97232 0 0 28 0 0 0
cpu29 441067 0 482 97351 0 0 27 0 0 0
cpu30 441306 0 275 97360 0 0 12 0 0 0
cpu31 440677 0 723 97442 0 0 103 0 0 0
cpu32 439854 0 1734 97134 0 0 259 0 0 0
cpu33 441283 0 310 97334 4 0 16 0 0 0
cpu34 441308 0 262 97360 0 0 14 0 0 0
cpu35 441022 0 284 97623 1 0 22 0 0 0
cpu36 441194 0 421 97305 0 0 32 0 0 0
cpu37 441983 0 434 96447 66 0 11 0 0 0
cpu38 440760 0 437 97656 0 0 40 0 0 0
cpu39 441230 0 279 97428 0 0 16 0 0 0
cpu40 440860 0 608 97441 1 0 36 0 0 0
cpu41 441590 0 331 96979 30 0 14 0 0 0
cpu42 441204 0 274 97449 0 0 19 0 0 0
cpu43 441147 0 289 97482 1 0 30 0 0 0
cpu44 441092 0 418 97395 1 0 26 0 0 0
cpu45 441294 0 469 97027 112 0 23 0 0 0
cpu46 440979 0 523 97363 0 0 73 0 0 0
cpu47 441168 0 290 97468 0 0 20 0 0 0
cpu48 440810 0 612 97437 0 0 70 0 0 0
cpu49 441273 0 490 97164 0 0 22 0 0 0
cpu50 440506 0 488 97887 0 0 36 0 0 0
cpu51 441150 0 336 97431 0 0 32 0 0 0
cpu52 441322 0 309 97303 0 0 12 0 0 0
cpu53 441199 0 443 97148 91 0 34 0 0 0
cpu54 441387 0 208 97331 4 0 14 0 0 0
cpu55 441104 0 307 97510 2 0 26 0 0 0
cpu56 441321 0 251 97362 0 0 8 0 0 0
cpu57 440968 0 457 97461 1 0 28 0 0 0
cpu58 441192 0 294 97442 0 0 15 0 0 0
cpu59 441127 0 336 97448 0 0 29 0 0 0
cpu60 440988 0 509 97373 0 0 66 0 0 0
cpu61 441377 0 387 97137 8 0 28 0 0 0
cpu62 441112 0 380 97419 0 0 22 0 0 0
cpu63 441072 0 404 97423 0 0 40 0 0 0
cpu64 441210 0 489 97027 185 0 11 0 0 0
cpu65 441094 0 547 97266 1 0 8 0 0 0
cpu66 441154 0 378 97374 2 0 26 0 0 0
cpu67 440896 0 494 97507 0 0 41 0 0 0
cpu68 440761 0 842 97227 0 0 111 0 0 0
cpu69 441408 0 401 97065 32 0 10 0 0 0
cpu70 440981 0 430 97502 0 0 20 0 0 0
cpu71 441094 0 351 97466 0 0 19 0 0 0
cpu72 441346 0 380 97185 2 0 19 0 0 0
cpu73 441216 0 542 97139 3 0 20 0 0 0
cpu74 440988 0 326 97586 1 0 30 0 0 0
cpu75 441240 0 272 97392 0 0 13 0 0 0
cpu76 441162 0 405 97353 1 0 22 0 0 0
cpu77 441503 0 472 96928 15 0 8 0 0 0
cpu78 441040 0 311 97534 0 0 19 0 0 0
cpu79 441117 0 313 97472 0 0 21 0 0 0
cpu80 441430 0 291 97203 0 0 7 0 0 0
cpu81 441350 0 493 97039 28 0 15 0 0 0
cpu82 441252 0 358 97304 0 0 18 0 0 0
cpu83 441150 0 332 97439 1 0 15 0 0 0
cpu84 441208 0 404 97303 0 0 17 0 0 0
cpu85 442103 0 478 96326 1 0 13 0 0 0
cpu86 441040 0 282 97591 0 0 16 0 0 0
cpu87 441206 0 262 97440 1 0 13 0 0 0
cpu88 441231 0 291 97392 0 0 13 0 0 0
cpu89 443860 2 708 94311 6 0 10 0 0 0
cpu90 441238 0 228 97443 0 0 14 0 0 0
cpu91 441067 0 363 97480 0 0 26 0 0 0
cpu92 441178 0 332 97320 0 0 93 0 0 0
cpu93 442794 0 516 95579 1 0 9 0 0 0
cpu94 441377 0 198 97340 0 0 7 0 0 0
cpu95 441273 0 242 97401 0 0 15 0 0 0
cpu96 441248 0 434 97209 7 0 26 0 0 0
cpu97 441517 0 364 97014 1 0 8 0 0 0
cpu98 441223 0 224 97448 0 0 12 0 0 0
cpu99 441275 0 252 97390 0 0 11 0 0 0
cpu100 441034 0 498 97347 12 0 32 0 0 0
cpu101 441286 0 236 97363 1 0 5 0 0 0
cpu102 441151 0 222 97529 1 0 7 0 0 0
cpu103 441007 0 238 97646 0 0 8 0 0 0
cpu104 441255 0 364 97288 0 0 14 0 0 0
cpu105 441353 0 321 97233 0 0 6 0 0 0
cpu106 441380 0 174 97363 0 0 6 0 0 0
cpu107 441138 0 256 97496 0 0 16 0 0 0
cpu108 441257 0 231 97413 2 0 11 0 0 0
cpu109 441504 0 468 96932 0 0 14 0 0 0
cpu110 441092 0 328 97477 0 0 12 0 0 0
cpu111 441222 0 252 97441 0 0 8 0 0 0
cpu112 441366 0 278 97258 0 0 20 0 0 0
cpu113 441415 0 329 97161 3 0 6 0 0 0
cpu114 441329 0 261 97320 0 0 12 0 0 0
cpu115 441172 0 268 97469 0 0 17 0 0 0
cpu116 441539 0 159 97210 0 0 2 0 0 0
cpu117 440999 0 361 97518 5 0 13 0 0 0
cpu118 441360 0 197 97350 0 0 8 0 0 0
cpu119 440988 0 431 97460 0 0 42 0 0 0
cpu120 441467 0 207 97236 0 0 2 0 0 0
cpu121 441252 0 289 97362 4 0 5 0 0 0
cpu122 441333 0 286 97282 0 0 10 0 0 0
cpu123 441236 0 233 97446 0 0 3 0 0 0
cpu124 441462 0 201 97239 0 0 15 0 0 0
cpu125 441395 0 256 97243 0 0 9 0 0 0
cpu126 441170 0 383 97324 0 0 30 0 0 0
cpu127 441313 0 358 97236 0 0 5 0 0 0
intr 160670017 129 0 0 0 680 0 0 0 1 0 285 0 0 0 0 0 0 0 0 0 0 0 0 0 0 0 0 0 0 0 0 0 0 0 0 260 0 578 453 8857 11747 226 1829 1080 7553 338 5327 2923 6104 581 128 5844 9404 514 587 2320 5946 478 343 1364 79335 345 911 1906 7308 735 1537 1390 5990 270 1 934 6062 644 80 3306 3792 429 474 1597 5459 1020 4331 1111 4486 0 486 5546 6128 282 1074 530 3656 453 853 1885 5004 1661 99 4422 6813 358 275 6089 12674 226 10 293 8605 409 144 2699 4139 469 15 2266 6419 182 102 3294 7569 802 29 2607 3678 673 78 900 13149 24068 4472 1717 5393 295 99 1286 4671 757 422 1353 3407 422 277 1309 5186 594 2604 409 3399 2 7 3933 4623 354 945 787 0 0 0 0 0 0 0 0 0 0 161 3642 3 385 63 107 38 172 106 13 0 236 26 9 1 7 10 405 341 5 149 3 1 55 79 389 3440 217 679 695 448 1121 80 78 0 0 0 0 0 0 0 0 0 0 0 0 0 0 0 0 10003 2164 5291 199 3432 237 142 127 145 33 71 322 136 322 78 95 76 47 33 27 37 21 12 42 21 86 74 133 6 2 39 9 13 7 13 21 56 33 0 377 321 74 209 174 135 100 72 21 3 75 55 0 28 32 15 3 17 3 9 18 5 24 15 0 0 0 0 0 0 0 0 0 0 0 0 0 0 0 0 0 0 0 0 0 0 0 0 0 0 0 0 0 0 0 0 0 0 0 0 0 0 0 0 0 0 0 0 0 0 0 0 0 0 0 0 0 0 0 0 0 0 0 0 0 0 0 0 0 0 0 0 0 0 0 0 0 0 0 0 0 0 0 0 0 0 0 0 0 0 0 0 0 0 0 0 0 0 0 0 0 0 0 0 0 0 0 0 0 0 0 0 0 0 0 0 0 0 0 0 0 0 0 0 0 0 0 0 0 0 0 0 0 0 0 0 0 0 0 0 0 0 0 0 0 0 0 0 0 0 0 0 0 0 0 0 0 0 0 0 0 0 0 0 0 0 0 0 0 0 0 0 0 0 0 0 0 0 0 0 0 0 0 0 0 0 0 0 0 0 0 0 0 0 0 0 0 0 0 0 0 0 0 0 0 0 0 0 0 0 0 0 0 0 0 0 0 0 0 0 0 0 0 0 0 0 0 0 0 0 0 0 0 0 0 0 0 0 0 0 0 0 0 0 0 0 0 0 0 0 0 0 0 0 0 0 0 0 0 0 0 0 0 0 0 0 0 0 0 0 0 0 0 0 0 0 0 0 0 0 0 0 0 0 0 0 0 0 0 0 0 0 0 0 0 0 0 0 0 0 0 0 0 0 0 0 0 0 0 0 0 0 0 0 0 0 0 0 0 0 0 0 0 0 0 0 0 0 0 0 0 0 0 0 0 0 0 0 0 0 0 0 0 0 0 0 0 0 0 0 0 0 0 0 0 0 0 0 0 0 0 0 0 0 0 0 0 0 0 0 0 0 0 0 0 0 0 0 0 0 0 0 0 0 0 0 0 0 0 0 0 0 0 0 0 0 0 0 0 0 0 0 0 0 0 0 0 0 0 0 0 0 0 0 0 0 0 0 0 0 0 0 0 0 0 0 0 0 0 49 0 0 0 3 0 0 0 0 0 0 0 0 0 0 0 0 0 0 0 0 0 0 0 0 0 49 0 0 0 0 0 0 0 0 0 0 0 0 0 0 0 0 0 0 0 0 0 0 0 0 0 0 0 0 0 0 0 0 0 0 0 0 0 0 0 0 0 0 0 0 0 0 0 0 0 0 0 0 0 0 0 0 0 0 0 0 0 0 0 0 0 22 0 0 0 0 0 0 0 0 0 0 0 0 0 0 0 0 0 0 0 0 0 0 0 0 0 0 0 0 0 0 0 0 0 0 0 0 0 0 0 0 0 0 0 0 0 0 0 0 0 0 0 0 0 0 0 0 0 0 0 0 0 0 0 0 0 0 0 0 0 0 0 0 0 0 0 0 0 0 0 0 0 0 0 0 0 0 0 0 0 0 0 0 0 0 0 0 0 0 0 0 0 0 0 0 0 0 0 0 0 0 0 0 0 0 0 0 0 0 0 0 0 0 0 0 0 0 0 0 0 0 0 0 0 0 0 0 0 0 0 0 0 0 0 0 0 0 0 0 0 0 0 0 0 0 0 0 0 0 0 0 0 0 0 0 0 0 0 0 0 0 0 0 0 0 0 0 0 0 0 0 0 0 0 0 0 0 0 0 0 0 0 0 0 0 0 0 0 0 0 0 0 0 0 0 0 0 0 0 0 0 0 0 0 0 0 0 0 0 0 0 0 0 0 0 0 0 0 0 0 0 0 0 0 0 0 0 0 0 0 0 0 0 0 0 0 0 0 0 0 0 0 0 0 0 0 0 0 0 0 0 0 0 0 0 0 0 0 0 0 0 0 0 0 0 0 0 0 0 0 0 0 0 0 0 0 0 0 0 0 0 0 0 0 0 0 0 0 0 0 0 0 0 0 0 0 0 0 0 0 0 0 0 0 0 0 0 0 0 0 0 0 0 0 0 0 0 0 0 0 0 0 0 0 0 0 0 0 0 0 0 0 0 0 0 0 0 0 0 0 0 0 0 0 0 0 0 0 0 0 0 0 0 0 0 0 0 0 0 0 0 0 0 0 0 0 0 0 0 0 0 0 0 0 0 0 0 0 0 0 0 0 0 0 0 0 0 0 0 0 0 0 0 0 0 0 0 0 0 0 0 0 0 0 0 0 0 0 0 0 0 0 0 0 0 0 0 0 0 0 0 0 0 0 0 0 0 0 0 0 0 0 0 0 0 0 0 0 0 0 0 0 0 0 0 0 0 0 0 0 0 0 0 0 0 0 0 0 0 0 0 0 0 0 0 0 0 0 0 0 0 0 0 0 0 0 0 0 0 0 0 0 0 0 0 0 0 0 0 0 0 0 0 0 0 0 0 0 0 0 0 0 0 0 0 0 0 0 0 0 0 0 0 0 0 0 0 0 0 0 0 0 0 0 0 0 0 0 0 0 0 0 0 0 0 0 0 0 0 0 0 0 0 0 0 0 0 0 0 0 0 0 0 0 0 0 0 0 0 0 0 0 0 0 0 0 0 0 0 0 0 0 0 0 0 0 0 0 0 0 0 0 0 0 0 0 0 0 0 0 0 0 0 0 0 0 0 0 0 0 0 0 0 0 0 0 0 0 0 0 0 0 0 0 0 0 0 0 0 0 0 0 0 0 0 0 0 0 0 0 0 0 0 0 0 0 0 0 0 0 0 0 0 0 0 0 0 0 0 0 0 0 0 0 0 0 0 0 0 0 0 0 0 0 0 0 0 0 0 0 0 0 0 0 0 0 0 0 0 0 0 0 0 0 0 0 0 0 0 0 0 0 0 0 0 0 0 0 0 0 0 0 0 0 0 0 0 0 0 0 0 0 0 0 0 0 0 0 0 0 0 0 0 0 0 0 0 0 0 0 0 0 0 0 0 0 0 0 0 0 0 0 0 0 0 0 0 0 0 0 0 0 0 0 0 0 0 0 0 0 0 0 0 0 0 0 0 0 0 0 0 0 0 0 0 0 0 0 0 0 0 0 0 0 0 0 0 0 0 0 0 0 0 0 0 0 0 0 0 0 0 0 0 0 0 0 0 0 0 0 0 0 0 0 0 0 0 0 0 0 0 0 0 0 0 0 0 0 0 0 0 0 0 0 0 0 0 0 0 0 0 0 0 0 0 0 0 0 0 0 0 0 0 0 0 0 0 0 0 0 0 0 0 0 0 0 0 0 0 0 0 0 0 0 0 0 0 0 0 0 0 0 0 0 0 0 0 0 0 0 0 0 0 0 0 0 0 0 0 0 0 0 0 0 0 0 0 0 0 0 0 0 0 0 0 0 0 0 0 0 0 0 0 0 0 0 0 0 0 0 0 0 0 0 0 0 0 0 0 0 0 0 0 0 0 0 0 0 0 0 0 0 0 0 0 0 0 0 0 0 0 0 0 0 0 0 0 0 0 0 0 0 0 0 0 0 0 0 0 0 0 0 0 0 0 0 0 0 0 0 0 0 0 0 0 0 0 0 0 0 0 0 0 0 0 0 0 0 0 0 0 0 0 0 0 0 0 0 0 0 0 0 0 0 0 0 0 0 0 0 0 0 0 0 0 0 0 0 0 0 0 0 0 0 0 0 0 0 0 0 0 0 0 0 0 0 0 0 0 0 0 0 0 0 0 0 0 0 0 0 0 0 0 0 0 0 0 0 0 0 0 0 0 0 0 0 0 0 0 0 0 0 0 0 0 0 0 0 0 0 0 0 0 0 0 0 0 0 0 0 0 0 0 0 0 0 0 0 0 0 0 0 0 0 0 0 0 0 0 0 0 0 0 0 0 0 0 0 0 0 0 0 0 0 0 0 0 0 0 0 0 0 0 0 0 0 0 0 0 0 0 0 0 0 0 0 0 0 0 0 0 0 0 0 0 0 0 0 0 0 0 0 0 0 0 0 0 0 0 0 0 0 0 0 0 0 0 0 0 0 0 0 0 0 0 0 0 0 0 0 0 0 0 0 0 0 0 0 0 0 0 0 0 0 0 0 0 0 0 0 0 0 0 0 0 0 0 0 0 0 0 0 0 0 0 0 0 0 0 0 0 0 0 0 0 0 0 0 0 0 0 0 0 0 0 0 0 0 0 0 0 0 0 0 0 0 0 0 0 0 0 0 0 0 0 0 0 0 0 0 0 0 0 0 0 0 0 0 0 0 0 0 0 0 0 0 0 0 0 0 0 0 0 0 0 0 0 0 0 0 0 0 0 0 0 0 0 0 0 0 0 0 0 0 0 0 0 0 0 0 0 0 0 0 0 0 0 0 0 0 0 0 0 0 0 0 0 0 0 0 0 0 0 0 0 0 0 0 0 0 0 0 0 0 0 0 0 0 0 0 0 0 0 0 0 0 0 0 0 0 0 0 0 0 0 0 0 0 0 0 0 0 0 0 0 0 0 0 0 0 0 0 0 0 0 0 0 0 0 0 0 0 0 0 0 0 0 0 0 0 0 0 0 0 0 0 0 0 0 0 0 0 0 0 0 0 0 0 0 0 0 0 0 0 0 0 0 0 0 0 0 0 0 0 0 0 0 0 0 0 0 0 0 0 0 0 0 0 0 0 0 0 0 0 0 0 0 0 0 0 0 0 0 0 0 0 0 0 0 0 0 0 0 0 0 0 0 0 0 0 0 0 0 0 0 0 0 0 0 0 0 0 0 0 0 0 0 0 0 0 0 0 0 0 0 0 0 0 0 0 0 0 0 0 0 0 0 0 0 0 0 0 0 0 0 0 0 0 0 0 0 0 0 0 0 0 0 0 0 0 0 0 0 0 0 0 0 0 0 0 0 0 0 0 0 0 0 0 0 0 0 0 0 0 0 0 0 0 0 0 0 0 0 0 0 0 0 0 0 0 0 0 0 0 0 0 0 0 0 0 0 0 0 0 0 0 0 0 0 0 0 0 0 0 0 0 0 0 0 0 0 0 0 0 0 0 0 0 0 0 0 0 0 0 0 0 0 0 0 0 0 0 0 0 0 0 0 0 0 0 0 0 0 0 0 0 0 0 0 0 0 0 0 0 0 0 0 0 0 0 0 0 0 0 0 0 0 0 0 0 0 0 0 0 0 0 0 0 0 0 0 0 0 0 0 0 0 0 0 0 0 0 0 0 0 0 0 0 0 0 0 0 0 0 0 0 0 0 0 0 0 0 0 0 0 0 0 0 0 0 0 0 0 0 0 0 0 0 0 0 0 0 0 0 0 0 0 0 0 0 0 0 0 0 0 0 0 0 0 0 0 0 0 0 0 0 0 0 0 0 0 0 0 0 0 0 0 0 0 0 0 0 0 0 0 0 0 0 0 0 0 0 0 0 0 0 0 0 0 0 0 0 0 0 0 0 0 0 0 0 0 0 0 0 0 0 0 0 0 0 0 0 0 0 0 0 0 0 0 0 0 0 0 0 0 0 0 0 0 0 0 0 0 0 0 0 0 0 0 0 0 0 0 0 0 0 0 0 0 0 0 0 0 0 0 0 0 0 0 0 0 0 0 0 0 0 0 0 0 0 0 0 0 0 0 0 0 0 0 0 0 0 0 0 0 0 0 0 0 0 0 0 0 0 0 0 0 0 0 0 0 0 0 0 0 0 0 0 0 0 0 0 0 0 0 0 0 0 0 0 0 0 0 0 0 0 0 0 0 0 0 0 0 0 0 0 0 0 0 0 0 0 0 0 0 0 0 0 0 0 0 0 0 0 0 0 0 0 0 0 0 0 0 0 0 0 0 0 0 0 0 0 0 0 0 0 0 0 0 0 0 0 0 0 0 0 0 0 0 0 0 0 0 0 0 0 0 0 0 0 0 0 0 0 0 0 0 0 0 0 0 0 0 0 0 0 0 0 0 0 0 0 0 0 0 0 0 0 0 0 0 0 0 0 0 0 0 0 0 0 0 0 0 0 0 0 0 0 0 0 0 0 0 0 0 0 0 0 0 0 0 0 0 0 0 0 0 0 0 0 0 0 0 0 0 0 0 0 0 0 0 0 0 0 0 0 0 0 0 0 0 0 0 0 0 0 0 0 0 0 0 0 0 0 0 0 0 0 0 0 0 0 0 0 0 0 0 0 0 0 0 0 0 0 0 0 0 0 0 0 0 0 0 0 0 0 0 0 0 0 0 0 0 0 0 0 0 0 0 0 0 0 0 0 0 0 0 0 0 0 0 0 0 0 0 0 0 0 0 0 0 0 0 0 0 0 0 0 0 0 0 0 0 0 0 0 0 0 0 0 0 0 0 0 0 0 0 0 0 0 0 0 0 0 0 0 0 0 0 0 0 0 0 0 0 0 0 0 0 0 0 0 0 0 0 0 0 0 0 0 0 0 0 0 0 0 0 0 0 0 0 0 0 0 0 0 0 0 0 0 0 0 0 0 0 0 0 0 0 0 0 0 0 0 0 0 0 0 0 0 0 0 0 0 0 0 0 0 0 0 0 0 0 0 0 0 0 0 0 0 0 0 0 0 0 0 0 0 0 0 0 0 0 0 0 0 0 0 0 0 0 0 0 0 0 0 0 0 0 0 0 0 0 0 0 0 0 0 0 0 0 0 0 0 0 0 0 0 0 0 0 0 0 0 0 0 0 0 0 0 0 0 0 0 0 0 0 0 0 0 0 0 0 0 0 0 0 0 0 0 0 0 0 0 0 0 0 0 0 0 0 0 0 0 0 0 0 0 0 0 0 0 0 0 0 0 0 0 0 0 0 0 0 0 0 0 0 0 0 0 0 0 0 0 0 0 0 0 0 0 0 0 0 0 0 0 0 0 0 0 0 0 0 0 0 0 0 0 0 0 0 0 0 0 0 0 0 0 0 0 0 0 0 0 0 0 0 0 0 0 0 0 0 0 0 0 0 0 0 0 0 0 0 0 0 0 0 0 0 0 0 0 0 0 0 0 0 0 0 0 0 0 0 0 0 0 0 0 0 0 0 0 0 0 0 0 0 0 0 0 0 0 0 0 0 0 0 0 0 0 0 0 0 0 0 0 0 0 0 0 0 0 0 0 0 0 0 0 0 0 0 0 0 0 0 0 0 0 0 0 0 0 0 0 0 0 0 0 0 0 0 0 0 0 0 0 0 0 0 0 0 0 0 0 0 0 0 0 0 0 0 0 0 0 0 0 0 0 0 0 0 0 0 0 0 0 0 0 0 0 0 0 0 0 0 0 0 0 0 0 0 0 0 0 0 0 0 0 0 0 0 0 0 0 0 0 0 0 0 0 0 0 0 0 0 0 0 0 0 0 0 0 0 0 0 0 0 0 0 0 0 0 0 0 0 0 0 0 0 0 0 0 0 0 0 0 0 0 0 0 0 0 0 0 0 0 0 0 0 0 0 0 0 0 0 0 0 0 0 0 0 0 0 0 0 0 0 0 0 0 0 0 0 0 0 0 0 0 0 0 0 0 0 0 0 0 0 0 0 0 0 0 0 0 0 0 0 0 0 0 0 0 0 0 0 0 0 0 0 0 0 0 0 0 0 0 0 0 0 0 0 0 0 0 0 0 0 0 0 0 0 0 0 0 0 0 0 0 0 0 0 0 0 0 0 0 0 0 0 0 0 0 0 0 0 0 0 0 0 0 0 0 0 0 0 0 0 0 0 0 0 0 0 0 0 0 0 0 0 0 0 0 0 0 0 0 0 0 0 0 0 0 0 0 0 0 0 0 0 0 0 0 0 0 0 0 0 0 0 0 0 0 0 0 0 0 0 0 0 0 0 0 0 0 0 0 0 0 0 0 0 0 0 0 0 0 0 0 0 0 0 0 0 0 0 0 0 0 0 0 0 0 0 0 0 0 0 0 0 0 0 0 0 0 0 0 0 0 0 0 0 0 0 0 0 0 0 0 0 0 0 0 0 0 0 0 0 0 0 0 0 0 0 0 0 0 0 0 0 0 0 0 0 0 0 0 0 0 0 0 0 0 0 0 0 0 0 0 0 0 0 0 0 0 0 0 0 0 0 0 0 0 0 0 0 0 0 0 0 0 0 0 0 0 0 0 0 0 0 0 0 0 0 0 0 0 0 0 0 0 0 0 0 0 0 0 0 0 0 0 0 0 0 0 0 0 0 0 0 0 0 0 0 0 0 0 0 0 0 0 0 0 0 0 0 0 0 0 0 0 0 0 0 0 0 0 0 0 0 0 0 0 0 0 0 0 0 0 0 0 0 0 0 0 0 0 0 0 0 0 0 0 0 0 0 0 0 0 0 0 0 0 0 0 0 0 0 0 0 0 0 0 0 0 0 0 0 0 0 0 0 0 0 0 0 0 0 0 0 0 0 0 0 0 0 0 0 0 0 0 0 0 0 0 0 0 0 0 0 0 0 0 0 0 0 0 0 0 0 0 0 0 0 0 0 0 0 0 0 0 0 0 0 0 0 0 0 0 0 0 0 0 0 0 0 0 0 0 0 0 0 0 0 0 0 0 0 0 0 0 0 0 0 0 0 0 0 0 0 0 0 0 0 0 0 0 0 0 0 0 0 0 0 0 0 0 0 0 0 0 0 0 0 0 0 0 0 0 0 0 0 0 0 0 0 0 0 0 0 0 0 0 0 0 0 0 0 0 0 0 0 0 0 0 0 0 0 0 0 0 0 0 0 0 0 0 0 0 0 0 0 0 0 0 0 0 0 0 0 0 0 0 0 0 0 0 0 0 0 0 0 0 0 0 0 0 0 0 0 0 0 0 0 0 0 0 0 0 0 0 0 0 0 0 0 0 0 0 0 0 0 0 0 0 0 0 0 0 0 0 0 0 0 0 0 0 0 0 0 0 0 0 0 0 0 0 0 0 0 0 0 0 0 0 0 0 0 0 0 0 0 0 0 0 0 0 0 0 0 0 0 0 0 0 0 0 0 0 0 0 0 0 0 0 0 0 0 0 0 0 0 0 0 0 0 0 0 0 0 0 0 0 0 0 0 0 0 0 0 0 0 0 0 0 0 0 0 0 0 0 0 0 0 0 0 0 0 0 0 0 0 0 0 0 0 0 0 0 0 0 0 0 0 0 0 0 0 0 0 0 0 0 0 0 0 0 0 0 0 0 0 0 0 0 0 0 0 0 0 0 0 0 0 0 0 0 0 0 0 0 0 0 0 0 0 0 0 0 0 0 0 0 0 0 0 0 0 0 0 0 0 0 0 0 0 0 0 0 0 0 0 0 0 0 0 0 0 0 0 0 0 0 0 0 0 0 0 0 0 0 0 0 0 0 0 0 0 0 0 0 0 0 0 0 0 0 0 0 0 0 0 0 0 0 0 0 0 0 0 0 0 0 0 0 0 0 0 0 0 0 0 0 0 0 0 0 0 0 0 0 0 0 0 0 0 0 0 0 0 0 0 0 0 0 0 0 0 0 0 0 0 0 0 0 0 0 0 0 0 0 0 0 0 0 0 0 0 0 0 0 0 0 0 0
ctxt 10507088
btime 1613122782
processes 228889
procs_running 1
procs_blocked 0
softirq 169371570 1 101834419 1740 2050193 0 0 246 5257214 0 60227757
