cpu  1637432 7 5315 1937854 134 0 238 0 0 0
cpu0 25606 1 259 29891 0 0 102 0 0 0
cpu1 25501 0 114 30320 9 0 26 0 0 0
cpu2 25540 0 84 30335 1 0 0 0 0 0
cpu3 25559 0 48 30360 0 0 0 0 0 0
cpu4 25525 0 198 30183 0 0 1 0 0 0
cpu5 25554 0 31 30384 0 0 0 0 0 0
cpu6 25792 0 132 30041 0 0 0 0 0 0
cpu7 25554 0 31 30382 0 0 0 0 0 0
cpu8 25525 0 140 30287 0 0 1 0 0 0
cpu9 25190 0 353 30359 0 0 65 0 0 0
cpu10 25590 0 128 30234 0 0 0 0 0 0
cpu11 25555 0 29 30383 0 0 0 0 0 0
cpu12 25574 0 77 30305 0 0 3 0 0 0
cpu13 25551 0 40 30366 8 0 0 0 0 0
cpu14 25588 0 74 30297 0 0 0 0 0 0
cpu15 25555 0 38 30359 17 0 0 0 0 0
cpu16 25673 0 102 30157 0 0 1 0 0 0
cpu17 25547 0 44 30359 2 0 6 0 0 0
cpu18 25674 0 115 30176 0 0 1 0 0 0
cpu19 25556 0 46 30344 14 0 0 0 0 0
cpu20 25674 0 120 30149 0 0 0 0 0 0
cpu21 25553 0 37 30371 0 0 0 0 0 0
cpu22 25598 0 134 30221 0 0 0 0 0 0
cpu23 25554 0 30 30374 3 0 0 0 0 0
cpu24 25648 2 152 30121 3 0 2 0 0 0
cpu25 25554 0 39 30346 21 0 0 0 0 0
cpu26 25628 0 122 30212 0 0 1 0 0 0
cpu27 25550 0 36 30368 4 0 1 0 0 0
cpu28 25643 1 90 30221 0 0 0 0 0 0
cpu29 25553 0 41 30367 0 0 0 0 0 0
cpu30 25580 0 94 30282 2 0 0 0 0 0
cpu31 25553 0 34 30374 0 0 0 0 0 0
cpu32 25571 0 81 30299 4 0 0 0 0 0
cpu33 25518 0 72 30366 0 0 0 0 0 0
cpu34 25546 0 62 30346 0 0 0 0 0 0
cpu35 25554 0 42 30358 2 0 0 0 0 0
cpu36 25551 0 68 30335 0 0 0 0 0 0
cpu37 25536 0 52 30358 3 0 3 0 0 0
cpu38 25718 0 72 30157 0 0 0 0 0 0
cpu39 25554 0 38 30364 0 0 0 0 0 0
cpu40 25544 0 65 30342 0 0 0 0 0 0
cpu41 25518 0 67 30361 1 0 7 0 0 0
cpu42 25545 0 55 30353 0 0 0 0 0 0
cpu43 25558 0 34 30360 2 0 0 0 0 0
cpu44 25559 0 82 30305 0 0 0 0 0 0
cpu45 25555 0 46 30348 0 0 0 0 0 0
cpu46 25622 0 102 30220 0 0 0 0 0 0
cpu47 25554 0 35 30365 0 0 0 0 0 0
cpu48 25610 0 126 30204 0 0 0 0 0 0
cpu49 25557 0 36 30356 1 0 0 0 0 0
cpu50 25650 0 91 30211 0 0 0 0 0 0
cpu51 25556 0 34 30362 0 0 0 0 0 0
cpu52 25676 0 106 30161 0 0 0 0 0 0
cpu53 25554 0 32 30356 0 0 0 0 0 0
cpu54 25610 0 104 30222 0 0 0 0 0 0
cpu55 25552 0 36 30359 0 0 0 0 0 0
cpu56 26137 0 258 29522 7 0 0 0 0 0
cpu57 25556 0 46 30348 0 0 0 0 0 0
cpu58 25630 0 105 30215 0 0 0 0 0 0
cpu59 25551 0 39 30353 0 0 0 0 0 0
cpu60 25712 0 140 30086 6 0 0 0 0 0
cpu61 25555 0 31 30360 0 0 0 0 0 0
cpu62 25649 0 84 30192 4 0 4 0 0 0
cpu63 25555 0 39 30350 0 0 0 0 0 0
intr 5123613 82 0 0 0 625 0 0 0 1 0 262 0 0 0 0 0 0 0 0 0 0 0 0 0 0 0 0 0 0 0 0 0 0 0 0 0 0 0 8 5088 15 0 1 3 13 2 0 1716 2 16 5255 10 459 12 983 10694 498 1 0 1 0 2 0 0 119 1055 49 0 2 0 8 0 0 4 0 5453 6 6 120 3064 523 0 39 0 1 0 0 0 2 0 0 7 1 2 3 22 2 298 484 0 4260 0 0 0 0 0 0 0 0 0 0 0 0 0 0 0 0 0 0 93 30517 0 0 0 0 0 0 0 0 0 0 0 0 0 0 0 0 0 0 0 0 0 0 0 0 0 0 0 0 0 0 0 0 0 0 0 0 0 0 0 0 0 0 0 0 0 0 0 0 0 0 0 0 0 0 0 0 0 0 0 0 0 0 0 0 0 0 0 0 0 0 0 0 0 0 0 17 0 0 0 0 0 0 0 0 0 0 0 0 0 0 0 0 0 0 0 0 0 0 0 0 0 0 0 0 0 0 0 0 0 0 0 0 0 0 0 0 0 0 0 0 0 0 0 0 0 0 0 0 0 0 0 0 0 0 0 0 0 0 0 0 0 0 0 0 0 0 0 0 0 0 0 0 0 0 0 0 0 0 0 0 0 0 0 0 0 0 0 0 0 0 0 0 0 0 0 0 0 0 0 0 0 0 0 0 0 0 0 0 0 0 0 0 0 0 0 0 0 0 0 0 0 0 0 0 0 0 0 0 0 0 0 0 0 0 0 0 0 0 0 0 0 0 0 0 0 0 0 0 0 0 0 0 0 0 0 0 0 0 0 0 0 0 0 0 0 0 0 0 0 0 0 0 0 0 0 0 0 0 0 0 0 0 0 0 0 0 0 0 0 0 0 0 0 0 0 0 0 0 0 0 0 0 0 0 0 0 0 0 0 0 0 0 0 0 0 0 0 0 0 0 0 0 0 0 0 0 0 0 0 0 0 0 0 0 0 0 0 0 0 0 0 0 0 0 0 0 0 0 0 0 0 0 0 0 0 0 0 0 0 0 0 0 0 0 0 0 0 0 0 0 0 0 0 0 0 0 0 0 0 0 0 0 0 0 0 0 0 0 0 0 0 0 0 0 0 0 0 0 0 0 0 0 0 0 0 0 0 0 0 0 0 0 0 0 0 0 0 0 0 0 0 0 0 0 0 0 0 0 0 0 0 0 0 0 0 0 0 0 0 0 0 0 0 0 0 0 0 0 0 0 0 0 0 0 0 0 0 0 0 0 0 0 0 0 0 0 0 0 0 0 0 0 0 0 0 0 0 0 0 0 0 0 0 0 0 0 0 0 0 0 0 0 0 0 0 0 0 0 0 0 0 0 0 0 0 0 0 0 0 0 0 0 0 0 0 0 0 0 0 0 0 0 0 0 0 0 0 0 0 0 0 0 0 0 0 0 0 0 0 0 0 0 0 0 0 0 0 0 0 0 0 0 0 0 0 0 0 0 0 0 0 0 0 0 0 0 0 0 0 0 0 0 0 0 0 0 0 0 0 0 0 0 0 0 0 0 0 0 0 0 0 0 0 0 0 0 0 0 0 0 0 0 0 0 0 0 0 0 0 0 0 0 0 0 0 0 0 0 0 0 0 0 0 0 0 0 0 0 0 0 0 0 0 0 0 0 0 0 0 0 0 0 0 0 0 0 0 0 0 0 0 0 0 0 0 0 0 0 0 0 0 0 0 0 0 0 0 0 0 0 0 0 0 0 0 0 0 0 0 0 0 0 0 0 0 0 0 0 0 0 0 0 0 0 0 0 0 0 0 0 0 0 0 0 0 0 0 0 0 0 0 0 0 0 0 0 0 0 0 0 0 0 0 0 0 0 0 0 0 0 0 0 0 0 0 0 0 0 0 0 0 0 0 0 0 0 0 0 0 0 0 0 0 0 0 0 0 0 0 0 0 0 0 0 0 0 0 0 0 0 0 0 0 0 0 0 0 0 0 0 0 0 0 0 0 0 0 0 0 0 0 0 0 0 0 0 0 0 0 0 0 0 0 0 0 0 0 0 0 0 0 0 0 0 0 0 0 0 0 0 0 0 0 0 0 0 0 0 0 0 0 0 0 0 0 0 0 0 0 0 0 0 0 0 0 0 0 0 0 0 0 0 0 0 0 0 0 0 0 0 0 0 0 0 0 0 0 0 0 0 0 0 0 0 0 0 0 0 0 0 0 0 0 0 0 0 0 0 0 0 0 0 0 0 0 0 0 0 0 0 0 0 0 0 0 0 0 0 0 0 0 0 0 0 0 0 0 0 0 0 0 0 0 0 0 0 0 0 0 0 0 0 0 0 0 0 0 0 0 0 0 0 0 0 0 0 0 0 0 0 0 0 0 0 0 0 0 0 0 0 0 0 0 0 0 0 0 0 0 0 0 0 0 0 0 0 0 0 0 0 0 0 0 0 0 0 0 0 0 0 0 0 0 0 0 0 0 0 0 0 0 0 0 0 0 0 0 0 0 0 0 0 0 0 0 0 0 0 0 0 0 0 0 0 0 0 0 0 0 0 0 0 0 0 0 0 0 0 0 0 0 0 0 0 0 0 0 0 0 0 0 0 0 0 0 0 0 0 0 0 0 0 0 0 0 0 0 0 0 0 0 0 0 0 0 0 0 0 0 0 0 0 0 0 0 0 0 0 0 0 0 0 0 0 0 0 0 0 0 0 0 0 0 0 0 0 0 0 0 0 0 0 0 0 0 0 0 0 0 0 0 0 0 0 0 0 0 0 0 0 0 0 0 0 0 0 0 0 0 0 0 0 0 0 0 0 0 0 0 0 0 0 0 0 0 0 0 0 0 0 0 0 0 0 0 0 0 0 0 0 0 0 0 0 0 0 0 0 0 0 0 0 0 0 0 0 0 0 0 0 0 0 0 0 0 0 0 0 0 0 0 0 0 0 0 0 0 0 0 0 0 0 0 0 0 0 0 0 0 0 0 0 0 0 0 0 0 0 0 0 0 0 0 0 0 0 0 0 0 0 0 0 0 0 0 0 0 0 0 0 0 0 0 0 0 0 0 0 0 0 0 0 0 0 0 0 0 0 0 0 0 0 0 0 0 0 0 0 0 0 0 0 0 0 0 0 0 0 0 0 0 0 0 0 0 0 0 0 0 0 0 0 0 0 0 0 0 0 0 0 0 0 0 0 0 0 0 0 0 0 0 0 0 0 0 0 0 0 0 0 0 0 0 0 0 0 0 0 0 0 0 0 0 0 0 0 0 0 0 0 0 0 0 0 0 0 0 0 0 0 0 0 0 0 0 0 0 0 0 0 0 0 0 0 0 0 0 0 0 0 0 0 0 0 0 0 0 0 0 0 0 0 0 0 0 0 0 0 0 0 0 0 0 0 0 0 0 0 0 0 0 0 0 0 0 0 0 0 0 0 0 0 0 0 0 0 0 0 0 0 0 0 0 0 0 0 0 0 0 0 0 0 0 0 0 0 0 0 0 0 0 0 0 0 0 0 0 0 0 0 0 0 0 0 0 0 0 0 0 0 0 0 0 0 0 0 0 0 0 0 0 0 0 0 0 0 0 0 0 0 0 0 0 0 0 0 0 0 0 0 0 0 0 0 0 0 0 0 0 0 0 0 0 0 0 0 0 0 0 0 0 0 0 0 0 0 0 0 0 0 0 0 0 0 0 0 0 0 0 0 0 0 0 0 0 0 0 0 0 0 0 0 0 0 0 0 0 0 0 0 0 0 0 0 0 0 0 0 0 0 0 0 0 0 0 0 0 0 0 0 0 0 0 0 0 0 0 0 0 0 0 0 0 0 0 0 0 0 0 0 0 0 0 0 0 0 0 0 0 0 0 0 0 0 0 0 0 0 0 0 0 0 0 0 0 0 0 0 0 0 0 0 0 0 0 0 0 0 0 0 0 0 0 0 0 0 0 0 0 0 0 0 0 0 0 0 0 0 0 0 0 0 0 0 0 0 0 0 0 0 0 0 0 0 0 0 0 0 0 0 0 0 0 0 0 0 0 0 0 0 0 0 0 0 0 0 0 0 0 0 0 0 0 0 0 0 0 0 0 0 0 0 0 0 0 0 0 0 0 0 0 0 0 0 0 0 0 0 0 0 0 0 0 0 0 0 0 0 0 0 0 0 0 0 0 0 0 0 0 0 0 0 0 0 0 0 0 0 0 0 0 0 0 0 0 0 0 0 0 0 0 0 0 0 0 0 0 0 0 0 0 0 0 0 0 0 0 0 0 0 0 0 0 0 0 0 0 0 0 0 0 0 0 0 0 0 0 0 0 0 0 0 0 0 0 0 0 0 0 0 0 0 0 0 0 0 0 0 0 0 0 0 0 0 0 0 0 0 0 0 0 0 0 0 0 0 0 0 0 0 0 0 0 0 0 0 0 0 0 0 0 0 0 0 0 0 0 0 0 0 0 0 0 0 0 0 0 0 0 0 0 0 0 0 0 0 0 0 0 0 0 0 0 0 0 0 0 0 0 0 0 0 0 0 0 0 0 0 0 0 0 0 0 0 0 0 0 0 0 0 0 0 0 0 0 0 0 0 0 0 0 0 0 0 0 0 0 0 0 0 0 0 0 0 0 0 0 0 0 0 0 0 0 0 0 0 0 0 0 0 0 0 0 0 0 0 0 0 0 0 0 0 0 0 0 0 0 0 0 0 0 0 0 0 0 0 0 0 0 0 0 0 0 0 0 0 0 0 0 0 0 0 0 0 0 0 0 0 0 0 0 0 0 0 0 0 0 0 0 0 0 0 0 0 0 0 0 0 0 0 0 0 0 0 0 0 0 0 0 0 0 0 0 0 0 0 0 0 0 0 0 0 0 0 0 0 0 0 0 0 0 0 0 0 0 0 0 0 0 0 0 0 0 0 0 0 0 0 0 0 0 0 0 0 0 0 0 0 0 0 0 0 0 0 0 0 0 0 0 0 0 0 0 0 0 0 0 0 0 0 0 0 0 0 0 0 0 0 0 0 0 0 0 0 0 0 0 0 0 0 0 0 0 0 0 0 0 0 0 0 0 0 0 0 0 0 0 0 0 0 0 0 0 0 0 0 0 0 0 0 0 0 0 0 0 0 0 0 0 0 0 0 0 0 0 0 0 0 0 0 0 0 0 0 0 0 0 0 0 0 0 0 0 0 0
ctxt 1147836
btime 1613123985
processes 25261
procs_running 1
procs_blocked 0
softirq 5254787 1 2790321 704 177536 0 0 142 287068 0 1999015
