cpu  86294547 5 100660 27544582 447 0 8008 0 0 0
cpu0 669017 0 6142 214126 3 0 644 0 0 0
cpu1 674398 0 441 215281 0 0 64 0 0 0
cpu2 674703 0 389 215124 17 0 18 0 0 0
cpu3 672903 0 846 216386 3 0 60 0 0 0
cpu4 671592 0 3704 214571 0 0 286 0 0 0
cpu5 674414 0 302 215520 7 0 16 0 0 0
cpu6 674729 0 296 215217 0 0 22 0 0 0
cpu7 674048 0 290 215879 0 0 25 0 0 0
cpu8 671850 0 3135 214862 10 0 361 0 0 0
cpu9 674602 0 168 215483 0 0 3 0 0 0
cpu10 674800 0 138 215315 0 0 2 0 0 0
cpu11 674515 0 226 215487 0 0 14 0 0 0
cpu12 673551 0 2623 213804 1 0 217 0 0 0
cpu13 674662 0 141 215452 0 0 2 0 0 0
cpu14 674547 0 139 215568 1 0 4 0 0 0
cpu15 674306 0 553 215351 0 0 53 0 0 0
cpu16 673649 0 2800 213447 1 0 332 0 0 0
cpu17 674745 0 120 215391 1 0 1 0 0 0
cpu18 674708 0 148 215382 0 0 4 0 0 0
cpu19 674526 0 265 215431 1 0 17 0 0 0
cpu20 675104 0 2706 212147 0 0 236 0 0 0
cpu21 674397 0 188 215444 1 0 179 0 0 0
cpu22 674723 0 168 215358 0 0 5 0 0 0
cpu23 674642 0 168 215435 0 0 4 0 0 0
cpu24 672682 0 2917 214238 0 0 291 0 0 0
cpu25 674678 0 182 215392 0 0 1 0 0 0
cpu26 674808 0 151 215284 0 0 2 0 0 0
cpu27 674466 0 196 215575 0 0 10 0 0 0
cpu28 672662 1 2164 215171 0 0 202 0 0 0
cpu29 674422 0 298 215504 0 0 22 0 0 0
cpu30 674825 0 157 215266 1 0 0 0 0 0
cpu31 674695 0 146 215406 0 0 4 0 0 0
cpu32 672314 0 2786 214861 1 0 235 0 0 0
cpu33 674388 0 228 215620 0 0 8 0 0 0
cpu34 674952 0 184 215107 0 0 6 0 0 0
cpu35 674543 0 275 215400 0 0 30 0 0 0
cpu36 671727 0 3820 214344 4 0 307 0 0 0
cpu37 674522 0 234 215487 1 0 3 0 0 0
cpu38 674972 0 137 215142 1 0 1 0 0 0
cpu39 674515 0 171 215554 0 0 8 0 0 0
cpu40 672426 0 2947 214547 2 0 273 0 0 0
cpu41 674433 0 204 215600 0 0 8 0 0 0
cpu42 674876 0 133 215234 0 0 4 0 0 0
cpu43 674542 0 213 215467 0 0 20 0 0 0
cpu44 671522 0 3613 214752 5 0 306 0 0 0
cpu45 674472 0 184 215580 0 0 7 0 0 0
cpu46 674516 0 154 215560 1 0 4 0 0 0
cpu47 674618 0 172 215439 2 0 6 0 0 0
cpu48 672397 0 2443 215114 0 0 231 0 0 0
cpu49 673883 0 400 215868 1 0 70 0 0 0
cpu50 674966 0 116 215164 1 0 2 0 0 0
cpu51 674690 0 168 215376 1 0 4 0 0 0
cpu52 672725 0 2623 214635 1 0 202 0 0 0
cpu53 674685 0 118 215426 9 0 0 0 0 0
cpu54 674694 0 126 215416 1 0 2 0 0 0
cpu55 674597 0 214 215412 1 0 18 0 0 0
cpu56 672455 0 2436 215112 1 0 193 0 0 0
cpu57 674642 0 164 215443 0 0 4 0 0 0
cpu58 674527 0 348 215325 1 0 36 0 0 0
cpu59 674317 0 518 215359 0 0 40 0 0 0
cpu60 672966 0 2286 214760 1 0 186 0 0 0
cpu61 674418 0 197 215619 0 0 4 0 0 0
cpu62 674446 0 135 215646 0 0 6 0 0 0
cpu63 674048 0 507 215611 0 0 50 0 0 0
cpu64 672767 0 2738 214490 20 0 158 0 0 0
cpu65 673980 0 513 215656 5 0 71 0 0 0
cpu66 674068 0 206 215921 1 0 5 0 0 0
cpu67 674130 0 611 215433 2 0 52 0 0 0
cpu68 673292 2 2002 214762 24 0 114 0 0 0
cpu69 674676 0 151 215403 0 0 2 0 0 0
cpu70 674731 0 153 215348 0 0 5 0 0 0
cpu71 674097 0 450 215630 1 0 52 0 0 0
cpu72 674437 0 1892 213382 165 0 306 0 0 0
cpu73 674554 0 189 215481 1 0 10 0 0 0
cpu74 674826 0 137 215274 0 0 0 0 0 0
cpu75 674494 0 178 215538 4 0 3 0 0 0
cpu76 675635 0 1666 212809 1 0 95 0 0 0
cpu77 674744 0 120 215375 0 0 2 0 0 0
cpu78 674770 0 116 215351 0 0 0 0 0 0
cpu79 674206 0 548 215416 1 0 55 0 0 0
cpu80 673784 0 1614 214646 8 0 118 0 0 0
cpu81 674598 0 151 215485 2 0 4 0 0 0
cpu82 674912 0 114 215204 0 0 2 0 0 0
cpu83 674668 0 180 215375 0 0 6 0 0 0
cpu84 673274 0 1609 215191 1 0 113 0 0 0
cpu85 674490 0 130 215606 0 0 1 0 0 0
cpu86 674653 0 109 215464 0 0 2 0 0 0
cpu87 674506 0 201 215495 0 0 13 0 0 0
cpu88 673568 0 1535 214988 0 0 102 0 0 0
cpu89 674262 0 182 215769 1 0 10 0 0 0
cpu90 674843 0 148 215235 0 0 0 0 0 0
cpu91 674718 0 146 215360 0 0 5 0 0 0
cpu92 674095 0 1500 214516 0 0 98 0 0 0
cpu93 674740 0 152 215324 4 0 1 0 0 0
cpu94 674963 0 141 215117 0 0 2 0 0 0
cpu95 674680 0 144 215391 3 0 4 0 0 0
cpu96 673796 0 1680 214646 1 0 89 0 0 0
cpu97 674557 0 201 215453 0 0 3 0 0 0
cpu98 674728 0 133 215359 0 0 2 0 0 0
cpu99 674450 0 260 215476 3 0 28 0 0 0
cpu100 672924 0 2322 214781 1 0 160 0 0 0
cpu101 674616 0 155 215456 0 0 1 0 0 0
cpu102 674780 0 126 215315 2 0 1 0 0 0
cpu103 674714 0 147 215353 0 0 3 0 0 0
cpu104 671904 0 3474 214492 0 0 284 0 0 0
cpu105 674511 0 146 215556 0 0 0 0 0 0
cpu106 674466 0 144 215606 2 0 0 0 0 0
cpu107 674610 0 238 215344 0 0 25 0 0 0
cpu108 673279 0 1810 214956 35 0 102 0 0 0
cpu109 674431 0 179 215589 0 0 6 0 0 0
cpu110 674928 0 148 215122 11 0 2 0 0 0
cpu111 674581 0 137 215497 0 0 4 0 0 0
cpu112 673703 0 1466 214936 4 0 88 0 0 0
cpu113 674405 0 227 215524 1 0 10 0 0 0
cpu114 674848 0 110 215258 1 0 0 0 0 0
cpu115 674664 0 147 215388 0 0 4 0 0 0
cpu116 673945 0 1534 214606 2 0 104 0 0 0
cpu117 674640 0 206 215357 0 0 2 0 0 0
cpu118 675020 0 101 215098 0 0 0 0 0 0
cpu119 674496 0 209 215494 0 0 8 0 0 0
cpu120 673455 0 1747 214905 4 0 85 0 0 0
cpu121 674706 0 152 215356 0 0 6 0 0 0
cpu122 674674 0 178 215351 0 0 1 0 0 0
cpu123 674009 0 635 215484 0 0 79 0 0 0
cpu124 674117 0 1487 214512 3 0 65 0 0 0
cpu125 674690 0 220 215269 0 0 2 0 0 0
cpu126 674993 0 171 215046 1 0 0 0 0 0
cpu127 674537 0 437 215225 0 0 8 0 0 0
intr 236970667 133 0 0 0 680 0 0 0 1 0 272 0 0 0 0 0 0 0 0 0 0 0 0 0 0 0 0 0 0 0 0 0 0 0 0 260 0 1781 1571 1713 25526 5076 526 732 3744 1538 883 343 5516 1503 678 954 22017 704 177 553 6289 1237 77893 161 2894 2329 689 254 4271 1414 812 314 2720 1220 568 803 6011 2613 342 435 2100 1279 671 540 5164 1147 569 928 4517 1111 17817 382 2379 1916 89 422 7389 1249 546 2019 6143 1522 933 208 11250 8751 691 1244 15965 5740 453 1016 4515 28231 935 438 2517 1066 441 462 15350 4297 101 496 4235 412 439 251 6135 400 279 724 2515 824 426 347 2769 2579 599 439 5282 2051 155 367 2090 1766 401 323 2008 806 613 816 3556 494 1097 48 1233 1139 470 283 0 0 0 0 0 0 0 0 0 0 2032 1132 14002 215 524 733 231 120 191 1833 235 376 149 193 98 130 164 68 151 3209 324 135 169 189 263 3948 82 7 20 2 481 394 4 49 0 0 0 0 0 0 0 0 0 0 0 0 0 0 0 0 57 13 448 177 200 0 0 2 3 4 32 18 0 4 49 51 160 29 9 13 53 20 53 3 6 11 5 1 95 8 4 67 4 285 4 4 2 16 483 750 260 70 43 24 30 65 24 6 4 22 9 9 38 277 47 2 11 1 3 12 265 41 161 0 0 0 0 0 0 0 0 0 0 0 0 0 0 0 0 0 0 0 0 0 0 0 0 0 0 0 0 0 0 0 0 0 0 0 0 0 0 0 0 0 0 0 0 0 0 0 0 0 0 0 0 0 0 0 0 0 0 0 0 0 0 0 0 0 0 0 0 0 0 0 0 0 0 0 0 0 0 0 0 0 0 0 0 0 0 0 0 0 0 0 0 0 0 0 0 0 0 0 0 0 0 0 0 0 0 0 0 0 0 0 0 0 0 0 0 0 0 0 0 0 0 0 0 0 0 0 0 0 0 0 0 0 0 0 0 0 0 0 0 0 0 0 0 0 0 0 0 0 0 0 0 0 0 0 0 0 0 0 0 0 0 0 0 0 0 0 0 0 0 0 0 0 0 0 0 0 0 0 0 0 0 0 0 0 0 0 0 0 0 0 0 0 0 0 0 0 0 0 0 0 0 0 0 0 0 0 0 0 0 0 0 0 0 0 0 0 0 0 0 0 0 0 0 0 0 0 0 0 0 0 0 0 0 0 0 0 0 0 0 0 0 0 0 0 0 0 0 0 0 0 0 0 0 0 0 0 0 0 0 0 0 0 0 0 0 0 0 0 0 0 0 0 0 0 0 0 0 0 0 0 0 0 0 0 0 0 0 0 0 0 0 0 0 0 0 0 0 0 0 0 0 0 0 0 0 0 0 0 0 0 0 0 0 0 0 0 0 0 0 0 0 0 0 0 0 0 0 0 0 0 0 0 0 0 0 0 0 0 0 0 0 0 0 0 0 0 0 0 0 0 0 0 0 0 0 0 0 0 0 0 0 0 0 0 0 0 0 0 0 0 0 0 0 0 0 0 0 0 0 0 0 0 0 0 0 0 0 0 0 0 0 0 0 0 0 0 0 0 0 0 0 0 0 0 0 0 0 0 0 0 0 0 0 0 0 0 0 0 0 0 0 0 0 0 0 0 0 0 0 0 0 0 0 0 0 0 0 0 0 0 48 0 0 0 0 0 0 0 3 0 0 0 0 0 0 0 0 0 0 0 0 0 0 0 0 0 0 0 0 0 0 0 0 0 0 0 0 0 0 0 0 0 0 0 0 0 0 0 0 0 0 0 0 0 0 0 0 0 0 0 0 0 0 0 0 0 0 48 0 0 0 0 0 0 0 0 23 0 0 0 0 0 0 0 0 0 0 0 0 0 0 0 0 0 0 0 0 0 0 0 0 0 0 0 0 0 0 0 0 0 0 0 0 0 0 0 0 0 0 0 0 0 0 0 0 0 0 0 0 0 0 0 0 0 0 0 0 0 0 0 0 0 0 0 0 0 0 0 0 0 0 0 0 0 0 0 0 0 0 0 0 0 0 0 0 0 0 0 0 0 0 0 0 0 0 0 0 0 0 0 0 0 0 0 0 0 0 0 0 0 0 0 0 0 0 0 0 0 0 0 0 0 0 0 0 0 0 0 0 0 0 0 0 0 0 0 0 0 0 0 0 0 0 0 0 0 0 0 0 0 0 0 0 0 0 0 0 0 0 0 0 0 0 0 0 0 0 0 0 0 0 0 0 0 0 0 0 0 0 0 0 0 0 0 0 0 0 0 0 0 0 0 0 0 0 0 0 0 0 0 0 0 0 0 0 0 0 0 0 0 0 0 0 0 0 0 0 0 0 0 0 0 0 0 0 0 0 0 0 0 0 0 0 0 0 0 0 0 0 0 0 0 0 0 0 0 0 0 0 0 0 0 0 0 0 0 0 0 0 0 0 0 0 0 0 0 0 0 0 0 0 0 0 0 0 0 0 0 0 0 0 0 0 0 0 0 0 0 0 0 0 0 0 0 0 0 0 0 0 0 0 0 0 0 0 0 0 0 0 0 0 0 0 0 0 0 0 0 0 0 0 0 0 0 0 0 0 0 0 0 0 0 0 0 0 0 0 0 0 0 0 0 0 0 0 0 0 0 0 0 0 0 0 0 0 0 0 0 0 0 0 0 0 0 0 0 0 0 0 0 0 0 0 0 0 0 0 0 0 0 0 0 0 0 0 0 0 0 0 0 0 0 0 0 0 0 0 0 0 0 0 0 0 0 0 0 0 0 0 0 0 0 0 0 0 0 0 0 0 0 0 0 0 0 0 0 0 0 0 0 0 0 0 0 0 0 0 0 0 0 0 0 0 0 0 0 0 0 0 0 0 0 0 0 0 0 0 0 0 0 0 0 0 0 0 0 0 0 0 0 0 0 0 0 0 0 0 0 0 0 0 0 0 0 0 0 0 0 0 0 0 0 0 0 0 0 0 0 0 0 0 0 0 0 0 0 0 0 0 0 0 0 0 0 0 0 0 0 0 0 0 0 0 0 0 0 0 0 0 0 0 0 0 0 0 0 0 0 0 0 0 0 0 0 0 0 0 0 0 0 0 0 0 0 0 0 0 0 0 0 0 0 0 0 0 0 0 0 0 0 0 0 0 0 0 0 0 0 0 0 0 0 0 0 0 0 0 0 0 0 0 0 0 0 0 0 0 0 0 0 0 0 0 0 0 0 0 0 0 0 0 0 0 0 0 0 0 0 0 0 0 0 0 0 0 0 0 0 0 0 0 0 0 0 0 0 0 0 0 0 0 0 0 0 0 0 0 0 0 0 0 0 0 0 0 0 0 0 0 0 0 0 0 0 0 0 0 0 0 0 0 0 0 0 0 0 0 0 0 0 0 0 0 0 0 0 0 0 0 0 0 0 0 0 0 0 0 0 0 0 0 0 0 0 0 0 0 0 0 0 0 0 0 0 0 0 0 0 0 0 0 0 0 0 0 0 0 0 0 0 0 0 0 0 0 0 0 0 0 0 0 0 0 0 0 0 0 0 0 0 0 0 0 0 0 0 0 0 0 0 0 0 0 0 0 0 0 0 0 0 0 0 0 0 0 0 0 0 0 0 0 0 0 0 0 0 0 0 0 0 0 0 0 0 0 0 0 0 0 0 0 0 0 0 0 0 0 0 0 0 0 0 0 0 0 0 0 0 0 0 0 0 0 0 0 0 0 0 0 0 0 0 0 0 0 0 0 0 0 0 0 0 0 0 0 0 0 0 0 0 0 0 0 0 0 0 0 0 0 0 0 0 0 0 0 0 0 0 0 0 0 0 0 0 0 0 0 0 0 0 0 0 0 0 0 0 0 0 0 0 0 0 0 0 0 0 0 0 0 0 0 0 0 0 0 0 0 0 0 0 0 0 0 0 0 0 0 0 0 0 0 0 0 0 0 0 0 0 0 0 0 0 0 0 0 0 0 0 0 0 0 0 0 0 0 0 0 0 0 0 0 0 0 0 0 0 0 0 0 0 0 0 0 0 0 0 0 0 0 0 0 0 0 0 0 0 0 0 0 0 0 0 0 0 0 0 0 0 0 0 0 0 0 0 0 0 0 0 0 0 0 0 0 0 0 0 0 0 0 0 0 0 0 0 0 0 0 0 0 0 0 0 0 0 0 0 0 0 0 0 0 0 0 0 0 0 0 0 0 0 0 0 0 0 0 0 0 0 0 0 0 0 0 0 0 0 0 0 0 0 0 0 0 0 0 0 0 0 0 0 0 0 0 0 0 0 0 0 0 0 0 0 0 0 0 0 0 0 0 0 0 0 0 0 0 0 0 0 0 0 0 0 0 0 0 0 0 0 0 0 0 0 0 0 0 0 0 0 0 0 0 0 0 0 0 0 0 0 0 0 0 0 0 0 0 0 0 0 0 0 0 0 0 0 0 0 0 0 0 0 0 0 0 0 0 0 0 0 0 0 0 0 0 0 0 0 0 0 0 0 0 0 0 0 0 0 0 0 0 0 0 0 0 0 0 0 0 0 0 0 0 0 0 0 0 0 0 0 0 0 0 0 0 0 0 0 0 0 0 0 0 0 0 0 0 0 0 0 0 0 0 0 0 0 0 0 0 0 0 0 0 0 0 0 0 0 0 0 0 0 0 0 0 0 0 0 0 0 0 0 0 0 0 0 0 0 0 0 0 0 0 0 0 0 0 0 0 0 0 0 0 0 0 0 0 0 0 0 0 0 0 0 0 0 0 0 0 0 0 0 0 0 0 0 0 0 0 0 0 0 0 0 0 0 0 0 0 0 0 0 0 0 0 0 0 0 0 0 0 0 0 0 0 0 0 0 0 0 0 0 0 0 0 0 0 0 0 0 0 0 0 0 0 0 0 0 0 0 0 0 0 0 0 0 0 0 0 0 0 0 0 0 0 0 0 0 0 0 0 0 0 0 0 0 0 0 0 0 0 0 0 0 0 0 0 0 0 0 0 0 0 0 0 0 0 0 0 0 0 0 0 0 0 0 0 0 0 0 0 0 0 0 0 0 0 0 0 0 0 0 0 0 0 0 0 0 0 0 0 0 0 0 0 0 0 0 0 0 0 0 0 0 0 0 0 0 0 0 0 0 0 0 0 0 0 0 0 0 0 0 0 0 0 0 0 0 0 0 0 0 0 0 0 0 0 0 0 0 0 0 0 0 0 0 0 0 0 0 0 0 0 0 0 0 0 0 0 0 0 0 0 0 0 0 0 0 0 0 0 0 0 0 0 0 0 0 0 0 0 0 0 0 0 0 0 0 0 0 0 0 0 0 0 0 0 0 0 0 0 0 0 0 0 0 0 0 0 0 0 0 0 0 0 0 0 0 0 0 0 0 0 0 0 0 0 0 0 0 0 0 0 0 0 0 0 0 0 0 0 0 0 0 0 0 0 0 0 0 0 0 0 0 0 0 0 0 0 0 0 0 0 0 0 0 0 0 0 0 0 0 0 0 0 0 0 0 0 0 0 0 0 0 0 0 0 0 0 0 0 0 0 0 0 0 0 0 0 0 0 0 0 0 0 0 0 0 0 0 0 0 0 0 0 0 0 0 0 0 0 0 0 0 0 0 0 0 0 0 0 0 0 0 0 0 0 0 0 0 0 0 0 0 0 0 0 0 0 0 0 0 0 0 0 0 0 0 0 0 0 0 0 0 0 0 0 0 0 0 0 0 0 0 0 0 0 0 0 0 0 0 0 0 0 0 0 0 0 0 0 0 0 0 0 0 0 0 0 0 0 0 0 0 0 0 0 0 0 0 0 0 0 0 0 0 0 0 0 0 0 0 0 0 0 0 0 0 0 0 0 0 0 0 0 0 0 0 0 0 0 0 0 0 0 0 0 0 0 0 0 0 0 0 0 0 0 0 0 0 0 0 0 0 0 0 0 0 0 0 0 0 0 0 0 0 0 0 0 0 0 0 0 0 0 0 0 0 0 0 0 0 0 0 0 0 0 0 0 0 0 0 0 0 0 0 0 0 0 0 0 0 0 0 0 0 0 0 0 0 0 0 0 0 0 0 0 0 0 0 0 0 0 0 0 0 0 0 0 0 0 0 0 0 0 0 0 0 0 0 0 0 0 0 0 0 0 0 0 0 0 0 0 0 0 0 0 0 0 0 0 0 0 0 0 0 0 0 0 0 0 0 0 0 0 0 0 0 0 0 0 0 0 0 0 0 0 0 0 0 0 0 0 0 0 0 0 0 0 0 0 0 0 0 0 0 0 0 0 0 0 0 0 0 0 0 0 0 0 0 0 0 0 0 0 0 0 0 0 0 0 0 0 0 0 0 0 0 0 0 0 0 0 0 0 0 0 0 0 0 0 0 0 0 0 0 0 0 0 0 0 0 0 0 0 0 0 0 0 0 0 0 0 0 0 0 0 0 0 0 0 0 0 0 0 0 0 0 0 0 0 0 0 0 0 0 0 0 0 0 0 0 0 0 0 0 0 0 0 0 0 0 0 0 0 0 0 0 0 0 0 0 0 0 0 0 0 0 0 0 0 0 0 0 0 0 0 0 0 0 0 0 0 0 0 0 0 0 0 0 0 0 0 0 0 0 0 0 0 0 0 0 0 0 0 0 0 0 0 0 0 0 0 0 0 0 0 0 0 0 0 0 0 0 0 0 0 0 0 0 0 0 0 0 0 0 0 0 0 0 0 0 0 0 0 0 0 0 0 0 0 0 0 0 0 0 0 0 0 0 0 0 0 0 0 0 0 0 0 0 0 0 0 0 0 0 0 0 0 0 0 0 0 0 0 0 0 0 0 0 0 0 0 0 0 0 0 0 0 0 0 0 0 0 0 0 0 0 0 0 0 0 0 0 0 0 0 0 0 0 0 0 0 0 0 0 0 0 0 0 0 0 0 0 0 0 0 0 0 0 0 0 0 0 0 0 0 0 0 0 0 0 0 0 0 0 0 0 0 0 0 0 0 0 0 0 0 0 0 0 0 0 0 0 0 0 0 0 0 0 0 0 0 0 0 0 0 0 0 0 0 0 0 0 0 0 0 0 0 0 0 0 0 0 0 0 0 0 0 0 0 0 0 0 0 0 0 0 0 0 0 0 0 0 0 0 0 0 0 0 0 0 0 0 0 0 0 0 0 0 0 0 0 0 0 0 0 0 0 0 0 0 0 0 0 0 0 0 0 0 0 0 0 0 0 0 0 0 0 0 0 0 0 0 0 0 0 0 0 0 0 0 0 0 0 0 0 0 0 0 0 0 0 0 0 0 0 0 0 0 0 0 0 0 0 0 0 0 0 0 0 0 0 0 0 0 0 0 0 0 0 0 0 0 0 0 0 0 0 0 0 0 0 0 0 0 0 0 0 0 0 0 0 0 0 0 0 0 0 0 0 0 0 0 0 0 0 0 0 0 0 0 0 0 0 0 0 0 0 0 0 0 0 0 0 0 0 0 0 0 0 0 0 0 0 0 0 0 0 0 0 0 0 0 0 0 0 0 0 0 0 0 0 0 0 0 0 0 0 0 0 0 0 0 0 0 0 0 0 0 0 0 0 0 0 0 0 0 0 0 0 0 0 0 0 0 0 0 0 0 0 0 0 0 0 0 0 0 0 0 0 0 0 0 0 0 0 0 0 0 0 0 0 0 0 0 0 0 0 0 0 0 0 0 0 0 0 0 0 0 0 0 0 0 0 0 0 0 0 0 0 0 0 0 0 0 0 0 0 0 0 0 0 0 0 0 0 0 0 0 0 0 0 0 0 0 0 0 0 0 0 0 0 0 0 0 0 0 0 0 0 0 0 0 0 0 0 0 0 0 0 0 0 0 0 0 0 0 0 0 0 0 0 0 0 0 0 0 0 0 0 0 0 0 0 0 0 0 0 0 0 0 0 0 0 0 0 0 0 0 0 0 0 0 0 0 0 0 0 0 0 0 0 0 0 0 0 0 0 0 0 0 0 0 0 0 0 0 0 0 0 0 0 0 0 0 0 0 0 0 0 0 0 0 0 0 0 0 0 0 0 0 0 0 0 0 0 0 0 0 0 0 0 0 0 0 0 0 0 0 0 0 0 0 0 0 0 0 0 0 0 0 0 0 0 0 0 0 0 0 0 0 0 0 0 0 0 0 0 0 0 0 0 0 0 0 0 0 0 0 0 0 0 0 0 0 0 0 0 0 0 0 0 0 0 0 0 0 0 0 0 0 0 0 0 0 0 0 0 0 0 0 0 0 0 0 0 0 0 0 0 0 0 0 0 0 0 0 0 0 0 0 0 0 0 0 0 0 0 0 0 0 0 0 0 0 0 0 0 0 0 0 0 0 0 0 0 0 0 0 0 0 0 0 0 0 0 0 0 0 0 0 0 0 0 0 0 0 0 0 0 0 0 0 0 0 0 0 0 0 0 0 0 0 0 0 0 0 0 0 0 0 0 0 0 0 0 0 0 0 0 0 0 0 0 0 0 0 0 0 0 0 0 0 0 0 0 0 0 0 0 0 0 0 0 0 0 0 0 0 0 0 0 0 0 0 0 0 0 0 0 0 0 0 0 0 0 0 0 0 0 0 0 0 0 0 0 0 0 0 0 0 0 0 0 0 0 0 0 0 0 0 0 0 0 0 0 0 0 0 0 0 0 0 0 0 0 0 0 0 0 0 0 0 0 0 0 0 0 0 0 0 0 0 0 0 0 0 0 0 0 0 0 0 0 0 0 0 0 0 0 0 0 0 0 0 0 0 0 0 0 0 0 0 0 0 0 0 0 0 0 0 0 0 0 0 0 0 0 0 0 0 0 0 0 0 0 0 0 0 0 0 0 0 0 0 0 0 0 0 0 0 0 0 0 0 0 0 0 0 0 0 0 0 0 0 0 0 0 0 0 0 0 0 0 0 0 0 0 0 0 0 0 0 0 0 0 0 0 0 0 0 0 0 0 0 0 0 0 0 0 0 0 0 0 0 0 0 0 0 0 0 0 0 0 0 0 0 0 0 0 0 0 0 0 0 0 0 0 0 0 0 0 0 0 0 0 0 0 0 0 0 0 0 0 0 0 0 0 0 0 0 0 0 0 0 0 0 0 0 0 0 0 0 0 0 0 0 0 0 0 0 0 0 0 0 0 0 0 0 0 0 0 0 0 0 0 0 0 0 0 0 0 0 0 0 0 0 0 0 0 0 0 0 0 0 0 0 0 0 0 0 0 0 0 0 0 0 0 0 0 0 0 0 0 0 0 0 0 0 0 0 0 0 0 0 0 0 0 0 0 0 0 0 0 0 0 0 0 0 0 0 0 0 0 0 0 0 0 0 0 0 0 0 0 0 0 0 0 0 0 0 0 0 0 0 0 0 0 0 0 0 0 0 0 0 0 0 0 0 0 0 0 0 0 0 0 0 0 0 0 0 0 0 0 0 0 0 0 0 0 0 0 0 0 0 0 0 0 0 0 0 0 0 0 0 0 0 0 0 0 0 0 0 0 0 0 0 0 0 0 0 0 0 0 0 0 0 0 0 0 0 0 0 0 0 0 0 0 0 0 0 0 0 0 0 0 0 0 0 0 0 0 0 0 0 0 0 0 0 0 0 0 0 0 0 0 0 0 0 0 0 0 0 0 0 0 0 0 0 0 0 0 0 0 0 0 0 0 0 0 0 0 0 0 0 0 0 0 0 0 0 0 0 0 0 0 0 0 0 0 0 0 0 0 0 0 0 0 0 0 0 0 0 0 0 0 0 0 0 0 0 0 0 0 0 0 0 0 0 0 0 0 0 0 0 0 0 0 0 0 0 0 0 0 0 0 0 0 0 0 0 0 0 0 0 0 0 0 0 0 0 0 0 0 0 0 0 0 0 0 0 0 0 0 0 0 0 0 0 0 0 0 0 0 0 0 0 0 0 0 0 0 0 0 0 0 0 0 0 0 0 0 0 0 0 0 0 0 0 0 0 0 0 0 0 0 0 0 0 0 0 0 0 0 0 0 0 0 0 0 0 0 0 0 0 0 0 0 0 0 0 0 0 0 0 0 0 0 0 0 0 0 0 0 0 0 0 0 0 0 0
ctxt 12519723
btime 1613064757
processes 245880
procs_running 1
procs_blocked 0
softirq 249232056 1 162586086 2587 2198013 0 0 886 7909578 0 76534905
