cpu  26484598 5 34463 8648965 129 0 2429 0 0 0
cpu0 413434 0 1003 134768 0 0 371 0 0 0
cpu1 413707 0 504 135281 2 0 109 0 0 0
cpu2 413270 0 1006 135228 0 0 50 0 0 0
cpu3 413470 0 574 135457 7 0 50 0 0 0
cpu4 413245 0 979 135198 0 0 45 0 0 0
cpu5 413848 0 294 135400 0 0 22 0 0 0
cpu6 413847 0 637 135039 0 0 34 0 0 0
cpu7 412435 0 1439 135435 0 0 238 0 0 0
cpu8 413624 0 899 134994 0 0 29 0 0 0
cpu9 413813 0 291 135427 0 0 23 0 0 0
cpu10 413730 0 723 135069 0 0 24 0 0 0
cpu11 414063 0 174 135312 0 0 8 0 0 0
cpu12 413574 0 694 135259 0 0 25 0 0 0
cpu13 413990 0 164 135402 0 0 4 0 0 0
cpu14 414473 0 999 134054 2 0 20 0 0 0
cpu15 413572 0 524 135388 0 0 74 0 0 0
cpu16 413099 0 1287 135130 3 0 25 0 0 0
cpu17 413642 0 481 135379 0 0 47 0 0 0
cpu18 413748 0 950 134818 4 0 34 0 0 0
cpu19 413968 0 184 135392 0 0 14 0 0 0
cpu20 413442 0 1230 134735 59 0 38 0 0 0
cpu21 413994 0 182 135376 0 0 7 0 0 0
cpu22 413022 0 1192 135299 1 0 34 0 0 0
cpu23 413850 0 284 135382 0 0 37 0 0 0
cpu24 413310 1 970 135249 0 0 24 0 0 0
cpu25 414059 0 115 135378 0 0 2 0 0 0
cpu26 413320 0 900 135300 0 0 26 0 0 0
cpu27 414431 0 229 134888 0 0 7 0 0 0
cpu28 413941 0 544 135050 0 0 16 0 0 0
cpu29 413939 0 194 135409 0 0 8 0 0 0
cpu30 413558 0 783 135163 1 0 40 0 0 0
cpu31 413853 0 291 135374 1 0 30 0 0 0
cpu32 413860 0 732 134929 0 0 15 0 0 0
cpu33 413708 0 389 135396 0 0 23 0 0 0
cpu34 413676 0 546 135286 0 0 19 0 0 0
cpu35 413510 0 523 135460 0 0 44 0 0 0
cpu36 413746 0 494 135256 0 0 16 0 0 0
cpu37 413923 0 218 135390 0 0 18 0 0 0
cpu38 413805 0 722 134998 2 0 21 0 0 0
cpu39 412734 0 1168 135405 0 0 230 0 0 0
cpu40 413731 0 804 134994 0 0 16 0 0 0
cpu41 413630 0 474 135364 1 0 79 0 0 0
cpu42 416548 0 804 132143 14 0 5 0 0 0
cpu43 414026 0 121 135386 1 0 4 0 0 0
cpu44 414660 0 388 134493 0 0 6 0 0 0
cpu45 413989 0 168 135378 1 0 8 0 0 0
cpu46 415392 0 617 133494 2 0 6 0 0 0
cpu47 413978 0 174 135381 1 0 10 0 0 0
cpu48 413568 0 719 135162 0 0 82 0 0 0
cpu49 413942 0 204 135389 0 0 12 0 0 0
cpu50 413940 1 578 134874 0 0 120 0 0 0
cpu51 414036 0 122 135381 0 0 2 0 0 0
cpu52 413985 0 343 135197 0 0 12 0 0 0
cpu53 414052 0 121 135355 0 0 4 0 0 0
cpu54 413904 0 405 135214 0 0 14 0 0 0
cpu55 414004 0 151 135376 0 0 12 0 0 0
cpu56 413716 0 508 135307 0 0 13 0 0 0
cpu57 414066 0 87 135389 0 0 2 0 0 0
cpu58 413720 0 456 135348 3 0 14 0 0 0
cpu59 413996 0 150 135388 0 0 6 0 0 0
cpu60 413959 0 308 135258 0 0 8 0 0 0
cpu61 413848 0 288 135372 0 0 32 0 0 0
cpu62 413768 0 519 134932 0 0 16 0 0 0
cpu63 413884 0 415 135211 0 0 28 0 0 0
intr 76316766 83 0 0 0 622 0 0 0 1 0 285 0 0 0 0 0 0 0 0 0 0 0 0 0 0 0 0 0 0 0 0 0 0 0 0 0 0 0 1975 17387 1106 14419 2161 5367 358 37965 854 3899 600 4533 300 1230 715 18826 2700 6408 2138 2258 21871 2206 4823 1818 1404 793 870 2125 510 2801 1058 4537 1239 6350 1077 19102 750 2688 2963 9219 1649 9550 761 346 350 3130 289 3523 1148 6871 67690 2022 1470 2276 769 3571 523 969 1199 1039 888 3369 626 8278 0 0 0 0 0 0 0 0 0 0 0 0 0 0 0 0 0 32450 93 0 0 0 0 0 0 0 0 0 0 0 0 0 0 0 0 0 0 0 0 0 0 0 0 0 0 0 0 0 0 0 0 0 0 0 0 0 0 0 0 0 0 0 0 0 0 0 0 0 0 0 0 0 0 0 0 0 0 0 0 0 0 0 0 0 0 0 0 0 0 0 0 0 0 0 25 0 0 0 0 0 0 0 0 0 0 0 0 0 0 0 0 0 0 0 0 0 0 0 0 0 0 0 0 0 0 0 0 0 0 0 0 0 0 0 0 0 0 0 0 0 0 0 0 0 0 0 0 0 0 0 0 0 0 0 0 0 0 0 0 0 0 0 0 0 0 0 0 0 0 0 0 0 0 0 0 0 0 0 0 0 0 0 0 0 0 0 0 0 0 0 0 0 0 0 0 0 0 0 0 0 0 0 0 0 0 0 0 0 0 0 0 0 0 0 0 0 0 0 0 0 0 0 0 0 0 0 0 0 0 0 0 0 0 0 0 0 0 0 0 0 0 0 0 0 0 0 0 0 0 0 0 0 0 0 0 0 0 0 0 0 0 0 0 0 0 0 0 0 0 0 0 0 0 0 0 0 0 0 0 0 0 0 0 0 0 0 0 0 0 0 0 0 0 0 0 0 0 0 0 0 0 0 0 0 0 0 0 0 0 0 0 0 0 0 0 0 0 0 0 0 0 0 0 0 0 0 0 0 0 0 0 0 0 0 0 0 0 0 0 0 0 0 0 0 0 0 0 0 0 0 0 0 0 0 0 0 0 0 0 0 0 0 0 0 0 0 0 0 0 0 0 0 0 0 0 0 0 0 0 0 0 0 0 0 0 0 0 0 0 0 0 0 0 0 0 0 0 0 0 0 0 0 0 0 0 0 0 0 0 0 0 0 0 0 0 0 0 0 0 0 0 0 0 0 0 0 0 0 0 0 0 0 0 0 0 0 0 0 0 0 0 0 0 0 0 0 0 0 0 0 0 0 0 0 0 0 0 0 0 0 0 0 0 0 0 0 0 0 0 0 0 0 0 0 0 0 0 0 0 0 0 0 0 0 0 0 0 0 0 0 0 0 0 0 0 0 0 0 0 0 0 0 0 0 0 0 0 0 0 0 0 0 0 0 0 0 0 0 0 0 0 0 0 0 0 0 0 0 0 0 0 0 0 0 0 0 0 0 0 0 0 0 0 0 0 0 0 0 0 0 0 0 0 0 0 0 0 0 0 0 0 0 0 0 0 0 0 0 0 0 0 0 0 0 0 0 0 0 0 0 0 0 0 0 0 0 0 0 0 0 0 0 0 0 0 0 0 0 0 0 0 0 0 0 0 0 0 0 0 0 0 0 0 0 0 0 0 0 0 0 0 0 0 0 0 0 0 0 0 0 0 0 0 0 0 0 0 0 0 0 0 0 0 0 0 0 0 0 0 0 0 0 0 0 0 0 0 0 0 0 0 0 0 0 0 0 0 0 0 0 0 0 0 0 0 0 0 0 0 0 0 0 0 0 0 0 0 0 0 0 0 0 0 0 0 0 0 0 0 0 0 0 0 0 0 0 0 0 0 0 0 0 0 0 0 0 0 0 0 0 0 0 0 0 0 0 0 0 0 0 0 0 0 0 0 0 0 0 0 0 0 0 0 0 0 0 0 0 0 0 0 0 0 0 0 0 0 0 0 0 0 0 0 0 0 0 0 0 0 0 0 0 0 0 0 0 0 0 0 0 0 0 0 0 0 0 0 0 0 0 0 0 0 0 0 0 0 0 0 0 0 0 0 0 0 0 0 0 0 0 0 0 0 0 0 0 0 0 0 0 0 0 0 0 0 0 0 0 0 0 0 0 0 0 0 0 0 0 0 0 0 0 0 0 0 0 0 0 0 0 0 0 0 0 0 0 0 0 0 0 0 0 0 0 0 0 0 0 0 0 0 0 0 0 0 0 0 0 0 0 0 0 0 0 0 0 0 0 0 0 0 0 0 0 0 0 0 0 0 0 0 0 0 0 0 0 0 0 0 0 0 0 0 0 0 0 0 0 0 0 0 0 0 0 0 0 0 0 0 0 0 0 0 0 0 0 0 0 0 0 0 0 0 0 0 0 0 0 0 0 0 0 0 0 0 0 0 0 0 0 0 0 0 0 0 0 0 0 0 0 0 0 0 0 0 0 0 0 0 0 0 0 0 0 0 0 0 0 0 0 0 0 0 0 0 0 0 0 0 0 0 0 0 0 0 0 0 0 0 0 0 0 0 0 0 0 0 0 0 0 0 0 0 0 0 0 0 0 0 0 0 0 0 0 0 0 0 0 0 0 0 0 0 0 0 0 0 0 0 0 0 0 0 0 0 0 0 0 0 0 0 0 0 0 0 0 0 0 0 0 0 0 0 0 0 0 0 0 0 0 0 0 0 0 0 0 0 0 0 0 0 0 0 0 0 0 0 0 0 0 0 0 0 0 0 0 0 0 0 0 0 0 0 0 0 0 0 0 0 0 0 0 0 0 0 0 0 0 0 0 0 0 0 0 0 0 0 0 0 0 0 0 0 0 0 0 0 0 0 0 0 0 0 0 0 0 0 0 0 0 0 0 0 0 0 0 0 0 0 0 0 0 0 0 0 0 0 0 0 0 0 0 0 0 0 0 0 0 0 0 0 0 0 0 0 0 0 0 0 0 0 0 0 0 0 0 0 0 0 0 0 0 0 0 0 0 0 0 0 0 0 0 0 0 0 0 0 0 0 0 0 0 0 0 0 0 0 0 0 0 0 0 0 0 0 0 0 0 0 0 0 0 0 0 0 0 0 0 0 0 0 0 0 0 0 0 0 0 0 0 0 0 0 0 0 0 0 0 0 0 0 0 0 0 0 0 0 0 0 0 0 0 0 0 0 0 0 0 0 0 0 0 0 0 0 0 0 0 0 0 0 0 0 0 0 0 0 0 0 0 0 0 0 0 0 0 0 0 0 0 0 0 0 0 0 0 0 0 0 0 0 0 0 0 0 0 0 0 0 0 0 0 0 0 0 0 0 0 0 0 0 0 0 0 0 0 0 0 0 0 0 0 0 0 0 0 0 0 0 0 0 0 0 0 0 0 0 0 0 0 0 0 0 0 0 0 0 0 0 0 0 0 0 0 0 0 0 0 0 0 0 0 0 0 0 0 0 0 0 0 0 0 0 0 0 0 0 0 0 0 0 0 0 0 0 0 0 0 0 0 0 0 0 0 0 0 0 0 0 0 0 0 0 0 0 0 0 0 0 0 0 0 0 0 0 0 0 0 0 0 0 0 0 0 0 0 0 0 0 0 0 0 0 0 0 0 0 0 0 0 0 0 0 0 0 0 0 0 0 0 0 0 0 0 0 0 0 0 0 0 0 0 0 0 0 0 0 0 0 0 0 0 0 0 0 0 0 0 0 0 0 0 0 0 0 0 0 0 0 0 0 0 0 0 0 0 0 0 0 0 0 0 0 0 0 0 0 0 0 0 0 0 0 0 0 0 0 0 0 0 0 0 0 0 0 0 0 0 0 0 0 0 0 0 0 0 0 0 0 0 0 0 0 0 0 0 0 0 0 0 0 0 0 0 0 0 0 0 0 0 0 0 0 0 0 0 0 0 0 0 0 0 0 0 0 0 0 0 0 0 0 0 0 0 0 0 0 0 0 0 0 0 0 0 0 0 0 0 0 0 0 0 0 0 0 0 0 0 0 0 0 0 0 0 0 0 0 0 0 0 0 0 0 0 0 0 0 0 0 0 0 0 0 0 0 0 0 0 0 0 0 0 0 0 0 0 0 0 0 0 0 0 0 0 0 0 0 0 0 0 0 0 0 0 0 0 0 0 0 0 0 0 0 0 0 0 0 0 0 0 0 0 0 0 0 0 0 0 0 0 0 0 0 0 0 0 0 0 0 0 0 0 0 0 0 0 0 0 0 0 0 0 0 0 0 0 0 0 0 0 0 0 0 0 0 0 0 0 0 0 0 0 0 0 0 0 0 0 0 0 0 0 0 0 0 0 0 0 0 0 0 0 0 0 0 0 0 0 0 0 0 0 0 0 0 0 0 0 0 0 0 0 0 0 0 0 0 0 0 0 0 0 0 0 0 0 0 0 0 0 0 0 0 0 0 0 0 0 0 0 0 0 0 0 0 0 0 0 0 0 0 0 0 0 0 0 0 0 0 0 0 0 0 0 0 0 0 0 0 0 0 0 0 0 0 0 0 0 0 0 0 0 0 0 0 0 0 0 0 0 0 0 0 0 0 0 0 0 0 0 0 0 0 0 0 0 0 0 0 0 0 0 0 0 0 0 0 0 0 0 0 0 0 0 0 0 0 0 0 0 0 0 0 0 0 0 0 0 0 0 0 0 0 0 0 0 0 0 0 0 0 0 0 0 0 0 0 0 0 0 0 0 0 0 0 0 0 0 0 0 0 0 0 0 0 0 0 0 0 0 0 0 0 0 0 0 0 0 0 0 0 0 0 0 0 0 0 0 0 0 0 0 0 0 0 0 0 0 0 0 0 0 0 0 0 0 0 0 0 0 0 0 0 0 0 0 0 0 0 0 0 0 0 0 0 0 0 0 0 0 0 0 0 0 0 0 0 0 0 0 0 0 0 0 0 0 0 0 0 0 0 0 0 0 0 0 0 0 0 0 0 0 0 0 0 0 0 0 0 0 0 0 0 0 0 0 0 0 0 0 0 0 0 0 0 0 0 0 0 0 0 0 0 0 0 0 0 0 0 0 0 0 0 0 0 0 0 0 0 0 0 0 0 0 0 0 0 0 0 0 0 0 0 0 0 0 0 0 0 0 0 0 0 0 0 0 0 0 0 0 0 0 0 0 0 0 0 0 0 0 0 0 0 0 0 0 0 0 0 0 0 0 0 0 0 0 0 0 0 0 0 0 0 0
ctxt 11797120
btime 1613123984
processes 280173
procs_running 1
procs_blocked 0
softirq 86649935 1 50342001 1893 2323945 0 0 147 2574274 0 31407674
