cpu  28298524 5 38896 5523396 386 0 3511 0 0 0
cpu0 441588 0 1114 86100 0 0 305 0 0 0
cpu1 441397 0 1200 86424 12 0 104 0 0 0
cpu2 441818 0 789 86531 0 0 12 0 0 0
cpu3 442166 0 650 86308 2 0 29 0 0 0
cpu4 441693 0 839 86509 0 0 103 0 0 0
cpu5 442814 0 648 85642 21 0 21 0 0 0
cpu6 442358 0 391 86334 0 0 12 0 0 0
cpu7 441640 0 1046 86349 8 0 99 0 0 0
cpu8 442032 0 542 86526 0 0 46 0 0 0
cpu9 442229 0 633 86221 65 0 12 0 0 0
cpu10 441107 0 1330 86460 0 0 249 0 0 0
cpu11 441802 0 858 86456 3 0 26 0 0 0
cpu12 442007 0 668 86456 0 0 14 0 0 0
cpu13 441788 0 912 86380 3 0 52 0 0 0
cpu14 441459 0 1077 86525 3 0 75 0 0 0
cpu15 442343 0 592 86184 1 0 30 0 0 0
cpu16 441600 0 1032 86497 5 0 11 0 0 0
cpu17 442144 0 585 86359 27 0 17 0 0 0
cpu18 441860 0 706 86527 0 0 48 0 0 0
cpu19 442004 0 842 86215 4 0 61 0 0 0
cpu20 441693 0 789 86536 1 0 125 0 0 0
cpu21 441870 0 840 86303 2 0 109 0 0 0
cpu22 442744 0 414 85944 0 0 45 0 0 0
cpu23 442616 0 381 86083 28 0 17 0 0 0
cpu24 442479 0 164 86441 24 0 4 0 0 0
cpu25 442582 0 379 86147 10 0 18 0 0 0
cpu26 442083 0 660 86399 0 0 6 0 0 0
cpu27 442866 0 440 85807 9 0 12 0 0 0
cpu28 442298 0 257 86438 0 0 133 0 0 0
cpu29 441498 0 1069 86415 2 0 153 0 0 0
cpu30 442138 0 482 86465 0 0 28 0 0 0
cpu31 443027 0 831 85162 1 0 105 0 0 0
cpu32 441749 0 819 86520 0 0 48 0 0 0
cpu33 442497 0 763 85846 4 0 25 0 0 0
cpu34 441949 0 630 86544 0 0 9 0 0 0
cpu35 442470 0 517 86127 1 0 16 0 0 0
cpu36 442311 0 282 86523 0 0 27 0 0 0
cpu37 442215 0 524 86341 1 0 49 0 0 0
cpu38 442372 0 267 86496 0 0 3 0 0 0
cpu39 441934 0 862 86204 1 0 132 0 0 0
cpu40 442400 0 217 86512 0 0 11 0 0 0
cpu41 442108 0 603 86332 40 0 49 0 0 0
cpu42 439613 0 2369 86525 0 0 634 0 0 0
cpu43 442127 0 507 86497 0 0 10 0 0 0
cpu44 442416 0 212 86503 0 0 10 0 0 0
cpu45 442266 0 616 86214 12 0 30 0 0 0
cpu46 442323 0 321 86466 0 0 19 0 0 0
cpu47 442314 0 471 86337 2 0 14 0 0 0
cpu48 442167 0 455 86505 0 0 2 0 0 0
cpu49 442353 0 442 86316 0 0 14 0 0 0
cpu50 442385 0 230 86512 0 0 11 0 0 0
cpu51 441989 0 708 86356 2 0 77 0 0 0
cpu52 442275 0 313 86517 0 0 30 0 0 0
cpu53 442712 0 420 85972 0 0 11 0 0 0
cpu54 442430 0 165 86515 0 0 22 0 0 0
cpu55 442184 1 640 86203 6 0 91 0 0 0
cpu56 442283 0 330 86513 0 0 2 0 0 0
cpu57 442788 2 272 86049 7 0 4 0 0 0
cpu58 442459 0 145 86514 0 0 6 0 0 0
cpu59 442529 0 312 86276 4 0 11 0 0 0
cpu60 442501 0 126 86504 0 0 3 0 0 0
cpu61 443174 0 392 85502 46 0 3 0 0 0
cpu62 442439 0 171 86517 0 0 3 0 0 0
cpu63 443022 0 611 85467 4 0 28 0 0 0
intr 79220964 82 0 0 0 630 0 0 0 1 0 285 0 0 0 0 0 0 0 0 0 0 0 0 0 0 0 0 0 0 0 0 0 0 0 0 0 0 0 5726 15092 1942 3505 884 4249 973 21557 2525 880 1184 816 384 3950 1504 8847 1456 792 787 9469 1619 1759 444 1853 610 10940 1264 3105 68948 14378 2505 3140 2945 5975 3906 2756 842 191 292 8183 2213 16717 486 940 1711 14843 167 3064 763 5149 303 7525 1207 1315 1269 309 1051 2259 1210 4988 872 743 917 8090 0 0 0 0 0 0 0 0 0 0 0 0 0 0 0 0 0 93 32188 0 0 0 0 0 0 0 0 0 0 0 0 0 0 0 0 0 0 0 0 0 0 0 0 0 0 0 0 0 0 0 0 0 0 0 0 0 0 0 0 0 0 0 0 0 0 0 0 0 0 0 0 0 0 0 0 0 0 0 0 0 0 0 0 0 0 0 0 0 0 0 0 0 0 0 17 0 0 0 0 0 0 0 0 0 0 0 0 0 0 0 0 0 0 0 0 0 0 0 0 0 0 0 0 0 0 0 0 0 0 0 0 0 0 0 0 0 0 0 0 0 0 0 0 0 0 0 0 0 0 0 0 0 0 0 0 0 0 0 0 0 0 0 0 0 0 0 0 0 0 0 0 0 0 0 0 0 0 0 0 0 0 0 0 0 0 0 0 0 0 0 0 0 0 0 0 0 0 0 0 0 0 0 0 0 0 0 0 0 0 0 0 0 0 0 0 0 0 0 0 0 0 0 0 0 0 0 0 0 0 0 0 0 0 0 0 0 0 0 0 0 0 0 0 0 0 0 0 0 0 0 0 0 0 0 0 0 0 0 0 0 0 0 0 0 0 0 0 0 0 0 0 0 0 0 0 0 0 0 0 0 0 0 0 0 0 0 0 0 0 0 0 0 0 0 0 0 0 0 0 0 0 0 0 0 0 0 0 0 0 0 0 0 0 0 0 0 0 0 0 0 0 0 0 0 0 0 0 0 0 0 0 0 0 0 0 0 0 0 0 0 0 0 0 0 0 0 0 0 0 0 0 0 0 0 0 0 0 0 0 0 0 0 0 0 0 0 0 0 0 0 0 0 0 0 0 0 0 0 0 0 0 0 0 0 0 0 0 0 0 0 0 0 0 0 0 0 0 0 0 0 0 0 0 0 0 0 0 0 0 0 0 0 0 0 0 0 0 0 0 0 0 0 0 0 0 0 0 0 0 0 0 0 0 0 0 0 0 0 0 0 0 0 0 0 0 0 0 0 0 0 0 0 0 0 0 0 0 0 0 0 0 0 0 0 0 0 0 0 0 0 0 0 0 0 0 0 0 0 0 0 0 0 0 0 0 0 0 0 0 0 0 0 0 0 0 0 0 0 0 0 0 0 0 0 0 0 0 0 0 0 0 0 0 0 0 0 0 0 0 0 0 0 0 0 0 0 0 0 0 0 0 0 0 0 0 0 0 0 0 0 0 0 0 0 0 0 0 0 0 0 0 0 0 0 0 0 0 0 0 0 0 0 0 0 0 0 0 0 0 0 0 0 0 0 0 0 0 0 0 0 0 0 0 0 0 0 0 0 0 0 0 0 0 0 0 0 0 0 0 0 0 0 0 0 0 0 0 0 0 0 0 0 0 0 0 0 0 0 0 0 0 0 0 0 0 0 0 0 0 0 0 0 0 0 0 0 0 0 0 0 0 0 0 0 0 0 0 0 0 0 0 0 0 0 0 0 0 0 0 0 0 0 0 0 0 0 0 0 0 0 0 0 0 0 0 0 0 0 0 0 0 0 0 0 0 0 0 0 0 0 0 0 0 0 0 0 0 0 0 0 0 0 0 0 0 0 0 0 0 0 0 0 0 0 0 0 0 0 0 0 0 0 0 0 0 0 0 0 0 0 0 0 0 0 0 0 0 0 0 0 0 0 0 0 0 0 0 0 0 0 0 0 0 0 0 0 0 0 0 0 0 0 0 0 0 0 0 0 0 0 0 0 0 0 0 0 0 0 0 0 0 0 0 0 0 0 0 0 0 0 0 0 0 0 0 0 0 0 0 0 0 0 0 0 0 0 0 0 0 0 0 0 0 0 0 0 0 0 0 0 0 0 0 0 0 0 0 0 0 0 0 0 0 0 0 0 0 0 0 0 0 0 0 0 0 0 0 0 0 0 0 0 0 0 0 0 0 0 0 0 0 0 0 0 0 0 0 0 0 0 0 0 0 0 0 0 0 0 0 0 0 0 0 0 0 0 0 0 0 0 0 0 0 0 0 0 0 0 0 0 0 0 0 0 0 0 0 0 0 0 0 0 0 0 0 0 0 0 0 0 0 0 0 0 0 0 0 0 0 0 0 0 0 0 0 0 0 0 0 0 0 0 0 0 0 0 0 0 0 0 0 0 0 0 0 0 0 0 0 0 0 0 0 0 0 0 0 0 0 0 0 0 0 0 0 0 0 0 0 0 0 0 0 0 0 0 0 0 0 0 0 0 0 0 0 0 0 0 0 0 0 0 0 0 0 0 0 0 0 0 0 0 0 0 0 0 0 0 0 0 0 0 0 0 0 0 0 0 0 0 0 0 0 0 0 0 0 0 0 0 0 0 0 0 0 0 0 0 0 0 0 0 0 0 0 0 0 0 0 0 0 0 0 0 0 0 0 0 0 0 0 0 0 0 0 0 0 0 0 0 0 0 0 0 0 0 0 0 0 0 0 0 0 0 0 0 0 0 0 0 0 0 0 0 0 0 0 0 0 0 0 0 0 0 0 0 0 0 0 0 0 0 0 0 0 0 0 0 0 0 0 0 0 0 0 0 0 0 0 0 0 0 0 0 0 0 0 0 0 0 0 0 0 0 0 0 0 0 0 0 0 0 0 0 0 0 0 0 0 0 0 0 0 0 0 0 0 0 0 0 0 0 0 0 0 0 0 0 0 0 0 0 0 0 0 0 0 0 0 0 0 0 0 0 0 0 0 0 0 0 0 0 0 0 0 0 0 0 0 0 0 0 0 0 0 0 0 0 0 0 0 0 0 0 0 0 0 0 0 0 0 0 0 0 0 0 0 0 0 0 0 0 0 0 0 0 0 0 0 0 0 0 0 0 0 0 0 0 0 0 0 0 0 0 0 0 0 0 0 0 0 0 0 0 0 0 0 0 0 0 0 0 0 0 0 0 0 0 0 0 0 0 0 0 0 0 0 0 0 0 0 0 0 0 0 0 0 0 0 0 0 0 0 0 0 0 0 0 0 0 0 0 0 0 0 0 0 0 0 0 0 0 0 0 0 0 0 0 0 0 0 0 0 0 0 0 0 0 0 0 0 0 0 0 0 0 0 0 0 0 0 0 0 0 0 0 0 0 0 0 0 0 0 0 0 0 0 0 0 0 0 0 0 0 0 0 0 0 0 0 0 0 0 0 0 0 0 0 0 0 0 0 0 0 0 0 0 0 0 0 0 0 0 0 0 0 0 0 0 0 0 0 0 0 0 0 0 0 0 0 0 0 0 0 0 0 0 0 0 0 0 0 0 0 0 0 0 0 0 0 0 0 0 0 0 0 0 0 0 0 0 0 0 0 0 0 0 0 0 0 0 0 0 0 0 0 0 0 0 0 0 0 0 0 0 0 0 0 0 0 0 0 0 0 0 0 0 0 0 0 0 0 0 0 0 0 0 0 0 0 0 0 0 0 0 0 0 0 0 0 0 0 0 0 0 0 0 0 0 0 0 0 0 0 0 0 0 0 0 0 0 0 0 0 0 0 0 0 0 0 0 0 0 0 0 0 0 0 0 0 0 0 0 0 0 0 0 0 0 0 0 0 0 0 0 0 0 0 0 0 0 0 0 0 0 0 0 0 0 0 0 0 0 0 0 0 0 0 0 0 0 0 0 0 0 0 0 0 0 0 0 0 0 0 0 0 0 0 0 0 0 0 0 0 0 0 0 0 0 0 0 0 0 0 0 0 0 0 0 0 0 0 0 0 0 0 0 0 0 0 0 0 0 0 0 0 0 0 0 0 0 0 0 0 0 0 0 0 0 0 0 0 0 0 0 0 0 0 0 0 0 0 0 0 0 0 0 0 0 0 0 0 0 0 0 0 0 0 0 0 0 0 0 0 0 0 0 0 0 0 0 0 0 0 0 0 0 0 0 0 0 0 0 0 0 0 0 0 0 0 0 0 0 0 0 0 0 0 0 0 0 0 0 0 0 0 0 0 0 0 0 0 0 0 0 0 0 0 0 0 0 0 0 0 0 0 0 0 0 0 0 0 0 0 0 0 0 0 0 0 0 0 0 0 0 0 0 0 0 0 0 0 0 0 0 0 0 0 0 0 0 0 0 0 0 0 0 0 0 0 0 0 0 0 0 0 0 0 0 0 0 0 0 0 0 0 0 0 0 0 0 0 0 0 0 0 0 0 0 0 0 0 0 0 0 0 0 0 0 0 0 0 0 0 0 0 0 0 0 0 0 0 0 0 0 0 0 0 0 0 0 0 0 0 0 0 0 0 0 0 0 0 0 0 0 0 0 0 0 0 0 0 0 0 0 0 0 0 0 0 0 0 0 0 0 0 0 0 0 0 0 0 0 0 0 0 0 0 0 0 0 0 0 0 0 0 0 0 0 0 0 0 0 0 0 0 0 0 0 0 0 0 0 0 0 0 0 0 0 0 0 0 0 0 0 0 0 0 0 0 0 0 0 0 0 0 0 0 0 0 0 0 0 0 0 0 0 0 0 0 0 0 0 0 0 0 0 0 0 0 0 0 0 0 0 0 0 0 0 0 0 0 0 0 0 0 0 0 0 0 0 0 0 0 0 0 0 0 0 0 0 0 0 0 0 0 0 0 0 0 0 0 0 0 0 0 0 0 0 0 0 0 0 0 0 0 0 0 0 0 0 0 0 0 0 0 0 0 0 0 0 0 0 0 0 0 0 0 0 0 0 0 0 0 0 0 0 0 0 0 0 0 0 0 0 0 0 0 0 0 0 0 0 0 0 0 0 0 0 0 0 0 0 0 0 0 0 0 0 0 0 0 0 0 0 0 0 0 0 0 0 0 0 0 0 0 0 0 0 0 0 0 0 0 0 0 0 0 0 0 0 0 0 0 0 0 0 0 0 0 0 0 0 0 0 0 0 0 0 0 0 0 0 0 0 0 0 0 0 0 0 0 0 0 0 0 0 0 0 0 0 0 0 0
ctxt 11483642
btime 1613123985
processes 277765
procs_running 1
procs_blocked 0
softirq 93272872 1 54676343 1901 2196121 0 0 154 2698316 0 33700036
