cpu  4991758 7 8144 2540348 149 0 594 0 0 0
cpu0 78902 0 382 38342 1 0 159 0 0 0
cpu1 77925 0 131 39748 10 0 56 0 0 0
cpu2 77996 1 132 39703 0 0 0 0 0 0
cpu3 77958 0 94 39789 0 0 1 0 0 0
cpu4 77953 0 130 39745 0 0 4 0 0 0
cpu5 77911 0 104 39823 0 0 6 0 0 0
cpu6 78472 0 377 38932 4 0 2 0 0 0
cpu7 77761 0 229 39819 2 0 29 0 0 0
cpu8 77962 0 165 39708 0 0 2 0 0 0
cpu9 77966 0 52 39818 6 0 0 0 0 0
cpu10 77957 0 208 39661 2 0 3 0 0 0
cpu11 77960 0 56 39825 0 0 1 0 0 0
cpu12 78075 0 184 39560 1 0 4 0 0 0
cpu13 77881 0 128 39812 0 0 40 0 0 0
cpu14 78029 2 102 39700 1 0 1 0 0 0
cpu15 77949 0 72 39819 0 0 0 0 0 0
cpu16 78020 0 148 39646 0 0 0 0 0 0
cpu17 77906 0 103 39827 0 0 1 0 0 0
cpu18 78065 1 120 39638 0 0 0 0 0 0
cpu19 77870 0 155 39794 1 0 1 0 0 0
cpu20 78233 0 161 39415 0 0 1 0 0 0
cpu21 77884 0 141 39812 0 0 1 0 0 0
cpu22 78018 0 131 39682 1 0 1 0 0 0
cpu23 77970 0 50 39818 0 0 0 0 0 0
cpu24 78110 0 182 39464 42 0 0 0 0 0
cpu25 77884 0 96 39847 0 0 3 0 0 0
cpu26 78100 0 170 39562 1 0 1 0 0 0
cpu27 77963 0 61 39807 0 0 1 0 0 0
cpu28 78072 0 130 39622 1 0 0 0 0 0
cpu29 77924 0 74 39828 0 0 1 0 0 0
cpu30 78002 0 119 39705 0 0 2 0 0 0
cpu31 77960 0 60 39815 0 0 0 0 0 0
cpu32 78052 0 92 39624 5 0 46 0 0 0
cpu33 77794 0 164 39846 1 0 15 0 0 0
cpu34 77990 0 69 39767 0 0 0 0 0 0
cpu35 77885 0 87 39841 3 0 7 0 0 0
cpu36 77940 0 104 39784 0 0 1 0 0 0
cpu37 77948 0 71 39812 0 0 2 0 0 0
cpu38 77964 0 79 39785 0 0 0 0 0 0
cpu39 77494 0 456 39799 0 0 82 0 0 0
cpu40 78027 0 123 39676 0 0 0 0 0 0
cpu41 77978 0 43 39808 1 0 0 0 0 0
cpu42 77945 0 120 39756 3 0 4 0 0 0
cpu43 77974 0 54 39799 0 0 0 0 0 0
cpu44 78261 0 92 39475 0 0 0 0 0 0
cpu45 77925 0 83 39804 0 0 8 0 0 0
cpu46 78087 0 127 39574 27 0 1 0 0 0
cpu47 77965 0 58 39802 0 0 1 0 0 0
cpu48 78013 0 98 39692 0 0 0 0 0 0
cpu49 77964 0 50 39807 0 0 0 0 0 0
cpu50 78134 0 129 39559 0 0 0 0 0 0
cpu51 77915 0 109 39802 0 0 0 0 0 0
cpu52 78096 0 108 39602 0 0 4 0 0 0
cpu53 77842 0 161 39803 2 0 15 0 0 0
cpu54 78040 0 114 39665 0 0 0 0 0 0
cpu55 77982 0 36 39797 1 0 0 0 0 0
cpu56 78137 0 161 39521 0 0 0 0 0 0
cpu57 77954 0 66 39796 2 0 3 0 0 0
cpu58 78106 0 132 39577 0 0 0 0 0 0
cpu59 77963 0 54 39803 0 0 1 0 0 0
cpu60 78081 0 145 39593 1 0 0 0 0 0
cpu61 77648 0 306 39805 0 0 53 0 0 0
cpu62 78049 0 96 39673 0 0 2 0 0 0
cpu63 77943 0 86 39782 0 0 4 0 0 0
intr 14805711 82 0 0 0 626 0 0 0 1 0 284 0 0 0 0 0 0 0 0 0 0 0 0 0 0 0 0 0 0 0 0 0 0 0 0 0 0 0 76 2799 2 212 0 6481 5 5439 7 0 27 0 49 0 2 0 35 902 47 1327 233 1659 486 23 266 280 0 438 5 0 3 192 25277 6283 2 496 0 1923 0 6781 4 1 1483 0 15 161 67 119 2 579 64 30 6892 8451 3 17 0 1214 0 1091 19 5600 11 3467 0 0 0 0 0 0 0 0 0 0 0 0 0 0 0 0 0 94 30224 0 0 0 0 0 0 0 0 0 0 0 0 0 0 0 0 0 0 0 0 0 0 0 0 0 0 0 0 0 0 0 0 0 0 0 0 0 0 0 0 0 0 0 0 0 0 0 0 0 0 0 0 0 0 0 0 0 0 0 0 0 0 0 0 0 0 0 0 0 0 0 0 0 0 0 22 0 0 0 0 0 0 0 0 0 0 0 0 0 0 0 0 0 0 0 0 0 0 0 0 0 0 0 0 0 0 0 0 0 0 0 0 0 0 0 0 0 0 0 0 0 0 0 0 0 0 0 0 0 0 0 0 0 0 0 0 0 0 0 0 0 0 0 0 0 0 0 0 0 0 0 0 0 0 0 0 0 0 0 0 0 0 0 0 0 0 0 0 0 0 0 0 0 0 0 0 0 0 0 0 0 0 0 0 0 0 0 0 0 0 0 0 0 0 0 0 0 0 0 0 0 0 0 0 0 0 0 0 0 0 0 0 0 0 0 0 0 0 0 0 0 0 0 0 0 0 0 0 0 0 0 0 0 0 0 0 0 0 0 0 0 0 0 0 0 0 0 0 0 0 0 0 0 0 0 0 0 0 0 0 0 0 0 0 0 0 0 0 0 0 0 0 0 0 0 0 0 0 0 0 0 0 0 0 0 0 0 0 0 0 0 0 0 0 0 0 0 0 0 0 0 0 0 0 0 0 0 0 0 0 0 0 0 0 0 0 0 0 0 0 0 0 0 0 0 0 0 0 0 0 0 0 0 0 0 0 0 0 0 0 0 0 0 0 0 0 0 0 0 0 0 0 0 0 0 0 0 0 0 0 0 0 0 0 0 0 0 0 0 0 0 0 0 0 0 0 0 0 0 0 0 0 0 0 0 0 0 0 0 0 0 0 0 0 0 0 0 0 0 0 0 0 0 0 0 0 0 0 0 0 0 0 0 0 0 0 0 0 0 0 0 0 0 0 0 0 0 0 0 0 0 0 0 0 0 0 0 0 0 0 0 0 0 0 0 0 0 0 0 0 0 0 0 0 0 0 0 0 0 0 0 0 0 0 0 0 0 0 0 0 0 0 0 0 0 0 0 0 0 0 0 0 0 0 0 0 0 0 0 0 0 0 0 0 0 0 0 0 0 0 0 0 0 0 0 0 0 0 0 0 0 0 0 0 0 0 0 0 0 0 0 0 0 0 0 0 0 0 0 0 0 0 0 0 0 0 0 0 0 0 0 0 0 0 0 0 0 0 0 0 0 0 0 0 0 0 0 0 0 0 0 0 0 0 0 0 0 0 0 0 0 0 0 0 0 0 0 0 0 0 0 0 0 0 0 0 0 0 0 0 0 0 0 0 0 0 0 0 0 0 0 0 0 0 0 0 0 0 0 0 0 0 0 0 0 0 0 0 0 0 0 0 0 0 0 0 0 0 0 0 0 0 0 0 0 0 0 0 0 0 0 0 0 0 0 0 0 0 0 0 0 0 0 0 0 0 0 0 0 0 0 0 0 0 0 0 0 0 0 0 0 0 0 0 0 0 0 0 0 0 0 0 0 0 0 0 0 0 0 0 0 0 0 0 0 0 0 0 0 0 0 0 0 0 0 0 0 0 0 0 0 0 0 0 0 0 0 0 0 0 0 0 0 0 0 0 0 0 0 0 0 0 0 0 0 0 0 0 0 0 0 0 0 0 0 0 0 0 0 0 0 0 0 0 0 0 0 0 0 0 0 0 0 0 0 0 0 0 0 0 0 0 0 0 0 0 0 0 0 0 0 0 0 0 0 0 0 0 0 0 0 0 0 0 0 0 0 0 0 0 0 0 0 0 0 0 0 0 0 0 0 0 0 0 0 0 0 0 0 0 0 0 0 0 0 0 0 0 0 0 0 0 0 0 0 0 0 0 0 0 0 0 0 0 0 0 0 0 0 0 0 0 0 0 0 0 0 0 0 0 0 0 0 0 0 0 0 0 0 0 0 0 0 0 0 0 0 0 0 0 0 0 0 0 0 0 0 0 0 0 0 0 0 0 0 0 0 0 0 0 0 0 0 0 0 0 0 0 0 0 0 0 0 0 0 0 0 0 0 0 0 0 0 0 0 0 0 0 0 0 0 0 0 0 0 0 0 0 0 0 0 0 0 0 0 0 0 0 0 0 0 0 0 0 0 0 0 0 0 0 0 0 0 0 0 0 0 0 0 0 0 0 0 0 0 0 0 0 0 0 0 0 0 0 0 0 0 0 0 0 0 0 0 0 0 0 0 0 0 0 0 0 0 0 0 0 0 0 0 0 0 0 0 0 0 0 0 0 0 0 0 0 0 0 0 0 0 0 0 0 0 0 0 0 0 0 0 0 0 0 0 0 0 0 0 0 0 0 0 0 0 0 0 0 0 0 0 0 0 0 0 0 0 0 0 0 0 0 0 0 0 0 0 0 0 0 0 0 0 0 0 0 0 0 0 0 0 0 0 0 0 0 0 0 0 0 0 0 0 0 0 0 0 0 0 0 0 0 0 0 0 0 0 0 0 0 0 0 0 0 0 0 0 0 0 0 0 0 0 0 0 0 0 0 0 0 0 0 0 0 0 0 0 0 0 0 0 0 0 0 0 0 0 0 0 0 0 0 0 0 0 0 0 0 0 0 0 0 0 0 0 0 0 0 0 0 0 0 0 0 0 0 0 0 0 0 0 0 0 0 0 0 0 0 0 0 0 0 0 0 0 0 0 0 0 0 0 0 0 0 0 0 0 0 0 0 0 0 0 0 0 0 0 0 0 0 0 0 0 0 0 0 0 0 0 0 0 0 0 0 0 0 0 0 0 0 0 0 0 0 0 0 0 0 0 0 0 0 0 0 0 0 0 0 0 0 0 0 0 0 0 0 0 0 0 0 0 0 0 0 0 0 0 0 0 0 0 0 0 0 0 0 0 0 0 0 0 0 0 0 0 0 0 0 0 0 0 0 0 0 0 0 0 0 0 0 0 0 0 0 0 0 0 0 0 0 0 0 0 0 0 0 0 0 0 0 0 0 0 0 0 0 0 0 0 0 0 0 0 0 0 0 0 0 0 0 0 0 0 0 0 0 0 0 0 0 0 0 0 0 0 0 0 0 0 0 0 0 0 0 0 0 0 0 0 0 0 0 0 0 0 0 0 0 0 0 0 0 0 0 0 0 0 0 0 0 0 0 0 0 0 0 0 0 0 0 0 0 0 0 0 0 0 0 0 0 0 0 0 0 0 0 0 0 0 0 0 0 0 0 0 0 0 0 0 0 0 0 0 0 0 0 0 0 0 0 0 0 0 0 0 0 0 0 0 0 0 0 0 0 0 0 0 0 0 0 0 0 0 0 0 0 0 0 0 0 0 0 0 0 0 0 0 0 0 0 0 0 0 0 0 0 0 0 0 0 0 0 0 0 0 0 0 0 0 0 0 0 0 0 0 0 0 0 0 0 0 0 0 0 0 0 0 0 0 0 0 0 0 0 0 0 0 0 0 0 0 0 0 0 0 0 0 0 0 0 0 0 0 0 0 0 0 0 0 0 0 0 0 0 0 0 0 0 0 0 0 0 0 0 0 0 0 0 0 0 0 0 0 0 0 0 0 0 0 0 0 0 0 0 0 0 0 0 0 0 0 0 0 0 0 0 0 0 0 0 0 0 0 0 0 0 0 0 0 0 0 0 0 0 0 0 0 0 0 0 0 0 0 0 0 0 0 0 0 0 0 0 0 0 0 0 0 0 0 0 0 0 0 0 0 0 0 0 0 0 0 0 0 0 0 0 0 0 0 0 0 0 0 0 0 0 0 0 0 0 0 0 0 0 0 0 0 0 0 0 0 0 0 0 0 0 0 0 0 0 0 0 0 0 0 0 0 0 0 0 0 0 0 0 0 0 0 0 0 0 0 0 0 0 0 0 0 0 0 0 0 0 0 0 0 0 0 0 0 0 0 0 0 0 0 0 0 0 0 0 0 0 0 0 0 0 0 0 0 0 0 0 0 0 0 0 0 0 0 0 0 0 0 0 0 0 0 0 0 0 0 0 0 0 0 0 0 0 0 0 0 0 0 0 0 0 0 0 0 0 0 0 0 0 0 0 0 0 0 0 0 0 0 0 0 0 0 0 0 0 0 0 0 0 0 0 0 0 0 0 0 0 0 0 0 0 0 0 0 0 0 0 0 0 0 0 0 0 0 0 0 0 0 0 0 0 0 0 0 0 0 0 0 0 0 0 0 0 0 0 0 0 0 0 0 0 0 0 0 0 0 0 0 0 0 0 0 0 0 0 0 0 0 0 0 0 0 0 0 0 0 0 0 0 0 0 0 0 0 0 0 0 0 0 0 0 0 0 0 0 0 0 0 0 0 0 0 0 0 0 0 0 0 0 0 0 0 0 0 0 0 0 0 0 0 0 0 0 0 0 0 0 0 0 0 0 0 0 0 0 0 0 0 0 0 0 0 0 0 0 0 0 0 0 0 0 0 0 0 0 0 0 0 0 0 0 0 0 0 0 0 0 0 0 0 0 0 0 0 0 0 0 0 0 0 0 0 0 0 0 0 0 0 0 0 0 0 0 0 0 0 0 0 0 0 0 0 0 0 0 0 0 0 0 0 0 0 0 0 0 0 0 0 0 0 0 0 0 0 0 0 0 0 0 0 0 0 0 0 0 0 0 0 0 0 0 0 0 0 0 0 0 0 0 0 0 0 0 0 0 0 0 0 0 0 0 0 0 0 0 0 0 0 0 0 0 0 0 0 0 0 0 0 0 0 0 0 0 0 0 0 0 0 0 0 0 0 0 0 0 0 0 0 0 0 0 0 0 0 0 0 0 0 0 0 0 0 0 0 0 0 0 0 0 0 0 0 0 0 0 0 0 0 0 0 0 0 0 0 0 0 0 0 0 0 0 0 0 0
ctxt 2883139
btime 1613144793
processes 69738
procs_running 1
procs_blocked 0
softirq 16814789 1 9767713 431 539055 0 0 141 603490 0 5903958
