cpu  31946683 6 64663 2669355 148 0 6240 0 0 0
cpu0 496224 0 3637 41515 0 0 525 0 0 0
cpu1 499388 0 601 41939 11 0 42 0 0 0
cpu2 495684 0 3042 41526 0 0 1677 0 0 0
cpu3 499452 0 399 42091 0 0 58 0 0 0
cpu4 497807 0 2442 41551 0 0 186 0 0 0
cpu5 499714 0 182 42097 1 0 4 0 0 0
cpu6 497655 0 2696 41406 0 0 202 0 0 0
cpu7 498744 0 1056 42086 1 0 114 0 0 0
cpu8 497944 0 2455 41424 1 0 174 0 0 0
cpu9 499480 0 368 42099 0 0 52 0 0 0
cpu10 498431 0 2404 40982 1 0 193 0 0 0
cpu11 499802 0 82 42103 4 0 5 0 0 0
cpu12 499132 0 1816 40930 0 0 128 0 0 0
cpu13 499642 0 228 42118 0 0 11 0 0 0
cpu14 498613 0 1938 41309 0 0 142 0 0 0
cpu15 499635 0 247 42105 0 0 9 0 0 0
cpu16 500314 2 1654 39900 7 0 113 0 0 0
cpu17 499475 0 359 42108 0 0 57 0 0 0
cpu18 498542 0 1865 41443 0 0 150 0 0 0
cpu19 499782 0 118 42091 0 0 2 0 0 0
cpu20 498880 0 1693 41149 80 0 128 0 0 0
cpu21 499577 0 288 42098 0 0 36 0 0 0
cpu22 498434 0 1858 41584 2 0 129 0 0 0
cpu23 499335 0 521 42092 0 0 50 0 0 0
cpu24 498642 0 1691 41510 4 0 112 0 0 0
cpu25 499827 0 71 42095 2 0 1 0 0 0
cpu26 498357 0 1851 41662 0 0 116 0 0 0
cpu27 499829 0 70 42092 0 0 1 0 0 0
cpu28 498202 0 1938 41697 0 0 143 0 0 0
cpu29 499782 0 101 42100 0 0 7 0 0 0
cpu30 498384 0 1874 41588 2 0 130 0 0 0
cpu31 499633 0 272 42077 0 0 12 0 0 0
cpu32 498479 0 1790 41579 0 0 104 0 0 0
cpu33 499110 0 740 42089 0 0 53 0 0 0
cpu34 498955 0 1458 41448 0 0 84 0 0 0
cpu35 499762 0 140 42086 0 0 3 0 0 0
cpu36 498992 0 1407 41492 0 0 96 0 0 0
cpu37 499512 0 328 42098 0 0 45 0 0 0
cpu38 498647 0 1944 41266 0 0 105 0 0 0
cpu39 499198 0 641 42092 0 0 58 0 0 0
cpu40 498868 0 1648 41377 1 0 88 0 0 0
cpu41 499754 0 132 42096 0 0 6 0 0 0
cpu42 499757 0 1489 40675 0 0 75 0 0 0
cpu43 499828 0 78 42073 0 0 1 0 0 0
cpu44 500376 1 1018 40505 0 0 77 0 0 0
cpu45 499542 0 325 42088 0 0 34 0 0 0
cpu46 499296 0 1311 41308 0 0 77 0 0 0
cpu47 499649 0 255 42068 0 0 4 0 0 0
cpu48 499712 0 1131 41081 0 0 63 0 0 0
cpu49 499549 0 306 42101 0 0 38 0 0 0
cpu50 498948 0 1291 41643 0 0 96 0 0 0
cpu51 499782 0 110 42094 0 0 2 0 0 0
cpu52 499912 0 758 41257 2 0 49 0 0 0
cpu53 499503 0 354 42089 0 0 44 0 0 0
cpu54 499560 0 755 41610 0 0 50 0 0 0
cpu55 499440 0 421 42095 0 0 25 0 0 0
cpu56 499012 0 1268 41661 0 0 47 0 0 0
cpu57 499825 0 74 42070 7 0 2 0 0 0
cpu58 499170 0 1054 41699 0 0 65 0 0 0
cpu59 499809 0 82 42090 0 0 1 0 0 0
cpu60 499418 0 898 41634 0 0 46 0 0 0
cpu61 499824 0 75 42081 2 0 1 0 0 0
cpu62 499446 0 1277 41184 0 0 61 0 0 0
cpu63 499684 0 262 42029 0 0 8 0 0 0
intr 88847886 83 0 0 0 612 0 0 0 1 0 285 0 0 0 0 0 0 0 0 0 0 0 0 0 0 0 0 0 0 0 0 0 0 0 0 0 0 0 4480 12597 109837 2404 1963 751 1468 16499 2572 14238 2809 0 652 2371 2151 6819 1338 5061 1240 471 7956 7283 775 9205 1673 26 1069 244 1203 1910 1478 4793 1554 13651 762 373 1710 12063 984 17745 2134 3758 1476 2 1063 2840 891 2430 1918 5561 1358 317 678 8779 3499 12328 517 35 1496 252 3165 0 1018 3469 0 0 0 0 0 0 0 0 0 0 0 0 0 0 0 0 0 33651 94 0 0 0 0 0 0 0 0 0 0 0 0 0 0 0 0 0 0 0 0 0 0 0 0 0 0 0 0 0 0 0 0 0 0 0 0 0 0 0 0 0 0 0 0 0 0 0 0 0 0 0 0 0 0 0 0 0 0 0 0 0 0 0 0 0 0 0 0 0 0 0 0 0 0 0 20 0 0 0 0 0 0 0 0 0 0 0 0 0 0 0 0 0 0 0 0 0 0 0 0 0 0 0 0 0 0 0 0 0 0 0 0 0 0 0 0 0 0 0 0 0 0 0 0 0 0 0 0 0 0 0 0 0 0 0 0 0 0 0 0 0 0 0 0 0 0 0 0 0 0 0 0 0 0 0 0 0 0 0 0 0 0 0 0 0 0 0 0 0 0 0 0 0 0 0 0 0 0 0 0 0 0 0 0 0 0 0 0 0 0 0 0 0 0 0 0 0 0 0 0 0 0 0 0 0 0 0 0 0 0 0 0 0 0 0 0 0 0 0 0 0 0 0 0 0 0 0 0 0 0 0 0 0 0 0 0 0 0 0 0 0 0 0 0 0 0 0 0 0 0 0 0 0 0 0 0 0 0 0 0 0 0 0 0 0 0 0 0 0 0 0 0 0 0 0 0 0 0 0 0 0 0 0 0 0 0 0 0 0 0 0 0 0 0 0 0 0 0 0 0 0 0 0 0 0 0 0 0 0 0 0 0 0 0 0 0 0 0 0 0 0 0 0 0 0 0 0 0 0 0 0 0 0 0 0 0 0 0 0 0 0 0 0 0 0 0 0 0 0 0 0 0 0 0 0 0 0 0 0 0 0 0 0 0 0 0 0 0 0 0 0 0 0 0 0 0 0 0 0 0 0 0 0 0 0 0 0 0 0 0 0 0 0 0 0 0 0 0 0 0 0 0 0 0 0 0 0 0 0 0 0 0 0 0 0 0 0 0 0 0 0 0 0 0 0 0 0 0 0 0 0 0 0 0 0 0 0 0 0 0 0 0 0 0 0 0 0 0 0 0 0 0 0 0 0 0 0 0 0 0 0 0 0 0 0 0 0 0 0 0 0 0 0 0 0 0 0 0 0 0 0 0 0 0 0 0 0 0 0 0 0 0 0 0 0 0 0 0 0 0 0 0 0 0 0 0 0 0 0 0 0 0 0 0 0 0 0 0 0 0 0 0 0 0 0 0 0 0 0 0 0 0 0 0 0 0 0 0 0 0 0 0 0 0 0 0 0 0 0 0 0 0 0 0 0 0 0 0 0 0 0 0 0 0 0 0 0 0 0 0 0 0 0 0 0 0 0 0 0 0 0 0 0 0 0 0 0 0 0 0 0 0 0 0 0 0 0 0 0 0 0 0 0 0 0 0 0 0 0 0 0 0 0 0 0 0 0 0 0 0 0 0 0 0 0 0 0 0 0 0 0 0 0 0 0 0 0 0 0 0 0 0 0 0 0 0 0 0 0 0 0 0 0 0 0 0 0 0 0 0 0 0 0 0 0 0 0 0 0 0 0 0 0 0 0 0 0 0 0 0 0 0 0 0 0 0 0 0 0 0 0 0 0 0 0 0 0 0 0 0 0 0 0 0 0 0 0 0 0 0 0 0 0 0 0 0 0 0 0 0 0 0 0 0 0 0 0 0 0 0 0 0 0 0 0 0 0 0 0 0 0 0 0 0 0 0 0 0 0 0 0 0 0 0 0 0 0 0 0 0 0 0 0 0 0 0 0 0 0 0 0 0 0 0 0 0 0 0 0 0 0 0 0 0 0 0 0 0 0 0 0 0 0 0 0 0 0 0 0 0 0 0 0 0 0 0 0 0 0 0 0 0 0 0 0 0 0 0 0 0 0 0 0 0 0 0 0 0 0 0 0 0 0 0 0 0 0 0 0 0 0 0 0 0 0 0 0 0 0 0 0 0 0 0 0 0 0 0 0 0 0 0 0 0 0 0 0 0 0 0 0 0 0 0 0 0 0 0 0 0 0 0 0 0 0 0 0 0 0 0 0 0 0 0 0 0 0 0 0 0 0 0 0 0 0 0 0 0 0 0 0 0 0 0 0 0 0 0 0 0 0 0 0 0 0 0 0 0 0 0 0 0 0 0 0 0 0 0 0 0 0 0 0 0 0 0 0 0 0 0 0 0 0 0 0 0 0 0 0 0 0 0 0 0 0 0 0 0 0 0 0 0 0 0 0 0 0 0 0 0 0 0 0 0 0 0 0 0 0 0 0 0 0 0 0 0 0 0 0 0 0 0 0 0 0 0 0 0 0 0 0 0 0 0 0 0 0 0 0 0 0 0 0 0 0 0 0 0 0 0 0 0 0 0 0 0 0 0 0 0 0 0 0 0 0 0 0 0 0 0 0 0 0 0 0 0 0 0 0 0 0 0 0 0 0 0 0 0 0 0 0 0 0 0 0 0 0 0 0 0 0 0 0 0 0 0 0 0 0 0 0 0 0 0 0 0 0 0 0 0 0 0 0 0 0 0 0 0 0 0 0 0 0 0 0 0 0 0 0 0 0 0 0 0 0 0 0 0 0 0 0 0 0 0 0 0 0 0 0 0 0 0 0 0 0 0 0 0 0 0 0 0 0 0 0 0 0 0 0 0 0 0 0 0 0 0 0 0 0 0 0 0 0 0 0 0 0 0 0 0 0 0 0 0 0 0 0 0 0 0 0 0 0 0 0 0 0 0 0 0 0 0 0 0 0 0 0 0 0 0 0 0 0 0 0 0 0 0 0 0 0 0 0 0 0 0 0 0 0 0 0 0 0 0 0 0 0 0 0 0 0 0 0 0 0 0 0 0 0 0 0 0 0 0 0 0 0 0 0 0 0 0 0 0 0 0 0 0 0 0 0 0 0 0 0 0 0 0 0 0 0 0 0 0 0 0 0 0 0 0 0 0 0 0 0 0 0 0 0 0 0 0 0 0 0 0 0 0 0 0 0 0 0 0 0 0 0 0 0 0 0 0 0 0 0 0 0 0 0 0 0 0 0 0 0 0 0 0 0 0 0 0 0 0 0 0 0 0 0 0 0 0 0 0 0 0 0 0 0 0 0 0 0 0 0 0 0 0 0 0 0 0 0 0 0 0 0 0 0 0 0 0 0 0 0 0 0 0 0 0 0 0 0 0 0 0 0 0 0 0 0 0 0 0 0 0 0 0 0 0 0 0 0 0 0 0 0 0 0 0 0 0 0 0 0 0 0 0 0 0 0 0 0 0 0 0 0 0 0 0 0 0 0 0 0 0 0 0 0 0 0 0 0 0 0 0 0 0 0 0 0 0 0 0 0 0 0 0 0 0 0 0 0 0 0 0 0 0 0 0 0 0 0 0 0 0 0 0 0 0 0 0 0 0 0 0 0 0 0 0 0 0 0 0 0 0 0 0 0 0 0 0 0 0 0 0 0 0 0 0 0 0 0 0 0 0 0 0 0 0 0 0 0 0 0 0 0 0 0 0 0 0 0 0 0 0 0 0 0 0 0 0 0 0 0 0 0 0 0 0 0 0 0 0 0 0 0 0 0 0 0 0 0 0 0 0 0 0 0 0 0 0 0 0 0 0 0 0 0 0 0 0 0 0 0 0 0 0 0 0 0 0 0 0 0 0 0 0 0 0 0 0 0 0 0 0 0 0 0 0 0 0 0 0 0 0 0 0 0 0 0 0 0 0 0 0 0 0 0 0 0 0 0 0 0 0 0 0 0 0 0 0 0 0 0 0 0 0 0 0 0 0 0 0 0 0 0 0 0 0 0 0 0 0 0 0 0 0 0 0 0 0 0 0 0 0 0 0 0 0 0 0 0 0 0 0 0 0 0 0 0 0 0 0 0 0 0 0 0 0 0 0 0 0 0 0 0 0 0 0 0 0 0 0 0 0 0 0 0 0 0 0 0 0 0 0 0 0 0 0 0 0 0 0 0 0 0 0 0 0 0 0 0 0 0 0 0 0 0 0 0 0 0 0 0 0 0 0 0 0 0 0 0 0 0 0 0 0 0 0 0 0 0 0 0 0 0 0 0 0 0 0 0 0 0 0 0 0 0 0 0 0 0 0 0 0 0 0 0 0 0 0 0 0 0 0 0 0 0 0 0 0 0 0 0 0 0 0 0 0 0 0 0 0 0 0 0 0 0 0 0 0 0 0 0 0 0 0 0 0 0 0 0 0 0 0 0 0 0 0 0 0 0 0 0 0 0 0 0 0 0 0 0 0 0 0 0 0 0 0 0 0 0 0 0 0 0 0 0 0 0 0 0 0 0 0 0 0 0 0 0 0 0 0 0 0 0 0 0 0 0 0 0 0 0 0 0 0 0 0 0 0 0 0 0 0 0 0 0 0 0 0 0 0 0 0 0 0 0 0 0 0 0 0 0 0 0 0 0 0 0 0 0 0 0 0 0 0 0 0 0 0 0 0 0 0 0 0 0 0 0 0 0 0 0 0 0 0 0 0 0 0 0 0 0 0 0 0 0 0 0 0 0 0 0 0 0 0 0 0 0 0 0 0 0 0 0 0 0 0 0 0 0 0 0 0 0 0 0 0 0 0 0 0 0 0 0 0 0 0 0 0 0 0 0 0 0 0 0 0 0 0 0 0 0 0 0 0 0 0 0 0 0 0 0 0 0 0 0 0 0 0 0 0 0 0 0 0 0 0 0 0 0 0 0 0 0 0 0 0 0 0 0 0 0 0 0 0 0 0 0 0 0 0 0 0 0 0 0 0 0 0 0 0 0 0 0 0 0 0 0 0 0 0 0 0 0 0 0 0 0 0 0 0 0 0 0 0 0 0 0 0 0 0 0 0 0 0 0 0 0 0 0 0 0 0 0 0 0 0 0 0 0 0 0 0 0 0 0 0 0 0 0 0 0 0 0 0 0 0 0 0 0 0 0
ctxt 9728091
btime 1613144793
processes 206738
procs_running 1
procs_blocked 0
softirq 97954924 1 60352999 1805 1792372 0 0 158 3069986 0 32737603
