cpu  7645028 7 10790 2598945 149 0 804 0 0 0
cpu0 120365 0 406 39266 1 0 176 0 0 0
cpu1 119420 0 135 40666 10 0 56 0 0 0
cpu2 119882 1 244 40130 0 0 0 0 0 0
cpu3 119444 0 97 40717 0 0 1 0 0 0
cpu4 119444 0 154 40637 0 0 5 0 0 0
cpu5 119389 0 114 40751 0 0 7 0 0 0
cpu6 119920 0 425 39849 4 0 3 0 0 0
cpu7 118889 0 529 40739 2 0 100 0 0 0
cpu8 119360 0 256 40637 0 0 2 0 0 0
cpu9 119415 0 88 40746 6 0 4 0 0 0
cpu10 119427 0 298 40516 2 0 4 0 0 0
cpu11 119446 0 59 40754 0 0 1 0 0 0
cpu12 119522 0 224 40488 1 0 5 0 0 0
cpu13 119337 0 159 40741 0 0 43 0 0 0
cpu14 119463 2 155 40630 1 0 2 0 0 0
cpu15 119434 0 75 40748 0 0 0 0 0 0
cpu16 119486 0 176 40571 0 0 0 0 0 0
cpu17 119288 0 191 40756 0 0 20 0 0 0
cpu18 119472 1 199 40568 0 0 1 0 0 0
cpu19 119296 0 211 40722 1 0 8 0 0 0
cpu20 119550 0 329 40344 0 0 4 0 0 0
cpu21 119350 0 164 40740 0 0 2 0 0 0
cpu22 119458 0 246 40539 1 0 6 0 0 0
cpu23 119324 0 168 40746 0 0 16 0 0 0
cpu24 119482 0 296 40393 42 0 2 0 0 0
cpu25 119371 0 98 40776 0 0 3 0 0 0
cpu26 119514 0 257 40479 1 0 2 0 0 0
cpu27 119448 0 65 40736 0 0 1 0 0 0
cpu28 119481 0 208 40547 1 0 5 0 0 0
cpu29 119386 0 100 40757 0 0 1 0 0 0
cpu30 119461 0 150 40633 0 0 2 0 0 0
cpu31 119444 0 64 40743 0 0 0 0 0 0
cpu32 119540 0 102 40533 5 0 56 0 0 0
cpu33 119280 0 167 40775 1 0 15 0 0 0
cpu34 119474 0 76 40694 0 0 0 0 0 0
cpu35 119372 0 89 40770 3 0 7 0 0 0
cpu36 119424 0 108 40713 0 0 2 0 0 0
cpu37 119432 0 76 40741 0 0 2 0 0 0
cpu38 119444 0 86 40713 0 0 0 0 0 0
cpu39 118973 0 466 40727 0 0 82 0 0 0
cpu40 119471 0 168 40604 0 0 0 0 0 0
cpu41 119445 0 64 40737 1 0 0 0 0 0
cpu42 119420 0 133 40684 3 0 5 0 0 0
cpu43 119460 0 56 40727 0 0 0 0 0 0
cpu44 119736 0 108 40402 0 0 0 0 0 0
cpu45 119374 0 117 40733 0 0 13 0 0 0
cpu46 119558 0 148 40498 27 0 2 0 0 0
cpu47 119450 0 61 40731 0 0 2 0 0 0
cpu48 119508 0 114 40599 0 0 0 0 0 0
cpu49 119422 0 79 40736 0 0 2 0 0 0
cpu50 119462 0 291 40486 0 0 1 0 0 0
cpu51 119354 0 153 40728 0 0 4 0 0 0
cpu52 119555 0 140 40530 0 0 4 0 0 0
cpu53 119285 0 201 40732 2 0 19 0 0 0
cpu54 119520 0 133 40583 0 0 1 0 0 0
cpu55 119358 0 137 40726 1 0 12 0 0 0
cpu56 119611 0 175 40450 0 0 0 0 0 0
cpu57 119440 0 70 40725 2 0 3 0 0 0
cpu58 119582 0 146 40504 0 0 0 0 0 0
cpu59 119445 0 60 40732 0 0 1 0 0 0
cpu60 119557 0 159 40520 1 0 1 0 0 0
cpu61 119095 0 344 40734 0 0 57 0 0 0
cpu62 119559 0 106 40570 0 0 2 0 0 0
cpu63 119428 0 91 40709 0 0 4 0 0 0
intr 22292307 82 0 0 0 626 0 0 0 1 0 284 0 0 0 0 0 0 0 0 0 0 0 0 0 0 0 0 0 0 0 0 0 0 0 0 0 0 0 84 2799 2 212 0 6630 5 6356 7 1712 38 0 49 1048 2 0 35 3196 47 3646 233 2109 486 5150 266 280 0 438 5 325 3 192 32495 6283 2 496 0 1923 0 6784 4 205 1483 0 15 1648 95 157 2 1274 64 2026 6892 10426 3 3676 0 1214 0 1091 19 7599 11 3710 0 0 0 0 0 0 0 0 0 0 0 0 0 0 0 0 0 94 30475 0 0 0 0 0 0 0 0 0 0 0 0 0 0 0 0 0 0 0 0 0 0 0 0 0 0 0 0 0 0 0 0 0 0 0 0 0 0 0 0 0 0 0 0 0 0 0 0 0 0 0 0 0 0 0 0 0 0 0 0 0 0 0 0 0 0 0 0 0 0 0 0 0 0 0 22 0 0 0 0 0 0 0 0 0 0 0 0 0 0 0 0 0 0 0 0 0 0 0 0 0 0 0 0 0 0 0 0 0 0 0 0 0 0 0 0 0 0 0 0 0 0 0 0 0 0 0 0 0 0 0 0 0 0 0 0 0 0 0 0 0 0 0 0 0 0 0 0 0 0 0 0 0 0 0 0 0 0 0 0 0 0 0 0 0 0 0 0 0 0 0 0 0 0 0 0 0 0 0 0 0 0 0 0 0 0 0 0 0 0 0 0 0 0 0 0 0 0 0 0 0 0 0 0 0 0 0 0 0 0 0 0 0 0 0 0 0 0 0 0 0 0 0 0 0 0 0 0 0 0 0 0 0 0 0 0 0 0 0 0 0 0 0 0 0 0 0 0 0 0 0 0 0 0 0 0 0 0 0 0 0 0 0 0 0 0 0 0 0 0 0 0 0 0 0 0 0 0 0 0 0 0 0 0 0 0 0 0 0 0 0 0 0 0 0 0 0 0 0 0 0 0 0 0 0 0 0 0 0 0 0 0 0 0 0 0 0 0 0 0 0 0 0 0 0 0 0 0 0 0 0 0 0 0 0 0 0 0 0 0 0 0 0 0 0 0 0 0 0 0 0 0 0 0 0 0 0 0 0 0 0 0 0 0 0 0 0 0 0 0 0 0 0 0 0 0 0 0 0 0 0 0 0 0 0 0 0 0 0 0 0 0 0 0 0 0 0 0 0 0 0 0 0 0 0 0 0 0 0 0 0 0 0 0 0 0 0 0 0 0 0 0 0 0 0 0 0 0 0 0 0 0 0 0 0 0 0 0 0 0 0 0 0 0 0 0 0 0 0 0 0 0 0 0 0 0 0 0 0 0 0 0 0 0 0 0 0 0 0 0 0 0 0 0 0 0 0 0 0 0 0 0 0 0 0 0 0 0 0 0 0 0 0 0 0 0 0 0 0 0 0 0 0 0 0 0 0 0 0 0 0 0 0 0 0 0 0 0 0 0 0 0 0 0 0 0 0 0 0 0 0 0 0 0 0 0 0 0 0 0 0 0 0 0 0 0 0 0 0 0 0 0 0 0 0 0 0 0 0 0 0 0 0 0 0 0 0 0 0 0 0 0 0 0 0 0 0 0 0 0 0 0 0 0 0 0 0 0 0 0 0 0 0 0 0 0 0 0 0 0 0 0 0 0 0 0 0 0 0 0 0 0 0 0 0 0 0 0 0 0 0 0 0 0 0 0 0 0 0 0 0 0 0 0 0 0 0 0 0 0 0 0 0 0 0 0 0 0 0 0 0 0 0 0 0 0 0 0 0 0 0 0 0 0 0 0 0 0 0 0 0 0 0 0 0 0 0 0 0 0 0 0 0 0 0 0 0 0 0 0 0 0 0 0 0 0 0 0 0 0 0 0 0 0 0 0 0 0 0 0 0 0 0 0 0 0 0 0 0 0 0 0 0 0 0 0 0 0 0 0 0 0 0 0 0 0 0 0 0 0 0 0 0 0 0 0 0 0 0 0 0 0 0 0 0 0 0 0 0 0 0 0 0 0 0 0 0 0 0 0 0 0 0 0 0 0 0 0 0 0 0 0 0 0 0 0 0 0 0 0 0 0 0 0 0 0 0 0 0 0 0 0 0 0 0 0 0 0 0 0 0 0 0 0 0 0 0 0 0 0 0 0 0 0 0 0 0 0 0 0 0 0 0 0 0 0 0 0 0 0 0 0 0 0 0 0 0 0 0 0 0 0 0 0 0 0 0 0 0 0 0 0 0 0 0 0 0 0 0 0 0 0 0 0 0 0 0 0 0 0 0 0 0 0 0 0 0 0 0 0 0 0 0 0 0 0 0 0 0 0 0 0 0 0 0 0 0 0 0 0 0 0 0 0 0 0 0 0 0 0 0 0 0 0 0 0 0 0 0 0 0 0 0 0 0 0 0 0 0 0 0 0 0 0 0 0 0 0 0 0 0 0 0 0 0 0 0 0 0 0 0 0 0 0 0 0 0 0 0 0 0 0 0 0 0 0 0 0 0 0 0 0 0 0 0 0 0 0 0 0 0 0 0 0 0 0 0 0 0 0 0 0 0 0 0 0 0 0 0 0 0 0 0 0 0 0 0 0 0 0 0 0 0 0 0 0 0 0 0 0 0 0 0 0 0 0 0 0 0 0 0 0 0 0 0 0 0 0 0 0 0 0 0 0 0 0 0 0 0 0 0 0 0 0 0 0 0 0 0 0 0 0 0 0 0 0 0 0 0 0 0 0 0 0 0 0 0 0 0 0 0 0 0 0 0 0 0 0 0 0 0 0 0 0 0 0 0 0 0 0 0 0 0 0 0 0 0 0 0 0 0 0 0 0 0 0 0 0 0 0 0 0 0 0 0 0 0 0 0 0 0 0 0 0 0 0 0 0 0 0 0 0 0 0 0 0 0 0 0 0 0 0 0 0 0 0 0 0 0 0 0 0 0 0 0 0 0 0 0 0 0 0 0 0 0 0 0 0 0 0 0 0 0 0 0 0 0 0 0 0 0 0 0 0 0 0 0 0 0 0 0 0 0 0 0 0 0 0 0 0 0 0 0 0 0 0 0 0 0 0 0 0 0 0 0 0 0 0 0 0 0 0 0 0 0 0 0 0 0 0 0 0 0 0 0 0 0 0 0 0 0 0 0 0 0 0 0 0 0 0 0 0 0 0 0 0 0 0 0 0 0 0 0 0 0 0 0 0 0 0 0 0 0 0 0 0 0 0 0 0 0 0 0 0 0 0 0 0 0 0 0 0 0 0 0 0 0 0 0 0 0 0 0 0 0 0 0 0 0 0 0 0 0 0 0 0 0 0 0 0 0 0 0 0 0 0 0 0 0 0 0 0 0 0 0 0 0 0 0 0 0 0 0 0 0 0 0 0 0 0 0 0 0 0 0 0 0 0 0 0 0 0 0 0 0 0 0 0 0 0 0 0 0 0 0 0 0 0 0 0 0 0 0 0 0 0 0 0 0 0 0 0 0 0 0 0 0 0 0 0 0 0 0 0 0 0 0 0 0 0 0 0 0 0 0 0 0 0 0 0 0 0 0 0 0 0 0 0 0 0 0 0 0 0 0 0 0 0 0 0 0 0 0 0 0 0 0 0 0 0 0 0 0 0 0 0 0 0 0 0 0 0 0 0 0 0 0 0 0 0 0 0 0 0 0 0 0 0 0 0 0 0 0 0 0 0 0 0 0 0 0 0 0 0 0 0 0 0 0 0 0 0 0 0 0 0 0 0 0 0 0 0 0 0 0 0 0 0 0 0 0 0 0 0 0 0 0 0 0 0 0 0 0 0 0 0 0 0 0 0 0 0 0 0 0 0 0 0 0 0 0 0 0 0 0 0 0 0 0 0 0 0 0 0 0 0 0 0 0 0 0 0 0 0 0 0 0 0 0 0 0 0 0 0 0 0 0 0 0 0 0 0 0 0 0 0 0 0 0 0 0 0 0 0 0 0 0 0 0 0 0 0 0 0 0 0 0 0 0 0 0 0 0 0 0 0 0 0 0 0 0 0 0 0 0 0 0 0 0 0 0 0 0 0 0 0 0 0 0 0 0 0 0 0 0 0 0 0 0 0 0 0 0 0 0 0 0 0 0 0 0 0 0 0 0 0 0 0 0 0 0 0 0 0 0 0 0 0 0 0 0 0 0 0 0 0 0 0 0 0 0 0 0 0 0 0 0 0 0 0 0 0 0 0 0 0 0 0 0 0 0 0 0 0 0 0 0 0 0 0 0 0 0 0 0 0 0 0 0 0 0 0 0 0 0 0 0 0 0 0 0 0 0 0 0 0 0 0 0 0 0 0 0 0 0 0 0 0 0 0 0 0 0 0 0 0 0 0 0 0 0 0 0 0 0 0 0 0 0 0 0 0 0 0 0 0 0 0 0 0 0 0 0 0 0 0 0 0 0 0 0 0 0 0 0 0 0 0 0 0 0 0 0 0 0 0 0 0 0 0 0 0 0 0 0 0 0 0 0 0 0 0 0 0 0 0 0 0 0 0 0 0 0 0 0 0 0 0 0 0 0 0 0 0 0 0 0 0 0 0 0 0 0 0 0 0 0 0 0 0 0 0 0 0 0 0 0 0 0 0 0 0 0 0 0 0 0 0 0 0 0 0 0 0 0 0 0 0 0 0 0 0 0 0 0 0 0 0 0 0 0 0 0 0 0 0 0 0 0 0 0 0 0 0 0 0 0 0 0 0 0 0 0 0 0 0 0 0 0 0 0 0 0 0 0 0 0 0 0 0 0 0 0 0 0 0 0 0 0 0 0 0 0 0 0 0 0 0 0 0 0 0 0 0 0 0 0 0 0 0 0 0 0 0 0 0 0 0 0 0 0 0 0 0 0 0 0 0 0 0 0 0 0 0 0 0 0 0 0 0 0 0 0 0 0 0 0 0 0 0 0 0 0 0 0 0 0 0 0 0 0 0 0 0 0 0 0 0 0 0 0 0 0 0 0 0 0 0 0 0 0 0 0 0 0 0 0 0 0 0 0 0 0 0 0 0 0 0 0 0 0 0 0 0 0 0 0 0 0 0 0 0 0 0 0 0 0 0 0 0 0 0 0 0 0 0 0 0 0 0 0 0 0 0 0 0 0 0 0 0 0 0 0 0 0 0 0 0 0 0 0 0 0 0 0 0 0 0 0 0 0 0 0 0 0 0 0 0 0 0 0 0 0 0 0
ctxt 3897784
btime 1613144793
processes 92547
procs_running 1
procs_blocked 0
softirq 25479781 1 14858258 536 743384 0 0 142 841445 0 9036015
