cpu  45378277 5 50426 11935107 697 0 3782 0 0 0
cpu0 353191 0 2161 92449 0 0 314 0 0 0
cpu1 354042 0 992 93128 7 0 21 0 0 0
cpu2 353854 0 844 93415 0 0 69 0 0 0
cpu3 354100 0 608 93455 1 0 43 0 0 0
cpu4 354079 0 874 93190 0 0 82 0 0 0
cpu5 354072 0 680 93399 0 0 42 0 0 0
cpu6 354088 0 465 93625 0 0 30 0 0 0
cpu7 354349 0 390 93443 0 0 30 0 0 0
cpu8 354106 0 686 93354 0 0 74 0 0 0
cpu9 354156 0 790 93179 0 0 71 0 0 0
cpu10 354147 0 410 93600 0 0 40 0 0 0
cpu11 354409 0 344 93431 0 0 28 0 0 0
cpu12 354194 0 769 93167 0 0 72 0 0 0
cpu13 354593 0 653 92934 1 0 29 0 0 0
cpu14 354386 0 431 93337 0 0 31 0 0 0
cpu15 354121 0 406 93651 0 0 26 0 0 0
cpu16 354356 0 492 93327 0 0 35 0 0 0
cpu17 354398 1 733 93014 0 0 56 0 0 0
cpu18 354692 0 312 93191 0 0 24 0 0 0
cpu19 354444 0 287 93463 0 0 20 0 0 0
cpu20 354207 0 621 93301 0 0 73 0 0 0
cpu21 355323 0 621 92241 0 0 25 0 0 0
cpu22 354597 0 362 93228 0 0 29 0 0 0
cpu23 354175 0 312 93522 0 0 156 0 0 0
cpu24 354443 0 568 93156 0 0 46 0 0 0
cpu25 354950 0 520 92718 0 0 26 0 0 0
cpu26 354720 0 266 93213 0 0 20 0 0 0
cpu27 354008 0 430 93711 0 0 26 0 0 0
cpu28 354596 0 404 93185 0 0 26 0 0 0
cpu29 354426 0 424 93309 0 0 26 0 0 0
cpu30 354622 0 264 93311 0 0 12 0 0 0
cpu31 354040 0 670 93393 0 0 98 0 0 0
cpu32 353232 0 1666 93087 0 0 252 0 0 0
cpu33 354612 0 278 93294 4 0 16 0 0 0
cpu34 354628 0 252 93311 0 0 14 0 0 0
cpu35 354354 0 257 93578 1 0 20 0 0 0
cpu36 354540 0 378 93259 0 0 32 0 0 0
cpu37 355274 0 388 92461 66 0 10 0 0 0
cpu38 354074 0 428 93609 0 0 40 0 0 0
cpu39 354561 0 254 93379 0 0 14 0 0 0
cpu40 354260 0 520 93394 1 0 27 0 0 0
cpu41 354904 0 286 92967 30 0 14 0 0 0
cpu42 354608 0 264 93316 0 0 19 0 0 0
cpu43 354571 0 244 93363 1 0 26 0 0 0
cpu44 354418 0 398 93347 1 0 26 0 0 0
cpu45 354669 0 411 92977 112 0 19 0 0 0
cpu46 354319 0 515 93289 0 0 73 0 0 0
cpu47 354538 0 240 93406 0 0 18 0 0 0
cpu48 354130 0 598 93388 0 0 70 0 0 0
cpu49 354629 0 438 93122 0 0 18 0 0 0
cpu50 354018 0 326 93805 0 0 25 0 0 0
cpu51 354489 0 303 93383 0 0 29 0 0 0
cpu52 354646 0 290 93254 0 0 11 0 0 0
cpu53 354590 0 349 93112 91 0 31 0 0 0
cpu54 354716 0 187 93280 4 0 14 0 0 0
cpu55 354436 0 282 93461 2 0 24 0 0 0
cpu56 354643 0 235 93312 0 0 8 0 0 0
cpu57 354371 0 373 93405 1 0 23 0 0 0
cpu58 354506 0 282 93395 0 0 15 0 0 0
cpu59 354485 0 298 93386 0 0 27 0 0 0
cpu60 354304 0 498 93324 0 0 66 0 0 0
cpu61 354696 0 336 93128 8 0 25 0 0 0
cpu62 354462 0 361 93345 0 0 22 0 0 0
cpu63 354409 0 366 93383 0 0 38 0 0 0
cpu64 354535 0 470 92978 185 0 11 0 0 0
cpu65 354524 0 489 93151 1 0 7 0 0 0
cpu66 354517 0 334 93313 2 0 25 0 0 0
cpu67 354416 0 324 93435 0 0 21 0 0 0
cpu68 354112 0 809 93165 0 0 111 0 0 0
cpu69 354691 0 372 93071 32 0 9 0 0 0
cpu70 354646 0 194 93347 0 0 4 0 0 0
cpu71 354470 0 286 93417 0 0 16 0 0 0
cpu72 354700 0 334 93135 2 0 17 0 0 0
cpu73 354572 0 516 93066 3 0 19 0 0 0
cpu74 354390 0 265 93508 1 0 24 0 0 0
cpu75 354580 0 248 93332 0 0 12 0 0 0
cpu76 354518 0 378 93281 1 0 22 0 0 0
cpu77 354812 0 454 92893 15 0 8 0 0 0
cpu78 354411 0 294 93438 0 0 18 0 0 0
cpu79 354518 0 284 93359 0 0 17 0 0 0
cpu80 354760 0 269 93152 0 0 6 0 0 0
cpu81 354722 0 452 92969 28 0 15 0 0 0
cpu82 354568 0 348 93253 0 0 18 0 0 0
cpu83 354538 0 262 93383 1 0 11 0 0 0
cpu84 354546 0 383 93242 0 0 17 0 0 0
cpu85 355018 0 399 92747 1 0 12 0 0 0
cpu86 354366 0 263 93540 0 0 16 0 0 0
cpu87 354543 0 230 93392 1 0 12 0 0 0
cpu88 354683 0 245 93248 0 0 12 0 0 0
cpu89 356740 2 590 90803 6 0 9 0 0 0
cpu90 354554 0 218 93392 0 0 14 0 0 0
cpu91 354404 0 335 93429 0 0 24 0 0 0
cpu92 354523 0 313 93257 0 0 86 0 0 0
cpu93 355143 0 360 92645 1 0 9 0 0 0
cpu94 354693 0 190 93288 0 0 7 0 0 0
cpu95 354614 0 209 93352 0 0 12 0 0 0
cpu96 354597 0 402 93149 6 0 26 0 0 0
cpu97 354857 0 302 92997 1 0 7 0 0 0
cpu98 354543 0 210 93397 0 0 12 0 0 0
cpu99 354592 0 233 93349 0 0 11 0 0 0
cpu100 354428 0 472 93236 12 0 32 0 0 0
cpu101 354515 0 186 93451 1 0 5 0 0 0
cpu102 354462 0 212 93483 1 0 7 0 0 0
cpu103 354352 0 211 93587 0 0 5 0 0 0
cpu104 354559 0 346 93259 0 0 14 0 0 0
cpu105 354727 0 290 93145 0 0 6 0 0 0
cpu106 354695 0 166 93313 0 0 6 0 0 0
cpu107 354512 0 210 93430 0 0 12 0 0 0
cpu108 354574 0 221 93363 2 0 10 0 0 0
cpu109 354982 0 408 92779 0 0 10 0 0 0
cpu110 354433 0 319 93402 0 0 12 0 0 0
cpu111 354612 0 214 93346 0 0 6 0 0 0
cpu112 354744 0 262 93150 0 0 20 0 0 0
cpu113 354752 0 286 93124 3 0 4 0 0 0
cpu114 354698 0 201 93269 0 0 10 0 0 0
cpu115 354532 0 229 93406 0 0 14 0 0 0
cpu116 354856 0 148 93160 0 0 2 0 0 0
cpu117 354691 0 227 93234 5 0 10 0 0 0
cpu118 354699 0 188 93276 0 0 8 0 0 0
cpu119 354338 0 392 93408 0 0 40 0 0 0
cpu120 354848 0 184 93138 0 0 2 0 0 0
cpu121 354751 0 196 93217 4 0 4 0 0 0
cpu122 354667 0 272 93219 0 0 9 0 0 0
cpu123 354572 0 205 93394 0 0 3 0 0 0
cpu124 354778 0 190 93189 0 0 15 0 0 0
cpu125 354818 0 210 93128 0 0 8 0 0 0
cpu126 354604 0 272 93280 0 0 8 0 0 0
cpu127 354638 0 305 93221 0 0 5 0 0 0
intr 128559069 129 0 0 0 680 0 0 0 1 0 285 0 0 0 0 0 0 0 0 0 0 0 0 0 0 0 0 0 0 0 0 0 0 0 0 260 0 578 453 5743 5215 226 1829 1080 4011 338 5148 1176 4660 400 78 5844 6162 514 587 2320 3597 463 343 1364 62749 345 911 1901 5135 735 1537 1390 4490 270 1 934 4965 644 80 3306 2307 411 474 1597 2527 1020 4228 1111 2671 0 484 1451 4508 282 897 530 2381 453 849 1885 3203 1461 99 4416 4874 358 275 4281 6809 226 10 293 5352 409 144 739 3012 414 5 2266 4554 182 102 3294 5326 802 29 2526 2113 418 77 900 11469 19271 4472 1692 3380 295 99 1187 4004 757 422 1352 1843 420 277 1309 2799 594 2542 409 1937 2 7 760 3972 354 835 787 0 0 0 0 0 0 0 0 0 0 161 3642 3 385 63 107 38 25 106 13 0 236 26 9 1 7 10 405 338 5 149 3 1 55 79 387 3440 194 672 687 436 1119 78 78 0 0 0 0 0 0 0 0 0 0 0 0 0 0 0 0 10003 2164 5291 199 3299 237 142 127 145 33 71 246 130 181 73 95 76 41 33 27 37 21 12 42 21 11 74 133 6 2 39 9 13 7 13 21 56 33 0 377 288 74 80 174 135 100 72 21 3 0 55 0 28 32 15 3 17 3 9 18 5 0 12 0 0 0 0 0 0 0 0 0 0 0 0 0 0 0 0 0 0 0 0 0 0 0 0 0 0 0 0 0 0 0 0 0 0 0 0 0 0 0 0 0 0 0 0 0 0 0 0 0 0 0 0 0 0 0 0 0 0 0 0 0 0 0 0 0 0 0 0 0 0 0 0 0 0 0 0 0 0 0 0 0 0 0 0 0 0 0 0 0 0 0 0 0 0 0 0 0 0 0 0 0 0 0 0 0 0 0 0 0 0 0 0 0 0 0 0 0 0 0 0 0 0 0 0 0 0 0 0 0 0 0 0 0 0 0 0 0 0 0 0 0 0 0 0 0 0 0 0 0 0 0 0 0 0 0 0 0 0 0 0 0 0 0 0 0 0 0 0 0 0 0 0 0 0 0 0 0 0 0 0 0 0 0 0 0 0 0 0 0 0 0 0 0 0 0 0 0 0 0 0 0 0 0 0 0 0 0 0 0 0 0 0 0 0 0 0 0 0 0 0 0 0 0 0 0 0 0 0 0 0 0 0 0 0 0 0 0 0 0 0 0 0 0 0 0 0 0 0 0 0 0 0 0 0 0 0 0 0 0 0 0 0 0 0 0 0 0 0 0 0 0 0 0 0 0 0 0 0 0 0 0 0 0 0 0 0 0 0 0 0 0 0 0 0 0 0 0 0 0 0 0 0 0 0 0 0 0 0 0 0 0 0 0 0 0 0 0 0 0 0 0 0 0 0 0 0 0 0 0 0 0 0 0 0 0 0 0 0 0 0 0 0 0 0 0 0 0 0 0 0 0 0 0 0 0 0 0 0 0 0 0 0 0 0 0 0 0 0 0 0 0 0 0 0 0 0 0 0 0 0 0 0 0 0 0 0 0 0 0 0 0 0 0 0 0 0 0 0 0 0 0 0 0 0 0 0 0 0 0 0 0 0 0 0 0 0 0 0 0 0 0 0 0 0 0 49 0 0 0 3 0 0 0 0 0 0 0 0 0 0 0 0 0 0 0 0 0 0 0 0 0 49 0 0 0 0 0 0 0 0 0 0 0 0 0 0 0 0 0 0 0 0 0 0 0 0 0 0 0 0 0 0 0 0 0 0 0 0 0 0 0 0 0 0 0 0 0 0 0 0 0 0 0 0 0 0 0 0 0 0 0 0 0 0 0 0 0 22 0 0 0 0 0 0 0 0 0 0 0 0 0 0 0 0 0 0 0 0 0 0 0 0 0 0 0 0 0 0 0 0 0 0 0 0 0 0 0 0 0 0 0 0 0 0 0 0 0 0 0 0 0 0 0 0 0 0 0 0 0 0 0 0 0 0 0 0 0 0 0 0 0 0 0 0 0 0 0 0 0 0 0 0 0 0 0 0 0 0 0 0 0 0 0 0 0 0 0 0 0 0 0 0 0 0 0 0 0 0 0 0 0 0 0 0 0 0 0 0 0 0 0 0 0 0 0 0 0 0 0 0 0 0 0 0 0 0 0 0 0 0 0 0 0 0 0 0 0 0 0 0 0 0 0 0 0 0 0 0 0 0 0 0 0 0 0 0 0 0 0 0 0 0 0 0 0 0 0 0 0 0 0 0 0 0 0 0 0 0 0 0 0 0 0 0 0 0 0 0 0 0 0 0 0 0 0 0 0 0 0 0 0 0 0 0 0 0 0 0 0 0 0 0 0 0 0 0 0 0 0 0 0 0 0 0 0 0 0 0 0 0 0 0 0 0 0 0 0 0 0 0 0 0 0 0 0 0 0 0 0 0 0 0 0 0 0 0 0 0 0 0 0 0 0 0 0 0 0 0 0 0 0 0 0 0 0 0 0 0 0 0 0 0 0 0 0 0 0 0 0 0 0 0 0 0 0 0 0 0 0 0 0 0 0 0 0 0 0 0 0 0 0 0 0 0 0 0 0 0 0 0 0 0 0 0 0 0 0 0 0 0 0 0 0 0 0 0 0 0 0 0 0 0 0 0 0 0 0 0 0 0 0 0 0 0 0 0 0 0 0 0 0 0 0 0 0 0 0 0 0 0 0 0 0 0 0 0 0 0 0 0 0 0 0 0 0 0 0 0 0 0 0 0 0 0 0 0 0 0 0 0 0 0 0 0 0 0 0 0 0 0 0 0 0 0 0 0 0 0 0 0 0 0 0 0 0 0 0 0 0 0 0 0 0 0 0 0 0 0 0 0 0 0 0 0 0 0 0 0 0 0 0 0 0 0 0 0 0 0 0 0 0 0 0 0 0 0 0 0 0 0 0 0 0 0 0 0 0 0 0 0 0 0 0 0 0 0 0 0 0 0 0 0 0 0 0 0 0 0 0 0 0 0 0 0 0 0 0 0 0 0 0 0 0 0 0 0 0 0 0 0 0 0 0 0 0 0 0 0 0 0 0 0 0 0 0 0 0 0 0 0 0 0 0 0 0 0 0 0 0 0 0 0 0 0 0 0 0 0 0 0 0 0 0 0 0 0 0 0 0 0 0 0 0 0 0 0 0 0 0 0 0 0 0 0 0 0 0 0 0 0 0 0 0 0 0 0 0 0 0 0 0 0 0 0 0 0 0 0 0 0 0 0 0 0 0 0 0 0 0 0 0 0 0 0 0 0 0 0 0 0 0 0 0 0 0 0 0 0 0 0 0 0 0 0 0 0 0 0 0 0 0 0 0 0 0 0 0 0 0 0 0 0 0 0 0 0 0 0 0 0 0 0 0 0 0 0 0 0 0 0 0 0 0 0 0 0 0 0 0 0 0 0 0 0 0 0 0 0 0 0 0 0 0 0 0 0 0 0 0 0 0 0 0 0 0 0 0 0 0 0 0 0 0 0 0 0 0 0 0 0 0 0 0 0 0 0 0 0 0 0 0 0 0 0 0 0 0 0 0 0 0 0 0 0 0 0 0 0 0 0 0 0 0 0 0 0 0 0 0 0 0 0 0 0 0 0 0 0 0 0 0 0 0 0 0 0 0 0 0 0 0 0 0 0 0 0 0 0 0 0 0 0 0 0 0 0 0 0 0 0 0 0 0 0 0 0 0 0 0 0 0 0 0 0 0 0 0 0 0 0 0 0 0 0 0 0 0 0 0 0 0 0 0 0 0 0 0 0 0 0 0 0 0 0 0 0 0 0 0 0 0 0 0 0 0 0 0 0 0 0 0 0 0 0 0 0 0 0 0 0 0 0 0 0 0 0 0 0 0 0 0 0 0 0 0 0 0 0 0 0 0 0 0 0 0 0 0 0 0 0 0 0 0 0 0 0 0 0 0 0 0 0 0 0 0 0 0 0 0 0 0 0 0 0 0 0 0 0 0 0 0 0 0 0 0 0 0 0 0 0 0 0 0 0 0 0 0 0 0 0 0 0 0 0 0 0 0 0 0 0 0 0 0 0 0 0 0 0 0 0 0 0 0 0 0 0 0 0 0 0 0 0 0 0 0 0 0 0 0 0 0 0 0 0 0 0 0 0 0 0 0 0 0 0 0 0 0 0 0 0 0 0 0 0 0 0 0 0 0 0 0 0 0 0 0 0 0 0 0 0 0 0 0 0 0 0 0 0 0 0 0 0 0 0 0 0 0 0 0 0 0 0 0 0 0 0 0 0 0 0 0 0 0 0 0 0 0 0 0 0 0 0 0 0 0 0 0 0 0 0 0 0 0 0 0 0 0 0 0 0 0 0 0 0 0 0 0 0 0 0 0 0 0 0 0 0 0 0 0 0 0 0 0 0 0 0 0 0 0 0 0 0 0 0 0 0 0 0 0 0 0 0 0 0 0 0 0 0 0 0 0 0 0 0 0 0 0 0 0 0 0 0 0 0 0 0 0 0 0 0 0 0 0 0 0 0 0 0 0 0 0 0 0 0 0 0 0 0 0 0 0 0 0 0 0 0 0 0 0 0 0 0 0 0 0 0 0 0 0 0 0 0 0 0 0 0 0 0 0 0 0 0 0 0 0 0 0 0 0 0 0 0 0 0 0 0 0 0 0 0 0 0 0 0 0 0 0 0 0 0 0 0 0 0 0 0 0 0 0 0 0 0 0 0 0 0 0 0 0 0 0 0 0 0 0 0 0 0 0 0 0 0 0 0 0 0 0 0 0 0 0 0 0 0 0 0 0 0 0 0 0 0 0 0 0 0 0 0 0 0 0 0 0 0 0 0 0 0 0 0 0 0 0 0 0 0 0 0 0 0 0 0 0 0 0 0 0 0 0 0 0 0 0 0 0 0 0 0 0 0 0 0 0 0 0 0 0 0 0 0 0 0 0 0 0 0 0 0 0 0 0 0 0 0 0 0 0 0 0 0 0 0 0 0 0 0 0 0 0 0 0 0 0 0 0 0 0 0 0 0 0 0 0 0 0 0 0 0 0 0 0 0 0 0 0 0 0 0 0 0 0 0 0 0 0 0 0 0 0 0 0 0 0 0 0 0 0 0 0 0 0 0 0 0 0 0 0 0 0 0 0 0 0 0 0 0 0 0 0 0 0 0 0 0 0 0 0 0 0 0 0 0 0 0 0 0 0 0 0 0 0 0 0 0 0 0 0 0 0 0 0 0 0 0 0 0 0 0 0 0 0 0 0 0 0 0 0 0 0 0 0 0 0 0 0 0 0 0 0 0 0 0 0 0 0 0 0 0 0 0 0 0 0 0 0 0 0 0 0 0 0 0 0 0 0 0 0 0 0 0 0 0 0 0 0 0 0 0 0 0 0 0 0 0 0 0 0 0 0 0 0 0 0 0 0 0 0 0 0 0 0 0 0 0 0 0 0 0 0 0 0 0 0 0 0 0 0 0 0 0 0 0 0 0 0 0 0 0 0 0 0 0 0 0 0 0 0 0 0 0 0 0 0 0 0 0 0 0 0 0 0 0 0 0 0 0 0 0 0 0 0 0 0 0 0 0 0 0 0 0 0 0 0 0 0 0 0 0 0 0 0 0 0 0 0 0 0 0 0 0 0 0 0 0 0 0 0 0 0 0 0 0 0 0 0 0 0 0 0 0 0 0 0 0 0 0 0 0 0 0 0 0 0 0 0 0 0 0 0 0 0 0 0 0 0 0 0 0 0 0 0 0 0 0 0 0 0 0 0 0 0 0 0 0 0 0 0 0 0 0 0 0 0 0 0 0 0 0 0 0 0 0 0 0 0 0 0 0 0 0 0 0 0 0 0 0 0 0 0 0 0 0 0 0 0 0 0 0 0 0 0 0 0 0 0 0 0 0 0 0 0 0 0 0 0 0 0 0 0 0 0 0 0 0 0 0 0 0 0 0 0 0 0 0 0 0 0 0 0 0 0 0 0 0 0 0 0 0 0 0 0 0 0 0 0 0 0 0 0 0 0 0 0 0 0 0 0 0 0 0 0 0 0 0 0 0 0 0 0 0 0 0 0 0 0 0 0 0 0 0 0 0 0 0 0 0 0 0 0 0 0 0 0 0 0 0 0 0 0 0 0 0 0 0 0 0 0 0 0 0 0 0 0 0 0 0 0 0 0 0 0 0 0 0 0 0 0 0 0 0 0 0 0 0 0 0 0 0 0 0 0 0 0 0 0 0 0 0 0 0 0 0 0 0 0 0 0 0 0 0 0 0 0 0 0 0 0 0 0 0 0 0 0 0 0 0 0 0 0 0 0 0 0 0 0 0 0 0 0 0 0 0 0 0 0 0 0 0 0 0 0 0 0 0 0 0 0 0 0 0 0 0 0 0 0 0 0 0 0 0 0 0 0 0 0 0 0 0 0 0 0 0 0 0 0 0 0 0 0 0 0 0 0 0 0 0 0 0 0 0 0 0 0 0 0 0 0 0 0 0 0 0 0 0 0 0 0 0 0 0 0 0 0 0 0 0 0 0 0 0 0 0 0 0 0 0 0 0 0 0 0 0 0 0 0 0 0 0 0 0 0 0 0 0 0 0 0 0 0 0 0 0 0 0 0 0 0 0 0 0 0 0 0 0 0 0 0 0 0 0 0 0 0 0 0 0 0 0 0 0 0 0 0 0 0 0 0 0 0 0 0 0 0 0 0 0 0 0 0 0 0 0 0 0 0 0 0 0 0 0 0 0 0 0 0 0 0 0 0 0 0 0 0 0 0 0 0 0 0 0 0 0 0 0 0 0 0 0 0 0 0 0 0 0 0 0 0 0 0 0 0 0 0 0 0 0 0 0 0 0 0 0 0 0 0 0 0 0 0 0 0 0 0 0 0 0 0 0 0 0 0 0 0 0 0 0 0 0 0 0 0 0 0 0 0 0 0 0 0 0 0 0 0 0 0 0 0 0 0 0 0 0 0 0 0 0 0 0 0 0 0 0 0 0 0 0 0 0 0 0 0 0 0 0 0 0 0 0 0 0 0 0 0 0 0 0 0 0 0 0 0 0 0 0 0 0 0 0 0 0 0 0 0 0 0 0 0 0 0 0 0 0 0 0 0 0 0 0 0 0 0 0 0 0 0 0 0 0 0 0 0 0 0 0 0 0 0 0 0 0 0 0 0 0 0 0 0 0 0 0 0 0 0 0 0 0 0 0 0 0 0 0 0 0 0 0 0 0 0 0 0 0 0 0 0 0 0 0 0 0 0 0 0 0 0 0 0 0 0 0 0 0 0 0 0 0 0 0 0 0 0 0 0 0 0 0 0 0 0 0 0 0 0 0 0 0 0 0 0 0 0 0 0 0 0 0 0 0 0 0 0 0 0 0 0 0 0 0 0 0 0 0 0 0 0 0 0 0 0 0 0 0 0 0 0 0 0 0 0 0 0 0 0 0 0 0 0 0 0 0 0 0 0 0 0 0 0 0 0 0 0 0 0 0 0 0 0 0 0 0 0 0 0 0 0 0 0 0 0 0 0 0 0 0 0 0 0 0 0 0 0 0 0 0 0 0 0 0 0 0 0 0 0 0 0 0 0 0 0 0 0 0 0 0 0 0 0 0 0 0 0 0 0 0 0 0 0 0 0 0 0 0 0 0 0 0 0 0 0 0 0 0 0 0 0 0 0 0 0 0 0 0 0 0 0 0 0 0 0 0 0 0 0 0 0 0 0 0 0 0 0 0 0 0 0 0 0 0 0 0 0 0 0 0 0 0 0 0 0 0 0 0 0 0 0 0 0 0 0 0 0 0 0 0 0 0 0 0 0 0 0 0 0 0 0 0 0 0 0 0 0 0 0 0 0 0 0 0 0 0 0 0 0 0 0 0 0 0 0 0 0 0 0 0 0 0 0 0 0 0 0 0 0 0 0 0 0 0 0 0 0 0 0 0 0 0 0 0 0 0 0 0 0 0 0 0 0 0 0 0 0 0 0 0 0 0 0 0 0 0 0 0 0 0 0 0 0 0 0 0 0 0 0 0 0 0 0 0 0 0 0 0 0 0 0 0 0 0 0 0 0 0 0 0 0 0 0 0 0 0 0 0 0 0 0 0 0 0 0 0 0 0 0 0 0 0 0 0 0 0 0 0 0 0 0 0 0 0 0 0 0 0 0 0 0 0 0 0 0 0 0 0 0 0 0 0 0 0 0 0 0 0 0 0 0 0 0 0 0 0 0 0 0 0 0 0 0 0 0 0 0 0 0 0 0 0 0 0 0 0 0 0 0 0 0 0 0 0 0 0 0 0 0 0 0 0 0 0 0 0 0 0 0 0 0 0 0 0 0 0 0 0 0 0 0 0 0 0 0 0 0 0 0 0 0 0 0 0 0 0 0 0 0 0 0 0 0 0 0 0 0 0 0 0 0 0 0 0 0 0 0 0 0 0 0 0 0 0 0 0 0 0 0 0 0 0 0 0 0 0 0 0 0 0 0 0 0 0 0 0 0 0 0 0 0 0 0 0 0 0 0 0 0 0 0 0 0 0 0 0 0 0 0 0 0 0 0 0 0 0 0 0 0 0 0 0 0 0 0 0 0 0 0 0 0 0 0 0 0 0 0 0 0 0 0 0 0 0 0 0 0 0 0 0 0 0 0 0 0 0 0 0 0 0 0 0 0 0 0 0 0 0 0 0 0 0 0 0 0 0 0 0 0 0 0 0 0 0 0 0 0 0 0 0 0 0 0 0 0 0 0 0 0 0 0 0 0 0 0 0 0 0 0 0 0 0 0 0 0 0 0 0 0 0 0 0 0 0 0 0 0 0 0 0 0 0 0 0 0 0 0 0 0 0 0 0 0 0 0 0 0 0 0 0 0 0 0 0 0 0 0 0 0 0 0 0 0 0 0 0 0 0 0 0 0 0 0 0 0 0 0 0 0 0 0 0 0 0 0 0 0 0 0 0 0 0 0 0 0 0 0 0 0 0 0 0 0 0 0 0 0 0 0 0 0 0 0 0 0 0 0 0 0 0 0 0 0 0 0 0 0 0 0 0 0 0 0 0 0 0 0 0 0 0 0 0 0 0 0 0 0 0 0 0 0 0 0 0 0 0 0 0 0 0 0 0 0 0 0 0 0 0 0 0 0 0 0 0 0 0 0 0 0 0 0 0 0 0 0 0 0 0 0 0 0 0 0 0 0 0 0 0 0 0 0 0 0 0 0 0 0 0 0 0 0 0 0 0 0 0 0 0 0 0 0 0 0 0 0 0 0 0 0 0 0 0 0 0 0 0 0 0 0 0 0 0 0 0 0 0 0 0 0 0 0 0 0 0 0 0 0 0 0 0 0 0 0 0 0 0 0 0 0 0 0 0 0 0 0 0 0 0 0 0 0 0 0 0 0 0 0 0 0 0 0 0 0 0 0 0 0 0 0 0 0 0 0 0 0 0 0 0 0 0 0 0 0 0 0 0 0 0 0 0 0 0 0 0 0 0 0 0 0 0 0 0 0 0 0 0 0 0 0 0 0 0 0 0 0 0 0 0 0 0 0 0 0 0 0 0 0 0 0 0 0 0 0 0 0 0 0 0 0 0 0 0 0 0 0 0 0 0 0 0 0 0 0 0 0 0 0 0 0 0 0 0 0 0 0 0 0 0 0 0 0 0 0 0 0 0 0 0 0 0 0 0 0 0 0 0 0 0 0 0 0 0 0 0 0 0 0 0 0 0 0 0 0 0 0 0 0 0 0 0 0 0 0 0 0 0 0 0 0 0 0 0 0 0 0 0 0 0 0 0 0 0 0 0 0 0 0 0 0 0 0 0 0 0 0 0 0 0 0 0 0 0 0 0 0 0 0 0 0 0 0 0 0 0 0 0 0 0 0 0 0 0 0 0 0 0 0 0 0 0 0 0 0 0 0 0 0 0 0 0 0 0 0 0 0 0 0 0 0 0 0 0 0 0 0 0 0 0 0 0 0 0 0 0 0 0 0 0 0 0 0 0 0 0 0 0 0 0 0 0 0 0 0 0 0 0 0 0 0 0 0 0 0 0 0 0 0
ctxt 8064356
btime 1613122782
processes 173374
procs_running 1
procs_blocked 0
softirq 135186778 1 81565938 1542 1536104 0 0 242 4260117 0 47822834
