cpu  24705987 5 32547 8576655 129 0 2288 0 0 0
cpu0 385778 0 840 133641 0 0 354 0 0 0
cpu1 385906 0 488 134145 2 0 108 0 0 0
cpu2 385576 0 898 134082 0 0 44 0 0 0
cpu3 385872 0 392 134312 7 0 23 0 0 0
cpu4 385518 0 901 134055 0 0 41 0 0 0
cpu5 386048 0 288 134254 0 0 21 0 0 0
cpu6 386108 0 567 133897 0 0 32 0 0 0
cpu7 384728 0 1349 134290 0 0 228 0 0 0
cpu8 385878 0 842 133848 0 0 25 0 0 0
cpu9 386010 0 288 134280 0 0 22 0 0 0
cpu10 385900 0 701 133970 0 0 22 0 0 0
cpu11 386258 0 173 134166 0 0 8 0 0 0
cpu12 385782 0 684 134112 0 0 24 0 0 0
cpu13 386185 0 162 134255 0 0 4 0 0 0
cpu14 386120 0 936 133518 2 0 20 0 0 0
cpu15 385767 0 522 134242 0 0 74 0 0 0
cpu16 385298 0 1281 133983 3 0 25 0 0 0
cpu17 385837 0 480 134232 0 0 47 0 0 0
cpu18 385942 0 943 133678 4 0 34 0 0 0
cpu19 386163 0 183 134246 0 0 14 0 0 0
cpu20 385638 0 1225 133590 59 0 38 0 0 0
cpu21 386190 0 180 134230 0 0 7 0 0 0
cpu22 385219 0 1188 134154 1 0 34 0 0 0
cpu23 386049 0 279 134235 0 0 37 0 0 0
cpu24 385434 1 950 134191 0 0 24 0 0 0
cpu25 386255 0 112 134231 0 0 2 0 0 0
cpu26 385528 0 886 134154 0 0 26 0 0 0
cpu27 386627 0 226 133742 0 0 7 0 0 0
cpu28 386186 0 494 133903 0 0 15 0 0 0
cpu29 386134 0 193 134263 0 0 8 0 0 0
cpu30 385860 0 675 134017 1 0 38 0 0 0
cpu31 386049 0 288 134227 1 0 30 0 0 0
cpu32 386128 0 640 133802 0 0 12 0 0 0
cpu33 385907 0 384 134249 0 0 23 0 0 0
cpu34 385927 0 491 134141 0 0 17 0 0 0
cpu35 385822 0 416 134313 0 0 33 0 0 0
cpu36 385988 0 457 134104 0 0 14 0 0 0
cpu37 386119 0 216 134243 0 0 18 0 0 0
cpu38 386034 0 672 133865 2 0 21 0 0 0
cpu39 384970 0 1132 134258 0 0 223 0 0 0
cpu40 385935 0 768 133875 0 0 14 0 0 0
cpu41 385992 0 331 134226 1 0 45 0 0 0
cpu42 388745 0 797 131000 14 0 5 0 0 0
cpu43 386222 0 118 134241 1 0 4 0 0 0
cpu44 386856 0 386 133350 0 0 5 0 0 0
cpu45 386180 0 166 134236 1 0 8 0 0 0
cpu46 387565 0 609 132379 2 0 6 0 0 0
cpu47 386173 0 172 134235 1 0 10 0 0 0
cpu48 385764 0 715 134016 0 0 82 0 0 0
cpu49 386137 0 203 134242 0 0 12 0 0 0
cpu50 386125 1 575 133741 0 0 118 0 0 0
cpu51 386232 0 120 134235 0 0 2 0 0 0
cpu52 386077 0 324 134171 0 0 12 0 0 0
cpu53 386249 0 117 134208 0 0 4 0 0 0
cpu54 386100 0 399 134071 0 0 13 0 0 0
cpu55 386198 0 150 134229 0 0 12 0 0 0
cpu56 385911 0 501 134166 0 0 13 0 0 0
cpu57 386262 0 85 134242 0 0 2 0 0 0
cpu58 385934 0 438 134200 3 0 14 0 0 0
cpu59 386192 0 148 134241 0 0 6 0 0 0
cpu60 386175 0 284 134113 0 0 8 0 0 0
cpu61 386046 0 284 134226 0 0 32 0 0 0
cpu62 386069 0 405 133792 0 0 16 0 0 0
cpu63 386082 0 405 134071 0 0 28 0 0 0
intr 71093891 83 0 0 0 622 0 0 0 1 0 285 0 0 0 0 0 0 0 0 0 0 0 0 0 0 0 0 0 0 0 0 0 0 0 0 0 0 0 1975 17366 1101 7295 2023 5334 358 29351 851 3899 600 4533 283 1230 714 18826 2700 6408 2138 2258 21720 2206 4823 1818 1404 793 841 2125 510 2801 1053 4537 1239 6350 1077 16826 684 2688 2963 8181 1564 9550 761 346 350 3130 289 3518 1148 6871 64445 2022 1470 2276 769 3571 523 969 1194 1039 888 3357 626 8278 0 0 0 0 0 0 0 0 0 0 0 0 0 0 0 0 0 32269 93 0 0 0 0 0 0 0 0 0 0 0 0 0 0 0 0 0 0 0 0 0 0 0 0 0 0 0 0 0 0 0 0 0 0 0 0 0 0 0 0 0 0 0 0 0 0 0 0 0 0 0 0 0 0 0 0 0 0 0 0 0 0 0 0 0 0 0 0 0 0 0 0 0 0 0 25 0 0 0 0 0 0 0 0 0 0 0 0 0 0 0 0 0 0 0 0 0 0 0 0 0 0 0 0 0 0 0 0 0 0 0 0 0 0 0 0 0 0 0 0 0 0 0 0 0 0 0 0 0 0 0 0 0 0 0 0 0 0 0 0 0 0 0 0 0 0 0 0 0 0 0 0 0 0 0 0 0 0 0 0 0 0 0 0 0 0 0 0 0 0 0 0 0 0 0 0 0 0 0 0 0 0 0 0 0 0 0 0 0 0 0 0 0 0 0 0 0 0 0 0 0 0 0 0 0 0 0 0 0 0 0 0 0 0 0 0 0 0 0 0 0 0 0 0 0 0 0 0 0 0 0 0 0 0 0 0 0 0 0 0 0 0 0 0 0 0 0 0 0 0 0 0 0 0 0 0 0 0 0 0 0 0 0 0 0 0 0 0 0 0 0 0 0 0 0 0 0 0 0 0 0 0 0 0 0 0 0 0 0 0 0 0 0 0 0 0 0 0 0 0 0 0 0 0 0 0 0 0 0 0 0 0 0 0 0 0 0 0 0 0 0 0 0 0 0 0 0 0 0 0 0 0 0 0 0 0 0 0 0 0 0 0 0 0 0 0 0 0 0 0 0 0 0 0 0 0 0 0 0 0 0 0 0 0 0 0 0 0 0 0 0 0 0 0 0 0 0 0 0 0 0 0 0 0 0 0 0 0 0 0 0 0 0 0 0 0 0 0 0 0 0 0 0 0 0 0 0 0 0 0 0 0 0 0 0 0 0 0 0 0 0 0 0 0 0 0 0 0 0 0 0 0 0 0 0 0 0 0 0 0 0 0 0 0 0 0 0 0 0 0 0 0 0 0 0 0 0 0 0 0 0 0 0 0 0 0 0 0 0 0 0 0 0 0 0 0 0 0 0 0 0 0 0 0 0 0 0 0 0 0 0 0 0 0 0 0 0 0 0 0 0 0 0 0 0 0 0 0 0 0 0 0 0 0 0 0 0 0 0 0 0 0 0 0 0 0 0 0 0 0 0 0 0 0 0 0 0 0 0 0 0 0 0 0 0 0 0 0 0 0 0 0 0 0 0 0 0 0 0 0 0 0 0 0 0 0 0 0 0 0 0 0 0 0 0 0 0 0 0 0 0 0 0 0 0 0 0 0 0 0 0 0 0 0 0 0 0 0 0 0 0 0 0 0 0 0 0 0 0 0 0 0 0 0 0 0 0 0 0 0 0 0 0 0 0 0 0 0 0 0 0 0 0 0 0 0 0 0 0 0 0 0 0 0 0 0 0 0 0 0 0 0 0 0 0 0 0 0 0 0 0 0 0 0 0 0 0 0 0 0 0 0 0 0 0 0 0 0 0 0 0 0 0 0 0 0 0 0 0 0 0 0 0 0 0 0 0 0 0 0 0 0 0 0 0 0 0 0 0 0 0 0 0 0 0 0 0 0 0 0 0 0 0 0 0 0 0 0 0 0 0 0 0 0 0 0 0 0 0 0 0 0 0 0 0 0 0 0 0 0 0 0 0 0 0 0 0 0 0 0 0 0 0 0 0 0 0 0 0 0 0 0 0 0 0 0 0 0 0 0 0 0 0 0 0 0 0 0 0 0 0 0 0 0 0 0 0 0 0 0 0 0 0 0 0 0 0 0 0 0 0 0 0 0 0 0 0 0 0 0 0 0 0 0 0 0 0 0 0 0 0 0 0 0 0 0 0 0 0 0 0 0 0 0 0 0 0 0 0 0 0 0 0 0 0 0 0 0 0 0 0 0 0 0 0 0 0 0 0 0 0 0 0 0 0 0 0 0 0 0 0 0 0 0 0 0 0 0 0 0 0 0 0 0 0 0 0 0 0 0 0 0 0 0 0 0 0 0 0 0 0 0 0 0 0 0 0 0 0 0 0 0 0 0 0 0 0 0 0 0 0 0 0 0 0 0 0 0 0 0 0 0 0 0 0 0 0 0 0 0 0 0 0 0 0 0 0 0 0 0 0 0 0 0 0 0 0 0 0 0 0 0 0 0 0 0 0 0 0 0 0 0 0 0 0 0 0 0 0 0 0 0 0 0 0 0 0 0 0 0 0 0 0 0 0 0 0 0 0 0 0 0 0 0 0 0 0 0 0 0 0 0 0 0 0 0 0 0 0 0 0 0 0 0 0 0 0 0 0 0 0 0 0 0 0 0 0 0 0 0 0 0 0 0 0 0 0 0 0 0 0 0 0 0 0 0 0 0 0 0 0 0 0 0 0 0 0 0 0 0 0 0 0 0 0 0 0 0 0 0 0 0 0 0 0 0 0 0 0 0 0 0 0 0 0 0 0 0 0 0 0 0 0 0 0 0 0 0 0 0 0 0 0 0 0 0 0 0 0 0 0 0 0 0 0 0 0 0 0 0 0 0 0 0 0 0 0 0 0 0 0 0 0 0 0 0 0 0 0 0 0 0 0 0 0 0 0 0 0 0 0 0 0 0 0 0 0 0 0 0 0 0 0 0 0 0 0 0 0 0 0 0 0 0 0 0 0 0 0 0 0 0 0 0 0 0 0 0 0 0 0 0 0 0 0 0 0 0 0 0 0 0 0 0 0 0 0 0 0 0 0 0 0 0 0 0 0 0 0 0 0 0 0 0 0 0 0 0 0 0 0 0 0 0 0 0 0 0 0 0 0 0 0 0 0 0 0 0 0 0 0 0 0 0 0 0 0 0 0 0 0 0 0 0 0 0 0 0 0 0 0 0 0 0 0 0 0 0 0 0 0 0 0 0 0 0 0 0 0 0 0 0 0 0 0 0 0 0 0 0 0 0 0 0 0 0 0 0 0 0 0 0 0 0 0 0 0 0 0 0 0 0 0 0 0 0 0 0 0 0 0 0 0 0 0 0 0 0 0 0 0 0 0 0 0 0 0 0 0 0 0 0 0 0 0 0 0 0 0 0 0 0 0 0 0 0 0 0 0 0 0 0 0 0 0 0 0 0 0 0 0 0 0 0 0 0 0 0 0 0 0 0 0 0 0 0 0 0 0 0 0 0 0 0 0 0 0 0 0 0 0 0 0 0 0 0 0 0 0 0 0 0 0 0 0 0 0 0 0 0 0 0 0 0 0 0 0 0 0 0 0 0 0 0 0 0 0 0 0 0 0 0 0 0 0 0 0 0 0 0 0 0 0 0 0 0 0 0 0 0 0 0 0 0 0 0 0 0 0 0 0 0 0 0 0 0 0 0 0 0 0 0 0 0 0 0 0 0 0 0 0 0 0 0 0 0 0 0 0 0 0 0 0 0 0 0 0 0 0 0 0 0 0 0 0 0 0 0 0 0 0 0 0 0 0 0 0 0 0 0 0 0 0 0 0 0 0 0 0 0 0 0 0 0 0 0 0 0 0 0 0 0 0 0 0 0 0 0 0 0 0 0 0 0 0 0 0 0 0 0 0 0 0 0 0 0 0 0 0 0 0 0 0 0 0 0 0 0 0 0 0 0 0 0 0 0 0 0 0 0 0 0 0 0 0 0 0 0 0 0 0 0 0 0 0 0 0 0 0 0 0 0 0 0 0 0 0 0 0 0 0 0 0 0 0 0 0 0 0 0 0 0 0 0 0 0 0 0 0 0 0 0 0 0 0 0 0 0 0 0 0 0 0 0 0 0 0 0 0 0 0 0 0 0 0 0 0 0 0 0 0 0 0 0 0 0 0 0 0 0 0 0 0 0 0 0 0 0 0 0 0 0 0 0 0 0 0 0 0 0 0 0 0 0 0 0 0 0 0 0 0 0 0 0 0 0 0 0 0 0 0 0 0 0 0 0 0 0 0 0 0 0 0 0 0 0 0 0 0 0 0 0 0 0 0 0 0 0 0 0 0 0 0 0 0 0 0 0 0 0 0 0 0 0 0 0 0 0 0 0 0 0 0 0 0 0 0 0 0 0 0 0 0 0 0 0 0 0 0 0 0 0 0 0 0 0 0 0 0 0 0 0 0 0 0 0 0 0 0 0 0 0 0 0 0 0 0 0 0 0 0 0 0 0 0 0 0 0 0 0 0 0 0 0 0 0 0 0 0 0 0 0 0 0 0 0 0 0 0 0 0 0 0 0 0 0 0 0 0 0 0 0 0 0 0 0 0 0 0 0 0 0 0 0 0 0 0 0 0 0 0 0 0 0 0 0 0 0 0 0 0 0 0 0 0 0 0 0 0 0 0 0 0 0 0 0 0 0 0 0 0 0 0 0 0 0 0 0 0 0 0 0 0 0 0 0 0 0 0 0 0 0 0 0 0 0 0 0 0 0 0 0 0 0 0 0 0 0 0 0 0 0 0 0 0 0 0 0 0 0 0 0 0 0 0 0 0 0 0 0 0 0 0 0 0 0 0 0 0 0 0 0 0 0 0 0 0 0 0 0 0 0 0 0 0 0 0 0 0 0 0 0 0 0 0 0 0 0 0 0 0 0 0 0 0 0 0 0 0 0 0 0 0 0 0 0 0 0 0 0 0 0 0 0 0 0 0 0 0 0 0 0 0 0 0 0 0 0 0 0 0 0 0 0 0 0 0 0 0 0 0 0 0 0 0 0 0 0 0 0 0 0 0 0 0 0 0 0 0 0 0 0 0 0 0 0 0 0 0 0 0 0 0 0 0 0 0 0 0 0 0 0 0 0 0 0 0 0 0 0 0 0 0 0 0 0 0 0 0 0 0 0 0 0 0 0 0 0 0 0 0 0 0 0 0
ctxt 10958065
btime 1613123984
processes 260437
procs_running 1
procs_blocked 0
softirq 80985751 1 47079175 1837 2159646 0 0 146 2411776 0 29333170
