cpu  8989842 6 8437 3251242 144 0 664 0 0 0
cpu0 140490 0 411 50270 2 0 202 0 0 0
cpu1 140452 0 70 50864 10 0 162 0 0 0
cpu2 140437 0 189 50780 0 0 6 0 0 0
cpu3 140453 0 53 50919 0 0 0 0 0 0
cpu4 140620 0 182 50606 0 0 2 0 0 0
cpu5 140456 0 44 50926 0 0 0 0 0 0
cpu6 140432 0 343 50574 0 0 8 0 0 0
cpu7 140072 0 376 50909 0 0 64 0 0 0
cpu8 140555 0 216 50642 0 0 5 0 0 0
cpu9 140452 0 47 50924 0 0 0 0 0 0
cpu10 140533 0 245 50631 0 0 9 0 0 0
cpu11 140453 0 45 50922 0 0 0 0 0 0
cpu12 140479 0 188 50739 0 0 0 0 0 0
cpu13 140458 0 42 50919 0 0 0 0 0 0
cpu14 140336 2 224 50848 0 0 9 0 0 0
cpu15 140457 0 41 50922 0 0 0 0 0 0
cpu16 140338 0 274 50789 0 0 9 0 0 0
cpu17 140458 0 44 50918 0 0 0 0 0 0
cpu18 140626 0 139 50647 0 0 2 0 0 0
cpu19 140457 0 42 50914 1 0 0 0 0 0
cpu20 140384 0 168 50867 0 0 4 0 0 0
cpu21 140458 0 48 50913 1 0 0 0 0 0
cpu22 140482 0 119 50814 0 0 2 0 0 0
cpu23 140452 0 53 50907 0 0 0 0 0 0
cpu24 140377 0 207 50708 81 0 12 0 0 0
cpu25 140400 0 68 50884 5 0 42 0 0 0
cpu26 140374 1 151 50879 0 0 5 0 0 0
cpu27 140456 0 57 50900 0 0 0 0 0 0
cpu28 140931 0 310 50169 5 0 3 0 0 0
cpu29 140461 0 44 50908 1 0 0 0 0 0
cpu30 140387 0 153 50861 0 0 8 0 0 0
cpu31 140450 0 49 50915 0 0 0 0 0 0
cpu32 140463 0 209 50729 2 0 5 0 0 0
cpu33 140458 0 48 50906 0 0 0 0 0 0
cpu34 140598 0 166 50642 0 0 4 0 0 0
cpu35 140458 0 47 50907 0 0 0 0 0 0
cpu36 140499 0 157 50724 0 0 5 0 0 0
cpu37 140440 0 58 50913 0 0 0 0 0 0
cpu38 140581 0 199 50628 0 0 2 0 0 0
cpu39 140365 0 125 50904 0 0 14 0 0 0
cpu40 140536 0 195 50679 0 0 1 0 0 0
cpu41 140457 0 47 50907 0 0 0 0 0 0
cpu42 140534 0 206 50654 1 0 4 0 0 0
cpu43 140465 0 44 50902 0 0 0 0 0 0
cpu44 140474 0 125 50786 1 0 2 0 0 0
cpu45 140456 0 42 50907 0 0 0 0 0 0
cpu46 140227 1 301 50861 0 0 18 0 0 0
cpu47 140454 0 52 50901 0 0 0 0 0 0
cpu48 140342 0 278 50768 0 0 6 0 0 0
cpu49 140454 0 48 50902 0 0 0 0 0 0
cpu50 140664 0 117 50619 0 0 3 0 0 0
cpu51 140456 0 48 50894 1 0 0 0 0 0
cpu52 140401 0 136 50850 5 0 10 0 0 0
cpu53 140456 0 44 50902 0 0 0 0 0 0
cpu54 140501 0 84 50816 0 0 0 0 0 0
cpu55 140451 0 54 50880 0 0 2 0 0 0
cpu56 140397 0 134 50868 0 0 3 0 0 0
cpu57 140450 0 53 50900 0 0 0 0 0 0
cpu58 140375 0 145 50873 0 0 2 0 0 0
cpu59 140457 0 48 50896 1 0 0 0 0 0
cpu60 140848 0 184 50364 0 0 6 0 0 0
cpu61 140458 0 45 50896 0 0 0 0 0 0
cpu62 140562 0 266 50567 0 0 6 0 0 0
cpu63 140454 0 65 50879 0 0 0 0 0 0
intr 24495655 81 0 0 0 623 0 0 0 1 0 285 0 0 0 0 0 0 0 0 0 0 0 0 0 0 0 0 0 0 0 0 0 0 0 0 0 0 0 2898 3585 1329 0 211 8 1439 3504 241 72 7019 48 452 0 1419 0 2707 0 335 0 787 33 329 0 1560 42620 998 190 537 7 1377 0 979 0 534 0 609 44 518 9178 206 0 531 133 445 0 5211 0 2600 0 310 51 858 0 114 38 535 10 540 1 597 40 1016 64 0 0 0 0 0 0 0 0 0 0 0 0 0 0 0 0 0 96 29632 0 0 0 0 0 0 0 0 0 0 0 0 0 0 0 0 0 0 0 0 0 0 0 0 0 0 0 0 0 0 0 0 0 0 0 0 0 0 0 0 0 0 0 0 0 0 0 0 0 0 0 0 0 0 0 0 0 0 0 0 0 0 0 0 0 0 0 0 0 0 0 0 0 0 0 21 0 0 0 0 0 0 0 0 0 0 0 0 0 0 0 0 0 0 0 0 0 0 0 0 0 0 0 0 0 0 0 0 0 0 0 0 0 0 0 0 0 0 0 0 0 0 0 0 0 0 0 0 0 0 0 0 0 0 0 0 0 0 0 0 0 0 0 0 0 0 0 0 0 0 0 0 0 0 0 0 0 0 0 0 0 0 0 0 0 0 0 0 0 0 0 0 0 0 0 0 0 0 0 0 0 0 0 0 0 0 0 0 0 0 0 0 0 0 0 0 0 0 0 0 0 0 0 0 0 0 0 0 0 0 0 0 0 0 0 0 0 0 0 0 0 0 0 0 0 0 0 0 0 0 0 0 0 0 0 0 0 0 0 0 0 0 0 0 0 0 0 0 0 0 0 0 0 0 0 0 0 0 0 0 0 0 0 0 0 0 0 0 0 0 0 0 0 0 0 0 0 0 0 0 0 0 0 0 0 0 0 0 0 0 0 0 0 0 0 0 0 0 0 0 0 0 0 0 0 0 0 0 0 0 0 0 0 0 0 0 0 0 0 0 0 0 0 0 0 0 0 0 0 0 0 0 0 0 0 0 0 0 0 0 0 0 0 0 0 0 0 0 0 0 0 0 0 0 0 0 0 0 0 0 0 0 0 0 0 0 0 0 0 0 0 0 0 0 0 0 0 0 0 0 0 0 0 0 0 0 0 0 0 0 0 0 0 0 0 0 0 0 0 0 0 0 0 0 0 0 0 0 0 0 0 0 0 0 0 0 0 0 0 0 0 0 0 0 0 0 0 0 0 0 0 0 0 0 0 0 0 0 0 0 0 0 0 0 0 0 0 0 0 0 0 0 0 0 0 0 0 0 0 0 0 0 0 0 0 0 0 0 0 0 0 0 0 0 0 0 0 0 0 0 0 0 0 0 0 0 0 0 0 0 0 0 0 0 0 0 0 0 0 0 0 0 0 0 0 0 0 0 0 0 0 0 0 0 0 0 0 0 0 0 0 0 0 0 0 0 0 0 0 0 0 0 0 0 0 0 0 0 0 0 0 0 0 0 0 0 0 0 0 0 0 0 0 0 0 0 0 0 0 0 0 0 0 0 0 0 0 0 0 0 0 0 0 0 0 0 0 0 0 0 0 0 0 0 0 0 0 0 0 0 0 0 0 0 0 0 0 0 0 0 0 0 0 0 0 0 0 0 0 0 0 0 0 0 0 0 0 0 0 0 0 0 0 0 0 0 0 0 0 0 0 0 0 0 0 0 0 0 0 0 0 0 0 0 0 0 0 0 0 0 0 0 0 0 0 0 0 0 0 0 0 0 0 0 0 0 0 0 0 0 0 0 0 0 0 0 0 0 0 0 0 0 0 0 0 0 0 0 0 0 0 0 0 0 0 0 0 0 0 0 0 0 0 0 0 0 0 0 0 0 0 0 0 0 0 0 0 0 0 0 0 0 0 0 0 0 0 0 0 0 0 0 0 0 0 0 0 0 0 0 0 0 0 0 0 0 0 0 0 0 0 0 0 0 0 0 0 0 0 0 0 0 0 0 0 0 0 0 0 0 0 0 0 0 0 0 0 0 0 0 0 0 0 0 0 0 0 0 0 0 0 0 0 0 0 0 0 0 0 0 0 0 0 0 0 0 0 0 0 0 0 0 0 0 0 0 0 0 0 0 0 0 0 0 0 0 0 0 0 0 0 0 0 0 0 0 0 0 0 0 0 0 0 0 0 0 0 0 0 0 0 0 0 0 0 0 0 0 0 0 0 0 0 0 0 0 0 0 0 0 0 0 0 0 0 0 0 0 0 0 0 0 0 0 0 0 0 0 0 0 0 0 0 0 0 0 0 0 0 0 0 0 0 0 0 0 0 0 0 0 0 0 0 0 0 0 0 0 0 0 0 0 0 0 0 0 0 0 0 0 0 0 0 0 0 0 0 0 0 0 0 0 0 0 0 0 0 0 0 0 0 0 0 0 0 0 0 0 0 0 0 0 0 0 0 0 0 0 0 0 0 0 0 0 0 0 0 0 0 0 0 0 0 0 0 0 0 0 0 0 0 0 0 0 0 0 0 0 0 0 0 0 0 0 0 0 0 0 0 0 0 0 0 0 0 0 0 0 0 0 0 0 0 0 0 0 0 0 0 0 0 0 0 0 0 0 0 0 0 0 0 0 0 0 0 0 0 0 0 0 0 0 0 0 0 0 0 0 0 0 0 0 0 0 0 0 0 0 0 0 0 0 0 0 0 0 0 0 0 0 0 0 0 0 0 0 0 0 0 0 0 0 0 0 0 0 0 0 0 0 0 0 0 0 0 0 0 0 0 0 0 0 0 0 0 0 0 0 0 0 0 0 0 0 0 0 0 0 0 0 0 0 0 0 0 0 0 0 0 0 0 0 0 0 0 0 0 0 0 0 0 0 0 0 0 0 0 0 0 0 0 0 0 0 0 0 0 0 0 0 0 0 0 0 0 0 0 0 0 0 0 0 0 0 0 0 0 0 0 0 0 0 0 0 0 0 0 0 0 0 0 0 0 0 0 0 0 0 0 0 0 0 0 0 0 0 0 0 0 0 0 0 0 0 0 0 0 0 0 0 0 0 0 0 0 0 0 0 0 0 0 0 0 0 0 0 0 0 0 0 0 0 0 0 0 0 0 0 0 0 0 0 0 0 0 0 0 0 0 0 0 0 0 0 0 0 0 0 0 0 0 0 0 0 0 0 0 0 0 0 0 0 0 0 0 0 0 0 0 0 0 0 0 0 0 0 0 0 0 0 0 0 0 0 0 0 0 0 0 0 0 0 0 0 0 0 0 0 0 0 0 0 0 0 0 0 0 0 0 0 0 0 0 0 0 0 0 0 0 0 0 0 0 0 0 0 0 0 0 0 0 0 0 0 0 0 0 0 0 0 0 0 0 0 0 0 0 0 0 0 0 0 0 0 0 0 0 0 0 0 0 0 0 0 0 0 0 0 0 0 0 0 0 0 0 0 0 0 0 0 0 0 0 0 0 0 0 0 0 0 0 0 0 0 0 0 0 0 0 0 0 0 0 0 0 0 0 0 0 0 0 0 0 0 0 0 0 0 0 0 0 0 0 0 0 0 0 0 0 0 0 0 0 0 0 0 0 0 0 0 0 0 0 0 0 0 0 0 0 0 0 0 0 0 0 0 0 0 0 0 0 0 0 0 0 0 0 0 0 0 0 0 0 0 0 0 0 0 0 0 0 0 0 0 0 0 0 0 0 0 0 0 0 0 0 0 0 0 0 0 0 0 0 0 0 0 0 0 0 0 0 0 0 0 0 0 0 0 0 0 0 0 0 0 0 0 0 0 0 0 0 0 0 0 0 0 0 0 0 0 0 0 0 0 0 0 0 0 0 0 0 0 0 0 0 0 0 0 0 0 0 0 0 0 0 0 0 0 0 0 0 0 0 0 0 0 0 0 0 0 0 0 0 0 0 0 0 0 0 0 0 0 0 0 0 0 0 0 0 0 0 0 0 0 0 0 0 0 0 0 0 0 0 0 0 0 0 0 0 0 0 0 0 0 0 0 0 0 0 0 0 0 0 0 0 0 0 0 0 0 0 0 0 0 0 0 0 0 0 0 0 0 0 0 0 0 0 0 0 0 0 0 0 0 0 0 0 0 0 0 0 0 0 0 0 0 0 0 0 0 0 0 0 0 0 0 0 0 0 0 0 0 0 0 0 0 0 0 0 0 0 0 0 0 0 0 0 0 0 0 0 0 0 0 0 0 0 0 0 0 0 0 0 0 0 0 0 0 0 0 0 0 0 0 0 0 0 0 0 0 0 0 0 0 0 0 0 0 0 0 0 0 0 0 0 0 0 0 0 0 0 0 0 0 0 0 0 0 0 0 0 0 0 0 0 0 0 0 0 0 0 0 0 0 0 0 0 0 0 0 0 0 0 0 0 0 0 0 0 0 0 0 0 0 0 0 0 0 0 0 0 0 0 0 0 0 0 0 0 0 0 0 0 0 0 0 0 0 0 0 0 0 0 0 0 0 0 0 0 0 0 0 0 0 0 0 0 0 0 0 0 0 0 0 0 0 0 0 0 0 0 0 0 0 0 0 0 0 0 0 0 0 0 0 0 0 0 0 0 0 0 0 0 0 0 0 0 0 0 0 0 0 0 0 0 0 0 0 0 0 0 0 0 0 0 0 0 0 0 0 0 0 0 0 0 0 0 0 0 0 0 0 0 0 0 0 0 0 0 0 0 0 0 0 0 0 0 0 0 0 0 0 0 0 0 0 0 0 0 0 0 0 0 0 0 0 0 0 0 0 0 0 0 0 0 0 0 0 0 0 0 0 0 0 0 0 0 0 0 0 0 0 0 0 0 0 0 0 0 0 0 0 0 0 0 0 0 0 0 0 0 0 0 0 0 0 0 0 0 0 0 0 0 0 0 0 0 0 0 0 0 0 0 0 0 0 0 0 0 0 0 0 0 0 0 0 0 0 0 0 0 0 0 0 0 0 0 0 0 0 0 0 0 0 0 0 0 0 0 0 0 0 0 0 0 0 0 0 0 0 0 0 0 0 0 0 0 0 0 0 0 0 0 0 0 0 0 0 0 0 0 0 0 0 0 0 0 0 0 0 0 0 0 0 0 0 0 0 0 0 0 0 0 0 0 0 0 0 0 0 0 0 0 0 0 0 0 0 0 0 0 0 0 0 0 0 0 0 0 0 0 0 0 0 0
ctxt 1608828
btime 1613144793
processes 26129
procs_running 1
procs_blocked 0
softirq 23032336 1 17686104 1015 238416 0 0 139 935126 0 4171535
