cpu  14219317 4 18144 6946182 494 0 2170 0 0 0
cpu0 394678 0 765 192706 13 0 404 0 0 0
cpu1 396382 0 846 191221 1 0 112 0 0 0
cpu2 394790 0 869 192247 2 0 564 0 0 0
cpu3 394958 0 503 193016 4 0 38 0 0 0
cpu4 395272 0 481 192690 44 0 31 0 0 0
cpu5 395041 0 490 192937 29 0 10 0 0 0
cpu6 394778 0 526 193145 16 0 30 0 0 0
cpu7 394874 0 454 193145 13 0 22 0 0 0
cpu8 394910 0 446 193067 72 0 16 0 0 0
cpu9 394647 0 586 193241 2 0 42 0 0 0
cpu10 394661 0 610 193212 4 0 30 0 0 0
cpu11 394917 0 461 193106 0 0 26 0 0 0
cpu12 393876 0 1314 193108 7 0 195 0 0 0
cpu13 395128 0 431 192928 1 0 18 0 0 0
cpu14 394858 0 415 193218 1 0 18 0 0 0
cpu15 394617 0 715 193090 5 0 85 0 0 0
cpu16 394506 0 736 193149 2 0 114 0 0 0
cpu17 394837 0 556 193087 6 0 9 0 0 0
cpu18 395267 0 430 192795 3 0 8 0 0 0
cpu19 395372 0 510 192531 48 0 26 0 0 0
cpu20 394955 0 413 193069 1 0 46 0 0 0
cpu21 395792 0 422 192251 2 0 38 0 0 0
cpu22 395176 0 278 192983 62 0 5 0 0 0
cpu23 395170 0 421 192818 70 0 9 0 0 0
cpu24 395139 0 274 193083 4 0 6 0 0 0
cpu25 394951 0 351 193195 1 0 8 0 0 0
cpu26 394916 0 346 193210 0 0 35 0 0 0
cpu27 394839 0 448 193212 1 0 6 0 0 0
cpu28 395027 0 358 193104 1 0 13 0 0 0
cpu29 395026 0 256 193214 0 0 8 0 0 0
cpu30 395041 0 262 193186 10 0 5 0 0 0
cpu31 395348 0 247 192901 1 0 8 0 0 0
cpu32 395018 2 297 193163 8 0 8 0 0 0
cpu33 395142 0 342 192981 20 0 9 0 0 0
cpu34 394599 0 693 193060 19 0 130 0 0 0
cpu35 394796 0 576 193092 2 0 22 0 0 0
intr 39398816 56 0 0 0 614 0 0 0 1 0 263 0 0 0 0 0 0 0 0 0 0 0 0 0 0 0 0 0 0 0 0 0 740 143 516 433 4717 2539 567 380 3008 1132 72 125 2077 223 466 238 462 267 159 6148 509 126 2204 3248 0 0 0 0 384 104 13 70 70 101 614 62 1019 1591 1117 257 93 0 16 12674 2314 0 11932 846 101728 432 147 821 160 1251 636 1054 1073 1401 45181 5505 2365 2592 817 602 1028 599 4675 1800 90 1130 220 514 705 795 547 1797 501 423 1383 428 1445 436 0 18 7821 1 0 0 0 0 0 0 0 0 0 0 0 0 0 0 0 0 0 0 0 0 0 0 0 0 0 0 0 0 0 0 0 0 0 0 0 0 0 21 0 0 0 0 0 0 0 0 0 0 0 0 0 0 0 0 0 0 0 0 0 0 0 0 0 0 0 0 0 0 0 0 0 0 0 0 0 0 0 0 0 0 0 0 0 0 0 0 0 0 0 0 0 0 0 0 0 0 0 0 0 0 0 0 0 0 0 0 0 0 0 0 0 0 0 0 0 0 0 0 0 0 0 0 0 0 0 0 0 0 0 0 0 0 0 0 0 0 0 0 0 0 0 0 0 0 0 0 0 0 0 0 0 0 0 0 0 0 0 0 0 0 0 0 0 0 0 0 0 0 0 0 0 0 0 0 0 0 0 0 0 0 0 0 0 0 0 0 0 0 0 0 0 0 0 0 0 0 0 0 0 0 0 0 0 0 0 0 0 0 0 0 0 0 0 0 0 0 0 0 0 0 0 0 0 0 0 0 0 0 0 0 0 0 0 0 0 0 0 0 0 0 0 0 0 0 0 0 0 0 0 0 0 0 0 0 0 0 0 0 0 0 0 0 0 0 0 0 0 0 0 0 0 0 0 0 0 0 0 0 0 0 0 0 0 0 0 0 0 0 0 0 0 0 0 0 0 0 0 0 0 0 0 0 0 0 0 0 0 0 0 0 0 0 0 0 0 0 0 0 0 0 0 0 0 0 0 0 0 0 0 0 0 0 0 0 0 0 0 0 0 0 0 0 0 0 0 0 0 0 0 0 0 0 0 0 0 0 0 0 0 0 0 0 0 0 0 0 0 0 0 0 0 0 0 0 0 0 0 0 0 0 0 0 0 0 0 0 0 0 0 0 0 0 0 0 0 0 0 0 0 0 0 0 0 0 0 0 0 0 0 0 0 0 0 0 0 0 0 0 0 0 0 0 0 0 0 0 0 0 0 0 0 0 0 0 0 0 0 0 0 0 0 0 0 0 0 0 0 0 0 0 0 0 0 0 0 0 0 0 0 0 0 0 0 0 0 0 0 0 0 0 0 0 0 0 0 0 0 0 0 0 0 0 0 0 0 0 0 0 0 0 0 0 0 0 0 0 0 0 0 0 0 0 0 0 0 0 0 0 0 0 0 0 0 0 0 0 0 0 0 0 0 0 0 0 0 0 0 0 0 0 0 0 0 0 0 0 0 0 0 0 0 0 0 0 0 0 0 0 0 0 0 0 0 0 0 0 0 0 0 0 0 0 0 0 0 0 0 0 0 0 0 0 0 0 0 0 0 0 0 0 0 0 0 0 0 0 0 0 0 0 0 0 0 0 0 0 0 0 0 0 0 0 0 0 0 0 0 0 0 0 0 0 0 0 0 0 0 0 0 0 0 0 0 0 0 0 0 0 0 0 0 0 0 0 0 0 0 0 0 0 0 0 0 0 0 0 0 0 0 0 0 0 0 0 0 0 0 0 0 0 0 0 0 0 0 0 0 0 0 0 0 0 0 0 0 0 0 0 0 0 0 0 0 0 0 0 0 0 0 0 0 0 0 0 0 0 0 0 0 0 0 0 0 0 0 0 0 0 0 0 0 0 0 0 0 0 0 0 0 0 0 0 0 0 0 0 0 0 0 0 0 0 0 0 0 0 0 0 0 0 0 0 0 0 0 0 0 0 0 0 0 0 0 0 0 0 0 0 0 0 0 0 0 0 0 0 0 0 0 0 0 0 0 0 0 0 0 0 0 0 0 0 0 0 0 0 0 0 0 0 0 0 0 0 0 0 0 0 0 0 0 0 0 0 0 0 0 0 0 0 0 0 0 0 0 0 0 0 0 0 0 0 0 0 0 0 0 0 0 0 0 0 0 0 0 0 0 0 0 0 0 0 0 0 0 0 0 0 0 0 0 0 0 0 0 0 0 0 0 0 0 0 0 0 0 0 0 0 0 0 0 0 0 0 0 0 0 0 0 0 0 0 0 0 0 0 0 0 0 0 0 0 0 0 0 0 0 0 0 0 0 0 0 0 0 0 0 0 0 0 0 0 0 0 0 0 0 0 0 0 0 0 0 0 0 0 0 0 0 0 0 0 0 0 0 0 0 0 0 0 0 0 0 0 0 0 0 0 0 0 0 0 0 0 0 0 0 0 0 0 0 0 0 0 0 0 0 0 0 0 0 0 0 0 0 0 0 0 0 0 0 0 0 0 0 0 0 0 0 0 0 0 0 0 0 0 0 0 0 0 0 0 0 0 0 0 0 0 0 0 0 0 0 0 0 0 0 0 0 0 0 0 0 0 0 0 0 0 0 0 0 0 0 0 0 0 0 0 0 0 0 0 0 0 0 0 0 0 0 0 0 0 0 0 0 0 0 0 0 0 0 0 0 0 0 0 0 0 0 0 0 0 0 0 0 0 0 0 0 0 0 0 0 0 0 0 0 0 0 0 0 0 0 0 0 0 0 0 0 0 0 0 0 0 0 0 0 0 0 0 0 0 0 0 0 0 0 0 0 0 0 0 0 0 0 0 0 0 0 0 0 0 0 0 0 0 0 0
ctxt 10503991
btime 1613124388
processes 261558
procs_running 1
procs_blocked 0
softirq 51248485 1 29601077 516 1960814 0 0 195066 1392317 0 18098694
