cpu  64348693 5 61073 12852666 699 0 4522 0 0 0
cpu0 501306 0 2258 99633 0 0 408 0 0 0
cpu1 502184 0 1236 100198 8 0 29 0 0 0
cpu2 501932 0 1025 100600 0 0 90 0 0 0
cpu3 502206 0 834 100562 1 0 66 0 0 0
cpu4 502264 0 971 100373 0 0 86 0 0 0
cpu5 502308 0 820 100481 0 0 48 0 0 0
cpu6 502358 0 491 100794 0 0 30 0 0 0
cpu7 502533 0 490 100619 0 0 37 0 0 0
cpu8 502248 0 830 100524 0 0 85 0 0 0
cpu9 502214 0 902 100465 0 0 76 0 0 0
cpu10 502172 0 555 100861 0 0 66 0 0 0
cpu11 502621 0 396 100629 0 0 34 0 0 0
cpu12 502283 0 863 100445 0 0 76 0 0 0
cpu13 502876 0 783 99985 1 0 29 0 0 0
cpu14 502532 0 487 100599 0 0 35 0 0 0
cpu15 502245 0 564 100814 0 0 44 0 0 0
cpu16 502611 0 541 100487 0 0 36 0 0 0
cpu17 502557 1 856 100190 0 0 59 0 0 0
cpu18 502750 0 389 100510 0 0 34 0 0 0
cpu19 502644 0 364 100644 0 0 24 0 0 0
cpu20 501912 0 723 100944 0 0 80 0 0 0
cpu21 503610 0 700 99335 0 0 26 0 0 0
cpu22 502637 0 446 100563 0 0 32 0 0 0
cpu23 502180 0 463 100775 0 0 211 0 0 0
cpu24 502672 0 630 100330 0 0 47 0 0 0
cpu25 503152 0 579 99920 0 0 26 0 0 0
cpu26 502881 0 297 100486 0 0 23 0 0 0
cpu27 502221 0 503 100881 0 0 35 0 0 0
cpu28 502832 0 444 100372 0 0 28 0 0 0
cpu29 503111 0 549 99959 0 0 27 0 0 0
cpu30 502902 0 283 100477 0 0 12 0 0 0
cpu31 502272 0 726 100564 0 0 103 0 0 0
cpu32 501416 0 1782 100246 0 0 260 0 0 0
cpu33 502891 0 318 100442 4 0 16 0 0 0
cpu34 502901 0 274 100477 0 0 14 0 0 0
cpu35 502597 0 307 100745 1 0 22 0 0 0
cpu36 502784 0 438 100417 0 0 33 0 0 0
cpu37 503588 0 446 99551 66 0 11 0 0 0
cpu38 501964 0 491 101100 0 0 45 0 0 0
cpu39 502769 0 288 100601 0 0 16 0 0 0
cpu40 501927 0 762 100929 1 0 40 0 0 0
cpu41 503186 0 342 100091 30 0 14 0 0 0
cpu42 502730 0 296 100618 0 0 20 0 0 0
cpu43 502742 0 294 100604 1 0 30 0 0 0
cpu44 502556 0 556 100507 1 0 32 0 0 0
cpu45 502946 0 488 100076 112 0 24 0 0 0
cpu46 502576 0 530 100480 0 0 73 0 0 0
cpu47 502665 0 351 100624 0 0 25 0 0 0
cpu48 502302 0 729 100548 0 0 73 0 0 0
cpu49 502868 0 500 100279 0 0 22 0 0 0
cpu50 502054 0 502 101044 0 0 37 0 0 0
cpu51 502740 0 344 100554 0 0 32 0 0 0
cpu52 502778 0 408 100465 0 0 14 0 0 0
cpu53 502863 0 499 100148 92 0 36 0 0 0
cpu54 502981 0 220 100447 4 0 14 0 0 0
cpu55 502699 0 312 100632 2 0 26 0 0 0
cpu56 502826 0 302 100521 0 0 12 0 0 0
cpu57 502517 0 508 100576 1 0 33 0 0 0
cpu58 502770 0 318 100564 0 0 16 0 0 0
cpu59 502722 0 341 100571 0 0 29 0 0 0
cpu60 502380 0 686 100504 0 0 88 0 0 0
cpu61 502922 0 405 100294 8 0 29 0 0 0
cpu62 502700 0 396 100537 0 0 22 0 0 0
cpu63 502542 0 417 100658 0 0 43 0 0 0
cpu64 502807 0 501 100140 185 0 12 0 0 0
cpu65 502542 0 632 100450 1 0 11 0 0 0
cpu66 502598 0 487 100536 2 0 35 0 0 0
cpu67 502383 0 552 100677 0 0 48 0 0 0
cpu68 502355 0 875 100321 0 0 112 0 0 0
cpu69 502914 0 458 100223 32 0 11 0 0 0
cpu70 502356 0 454 100817 0 0 21 0 0 0
cpu71 502653 0 360 100620 0 0 20 0 0 0
cpu72 502720 0 466 100437 2 0 24 0 0 0
cpu73 502738 0 622 100247 3 0 30 0 0 0
cpu74 502512 0 349 100756 1 0 31 0 0 0
cpu75 502829 0 281 100515 0 0 13 0 0 0
cpu76 502775 0 419 100447 1 0 24 0 0 0
cpu77 503119 0 506 99996 15 0 10 0 0 0
cpu78 502626 0 316 100666 0 0 19 0 0 0
cpu79 502238 0 673 100654 0 0 75 0 0 0
cpu80 503027 0 301 100318 0 0 7 0 0 0
cpu81 502946 0 512 100144 28 0 15 0 0 0
cpu82 502850 0 363 100421 0 0 18 0 0 0
cpu83 502747 0 342 100552 1 0 16 0 0 0
cpu84 502781 0 415 100441 0 0 17 0 0 0
cpu85 503703 0 486 99437 1 0 14 0 0 0
cpu86 502571 0 323 100736 0 0 17 0 0 0
cpu87 502798 0 268 100561 1 0 13 0 0 0
cpu88 502816 0 302 100518 0 0 14 0 0 0
cpu89 505919 2 774 96904 6 0 10 0 0 0
cpu90 502834 0 234 100561 0 0 14 0 0 0
cpu91 502654 0 372 100604 0 0 26 0 0 0
cpu92 502740 0 341 100465 0 0 99 0 0 0
cpu93 504871 0 592 98143 1 0 10 0 0 0
cpu94 502974 0 204 100457 0 0 8 0 0 0
cpu95 502867 0 247 100524 0 0 15 0 0 0
cpu96 502809 0 448 100353 7 0 26 0 0 0
cpu97 503148 0 389 100075 1 0 8 0 0 0
cpu98 502805 0 246 100566 0 0 12 0 0 0
cpu99 502816 0 266 100548 0 0 14 0 0 0
cpu100 502628 0 512 100461 12 0 32 0 0 0
cpu101 502956 0 254 100397 1 0 5 0 0 0
cpu102 502739 0 238 100647 1 0 7 0 0 0
cpu103 502600 0 243 100769 0 0 8 0 0 0
cpu104 502830 0 398 100402 0 0 14 0 0 0
cpu105 502947 0 332 100349 0 0 6 0 0 0
cpu106 502978 0 181 100481 0 0 6 0 0 0
cpu107 502732 0 260 100618 0 0 16 0 0 0
cpu108 502608 0 372 100629 2 0 16 0 0 0
cpu109 503220 0 507 99895 0 0 14 0 0 0
cpu110 502691 0 335 100594 0 0 12 0 0 0
cpu111 502763 0 306 100564 0 0 13 0 0 0
cpu112 502900 0 350 100373 0 0 22 0 0 0
cpu113 503014 0 340 100272 3 0 6 0 0 0
cpu114 502918 0 266 100448 0 0 12 0 0 0
cpu115 502762 0 276 100592 0 0 18 0 0 0
cpu116 503096 0 211 100323 0 0 2 0 0 0
cpu117 502525 0 395 100676 5 0 16 0 0 0
cpu118 502894 0 226 100508 0 0 10 0 0 0
cpu119 502582 0 434 100583 0 0 42 0 0 0
cpu120 503024 0 224 100384 0 0 4 0 0 0
cpu121 502803 0 345 100476 4 0 6 0 0 0
cpu122 502931 0 295 100396 0 0 10 0 0 0
cpu123 502831 0 236 100569 0 0 3 0 0 0
cpu124 503001 0 222 100397 0 0 17 0 0 0
cpu125 503014 0 267 100335 0 0 9 0 0 0
cpu126 502769 0 389 100440 0 0 30 0 0 0
cpu127 502916 0 388 100325 0 0 5 0 0 0
intr 183609727 129 0 0 0 680 0 0 0 1 0 285 0 0 0 0 0 0 0 0 0 0 0 0 0 0 0 0 0 0 0 0 0 0 0 0 260 0 578 3486 14529 17226 226 1963 1082 7858 338 6496 3533 7032 581 136 5844 11725 514 613 2967 5946 488 345 3934 94369 345 911 2901 7790 735 1537 1605 5990 270 1 999 7323 644 80 3969 3876 431 642 1601 5459 1020 4630 1111 8691 0 585 5575 6459 282 2328 809 3656 453 2958 1885 5004 1661 99 4455 7315 358 3029 12193 17374 226 360 303 8605 409 3418 3349 4351 469 309 2266 9549 182 158 3294 7569 802 29 3895 3678 673 78 900 13149 26922 4472 1848 5393 295 100 1286 5589 757 422 1353 3407 422 670 1309 5186 600 2811 409 8326 2 175 3933 5246 354 1784 787 0 0 0 0 0 0 0 0 0 0 161 3645 3 385 63 107 40 172 106 13 0 286 26 9 1 7 10 405 341 5 152 3 1 55 109 401 3440 395 779 698 456 1121 82 78 0 0 0 0 0 0 0 0 0 0 0 0 0 0 0 0 10003 2164 5291 199 3435 258 142 127 145 33 155 322 136 322 78 113 78 53 33 27 37 21 12 42 39 86 74 133 6 2 39 9 13 7 13 21 56 33 0 443 321 74 209 174 135 100 72 21 3 144 55 0 28 32 15 3 17 3 9 18 5 24 18 0 0 0 0 0 0 0 0 0 0 0 0 0 0 0 0 0 0 0 0 0 0 0 0 0 0 0 0 0 0 0 0 0 0 0 0 0 0 0 0 0 0 0 0 0 0 0 0 0 0 0 0 0 0 0 0 0 0 0 0 0 0 0 0 0 0 0 0 0 0 0 0 0 0 0 0 0 0 0 0 0 0 0 0 0 0 0 0 0 0 0 0 0 0 0 0 0 0 0 0 0 0 0 0 0 0 0 0 0 0 0 0 0 0 0 0 0 0 0 0 0 0 0 0 0 0 0 0 0 0 0 0 0 0 0 0 0 0 0 0 0 0 0 0 0 0 0 0 0 0 0 0 0 0 0 0 0 0 0 0 0 0 0 0 0 0 0 0 0 0 0 0 0 0 0 0 0 0 0 0 0 0 0 0 0 0 0 0 0 0 0 0 0 0 0 0 0 0 0 0 0 0 0 0 0 0 0 0 0 0 0 0 0 0 0 0 0 0 0 0 0 0 0 0 0 0 0 0 0 0 0 0 0 0 0 0 0 0 0 0 0 0 0 0 0 0 0 0 0 0 0 0 0 0 0 0 0 0 0 0 0 0 0 0 0 0 0 0 0 0 0 0 0 0 0 0 0 0 0 0 0 0 0 0 0 0 0 0 0 0 0 0 0 0 0 0 0 0 0 0 0 0 0 0 0 0 0 0 0 0 0 0 0 0 0 0 0 0 0 0 0 0 0 0 0 0 0 0 0 0 0 0 0 0 0 0 0 0 0 0 0 0 0 0 0 0 0 0 0 0 0 0 0 0 0 0 0 0 0 0 0 0 0 0 0 0 0 0 0 0 0 0 0 0 0 0 0 0 0 0 0 0 0 0 0 0 0 0 0 0 0 0 0 0 0 0 0 0 0 0 0 0 0 0 0 0 0 0 0 0 0 0 0 0 0 0 0 0 0 0 0 0 0 0 0 49 0 0 0 3 0 0 0 0 0 0 0 0 0 0 0 0 0 0 0 0 0 0 0 0 0 49 0 0 0 0 0 0 0 0 0 0 0 0 0 0 0 0 0 0 0 0 0 0 0 0 0 0 0 0 0 0 0 0 0 0 0 0 0 0 0 0 0 0 0 0 0 0 0 0 0 0 0 0 0 0 0 0 0 0 0 0 0 0 0 0 0 22 0 0 0 0 0 0 0 0 0 0 0 0 0 0 0 0 0 0 0 0 0 0 0 0 0 0 0 0 0 0 0 0 0 0 0 0 0 0 0 0 0 0 0 0 0 0 0 0 0 0 0 0 0 0 0 0 0 0 0 0 0 0 0 0 0 0 0 0 0 0 0 0 0 0 0 0 0 0 0 0 0 0 0 0 0 0 0 0 0 0 0 0 0 0 0 0 0 0 0 0 0 0 0 0 0 0 0 0 0 0 0 0 0 0 0 0 0 0 0 0 0 0 0 0 0 0 0 0 0 0 0 0 0 0 0 0 0 0 0 0 0 0 0 0 0 0 0 0 0 0 0 0 0 0 0 0 0 0 0 0 0 0 0 0 0 0 0 0 0 0 0 0 0 0 0 0 0 0 0 0 0 0 0 0 0 0 0 0 0 0 0 0 0 0 0 0 0 0 0 0 0 0 0 0 0 0 0 0 0 0 0 0 0 0 0 0 0 0 0 0 0 0 0 0 0 0 0 0 0 0 0 0 0 0 0 0 0 0 0 0 0 0 0 0 0 0 0 0 0 0 0 0 0 0 0 0 0 0 0 0 0 0 0 0 0 0 0 0 0 0 0 0 0 0 0 0 0 0 0 0 0 0 0 0 0 0 0 0 0 0 0 0 0 0 0 0 0 0 0 0 0 0 0 0 0 0 0 0 0 0 0 0 0 0 0 0 0 0 0 0 0 0 0 0 0 0 0 0 0 0 0 0 0 0 0 0 0 0 0 0 0 0 0 0 0 0 0 0 0 0 0 0 0 0 0 0 0 0 0 0 0 0 0 0 0 0 0 0 0 0 0 0 0 0 0 0 0 0 0 0 0 0 0 0 0 0 0 0 0 0 0 0 0 0 0 0 0 0 0 0 0 0 0 0 0 0 0 0 0 0 0 0 0 0 0 0 0 0 0 0 0 0 0 0 0 0 0 0 0 0 0 0 0 0 0 0 0 0 0 0 0 0 0 0 0 0 0 0 0 0 0 0 0 0 0 0 0 0 0 0 0 0 0 0 0 0 0 0 0 0 0 0 0 0 0 0 0 0 0 0 0 0 0 0 0 0 0 0 0 0 0 0 0 0 0 0 0 0 0 0 0 0 0 0 0 0 0 0 0 0 0 0 0 0 0 0 0 0 0 0 0 0 0 0 0 0 0 0 0 0 0 0 0 0 0 0 0 0 0 0 0 0 0 0 0 0 0 0 0 0 0 0 0 0 0 0 0 0 0 0 0 0 0 0 0 0 0 0 0 0 0 0 0 0 0 0 0 0 0 0 0 0 0 0 0 0 0 0 0 0 0 0 0 0 0 0 0 0 0 0 0 0 0 0 0 0 0 0 0 0 0 0 0 0 0 0 0 0 0 0 0 0 0 0 0 0 0 0 0 0 0 0 0 0 0 0 0 0 0 0 0 0 0 0 0 0 0 0 0 0 0 0 0 0 0 0 0 0 0 0 0 0 0 0 0 0 0 0 0 0 0 0 0 0 0 0 0 0 0 0 0 0 0 0 0 0 0 0 0 0 0 0 0 0 0 0 0 0 0 0 0 0 0 0 0 0 0 0 0 0 0 0 0 0 0 0 0 0 0 0 0 0 0 0 0 0 0 0 0 0 0 0 0 0 0 0 0 0 0 0 0 0 0 0 0 0 0 0 0 0 0 0 0 0 0 0 0 0 0 0 0 0 0 0 0 0 0 0 0 0 0 0 0 0 0 0 0 0 0 0 0 0 0 0 0 0 0 0 0 0 0 0 0 0 0 0 0 0 0 0 0 0 0 0 0 0 0 0 0 0 0 0 0 0 0 0 0 0 0 0 0 0 0 0 0 0 0 0 0 0 0 0 0 0 0 0 0 0 0 0 0 0 0 0 0 0 0 0 0 0 0 0 0 0 0 0 0 0 0 0 0 0 0 0 0 0 0 0 0 0 0 0 0 0 0 0 0 0 0 0 0 0 0 0 0 0 0 0 0 0 0 0 0 0 0 0 0 0 0 0 0 0 0 0 0 0 0 0 0 0 0 0 0 0 0 0 0 0 0 0 0 0 0 0 0 0 0 0 0 0 0 0 0 0 0 0 0 0 0 0 0 0 0 0 0 0 0 0 0 0 0 0 0 0 0 0 0 0 0 0 0 0 0 0 0 0 0 0 0 0 0 0 0 0 0 0 0 0 0 0 0 0 0 0 0 0 0 0 0 0 0 0 0 0 0 0 0 0 0 0 0 0 0 0 0 0 0 0 0 0 0 0 0 0 0 0 0 0 0 0 0 0 0 0 0 0 0 0 0 0 0 0 0 0 0 0 0 0 0 0 0 0 0 0 0 0 0 0 0 0 0 0 0 0 0 0 0 0 0 0 0 0 0 0 0 0 0 0 0 0 0 0 0 0 0 0 0 0 0 0 0 0 0 0 0 0 0 0 0 0 0 0 0 0 0 0 0 0 0 0 0 0 0 0 0 0 0 0 0 0 0 0 0 0 0 0 0 0 0 0 0 0 0 0 0 0 0 0 0 0 0 0 0 0 0 0 0 0 0 0 0 0 0 0 0 0 0 0 0 0 0 0 0 0 0 0 0 0 0 0 0 0 0 0 0 0 0 0 0 0 0 0 0 0 0 0 0 0 0 0 0 0 0 0 0 0 0 0 0 0 0 0 0 0 0 0 0 0 0 0 0 0 0 0 0 0 0 0 0 0 0 0 0 0 0 0 0 0 0 0 0 0 0 0 0 0 0 0 0 0 0 0 0 0 0 0 0 0 0 0 0 0 0 0 0 0 0 0 0 0 0 0 0 0 0 0 0 0 0 0 0 0 0 0 0 0 0 0 0 0 0 0 0 0 0 0 0 0 0 0 0 0 0 0 0 0 0 0 0 0 0 0 0 0 0 0 0 0 0 0 0 0 0 0 0 0 0 0 0 0 0 0 0 0 0 0 0 0 0 0 0 0 0 0 0 0 0 0 0 0 0 0 0 0 0 0 0 0 0 0 0 0 0 0 0 0 0 0 0 0 0 0 0 0 0 0 0 0 0 0 0 0 0 0 0 0 0 0 0 0 0 0 0 0 0 0 0 0 0 0 0 0 0 0 0 0 0 0 0 0 0 0 0 0 0 0 0 0 0 0 0 0 0 0 0 0 0 0 0 0 0 0 0 0 0 0 0 0 0 0 0 0 0 0 0 0 0 0 0 0 0 0 0 0 0 0 0 0 0 0 0 0 0 0 0 0 0 0 0 0 0 0 0 0 0 0 0 0 0 0 0 0 0 0 0 0 0 0 0 0 0 0 0 0 0 0 0 0 0 0 0 0 0 0 0 0 0 0 0 0 0 0 0 0 0 0 0 0 0 0 0 0 0 0 0 0 0 0 0 0 0 0 0 0 0 0 0 0 0 0 0 0 0 0 0 0 0 0 0 0 0 0 0 0 0 0 0 0 0 0 0 0 0 0 0 0 0 0 0 0 0 0 0 0 0 0 0 0 0 0 0 0 0 0 0 0 0 0 0 0 0 0 0 0 0 0 0 0 0 0 0 0 0 0 0 0 0 0 0 0 0 0 0 0 0 0 0 0 0 0 0 0 0 0 0 0 0 0 0 0 0 0 0 0 0 0 0 0 0 0 0 0 0 0 0 0 0 0 0 0 0 0 0 0 0 0 0 0 0 0 0 0 0 0 0 0 0 0 0 0 0 0 0 0 0 0 0 0 0 0 0 0 0 0 0 0 0 0 0 0 0 0 0 0 0 0 0 0 0 0 0 0 0 0 0 0 0 0 0 0 0 0 0 0 0 0 0 0 0 0 0 0 0 0 0 0 0 0 0 0 0 0 0 0 0 0 0 0 0 0 0 0 0 0 0 0 0 0 0 0 0 0 0 0 0 0 0 0 0 0 0 0 0 0 0 0 0 0 0 0 0 0 0 0 0 0 0 0 0 0 0 0 0 0 0 0 0 0 0 0 0 0 0 0 0 0 0 0 0 0 0 0 0 0 0 0 0 0 0 0 0 0 0 0 0 0 0 0 0 0 0 0 0 0 0 0 0 0 0 0 0 0 0 0 0 0 0 0 0 0 0 0 0 0 0 0 0 0 0 0 0 0 0 0 0 0 0 0 0 0 0 0 0 0 0 0 0 0 0 0 0 0 0 0 0 0 0 0 0 0 0 0 0 0 0 0 0 0 0 0 0 0 0 0 0 0 0 0 0 0 0 0 0 0 0 0 0 0 0 0 0 0 0 0 0 0 0 0 0 0 0 0 0 0 0 0 0 0 0 0 0 0 0 0 0 0 0 0 0 0 0 0 0 0 0 0 0 0 0 0 0 0 0 0 0 0 0 0 0 0 0 0 0 0 0 0 0 0 0 0 0 0 0 0 0 0 0 0 0 0 0 0 0 0 0 0 0 0 0 0 0 0 0 0 0 0 0 0 0 0 0 0 0 0 0 0 0 0 0 0 0 0 0 0 0 0 0 0 0 0 0 0 0 0 0 0 0 0 0 0 0 0 0 0 0 0 0 0 0 0 0 0 0 0 0 0 0 0 0 0 0 0 0 0 0 0 0 0 0 0 0 0 0 0 0 0 0 0 0 0 0 0 0 0 0 0 0 0 0 0 0 0 0 0 0 0 0 0 0 0 0 0 0 0 0 0 0 0 0 0 0 0 0 0 0 0 0 0 0 0 0 0 0 0 0 0 0 0 0 0 0 0 0 0 0 0 0 0 0 0 0 0 0 0 0 0 0 0 0 0 0 0 0 0 0 0 0 0 0 0 0 0 0 0 0 0 0 0 0 0 0 0 0 0 0 0 0 0 0 0 0 0 0 0 0 0 0 0 0 0 0 0 0 0 0 0 0 0 0 0 0 0 0 0 0 0 0 0 0 0 0 0 0 0 0 0 0 0 0 0 0 0 0 0 0 0 0 0 0 0 0 0 0 0 0 0 0 0 0 0 0 0 0 0 0 0 0 0 0 0 0 0 0 0 0 0 0 0 0 0 0 0 0 0 0 0 0 0 0 0 0 0 0 0 0 0 0 0 0 0 0 0 0 0 0 0 0 0 0 0 0 0 0 0 0 0 0 0 0 0 0 0 0 0 0 0 0 0 0 0 0 0 0 0 0 0 0 0 0 0 0 0 0 0 0 0 0 0 0 0 0 0 0 0 0 0 0 0 0 0 0 0 0 0 0 0 0 0 0 0 0 0 0 0 0 0 0 0 0 0 0 0 0 0 0 0 0 0 0 0 0 0 0 0 0 0 0 0 0 0 0 0 0 0 0 0 0 0 0 0 0 0 0 0 0 0 0 0 0 0 0 0 0 0 0 0 0 0 0 0 0 0 0 0 0 0 0 0 0 0 0 0 0 0 0 0 0 0 0 0 0 0 0 0 0 0 0 0 0 0 0 0 0 0 0 0 0 0 0 0 0 0 0 0 0 0 0 0 0 0 0 0 0 0 0 0 0 0 0 0 0 0 0 0 0 0 0 0 0 0 0 0 0 0 0 0 0 0 0 0 0 0 0 0 0 0 0 0 0 0 0 0 0 0 0 0 0 0 0 0 0 0 0 0 0 0 0 0 0 0 0 0 0 0 0 0 0 0 0 0 0 0 0 0 0 0 0 0 0 0 0 0 0 0 0 0 0 0 0 0 0 0 0 0 0 0 0 0 0 0 0 0 0 0 0 0 0 0 0 0 0 0 0 0 0 0 0 0 0 0 0 0 0 0 0 0 0 0 0 0 0 0 0 0 0 0 0 0 0 0 0 0 0 0 0 0 0 0 0 0 0 0 0 0 0 0 0 0 0 0 0 0 0 0 0 0 0 0 0 0 0 0 0 0 0 0 0 0 0 0 0 0 0 0 0 0 0 0 0 0 0 0 0 0 0 0 0 0 0 0 0 0 0 0 0 0 0 0 0 0 0 0 0 0 0 0 0 0 0 0 0 0 0 0 0 0 0 0 0 0 0 0 0 0 0 0 0 0 0 0 0 0 0 0 0 0 0 0 0 0 0 0 0 0 0 0 0 0 0 0 0 0 0 0 0 0 0 0 0 0 0 0 0 0 0 0 0 0 0 0 0 0 0 0 0 0 0 0 0 0 0 0 0 0 0 0 0 0 0 0 0 0 0 0 0 0 0 0 0 0 0 0 0 0 0 0 0 0 0 0 0 0 0 0 0 0 0 0 0 0 0 0 0 0 0 0 0 0 0 0 0 0 0 0 0 0 0 0 0 0 0 0 0 0 0 0 0 0 0 0 0 0 0 0 0 0 0 0 0 0 0 0 0 0 0 0 0 0 0 0 0 0 0 0 0 0 0 0 0 0 0 0 0 0 0 0 0 0 0 0 0 0 0 0 0 0 0 0 0 0 0 0 0 0 0 0 0 0 0 0 0 0 0 0 0 0 0 0 0 0 0 0 0 0 0 0 0 0 0 0 0 0 0 0 0 0 0 0 0 0 0 0 0 0 0 0 0 0 0 0 0 0 0 0 0 0 0 0 0 0 0 0 0 0 0 0 0 0 0 0 0 0 0 0 0 0 0 0 0 0 0 0 0 0 0 0 0 0 0 0 0 0 0 0 0 0 0 0 0 0 0 0 0 0 0 0 0 0 0 0 0 0 0 0 0 0 0 0 0 0 0 0 0 0 0 0 0 0 0 0 0 0 0 0 0 0 0 0 0 0 0 0 0 0 0 0 0 0 0 0 0 0 0 0 0 0 0 0 0 0 0 0 0 0 0 0 0 0 0 0 0 0 0 0 0 0 0 0 0 0 0 0 0 0 0 0 0 0 0 0 0 0 0 0 0 0 0 0 0 0 0 0 0 0 0 0 0 0 0 0 0 0 0 0 0 0 0 0 0 0 0 0 0 0 0 0 0 0 0 0 0 0 0 0 0 0 0 0 0 0 0 0 0 0 0 0 0 0 0 0 0 0 0 0 0 0 0 0 0 0 0 0 0 0 0 0 0 0 0 0 0 0 0 0 0 0 0 0 0 0 0 0 0 0 0 0 0 0 0 0 0 0 0 0 0 0 0 0 0 0 0 0 0 0 0 0 0 0 0 0 0 0 0 0 0 0 0 0 0 0 0 0 0 0 0 0 0 0 0 0 0 0 0 0 0 0 0 0 0 0 0 0 0 0 0 0 0 0 0 0 0 0 0 0 0 0 0 0 0 0 0 0 0 0 0 0 0 0 0 0 0 0 0 0 0 0 0 0 0 0 0 0 0 0 0 0 0 0 0 0 0 0 0 0 0 0 0 0 0 0 0 0 0 0 0 0 0 0 0 0 0 0 0 0 0 0 0 0 0 0 0 0 0 0 0 0 0 0 0 0 0 0 0 0 0 0 0 0 0 0 0 0 0 0 0 0 0 0 0 0 0 0 0 0 0 0 0 0 0 0 0 0 0 0 0 0 0 0 0 0 0 0 0 0 0 0 0 0 0 0 0 0 0 0 0 0 0 0 0 0 0 0 0 0 0 0 0 0 0 0 0 0 0 0 0 0 0 0 0 0 0 0 0 0 0 0 0 0 0 0 0 0 0 0 0 0 0 0 0 0 0 0 0 0 0 0 0 0 0 0 0 0 0 0 0 0 0 0 0 0 0 0 0 0 0 0 0 0 0 0 0 0 0 0 0 0 0 0 0 0 0 0 0 0 0 0 0 0 0 0 0 0 0 0 0 0 0 0 0 0 0 0 0 0 0 0 0 0 0 0 0 0 0 0 0 0 0 0 0 0 0 0 0 0 0 0 0 0 0 0 0 0 0 0 0 0 0 0 0 0 0 0 0 0 0 0 0 0 0 0 0 0 0 0 0 0 0 0 0 0 0 0 0 0 0 0 0 0 0 0 0 0 0 0 0 0 0 0 0 0 0 0 0 0 0 0 0 0 0 0 0 0 0 0 0 0 0 0 0 0 0 0 0 0 0 0 0 0 0 0 0 0 0 0 0 0 0 0 0 0 0 0 0 0 0 0 0 0 0 0 0 0 0 0 0 0 0 0 0 0 0 0 0 0 0 0 0 0 0 0 0 0 0 0 0 0 0 0 0 0 0 0 0 0 0 0 0 0 0 0 0 0 0 0 0 0 0 0 0 0 0 0 0 0 0 0 0 0 0 0 0 0 0 0 0 0 0 0 0 0 0 0 0 0 0 0 0 0 0 0 0 0 0
ctxt 12476348
btime 1613122782
processes 274943
procs_running 1
procs_blocked 0
softirq 194328436 1 116775214 1883 2482453 0 0 248 5974759 0 69093878
