cpu  2886778 4 4592 6752876 492 0 514 0 0 0
cpu0 80147 0 231 187303 13 0 194 0 0 0
cpu1 80574 0 224 187113 1 0 44 0 0 0
cpu2 80074 0 352 187339 2 0 136 0 0 0
cpu3 80154 0 141 187617 4 0 17 0 0 0
cpu4 80370 0 199 187306 44 0 11 0 0 0
cpu5 80206 0 106 187585 29 0 1 0 0 0
cpu6 80162 0 82 187658 16 0 0 0 0 0
cpu7 80158 0 108 187648 13 0 0 0 0 0
cpu8 80127 0 94 187636 72 0 2 0 0 0
cpu9 80107 0 90 187733 2 0 1 0 0 0
cpu10 80066 0 132 187718 4 0 13 0 0 0
cpu11 80115 0 72 187742 0 0 1 0 0 0
cpu12 79770 0 394 187687 6 0 62 0 0 0
cpu13 80336 0 98 187487 1 0 1 0 0 0
cpu14 80126 0 82 187719 1 0 0 0 0 0
cpu15 80141 0 113 187668 5 0 1 0 0 0
cpu16 80192 0 77 187654 2 0 1 0 0 0
cpu17 80162 0 138 187609 6 0 0 0 0 0
cpu18 80322 0 113 187483 3 0 0 0 0 0
cpu19 80557 0 190 187110 48 0 2 0 0 0
cpu20 80176 0 152 187570 1 0 1 0 0 0
cpu21 80137 0 99 187676 2 0 2 0 0 0
cpu22 80191 0 138 187537 62 0 0 0 0 0
cpu23 80318 0 125 187397 70 0 0 0 0 0
cpu24 80202 0 63 187654 4 0 0 0 0 0
cpu25 80138 0 93 187690 1 0 0 0 0 0
cpu26 80136 0 71 187717 0 0 4 0 0 0
cpu27 80136 0 72 187714 1 0 1 0 0 0
cpu28 80115 0 79 187724 1 0 0 0 0 0
cpu29 80111 0 83 187730 0 0 0 0 0 0
cpu30 80149 0 71 187693 10 0 0 0 0 0
cpu31 80427 0 77 187418 1 0 1 0 0 0
cpu32 80132 2 82 187687 8 0 0 0 0 0
cpu33 80204 0 83 187613 20 0 0 0 0 0
cpu34 80182 0 122 187592 19 0 5 0 0 0
cpu35 80145 0 130 187628 2 0 0 0 0 0
intr 8361461 56 0 0 0 614 0 0 0 1 0 263 0 0 0 0 0 0 0 0 0 0 0 0 0 0 0 0 0 0 0 0 0 669 139 291 254 4717 2500 540 378 3008 973 72 13 1664 25 236 238 213 262 155 5978 199 122 2202 3242 0 0 0 0 384 83 13 70 40 59 614 56 875 1505 1035 234 93 0 16 10074 1053 0 4885 139 29961 137 11 42 1 362 2 331 477 245 11845 930 570 1500 131 315 284 78 4382 1681 12 105 14 177 49 68 126 1107 161 109 132 10 133 274 0 18 7701 1 0 0 0 0 0 0 0 0 0 0 0 0 0 0 0 0 0 0 0 0 0 0 0 0 0 0 0 0 0 0 0 0 0 0 0 0 0 21 0 0 0 0 0 0 0 0 0 0 0 0 0 0 0 0 0 0 0 0 0 0 0 0 0 0 0 0 0 0 0 0 0 0 0 0 0 0 0 0 0 0 0 0 0 0 0 0 0 0 0 0 0 0 0 0 0 0 0 0 0 0 0 0 0 0 0 0 0 0 0 0 0 0 0 0 0 0 0 0 0 0 0 0 0 0 0 0 0 0 0 0 0 0 0 0 0 0 0 0 0 0 0 0 0 0 0 0 0 0 0 0 0 0 0 0 0 0 0 0 0 0 0 0 0 0 0 0 0 0 0 0 0 0 0 0 0 0 0 0 0 0 0 0 0 0 0 0 0 0 0 0 0 0 0 0 0 0 0 0 0 0 0 0 0 0 0 0 0 0 0 0 0 0 0 0 0 0 0 0 0 0 0 0 0 0 0 0 0 0 0 0 0 0 0 0 0 0 0 0 0 0 0 0 0 0 0 0 0 0 0 0 0 0 0 0 0 0 0 0 0 0 0 0 0 0 0 0 0 0 0 0 0 0 0 0 0 0 0 0 0 0 0 0 0 0 0 0 0 0 0 0 0 0 0 0 0 0 0 0 0 0 0 0 0 0 0 0 0 0 0 0 0 0 0 0 0 0 0 0 0 0 0 0 0 0 0 0 0 0 0 0 0 0 0 0 0 0 0 0 0 0 0 0 0 0 0 0 0 0 0 0 0 0 0 0 0 0 0 0 0 0 0 0 0 0 0 0 0 0 0 0 0 0 0 0 0 0 0 0 0 0 0 0 0 0 0 0 0 0 0 0 0 0 0 0 0 0 0 0 0 0 0 0 0 0 0 0 0 0 0 0 0 0 0 0 0 0 0 0 0 0 0 0 0 0 0 0 0 0 0 0 0 0 0 0 0 0 0 0 0 0 0 0 0 0 0 0 0 0 0 0 0 0 0 0 0 0 0 0 0 0 0 0 0 0 0 0 0 0 0 0 0 0 0 0 0 0 0 0 0 0 0 0 0 0 0 0 0 0 0 0 0 0 0 0 0 0 0 0 0 0 0 0 0 0 0 0 0 0 0 0 0 0 0 0 0 0 0 0 0 0 0 0 0 0 0 0 0 0 0 0 0 0 0 0 0 0 0 0 0 0 0 0 0 0 0 0 0 0 0 0 0 0 0 0 0 0 0 0 0 0 0 0 0 0 0 0 0 0 0 0 0 0 0 0 0 0 0 0 0 0 0 0 0 0 0 0 0 0 0 0 0 0 0 0 0 0 0 0 0 0 0 0 0 0 0 0 0 0 0 0 0 0 0 0 0 0 0 0 0 0 0 0 0 0 0 0 0 0 0 0 0 0 0 0 0 0 0 0 0 0 0 0 0 0 0 0 0 0 0 0 0 0 0 0 0 0 0 0 0 0 0 0 0 0 0 0 0 0 0 0 0 0 0 0 0 0 0 0 0 0 0 0 0 0 0 0 0 0 0 0 0 0 0 0 0 0 0 0 0 0 0 0 0 0 0 0 0 0 0 0 0 0 0 0 0 0 0 0 0 0 0 0 0 0 0 0 0 0 0 0 0 0 0 0 0 0 0 0 0 0 0 0 0 0 0 0 0 0 0 0 0 0 0 0 0 0 0 0 0 0 0 0 0 0 0 0 0 0 0 0 0 0 0 0 0 0 0 0 0 0 0 0 0 0 0 0 0 0 0 0 0 0 0 0 0 0 0 0 0 0 0 0 0 0 0 0 0 0 0 0 0 0 0 0 0 0 0 0 0 0 0 0 0 0 0 0 0 0 0 0 0 0 0 0 0 0 0 0 0 0 0 0 0 0 0 0 0 0 0 0 0 0 0 0 0 0 0 0 0 0 0 0 0 0 0 0 0 0 0 0 0 0 0 0 0 0 0 0 0 0 0 0 0 0 0 0 0 0 0 0 0 0 0 0 0 0 0 0 0 0 0 0 0 0 0 0 0 0 0 0 0 0 0 0 0 0 0 0 0 0 0 0 0 0 0 0 0 0 0 0 0 0 0 0 0 0 0 0 0 0 0 0 0 0 0 0 0 0 0 0 0 0 0 0 0 0 0 0 0 0 0 0 0 0 0 0 0 0 0 0 0 0 0 0 0 0 0 0 0 0 0 0 0 0 0 0 0 0 0 0 0 0 0 0 0 0 0 0 0 0 0 0 0 0 0 0 0 0 0 0 0 0 0 0 0 0 0 0 0 0 0 0 0 0 0 0 0 0 0 0 0 0 0 0 0 0 0 0 0 0 0 0 0 0 0 0 0 0 0 0 0 0 0 0 0 0 0 0 0 0 0 0 0 0 0 0 0 0 0 0 0 0 0 0 0 0 0 0 0 0 0 0 0 0 0 0 0 0 0 0 0 0 0 0 0 0 0 0 0 0 0 0 0 0 0 0 0 0 0 0 0 0 0 0 0 0 0 0 0 0 0 0 0 0 0 0 0 0 0 0 0 0 0 0 0 0 0 0
ctxt 2793991
btime 1613124388
processes 67614
procs_running 1
procs_blocked 0
softirq 10915742 1 6241713 265 485871 0 0 58981 381730 0 3747181
