cpu  50787367 5 53326 12190015 698 0 3962 0 0 0
cpu0 395432 0 2198 94424 0 0 342 0 0 0
cpu1 396259 0 1043 95129 7 0 23 0 0 0
cpu2 396126 0 852 95409 0 0 69 0 0 0
cpu3 396263 0 729 95432 1 0 55 0 0 0
cpu4 396332 0 896 95189 0 0 85 0 0 0
cpu5 396362 0 709 95350 0 0 44 0 0 0
cpu6 396350 0 472 95630 0 0 30 0 0 0
cpu7 396542 0 468 95441 0 0 36 0 0 0
cpu8 396310 0 754 95347 0 0 83 0 0 0
cpu9 396376 0 803 95219 0 0 72 0 0 0
cpu10 396417 0 420 95594 0 0 40 0 0 0
cpu11 396670 0 364 95423 0 0 31 0 0 0
cpu12 396459 0 806 95140 0 0 72 0 0 0
cpu13 396860 0 672 94922 1 0 29 0 0 0
cpu14 396652 0 446 95330 0 0 32 0 0 0
cpu15 396328 0 475 95640 0 0 36 0 0 0
cpu16 396612 0 516 95320 0 0 36 0 0 0
cpu17 396672 1 750 94997 0 0 56 0 0 0
cpu18 396914 0 320 95235 0 0 24 0 0 0
cpu19 396704 0 307 95456 0 0 22 0 0 0
cpu20 396454 0 656 95294 0 0 73 0 0 0
cpu21 397613 0 640 94206 0 0 25 0 0 0
cpu22 396863 0 377 95221 0 0 29 0 0 0
cpu23 396424 0 337 95515 0 0 164 0 0 0
cpu24 396702 0 591 95148 0 0 46 0 0 0
cpu25 397177 0 531 94753 0 0 26 0 0 0
cpu26 396958 0 276 95238 0 0 21 0 0 0
cpu27 396259 0 458 95704 0 0 30 0 0 0
cpu28 396868 0 412 95178 0 0 26 0 0 0
cpu29 396696 0 436 95301 0 0 26 0 0 0
cpu30 396896 0 271 95305 0 0 12 0 0 0
cpu31 396281 0 707 95386 0 0 101 0 0 0
cpu32 395448 0 1725 95079 0 0 259 0 0 0
cpu33 396884 0 293 95280 4 0 16 0 0 0
cpu34 396904 0 257 95304 0 0 14 0 0 0
cpu35 396616 0 275 95571 1 0 21 0 0 0
cpu36 396787 0 413 95250 0 0 32 0 0 0
cpu37 397543 0 401 94453 66 0 10 0 0 0
cpu38 396349 0 433 95600 0 0 40 0 0 0
cpu39 396829 0 267 95372 0 0 15 0 0 0
cpu40 396452 0 602 95386 1 0 35 0 0 0
cpu41 397132 0 302 94997 30 0 14 0 0 0
cpu42 396794 0 271 95394 0 0 19 0 0 0
cpu43 396824 0 270 95356 1 0 29 0 0 0
cpu44 396689 0 408 95339 1 0 26 0 0 0
cpu45 397000 0 433 94897 112 0 19 0 0 0
cpu46 396569 0 520 95308 0 0 73 0 0 0
cpu47 396793 0 266 95399 0 0 19 0 0 0
cpu48 396408 0 602 95381 0 0 70 0 0 0
cpu49 396884 0 465 95112 0 0 18 0 0 0
cpu50 396267 0 331 95826 0 0 25 0 0 0
cpu51 396760 0 313 95375 0 0 30 0 0 0
cpu52 396918 0 300 95247 0 0 11 0 0 0
cpu53 396805 0 421 95097 91 0 33 0 0 0
cpu54 396989 0 192 95277 4 0 14 0 0 0
cpu55 396704 0 294 95454 2 0 25 0 0 0
cpu56 396914 0 245 95306 0 0 8 0 0 0
cpu57 396578 0 434 95406 1 0 26 0 0 0
cpu58 396781 0 288 95389 0 0 15 0 0 0
cpu59 396744 0 319 95379 0 0 28 0 0 0
cpu60 396578 0 506 95317 0 0 66 0 0 0
cpu61 396960 0 373 95100 8 0 27 0 0 0
cpu62 396733 0 370 95339 0 0 22 0 0 0
cpu63 396671 0 394 95366 0 0 40 0 0 0
cpu64 396808 0 479 94971 185 0 11 0 0 0
cpu65 396664 0 518 95256 1 0 8 0 0 0
cpu66 396782 0 342 95316 2 0 25 0 0 0
cpu67 396498 0 480 95452 0 0 40 0 0 0
cpu68 396365 0 825 95170 0 0 111 0 0 0
cpu69 396968 0 386 95052 32 0 10 0 0 0
cpu70 396812 0 200 95449 0 0 4 0 0 0
cpu71 396692 0 342 95410 0 0 18 0 0 0
cpu72 396962 0 353 95129 2 0 18 0 0 0
cpu73 396844 0 523 95060 3 0 20 0 0 0
cpu74 396649 0 271 95518 1 0 24 0 0 0
cpu75 396836 0 264 95335 0 0 13 0 0 0
cpu76 396758 0 395 95298 1 0 22 0 0 0
cpu77 397083 0 463 94887 15 0 8 0 0 0
cpu78 396630 0 308 95478 0 0 19 0 0 0
cpu79 396784 0 298 95352 0 0 19 0 0 0
cpu80 397026 0 282 95147 0 0 7 0 0 0
cpu81 396950 0 477 94987 28 0 15 0 0 0
cpu82 396842 0 354 95247 0 0 18 0 0 0
cpu83 396802 0 280 95375 1 0 12 0 0 0
cpu84 396800 0 399 95247 0 0 17 0 0 0
cpu85 397230 0 410 94797 1 0 12 0 0 0
cpu86 396630 0 279 95534 0 0 16 0 0 0
cpu87 396798 0 256 95385 1 0 13 0 0 0
cpu88 396935 0 264 95252 0 0 12 0 0 0
cpu89 399493 2 660 92256 6 0 10 0 0 0
cpu90 396828 0 224 95386 0 0 14 0 0 0
cpu91 396667 0 351 95423 0 0 26 0 0 0
cpu92 396772 0 327 95265 0 0 90 0 0 0
cpu93 397912 0 436 94075 1 0 9 0 0 0
cpu94 396968 0 194 95283 0 0 7 0 0 0
cpu95 396876 0 226 95345 0 0 14 0 0 0
cpu96 396838 0 430 95155 7 0 26 0 0 0
cpu97 397098 0 314 95016 1 0 8 0 0 0
cpu98 396816 0 217 95392 0 0 12 0 0 0
cpu99 396860 0 244 95342 0 0 11 0 0 0
cpu100 396624 0 494 95291 12 0 32 0 0 0
cpu101 396884 0 220 95314 1 0 5 0 0 0
cpu102 396738 0 218 95477 1 0 7 0 0 0
cpu103 396617 0 222 95584 0 0 7 0 0 0
cpu104 396848 0 358 95232 0 0 14 0 0 0
cpu105 396959 0 299 95179 0 0 6 0 0 0
cpu106 396970 0 170 95308 0 0 6 0 0 0
cpu107 396762 0 239 95423 0 0 14 0 0 0
cpu108 396849 0 227 95357 2 0 10 0 0 0
cpu109 397308 0 428 94707 0 0 10 0 0 0
cpu110 396703 0 324 95400 0 0 12 0 0 0
cpu111 396884 0 224 95340 0 0 7 0 0 0
cpu112 396958 0 272 95202 0 0 20 0 0 0
cpu113 396961 0 307 95168 3 0 5 0 0 0
cpu114 396974 0 206 95263 0 0 10 0 0 0
cpu115 396780 0 247 95412 0 0 16 0 0 0
cpu116 397130 0 155 95154 0 0 2 0 0 0
cpu117 396752 0 321 95339 5 0 13 0 0 0
cpu118 396950 0 193 95294 0 0 8 0 0 0
cpu119 396606 0 404 95401 0 0 40 0 0 0
cpu120 397058 0 203 95181 0 0 2 0 0 0
cpu121 396865 0 257 95312 4 0 5 0 0 0
cpu122 396942 0 276 95213 0 0 9 0 0 0
cpu123 396833 0 224 95388 0 0 3 0 0 0
cpu124 397051 0 198 95183 0 0 15 0 0 0
cpu125 397109 0 236 95085 0 0 8 0 0 0
cpu126 396877 0 278 95275 0 0 8 0 0 0
cpu127 396910 0 330 95199 0 0 5 0 0 0
intr 144455935 129 0 0 0 680 0 0 0 1 0 285 0 0 0 0 0 0 0 0 0 0 0 0 0 0 0 0 0 0 0 0 0 0 0 0 260 0 578 453 5786 10512 226 1829 1080 7156 338 5154 1178 5323 581 78 5844 8628 514 587 2320 4712 470 343 1364 69775 345 911 1906 6341 735 1537 1390 4998 270 1 934 5724 644 80 3306 3141 411 474 1597 3985 1020 4228 1111 3205 0 486 1453 5014 282 964 530 3029 453 853 1885 3908 1661 99 4416 5897 358 275 4281 11728 226 10 293 8315 409 144 739 3892 469 5 2266 5645 182 102 3294 6394 802 29 2607 3408 418 78 900 12277 21533 4472 1717 4212 295 99 1187 4463 757 422 1353 2421 420 277 1309 4250 594 2542 409 2358 2 7 760 4121 354 945 787 0 0 0 0 0 0 0 0 0 0 161 3642 3 385 63 107 38 25 106 13 0 236 26 9 1 7 10 405 341 5 149 3 1 55 79 387 3440 194 675 692 446 1121 79 78 0 0 0 0 0 0 0 0 0 0 0 0 0 0 0 0 10003 2164 5291 199 3325 237 142 127 145 33 71 319 136 258 76 95 76 41 33 27 37 21 12 42 21 86 74 133 6 2 39 9 13 7 13 21 56 33 0 377 321 74 161 174 135 100 72 21 3 18 55 0 28 32 15 3 17 3 9 18 5 24 13 0 0 0 0 0 0 0 0 0 0 0 0 0 0 0 0 0 0 0 0 0 0 0 0 0 0 0 0 0 0 0 0 0 0 0 0 0 0 0 0 0 0 0 0 0 0 0 0 0 0 0 0 0 0 0 0 0 0 0 0 0 0 0 0 0 0 0 0 0 0 0 0 0 0 0 0 0 0 0 0 0 0 0 0 0 0 0 0 0 0 0 0 0 0 0 0 0 0 0 0 0 0 0 0 0 0 0 0 0 0 0 0 0 0 0 0 0 0 0 0 0 0 0 0 0 0 0 0 0 0 0 0 0 0 0 0 0 0 0 0 0 0 0 0 0 0 0 0 0 0 0 0 0 0 0 0 0 0 0 0 0 0 0 0 0 0 0 0 0 0 0 0 0 0 0 0 0 0 0 0 0 0 0 0 0 0 0 0 0 0 0 0 0 0 0 0 0 0 0 0 0 0 0 0 0 0 0 0 0 0 0 0 0 0 0 0 0 0 0 0 0 0 0 0 0 0 0 0 0 0 0 0 0 0 0 0 0 0 0 0 0 0 0 0 0 0 0 0 0 0 0 0 0 0 0 0 0 0 0 0 0 0 0 0 0 0 0 0 0 0 0 0 0 0 0 0 0 0 0 0 0 0 0 0 0 0 0 0 0 0 0 0 0 0 0 0 0 0 0 0 0 0 0 0 0 0 0 0 0 0 0 0 0 0 0 0 0 0 0 0 0 0 0 0 0 0 0 0 0 0 0 0 0 0 0 0 0 0 0 0 0 0 0 0 0 0 0 0 0 0 0 0 0 0 0 0 0 0 0 0 0 0 0 0 0 0 0 0 0 0 0 0 0 0 0 0 0 0 0 0 0 0 0 0 0 0 0 0 0 0 0 0 0 0 0 0 0 0 0 0 0 0 0 0 0 0 0 0 0 0 0 0 0 0 0 0 0 0 0 0 0 0 0 0 0 49 0 0 0 3 0 0 0 0 0 0 0 0 0 0 0 0 0 0 0 0 0 0 0 0 0 49 0 0 0 0 0 0 0 0 0 0 0 0 0 0 0 0 0 0 0 0 0 0 0 0 0 0 0 0 0 0 0 0 0 0 0 0 0 0 0 0 0 0 0 0 0 0 0 0 0 0 0 0 0 0 0 0 0 0 0 0 0 0 0 0 0 22 0 0 0 0 0 0 0 0 0 0 0 0 0 0 0 0 0 0 0 0 0 0 0 0 0 0 0 0 0 0 0 0 0 0 0 0 0 0 0 0 0 0 0 0 0 0 0 0 0 0 0 0 0 0 0 0 0 0 0 0 0 0 0 0 0 0 0 0 0 0 0 0 0 0 0 0 0 0 0 0 0 0 0 0 0 0 0 0 0 0 0 0 0 0 0 0 0 0 0 0 0 0 0 0 0 0 0 0 0 0 0 0 0 0 0 0 0 0 0 0 0 0 0 0 0 0 0 0 0 0 0 0 0 0 0 0 0 0 0 0 0 0 0 0 0 0 0 0 0 0 0 0 0 0 0 0 0 0 0 0 0 0 0 0 0 0 0 0 0 0 0 0 0 0 0 0 0 0 0 0 0 0 0 0 0 0 0 0 0 0 0 0 0 0 0 0 0 0 0 0 0 0 0 0 0 0 0 0 0 0 0 0 0 0 0 0 0 0 0 0 0 0 0 0 0 0 0 0 0 0 0 0 0 0 0 0 0 0 0 0 0 0 0 0 0 0 0 0 0 0 0 0 0 0 0 0 0 0 0 0 0 0 0 0 0 0 0 0 0 0 0 0 0 0 0 0 0 0 0 0 0 0 0 0 0 0 0 0 0 0 0 0 0 0 0 0 0 0 0 0 0 0 0 0 0 0 0 0 0 0 0 0 0 0 0 0 0 0 0 0 0 0 0 0 0 0 0 0 0 0 0 0 0 0 0 0 0 0 0 0 0 0 0 0 0 0 0 0 0 0 0 0 0 0 0 0 0 0 0 0 0 0 0 0 0 0 0 0 0 0 0 0 0 0 0 0 0 0 0 0 0 0 0 0 0 0 0 0 0 0 0 0 0 0 0 0 0 0 0 0 0 0 0 0 0 0 0 0 0 0 0 0 0 0 0 0 0 0 0 0 0 0 0 0 0 0 0 0 0 0 0 0 0 0 0 0 0 0 0 0 0 0 0 0 0 0 0 0 0 0 0 0 0 0 0 0 0 0 0 0 0 0 0 0 0 0 0 0 0 0 0 0 0 0 0 0 0 0 0 0 0 0 0 0 0 0 0 0 0 0 0 0 0 0 0 0 0 0 0 0 0 0 0 0 0 0 0 0 0 0 0 0 0 0 0 0 0 0 0 0 0 0 0 0 0 0 0 0 0 0 0 0 0 0 0 0 0 0 0 0 0 0 0 0 0 0 0 0 0 0 0 0 0 0 0 0 0 0 0 0 0 0 0 0 0 0 0 0 0 0 0 0 0 0 0 0 0 0 0 0 0 0 0 0 0 0 0 0 0 0 0 0 0 0 0 0 0 0 0 0 0 0 0 0 0 0 0 0 0 0 0 0 0 0 0 0 0 0 0 0 0 0 0 0 0 0 0 0 0 0 0 0 0 0 0 0 0 0 0 0 0 0 0 0 0 0 0 0 0 0 0 0 0 0 0 0 0 0 0 0 0 0 0 0 0 0 0 0 0 0 0 0 0 0 0 0 0 0 0 0 0 0 0 0 0 0 0 0 0 0 0 0 0 0 0 0 0 0 0 0 0 0 0 0 0 0 0 0 0 0 0 0 0 0 0 0 0 0 0 0 0 0 0 0 0 0 0 0 0 0 0 0 0 0 0 0 0 0 0 0 0 0 0 0 0 0 0 0 0 0 0 0 0 0 0 0 0 0 0 0 0 0 0 0 0 0 0 0 0 0 0 0 0 0 0 0 0 0 0 0 0 0 0 0 0 0 0 0 0 0 0 0 0 0 0 0 0 0 0 0 0 0 0 0 0 0 0 0 0 0 0 0 0 0 0 0 0 0 0 0 0 0 0 0 0 0 0 0 0 0 0 0 0 0 0 0 0 0 0 0 0 0 0 0 0 0 0 0 0 0 0 0 0 0 0 0 0 0 0 0 0 0 0 0 0 0 0 0 0 0 0 0 0 0 0 0 0 0 0 0 0 0 0 0 0 0 0 0 0 0 0 0 0 0 0 0 0 0 0 0 0 0 0 0 0 0 0 0 0 0 0 0 0 0 0 0 0 0 0 0 0 0 0 0 0 0 0 0 0 0 0 0 0 0 0 0 0 0 0 0 0 0 0 0 0 0 0 0 0 0 0 0 0 0 0 0 0 0 0 0 0 0 0 0 0 0 0 0 0 0 0 0 0 0 0 0 0 0 0 0 0 0 0 0 0 0 0 0 0 0 0 0 0 0 0 0 0 0 0 0 0 0 0 0 0 0 0 0 0 0 0 0 0 0 0 0 0 0 0 0 0 0 0 0 0 0 0 0 0 0 0 0 0 0 0 0 0 0 0 0 0 0 0 0 0 0 0 0 0 0 0 0 0 0 0 0 0 0 0 0 0 0 0 0 0 0 0 0 0 0 0 0 0 0 0 0 0 0 0 0 0 0 0 0 0 0 0 0 0 0 0 0 0 0 0 0 0 0 0 0 0 0 0 0 0 0 0 0 0 0 0 0 0 0 0 0 0 0 0 0 0 0 0 0 0 0 0 0 0 0 0 0 0 0 0 0 0 0 0 0 0 0 0 0 0 0 0 0 0 0 0 0 0 0 0 0 0 0 0 0 0 0 0 0 0 0 0 0 0 0 0 0 0 0 0 0 0 0 0 0 0 0 0 0 0 0 0 0 0 0 0 0 0 0 0 0 0 0 0 0 0 0 0 0 0 0 0 0 0 0 0 0 0 0 0 0 0 0 0 0 0 0 0 0 0 0 0 0 0 0 0 0 0 0 0 0 0 0 0 0 0 0 0 0 0 0 0 0 0 0 0 0 0 0 0 0 0 0 0 0 0 0 0 0 0 0 0 0 0 0 0 0 0 0 0 0 0 0 0 0 0 0 0 0 0 0 0 0 0 0 0 0 0 0 0 0 0 0 0 0 0 0 0 0 0 0 0 0 0 0 0 0 0 0 0 0 0 0 0 0 0 0 0 0 0 0 0 0 0 0 0 0 0 0 0 0 0 0 0 0 0 0 0 0 0 0 0 0 0 0 0 0 0 0 0 0 0 0 0 0 0 0 0 0 0 0 0 0 0 0 0 0 0 0 0 0 0 0 0 0 0 0 0 0 0 0 0 0 0 0 0 0 0 0 0 0 0 0 0 0 0 0 0 0 0 0 0 0 0 0 0 0 0 0 0 0 0 0 0 0 0 0 0 0 0 0 0 0 0 0 0 0 0 0 0 0 0 0 0 0 0 0 0 0 0 0 0 0 0 0 0 0 0 0 0 0 0 0 0 0 0 0 0 0 0 0 0 0 0 0 0 0 0 0 0 0 0 0 0 0 0 0 0 0 0 0 0 0 0 0 0 0 0 0 0 0 0 0 0 0 0 0 0 0 0 0 0 0 0 0 0 0 0 0 0 0 0 0 0 0 0 0 0 0 0 0 0 0 0 0 0 0 0 0 0 0 0 0 0 0 0 0 0 0 0 0 0 0 0 0 0 0 0 0 0 0 0 0 0 0 0 0 0 0 0 0 0 0 0 0 0 0 0 0 0 0 0 0 0 0 0 0 0 0 0 0 0 0 0 0 0 0 0 0 0 0 0 0 0 0 0 0 0 0 0 0 0 0 0 0 0 0 0 0 0 0 0 0 0 0 0 0 0 0 0 0 0 0 0 0 0 0 0 0 0 0 0 0 0 0 0 0 0 0 0 0 0 0 0 0 0 0 0 0 0 0 0 0 0 0 0 0 0 0 0 0 0 0 0 0 0 0 0 0 0 0 0 0 0 0 0 0 0 0 0 0 0 0 0 0 0 0 0 0 0 0 0 0 0 0 0 0 0 0 0 0 0 0 0 0 0 0 0 0 0 0 0 0 0 0 0 0 0 0 0 0 0 0 0 0 0 0 0 0 0 0 0 0 0 0 0 0 0 0 0 0 0 0 0 0 0 0 0 0 0 0 0 0 0 0 0 0 0 0 0 0 0 0 0 0 0 0 0 0 0 0 0 0 0 0 0 0 0 0 0 0 0 0 0 0 0 0 0 0 0 0 0 0 0 0 0 0 0 0 0 0 0 0 0 0 0 0 0 0 0 0 0 0 0 0 0 0 0 0 0 0 0 0 0 0 0 0 0 0 0 0 0 0 0 0 0 0 0 0 0 0 0 0 0 0 0 0 0 0 0 0 0 0 0 0 0 0 0 0 0 0 0 0 0 0 0 0 0 0 0 0 0 0 0 0 0 0 0 0 0 0 0 0 0 0 0 0 0 0 0 0 0 0 0 0 0 0 0 0 0 0 0 0 0 0 0 0 0 0 0 0 0 0 0 0 0 0 0 0 0 0 0 0 0 0 0 0 0 0 0 0 0 0 0 0 0 0 0 0 0 0 0 0 0 0 0 0 0 0 0 0 0 0 0 0 0 0 0 0 0 0 0 0 0 0 0 0 0 0 0 0 0 0 0 0 0 0 0 0 0 0 0 0 0 0 0 0 0 0 0 0 0 0 0 0 0 0 0 0 0 0 0 0 0 0 0 0 0 0 0 0 0 0 0 0 0 0 0 0 0 0 0 0 0 0 0 0 0 0 0 0 0 0 0 0 0 0 0 0 0 0 0 0 0 0 0 0 0 0 0 0 0 0 0 0 0 0 0 0 0 0 0 0 0 0 0 0 0 0 0 0 0 0 0 0 0 0 0 0 0 0 0 0 0 0 0 0 0 0 0 0 0 0 0 0 0 0 0 0 0 0 0 0 0 0 0 0 0 0 0 0 0 0 0 0 0 0 0 0 0 0 0 0 0 0 0 0 0 0 0 0 0 0 0 0 0 0 0 0 0 0 0 0 0 0 0 0 0 0 0 0 0 0 0 0 0 0 0 0 0 0 0 0 0 0 0 0 0 0 0 0 0 0 0 0 0 0 0 0 0 0 0 0 0 0 0 0 0 0 0 0 0 0 0 0 0 0 0 0 0 0 0 0 0 0 0 0 0 0 0 0 0 0 0 0 0 0 0 0 0 0 0 0 0 0 0 0 0 0 0 0 0 0 0 0 0 0 0 0 0 0 0 0 0 0 0 0 0 0 0 0 0 0 0 0 0 0 0 0 0 0 0 0 0 0 0 0 0 0 0 0 0 0 0 0 0 0 0 0 0 0 0 0 0 0 0 0 0 0 0 0 0 0 0 0 0 0 0 0 0 0 0 0 0 0 0 0 0 0 0 0 0 0 0 0 0 0 0 0 0 0 0 0 0 0 0 0 0 0 0 0 0 0 0 0 0 0 0 0 0 0 0 0 0 0 0 0 0 0 0 0 0 0 0 0 0 0 0 0 0 0 0 0 0 0 0 0 0 0 0 0 0 0 0 0 0 0 0 0 0 0 0 0 0 0 0 0 0 0 0 0 0 0 0 0 0 0 0 0 0 0 0 0 0 0 0 0 0 0 0 0 0 0 0 0 0 0 0 0 0 0 0 0 0 0 0 0 0 0 0 0 0 0 0 0 0 0 0 0 0 0 0 0 0 0 0 0 0 0 0 0 0 0 0 0 0 0 0 0 0 0 0 0 0 0 0 0 0 0 0 0 0 0 0 0 0 0 0 0 0 0 0 0 0 0 0 0 0 0 0 0 0 0 0 0 0 0 0 0 0 0 0 0 0 0 0 0 0 0 0 0 0 0 0 0 0 0 0 0 0 0 0 0 0 0 0 0 0 0 0 0 0 0 0 0 0 0 0 0 0 0 0 0 0 0 0 0 0 0 0 0 0 0 0 0 0 0 0 0 0 0 0 0 0 0 0 0 0 0 0 0 0 0 0 0 0 0 0 0 0 0 0 0 0 0 0 0 0 0 0 0 0 0 0 0 0 0 0 0 0 0 0 0 0 0 0 0 0 0 0 0 0 0 0 0 0 0 0 0 0 0 0 0 0 0 0 0 0 0 0 0 0 0 0 0 0 0 0 0 0 0 0 0 0 0 0 0 0 0 0 0 0 0 0 0 0 0 0 0 0 0 0 0 0 0 0 0 0 0 0 0 0 0 0 0 0 0 0 0 0 0 0 0 0 0 0 0 0 0 0 0 0 0 0 0 0 0 0 0 0 0 0 0 0 0 0 0 0 0 0 0 0 0 0 0 0 0 0 0 0 0 0 0 0 0 0 0 0 0 0 0 0 0 0 0 0 0 0 0 0 0 0 0 0 0 0 0 0 0 0 0 0 0 0 0 0 0 0 0 0 0 0 0 0 0 0 0 0 0 0 0 0 0 0 0 0 0 0 0 0 0 0 0 0 0 0 0 0 0 0 0 0 0 0 0 0 0 0 0 0 0 0 0 0 0 0 0 0 0 0 0 0 0 0 0 0 0 0 0 0 0 0 0 0 0 0 0 0 0 0 0 0 0 0 0 0 0 0 0 0 0 0 0 0 0 0 0 0 0 0 0 0 0 0 0 0 0 0 0 0 0 0 0 0 0 0 0 0 0 0 0 0 0 0 0 0 0 0 0 0 0 0 0 0 0 0 0 0 0 0 0 0 0 0 0 0 0 0 0 0 0 0 0 0 0 0 0 0 0 0 0 0 0 0 0 0 0 0 0 0 0 0 0 0 0 0 0 0 0 0 0 0 0 0 0 0 0 0 0 0 0 0 0 0 0 0 0 0 0 0 0 0 0 0 0 0 0 0 0 0 0 0 0 0 0 0 0 0 0 0 0 0 0 0 0 0 0 0 0 0 0 0 0 0 0 0 0 0 0 0 0 0 0 0 0 0 0 0 0 0 0 0 0 0 0 0 0 0 0 0 0 0 0 0 0 0 0 0 0 0 0 0 0 0 0 0 0 0 0 0 0 0 0 0 0 0 0 0 0 0 0 0 0 0 0 0 0 0 0 0 0 0 0 0 0 0 0 0 0 0 0 0 0 0 0 0 0 0 0 0 0 0 0 0 0 0 0 0 0 0 0 0 0 0 0 0 0 0 0 0 0 0 0 0 0 0 0 0 0 0 0 0 0 0 0 0 0 0 0 0 0 0 0 0 0 0 0 0 0 0 0 0 0 0 0 0 0 0 0 0 0 0 0 0 0 0 0 0 0 0 0 0 0 0 0 0 0 0 0 0 0 0 0 0 0 0 0 0 0 0 0 0 0 0 0 0 0 0 0 0 0 0 0 0 0 0 0 0 0 0 0 0 0 0 0 0 0 0 0 0 0 0 0 0 0 0 0 0 0 0 0 0 0 0 0 0 0 0 0 0 0 0 0 0 0 0 0 0 0 0 0 0 0 0 0 0 0 0 0 0 0 0 0 0 0 0 0 0 0 0 0 0 0 0 0 0 0 0 0 0 0 0 0 0 0 0 0 0 0 0 0 0 0 0 0 0 0 0 0 0 0 0 0 0 0 0 0 0 0 0 0 0 0 0 0 0 0 0 0 0 0 0 0 0 0 0 0 0 0 0 0 0 0 0 0 0 0 0 0 0 0 0 0 0 0 0 0 0 0 0 0 0 0 0 0 0 0 0 0 0 0 0 0 0 0 0 0 0 0 0 0 0 0 0 0 0 0 0 0 0 0 0 0 0 0 0 0 0 0 0 0 0 0 0 0 0 0 0 0 0 0 0 0 0 0 0 0 0 0 0 0 0 0 0 0 0 0 0 0 0 0 0 0 0 0 0 0 0 0 0 0 0 0 0 0 0 0 0 0 0 0 0 0 0 0 0 0 0 0 0 0 0 0 0 0 0 0 0 0 0 0 0 0 0 0 0 0 0 0 0 0 0 0 0 0 0 0 0 0 0 0 0 0 0 0 0 0 0 0 0 0 0 0 0 0 0 0 0 0 0 0 0 0 0 0 0 0 0 0 0 0 0 0 0 0 0 0 0 0 0 0 0 0 0 0 0 0 0 0 0 0 0 0 0 0 0 0 0 0 0 0 0 0 0 0 0 0 0 0 0 0 0 0 0 0 0 0 0 0 0 0 0 0 0 0 0 0 0 0 0 0 0 0 0 0 0 0 0 0 0 0 0 0 0 0 0 0 0 0 0 0 0 0 0 0 0 0 0 0 0 0 0 0 0 0 0 0 0 0 0 0 0 0 0 0 0 0 0 0 0 0 0 0 0 0 0 0 0 0 0 0 0 0 0 0 0 0 0 0 0 0 0 0 0 0 0 0 0 0 0 0 0 0 0 0 0 0 0 0 0 0 0 0 0 0 0 0 0
ctxt 9273976
btime 1613122782
processes 200708
procs_running 1
procs_blocked 0
softirq 151878610 1 91462445 1637 1789366 0 0 245 4746587 0 53878329
