cpu  25856678 8 24173 12012340 424 0 1309 0 0 0
cpu0 201824 0 1164 92807 0 0 273 0 0 0
cpu1 202041 0 105 93914 0 0 38 0 0 0
cpu2 201675 0 382 93997 1 0 3 0 0 0
cpu3 201676 0 474 93888 2 0 38 0 0 0
cpu4 202718 0 520 92818 8 0 7 0 0 0
cpu5 202017 0 121 93927 0 0 12 0 0 0
cpu6 201816 0 313 93939 0 0 12 0 0 0
cpu7 201826 0 253 93975 0 0 16 0 0 0
cpu8 202539 0 321 93191 0 0 11 0 0 0
cpu9 201939 0 84 94045 0 0 1 0 0 0
cpu10 201841 0 268 93934 8 0 19 0 0 0
cpu11 201890 0 219 93956 0 0 14 0 0 0
cpu12 202196 0 298 93557 0 0 4 0 0 0
cpu13 202079 0 79 93916 0 0 0 0 0 0
cpu14 201898 0 250 93913 0 0 17 0 0 0
cpu15 201281 0 566 94127 0 0 70 0 0 0
cpu16 201968 0 333 93751 0 0 8 0 0 0
cpu17 202076 0 79 93921 0 0 0 0 0 0
cpu18 201946 0 151 93980 0 0 4 0 0 0
cpu19 201901 0 210 93942 0 0 17 0 0 0
cpu20 202142 5 270 93628 5 0 9 0 0 0
cpu21 202083 0 76 93914 0 0 0 0 0 0
cpu22 201964 0 147 93958 0 0 8 0 0 0
cpu23 201692 0 254 94107 0 0 14 0 0 0
cpu24 202252 0 207 93594 2 0 4 0 0 0
cpu25 201883 0 178 94000 0 0 7 0 0 0
cpu26 202065 0 89 93918 0 0 1 0 0 0
cpu27 201992 0 158 93911 0 0 10 0 0 0
cpu28 202363 0 328 93360 0 0 6 0 0 0
cpu29 202043 0 94 93933 0 0 1 0 0 0
cpu30 201976 0 98 93993 0 0 4 0 0 0
cpu31 202040 0 113 93912 0 0 3 0 0 0
cpu32 202066 0 293 93668 19 0 1 0 0 0
cpu33 202019 0 133 93919 0 0 0 0 0 0
cpu34 201912 0 156 93986 0 0 10 0 0 0
cpu35 202012 0 141 93908 0 0 6 0 0 0
cpu36 202045 0 319 93668 17 0 8 0 0 0
cpu37 202034 0 97 93939 0 0 2 0 0 0
cpu38 201862 0 168 94019 0 0 2 0 0 0
cpu39 201974 0 174 93904 0 0 14 0 0 0
cpu40 202030 0 256 93760 4 0 8 0 0 0
cpu41 201974 0 157 93915 0 0 19 0 0 0
cpu42 201874 0 122 94063 0 0 6 0 0 0
cpu43 201861 0 143 94043 0 0 5 0 0 0
cpu44 201929 0 298 93815 1 0 19 0 0 0
cpu45 202068 0 78 93922 0 0 0 0 0 0
cpu46 201831 0 156 94069 2 0 7 0 0 0
cpu47 201893 0 226 93915 0 0 25 0 0 0
cpu48 202122 0 182 93785 1 0 2 0 0 0
cpu49 202106 0 74 93881 0 0 0 0 0 0
cpu50 202002 0 84 93976 2 0 1 0 0 0
cpu51 201812 0 186 94060 0 0 18 0 0 0
cpu52 201979 0 224 93847 0 0 10 0 0 0
cpu53 202076 0 78 93901 0 0 0 0 0 0
cpu54 201883 0 87 94080 1 0 2 0 0 0
cpu55 201969 0 182 93906 0 0 3 0 0 0
cpu56 202015 0 216 93748 1 0 35 0 0 0
cpu57 202056 0 92 93904 0 0 2 0 0 0
cpu58 201995 0 85 93980 0 0 0 0 0 0
cpu59 202000 0 149 93896 0 0 16 0 0 0
cpu60 202326 0 188 93540 1 0 2 0 0 0
cpu61 202060 0 85 93907 0 0 2 0 0 0
cpu62 202060 0 88 93908 0 0 1 0 0 0
cpu63 201854 0 166 94031 0 0 8 0 0 0
cpu64 202341 0 419 93268 7 0 6 0 0 0
cpu65 202044 0 84 93926 0 0 1 0 0 0
cpu66 201931 0 152 93972 1 0 0 0 0 0
cpu67 201748 0 263 94025 0 0 17 0 0 0
cpu68 202380 0 370 93283 2 0 12 0 0 0
cpu69 202029 0 93 93933 0 0 0 0 0 0
cpu70 201647 0 387 93961 0 0 60 0 0 0
cpu71 201839 0 266 93919 0 0 22 0 0 0
cpu72 202033 0 153 93853 4 0 2 0 0 0
cpu73 202064 0 73 93911 1 0 0 0 0 0
cpu74 201895 0 135 93996 0 0 7 0 0 0
cpu75 201975 0 182 93886 1 0 11 0 0 0
cpu76 202140 0 432 93333 116 0 11 0 0 0
cpu77 202083 0 68 93899 0 0 1 0 0 0
cpu78 201932 0 135 93977 0 0 2 0 0 0
cpu79 201228 0 698 93986 0 0 128 0 0 0
cpu80 202332 0 251 93434 12 0 2 0 0 0
cpu81 202056 0 90 93906 0 0 0 0 0 0
cpu82 201976 0 140 93911 0 0 3 0 0 0
cpu83 201725 0 275 94007 1 0 21 0 0 0
cpu84 202431 0 268 93219 106 0 5 0 0 0
cpu85 202082 0 101 93853 6 0 0 0 0 0
cpu86 201985 0 99 93960 0 0 3 0 0 0
cpu87 201991 0 170 93878 0 0 4 0 0 0
cpu88 202334 0 186 93524 1 0 1 0 0 0
cpu89 202067 0 94 93885 0 0 0 0 0 0
cpu90 202016 0 92 93927 8 0 0 0 0 0
cpu91 201855 0 183 93999 0 0 6 0 0 0
cpu92 202202 0 201 93635 1 0 2 0 0 0
cpu93 202047 0 82 93919 0 0 0 0 0 0
cpu94 202015 0 101 93921 0 0 0 0 0 0
cpu95 202003 0 153 93881 1 0 2 0 0 0
cpu96 202016 0 348 93676 2 0 0 0 0 0
cpu97 202036 0 94 93912 0 0 0 0 0 0
cpu98 201772 0 118 94143 0 0 0 0 0 0
cpu99 201974 0 122 93931 0 0 6 0 0 0
cpu100 202102 0 307 93616 2 0 1 0 0 0
cpu101 202003 0 78 93962 0 0 0 0 0 0
cpu102 201847 0 120 94066 0 0 0 0 0 0
cpu103 201852 0 154 94023 0 0 5 0 0 0
cpu104 202161 0 197 93680 2 0 2 0 0 0
cpu105 202069 0 82 93890 0 0 2 0 0 0
cpu106 202055 0 95 93894 0 0 0 0 0 0
cpu107 202004 0 120 93903 0 0 5 0 0 0
cpu108 202110 0 145 93766 9 0 4 0 0 0
cpu109 202079 0 90 93871 0 0 0 0 0 0
cpu110 202014 0 102 93913 0 0 4 0 0 0
cpu111 201980 0 163 93891 0 0 2 0 0 0
cpu112 202060 0 100 93872 0 0 2 0 0 0
cpu113 202082 0 78 93880 0 0 0 0 0 0
cpu114 201971 0 76 93988 1 0 0 0 0 0
cpu115 201965 0 176 93887 0 0 10 0 0 0
cpu116 201989 0 205 93833 0 0 2 0 0 0
cpu117 202078 0 91 93855 11 0 0 0 0 0
cpu118 202002 0 94 93939 1 0 0 0 0 0
cpu119 201914 0 211 93898 0 0 9 0 0 0
cpu120 202202 0 154 93674 0 0 0 0 0 0
cpu121 202080 0 73 93883 0 0 1 0 0 0
cpu122 202066 0 81 93887 3 0 0 0 0 0
cpu123 201890 0 117 94016 0 0 2 0 0 0
cpu124 202674 0 249 93096 4 0 3 0 0 0
cpu125 202071 0 72 93889 0 0 0 0 0 0
cpu126 201888 0 101 94033 0 0 0 0 0 0
cpu127 201852 0 234 93934 1 0 8 0 0 0
intr 74805051 130 0 0 0 681 0 0 0 1 0 285 0 0 0 0 0 0 0 0 0 0 0 0 0 0 0 0 0 0 0 0 0 0 0 0 260 0 5268 208 513 7747 1854 0 667 3653 3 7 369 3325 1289 0 58 9184 582 2 488 4905 4370 0 171 3913 1861 10 159 3693 6398 0 353 1405 6 0 391 2432 507 0 499 12465 227 2 484 2436 466 0 579 3598 4 160 297 3428 187 0 1191 2130 45896 0 1 1853 26 150 751 2069 8155 100 254 5629 4441 0 687 6486 0 0 662 4572 1011 0 170 9854 1248 0 608 4663 4689 0 147 3175 0 0 86 2202 1804 0 77 1507 1 0 100 1653 3 8 676 4613 4 0 309 2401 22 0 1274 2517 761 0 65 3423 0 0 122 0 0 0 0 0 0 0 0 0 0 157 898 477 348 10777 2029 6255 130 466 333 280 828 64 143 28 217 732 128 486 132 154 27 20 27 164 1 2 46 5 0 293 9 3 0 0 0 0 0 0 0 0 0 0 0 0 0 0 0 0 0 0 6 0 0 0 20 0 20 2 5 10 0 340 2 5 84 27 3928 15 6 13 184 18 1 5 4 66 89 8 12 4 8 3 1 0 4 9 61 5 513 147 195 376 79 53 101 9 10 111 127 24 18 0 0 11 54 118 126 82 1 7 18 53 0 0 0 0 0 0 0 0 0 0 0 0 0 0 0 0 0 0 0 0 0 0 0 0 0 0 0 0 0 0 0 0 0 0 0 0 0 0 0 0 0 0 0 0 0 0 0 0 0 0 0 0 0 0 0 0 0 0 0 0 0 0 0 0 0 0 0 0 0 0 0 0 0 0 0 0 0 0 0 0 0 0 0 0 0 0 0 0 0 0 0 0 0 0 0 0 0 0 0 0 0 0 0 0 0 0 0 0 0 0 0 0 0 0 0 0 0 0 0 0 0 0 0 0 0 0 0 0 0 0 0 0 0 0 0 0 0 0 0 0 0 0 0 0 0 0 0 0 0 0 0 0 0 0 0 0 0 0 0 0 0 0 0 0 0 0 0 0 0 0 0 0 0 0 0 0 0 0 0 0 0 0 0 0 0 0 0 0 0 0 0 0 0 0 0 0 0 0 0 0 0 0 0 0 0 0 0 0 0 0 0 0 0 0 0 0 0 0 0 0 0 0 0 0 0 0 0 0 0 0 0 0 0 0 0 0 0 0 0 0 0 0 0 0 0 0 0 0 0 0 0 0 0 0 0 0 0 0 0 0 0 0 0 0 0 0 0 0 0 0 0 0 0 0 0 0 0 0 0 0 0 0 0 0 0 0 0 0 0 0 0 0 0 0 0 0 0 0 0 0 0 0 0 0 0 0 0 0 0 0 0 0 0 0 0 0 0 0 0 0 0 0 0 0 0 0 0 0 0 0 0 0 0 0 0 0 0 0 0 0 0 0 0 0 0 0 0 0 0 0 0 0 0 0 0 0 0 0 0 0 0 0 0 0 0 0 0 0 0 0 0 0 0 0 0 0 0 0 0 0 0 0 0 0 0 0 0 0 0 0 0 0 0 0 0 0 0 0 0 0 0 0 0 0 0 0 0 0 0 0 0 0 0 0 0 0 0 0 0 0 0 0 0 3 0 0 0 0 0 0 0 0 0 0 0 0 0 0 0 0 0 0 0 0 0 0 0 21 1 0 0 27 0 0 0 0 0 0 0 0 0 0 0 0 0 0 0 0 0 0 0 0 0 0 0 0 0 0 0 0 0 0 0 49 0 0 0 0 0 0 0 0 0 0 0 0 0 0 0 0 0 0 0 0 0 0 0 0 0 0 0 0 0 0 0 0 0 19 0 0 0 0 0 0 0 0 0 0 0 0 0 0 0 0 0 0 0 0 0 0 0 0 0 0 0 0 0 0 0 0 0 0 0 0 0 0 0 0 0 0 0 0 0 0 0 0 0 0 0 0 0 0 0 0 0 0 0 0 0 0 0 0 0 0 0 0 0 0 0 0 0 0 0 0 0 0 0 0 0 0 0 0 0 0 0 0 0 0 0 0 0 0 0 0 0 0 0 0 0 0 0 0 0 0 0 0 0 0 0 0 0 0 0 0 0 0 0 0 0 0 0 0 0 0 0 0 0 0 0 0 0 0 0 0 0 0 0 0 0 0 0 0 0 0 0 0 0 0 0 0 0 0 0 0 0 0 0 0 0 0 0 0 0 0 0 0 0 0 0 0 0 0 0 0 0 0 0 0 0 0 0 0 0 0 0 0 0 0 0 0 0 0 0 0 0 0 0 0 0 0 0 0 0 0 0 0 0 0 0 0 0 0 0 0 0 0 0 0 0 0 0 0 0 0 0 0 0 0 0 0 0 0 0 0 0 0 0 0 0 0 0 0 0 0 0 0 0 0 0 0 0 0 0 0 0 0 0 0 0 0 0 0 0 0 0 0 0 0 0 0 0 0 0 0 0 0 0 0 0 0 0 0 0 0 0 0 0 0 0 0 0 0 0 0 0 0 0 0 0 0 0 0 0 0 0 0 0 0 0 0 0 0 0 0 0 0 0 0 0 0 0 0 0 0 0 0 0 0 0 0 0 0 0 0 0 0 0 0 0 0 0 0 0 0 0 0 0 0 0 0 0 0 0 0 0 0 0 0 0 0 0 0 0 0 0 0 0 0 0 0 0 0 0 0 0 0 0 0 0 0 0 0 0 0 0 0 0 0 0 0 0 0 0 0 0 0 0 0 0 0 0 0 0 0 0 0 0 0 0 0 0 0 0 0 0 0 0 0 0 0 0 0 0 0 0 0 0 0 0 0 0 0 0 0 0 0 0 0 0 0 0 0 0 0 0 0 0 0 0 0 0 0 0 0 0 0 0 0 0 0 0 0 0 0 0 0 0 0 0 0 0 0 0 0 0 0 0 0 0 0 0 0 0 0 0 0 0 0 0 0 0 0 0 0 0 0 0 0 0 0 0 0 0 0 0 0 0 0 0 0 0 0 0 0 0 0 0 0 0 0 0 0 0 0 0 0 0 0 0 0 0 0 0 0 0 0 0 0 0 0 0 0 0 0 0 0 0 0 0 0 0 0 0 0 0 0 0 0 0 0 0 0 0 0 0 0 0 0 0 0 0 0 0 0 0 0 0 0 0 0 0 0 0 0 0 0 0 0 0 0 0 0 0 0 0 0 0 0 0 0 0 0 0 0 0 0 0 0 0 0 0 0 0 0 0 0 0 0 0 0 0 0 0 0 0 0 0 0 0 0 0 0 0 0 0 0 0 0 0 0 0 0 0 0 0 0 0 0 0 0 0 0 0 0 0 0 0 0 0 0 0 0 0 0 0 0 0 0 0 0 0 0 0 0 0 0 0 0 0 0 0 0 0 0 0 0 0 0 0 0 0 0 0 0 0 0 0 0 0 0 0 0 0 0 0 0 0 0 0 0 0 0 0 0 0 0 0 0 0 0 0 0 0 0 0 0 0 0 0 0 0 0 0 0 0 0 0 0 0 0 0 0 0 0 0 0 0 0 0 0 0 0 0 0 0 0 0 0 0 0 0 0 0 0 0 0 0 0 0 0 0 0 0 0 0 0 0 0 0 0 0 0 0 0 0 0 0 0 0 0 0 0 0 0 0 0 0 0 0 0 0 0 0 0 0 0 0 0 0 0 0 0 0 0 0 0 0 0 0 0 0 0 0 0 0 0 0 0 0 0 0 0 0 0 0 0 0 0 0 0 0 0 0 0 0 0 0 0 0 0 0 0 0 0 0 0 0 0 0 0 0 0 0 0 0 0 0 0 0 0 0 0 0 0 0 0 0 0 0 0 0 0 0 0 0 0 0 0 0 0 0 0 0 0 0 0 0 0 0 0 0 0 0 0 0 0 0 0 0 0 0 0 0 0 0 0 0 0 0 0 0 0 0 0 0 0 0 0 0 0 0 0 0 0 0 0 0 0 0 0 0 0 0 0 0 0 0 0 0 0 0 0 0 0 0 0 0 0 0 0 0 0 0 0 0 0 0 0 0 0 0 0 0 0 0 0 0 0 0 0 0 0 0 0 0 0 0 0 0 0 0 0 0 0 0 0 0 0 0 0 0 0 0 0 0 0 0 0 0 0 0 0 0 0 0 0 0 0 0 0 0 0 0 0 0 0 0 0 0 0 0 0 0 0 0 0 0 0 0 0 0 0 0 0 0 0 0 0 0 0 0 0 0 0 0 0 0 0 0 0 0 0 0 0 0 0 0 0 0 0 0 0 0 0 0 0 0 0 0 0 0 0 0 0 0 0 0 0 0 0 0 0 0 0 0 0 0 0 0 0 0 0 0 0 0 0 0 0 0 0 0 0 0 0 0 0 0 0 0 0 0 0 0 0 0 0 0 0 0 0 0 0 0 0 0 0 0 0 0 0 0 0 0 0 0 0 0 0 0 0 0 0 0 0 0 0 0 0 0 0 0 0 0 0 0 0 0 0 0 0 0 0 0 0 0 0 0 0 0 0 0 0 0 0 0 0 0 0 0 0 0 0 0 0 0 0 0 0 0 0 0 0 0 0 0 0 0 0 0 0 0 0 0 0 0 0 0 0 0 0 0 0 0 0 0 0 0 0 0 0 0 0 0 0 0 0 0 0 0 0 0 0 0 0 0 0 0 0 0 0 0 0 0 0 0 0 0 0 0 0 0 0 0 0 0 0 0 0 0 0 0 0 0 0 0 0 0 0 0 0 0 0 0 0 0 0 0 0 0 0 0 0 0 0 0 0 0 0 0 0 0 0 0 0 0 0 0 0 0 0 0 0 0 0 0 0 0 0 0 0 0 0 0 0 0 0 0 0 0 0 0 0 0 0 0 0 0 0 0 0 0 0 0 0 0 0 0 0 0 0 0 0 0 0 0 0 0 0 0 0 0 0 0 0 0 0 0 0 0 0 0 0 0 0 0 0 0 0 0 0 0 0 0 0 0 0 0 0 0 0 0 0 0 0 0 0 0 0 0 0 0 0 0 0 0 0 0 0 0 0 0 0 0 0 0 0 0 0 0 0 0 0 0 0 0 0 0 0 0 0 0 0 0 0 0 0 0 0 0 0 0 0 0 0 0 0 0 0 0 0 0 0 0 0 0 0 0 0 0 0 0 0 0 0 0 0 0 0 0 0 0 0 0 0 0 0 0 0 0 0 0 0 0 0 0 0 0 0 0 0 0 0 0 0 0 0 0 0 0 0 0 0 0 0 0 0 0 0 0 0 0 0 0 0 0 0 0 0 0 0 0 0 0 0 0 0 0 0 0 0 0 0 0 0 0 0 0 0 0 0 0 0 0 0 0 0 0 0 0 0 0 0 0 0 0 0 0 0 0 0 0 0 0 0 0 0 0 0 0 0 0 0 0 0 0 0 0 0 0 0 0 0 0 0 0 0 0 0 0 0 0 0 0 0 0 0 0 0 0 0 0 0 0 0 0 0 0 0 0 0 0 0 0 0 0 0 0 0 0 0 0 0 0 0 0 0 0 0 0 0 0 0 0 0 0 0 0 0 0 0 0 0 0 0 0 0 0 0 0 0 0 0 0 0 0 0 0 0 0 0 0 0 0 0 0 0 0 0 0 0 0 0 0 0 0 0 0 0 0 0 0 0 0 0 0 0 0 0 0 0 0 0 0 0 0 0 0 0 0 0 0 0 0 0 0 0 0 0 0 0 0 0 0 0 0 0 0 0 0 0 0 0 0 0 0 0 0 0 0 0 0 0 0 0 0 0 0 0 0 0 0 0 0 0 0 0 0 0 0 0 0 0 0 0 0 0 0 0 0 0 0 0 0 0 0 0 0 0 0 0 0 0 0 0 0 0 0 0 0 0 0 0 0 0 0 0 0 0 0 0 0 0 0 0 0 0 0 0 0 0 0 0 0 0 0 0 0 0 0 0 0 0 0 0 0 0 0 0 0 0 0 0 0 0 0 0 0 0 0 0 0 0 0 0 0 0 0 0 0 0 0 0 0 0 0 0 0 0 0 0 0 0 0 0 0 0 0 0 0 0 0 0 0 0 0 0 0 0 0 0 0 0 0 0 0 0 0 0 0 0 0 0 0 0 0 0 0 0 0 0 0 0 0 0 0 0 0 0 0 0 0 0 0 0 0 0 0 0 0 0 0 0 0 0 0 0 0 0 0 0 0 0 0 0 0 0 0 0 0 0 0 0 0 0 0 0 0 0 0 0 0 0 0 0 0 0 0 0 0 0 0 0 0 0 0 0 0 0 0 0 0 0 0 0 0 0 0 0 0 0 0 0 0 0 0 0 0 0 0 0 0 0 0 0 0 0 0 0 0 0 0 0 0 0 0 0 0 0 0 0 0 0 0 0 0 0 0 0 0 0 0 0 0 0 0 0 0 0 0 0 0 0 0 0 0 0 0 0 0 0 0 0 0 0 0 0 0 0 0 0 0 0 0 0 0 0 0 0 0 0 0 0 0 0 0 0 0 0 0 0 0 0 0 0 0 0 0 0 0 0 0 0 0 0 0 0 0 0 0 0 0 0 0 0 0 0 0 0 0 0 0 0 0 0 0 0 0 0 0 0 0 0 0 0 0 0 0 0 0 0 0 0 0 0 0 0 0 0 0 0 0 0 0 0 0 0 0 0 0 0 0 0 0 0 0 0 0 0 0 0 0 0 0 0 0 0 0 0 0 0 0 0 0 0 0 0 0 0 0 0 0 0 0 0 0 0 0 0 0 0 0 0 0 0 0 0 0 0 0 0 0 0 0 0 0 0 0 0 0 0 0 0 0 0 0 0 0 0 0 0 0 0 0 0 0 0 0 0 0 0 0 0 0 0 0 0 0 0 0 0 0 0 0 0 0 0 0 0 0 0 0 0 0 0 0 0 0 0 0 0 0 0 0 0 0 0 0 0 0 0 0 0 0 0 0 0 0 0 0 0 0 0 0 0 0 0 0 0 0 0 0 0 0 0 0 0 0 0 0 0 0 0 0 0 0 0 0 0 0 0 0 0 0 0 0 0 0 0 0 0 0 0 0 0 0 0 0 0 0 0 0 0 0 0 0 0 0 0 0 0 0 0 0 0 0 0 0 0 0 0 0 0 0 0 0 0 0 0 0 0 0 0 0 0 0 0 0 0 0 0 0 0 0 0 0 0 0 0 0 0 0 0 0 0 0 0 0 0 0 0 0 0 0 0 0 0 0 0 0 0 0 0 0 0 0 0 0 0 0 0 0 0 0 0 0 0 0 0 0 0 0 0 0 0 0 0 0 0 0 0 0 0 0 0 0 0 0 0 0 0 0 0 0 0 0 0 0 0 0 0 0 0 0 0 0 0 0 0 0 0 0 0 0 0 0 0 0 0 0 0 0 0 0 0 0 0 0 0 0 0 0 0 0 0 0 0 0 0 0 0 0 0 0 0 0 0 0 0 0 0 0 0 0 0 0 0 0 0 0 0 0 0 0 0 0 0 0 0 0 0 0 0 0 0 0 0 0 0 0 0 0 0 0 0 0 0 0 0 0 0 0 0 0 0 0 0 0 0 0 0 0 0 0 0 0 0 0 0 0 0 0 0 0 0 0 0 0 0 0 0 0 0 0 0 0 0 0 0 0 0 0 0 0 0 0 0 0 0 0 0 0 0 0 0 0 0 0 0 0 0 0 0 0 0 0 0 0 0 0 0 0 0 0 0 0 0 0 0 0 0 0 0 0 0 0 0 0 0 0 0 0 0 0 0 0 0 0 0 0 0 0 0 0 0 0 0 0 0 0 0 0 0 0 0 0 0 0 0 0 0 0 0 0 0 0 0 0 0 0 0 0 0 0 0 0 0 0 0 0 0 0 0 0 0 0 0 0 0 0 0 0 0 0 0 0 0 0 0 0 0 0 0 0 0 0 0 0 0 0 0 0 0 0 0 0 0 0 0 0 0 0 0 0 0 0 0 0 0 0 0 0 0 0 0 0 0 0 0 0 0 0 0 0 0 0 0 0 0 0 0 0 0 0 0 0 0 0 0 0 0 0 0 0 0 0 0 0 0 0 0 0 0 0 0 0 0 0 0 0 0 0 0 0 0 0 0 0 0 0 0 0 0 0 0 0 0 0 0 0 0 0 0 0 0 0 0 0 0 0 0 0 0 0 0 0 0 0 0 0 0 0 0 0 0 0 0 0 0 0 0 0 0 0 0 0 0 0 0 0 0 0 0 0 0 0 0 0 0 0 0 0 0 0 0 0 0 0 0 0 0 0 0 0 0 0 0 0 0 0 0 0 0 0 0 0 0 0 0 0 0 0 0 0 0 0 0 0 0 0 0 0 0 0 0 0 0 0 0 0 0 0 0 0 0 0 0 0 0 0 0 0 0 0 0 0 0 0 0 0 0 0 0 0 0 0 0 0 0 0 0 0 0 0 0 0 0 0 0 0 0 0 0 0 0 0 0 0 0 0 0 0 0 0 0 0 0 0 0 0 0 0 0 0 0 0 0 0 0 0 0 0 0 0 0 0 0 0 0 0 0 0 0 0 0 0 0 0 0 0 0 0 0 0 0 0 0 0 0 0 0 0 0 0 0 0 0 0 0 0 0 0 0 0 0 0 0 0 0 0 0 0 0 0 0 0 0 0 0 0 0 0 0 0 0 0 0 0 0 0 0 0 0 0 0 0 0 0 0 0 0 0 0 0 0 0 0 0 0 0 0 0 0 0 0 0 0 0 0 0 0 0 0 0 0 0 0 0 0 0 0 0 0 0 0 0 0 0 0 0 0 0 0 0 0 0 0 0 0 0 0 0 0 0 0 0 0 0 0 0 0 0 0 0 0 0 0 0 0 0 0 0 0 0 0 0 0 0 0 0 0 0 0 0 0 0 0 0 0 0 0 0 0 0 0 0 0 0 0 0 0 0 0 0 0 0 0 0 0 0 0 0 0 0 0 0 0 0 0 0 0 0 0 0 0 0 0 0 0 0 0 0 0 0 0 0 0 0 0 0 0 0 0 0 0 0 0 0 0 0 0 0 0 0 0 0 0 0 0 0 0 0 0 0 0 0 0 0 0 0 0 0 0 0 0 0 0 0 0 0 0 0 0 0 0 0 0 0 0 0 0 0 0 0 0 0 0 0 0 0 0 0 0 0 0 0 0 0 0 0 0 0 0 0 0 0 0 0 0 0 0 0 0 0 0 0 0 0 0 0 0 0 0 0 0 0 0 0 0 0 0 0 0 0 0 0 0 0 0 0 0 0 0 0 0 0 0 0 0 0 0 0 0 0 0 0 0 0 0 0 0 0 0 0 0 0 0 0 0 0 0 0 0 0 0 0 0 0 0 0 0 0 0 0 0 0 0 0 0 0 0 0 0 0 0 0 0 0 0 0 0 0 0 0 0 0 0 0 0 0 0 0 0 0 0 0 0 0 0 0 0 0 0 0 0 0 0 0 0 0 0 0 0 0 0 0 0 0 0 0 0 0 0 0 0 0 0 0 0 0 0 0 0 0 0 0 0 0 0 0 0 0 0 0 0 0 0 0 0 0 0 0 0 0 0 0 0 0 0 0 0 0 0 0 0 0 0 0 0 0 0 0 0 0 0 0 0 0 0 0 0 0 0 0 0 0 0 0 0 0 0 0 0 0 0 0 0 0 0 0 0 0 0 0 0 0 0 0 0 0 0 0 0 0 0 0 0 0 0 0 0 0 0 0 0 0 0 0 0 0 0 0 0 0 0 0 0 0 0 0 0 0 0 0 0 0 0 0 0 0 0 0 0 0 0 0 0 0 0 0 0 0 0 0 0 0 0 0 0 0 0 0 0 0 0 0 0 0 0 0 0 0 0 0 0 0 0 0 0 0 0 0 0 0 0 0 0 0 0 0 0 0 0 0 0 0 0 0 0 0 0 0 0 0 0 0 0 0 0 0 0 0 0 0 0 0 0 0 0 0 0 0 0 0 0 0 0 0 0 0 0 0 0 0 0 0 0 0 0 0 0 0 0 0 0 0 0 0 0 0 0 0 0 0 0 0 0 0 0 0 0 0 0 0 0 0 0 0 0 0 0 0
ctxt 5976295
btime 1613122782
processes 132506
procs_running 1
procs_blocked 0
softirq 80438139 1 47123034 1355 1152158 0 0 170 2529998 0 29631423
