cpu  5502058 6 12077 10473219 504 0 306 0 0 0
cpu0 42881 0 616 81217 0 0 112 0 0 0
cpu1 42961 0 76 81901 0 0 6 0 0 0
cpu2 43002 0 161 81770 1 0 1 0 0 0
cpu3 42861 0 117 81940 3 0 6 0 0 0
cpu4 42952 0 117 81854 8 0 2 0 0 0
cpu5 42955 0 93 81886 1 0 2 0 0 0
cpu6 42952 0 227 81736 8 0 2 0 0 0
cpu7 42955 0 66 81907 0 0 1 0 0 0
cpu8 42970 0 113 81840 0 0 1 0 0 0
cpu9 42926 0 111 81873 2 0 6 0 0 0
cpu10 43161 0 112 81654 0 0 1 0 0 0
cpu11 42960 0 65 81907 0 0 1 0 0 0
cpu12 42980 0 72 81876 0 0 0 0 0 0
cpu13 42972 0 74 81883 0 0 0 0 0 0
cpu14 43059 0 73 81777 2 0 1 0 0 0
cpu15 42978 0 62 81888 0 0 0 0 0 0
cpu16 42966 0 94 81868 0 0 0 0 0 0
cpu17 42972 0 76 81885 0 0 0 0 0 0
cpu18 43012 0 81 81837 0 0 0 0 0 0
cpu19 42833 0 176 81903 3 0 10 0 0 0
cpu20 42981 0 73 81874 0 0 0 0 0 0
cpu21 42976 0 66 81882 2 0 1 0 0 0
cpu22 43007 0 80 81834 1 0 0 0 0 0
cpu23 42974 0 70 81878 0 0 1 0 0 0
cpu24 42925 0 138 81862 0 0 0 0 0 0
cpu25 42941 0 91 81888 0 0 6 0 0 0
cpu26 43092 0 123 81704 0 0 0 0 0 0
cpu27 42980 0 59 81880 0 0 0 0 0 0
cpu28 43003 0 109 81832 0 0 0 0 0 0
cpu29 42975 0 64 81883 0 0 0 0 0 0
cpu30 43090 0 118 81709 0 0 0 0 0 0
cpu31 42727 0 167 81998 0 0 14 0 0 0
cpu32 42998 0 78 81841 1 0 0 0 0 0
cpu33 42972 0 80 81857 0 0 0 0 0 0
cpu34 43069 0 113 81718 1 0 2 0 0 0
cpu35 42734 0 128 82028 1 0 5 0 0 0
cpu36 42985 0 64 81875 0 0 0 0 0 0
cpu37 42914 0 85 81873 0 0 20 0 0 0
cpu38 43068 0 177 81657 7 0 0 0 0 0
cpu39 42808 0 69 82031 2 0 1 0 0 0
cpu40 42992 0 66 81861 0 0 0 0 0 0
cpu41 42970 0 66 81887 0 0 0 0 0 0
cpu42 43114 1 246 81553 5 0 0 0 0 0
cpu43 42973 0 62 81883 0 0 0 0 0 0
cpu44 43001 0 65 81849 0 0 0 0 0 0
cpu45 42945 0 76 81892 0 0 0 0 0 0
cpu46 43134 0 147 81627 5 0 0 0 0 0
cpu47 42976 0 58 81880 1 0 0 0 0 0
cpu48 42990 0 67 81856 1 0 0 0 0 0
cpu49 42972 0 67 81874 0 0 0 0 0 0
cpu50 43108 0 104 81681 17 0 0 0 0 0
cpu51 42977 0 56 81882 0 0 0 0 0 0
cpu52 42939 0 68 81904 1 0 0 0 0 0
cpu53 42957 0 82 81871 1 0 2 0 0 0
cpu54 43062 0 86 81730 27 0 0 0 0 0
cpu55 42976 0 60 81879 0 0 0 0 0 0
cpu56 42980 0 71 81863 1 0 0 0 0 0
cpu57 42968 0 66 81875 0 0 1 0 0 0
cpu58 43532 0 220 81064 88 0 0 0 0 0
cpu59 42933 0 69 81904 0 0 0 0 0 0
cpu60 42974 0 79 81856 0 0 0 0 0 0
cpu61 42981 0 63 81866 0 0 0 0 0 0
cpu62 42988 0 77 81780 60 0 0 0 0 0
cpu63 42984 0 56 81872 0 0 0 0 0 0
cpu64 42969 0 97 81842 1 0 0 0 0 0
cpu65 42948 0 87 81870 0 0 4 0 0 0
cpu66 42972 0 72 81849 10 0 0 0 0 0
cpu67 42944 0 80 81870 3 0 5 0 0 0
cpu68 42967 0 75 81861 0 0 1 0 0 0
cpu69 42955 0 67 81886 0 0 1 0 0 0
cpu70 43057 0 109 81719 9 0 0 0 0 0
cpu71 42895 0 119 81877 0 0 16 0 0 0
cpu72 42975 0 70 81861 0 0 0 0 0 0
cpu73 42928 0 89 81885 0 0 5 0 0 0
cpu74 43166 0 80 81657 0 0 0 0 0 0
cpu75 42971 0 63 81872 0 0 0 0 0 0
cpu76 42948 0 80 81858 8 0 0 0 0 0
cpu77 42908 0 119 81867 1 0 5 0 0 0
cpu78 43055 0 81 81759 7 0 0 0 0 0
cpu79 42984 0 66 81848 0 0 0 0 0 0
cpu80 42978 0 70 81843 9 0 0 0 0 0
cpu81 42980 0 54 81869 0 0 0 0 0 0
cpu82 43011 1 65 81816 3 0 0 0 0 0
cpu83 42896 0 131 81866 0 0 9 0 0 0
cpu84 42952 0 70 81876 0 0 0 0 0 0
cpu85 42978 0 66 81852 2 0 0 0 0 0
cpu86 43048 0 75 81771 5 0 0 0 0 0
cpu87 42957 0 78 81863 0 0 0 0 0 0
cpu88 42946 0 75 81876 0 0 0 0 0 0
cpu89 42978 0 68 81856 0 0 0 0 0 0
cpu90 43020 0 127 81743 2 0 1 0 0 0
cpu91 42971 0 70 81854 0 0 0 0 0 0
cpu92 42979 0 66 81852 2 0 0 0 0 0
cpu93 42971 0 74 81848 0 0 1 0 0 0
cpu94 43053 0 116 81719 2 0 0 0 0 0
cpu95 42879 0 70 81945 0 0 1 0 0 0
cpu96 42981 0 68 81851 0 0 0 0 0 0
cpu97 42971 0 76 81849 0 0 0 0 0 0
cpu98 43073 0 114 81687 2 0 2 0 0 0
cpu99 42947 0 68 81877 0 0 0 0 0 0
cpu100 42962 0 68 81865 1 0 0 0 0 0
cpu101 42974 0 65 81854 0 0 0 0 0 0
cpu102 43072 0 191 81618 1 0 2 0 0 0
cpu103 42978 0 58 81858 0 0 0 0 0 0
cpu104 42705 0 97 82077 1 0 3 0 0 0
cpu105 42979 0 62 81856 0 0 0 0 0 0
cpu106 43184 0 230 81445 21 0 0 0 0 0
cpu107 42978 0 57 81859 0 0 0 0 0 0
cpu108 42965 0 64 81864 0 0 0 0 0 0
cpu109 42972 0 71 81831 1 0 1 0 0 0
cpu110 43102 0 152 81616 19 0 0 0 0 0
cpu111 42948 0 60 81877 0 0 0 0 0 0
cpu112 42980 0 65 81846 0 0 0 0 0 0
cpu113 42978 0 69 81836 1 0 0 0 0 0
cpu114 43048 0 102 81736 4 0 0 0 0 0
cpu115 42979 0 58 81853 2 0 0 0 0 0
cpu116 42982 0 66 81839 2 0 0 0 0 0
cpu117 42951 0 80 81853 0 0 2 0 0 0
cpu118 43473 0 132 81274 7 0 0 0 0 0
cpu119 42978 0 66 81848 0 0 0 0 0 0
cpu120 42982 0 58 81847 1 0 0 0 0 0
cpu121 42925 0 108 81848 0 0 6 0 0 0
cpu122 43050 0 94 81743 1 0 0 0 0 0
cpu123 42766 0 101 82000 1 0 3 0 0 0
cpu124 42980 0 73 81832 0 0 0 0 0 0
cpu125 42978 0 59 81839 5 0 0 0 0 0
cpu126 42990 0 75 81741 70 0 0 0 0 0
cpu127 42984 0 84 81811 2 0 0 0 0 0
intr 17155602 130 0 0 0 691 0 0 0 1 0 249 0 0 0 0 0 0 0 0 0 0 0 0 0 0 0 0 0 0 0 0 0 0 0 0 260 0 5 1280 1549 93 0 532 2 6 1 773 9 695 0 371 1636 0 0 302 0 7758 42 677 0 316 1 1119 51 3491 27 895 533 1205 40 1034 2317 572 1 33907 2 7 2 276 0 0 3 619 2 0 0 724 2 0 1 1609 0 5 0 431 7 914 0 95 78 22 0 2013 0 1729 0 499 322 1130 0 730 12 0 0 223 2 0 0 129 0 2206 0 703 0 476 0 585 0 10 0 836 5 9 0 1189 2969 1185 0 349 0 0 0 91 0 0 0 433 0 11 0 595 2 6 0 2189 694 0 0 0 0 0 0 0 0 0 0 159 313 54 71 769 415 56 18 25 229 1 4 1 21 4 76 33 2 56 21 3 4 13 0 17 97 5 2 151 33 84 6 70 3 0 0 0 0 0 0 0 0 0 0 0 0 0 0 0 0 3 6 1 0 21 0 0 0 0 7 3 55 75 1 182 1131 5775 43 445 611 245 489 177 69 280 143 195 1731 1916 10123 1676 97 52 490 402 76 168 70 1100 263 15 1 4 127 75 21 21 5 37 2 1 0 0 1 9 4 36 4 2 2 1 33 5 0 0 0 0 0 0 0 0 0 0 0 0 0 0 0 0 0 0 0 0 0 0 0 0 0 0 0 0 0 0 0 0 0 0 0 0 0 0 0 0 0 0 0 0 0 0 0 0 0 0 0 0 0 0 0 0 0 0 0 0 0 0 0 0 0 0 0 0 0 0 0 0 0 0 0 0 0 0 0 0 0 0 0 0 0 0 0 0 0 0 0 0 0 0 0 0 0 0 0 0 0 0 0 0 0 0 0 0 0 0 0 0 0 0 0 0 0 0 0 0 0 0 0 0 0 0 0 0 0 0 0 0 0 0 0 0 0 0 0 0 0 0 0 0 0 0 0 0 0 0 0 0 0 0 0 0 0 0 0 0 0 0 0 0 0 0 0 0 0 0 0 0 0 0 0 0 0 0 0 0 0 0 0 0 0 0 0 0 0 0 0 0 0 0 0 0 0 0 0 0 0 0 0 0 0 0 0 0 0 0 0 0 0 0 0 0 0 0 0 0 0 0 0 0 0 0 0 0 0 0 0 0 0 0 0 0 0 0 0 0 0 0 0 0 0 0 0 0 0 0 0 0 0 0 0 0 0 0 0 0 0 0 0 0 0 0 0 0 0 0 0 0 0 0 0 0 0 0 0 0 0 0 0 0 0 0 0 0 0 0 0 0 0 0 0 0 0 0 0 0 0 0 0 0 0 0 0 0 0 0 0 0 0 0 0 0 0 0 0 0 0 0 0 0 0 0 0 0 0 0 0 0 0 0 0 0 0 0 0 0 0 0 0 0 0 0 0 0 0 0 0 0 0 0 0 0 0 0 0 0 0 0 0 0 0 0 0 0 0 0 0 0 0 0 0 0 0 0 0 0 0 0 0 0 0 0 0 0 0 0 0 0 0 0 0 0 0 0 0 0 0 0 0 0 0 0 0 0 0 0 0 0 0 0 0 0 0 0 0 0 0 0 49 3 0 0 0 0 0 0 0 0 0 0 0 0 0 0 0 0 0 0 49 0 0 0 0 0 0 0 0 0 0 0 0 0 0 0 0 0 0 0 0 0 0 0 0 0 0 0 0 0 0 0 0 0 0 0 0 0 0 0 0 0 0 0 0 0 0 0 0 0 0 0 0 0 0 0 0 0 0 0 0 0 0 0 0 0 0 0 0 0 0 0 0 0 0 15 0 0 0 0 0 0 0 0 0 0 0 0 0 0 0 0 0 0 0 0 0 0 0 0 0 0 0 0 0 0 0 0 0 0 0 0 0 0 0 0 0 0 0 0 0 0 0 0 0 0 0 0 0 0 0 0 0 0 0 0 0 0 0 0 0 0 0 0 0 0 0 0 0 0 0 0 0 0 0 0 0 0 0 0 0 0 0 0 0 0 0 0 0 0 0 0 0 0 0 0 0 0 0 0 0 0 0 0 0 0 0 0 0 0 0 0 0 0 0 0 0 0 0 0 0 0 0 0 0 0 0 0 0 0 0 0 0 0 0 0 0 0 0 0 0 0 0 0 0 0 0 0 0 0 0 0 0 0 0 0 0 0 0 0 0 0 0 0 0 0 0 0 0 0 0 0 0 0 0 0 0 0 0 0 0 0 0 0 0 0 0 0 0 0 0 0 0 0 0 0 0 0 0 0 0 0 0 0 0 0 0 0 0 0 0 0 0 0 0 0 0 0 0 0 0 0 0 0 0 0 0 0 0 0 0 0 0 0 0 0 0 0 0 0 0 0 0 0 0 0 0 0 0 0 0 0 0 0 0 0 0 0 0 0 0 0 0 0 0 0 0 0 0 0 0 0 0 0 0 0 0 0 0 0 0 0 0 0 0 0 0 0 0 0 0 0 0 0 0 0 0 0 0 0 0 0 0 0 0 0 0 0 0 0 0 0 0 0 0 0 0 0 0 0 0 0 0 0 0 0 0 0 0 0 0 0 0 0 0 0 0 0 0 0 0 0 0 0 0 0 0 0 0 0 0 0 0 0 0 0 0 0 0 0 0 0 0 0 0 0 0 0 0 0 0 0 0 0 0 0 0 0 0 0 0 0 0 0 0 0 0 0 0 0 0 0 0 0 0 0 0 0 0 0 0 0 0 0 0 0 0 0 0 0 0 0 0 0 0 0 0 0 0 0 0 0 0 0 0 0 0 0 0 0 0 0 0 0 0 0 0 0 0 0 0 0 0 0 0 0 0 0 0 0 0 0 0 0 0 0 0 0 0 0 0 0 0 0 0 0 0 0 0 0 0 0 0 0 0 0 0 0 0 0 0 0 0 0 0 0 0 0 0 0 0 0 0 0 0 0 0 0 0 0 0 0 0 0 0 0 0 0 0 0 0 0 0 0 0 0 0 0 0 0 0 0 0 0 0 0 0 0 0 0 0 0 0 0 0 0 0 0 0 0 0 0 0 0 0 0 0 0 0 0 0 0 0 0 0 0 0 0 0 0 0 0 0 0 0 0 0 0 0 0 0 0 0 0 0 0 0 0 0 0 0 0 0 0 0 0 0 0 0 0 0 0 0 0 0 0 0 0 0 0 0 0 0 0 0 0 0 0 0 0 0 0 0 0 0 0 0 0 0 0 0 0 0 0 0 0 0 0 0 0 0 0 0 0 0 0 0 0 0 0 0 0 0 0 0 0 0 0 0 0 0 0 0 0 0 0 0 0 0 0 0 0 0 0 0 0 0 0 0 0 0 0 0 0 0 0 0 0 0 0 0 0 0 0 0 0 0 0 0 0 0 0 0 0 0 0 0 0 0 0 0 0 0 0 0 0 0 0 0 0 0 0 0 0 0 0 0 0 0 0 0 0 0 0 0 0 0 0 0 0 0 0 0 0 0 0 0 0 0 0 0 0 0 0 0 0 0 0 0 0 0 0 0 0 0 0 0 0 0 0 0 0 0 0 0 0 0 0 0 0 0 0 0 0 0 0 0 0 0 0 0 0 0 0 0 0 0 0 0 0 0 0 0 0 0 0 0 0 0 0 0 0 0 0 0 0 0 0 0 0 0 0 0 0 0 0 0 0 0 0 0 0 0 0 0 0 0 0 0 0 0 0 0 0 0 0 0 0 0 0 0 0 0 0 0 0 0 0 0 0 0 0 0 0 0 0 0 0 0 0 0 0 0 0 0 0 0 0 0 0 0 0 0 0 0 0 0 0 0 0 0 0 0 0 0 0 0 0 0 0 0 0 0 0 0 0 0 0 0 0 0 0 0 0 0 0 0 0 0 0 0 0 0 0 0 0 0 0 0 0 0 0 0 0 0 0 0 0 0 0 0 0 0 0 0 0 0 0 0 0 0 0 0 0 0 0 0 0 0 0 0 0 0 0 0 0 0 0 0 0 0 0 0 0 0 0 0 0 0 0 0 0 0 0 0 0 0 0 0 0 0 0 0 0 0 0 0 0 0 0 0 0 0 0 0 0 0 0 0 0 0 0 0 0 0 0 0 0 0 0 0 0 0 0 0 0 0 0 0 0 0 0 0 0 0 0 0 0 0 0 0 0 0 0 0 0 0 0 0 0 0 0 0 0 0 0 0 0 0 0 0 0 0 0 0 0 0 0 0 0 0 0 0 0 0 0 0 0 0 0 0 0 0 0 0 0 0 0 0 0 0 0 0 0 0 0 0 0 0 0 0 0 0 0 0 0 0 0 0 0 0 0 0 0 0 0 0 0 0 0 0 0 0 0 0 0 0 0 0 0 0 0 0 0 0 0 0 0 0 0 0 0 0 0 0 0 0 0 0 0 0 0 0 0 0 0 0 0 0 0 0 0 0 0 0 0 0 0 0 0 0 0 0 0 0 0 0 0 0 0 0 0 0 0 0 0 0 0 0 0 0 0 0 0 0 0 0 0 0 0 0 0 0 0 0 0 0 0 0 0 0 0 0 0 0 0 0 0 0 0 0 0 0 0 0 0 0 0 0 0 0 0 0 0 0 0 0 0 0 0 0 0 0 0 0 0 0 0 0 0 0 0 0 0 0 0 0 0 0 0 0 0 0 0 0 0 0 0 0 0 0 0 0 0 0 0 0 0 0 0 0 0 0 0 0 0 0 0 0 0 0 0 0 0 0 0 0 0 0 0 0 0 0 0 0 0 0 0 0 0 0 0 0 0 0 0 0 0 0 0 0 0 0 0 0 0 0 0 0 0 0 0 0 0 0 0 0 0 0 0 0 0 0 0 0 0 0 0 0 0 0 0 0 0 0 0 0 0 0 0 0 0 0 0 0 0 0 0 0 0 0 0 0 0 0 0 0 0 0 0 0 0 0 0 0 0 0 0 0 0 0 0 0 0 0 0 0 0 0 0 0 0 0 0 0 0 0 0 0 0 0 0 0 0 0 0 0 0 0 0 0 0 0 0 0 0 0 0 0 0 0 0 0 0 0 0 0 0 0 0 0 0 0 0 0 0 0 0 0 0 0 0 0 0 0 0 0 0 0 0 0 0 0 0 0 0 0 0 0 0 0 0 0 0 0 0 0 0 0 0 0 0 0 0 0 0 0 0 0 0 0 0 0 0 0 0 0 0 0 0 0 0 0 0 0 0 0 0 0 0 0 0 0 0 0 0 0 0 0 0 0 0 0 0 0 0 0 0 0 0 0 0 0 0 0 0 0 0 0 0 0 0 0 0 0 0 0 0 0 0 0 0 0 0 0 0 0 0 0 0 0 0 0 0 0 0 0 0 0 0 0 0 0 0 0 0 0 0 0 0 0 0 0 0 0 0 0 0 0 0 0 0 0 0 0 0 0 0 0 0 0 0 0 0 0 0 0 0 0 0 0 0 0 0 0 0 0 0 0 0 0 0 0 0 0 0 0 0 0 0 0 0 0 0 0 0 0 0 0 0 0 0 0 0 0 0 0 0 0 0 0 0 0 0 0 0 0 0 0 0 0 0 0 0 0 0 0 0 0 0 0 0 0 0 0 0 0 0 0 0 0 0 0 0 0 0 0 0 0 0 0 0 0 0 0 0 0 0 0 0 0 0 0 0 0 0 0 0 0 0 0 0 0 0 0 0 0 0 0 0 0 0 0 0 0 0 0 0 0 0 0 0 0 0 0 0 0 0 0 0 0 0 0 0 0 0 0 0 0 0 0 0 0 0 0 0 0 0 0 0 0 0 0 0 0 0 0 0 0 0 0 0 0 0 0 0 0 0 0 0 0 0 0 0 0 0 0 0 0 0 0 0 0 0 0 0 0 0 0 0 0 0 0 0 0 0 0 0 0 0 0 0 0 0 0 0 0 0 0 0 0 0 0 0 0 0 0 0 0 0 0 0 0 0 0 0 0 0 0 0 0 0 0 0 0 0 0 0 0 0 0 0 0 0 0 0 0 0 0 0 0 0 0 0 0 0 0 0 0 0 0 0 0 0 0 0 0 0 0 0 0 0 0 0 0 0 0 0 0 0 0 0 0 0 0 0 0 0 0 0 0 0 0 0 0 0 0 0 0 0 0 0 0 0 0 0 0 0 0 0 0 0 0 0 0 0 0 0 0 0 0 0 0 0 0 0 0 0 0 0 0 0 0 0 0 0 0 0 0 0 0 0 0 0 0 0 0 0 0 0 0 0 0 0 0 0 0 0 0 0 0 0 0 0 0 0 0 0 0 0 0 0 0 0 0 0 0 0 0 0 0 0 0 0 0 0 0 0 0 0 0 0 0 0 0 0 0 0 0 0 0 0 0 0 0 0 0 0 0 0 0 0 0 0 0 0 0 0 0 0 0 0 0 0 0 0 0 0 0 0 0 0 0 0 0 0 0 0 0 0 0 0 0 0 0 0 0 0 0 0 0 0 0 0 0 0 0 0 0 0 0 0 0 0 0 0 0 0 0 0 0 0 0 0 0 0 0 0 0 0 0 0 0 0 0 0 0 0 0 0 0 0 0 0 0 0 0 0 0 0 0 0 0 0 0 0 0 0 0 0 0 0 0 0 0 0 0 0 0 0 0 0 0 0 0 0 0 0 0 0 0 0 0 0 0 0 0 0 0 0 0 0 0 0 0 0 0 0 0 0 0 0 0 0 0 0 0 0 0 0 0 0 0 0 0 0 0 0 0 0 0 0 0 0 0 0 0 0 0 0 0 0 0 0 0 0 0 0 0 0 0 0 0 0 0 0 0 0 0 0 0 0 0 0 0 0 0 0 0 0 0 0 0 0 0 0 0 0 0 0 0 0 0 0 0 0 0 0 0 0 0 0 0 0 0 0 0 0 0 0 0 0 0 0 0 0 0 0 0 0 0 0 0 0 0 0 0 0 0 0 0 0 0 0 0 0 0 0 0 0 0 0 0 0 0 0 0 0 0 0 0 0 0 0 0 0 0 0 0 0 0 0 0 0 0 0 0 0 0 0 0 0 0 0 0 0 0 0 0 0 0 0 0 0 0 0 0 0 0 0 0 0 0 0 0 0 0 0 0 0 0 0 0 0 0 0 0 0 0 0 0 0 0 0 0 0 0 0 0 0 0 0 0 0 0 0 0 0 0 0 0 0 0 0 0 0 0 0 0 0 0 0 0 0 0 0 0 0 0 0 0 0 0 0 0 0 0 0 0 0 0 0 0 0 0 0 0 0 0 0 0 0 0 0 0 0 0 0 0 0 0 0 0 0 0 0 0 0 0 0 0 0 0 0 0 0 0 0 0 0 0 0 0 0 0 0 0 0 0 0 0 0 0 0 0 0 0 0 0 0 0 0 0 0 0 0 0 0 0 0 0 0 0 0 0 0 0 0 0 0 0 0 0 0 0 0 0 0 0 0 0 0 0 0 0 0 0 0 0 0 0 0 0 0 0 0 0 0 0 0 0 0 0 0 0 0 0 0 0 0 0 0 0 0 0 0 0 0 0 0 0 0 0 0 0 0 0 0 0 0 0 0 0 0 0 0 0 0 0 0 0 0 0 0 0 0 0 0 0 0 0 0 0 0 0 0 0 0 0 0 0 0 0 0 0 0 0 0 0 0 0 0 0 0 0 0 0 0 0 0 0 0 0 0 0 0 0 0 0 0 0 0 0 0 0 0 0 0 0 0 0 0 0 0 0 0 0 0 0 0 0 0 0 0 0 0 0 0 0 0 0 0 0 0 0 0 0 0 0 0 0 0 0 0 0 0 0 0 0 0 0 0 0 0 0 0 0 0 0 0 0 0 0 0 0 0 0 0 0 0 0 0 0 0 0 0 0 0 0 0 0 0 0 0 0 0 0 0 0 0 0 0 0 0 0 0 0 0 0 0 0 0 0 0 0 0 0 0 0 0 0 0 0 0 0 0 0 0 0 0 0 0 0 0 0 0 0 0 0 0 0 0 0 0 0 0 0 0 0 0 0 0 0 0 0 0 0 0 0 0 0 0 0 0 0 0 0 0 0 0 0 0 0 0 0 0 0 0 0 0 0 0 0 0 0 0 0 0 0 0 0 0 0 0 0 0 0 0 0 0 0 0 0 0 0 0 0 0 0 0 0 0 0 0 0 0 0 0 0 0 0 0 0 0 0 0 0 0 0 0 0 0 0 0 0 0 0 0 0 0 0 0 0 0 0 0 0 0 0 0 0 0 0 0 0 0 0 0 0 0 0 0 0 0 0 0 0 0 0 0 0 0 0 0 0 0 0 0 0 0 0 0 0 0 0 0 0 0 0 0 0 0 0 0 0 0 0 0 0 0 0 0 0 0 0 0 0 0 0 0 0 0 0 0 0 0 0 0 0 0 0 0 0 0 0 0 0 0 0 0 0 0 0 0 0 0 0 0 0 0 0 0 0 0 0 0 0 0 0 0 0 0 0 0 0 0 0 0 0 0 0 0 0 0 0 0 0 0 0 0 0 0 0 0 0 0 0 0 0 0 0 0 0 0 0 0 0 0 0 0 0 0 0 0 0 0 0 0 0 0 0 0 0 0 0 0 0 0 0 0 0 0 0 0 0 0 0 0 0 0 0 0 0 0 0 0 0 0 0 0 0 0 0 0 0 0 0 0 0 0 0 0 0 0 0 0 0 0 0 0 0 0 0 0 0 0 0 0 0 0 0 0 0 0 0 0 0 0 0 0 0 0 0 0 0 0 0 0 0 0 0 0 0 0 0 0 0 0 0 0 0 0 0 0 0 0 0 0 0 0 0 0 0 0 0 0 0 0 0 0 0 0 0 0 0 0 0 0 0 0 0 0 0 0 0 0 0 0 0 0 0 0 0 0 0 0 0 0 0 0 0 0 0 0 0 0 0 0 0 0 0 0 0 0 0 0 0 0 0 0 0 0 0 0 0 0 0 0 0 0 0 0 0 0 0 0 0 0 0 0 0 0 0 0 0 0 0 0 0 0 0 0 0 0 0 0 0 0 0 0 0 0 0 0 0 0 0 0 0 0 0 0 0 0 0 0 0 0 0 0 0 0 0 0 0 0 0 0 0 0 0 0 0 0 0 0 0 0 0 0 0 0 0 0 0 0 0 0 0 0 0 0 0 0 0 0 0 0 0 0 0 0 0 0 0 0 0 0 0 0 0 0 0 0 0 0 0 0 0 0 0 0 0 0 0 0 0 0 0 0 0 0 0 0 0 0 0 0 0 0 0 0 0 0 0 0 0 0 0 0 0 0 0 0 0 0 0 0 0 0 0 0 0 0 0 0 0 0 0 0 0 0 0 0 0 0 0 0 0 0 0 0 0 0 0 0 0 0 0 0 0 0 0 0 0 0 0 0 0 0 0 0 0 0 0 0 0 0 0 0 0 0 0 0 0 0 0 0 0 0 0 0 0 0 0 0 0 0 0 0 0 0 0 0 0 0 0 0 0 0 0 0 0 0 0 0 0 0 0 0 0 0 0 0 0 0 0 0 0 0 0 0 0 0 0 0 0 0 0 0 0 0 0 0 0 0 0 0 0 0 0 0 0 0 0 0 0 0 0 0 0 0 0 0 0 0 0 0 0 0 0 0 0 0 0 0 0 0 0 0 0 0 0 0 0 0 0 0 0 0 0 0 0 0 0 0 0 0 0 0 0 0 0 0 0 0 0 0 0 0 0 0 0 0 0 0 0 0 0 0 0 0 0 0 0 0 0 0 0 0 0 0 0 0 0 0 0 0 0 0 0 0 0 0 0 0 0 0 0 0 0 0 0 0 0 0 0 0 0 0 0 0 0 0 0 0 0 0 0 0 0 0 0 0 0 0 0 0 0 0 0 0 0 0 0 0 0 0 0 0 0 0 0 0 0 0 0 0 0 0 0 0 0 0 0 0 0 0 0 0 0 0 0 0 0 0 0 0 0 0 0 0 0 0 0 0 0 0 0 0 0 0 0 0 0 0 0 0 0 0 0 0 0 0 0 0 0 0 0 0 0 0 0 0 0 0 0 0 0 0 0 0 0 0 0 0 0 0 0
ctxt 1857530
btime 1613122782
processes 41003
procs_running 1
procs_blocked 0
softirq 18425459 1 10854718 976 345556 0 0 168 723364 0 6500676
