cpu  2223200 5 9818 10609790 670 0 194 0 0 0
cpu0 17352 0 594 82206 0 0 86 0 0 0
cpu1 17449 0 128 82773 7 0 2 0 0 0
cpu2 17349 0 55 82971 0 0 0 0 0 0
cpu3 17365 0 56 82934 1 0 0 0 0 0
cpu4 17358 0 54 82950 0 0 0 0 0 0
cpu5 17430 0 117 82805 0 0 2 0 0 0
cpu6 17354 0 46 82965 0 0 0 0 0 0
cpu7 17336 0 68 82959 0 0 0 0 0 0
cpu8 17356 0 44 82964 0 0 0 0 0 0
cpu9 17558 0 174 82615 0 0 4 0 0 0
cpu10 17352 0 56 82957 0 0 0 0 0 0
cpu11 17328 0 66 82968 0 0 0 0 0 0
cpu12 17365 0 58 82930 0 0 0 0 0 0
cpu13 17526 0 198 82630 1 0 0 0 0 0
cpu14 17359 0 55 82938 0 0 1 0 0 0
cpu15 17344 0 70 82944 0 0 1 0 0 0
cpu16 17362 0 74 82923 0 0 0 0 0 0
cpu17 17425 1 154 82772 0 0 0 0 0 0
cpu18 17308 0 92 82957 0 0 4 0 0 0
cpu19 17232 0 101 83022 0 0 6 0 0 0
cpu20 17356 0 61 82941 0 0 0 0 0 0
cpu21 17391 0 82 82884 0 0 0 0 0 0
cpu22 17352 0 46 82963 0 0 0 0 0 0
cpu23 17217 0 98 82987 0 0 20 0 0 0
cpu24 17357 0 62 82940 0 0 0 0 0 0
cpu25 17379 0 61 82919 0 0 0 0 0 0
cpu26 17353 0 47 82964 0 0 0 0 0 0
cpu27 17335 0 67 82953 0 0 0 0 0 0
cpu28 17357 0 55 82945 0 0 0 0 0 0
cpu29 17374 0 77 82905 0 0 0 0 0 0
cpu30 17356 0 51 82951 0 0 0 0 0 0
cpu31 17343 0 62 82947 0 0 0 0 0 0
cpu32 17383 0 84 82914 0 0 0 0 0 0
cpu33 17360 0 64 82924 2 0 0 0 0 0
cpu34 17318 0 60 82977 0 0 1 0 0 0
cpu35 17350 0 48 82959 0 0 0 0 0 0
cpu36 17356 0 54 82944 0 0 0 0 0 0
cpu37 17886 0 212 82183 66 0 0 0 0 0
cpu38 17218 0 91 83027 0 0 3 0 0 0
cpu39 17336 0 67 82948 0 0 0 0 0 0
cpu40 17356 0 50 82949 0 0 0 0 0 0
cpu41 17371 0 69 82878 30 0 0 0 0 0
cpu42 17354 0 46 82953 0 0 0 0 0 0
cpu43 17335 0 68 82944 0 0 0 0 0 0
cpu44 17355 0 47 82950 1 0 0 0 0 0
cpu45 17561 0 100 82572 112 0 0 0 0 0
cpu46 17354 0 45 82954 0 0 0 0 0 0
cpu47 17316 0 58 82974 0 0 0 0 0 0
cpu48 17356 0 56 82936 0 0 0 0 0 0
cpu49 17354 0 63 82937 0 0 0 0 0 0
cpu50 17188 0 81 83063 0 0 4 0 0 0
cpu51 17346 0 51 82951 0 0 1 0 0 0
cpu52 17353 0 48 82946 0 0 0 0 0 0
cpu53 17452 0 90 82705 91 0 0 0 0 0
cpu54 17355 0 49 82944 0 0 0 0 0 0
cpu55 17350 0 51 82947 1 0 0 0 0 0
cpu56 17356 0 50 82938 0 0 0 0 0 0
cpu57 17504 0 72 82770 1 0 0 0 0 0
cpu58 17342 0 72 82935 0 0 1 0 0 0
cpu59 17355 0 52 82937 0 0 0 0 0 0
cpu60 17354 0 50 82939 0 0 0 0 0 0
cpu61 17481 0 78 82775 5 0 0 0 0 0
cpu62 17354 0 49 82938 0 0 0 0 0 0
cpu63 17226 0 161 82936 0 0 21 0 0 0
cpu64 17354 0 60 82724 185 0 0 0 0 0
cpu65 17415 0 94 82814 1 0 0 0 0 0
cpu66 17349 0 51 82938 1 0 0 0 0 0
cpu67 17350 0 49 82942 0 0 0 0 0 0
cpu68 17353 0 58 82929 0 0 0 0 0 0
cpu69 17522 0 130 82643 32 0 0 0 0 0
cpu70 17350 0 50 82938 0 0 0 0 0 0
cpu71 17346 0 55 82933 0 0 0 0 0 0
cpu72 17362 0 69 82899 1 0 0 0 0 0
cpu73 17513 0 157 82655 3 0 0 0 0 0
cpu74 17350 0 48 82944 1 0 0 0 0 0
cpu75 17344 0 64 82907 0 0 0 0 0 0
cpu76 17354 0 50 82937 1 0 0 0 0 0
cpu77 17492 0 220 82607 14 0 0 0 0 0
cpu78 17352 0 53 82934 0 0 0 0 0 0
cpu79 17348 0 64 82911 0 0 0 0 0 0
cpu80 17355 0 51 82928 0 0 0 0 0 0
cpu81 17440 0 161 82705 28 0 0 0 0 0
cpu82 17261 0 96 82970 0 0 5 0 0 0
cpu83 17275 0 146 82910 1 0 7 0 0 0
cpu84 17354 0 68 82913 0 0 0 0 0 0
cpu85 17390 0 74 82872 1 0 0 0 0 0
cpu86 17356 0 51 82930 0 0 0 0 0 0
cpu87 17199 0 131 82986 1 0 6 0 0 0
cpu88 17353 0 50 82931 0 0 0 0 0 0
cpu89 17390 2 72 82858 6 0 0 0 0 0
cpu90 17354 0 52 82927 0 0 0 0 0 0
cpu91 17350 0 59 82924 0 0 0 0 0 0
cpu92 17355 0 56 82915 0 0 0 0 0 0
cpu93 17402 0 68 82861 1 0 0 0 0 0
cpu94 17355 0 51 82928 0 0 0 0 0 0
cpu95 17351 0 62 82919 0 0 0 0 0 0
cpu96 17354 0 68 82897 6 0 0 0 0 0
cpu97 17354 0 61 82914 1 0 0 0 0 0
cpu98 17356 0 47 82927 0 0 0 0 0 0
cpu99 17355 0 54 82921 0 0 0 0 0 0
cpu100 17358 0 65 82891 12 0 0 0 0 0
cpu101 17357 0 64 82901 1 0 0 0 0 0
cpu102 17350 0 58 82923 1 0 0 0 0 0
cpu103 17328 0 78 82924 0 0 0 0 0 0
cpu104 17356 0 54 82915 0 0 0 0 0 0
cpu105 17366 0 101 82856 0 0 0 0 0 0
cpu106 17353 0 50 82923 0 0 0 0 0 0
cpu107 17345 0 60 82924 0 0 0 0 0 0
cpu108 17361 0 63 82897 1 0 1 0 0 0
cpu109 17674 0 87 82562 0 0 0 0 0 0
cpu110 17354 0 52 82922 0 0 0 0 0 0
cpu111 17372 0 67 82885 0 0 0 0 0 0
cpu112 17355 0 48 82917 0 0 0 0 0 0
cpu113 17430 0 81 82801 3 0 0 0 0 0
cpu114 17351 0 50 82925 0 0 0 0 0 0
cpu115 17353 0 46 82926 0 0 0 0 0 0
cpu116 17355 0 55 82903 0 0 0 0 0 0
cpu117 17356 0 54 82902 4 0 0 0 0 0
cpu118 17353 0 50 82917 0 0 0 0 0 0
cpu119 17350 0 52 82920 0 0 0 0 0 0
cpu120 17354 0 63 82898 0 0 0 0 0 0
cpu121 17390 0 64 82863 4 0 0 0 0 0
cpu122 17322 0 79 82920 0 0 0 0 0 0
cpu123 17350 0 52 82916 0 0 0 0 0 0
cpu124 17355 0 53 82912 0 0 0 0 0 0
cpu125 17465 0 94 82756 0 0 0 0 0 0
cpu126 17354 0 48 82914 0 0 0 0 0 0
cpu127 17355 0 64 82896 0 0 0 0 0 0
intr 7471659 129 0 0 0 680 0 0 0 1 0 285 0 0 0 0 0 0 0 0 0 0 0 0 0 0 0 0 0 0 0 0 0 0 0 0 260 0 5 199 655 64 4 1808 0 2 0 5046 421 27 0 3 4822 7 0 0 1511 1466 18 3 3 34429 0 0 328 0 30 0 0 42 2 1 13 2 7 3 1549 1 2 285 0 0 0 5 0 2 0 438 83 331 0 285 0 0 3 0 1036 0 0 46 2 0 0 0 0 0 0 6 0 0 0 0 0 1 0 0 0 1 0 0 2723 3292 0 2 0 550 0 0 0 0 1842 1 0 0 17 0 0 0 0 0 0 0 0 24 0 8 0 11 0 0 2 2 0 0 0 72 0 0 0 0 0 0 0 0 0 0 0 161 3603 3 385 63 107 26 16 104 13 0 236 26 9 1 4 7 318 338 5 146 3 1 7 79 273 3410 189 637 663 50 1112 73 78 0 0 0 0 0 0 0 0 0 0 0 0 0 0 0 0 10001 2158 4782 19 3297 156 141 124 145 31 51 246 127 141 73 29 1 32 11 0 1 0 0 0 0 5 2 74 3 2 3 0 10 4 1 0 2 0 0 269 0 74 23 78 102 13 3 0 0 0 1 0 28 2 3 0 5 3 9 0 2 0 3 0 0 0 0 0 0 0 0 0 0 0 0 0 0 0 0 0 0 0 0 0 0 0 0 0 0 0 0 0 0 0 0 0 0 0 0 0 0 0 0 0 0 0 0 0 0 0 0 0 0 0 0 0 0 0 0 0 0 0 0 0 0 0 0 0 0 0 0 0 0 0 0 0 0 0 0 0 0 0 0 0 0 0 0 0 0 0 0 0 0 0 0 0 0 0 0 0 0 0 0 0 0 0 0 0 0 0 0 0 0 0 0 0 0 0 0 0 0 0 0 0 0 0 0 0 0 0 0 0 0 0 0 0 0 0 0 0 0 0 0 0 0 0 0 0 0 0 0 0 0 0 0 0 0 0 0 0 0 0 0 0 0 0 0 0 0 0 0 0 0 0 0 0 0 0 0 0 0 0 0 0 0 0 0 0 0 0 0 0 0 0 0 0 0 0 0 0 0 0 0 0 0 0 0 0 0 0 0 0 0 0 0 0 0 0 0 0 0 0 0 0 0 0 0 0 0 0 0 0 0 0 0 0 0 0 0 0 0 0 0 0 0 0 0 0 0 0 0 0 0 0 0 0 0 0 0 0 0 0 0 0 0 0 0 0 0 0 0 0 0 0 0 0 0 0 0 0 0 0 0 0 0 0 0 0 0 0 0 0 0 0 0 0 0 0 0 0 0 0 0 0 0 0 0 0 0 0 0 0 0 0 0 0 0 0 0 0 0 0 0 0 0 0 0 0 0 0 0 0 0 0 0 0 0 0 0 0 0 0 0 0 0 0 0 0 0 0 0 0 0 0 0 0 0 0 0 0 0 0 0 0 0 0 0 0 0 0 0 0 0 0 0 0 0 0 0 0 0 0 0 0 0 0 0 0 0 0 0 0 0 0 0 0 0 0 0 0 0 0 0 0 0 0 0 0 0 0 0 0 0 0 0 0 0 0 0 0 0 0 0 0 0 0 0 0 49 0 0 0 3 0 0 0 0 0 0 0 0 0 0 0 0 0 0 0 0 0 0 0 0 0 49 0 0 0 0 0 0 0 0 0 0 0 0 0 0 0 0 0 0 0 0 0 0 0 0 0 0 0 0 0 0 0 0 0 0 0 0 0 0 0 0 0 0 0 0 0 0 0 0 0 0 0 0 0 0 0 0 0 0 0 0 0 0 0 0 0 22 0 0 0 0 0 0 0 0 0 0 0 0 0 0 0 0 0 0 0 0 0 0 0 0 0 0 0 0 0 0 0 0 0 0 0 0 0 0 0 0 0 0 0 0 0 0 0 0 0 0 0 0 0 0 0 0 0 0 0 0 0 0 0 0 0 0 0 0 0 0 0 0 0 0 0 0 0 0 0 0 0 0 0 0 0 0 0 0 0 0 0 0 0 0 0 0 0 0 0 0 0 0 0 0 0 0 0 0 0 0 0 0 0 0 0 0 0 0 0 0 0 0 0 0 0 0 0 0 0 0 0 0 0 0 0 0 0 0 0 0 0 0 0 0 0 0 0 0 0 0 0 0 0 0 0 0 0 0 0 0 0 0 0 0 0 0 0 0 0 0 0 0 0 0 0 0 0 0 0 0 0 0 0 0 0 0 0 0 0 0 0 0 0 0 0 0 0 0 0 0 0 0 0 0 0 0 0 0 0 0 0 0 0 0 0 0 0 0 0 0 0 0 0 0 0 0 0 0 0 0 0 0 0 0 0 0 0 0 0 0 0 0 0 0 0 0 0 0 0 0 0 0 0 0 0 0 0 0 0 0 0 0 0 0 0 0 0 0 0 0 0 0 0 0 0 0 0 0 0 0 0 0 0 0 0 0 0 0 0 0 0 0 0 0 0 0 0 0 0 0 0 0 0 0 0 0 0 0 0 0 0 0 0 0 0 0 0 0 0 0 0 0 0 0 0 0 0 0 0 0 0 0 0 0 0 0 0 0 0 0 0 0 0 0 0 0 0 0 0 0 0 0 0 0 0 0 0 0 0 0 0 0 0 0 0 0 0 0 0 0 0 0 0 0 0 0 0 0 0 0 0 0 0 0 0 0 0 0 0 0 0 0 0 0 0 0 0 0 0 0 0 0 0 0 0 0 0 0 0 0 0 0 0 0 0 0 0 0 0 0 0 0 0 0 0 0 0 0 0 0 0 0 0 0 0 0 0 0 0 0 0 0 0 0 0 0 0 0 0 0 0 0 0 0 0 0 0 0 0 0 0 0 0 0 0 0 0 0 0 0 0 0 0 0 0 0 0 0 0 0 0 0 0 0 0 0 0 0 0 0 0 0 0 0 0 0 0 0 0 0 0 0 0 0 0 0 0 0 0 0 0 0 0 0 0 0 0 0 0 0 0 0 0 0 0 0 0 0 0 0 0 0 0 0 0 0 0 0 0 0 0 0 0 0 0 0 0 0 0 0 0 0 0 0 0 0 0 0 0 0 0 0 0 0 0 0 0 0 0 0 0 0 0 0 0 0 0 0 0 0 0 0 0 0 0 0 0 0 0 0 0 0 0 0 0 0 0 0 0 0 0 0 0 0 0 0 0 0 0 0 0 0 0 0 0 0 0 0 0 0 0 0 0 0 0 0 0 0 0 0 0 0 0 0 0 0 0 0 0 0 0 0 0 0 0 0 0 0 0 0 0 0 0 0 0 0 0 0 0 0 0 0 0 0 0 0 0 0 0 0 0 0 0 0 0 0 0 0 0 0 0 0 0 0 0 0 0 0 0 0 0 0 0 0 0 0 0 0 0 0 0 0 0 0 0 0 0 0 0 0 0 0 0 0 0 0 0 0 0 0 0 0 0 0 0 0 0 0 0 0 0 0 0 0 0 0 0 0 0 0 0 0 0 0 0 0 0 0 0 0 0 0 0 0 0 0 0 0 0 0 0 0 0 0 0 0 0 0 0 0 0 0 0 0 0 0 0 0 0 0 0 0 0 0 0 0 0 0 0 0 0 0 0 0 0 0 0 0 0 0 0 0 0 0 0 0 0 0 0 0 0 0 0 0 0 0 0 0 0 0 0 0 0 0 0 0 0 0 0 0 0 0 0 0 0 0 0 0 0 0 0 0 0 0 0 0 0 0 0 0 0 0 0 0 0 0 0 0 0 0 0 0 0 0 0 0 0 0 0 0 0 0 0 0 0 0 0 0 0 0 0 0 0 0 0 0 0 0 0 0 0 0 0 0 0 0 0 0 0 0 0 0 0 0 0 0 0 0 0 0 0 0 0 0 0 0 0 0 0 0 0 0 0 0 0 0 0 0 0 0 0 0 0 0 0 0 0 0 0 0 0 0 0 0 0 0 0 0 0 0 0 0 0 0 0 0 0 0 0 0 0 0 0 0 0 0 0 0 0 0 0 0 0 0 0 0 0 0 0 0 0 0 0 0 0 0 0 0 0 0 0 0 0 0 0 0 0 0 0 0 0 0 0 0 0 0 0 0 0 0 0 0 0 0 0 0 0 0 0 0 0 0 0 0 0 0 0 0 0 0 0 0 0 0 0 0 0 0 0 0 0 0 0 0 0 0 0 0 0 0 0 0 0 0 0 0 0 0 0 0 0 0 0 0 0 0 0 0 0 0 0 0 0 0 0 0 0 0 0 0 0 0 0 0 0 0 0 0 0 0 0 0 0 0 0 0 0 0 0 0 0 0 0 0 0 0 0 0 0 0 0 0 0 0 0 0 0 0 0 0 0 0 0 0 0 0 0 0 0 0 0 0 0 0 0 0 0 0 0 0 0 0 0 0 0 0 0 0 0 0 0 0 0 0 0 0 0 0 0 0 0 0 0 0 0 0 0 0 0 0 0 0 0 0 0 0 0 0 0 0 0 0 0 0 0 0 0 0 0 0 0 0 0 0 0 0 0 0 0 0 0 0 0 0 0 0 0 0 0 0 0 0 0 0 0 0 0 0 0 0 0 0 0 0 0 0 0 0 0 0 0 0 0 0 0 0 0 0 0 0 0 0 0 0 0 0 0 0 0 0 0 0 0 0 0 0 0 0 0 0 0 0 0 0 0 0 0 0 0 0 0 0 0 0 0 0 0 0 0 0 0 0 0 0 0 0 0 0 0 0 0 0 0 0 0 0 0 0 0 0 0 0 0 0 0 0 0 0 0 0 0 0 0 0 0 0 0 0 0 0 0 0 0 0 0 0 0 0 0 0 0 0 0 0 0 0 0 0 0 0 0 0 0 0 0 0 0 0 0 0 0 0 0 0 0 0 0 0 0 0 0 0 0 0 0 0 0 0 0 0 0 0 0 0 0 0 0 0 0 0 0 0 0 0 0 0 0 0 0 0 0 0 0 0 0 0 0 0 0 0 0 0 0 0 0 0 0 0 0 0 0 0 0 0 0 0 0 0 0 0 0 0 0 0 0 0 0 0 0 0 0 0 0 0 0 0 0 0 0 0 0 0 0 0 0 0 0 0 0 0 0 0 0 0 0 0 0 0 0 0 0 0 0 0 0 0 0 0 0 0 0 0 0 0 0 0 0 0 0 0 0 0 0 0 0 0 0 0 0 0 0 0 0 0 0 0 0 0 0 0 0 0 0 0 0 0 0 0 0 0 0 0 0 0 0 0 0 0 0 0 0 0 0 0 0 0 0 0 0 0 0 0 0 0 0 0 0 0 0 0 0 0 0 0 0 0 0 0 0 0 0 0 0 0 0 0 0 0 0 0 0 0 0 0 0 0 0 0 0 0 0 0 0 0 0 0 0 0 0 0 0 0 0 0 0 0 0 0 0 0 0 0 0 0 0 0 0 0 0 0 0 0 0 0 0 0 0 0 0 0 0 0 0 0 0 0 0 0 0 0 0 0 0 0 0 0 0 0 0 0 0 0 0 0 0 0 0 0 0 0 0 0 0 0 0 0 0 0 0 0 0 0 0 0 0 0 0 0 0 0 0 0 0 0 0 0 0 0 0 0 0 0 0 0 0 0 0 0 0 0 0 0 0 0 0 0 0 0 0 0 0 0 0 0 0 0 0 0 0 0 0 0 0 0 0 0 0 0 0 0 0 0 0 0 0 0 0 0 0 0 0 0 0 0 0 0 0 0 0 0 0 0 0 0 0 0 0 0 0 0 0 0 0 0 0 0 0 0 0 0 0 0 0 0 0 0 0 0 0 0 0 0 0 0 0 0 0 0 0 0 0 0 0 0 0 0 0 0 0 0 0 0 0 0 0 0 0 0 0 0 0 0 0 0 0 0 0 0 0 0 0 0 0 0 0 0 0 0 0 0 0 0 0 0 0 0 0 0 0 0 0 0 0 0 0 0 0 0 0 0 0 0 0 0 0 0 0 0 0 0 0 0 0 0 0 0 0 0 0 0 0 0 0 0 0 0 0 0 0 0 0 0 0 0 0 0 0 0 0 0 0 0 0 0 0 0 0 0 0 0 0 0 0 0 0 0 0 0 0 0 0 0 0 0 0 0 0 0 0 0 0 0 0 0 0 0 0 0 0 0 0 0 0 0 0 0 0 0 0 0 0 0 0 0 0 0 0 0 0 0 0 0 0 0 0 0 0 0 0 0 0 0 0 0 0 0 0 0 0 0 0 0 0 0 0 0 0 0 0 0 0 0 0 0 0 0 0 0 0 0 0 0 0 0 0 0 0 0 0 0 0 0 0 0 0 0 0 0 0 0 0 0 0 0 0 0 0 0 0 0 0 0 0 0 0 0 0 0 0 0 0 0 0 0 0 0 0 0 0 0 0 0 0 0 0 0 0 0 0 0 0 0 0 0 0 0 0 0 0 0 0 0 0 0 0 0 0 0 0 0 0 0 0 0 0 0 0 0 0 0 0 0 0 0 0 0 0 0 0 0 0 0 0 0 0 0 0 0 0 0 0 0 0 0 0 0 0 0 0 0 0 0 0 0 0 0 0 0 0 0 0 0 0 0 0 0 0 0 0 0 0 0 0 0 0 0 0 0 0 0 0 0 0 0 0 0 0 0 0 0 0 0 0 0 0 0 0 0 0 0 0 0 0 0 0 0 0 0 0 0 0 0 0 0 0 0 0 0 0 0 0 0 0 0 0 0 0 0 0 0 0 0 0 0 0 0 0 0 0 0 0 0 0 0 0 0 0 0 0 0 0 0 0 0 0 0 0 0 0 0 0 0 0 0 0 0 0 0 0 0 0 0 0 0 0 0 0 0 0 0 0 0 0 0 0 0 0 0 0 0 0 0 0 0 0 0 0 0 0 0 0 0 0 0 0 0 0 0 0 0 0 0 0 0 0 0 0 0 0 0 0 0 0 0 0 0 0 0 0 0 0 0 0 0 0 0 0 0 0 0 0 0 0 0 0 0 0 0 0 0 0 0 0 0 0 0 0 0 0 0 0 0 0 0 0 0 0 0 0 0 0 0 0 0 0 0 0 0 0 0 0 0 0 0 0 0 0 0 0 0 0 0 0 0 0 0 0 0 0 0 0 0 0 0 0 0 0 0 0 0 0 0 0 0 0 0 0 0 0 0 0 0 0 0 0 0 0 0 0 0 0 0 0 0 0 0 0 0 0 0 0 0 0 0 0 0 0 0 0 0 0 0 0 0 0 0 0 0 0 0 0 0 0 0 0 0 0 0 0 0 0 0 0 0 0 0 0 0 0 0 0 0 0 0 0 0 0 0 0 0 0 0 0 0 0 0 0 0 0 0 0 0 0 0 0 0 0 0 0 0 0 0 0 0 0 0 0 0 0 0 0 0 0 0 0 0 0 0 0 0 0 0 0 0 0 0 0 0 0 0 0 0 0 0 0 0 0 0 0 0 0 0 0 0 0 0 0 0 0 0 0 0 0 0 0 0 0 0 0 0 0 0 0 0 0 0 0 0 0 0 0 0 0 0 0 0 0 0 0 0 0 0 0 0 0 0 0 0 0 0 0 0 0 0 0 0 0 0 0 0 0 0 0 0 0 0 0 0 0 0 0 0 0 0 0 0 0 0 0 0 0 0 0 0 0 0 0 0 0 0 0 0 0 0 0 0 0 0 0 0 0 0 0 0 0 0 0 0 0 0 0 0 0 0 0 0 0 0 0 0 0 0 0 0 0 0 0 0 0 0 0 0 0 0 0 0 0 0 0 0 0 0 0 0 0 0 0 0 0 0 0 0 0 0 0 0 0 0 0 0 0 0 0 0 0 0 0 0 0 0 0 0 0 0 0 0 0 0 0 0 0 0 0 0 0 0 0 0 0 0 0 0 0 0 0 0 0 0 0 0 0 0 0 0 0 0 0 0 0 0 0 0 0 0 0 0 0 0 0 0 0 0 0 0 0 0 0 0 0 0 0 0 0 0 0 0 0 0 0 0 0 0 0 0 0 0 0 0 0 0 0 0 0 0 0 0 0 0 0 0 0 0 0 0 0 0 0 0 0 0 0 0 0 0 0 0 0 0 0 0 0 0 0 0 0 0 0 0 0 0 0 0 0 0 0 0 0 0 0 0 0 0 0 0 0 0 0 0 0 0 0 0 0 0 0 0 0 0 0 0 0 0 0 0 0 0 0 0 0 0 0 0 0 0 0 0 0 0 0 0 0 0 0 0 0 0 0 0 0 0 0 0 0 0 0 0 0 0 0 0 0 0 0 0 0 0 0 0 0 0 0 0 0 0 0 0 0 0 0 0 0 0 0 0 0 0 0 0 0 0 0 0 0 0 0 0 0 0 0 0 0 0 0 0 0 0 0 0 0 0 0 0 0 0 0 0 0 0 0 0 0 0 0 0 0 0 0 0 0 0 0 0 0 0 0 0 0 0 0 0 0 0 0 0 0 0 0 0 0 0 0 0 0 0 0 0 0 0 0 0 0 0 0 0 0 0 0 0 0 0 0 0 0 0 0 0 0 0 0 0 0 0 0 0 0 0 0 0 0 0 0 0 0 0 0 0 0 0 0 0 0 0 0 0 0 0 0 0 0 0 0 0 0 0 0 0 0 0 0 0 0 0 0 0 0 0 0 0 0 0 0 0 0 0 0 0 0 0 0 0 0 0 0 0 0 0 0 0 0 0 0 0 0 0 0 0 0 0 0 0 0 0 0 0 0 0 0 0 0 0 0 0 0 0 0 0 0 0 0 0 0 0 0 0 0 0 0 0 0 0 0 0 0 0 0 0 0 0 0 0 0 0 0 0 0 0 0 0 0 0 0 0 0 0 0 0 0 0 0 0 0 0 0 0 0 0 0 0 0 0 0 0 0 0 0 0 0 0 0 0 0 0 0 0 0 0 0 0 0 0 0 0 0 0 0 0 0 0 0 0 0 0 0 0 0 0 0 0 0 0 0 0 0 0 0 0 0 0 0 0 0 0 0 0 0 0 0 0 0 0 0 0 0 0 0 0 0 0 0 0 0 0 0 0 0 0 0 0 0 0 0 0 0 0 0 0 0 0 0 0 0 0 0 0 0 0 0 0 0 0 0 0 0 0 0 0 0 0 0 0 0 0 0 0 0 0 0 0 0 0 0 0 0 0 0 0 0 0 0 0 0 0 0 0 0 0 0 0 0 0 0 0 0 0 0 0 0 0 0 0 0 0 0 0 0 0 0 0 0 0 0 0 0 0 0 0 0 0 0 0 0 0 0 0 0 0 0 0 0 0 0 0 0 0 0 0 0 0 0 0 0 0 0 0 0 0 0 0 0 0 0 0 0 0 0 0 0 0 0 0 0 0 0 0 0 0 0 0 0 0 0 0 0 0 0 0 0 0 0 0 0 0 0 0 0 0 0 0 0 0 0 0 0 0 0 0 0 0 0 0 0 0 0 0 0 0 0 0 0 0 0 0 0 0 0 0 0 0 0 0 0 0 0 0 0 0 0 0 0 0 0 0 0 0 0 0 0 0 0 0 0 0 0 0 0 0 0 0 0 0 0 0 0 0 0 0 0 0 0 0 0 0 0 0 0 0 0 0 0 0 0 0 0 0 0 0 0 0 0 0 0 0 0 0 0 0 0 0 0 0 0 0 0 0 0 0 0 0 0 0 0 0 0 0 0 0 0 0 0 0 0 0 0 0 0 0 0 0 0 0 0 0 0 0 0 0 0 0 0 0 0 0 0 0 0 0 0 0 0 0 0 0 0 0 0 0 0 0 0 0 0 0 0 0 0 0 0 0 0 0 0 0 0 0 0 0 0 0 0 0 0 0 0 0 0 0 0 0 0 0 0 0 0 0 0 0 0 0 0 0 0 0 0 0 0 0 0 0 0 0 0 0 0 0 0 0 0 0 0 0 0 0 0 0 0 0 0 0 0 0 0 0 0 0 0 0 0 0 0 0 0 0 0 0 0 0 0 0 0 0 0 0 0 0 0 0 0 0 0 0 0 0 0 0 0 0 0 0 0 0 0 0 0 0 0 0 0 0 0 0 0 0 0
ctxt 1191443
btime 1613122782
processes 27082
procs_running 1
procs_blocked 0
softirq 7579251 1 4312381 660 213317 0 0 173 434061 0 2618658
