cpu  60232698 7 60364 29211801 521 0 4501 0 0 0
cpu0 469360 0 1717 227514 0 0 337 0 0 0
cpu1 470226 0 526 228493 2 0 49 0 0 0
cpu2 469604 0 1240 228347 0 0 79 0 0 0
cpu3 469060 0 1469 228639 7 0 78 0 0 0
cpu4 470310 0 684 228291 1 0 49 0 0 0
cpu5 470660 0 267 228326 0 0 73 0 0 0
cpu6 470202 0 823 228235 0 0 33 0 0 0
cpu7 469870 0 1174 228170 0 0 71 0 0 0
cpu8 470565 0 542 228177 0 0 43 0 0 0
cpu9 470912 0 251 228162 1 0 8 0 0 0
cpu10 470039 0 1052 228144 0 0 90 0 0 0
cpu11 470267 0 759 228228 0 0 68 0 0 0
cpu12 470045 0 718 228450 0 0 84 0 0 0
cpu13 470492 0 428 228370 0 0 32 0 0 0
cpu14 470008 0 1014 228234 0 0 70 0 0 0
cpu15 470228 0 764 228261 0 0 60 0 0 0
cpu16 470759 0 292 228266 0 0 9 0 0 0
cpu17 470609 0 251 228444 0 0 14 0 0 0
cpu18 469769 0 1291 228161 0 0 108 0 0 0
cpu19 470431 0 645 228185 2 0 46 0 0 0
cpu20 470670 0 267 228369 0 0 12 0 0 0
cpu21 470719 0 244 228357 0 0 16 0 0 0
cpu22 470229 0 826 228175 0 0 92 0 0 0
cpu23 470340 2 674 228246 0 0 48 0 0 0
cpu24 470871 0 340 228096 0 0 18 0 0 0
cpu25 471050 0 365 227880 1 0 18 0 0 0
cpu26 469787 0 969 228394 0 0 134 0 0 0
cpu27 470209 0 722 228259 0 0 74 0 0 0
cpu28 470992 0 313 227933 0 0 4 0 0 0
cpu29 470682 0 300 228313 0 0 12 0 0 0
cpu30 470691 0 444 228173 0 0 19 0 0 0
cpu31 470339 0 716 228186 1 0 57 0 0 0
cpu32 470619 0 330 228336 0 0 36 0 0 0
cpu33 470673 0 212 228180 0 0 203 0 0 0
cpu34 470538 0 549 228188 0 0 54 0 0 0
cpu35 470592 0 772 227889 3 0 51 0 0 0
cpu36 470873 0 283 228149 0 0 5 0 0 0
cpu37 470258 0 186 228855 0 0 12 0 0 0
cpu38 470400 0 592 228291 0 0 38 0 0 0
cpu39 470553 0 921 227764 6 0 70 0 0 0
cpu40 470950 0 205 228148 0 0 10 0 0 0
cpu41 470927 0 199 228182 1 0 11 0 0 0
cpu42 470437 0 500 228342 0 0 36 0 0 0
cpu43 470927 0 730 227547 29 0 58 0 0 0
cpu44 468896 0 486 229850 0 0 43 0 0 0
cpu45 471400 0 354 227533 1 0 20 0 0 0
cpu46 470340 0 587 228343 3 0 34 0 0 0
cpu47 471463 0 897 226838 2 0 63 0 0 0
cpu48 470946 0 243 228116 0 0 14 0 0 0
cpu49 470858 0 245 228178 0 0 20 0 0 0
cpu50 470598 0 541 228136 1 0 44 0 0 0
cpu51 470317 0 685 228208 2 0 54 0 0 0
cpu52 470696 0 222 228383 0 0 9 0 0 0
cpu53 470725 0 254 228313 2 0 15 0 0 0
cpu54 470645 0 340 228306 0 0 18 0 0 0
cpu55 470560 0 405 228311 5 0 18 0 0 0
cpu56 470854 0 264 228179 0 0 19 0 0 0
cpu57 470606 0 209 228476 0 0 12 0 0 0
cpu58 470491 0 557 228219 3 0 47 0 0 0
cpu59 470398 0 429 228353 77 0 34 0 0 0
cpu60 470676 0 413 228181 2 0 41 0 0 0
cpu61 470832 0 181 228290 0 0 12 0 0 0
cpu62 470748 0 336 228206 0 0 21 0 0 0
cpu63 470768 0 438 228068 0 0 24 0 0 0
cpu64 470139 0 925 228121 1 0 121 0 0 0
cpu65 470362 0 374 228509 0 0 27 0 0 0
cpu66 469866 0 778 228614 3 0 30 0 0 0
cpu67 470378 0 639 228156 88 0 24 0 0 0
cpu68 470541 0 362 228371 0 0 9 0 0 0
cpu69 470556 0 320 228406 1 0 10 0 0 0
cpu70 470356 0 615 228317 0 0 20 0 0 0
cpu71 470465 0 659 228113 31 0 22 0 0 0
cpu72 470830 0 310 228159 0 0 9 0 0 0
cpu73 470670 0 199 228425 0 0 10 0 0 0
cpu74 470420 0 671 228186 0 0 40 0 0 0
cpu75 470378 0 522 228335 2 0 36 0 0 0
cpu76 470632 0 242 228411 0 0 10 0 0 0
cpu77 470668 0 310 228309 1 0 12 0 0 0
cpu78 469068 0 782 229346 0 0 50 0 0 0
cpu79 470336 0 518 228374 4 0 25 0 0 0
cpu80 470939 0 192 228174 1 0 2 0 0 0
cpu81 470700 0 161 228425 0 0 7 0 0 0
cpu82 469946 0 866 228405 0 0 66 0 0 0
cpu83 470330 0 453 228446 1 0 41 0 0 0
cpu84 470970 0 194 228131 0 0 5 0 0 0
cpu85 470562 0 244 228469 0 0 13 0 0 0
cpu86 470608 0 546 228115 1 0 32 0 0 0
cpu87 470249 1 649 228309 4 0 80 0 0 0
cpu88 470632 0 414 228229 0 0 25 0 0 0
cpu89 470790 0 165 228336 0 0 9 0 0 0
cpu90 470321 0 584 228345 0 0 40 0 0 0
cpu91 470197 0 562 228444 1 0 57 0 0 0
cpu92 470876 0 192 228222 1 0 3 0 0 0
cpu93 470780 0 166 228334 0 0 10 0 0 0
cpu94 470526 0 296 228464 0 0 10 0 0 0
cpu95 470391 0 512 228329 1 0 23 0 0 0
cpu96 470812 0 208 228254 5 0 8 0 0 0
cpu97 470839 0 160 228289 0 0 6 0 0 0
cpu98 470839 0 278 228159 0 0 16 0 0 0
cpu99 470692 2 568 228004 2 0 38 0 0 0
cpu100 470956 0 144 228195 0 0 2 0 0 0
cpu101 470774 0 174 228339 1 0 5 0 0 0
cpu102 470762 0 286 228236 0 0 12 0 0 0
cpu103 470961 0 590 227700 5 0 36 0 0 0
cpu104 470900 0 193 228195 0 0 1 0 0 0
cpu105 470854 0 159 228268 1 0 10 0 0 0
cpu106 470349 0 361 228544 0 0 15 0 0 0
cpu107 470890 0 569 227775 8 0 49 0 0 0
cpu108 470848 0 199 228230 7 0 3 0 0 0
cpu109 470814 0 180 228284 1 0 13 0 0 0
cpu110 470614 0 304 228341 0 0 20 0 0 0
cpu111 472203 0 956 226011 1 0 80 0 0 0
cpu112 471007 0 181 228103 0 0 4 0 0 0
cpu113 470768 0 169 228334 0 0 12 0 0 0
cpu114 470469 0 573 228188 11 0 49 0 0 0
cpu115 471414 0 491 227276 70 0 11 0 0 0
cpu116 470871 0 215 228198 1 0 5 0 0 0
cpu117 470832 0 184 228256 0 0 8 0 0 0
cpu118 470859 0 203 228213 0 0 3 0 0 0
cpu119 470777 0 536 227906 4 0 45 0 0 0
cpu120 471026 0 175 228088 0 0 4 0 0 0
cpu121 470848 0 161 228278 2 0 4 0 0 0
cpu122 470521 0 385 228358 0 0 17 0 0 0
cpu123 470874 0 412 227933 54 0 8 0 0 0
cpu124 470736 0 228 228314 2 0 13 0 0 0
cpu125 470860 0 233 228182 0 0 5 0 0 0
cpu126 470902 0 224 228152 1 0 3 0 0 0
cpu127 470736 0 544 227969 1 0 14 0 0 0
intr 170359718 130 0 0 0 683 0 0 0 1 0 285 0 0 0 0 0 0 0 0 0 0 0 0 0 0 0 0 0 0 0 0 0 0 0 0 260 0 976 7097 1756 13085 2000 20425 3405 7479 1847 682 1286 5929 135 2572 5812 8547 157 655 1067 5054 1186 2520 591 6126 446 2427 1192 3376 1472 1374 745 6539 554 62077 517 10425 483 845 272 5076 1397 928 1372 9545 1276 742 998 8432 473 1714 1564 3777 380 1449 420 2776 299 1461 954 6540 153 1132 3633 4098 885 6232 4124 10144 2223 3664 1158 6925 1005 719 760 5972 598 2331 1115 5359 134 445 539 6981 1102 3592 569 7229 567 1151 753 5537 429 1768 925 8897 513 975 346 4429 399 580 241 4383 701 731 2009 3042 1129 2212 788 6336 200 1159 757 1325 526 1119 613 0 0 0 0 0 0 0 0 0 0 163 189 1 62 4 80 245 18 155 1 3 0 9 0 6 0 10 158 11 3 764 21 128 2 86 398 105 19 271 62 483 38 93 0 0 0 0 0 0 0 0 0 0 0 0 0 0 0 0 0 176 10 94 26 97 34 24 1 111 3 85 0 6 26 104 136 39 19 91 19 35 76 0 0 8 0 105 28 0 83 0 1 1 0 6 385 0 0 37 6359 5242 120 424 471 760 388 245 216 249 872 172 202 402 3008 71 128 225 581 60 9906 117 546 84 0 0 0 0 0 0 0 0 0 0 0 0 0 0 0 0 0 0 0 0 0 0 0 0 0 0 0 0 0 0 0 0 0 0 0 0 0 0 0 0 0 0 0 0 0 0 0 0 0 0 0 0 0 0 0 0 0 0 0 0 0 0 0 0 0 0 0 0 0 0 0 0 0 0 0 0 0 0 0 0 0 0 0 0 0 0 0 0 0 0 0 0 0 0 0 0 0 0 0 0 0 0 0 0 0 0 0 0 0 0 0 0 0 0 0 0 0 0 0 0 0 0 0 0 0 0 0 0 0 0 0 0 0 0 0 0 0 0 0 0 0 0 0 0 0 0 0 0 0 0 0 0 0 0 0 0 0 0 0 0 0 0 0 0 0 0 0 0 0 0 0 0 0 0 0 0 0 0 0 0 0 0 0 0 0 0 0 0 0 0 0 0 0 0 0 0 0 0 0 0 0 0 0 0 0 0 0 0 0 0 0 0 0 0 0 0 0 0 0 0 0 0 0 0 0 0 0 0 0 0 0 0 0 0 0 0 0 0 0 0 0 0 0 0 0 0 0 0 0 0 0 0 0 0 0 0 0 0 0 0 0 0 0 0 0 0 0 0 0 0 0 0 0 0 0 0 0 0 0 0 0 0 0 0 0 0 0 0 0 0 0 0 0 0 0 0 0 0 0 0 0 0 0 0 0 0 0 0 0 0 0 0 0 0 0 0 0 0 0 0 0 0 0 0 0 0 0 0 0 0 0 0 0 0 0 0 0 0 0 0 0 0 0 0 0 0 0 0 0 0 0 0 0 0 0 0 0 0 0 0 0 0 0 0 0 0 0 0 0 0 0 0 0 0 0 0 0 0 0 0 0 0 0 0 0 0 0 0 0 0 0 0 0 0 0 0 0 0 0 0 0 0 0 0 0 0 0 0 0 0 0 0 0 0 0 0 0 0 0 0 0 0 0 4 0 0 0 0 0 0 0 47 0 0 48 0 0 0 0 0 0 0 0 0 0 0 0 1 0 0 0 0 0 0 0 0 0 0 0 0 0 0 0 0 0 0 0 0 0 0 0 0 0 0 0 0 0 0 0 0 0 0 0 0 0 0 0 0 0 0 0 0 0 0 0 0 0 0 0 0 0 0 0 0 0 0 0 0 0 0 0 0 0 0 0 0 0 20 0 0 0 0 0 0 0 0 0 0 0 0 0 0 0 0 0 0 0 0 0 0 0 0 0 0 0 0 0 0 0 0 0 0 0 0 0 0 0 0 0 0 0 0 0 0 0 0 0 0 0 0 0 0 0 0 0 0 0 0 0 0 0 0 0 0 0 0 0 0 0 0 0 0 0 0 0 0 0 0 0 0 0 0 0 0 0 0 0 0 0 0 0 0 0 0 0 0 0 0 0 0 0 0 0 0 0 0 0 0 0 0 0 0 0 0 0 0 0 0 0 0 0 0 0 0 0 0 0 0 0 0 0 0 0 0 0 0 0 0 0 0 0 0 0 0 0 0 0 0 0 0 0 0 0 0 0 0 0 0 0 0 0 0 0 0 0 0 0 0 0 0 0 0 0 0 0 0 0 0 0 0 0 0 0 0 0 0 0 0 0 0 0 0 0 0 0 0 0 0 0 0 0 0 0 0 0 0 0 0 0 0 0 0 0 0 0 0 0 0 0 0 0 0 0 0 0 0 0 0 0 0 0 0 0 0 0 0 0 0 0 0 0 0 0 0 0 0 0 0 0 0 0 0 0 0 0 0 0 0 0 0 0 0 0 0 0 0 0 0 0 0 0 0 0 0 0 0 0 0 0 0 0 0 0 0 0 0 0 0 0 0 0 0 0 0 0 0 0 0 0 0 0 0 0 0 0 0 0 0 0 0 0 0 0 0 0 0 0 0 0 0 0 0 0 0 0 0 0 0 0 0 0 0 0 0 0 0 0 0 0 0 0 0 0 0 0 0 0 0 0 0 0 0 0 0 0 0 0 0 0 0 0 0 0 0 0 0 0 0 0 0 0 0 0 0 0 0 0 0 0 0 0 0 0 0 0 0 0 0 0 0 0 0 0 0 0 0 0 0 0 0 0 0 0 0 0 0 0 0 0 0 0 0 0 0 0 0 0 0 0 0 0 0 0 0 0 0 0 0 0 0 0 0 0 0 0 0 0 0 0 0 0 0 0 0 0 0 0 0 0 0 0 0 0 0 0 0 0 0 0 0 0 0 0 0 0 0 0 0 0 0 0 0 0 0 0 0 0 0 0 0 0 0 0 0 0 0 0 0 0 0 0 0 0 0 0 0 0 0 0 0 0 0 0 0 0 0 0 0 0 0 0 0 0 0 0 0 0 0 0 0 0 0 0 0 0 0 0 0 0 0 0 0 0 0 0 0 0 0 0 0 0 0 0 0 0 0 0 0 0 0 0 0 0 0 0 0 0 0 0 0 0 0 0 0 0 0 0 0 0 0 0 0 0 0 0 0 0 0 0 0 0 0 0 0 0 0 0 0 0 0 0 0 0 0 0 0 0 0 0 0 0 0 0 0 0 0 0 0 0 0 0 0 0 0 0 0 0 0 0 0 0 0 0 0 0 0 0 0 0 0 0 0 0 0 0 0 0 0 0 0 0 0 0 0 0 0 0 0 0 0 0 0 0 0 0 0 0 0 0 0 0 0 0 0 0 0 0 0 0 0 0 0 0 0 0 0 0 0 0 0 0 0 0 0 0 0 0 0 0 0 0 0 0 0 0 0 0 0 0 0 0 0 0 0 0 0 0 0 0 0 0 0 0 0 0 0 0 0 0 0 0 0 0 0 0 0 0 0 0 0 0 0 0 0 0 0 0 0 0 0 0 0 0 0 0 0 0 0 0 0 0 0 0 0 0 0 0 0 0 0 0 0 0 0 0 0 0 0 0 0 0 0 0 0 0 0 0 0 0 0 0 0 0 0 0 0 0 0 0 0 0 0 0 0 0 0 0 0 0 0 0 0 0 0 0 0 0 0 0 0 0 0 0 0 0 0 0 0 0 0 0 0 0 0 0 0 0 0 0 0 0 0 0 0 0 0 0 0 0 0 0 0 0 0 0 0 0 0 0 0 0 0 0 0 0 0 0 0 0 0 0 0 0 0 0 0 0 0 0 0 0 0 0 0 0 0 0 0 0 0 0 0 0 0 0 0 0 0 0 0 0 0 0 0 0 0 0 0 0 0 0 0 0 0 0 0 0 0 0 0 0 0 0 0 0 0 0 0 0 0 0 0 0 0 0 0 0 0 0 0 0 0 0 0 0 0 0 0 0 0 0 0 0 0 0 0 0 0 0 0 0 0 0 0 0 0 0 0 0 0 0 0 0 0 0 0 0 0 0 0 0 0 0 0 0 0 0 0 0 0 0 0 0 0 0 0 0 0 0 0 0 0 0 0 0 0 0 0 0 0 0 0 0 0 0 0 0 0 0 0 0 0 0 0 0 0 0 0 0 0 0 0 0 0 0 0 0 0 0 0 0 0 0 0 0 0 0 0 0 0 0 0 0 0 0 0 0 0 0 0 0 0 0 0 0 0 0 0 0 0 0 0 0 0 0 0 0 0 0 0 0 0 0 0 0 0 0 0 0 0 0 0 0 0 0 0 0 0 0 0 0 0 0 0 0 0 0 0 0 0 0 0 0 0 0 0 0 0 0 0 0 0 0 0 0 0 0 0 0 0 0 0 0 0 0 0 0 0 0 0 0 0 0 0 0 0 0 0 0 0 0 0 0 0 0 0 0 0 0 0 0 0 0 0 0 0 0 0 0 0 0 0 0 0 0 0 0 0 0 0 0 0 0 0 0 0 0 0 0 0 0 0 0 0 0 0 0 0 0 0 0 0 0 0 0 0 0 0 0 0 0 0 0 0 0 0 0 0 0 0 0 0 0 0 0 0 0 0 0 0 0 0 0 0 0 0 0 0 0 0 0 0 0 0 0 0 0 0 0 0 0 0 0 0 0 0 0 0 0 0 0 0 0 0 0 0 0 0 0 0 0 0 0 0 0 0 0 0 0 0 0 0 0 0 0 0 0 0 0 0 0 0 0 0 0 0 0 0 0 0 0 0 0 0 0 0 0 0 0 0 0 0 0 0 0 0 0 0 0 0 0 0 0 0 0 0 0 0 0 0 0 0 0 0 0 0 0 0 0 0 0 0 0 0 0 0 0 0 0 0 0 0 0 0 0 0 0 0 0 0 0 0 0 0 0 0 0 0 0 0 0 0 0 0 0 0 0 0 0 0 0 0 0 0 0 0 0 0 0 0 0 0 0 0 0 0 0 0 0 0 0 0 0 0 0 0 0 0 0 0 0 0 0 0 0 0 0 0 0 0 0 0 0 0 0 0 0 0 0 0 0 0 0 0 0 0 0 0 0 0 0 0 0 0 0 0 0 0 0 0 0 0 0 0 0 0 0 0 0 0 0 0 0 0 0 0 0 0 0 0 0 0 0 0 0 0 0 0 0 0 0 0 0 0 0 0 0 0 0 0 0 0 0 0 0 0 0 0 0 0 0 0 0 0 0 0 0 0 0 0 0 0 0 0 0 0 0 0 0 0 0 0 0 0 0 0 0 0 0 0 0 0 0 0 0 0 0 0 0 0 0 0 0 0 0 0 0 0 0 0 0 0 0 0 0 0 0 0 0 0 0 0 0 0 0 0 0 0 0 0 0 0 0 0 0 0 0 0 0 0 0 0 0 0 0 0 0 0 0 0 0 0 0 0 0 0 0 0 0 0 0 0 0 0 0 0 0 0 0 0 0 0 0 0 0 0 0 0 0 0 0 0 0 0 0 0 0 0 0 0 0 0 0 0 0 0 0 0 0 0 0 0 0 0 0 0 0 0 0 0 0 0 0 0 0 0 0 0 0 0 0 0 0 0 0 0 0 0 0 0 0 0 0 0 0 0 0 0 0 0 0 0 0 0 0 0 0 0 0 0 0 0 0 0 0 0 0 0 0 0 0 0 0 0 0 0 0 0 0 0 0 0 0 0 0 0 0 0 0 0 0 0 0 0 0 0 0 0 0 0 0 0 0 0 0 0 0 0 0 0 0 0 0 0 0 0 0 0 0 0 0 0 0 0 0 0 0 0 0 0 0 0 0 0 0 0 0 0 0 0 0 0 0 0 0 0 0 0 0 0 0 0 0 0 0 0 0 0 0 0 0 0 0 0 0 0 0 0 0 0 0 0 0 0 0 0 0 0 0 0 0 0 0 0 0 0 0 0 0 0 0 0 0 0 0 0 0 0 0 0 0 0 0 0 0 0 0 0 0 0 0 0 0 0 0 0 0 0 0 0 0 0 0 0 0 0 0 0 0 0 0 0 0 0 0 0 0 0 0 0 0 0 0 0 0 0 0 0 0 0 0 0 0 0 0 0 0 0 0 0 0 0 0 0 0 0 0 0 0 0 0 0 0 0 0 0 0 0 0 0 0 0 0 0 0 0 0 0 0 0 0 0 0 0 0 0 0 0 0 0 0 0 0 0 0 0 0 0 0 0 0 0 0 0 0 0 0 0 0 0 0 0 0 0 0 0 0 0 0 0 0 0 0 0 0 0 0 0 0 0 0 0 0 0 0 0 0 0 0 0 0 0 0 0 0 0 0 0 0 0 0 0 0 0 0 0 0 0 0 0 0 0 0 0 0 0 0 0 0 0 0 0 0 0 0 0 0 0 0 0 0 0 0 0 0 0 0 0 0 0 0 0 0 0 0 0 0 0 0 0 0 0 0 0 0 0 0 0 0 0 0 0 0 0 0 0 0 0 0 0 0 0 0 0 0 0 0 0 0 0 0 0 0 0 0 0 0 0 0 0 0 0 0 0 0 0 0 0 0 0 0 0 0 0 0 0 0 0 0 0 0 0 0 0 0 0 0 0 0 0 0 0 0 0 0 0 0 0 0 0 0 0 0 0 0 0 0 0 0 0 0 0 0 0 0 0 0 0 0 0 0 0 0 0 0 0 0 0 0 0 0 0 0 0 0 0 0 0 0 0 0 0 0 0 0 0 0 0 0 0 0 0 0 0 0 0 0 0 0 0 0 0 0 0 0 0 0 0 0 0 0 0 0 0 0 0 0 0 0 0 0 0 0 0 0 0 0 0 0 0 0 0 0 0 0 0 0 0 0 0 0 0 0 0 0 0 0 0 0 0 0 0 0 0 0 0 0 0 0 0 0 0 0 0 0 0 0 0 0 0 0 0 0 0 0 0 0 0 0 0 0 0 0 0 0 0 0 0 0 0 0 0 0 0 0 0 0 0 0 0 0 0 0 0 0 0 0 0 0 0 0 0 0 0 0 0 0 0 0 0 0 0 0 0 0 0 0 0 0 0 0 0 0 0 0 0 0 0 0 0 0 0 0 0 0 0 0 0 0 0 0 0 0 0 0 0 0 0 0 0 0 0 0 0 0 0 0 0 0 0 0 0 0 0 0 0 0 0 0 0 0 0 0 0 0 0 0 0 0 0 0 0 0 0 0 0 0 0 0 0 0 0 0 0 0 0 0 0 0 0 0 0 0 0 0 0 0 0 0 0 0 0 0 0 0 0 0 0 0 0 0 0 0 0 0 0 0 0 0 0 0 0 0 0 0 0 0 0 0 0 0 0 0 0 0 0 0 0 0 0 0 0 0 0 0 0 0 0 0 0 0 0 0 0 0 0 0 0 0 0 0 0 0 0 0 0 0 0 0 0 0 0 0 0 0 0 0 0 0 0 0 0 0 0 0 0 0 0 0 0 0 0 0 0 0 0 0 0 0 0 0 0 0 0 0 0 0 0 0 0 0 0 0 0 0 0 0 0 0 0 0 0 0 0 0 0 0 0 0 0 0 0 0 0 0 0 0 0 0 0 0 0 0 0 0 0 0 0 0 0 0 0 0 0 0 0 0 0 0 0 0 0 0 0 0 0 0 0 0 0 0 0 0 0 0 0 0 0 0 0 0 0 0 0 0 0 0 0 0 0 0 0 0 0 0 0 0 0 0 0 0 0 0 0 0 0 0 0 0 0 0 0 0 0 0 0 0 0 0 0 0 0 0 0 0 0 0 0 0 0 0 0 0 0 0 0 0 0 0 0 0 0 0 0 0 0 0 0 0 0 0 0 0 0 0 0 0 0 0 0 0 0 0 0 0 0 0 0 0 0 0 0 0 0 0 0 0 0 0 0 0 0 0 0 0 0 0 0 0 0 0 0 0 0 0 0 0 0 0 0 0 0 0 0 0 0 0 0 0 0 0 0 0 0 0 0 0 0 0 0 0 0 0 0 0 0 0 0 0 0 0 0 0 0 0 0 0 0 0 0 0 0 0 0 0 0 0 0 0 0 0 0 0 0 0 0 0 0 0 0 0 0 0 0 0 0 0 0 0 0 0 0 0 0 0 0 0 0 0 0 0 0 0 0 0 0 0 0 0 0 0 0 0 0 0 0 0 0 0 0 0 0 0 0 0 0 0 0 0 0 0 0 0 0 0 0 0 0 0 0 0 0 0 0 0 0 0 0 0 0 0 0 0 0 0 0 0 0 0 0 0 0 0 0 0 0 0 0 0 0 0 0 0 0 0 0 0 0 0 0 0 0 0 0 0 0 0 0 0 0 0 0 0 0 0 0 0 0 0 0 0 0 0 0 0 0 0 0 0 0 0 0 0 0 0 0 0 0 0 0 0 0 0 0 0 0 0 0 0 0 0 0 0 0 0 0 0 0 0 0 0 0 0 0 0 0 0 0 0 0 0 0 0 0 0 0 0 0 0 0 0 0 0 0 0 0 0 0 0 0 0 0 0 0 0 0 0 0 0 0 0 0 0 0 0 0 0 0 0 0 0 0 0 0 0 0 0 0 0 0 0 0 0 0 0 0 0 0 0 0 0 0 0 0 0 0 0 0 0 0 0 0 0 0 0 0 0 0 0 0 0 0 0 0 0 0 0 0 0 0 0 0 0 0 0 0 0 0 0 0 0 0 0 0 0 0 0 0 0 0 0 0 0 0 0 0 0 0 0 0 0 0 0 0 0 0 0 0 0 0 0 0 0 0 0 0 0 0 0 0 0 0 0 0 0 0 0 0 0 0 0 0 0 0 0 0 0 0 0 0 0 0 0 0 0 0 0 0 0 0 0 0 0 0 0 0 0 0 0 0 0 0 0 0 0 0 0 0 0 0 0 0 0 0 0 0 0 0 0 0 0 0 0 0 0 0 0 0 0 0 0 0 0 0 0 0 0 0 0 0 0 0 0 0 0 0 0 0 0 0 0 0 0 0 0 0 0 0 0 0 0 0 0 0 0 0 0 0 0 0 0 0 0 0 0 0 0 0 0 0 0 0 0 0 0 0 0 0 0 0 0 0 0 0 0 0 0 0 0 0 0 0 0 0 0 0 0 0 0 0 0 0 0 0 0 0 0 0 0 0 0 0 0 0 0 0 0 0 0 0 0 0 0 0 0 0 0 0 0 0 0 0 0 0 0 0 0 0 0 0 0 0 0 0 0 0 0 0 0 0 0 0 0 0 0 0 0 0 0 0 0 0 0 0 0 0 0 0 0 0 0 0 0 0 0 0 0 0 0 0 0 0 0 0 0 0 0 0 0 0 0 0 0 0 0 0 0 0 0 0 0 0 0 0 0 0 0 0 0 0 0 0 0 0 0 0 0 0 0 0 0 0 0 0 0 0 0 0 0 0 0 0 0 0 0 0 0 0 0 0 0 0 0 0 0 0 0 0 0 0 0 0 0 0 0 0 0 0 0 0 0 0 0 0 0 0 0 0 0 0 0 0 0 0 0 0 0 0 0 0 0 0 0 0 0 0 0 0 0 0 0 0 0 0 0 0 0 0 0 0 0 0 0 0 0 0 0 0 0 0 0 0 0 0 0 0 0 0 0 0 0 0 0 0 0 0 0 0 0 0 0 0 0 0 0 0 0 0 0 0 0 0 0 0 0 0 0 0 0 0 0 0 0 0 0 0 0 0 0 0 0 0 0 0 0 0 0 0 0 0 0 0 0 0 0 0 0 0 0 0 0 0 0 0 0 0 0 0 0 0 0 0 0 0 0 0 0 0 0 0 0 0 0 0 0 0 0 0 0 0 0 0 0 0 0 0 0 0 0 0 0 0 0 0 0 0 0 0 0 0 0 0 0 0 0 0 0 0 0 0 0 0 0 0 0 0 0 0 0 0 0 0 0 0 0 0 0 0 0 0 0 0 0 0 0 0 0 0 0 0 0 0 0 0 0 0 0 0 0 0 0 0 0 0 0 0 0 0 0 0 0 0 0 0 0 0 0 0 0 0 0 0 0 0 0 0 0 0 0 0 0 0 0 0 0 0 0 0 0 0 0 0 0 0 0 0 0 0 0 0 0
ctxt 11666221
btime 1613064757
processes 268036
procs_running 1
procs_blocked 0
softirq 184094697 1 110002905 2224 2325883 0 0 189 5658342 0 66105153
