cpu  9703169 4 14143 6804203 422 0 1620 0 0 0
cpu0 269407 0 467 188844 1 0 263 0 0 0
cpu1 269470 0 334 189168 1 0 107 0 0 0
cpu2 269649 0 242 189091 0 0 29 0 0 0
cpu3 269626 0 316 189012 4 0 15 0 0 0
cpu4 268574 0 1106 189049 2 0 250 0 0 0
cpu5 269380 0 487 189064 14 0 38 0 0 0
cpu6 269516 0 346 189106 2 0 11 0 0 0
cpu7 269522 0 314 189146 4 0 10 0 0 0
cpu8 269880 0 455 188643 1 0 7 0 0 0
cpu9 269546 0 427 189002 1 0 14 0 0 0
cpu10 269416 0 390 189165 4 0 11 0 0 0
cpu11 269524 0 316 189136 2 0 15 0 0 0
cpu12 269394 0 424 189148 4 0 13 0 0 0
cpu13 269671 0 435 188817 49 0 17 0 0 0
cpu14 269013 0 765 189162 4 0 35 0 0 0
cpu15 269230 0 572 189153 5 0 34 0 0 0
cpu16 269262 0 523 189141 1 0 56 0 0 0
cpu17 269633 0 267 189064 5 0 9 0 0 0
cpu18 269690 0 189 189097 4 0 3 0 0 0
cpu19 269505 0 338 189113 1 0 26 0 0 0
cpu20 269752 0 149 189073 3 0 5 0 0 0
cpu21 269694 0 170 189113 9 0 0 0 0 0
cpu22 269564 0 231 189174 12 0 11 0 0 0
cpu23 269608 0 213 189155 2 0 2 0 0 0
cpu24 268554 0 888 189052 12 0 462 0 0 0
cpu25 269633 0 190 189159 3 0 4 0 0 0
cpu26 269527 0 314 189123 7 0 6 0 0 0
cpu27 270006 0 283 188693 0 0 9 0 0 0
cpu28 270844 0 478 187548 81 0 4 0 0 0
cpu29 269622 0 224 189096 33 0 9 0 0 0
cpu30 270085 0 343 188470 54 0 4 0 0 0
cpu31 269552 3 347 189030 40 0 8 0 0 0
cpu32 269321 0 615 189005 6 0 41 0 0 0
cpu33 269306 0 554 189040 12 0 66 0 0 0
cpu34 269560 0 230 189163 15 0 9 0 0 0
cpu35 269618 0 188 189170 1 0 2 0 0 0
intr 27083145 56 0 0 0 610 0 0 0 1 0 275 0 0 0 0 0 0 0 0 0 0 0 0 0 0 0 0 0 0 0 0 0 94 441 194 18 198 842 609 131 189 61 87 285 138 255 1472 453 279 249 339 191 148 151 1241 3734 0 0 0 0 203 1394 268 365 35 10039 3471 3978 1767 545 724 219 131 0 16 9776 1 0 12531 1581 162 532 974 176 163 441 923 2787 928 868 2566 384 4222 1427 2801 341 887 2200 5317 259 2783 723 92151 52 607 956 470 2443 443 325 4923 2294 786 419 0 16 7727 1 0 0 0 0 0 0 0 0 0 0 0 0 0 0 0 0 0 0 0 0 0 0 0 0 0 0 0 0 0 0 0 0 0 0 0 0 0 24 0 0 0 0 0 0 0 0 0 0 0 0 0 0 0 0 0 0 0 0 0 0 0 0 0 0 0 0 0 0 0 0 0 0 0 0 0 0 0 0 0 0 0 0 0 0 0 0 0 0 0 0 0 0 0 0 0 0 0 0 0 0 0 0 0 0 0 0 0 0 0 0 0 0 0 0 0 0 0 0 0 0 0 0 0 0 0 0 0 0 0 0 0 0 0 0 0 0 0 0 0 0 0 0 0 0 0 0 0 0 0 0 0 0 0 0 0 0 0 0 0 0 0 0 0 0 0 0 0 0 0 0 0 0 0 0 0 0 0 0 0 0 0 0 0 0 0 0 0 0 0 0 0 0 0 0 0 0 0 0 0 0 0 0 0 0 0 0 0 0 0 0 0 0 0 0 0 0 0 0 0 0 0 0 0 0 0 0 0 0 0 0 0 0 0 0 0 0 0 0 0 0 0 0 0 0 0 0 0 0 0 0 0 0 0 0 0 0 0 0 0 0 0 0 0 0 0 0 0 0 0 0 0 0 0 0 0 0 0 0 0 0 0 0 0 0 0 0 0 0 0 0 0 0 0 0 0 0 0 0 0 0 0 0 0 0 0 0 0 0 0 0 0 0 0 0 0 0 0 0 0 0 0 0 0 0 0 0 0 0 0 0 0 0 0 0 0 0 0 0 0 0 0 0 0 0 0 0 0 0 0 0 0 0 0 0 0 0 0 0 0 0 0 0 0 0 0 0 0 0 0 0 0 0 0 0 0 0 0 0 0 0 0 0 0 0 0 0 0 0 0 0 0 0 0 0 0 0 0 0 0 0 0 0 0 0 0 0 0 0 0 0 0 0 0 0 0 0 0 0 0 0 0 0 0 0 0 0 0 0 0 0 0 0 0 0 0 0 0 0 0 0 0 0 0 0 0 0 0 0 0 0 0 0 0 0 0 0 0 0 0 0 0 0 0 0 0 0 0 0 0 0 0 0 0 0 0 0 0 0 0 0 0 0 0 0 0 0 0 0 0 0 0 0 0 0 0 0 0 0 0 0 0 0 0 0 0 0 0 0 0 0 0 0 0 0 0 0 0 0 0 0 0 0 0 0 0 0 0 0 0 0 0 0 0 0 0 0 0 0 0 0 0 0 0 0 0 0 0 0 0 0 0 0 0 0 0 0 0 0 0 0 0 0 0 0 0 0 0 0 0 0 0 0 0 0 0 0 0 0 0 0 0 0 0 0 0 0 0 0 0 0 0 0 0 0 0 0 0 0 0 0 0 0 0 0 0 0 0 0 0 0 0 0 0 0 0 0 0 0 0 0 0 0 0 0 0 0 0 0 0 0 0 0 0 0 0 0 0 0 0 0 0 0 0 0 0 0 0 0 0 0 0 0 0 0 0 0 0 0 0 0 0 0 0 0 0 0 0 0 0 0 0 0 0 0 0 0 0 0 0 0 0 0 0 0 0 0 0 0 0 0 0 0 0 0 0 0 0 0 0 0 0 0 0 0 0 0 0 0 0 0 0 0 0 0 0 0 0 0 0 0 0 0 0 0 0 0 0 0 0 0 0 0 0 0 0 0 0 0 0 0 0 0 0 0 0 0 0 0 0 0 0 0 0 0 0 0 0 0 0 0 0 0 0 0 0 0 0 0 0 0 0 0 0 0 0 0 0 0 0 0 0 0 0 0 0 0 0 0 0 0 0 0 0 0 0 0 0 0 0 0 0 0 0 0 0 0 0 0 0 0 0 0 0 0 0 0 0 0 0 0 0 0 0 0 0 0 0 0 0 0 0 0 0 0 0 0 0 0 0 0 0 0 0 0 0 0 0 0 0 0 0 0 0 0 0 0 0 0 0 0 0 0 0 0 0 0 0 0 0 0 0 0 0 0 0 0 0 0 0 0 0 0 0 0 0 0 0 0 0 0 0 0 0 0 0 0 0 0 0 0 0 0 0 0 0 0 0 0 0 0 0 0 0 0 0 0 0 0 0 0 0 0 0 0 0 0 0 0 0 0 0 0 0 0 0 0 0 0 0 0 0 0 0 0 0 0 0 0 0 0 0 0 0 0 0 0 0 0 0 0 0 0 0 0 0 0 0 0 0 0 0 0 0 0 0 0 0 0 0 0 0 0 0 0 0 0 0 0 0 0 0 0 0 0 0 0 0 0 0 0 0 0 0 0 0 0 0 0 0 0 0 0 0 0 0 0 0 0 0 0 0 0 0 0 0 0 0 0 0 0 0 0 0 0 0 0 0 0 0 0 0 0 0 0 0 0 0 0 0 0 0 0 0 0 0 0 0 0 0 0 0 0 0 0 0 0 0 0 0 0 0 0 0 0 0 0 0 0 0 0 0 0 0 0 0 0 0 0 0 0 0 0 0 0 0 0 0 0 0 0 0 0 0 0 0 0 0 0 0 0 0 0 0 0 0 0 0 0 0 0 0 0 0 0 0 0 0 0 0 0 0 0 0 0 0 0 0 0
ctxt 7668955
btime 1613124388
processes 191365
procs_running 1
procs_blocked 0
softirq 35336016 1 20260175 401 1434882 0 0 149981 990837 0 12499739
