cpu  514 5 8786 24076819 94 0 36 0 0 0
cpu0 2 0 350 187466 0 0 17 0 0 0
cpu1 6 0 57 188118 0 0 2 0 0 0
cpu2 2 0 76 188111 16 0 0 0 0 0
cpu3 2 0 67 188134 0 0 0 0 0 0
cpu4 4 0 61 188132 0 0 0 0 0 0
cpu5 6 0 68 188129 0 0 0 0 0 0
cpu6 2 0 69 188132 0 0 0 0 0 0
cpu7 7 0 63 188123 0 0 0 0 0 0
cpu8 6 0 74 188115 0 0 0 0 0 0
cpu9 1 0 64 188130 0 0 0 0 0 0
cpu10 4 0 62 188132 0 0 0 0 0 0
cpu11 1 0 68 188120 0 0 0 0 0 0
cpu12 7 0 73 188118 0 0 0 0 0 0
cpu13 1 0 66 188127 0 0 0 0 0 0
cpu14 0 0 65 188134 0 0 0 0 0 0
cpu15 8 0 73 188127 0 0 0 0 0 0
cpu16 4 0 74 188116 1 0 0 0 0 0
cpu17 1 0 58 188133 1 0 0 0 0 0
cpu18 2 0 66 188130 0 0 0 0 0 0
cpu19 0 0 60 188130 0 0 0 0 0 0
cpu20 5 0 108 188075 0 0 0 0 0 0
cpu21 1 0 64 188078 1 0 11 0 0 0
cpu22 1 0 58 188137 0 0 0 0 0 0
cpu23 1 0 62 188128 0 0 0 0 0 0
cpu24 24 0 183 187907 0 0 0 0 0 0
cpu25 3 0 60 188129 0 0 0 0 0 0
cpu26 13 0 72 188108 0 0 0 0 0 0
cpu27 2 0 50 188136 0 0 0 0 0 0
cpu28 4 1 74 188111 0 0 0 0 0 0
cpu29 1 0 64 188123 0 0 0 0 0 0
cpu30 0 0 61 188134 0 0 0 0 0 0
cpu31 3 0 63 188124 0 0 0 0 0 0
cpu32 3 0 64 188120 1 0 0 0 0 0
cpu33 2 0 61 188126 0 0 0 0 0 0
cpu34 2 0 64 188120 0 0 0 0 0 0
cpu35 1 0 66 188119 0 0 2 0 0 0
cpu36 2 0 119 188066 0 0 0 0 0 0
cpu37 7 0 66 188115 0 0 0 0 0 0
cpu38 0 0 60 188130 0 0 0 0 0 0
cpu39 0 0 64 188126 0 0 0 0 0 0
cpu40 3 0 79 188096 1 0 0 0 0 0
cpu41 8 0 74 188103 0 0 0 0 0 0
cpu42 3 0 61 188120 0 0 0 0 0 0
cpu43 0 0 63 188121 0 0 0 0 0 0
cpu44 4 0 78 188095 1 0 0 0 0 0
cpu45 2 0 54 188129 0 0 0 0 0 0
cpu46 3 0 64 188117 0 0 0 0 0 0
cpu47 1 0 60 188123 1 0 0 0 0 0
cpu48 4 0 52 188129 0 0 0 0 0 0
cpu49 2 0 58 188120 1 0 0 0 0 0
cpu50 2 0 50 188133 0 0 0 0 0 0
cpu51 2 0 55 188122 0 0 0 0 0 0
cpu52 10 0 64 188105 0 0 0 0 0 0
cpu53 20 0 56 188088 8 0 0 0 0 0
cpu54 4 0 50 188125 0 0 0 0 0 0
cpu55 0 0 60 188123 0 0 0 0 0 0
cpu56 1 0 67 188115 0 0 0 0 0 0
cpu57 5 0 67 188111 0 0 0 0 0 0
cpu58 3 0 66 188114 0 0 0 0 0 0
cpu59 1 0 71 188112 0 0 0 0 0 0
cpu60 6 0 62 188107 0 0 0 0 0 0
cpu61 6 0 68 188107 0 0 0 0 0 0
cpu62 2 0 62 188113 0 0 0 0 0 0
cpu63 1 0 62 188115 0 0 0 0 0 0
cpu64 5 0 68 188109 0 0 0 0 0 0
cpu65 25 0 54 188091 0 0 0 0 0 0
cpu66 1 0 54 188123 1 0 0 0 0 0
cpu67 1 0 49 188121 2 0 0 0 0 0
cpu68 4 2 68 188097 4 0 0 0 0 0
cpu69 2 0 62 188110 0 0 0 0 0 0
cpu70 2 0 58 188117 0 0 0 0 0 0
cpu71 7 0 79 188089 1 0 0 0 0 0
cpu72 6 0 66 188105 0 0 0 0 0 0
cpu73 3 0 57 188115 1 0 0 0 0 0
cpu74 7 0 66 188103 0 0 0 0 0 0
cpu75 2 0 66 188099 3 0 0 0 0 0
cpu76 6 0 68 188101 0 0 0 0 0 0
cpu77 5 0 68 188104 0 0 0 0 0 0
cpu78 2 0 61 188111 0 0 0 0 0 0
cpu79 2 0 59 188111 1 0 0 0 0 0
cpu80 3 0 63 188106 1 0 0 0 0 0
cpu81 13 0 70 188097 0 0 0 0 0 0
cpu82 2 0 64 188107 0 0 0 0 0 0
cpu83 1 0 50 188118 0 0 0 0 0 0
cpu84 2 0 63 188100 0 0 0 0 0 0
cpu85 0 0 64 188102 0 0 0 0 0 0
cpu86 1 0 59 188108 0 0 0 0 0 0
cpu87 1 0 62 188108 0 0 0 0 0 0
cpu88 4 0 66 188095 0 0 0 0 0 0
cpu89 4 0 63 188100 0 0 0 0 0 0
cpu90 0 0 64 188104 0 0 0 0 0 0
cpu91 0 0 62 188102 0 0 1 0 0 0
cpu92 2 0 68 188098 0 0 0 0 0 0
cpu93 0 0 60 188096 1 0 0 0 0 0
cpu94 0 0 63 188102 0 0 0 0 0 0
cpu95 5 0 66 188087 3 0 0 0 0 0
cpu96 0 0 67 188094 0 0 0 0 0 0
cpu97 1 0 65 188093 0 0 0 0 0 0
cpu98 2 0 65 188099 0 0 0 0 0 0
cpu99 2 0 54 188106 0 0 0 0 0 0
cpu100 3 0 75 188083 0 0 0 0 0 0
cpu101 2 0 62 188102 0 0 0 0 0 0
cpu102 4 0 69 188091 1 0 0 0 0 0
cpu103 4 0 65 188090 0 0 0 0 0 0
cpu104 2 0 103 188048 0 0 0 0 0 0
cpu105 2 0 64 188092 0 0 0 0 0 0
cpu106 3 0 64 188093 0 0 0 0 0 0
cpu107 0 0 64 188093 0 0 0 0 0 0
cpu108 2 0 66 188094 1 0 0 0 0 0
cpu109 2 0 61 188091 0 0 0 0 0 0
cpu110 7 0 71 188079 0 0 0 0 0 0
cpu111 1 0 50 188109 0 0 0 0 0 0
cpu112 8 0 70 188083 0 0 0 0 0 0
cpu113 2 0 73 188044 1 0 0 0 0 0
cpu114 2 0 56 188099 0 0 0 0 0 0
cpu115 1 0 58 188096 0 0 0 0 0 0
cpu116 5 0 70 188082 0 0 0 0 0 0
cpu117 1 0 67 188078 0 0 0 0 0 0
cpu118 2 0 62 188093 0 0 0 0 0 0
cpu119 2 0 52 188099 0 0 0 0 0 0
cpu120 2 0 65 188090 0 0 0 0 0 0
cpu121 4 0 64 188084 0 0 0 0 0 0
cpu122 33 0 62 188055 0 0 0 0 0 0
cpu123 0 0 61 188090 0 0 0 0 0 0
cpu124 3 0 65 188085 1 0 0 0 0 0
cpu125 6 0 90 188022 0 0 0 0 0 0
cpu126 7 0 87 188056 0 0 0 0 0 0
cpu127 2 0 58 188095 0 0 0 0 0 0
intr 1058365 133 0 0 0 680 0 0 0 1 0 272 0 0 0 0 0 0 0 0 0 0 0 0 0 0 0 0 0 0 0 0 0 0 0 0 260 0 33 101 7 0 0 0 1 147 5 0 0 0 0 0 0 0 2 0 4 0 0 25566 0 0 1 0 0 0 0 43 0 0 0 1 3 0 1 3 0 0 58 15 31 1 172 0 0 0 7 197 0 0 0 0 64 0 0 0 0 0 0 0 0 0 89 0 0 0 0 0 0 0 0 0 0 0 0 0 0 0 0 0 0 0 0 0 0 0 5 0 0 0 0 0 0 0 0 0 0 0 0 1 0 0 0 0 0 0 0 14 0 0 0 0 0 0 0 0 0 0 0 0 0 0 0 0 0 0 0 153 486 29 39 86 342 33 13 20 4 103 11 6 45 7 75 114 2 5 31 11 24 23 72 133 134 82 7 14 2 23 183 4 34 0 0 0 0 0 0 0 0 0 0 0 0 0 0 0 0 21 7 3 177 18 0 0 2 3 4 11 3 0 4 48 51 10 29 9 13 53 20 14 3 6 9 5 1 14 8 4 67 4 10 4 4 2 14 43 695 113 40 43 3 15 65 6 0 4 22 1 9 8 0 5 2 11 1 2 3 4 8 161 0 0 0 0 0 0 0 0 0 0 0 0 0 0 0 0 0 0 0 0 0 0 0 0 0 0 0 0 0 0 0 0 0 0 0 0 0 0 0 0 0 0 0 0 0 0 0 0 0 0 0 0 0 0 0 0 0 0 0 0 0 0 0 0 0 0 0 0 0 0 0 0 0 0 0 0 0 0 0 0 0 0 0 0 0 0 0 0 0 0 0 0 0 0 0 0 0 0 0 0 0 0 0 0 0 0 0 0 0 0 0 0 0 0 0 0 0 0 0 0 0 0 0 0 0 0 0 0 0 0 0 0 0 0 0 0 0 0 0 0 0 0 0 0 0 0 0 0 0 0 0 0 0 0 0 0 0 0 0 0 0 0 0 0 0 0 0 0 0 0 0 0 0 0 0 0 0 0 0 0 0 0 0 0 0 0 0 0 0 0 0 0 0 0 0 0 0 0 0 0 0 0 0 0 0 0 0 0 0 0 0 0 0 0 0 0 0 0 0 0 0 0 0 0 0 0 0 0 0 0 0 0 0 0 0 0 0 0 0 0 0 0 0 0 0 0 0 0 0 0 0 0 0 0 0 0 0 0 0 0 0 0 0 0 0 0 0 0 0 0 0 0 0 0 0 0 0 0 0 0 0 0 0 0 0 0 0 0 0 0 0 0 0 0 0 0 0 0 0 0 0 0 0 0 0 0 0 0 0 0 0 0 0 0 0 0 0 0 0 0 0 0 0 0 0 0 0 0 0 0 0 0 0 0 0 0 0 0 0 0 0 0 0 0 0 0 0 0 0 0 0 0 0 0 0 0 0 0 0 0 0 0 0 0 0 0 0 0 0 0 0 0 0 0 0 0 0 0 0 0 0 0 0 0 0 0 0 0 0 0 0 0 0 0 0 0 0 0 0 0 0 0 0 0 0 0 0 0 0 0 0 0 0 0 0 0 0 0 0 0 0 0 0 0 0 0 0 0 0 0 0 0 0 0 0 0 0 0 0 0 0 48 0 0 0 0 0 0 0 3 0 0 0 0 0 0 0 0 0 0 0 0 0 0 0 0 0 0 0 0 0 0 0 0 0 0 0 0 0 0 0 0 0 0 0 0 0 0 0 0 0 0 0 0 0 0 0 0 0 0 0 0 0 0 0 0 0 0 48 0 0 0 0 0 0 0 0 23 0 0 0 0 0 0 0 0 0 0 0 0 0 0 0 0 0 0 0 0 0 0 0 0 0 0 0 0 0 0 0 0 0 0 0 0 0 0 0 0 0 0 0 0 0 0 0 0 0 0 0 0 0 0 0 0 0 0 0 0 0 0 0 0 0 0 0 0 0 0 0 0 0 0 0 0 0 0 0 0 0 0 0 0 0 0 0 0 0 0 0 0 0 0 0 0 0 0 0 0 0 0 0 0 0 0 0 0 0 0 0 0 0 0 0 0 0 0 0 0 0 0 0 0 0 0 0 0 0 0 0 0 0 0 0 0 0 0 0 0 0 0 0 0 0 0 0 0 0 0 0 0 0 0 0 0 0 0 0 0 0 0 0 0 0 0 0 0 0 0 0 0 0 0 0 0 0 0 0 0 0 0 0 0 0 0 0 0 0 0 0 0 0 0 0 0 0 0 0 0 0 0 0 0 0 0 0 0 0 0 0 0 0 0 0 0 0 0 0 0 0 0 0 0 0 0 0 0 0 0 0 0 0 0 0 0 0 0 0 0 0 0 0 0 0 0 0 0 0 0 0 0 0 0 0 0 0 0 0 0 0 0 0 0 0 0 0 0 0 0 0 0 0 0 0 0 0 0 0 0 0 0 0 0 0 0 0 0 0 0 0 0 0 0 0 0 0 0 0 0 0 0 0 0 0 0 0 0 0 0 0 0 0 0 0 0 0 0 0 0 0 0 0 0 0 0 0 0 0 0 0 0 0 0 0 0 0 0 0 0 0 0 0 0 0 0 0 0 0 0 0 0 0 0 0 0 0 0 0 0 0 0 0 0 0 0 0 0 0 0 0 0 0 0 0 0 0 0 0 0 0 0 0 0 0 0 0 0 0 0 0 0 0 0 0 0 0 0 0 0 0 0 0 0 0 0 0 0 0 0 0 0 0 0 0 0 0 0 0 0 0 0 0 0 0 0 0 0 0 0 0 0 0 0 0 0 0 0 0 0 0 0 0 0 0 0 0 0 0 0 0 0 0 0 0 0 0 0 0 0 0 0 0 0 0 0 0 0 0 0 0 0 0 0 0 0 0 0 0 0 0 0 0 0 0 0 0 0 0 0 0 0 0 0 0 0 0 0 0 0 0 0 0 0 0 0 0 0 0 0 0 0 0 0 0 0 0 0 0 0 0 0 0 0 0 0 0 0 0 0 0 0 0 0 0 0 0 0 0 0 0 0 0 0 0 0 0 0 0 0 0 0 0 0 0 0 0 0 0 0 0 0 0 0 0 0 0 0 0 0 0 0 0 0 0 0 0 0 0 0 0 0 0 0 0 0 0 0 0 0 0 0 0 0 0 0 0 0 0 0 0 0 0 0 0 0 0 0 0 0 0 0 0 0 0 0 0 0 0 0 0 0 0 0 0 0 0 0 0 0 0 0 0 0 0 0 0 0 0 0 0 0 0 0 0 0 0 0 0 0 0 0 0 0 0 0 0 0 0 0 0 0 0 0 0 0 0 0 0 0 0 0 0 0 0 0 0 0 0 0 0 0 0 0 0 0 0 0 0 0 0 0 0 0 0 0 0 0 0 0 0 0 0 0 0 0 0 0 0 0 0 0 0 0 0 0 0 0 0 0 0 0 0 0 0 0 0 0 0 0 0 0 0 0 0 0 0 0 0 0 0 0 0 0 0 0 0 0 0 0 0 0 0 0 0 0 0 0 0 0 0 0 0 0 0 0 0 0 0 0 0 0 0 0 0 0 0 0 0 0 0 0 0 0 0 0 0 0 0 0 0 0 0 0 0 0 0 0 0 0 0 0 0 0 0 0 0 0 0 0 0 0 0 0 0 0 0 0 0 0 0 0 0 0 0 0 0 0 0 0 0 0 0 0 0 0 0 0 0 0 0 0 0 0 0 0 0 0 0 0 0 0 0 0 0 0 0 0 0 0 0 0 0 0 0 0 0 0 0 0 0 0 0 0 0 0 0 0 0 0 0 0 0 0 0 0 0 0 0 0 0 0 0 0 0 0 0 0 0 0 0 0 0 0 0 0 0 0 0 0 0 0 0 0 0 0 0 0 0 0 0 0 0 0 0 0 0 0 0 0 0 0 0 0 0 0 0 0 0 0 0 0 0 0 0 0 0 0 0 0 0 0 0 0 0 0 0 0 0 0 0 0 0 0 0 0 0 0 0 0 0 0 0 0 0 0 0 0 0 0 0 0 0 0 0 0 0 0 0 0 0 0 0 0 0 0 0 0 0 0 0 0 0 0 0 0 0 0 0 0 0 0 0 0 0 0 0 0 0 0 0 0 0 0 0 0 0 0 0 0 0 0 0 0 0 0 0 0 0 0 0 0 0 0 0 0 0 0 0 0 0 0 0 0 0 0 0 0 0 0 0 0 0 0 0 0 0 0 0 0 0 0 0 0 0 0 0 0 0 0 0 0 0 0 0 0 0 0 0 0 0 0 0 0 0 0 0 0 0 0 0 0 0 0 0 0 0 0 0 0 0 0 0 0 0 0 0 0 0 0 0 0 0 0 0 0 0 0 0 0 0 0 0 0 0 0 0 0 0 0 0 0 0 0 0 0 0 0 0 0 0 0 0 0 0 0 0 0 0 0 0 0 0 0 0 0 0 0 0 0 0 0 0 0 0 0 0 0 0 0 0 0 0 0 0 0 0 0 0 0 0 0 0 0 0 0 0 0 0 0 0 0 0 0 0 0 0 0 0 0 0 0 0 0 0 0 0 0 0 0 0 0 0 0 0 0 0 0 0 0 0 0 0 0 0 0 0 0 0 0 0 0 0 0 0 0 0 0 0 0 0 0 0 0 0 0 0 0 0 0 0 0 0 0 0 0 0 0 0 0 0 0 0 0 0 0 0 0 0 0 0 0 0 0 0 0 0 0 0 0 0 0 0 0 0 0 0 0 0 0 0 0 0 0 0 0 0 0 0 0 0 0 0 0 0 0 0 0 0 0 0 0 0 0 0 0 0 0 0 0 0 0 0 0 0 0 0 0 0 0 0 0 0 0 0 0 0 0 0 0 0 0 0 0 0 0 0 0 0 0 0 0 0 0 0 0 0 0 0 0 0 0 0 0 0 0 0 0 0 0 0 0 0 0 0 0 0 0 0 0 0 0 0 0 0 0 0 0 0 0 0 0 0 0 0 0 0 0 0 0 0 0 0 0 0 0 0 0 0 0 0 0 0 0 0 0 0 0 0 0 0 0 0 0 0 0 0 0 0 0 0 0 0 0 0 0 0 0 0 0 0 0 0 0 0 0 0 0 0 0 0 0 0 0 0 0 0 0 0 0 0 0 0 0 0 0 0 0 0 0 0 0 0 0 0 0 0 0 0 0 0 0 0 0 0 0 0 0 0 0 0 0 0 0 0 0 0 0 0 0 0 0 0 0 0 0 0 0 0 0 0 0 0 0 0 0 0 0 0 0 0 0 0 0 0 0 0 0 0 0 0 0 0 0 0 0 0 0 0 0 0 0 0 0 0 0 0 0 0 0 0 0 0 0 0 0 0 0 0 0 0 0 0 0 0 0 0 0 0 0 0 0 0 0 0 0 0 0 0 0 0 0 0 0 0 0 0 0 0 0 0 0 0 0 0 0 0 0 0 0 0 0 0 0 0 0 0 0 0 0 0 0 0 0 0 0 0 0 0 0 0 0 0 0 0 0 0 0 0 0 0 0 0 0 0 0 0 0 0 0 0 0 0 0 0 0 0 0 0 0 0 0 0 0 0 0 0 0 0 0 0 0 0 0 0 0 0 0 0 0 0 0 0 0 0 0 0 0 0 0 0 0 0 0 0 0 0 0 0 0 0 0 0 0 0 0 0 0 0 0 0 0 0 0 0 0 0 0 0 0 0 0 0 0 0 0 0 0 0 0 0 0 0 0 0 0 0 0 0 0 0 0 0 0 0 0 0 0 0 0 0 0 0 0 0 0 0 0 0 0 0 0 0 0 0 0 0 0 0 0 0 0 0 0 0 0 0 0 0 0 0 0 0 0 0 0 0 0 0 0 0 0 0 0 0 0 0 0 0 0 0 0 0 0 0 0 0 0 0 0 0 0 0 0 0 0 0 0 0 0 0 0 0 0 0 0 0 0 0 0 0 0 0 0 0 0 0 0 0 0 0 0 0 0 0 0 0 0 0 0 0 0 0 0 0 0 0 0 0 0 0 0 0 0 0 0 0 0 0 0 0 0 0 0 0 0 0 0 0 0 0 0 0 0 0 0 0 0 0 0 0 0 0 0 0 0 0 0 0 0 0 0 0 0 0 0 0 0 0 0 0 0 0 0 0 0 0 0 0 0 0 0 0 0 0 0 0 0 0 0 0 0 0 0 0 0 0 0 0 0 0 0 0 0 0 0 0 0 0 0 0 0 0 0 0 0 0 0 0 0 0 0 0 0 0 0 0 0 0 0 0 0 0 0 0 0 0 0 0 0 0 0 0 0 0 0 0 0 0 0 0 0 0 0 0 0 0 0 0 0 0 0 0 0 0 0 0 0 0 0 0 0 0 0 0 0 0 0 0 0 0 0 0 0 0 0 0 0 0 0 0 0 0 0 0 0 0 0 0 0 0 0 0 0 0 0 0 0 0 0 0 0 0 0 0 0 0 0 0 0 0 0 0 0 0 0 0 0 0 0 0 0 0 0 0 0 0 0 0 0 0 0 0 0 0 0 0 0 0 0 0 0 0 0 0 0 0 0 0 0 0 0 0 0 0 0 0 0 0 0 0 0 0 0 0 0 0 0 0 0 0 0 0 0 0 0 0 0 0 0 0 0 0 0 0 0 0 0 0 0 0 0 0 0 0 0 0 0 0 0 0 0 0 0 0 0 0 0 0 0 0 0 0 0 0 0 0 0 0 0 0 0 0 0 0 0 0 0 0 0 0 0 0 0 0 0 0 0 0 0 0 0 0 0 0 0 0 0 0 0 0 0 0 0 0 0 0 0 0 0 0 0 0 0 0 0 0 0 0 0 0 0 0 0 0 0 0 0 0 0 0 0 0 0 0 0 0 0 0 0 0 0 0 0 0 0 0 0 0 0 0 0 0 0 0 0 0 0 0 0 0 0 0 0 0 0 0 0 0 0 0 0 0 0 0 0 0 0 0 0 0 0 0 0 0 0 0 0 0 0 0 0 0 0 0 0 0 0 0 0 0 0 0 0 0 0 0 0 0 0 0 0 0 0 0 0 0 0 0 0 0 0 0 0 0 0 0 0 0 0 0 0 0 0 0 0 0 0 0 0 0 0 0 0 0 0 0 0 0 0 0 0 0 0 0 0 0 0 0 0 0 0 0 0 0 0 0 0 0 0 0 0 0 0 0 0 0 0 0 0 0 0 0 0 0 0 0 0 0 0 0 0 0 0 0 0 0 0 0 0 0 0 0 0 0 0 0 0 0 0 0 0 0 0 0 0 0 0 0 0 0 0 0 0 0 0 0 0 0 0 0 0 0 0 0 0 0 0 0 0 0 0 0 0 0 0 0 0 0 0 0 0 0 0 0 0 0 0 0 0 0 0 0 0 0 0 0 0 0 0 0 0 0 0 0 0 0 0 0 0 0 0 0 0 0 0 0 0 0 0 0 0 0 0 0 0 0 0 0 0 0 0 0 0 0 0 0 0 0 0 0 0 0 0 0 0 0 0 0 0 0 0 0 0 0 0 0 0 0 0 0 0 0 0 0 0 0 0 0 0 0 0 0 0 0 0 0 0 0 0 0 0 0 0 0 0 0 0 0 0 0 0 0 0 0 0 0 0 0 0 0 0 0 0 0 0 0 0 0 0 0 0 0 0 0 0 0 0 0 0 0 0 0 0 0 0 0 0 0 0 0 0 0 0 0 0 0 0 0 0 0 0 0 0 0 0 0 0 0 0 0 0 0 0 0 0 0 0 0 0 0 0 0 0 0 0 0 0 0 0 0 0 0 0 0 0 0 0 0 0 0 0 0 0 0 0 0 0 0 0 0 0 0 0 0 0 0 0 0 0 0 0 0 0 0 0 0 0 0 0 0 0 0 0 0 0 0 0 0 0 0 0 0 0 0 0 0 0 0 0 0 0 0 0 0 0 0 0 0 0 0 0 0 0 0 0 0 0 0 0 0 0 0 0 0 0 0 0 0 0 0 0 0 0 0 0 0 0 0 0 0 0 0 0 0 0 0 0 0 0 0 0 0 0 0 0 0 0 0 0 0 0 0 0 0 0 0 0 0 0 0 0 0 0 0 0 0 0 0 0 0 0 0 0 0 0 0 0 0 0 0 0 0 0 0 0 0 0 0 0 0 0 0 0 0 0 0 0 0 0 0 0 0 0 0 0 0 0 0 0 0 0 0 0 0 0 0 0 0 0 0 0 0 0 0 0 0 0 0 0 0 0 0 0 0 0 0 0 0 0 0 0 0 0 0 0 0 0 0 0 0 0 0 0 0 0 0 0 0 0 0 0 0 0 0 0 0 0 0 0 0 0 0 0 0 0 0 0 0 0 0 0 0 0 0 0 0 0 0 0 0 0 0 0 0 0 0 0 0 0 0 0 0 0 0 0 0 0 0 0 0 0 0 0 0 0 0 0 0 0 0 0 0 0 0 0 0 0 0 0 0 0 0 0 0 0 0 0 0 0 0 0 0 0 0 0 0 0 0 0 0 0 0 0 0 0 0 0 0 0 0 0 0 0 0 0 0 0 0 0 0 0 0 0 0 0 0 0 0 0 0 0 0 0 0 0 0 0 0 0 0 0 0 0 0 0 0 0 0 0 0 0 0 0 0 0 0 0 0 0 0 0 0 0 0 0 0 0 0 0 0 0 0 0 0 0 0 0 0 0 0 0 0 0 0 0 0 0 0 0 0 0 0 0 0 0 0 0 0 0 0 0 0 0 0 0 0 0 0 0 0 0 0 0 0 0 0 0 0 0 0 0 0 0 0 0 0 0 0 0 0 0 0 0 0 0 0 0 0 0 0 0 0 0 0 0 0 0 0 0 0 0 0 0 0 0 0 0 0 0 0 0 0 0 0 0 0 0 0 0 0 0 0 0 0 0 0 0 0 0 0 0 0 0 0 0 0 0 0 0 0 0 0 0 0 0 0 0 0 0 0 0 0 0 0 0 0 0 0 0 0 0 0 0 0 0 0 0 0 0 0 0 0 0 0 0 0 0 0 0 0 0 0 0 0 0 0 0 0 0 0 0 0 0 0 0 0 0 0 0 0 0 0 0 0 0 0 0 0 0 0 0 0 0 0 0 0 0 0 0 0 0 0 0 0 0 0 0 0 0 0 0 0 0 0 0 0 0 0 0 0 0 0 0 0 0 0 0 0 0 0 0 0 0 0 0 0 0 0 0 0 0 0 0 0 0 0 0 0 0 0 0 0 0 0 0 0 0 0 0 0 0 0 0 0 0 0 0 0 0 0 0 0 0 0 0 0 0 0 0 0 0 0 0 0 0 0 0 0 0 0 0 0 0 0 0 0 0 0 0 0 0 0 0 0 0 0 0 0 0 0 0 0 0 0 0 0 0 0 0 0 0 0 0 0 0 0 0 0 0 0 0 0 0 0 0 0 0 0 0 0 0 0 0 0 0 0 0 0 0 0 0 0 0 0 0 0 0 0 0 0 0 0 0 0 0 0 0 0 0 0 0 0 0 0 0 0 0 0 0 0 0 0 0 0 0 0 0 0 0 0 0 0 0 0 0 0 0 0 0 0 0 0 0 0 0 0 0 0 0 0 0 0 0 0 0 0 0 0 0 0 0 0 0 0 0 0 0 0 0 0 0 0 0 0 0 0 0 0 0 0 0 0 0 0 0 0 0 0 0 0 0 0 0 0 0 0 0 0 0 0 0 0 0 0 0 0 0 0 0 0 0 0 0 0 0 0 0 0 0 0 0 0 0 0 0 0 0 0 0 0 0 0 0 0 0 0 0 0 0 0 0 0 0 0 0 0 0 0 0 0 0 0 0 0 0 0 0 0 0 0 0 0 0 0 0 0 0 0 0 0 0 0 0 0 0 0 0 0 0 0 0 0 0 0 0 0 0 0 0 0 0 0 0 0 0 0 0 0 0 0 0 0 0 0 0 0 0 0 0 0 0 0 0 0 0 0 0 0 0 0 0 0 0 0 0 0 0 0 0 0 0 0 0 0 0 0 0 0 0 0 0 0 0 0 0 0 0 0 0 0 0 0
ctxt 384153
btime 1613064757
processes 2172
procs_running 1
procs_blocked 0
softirq 601787 1 220021 378 26573 0 0 148 217271 0 137395
