cpu  23336319 5 34578 5399198 385 0 3150 0 0 0
cpu0 364123 0 1008 84142 0 0 270 0 0 0
cpu1 364120 0 891 84522 12 0 44 0 0 0
cpu2 364257 0 772 84564 0 0 10 0 0 0
cpu3 364772 0 448 84360 2 0 26 0 0 0
cpu4 364137 0 815 84542 0 0 102 0 0 0
cpu5 365474 0 411 83680 21 0 13 0 0 0
cpu6 364793 0 369 84373 0 0 11 0 0 0
cpu7 364230 0 820 84450 8 0 90 0 0 0
cpu8 364523 0 476 84559 0 0 39 0 0 0
cpu9 364732 0 546 84257 65 0 10 0 0 0
cpu10 363542 0 1313 84493 0 0 248 0 0 0
cpu11 364342 0 730 84502 3 0 22 0 0 0
cpu12 364448 0 646 84490 0 0 12 0 0 0
cpu13 364420 0 724 84418 3 0 27 0 0 0
cpu14 363894 0 1060 84557 3 0 75 0 0 0
cpu15 364865 0 494 84218 1 0 22 0 0 0
cpu16 364058 0 996 84530 5 0 8 0 0 0
cpu17 364610 0 526 84405 27 0 16 0 0 0
cpu18 364288 0 698 84559 0 0 48 0 0 0
cpu19 364548 0 662 84330 4 0 34 0 0 0
cpu20 364161 0 745 84568 1 0 120 0 0 0
cpu21 364379 0 756 84337 2 0 104 0 0 0
cpu22 365174 0 402 83976 0 0 45 0 0 0
cpu23 365080 0 329 84125 28 0 16 0 0 0
cpu24 364913 0 150 84474 24 0 3 0 0 0
cpu25 365078 0 284 84209 10 0 8 0 0 0
cpu26 364536 0 628 84431 0 0 4 0 0 0
cpu27 365307 0 414 83846 9 0 10 0 0 0
cpu28 364772 0 233 84471 0 0 102 0 0 0
cpu29 363948 0 1035 84454 2 0 153 0 0 0
cpu30 364580 0 462 84497 0 0 26 0 0 0
cpu31 365234 0 768 83471 1 0 104 0 0 0
cpu32 364258 0 738 84552 0 0 39 0 0 0
cpu33 365056 0 645 83859 4 0 25 0 0 0
cpu34 364385 0 618 84572 0 0 9 0 0 0
cpu35 365033 0 373 84160 1 0 14 0 0 0
cpu36 364748 0 266 84555 0 0 27 0 0 0
cpu37 364658 0 377 84506 1 0 48 0 0 0
cpu38 364803 0 256 84528 0 0 3 0 0 0
cpu39 364407 0 808 84240 1 0 130 0 0 0
cpu40 364880 0 157 84547 0 0 6 0 0 0
cpu41 364624 0 507 84367 40 0 47 0 0 0
cpu42 362043 0 2358 84557 0 0 632 0 0 0
cpu43 364629 0 422 84533 0 0 9 0 0 0
cpu44 364858 0 191 84536 0 0 7 0 0 0
cpu45 364734 0 568 84246 12 0 29 0 0 0
cpu46 364748 0 314 84501 0 0 19 0 0 0
cpu47 364784 0 419 84370 2 0 14 0 0 0
cpu48 364619 0 423 84538 0 0 0 0 0 0
cpu49 364751 0 384 84429 0 0 13 0 0 0
cpu50 364814 0 220 84544 0 0 11 0 0 0
cpu51 364783 0 380 84402 2 0 17 0 0 0
cpu52 364735 0 276 84549 0 0 26 0 0 0
cpu53 365173 0 383 84002 0 0 10 0 0 0
cpu54 364861 0 154 84547 0 0 22 0 0 0
cpu55 364619 1 624 84236 6 0 90 0 0 0
cpu56 364719 0 320 84542 0 0 2 0 0 0
cpu57 365147 2 241 84172 7 0 3 0 0 0
cpu58 364895 0 130 84546 0 0 6 0 0 0
cpu59 364966 0 288 84315 4 0 11 0 0 0
cpu60 364934 0 113 84536 0 0 3 0 0 0
cpu61 365178 0 308 84040 46 0 3 0 0 0
cpu62 364887 0 144 84549 0 0 1 0 0 0
cpu63 365228 0 538 83780 4 0 27 0 0 0
intr 65458139 82 0 0 0 630 0 0 0 1 0 285 0 0 0 0 0 0 0 0 0 0 0 0 0 0 0 0 0 0 0 0 0 0 0 0 0 0 0 3309 15073 996 3505 513 3072 269 21350 70 871 690 816 286 3950 890 1846 473 685 787 4487 375 1492 231 1853 526 5886 403 3081 50290 14378 1778 3140 978 5975 3906 2343 842 191 292 8183 301 16717 353 940 947 14843 167 2279 0 4011 303 5441 17 1080 1121 309 1049 2259 878 4988 697 734 400 7865 0 0 0 0 0 0 0 0 0 0 0 0 0 0 0 0 0 93 31704 0 0 0 0 0 0 0 0 0 0 0 0 0 0 0 0 0 0 0 0 0 0 0 0 0 0 0 0 0 0 0 0 0 0 0 0 0 0 0 0 0 0 0 0 0 0 0 0 0 0 0 0 0 0 0 0 0 0 0 0 0 0 0 0 0 0 0 0 0 0 0 0 0 0 0 17 0 0 0 0 0 0 0 0 0 0 0 0 0 0 0 0 0 0 0 0 0 0 0 0 0 0 0 0 0 0 0 0 0 0 0 0 0 0 0 0 0 0 0 0 0 0 0 0 0 0 0 0 0 0 0 0 0 0 0 0 0 0 0 0 0 0 0 0 0 0 0 0 0 0 0 0 0 0 0 0 0 0 0 0 0 0 0 0 0 0 0 0 0 0 0 0 0 0 0 0 0 0 0 0 0 0 0 0 0 0 0 0 0 0 0 0 0 0 0 0 0 0 0 0 0 0 0 0 0 0 0 0 0 0 0 0 0 0 0 0 0 0 0 0 0 0 0 0 0 0 0 0 0 0 0 0 0 0 0 0 0 0 0 0 0 0 0 0 0 0 0 0 0 0 0 0 0 0 0 0 0 0 0 0 0 0 0 0 0 0 0 0 0 0 0 0 0 0 0 0 0 0 0 0 0 0 0 0 0 0 0 0 0 0 0 0 0 0 0 0 0 0 0 0 0 0 0 0 0 0 0 0 0 0 0 0 0 0 0 0 0 0 0 0 0 0 0 0 0 0 0 0 0 0 0 0 0 0 0 0 0 0 0 0 0 0 0 0 0 0 0 0 0 0 0 0 0 0 0 0 0 0 0 0 0 0 0 0 0 0 0 0 0 0 0 0 0 0 0 0 0 0 0 0 0 0 0 0 0 0 0 0 0 0 0 0 0 0 0 0 0 0 0 0 0 0 0 0 0 0 0 0 0 0 0 0 0 0 0 0 0 0 0 0 0 0 0 0 0 0 0 0 0 0 0 0 0 0 0 0 0 0 0 0 0 0 0 0 0 0 0 0 0 0 0 0 0 0 0 0 0 0 0 0 0 0 0 0 0 0 0 0 0 0 0 0 0 0 0 0 0 0 0 0 0 0 0 0 0 0 0 0 0 0 0 0 0 0 0 0 0 0 0 0 0 0 0 0 0 0 0 0 0 0 0 0 0 0 0 0 0 0 0 0 0 0 0 0 0 0 0 0 0 0 0 0 0 0 0 0 0 0 0 0 0 0 0 0 0 0 0 0 0 0 0 0 0 0 0 0 0 0 0 0 0 0 0 0 0 0 0 0 0 0 0 0 0 0 0 0 0 0 0 0 0 0 0 0 0 0 0 0 0 0 0 0 0 0 0 0 0 0 0 0 0 0 0 0 0 0 0 0 0 0 0 0 0 0 0 0 0 0 0 0 0 0 0 0 0 0 0 0 0 0 0 0 0 0 0 0 0 0 0 0 0 0 0 0 0 0 0 0 0 0 0 0 0 0 0 0 0 0 0 0 0 0 0 0 0 0 0 0 0 0 0 0 0 0 0 0 0 0 0 0 0 0 0 0 0 0 0 0 0 0 0 0 0 0 0 0 0 0 0 0 0 0 0 0 0 0 0 0 0 0 0 0 0 0 0 0 0 0 0 0 0 0 0 0 0 0 0 0 0 0 0 0 0 0 0 0 0 0 0 0 0 0 0 0 0 0 0 0 0 0 0 0 0 0 0 0 0 0 0 0 0 0 0 0 0 0 0 0 0 0 0 0 0 0 0 0 0 0 0 0 0 0 0 0 0 0 0 0 0 0 0 0 0 0 0 0 0 0 0 0 0 0 0 0 0 0 0 0 0 0 0 0 0 0 0 0 0 0 0 0 0 0 0 0 0 0 0 0 0 0 0 0 0 0 0 0 0 0 0 0 0 0 0 0 0 0 0 0 0 0 0 0 0 0 0 0 0 0 0 0 0 0 0 0 0 0 0 0 0 0 0 0 0 0 0 0 0 0 0 0 0 0 0 0 0 0 0 0 0 0 0 0 0 0 0 0 0 0 0 0 0 0 0 0 0 0 0 0 0 0 0 0 0 0 0 0 0 0 0 0 0 0 0 0 0 0 0 0 0 0 0 0 0 0 0 0 0 0 0 0 0 0 0 0 0 0 0 0 0 0 0 0 0 0 0 0 0 0 0 0 0 0 0 0 0 0 0 0 0 0 0 0 0 0 0 0 0 0 0 0 0 0 0 0 0 0 0 0 0 0 0 0 0 0 0 0 0 0 0 0 0 0 0 0 0 0 0 0 0 0 0 0 0 0 0 0 0 0 0 0 0 0 0 0 0 0 0 0 0 0 0 0 0 0 0 0 0 0 0 0 0 0 0 0 0 0 0 0 0 0 0 0 0 0 0 0 0 0 0 0 0 0 0 0 0 0 0 0 0 0 0 0 0 0 0 0 0 0 0 0 0 0 0 0 0 0 0 0 0 0 0 0 0 0 0 0 0 0 0 0 0 0 0 0 0 0 0 0 0 0 0 0 0 0 0 0 0 0 0 0 0 0 0 0 0 0 0 0 0 0 0 0 0 0 0 0 0 0 0 0 0 0 0 0 0 0 0 0 0 0 0 0 0 0 0 0 0 0 0 0 0 0 0 0 0 0 0 0 0 0 0 0 0 0 0 0 0 0 0 0 0 0 0 0 0 0 0 0 0 0 0 0 0 0 0 0 0 0 0 0 0 0 0 0 0 0 0 0 0 0 0 0 0 0 0 0 0 0 0 0 0 0 0 0 0 0 0 0 0 0 0 0 0 0 0 0 0 0 0 0 0 0 0 0 0 0 0 0 0 0 0 0 0 0 0 0 0 0 0 0 0 0 0 0 0 0 0 0 0 0 0 0 0 0 0 0 0 0 0 0 0 0 0 0 0 0 0 0 0 0 0 0 0 0 0 0 0 0 0 0 0 0 0 0 0 0 0 0 0 0 0 0 0 0 0 0 0 0 0 0 0 0 0 0 0 0 0 0 0 0 0 0 0 0 0 0 0 0 0 0 0 0 0 0 0 0 0 0 0 0 0 0 0 0 0 0 0 0 0 0 0 0 0 0 0 0 0 0 0 0 0 0 0 0 0 0 0 0 0 0 0 0 0 0 0 0 0 0 0 0 0 0 0 0 0 0 0 0 0 0 0 0 0 0 0 0 0 0 0 0 0 0 0 0 0 0 0 0 0 0 0 0 0 0 0 0 0 0 0 0 0 0 0 0 0 0 0 0 0 0 0 0 0 0 0 0 0 0 0 0 0 0 0 0 0 0 0 0 0 0 0 0 0 0 0 0 0 0 0 0 0 0 0 0 0 0 0 0 0 0 0 0 0 0 0 0 0 0 0 0 0 0 0 0 0 0 0 0 0 0 0 0 0 0 0 0 0 0 0 0 0 0 0 0 0 0 0 0 0 0 0 0 0 0 0 0 0 0 0 0 0 0 0 0 0 0 0 0 0 0 0 0 0 0 0 0 0 0 0 0 0 0 0 0 0 0 0 0 0 0 0 0 0 0 0 0 0 0 0 0 0 0 0 0 0 0 0 0 0 0 0 0 0 0 0 0 0 0 0 0 0 0 0 0 0 0 0 0 0 0 0 0 0 0 0 0 0 0 0 0 0 0 0 0 0 0 0 0 0 0 0 0 0 0 0 0 0 0 0 0 0 0 0 0 0 0 0 0 0 0 0 0 0 0 0 0 0 0 0 0 0 0 0 0 0 0 0 0 0 0 0 0 0 0 0 0 0 0 0 0 0 0 0 0 0 0 0 0 0 0 0 0 0 0 0 0 0 0 0 0 0 0 0 0 0 0 0 0 0 0 0 0 0 0 0 0 0 0 0 0 0 0 0 0 0 0 0 0 0 0 0 0 0 0 0 0 0 0 0 0 0 0 0 0 0 0 0 0 0 0 0 0 0 0 0 0 0 0 0 0 0 0 0 0 0 0 0 0 0 0 0 0 0 0 0 0 0 0 0 0 0 0 0 0 0 0 0 0 0 0 0 0 0 0 0 0 0 0 0 0 0 0 0 0 0 0 0 0 0 0 0 0 0 0 0 0 0 0 0 0 0 0 0 0 0 0 0 0 0 0 0 0 0 0 0 0 0 0 0 0 0 0 0 0 0 0 0 0 0 0 0 0 0 0 0 0 0 0 0 0 0 0 0 0 0 0 0 0 0 0 0 0 0 0 0 0 0 0 0 0 0 0 0 0 0 0 0 0 0 0 0 0 0 0 0 0 0 0 0 0 0 0 0 0 0 0 0 0 0 0 0 0 0 0 0 0 0 0 0 0 0 0 0 0 0 0 0 0 0 0 0 0 0 0 0 0 0 0 0 0 0 0 0 0 0 0 0 0 0 0 0 0 0 0 0 0 0 0 0 0 0 0 0 0 0 0 0 0 0 0 0 0 0 0 0 0 0 0 0 0 0 0 0 0 0 0 0 0 0 0 0 0 0 0 0 0 0 0 0 0 0 0 0 0 0 0 0 0 0 0 0 0 0 0 0 0 0 0 0 0 0 0 0 0 0 0 0 0 0 0 0 0 0 0 0 0 0 0 0 0 0 0 0 0 0 0 0 0 0 0 0 0 0 0 0 0 0 0 0 0 0 0 0 0 0 0 0 0 0 0 0 0 0 0 0 0 0 0 0 0 0 0 0 0 0 0 0 0 0 0 0 0 0 0 0 0 0 0 0 0 0 0 0 0 0 0 0 0 0 0 0 0 0 0 0 0 0 0 0 0 0 0 0 0 0 0 0 0 0 0 0 0 0 0 0 0 0 0 0 0 0 0 0 0 0 0 0 0 0 0 0 0 0 0 0 0 0 0 0 0 0 0 0 0 0 0 0 0 0 0 0 0 0 0 0 0 0 0 0 0 0 0 0 0 0
ctxt 9483553
btime 1613123985
processes 227795
procs_running 1
procs_blocked 0
softirq 77211460 1 45311736 1712 1785058 0 0 153 2248600 0 27864200
