cpu  21593438 5 32798 5321354 385 0 2988 0 0 0
cpu0 337055 0 886 82882 0 0 240 0 0 0
cpu1 336949 0 804 83311 12 0 35 0 0 0
cpu2 337073 0 711 83334 0 0 7 0 0 0
cpu3 337532 0 436 83132 2 0 18 0 0 0
cpu4 336901 0 802 83314 0 0 100 0 0 0
cpu5 338226 0 408 82451 21 0 13 0 0 0
cpu6 337537 0 356 83162 0 0 10 0 0 0
cpu7 337266 0 581 83223 8 0 41 0 0 0
cpu8 337308 0 440 83330 0 0 39 0 0 0
cpu9 337500 0 528 83028 65 0 10 0 0 0
cpu10 336322 0 1286 83263 0 0 246 0 0 0
cpu11 337093 0 727 83272 3 0 22 0 0 0
cpu12 337208 0 632 83262 0 0 12 0 0 0
cpu13 337171 0 722 83189 3 0 27 0 0 0
cpu14 336713 0 1022 83305 3 0 74 0 0 0
cpu15 337616 0 492 82989 1 0 22 0 0 0
cpu16 336816 0 988 83301 5 0 7 0 0 0
cpu17 337361 0 524 83176 27 0 16 0 0 0
cpu18 337075 0 669 83330 0 0 46 0 0 0
cpu19 337298 0 661 83100 4 0 34 0 0 0
cpu20 336975 0 694 83330 1 0 119 0 0 0
cpu21 337139 0 746 83108 2 0 103 0 0 0
cpu22 337444 0 321 83308 0 0 43 0 0 0
cpu23 337831 0 324 82899 28 0 16 0 0 0
cpu24 337682 0 129 83245 24 0 3 0 0 0
cpu25 337826 0 276 82987 10 0 8 0 0 0
cpu26 337227 0 588 83299 0 0 3 0 0 0
cpu27 338046 0 410 82631 9 0 10 0 0 0
cpu28 337532 0 175 83299 0 0 96 0 0 0
cpu29 336701 0 1031 83226 2 0 152 0 0 0
cpu30 337572 0 228 83302 0 0 4 0 0 0
cpu31 337984 0 766 82242 1 0 104 0 0 0
cpu32 337032 0 715 83321 0 0 39 0 0 0
cpu33 337883 0 571 82629 4 0 21 0 0 0
cpu34 337269 0 520 83325 0 0 1 0 0 0
cpu35 337818 0 338 82931 1 0 13 0 0 0
cpu36 337502 0 260 83326 0 0 27 0 0 0
cpu37 337410 0 374 83276 1 0 48 0 0 0
cpu38 337558 0 232 83317 0 0 3 0 0 0
cpu39 337169 0 796 83011 1 0 128 0 0 0
cpu40 337644 0 142 83318 0 0 6 0 0 0
cpu41 337386 0 494 83138 40 0 47 0 0 0
cpu42 334801 0 2349 83328 0 0 632 0 0 0
cpu43 337380 0 420 83304 0 0 9 0 0 0
cpu44 337614 0 184 83307 0 0 7 0 0 0
cpu45 337485 0 566 83017 12 0 29 0 0 0
cpu46 337504 0 307 83272 0 0 18 0 0 0
cpu47 337535 0 417 83141 2 0 14 0 0 0
cpu48 337373 0 418 83309 0 0 0 0 0 0
cpu49 337504 0 381 83200 0 0 13 0 0 0
cpu50 337569 0 214 83315 0 0 11 0 0 0
cpu51 337534 0 379 83173 2 0 17 0 0 0
cpu52 337511 0 249 83320 0 0 26 0 0 0
cpu53 337956 0 352 82773 0 0 8 0 0 0
cpu54 337617 0 149 83318 0 0 21 0 0 0
cpu55 337373 1 619 83011 6 0 90 0 0 0
cpu56 337476 0 311 83313 0 0 2 0 0 0
cpu57 337897 2 234 82950 7 0 3 0 0 0
cpu58 337688 0 94 83316 0 0 3 0 0 0
cpu59 337661 0 282 83146 4 0 11 0 0 0
cpu60 337695 0 93 83314 0 0 3 0 0 0
cpu61 337929 0 306 82811 46 0 3 0 0 0
cpu62 337684 0 112 83306 0 0 0 0 0 0
cpu63 337977 0 531 82558 4 0 27 0 0 0
intr 60407636 82 0 0 0 630 0 0 0 1 0 285 0 0 0 0 0 0 0 0 0 0 0 0 0 0 0 0 0 0 0 0 0 0 0 0 0 0 0 2291 14330 833 3202 513 3062 269 11246 70 871 686 816 286 3950 573 1846 408 685 391 4487 369 1425 229 1853 480 5886 403 3058 43430 14128 863 3140 805 5254 544 2151 842 191 292 7977 301 16717 350 940 925 14843 167 2279 0 4009 303 5441 17 1080 1121 309 1047 2259 428 4988 697 732 376 7865 0 0 0 0 0 0 0 0 0 0 0 0 0 0 0 0 0 93 31507 0 0 0 0 0 0 0 0 0 0 0 0 0 0 0 0 0 0 0 0 0 0 0 0 0 0 0 0 0 0 0 0 0 0 0 0 0 0 0 0 0 0 0 0 0 0 0 0 0 0 0 0 0 0 0 0 0 0 0 0 0 0 0 0 0 0 0 0 0 0 0 0 0 0 0 17 0 0 0 0 0 0 0 0 0 0 0 0 0 0 0 0 0 0 0 0 0 0 0 0 0 0 0 0 0 0 0 0 0 0 0 0 0 0 0 0 0 0 0 0 0 0 0 0 0 0 0 0 0 0 0 0 0 0 0 0 0 0 0 0 0 0 0 0 0 0 0 0 0 0 0 0 0 0 0 0 0 0 0 0 0 0 0 0 0 0 0 0 0 0 0 0 0 0 0 0 0 0 0 0 0 0 0 0 0 0 0 0 0 0 0 0 0 0 0 0 0 0 0 0 0 0 0 0 0 0 0 0 0 0 0 0 0 0 0 0 0 0 0 0 0 0 0 0 0 0 0 0 0 0 0 0 0 0 0 0 0 0 0 0 0 0 0 0 0 0 0 0 0 0 0 0 0 0 0 0 0 0 0 0 0 0 0 0 0 0 0 0 0 0 0 0 0 0 0 0 0 0 0 0 0 0 0 0 0 0 0 0 0 0 0 0 0 0 0 0 0 0 0 0 0 0 0 0 0 0 0 0 0 0 0 0 0 0 0 0 0 0 0 0 0 0 0 0 0 0 0 0 0 0 0 0 0 0 0 0 0 0 0 0 0 0 0 0 0 0 0 0 0 0 0 0 0 0 0 0 0 0 0 0 0 0 0 0 0 0 0 0 0 0 0 0 0 0 0 0 0 0 0 0 0 0 0 0 0 0 0 0 0 0 0 0 0 0 0 0 0 0 0 0 0 0 0 0 0 0 0 0 0 0 0 0 0 0 0 0 0 0 0 0 0 0 0 0 0 0 0 0 0 0 0 0 0 0 0 0 0 0 0 0 0 0 0 0 0 0 0 0 0 0 0 0 0 0 0 0 0 0 0 0 0 0 0 0 0 0 0 0 0 0 0 0 0 0 0 0 0 0 0 0 0 0 0 0 0 0 0 0 0 0 0 0 0 0 0 0 0 0 0 0 0 0 0 0 0 0 0 0 0 0 0 0 0 0 0 0 0 0 0 0 0 0 0 0 0 0 0 0 0 0 0 0 0 0 0 0 0 0 0 0 0 0 0 0 0 0 0 0 0 0 0 0 0 0 0 0 0 0 0 0 0 0 0 0 0 0 0 0 0 0 0 0 0 0 0 0 0 0 0 0 0 0 0 0 0 0 0 0 0 0 0 0 0 0 0 0 0 0 0 0 0 0 0 0 0 0 0 0 0 0 0 0 0 0 0 0 0 0 0 0 0 0 0 0 0 0 0 0 0 0 0 0 0 0 0 0 0 0 0 0 0 0 0 0 0 0 0 0 0 0 0 0 0 0 0 0 0 0 0 0 0 0 0 0 0 0 0 0 0 0 0 0 0 0 0 0 0 0 0 0 0 0 0 0 0 0 0 0 0 0 0 0 0 0 0 0 0 0 0 0 0 0 0 0 0 0 0 0 0 0 0 0 0 0 0 0 0 0 0 0 0 0 0 0 0 0 0 0 0 0 0 0 0 0 0 0 0 0 0 0 0 0 0 0 0 0 0 0 0 0 0 0 0 0 0 0 0 0 0 0 0 0 0 0 0 0 0 0 0 0 0 0 0 0 0 0 0 0 0 0 0 0 0 0 0 0 0 0 0 0 0 0 0 0 0 0 0 0 0 0 0 0 0 0 0 0 0 0 0 0 0 0 0 0 0 0 0 0 0 0 0 0 0 0 0 0 0 0 0 0 0 0 0 0 0 0 0 0 0 0 0 0 0 0 0 0 0 0 0 0 0 0 0 0 0 0 0 0 0 0 0 0 0 0 0 0 0 0 0 0 0 0 0 0 0 0 0 0 0 0 0 0 0 0 0 0 0 0 0 0 0 0 0 0 0 0 0 0 0 0 0 0 0 0 0 0 0 0 0 0 0 0 0 0 0 0 0 0 0 0 0 0 0 0 0 0 0 0 0 0 0 0 0 0 0 0 0 0 0 0 0 0 0 0 0 0 0 0 0 0 0 0 0 0 0 0 0 0 0 0 0 0 0 0 0 0 0 0 0 0 0 0 0 0 0 0 0 0 0 0 0 0 0 0 0 0 0 0 0 0 0 0 0 0 0 0 0 0 0 0 0 0 0 0 0 0 0 0 0 0 0 0 0 0 0 0 0 0 0 0 0 0 0 0 0 0 0 0 0 0 0 0 0 0 0 0 0 0 0 0 0 0 0 0 0 0 0 0 0 0 0 0 0 0 0 0 0 0 0 0 0 0 0 0 0 0 0 0 0 0 0 0 0 0 0 0 0 0 0 0 0 0 0 0 0 0 0 0 0 0 0 0 0 0 0 0 0 0 0 0 0 0 0 0 0 0 0 0 0 0 0 0 0 0 0 0 0 0 0 0 0 0 0 0 0 0 0 0 0 0 0 0 0 0 0 0 0 0 0 0 0 0 0 0 0 0 0 0 0 0 0 0 0 0 0 0 0 0 0 0 0 0 0 0 0 0 0 0 0 0 0 0 0 0 0 0 0 0 0 0 0 0 0 0 0 0 0 0 0 0 0 0 0 0 0 0 0 0 0 0 0 0 0 0 0 0 0 0 0 0 0 0 0 0 0 0 0 0 0 0 0 0 0 0 0 0 0 0 0 0 0 0 0 0 0 0 0 0 0 0 0 0 0 0 0 0 0 0 0 0 0 0 0 0 0 0 0 0 0 0 0 0 0 0 0 0 0 0 0 0 0 0 0 0 0 0 0 0 0 0 0 0 0 0 0 0 0 0 0 0 0 0 0 0 0 0 0 0 0 0 0 0 0 0 0 0 0 0 0 0 0 0 0 0 0 0 0 0 0 0 0 0 0 0 0 0 0 0 0 0 0 0 0 0 0 0 0 0 0 0 0 0 0 0 0 0 0 0 0 0 0 0 0 0 0 0 0 0 0 0 0 0 0 0 0 0 0 0 0 0 0 0 0 0 0 0 0 0 0 0 0 0 0 0 0 0 0 0 0 0 0 0 0 0 0 0 0 0 0 0 0 0 0 0 0 0 0 0 0 0 0 0 0 0 0 0 0 0 0 0 0 0 0 0 0 0 0 0 0 0 0 0 0 0 0 0 0 0 0 0 0 0 0 0 0 0 0 0 0 0 0 0 0 0 0 0 0 0 0 0 0 0 0 0 0 0 0 0 0 0 0 0 0 0 0 0 0 0 0 0 0 0 0 0 0 0 0 0 0 0 0 0 0 0 0 0 0 0 0 0 0 0 0 0 0 0 0 0 0 0 0 0 0 0 0 0 0 0 0 0 0 0 0 0 0 0 0 0 0 0 0 0 0 0 0 0 0 0 0 0 0 0 0 0 0 0 0 0 0 0 0 0 0 0 0 0 0 0 0 0 0 0 0 0 0 0 0 0 0 0 0 0 0 0 0 0 0 0 0 0 0 0 0 0 0 0 0 0 0 0 0 0 0 0 0 0 0 0 0 0 0 0 0 0 0 0 0 0 0 0 0 0 0 0 0 0 0 0 0 0 0 0 0 0 0 0 0 0 0 0 0 0 0 0 0 0 0 0 0 0 0 0 0 0 0 0 0 0 0 0 0 0 0 0 0 0 0 0 0 0 0 0 0 0 0 0 0 0 0 0 0 0 0 0 0 0 0 0 0 0 0 0 0 0 0 0 0 0 0 0 0 0 0 0 0 0 0 0 0 0 0 0 0 0 0 0 0 0 0 0 0 0 0 0 0 0 0 0 0 0 0 0 0 0 0 0 0 0 0 0 0 0 0 0 0 0 0 0 0 0 0 0 0 0 0 0 0 0 0 0 0 0 0 0 0 0 0 0 0 0 0 0 0 0 0 0 0 0 0 0 0 0 0 0 0 0 0 0 0 0 0 0 0 0 0 0 0 0 0 0 0 0 0 0 0 0 0 0 0 0 0 0 0 0 0 0 0 0 0 0 0 0 0 0 0 0 0 0 0 0 0 0 0 0 0 0 0 0 0 0 0 0 0 0 0 0 0 0 0 0 0 0 0 0 0 0 0 0 0 0 0 0 0 0 0 0 0 0 0 0 0 0 0 0 0 0 0 0 0 0 0 0 0 0 0 0 0 0 0 0 0 0 0 0 0 0 0 0 0 0 0 0 0 0 0 0 0 0 0 0 0 0 0 0 0 0 0 0 0 0 0 0 0 0 0 0 0 0 0 0 0 0 0 0 0 0 0 0 0 0 0 0 0 0 0 0 0 0 0 0 0 0 0 0 0 0 0 0 0 0 0 0 0 0 0 0 0 0 0 0 0 0 0 0 0 0 0 0 0 0 0 0 0 0 0 0 0 0 0 0 0 0 0 0 0 0 0 0 0 0 0 0 0 0 0 0 0 0 0 0 0 0 0 0 0 0 0 0 0 0 0 0 0 0 0 0 0 0 0 0 0 0 0 0 0 0 0 0 0 0 0 0 0 0 0 0 0 0 0 0 0 0 0 0 0 0 0 0 0 0 0 0 0 0 0 0 0 0 0 0 0 0 0 0 0 0 0 0 0 0 0 0 0 0 0 0 0 0 0 0 0 0 0 0 0 0 0 0 0 0 0 0 0 0 0 0 0 0 0 0 0 0 0 0 0 0 0 0 0 0 0 0 0 0 0 0 0 0 0 0 0 0 0 0 0 0 0 0 0 0 0 0 0 0 0 0 0 0 0 0 0 0 0 0 0 0 0 0 0 0 0 0 0 0 0 0 0 0 0 0 0 0 0 0 0 0 0 0 0 0 0 0 0 0 0
ctxt 8503507
btime 1613123985
processes 199211
procs_running 1
procs_blocked 0
softirq 71891435 1 42396884 1634 1559142 0 0 150 2084523 0 25849101
