cpu  1443415 3 5526 5662749 455 0 369 0 0 0
cpu0 40117 0 208 157023 1 0 151 0 0 0
cpu1 40262 0 230 157026 22 0 15 0 0 0
cpu2 40041 0 346 157142 17 0 60 0 0 0
cpu3 40049 0 217 157303 5 0 15 0 0 0
cpu4 39870 0 308 157394 3 0 12 0 0 0
cpu5 40094 0 75 157405 2 0 4 0 0 0
cpu6 40098 0 54 157418 6 0 0 0 0 0
cpu7 40029 0 118 157419 1 0 0 0 0 0
cpu8 40026 0 132 157417 1 0 0 0 0 0
cpu9 40067 0 87 157423 1 0 0 0 0 0
cpu10 39956 0 193 157421 6 0 1 0 0 0
cpu11 40084 0 74 157409 1 0 0 0 0 0
cpu12 40085 0 179 157260 38 0 0 0 0 0
cpu13 40326 0 114 157130 4 0 0 0 0 0
cpu14 40238 0 84 157171 88 0 0 0 0 0
cpu15 39909 0 248 157320 49 0 41 0 0 0
cpu16 40167 0 157 157238 2 0 0 0 0 0
cpu17 40152 0 79 157333 2 0 0 0 0 0
cpu18 40158 0 90 157289 4 0 0 0 0 0
cpu19 40220 0 116 157217 15 0 0 0 0 0
cpu20 39966 0 377 157206 4 0 18 0 0 0
cpu21 40090 0 120 157365 1 0 0 0 0 0
cpu22 40030 0 172 157341 23 0 0 0 0 0
cpu23 39972 0 161 157413 0 0 26 0 0 0
cpu24 40119 0 46 157400 7 0 0 0 0 0
cpu25 40031 0 122 157406 13 0 0 0 0 0
cpu26 40020 0 118 157427 2 0 0 0 0 0
cpu27 40016 0 164 157376 16 0 0 0 0 0
cpu28 39937 0 235 157391 2 0 2 0 0 0
cpu29 40066 0 73 157415 1 0 0 0 0 0
cpu30 40507 0 232 156735 77 0 8 0 0 0
cpu31 40179 0 128 157254 1 0 0 0 0 0
cpu32 40109 0 41 157414 1 0 0 0 0 0
cpu33 40168 1 130 157249 6 0 3 0 0 0
cpu34 40066 0 211 157269 13 0 1 0 0 0
cpu35 40179 0 74 157311 2 0 0 0 0 0
intr 4320533 56 0 0 0 610 0 0 0 1 0 250 0 0 0 0 0 0 0 0 0 0 0 0 0 0 0 0 0 0 0 0 94 208 393 673 2542 109 132 1046 51 101 62 410 64 4604 305 3545 1888 222 90 128 327 369 112 1340 28 0 0 0 0 316 529 179 840 85 44 10202 85 67 691 328 108 0 0 17 8816 2 0 5240 1 1404 271 362 199 13 351 58 42 171 14 157 177 7 15246 43 148 4513 29 109 147 381 1 5 1 1 207 2508 150 5622 231 37 1688 156 47 0 16 7573 1 0 0 0 0 0 0 0 0 0 0 0 0 0 0 0 0 0 0 0 0 0 0 0 0 0 0 0 0 0 0 0 0 0 0 0 0 0 25 0 0 0 0 0 0 0 0 0 0 0 0 0 0 0 0 0 0 0 0 0 0 0 0 0 0 0 0 0 0 0 0 0 0 0 0 0 0 0 0 0 0 0 0 0 0 0 0 0 0 0 0 0 0 0 0 0 0 0 0 0 0 0 0 0 0 0 0 0 0 0 0 0 0 0 0 0 0 0 0 0 0 0 0 0 0 0 0 0 0 0 0 0 0 0 0 0 0 0 0 0 0 0 0 0 0 0 0 0 0 0 0 0 0 0 0 0 0 0 0 0 0 0 0 0 0 0 0 0 0 0 0 0 0 0 0 0 0 0 0 0 0 0 0 0 0 0 0 0 0 0 0 0 0 0 0 0 0 0 0 0 0 0 0 0 0 0 0 0 0 0 0 0 0 0 0 0 0 0 0 0 0 0 0 0 0 0 0 0 0 0 0 0 0 0 0 0 0 0 0 0 0 0 0 0 0 0 0 0 0 0 0 0 0 0 0 0 0 0 0 0 0 0 0 0 0 0 0 0 0 0 0 0 0 0 0 0 0 0 0 0 0 0 0 0 0 0 0 0 0 0 0 0 0 0 0 0 0 0 0 0 0 0 0 0 0 0 0 0 0 0 0 0 0 0 0 0 0 0 0 0 0 0 0 0 0 0 0 0 0 0 0 0 0 0 0 0 0 0 0 0 0 0 0 0 0 0 0 0 0 0 0 0 0 0 0 0 0 0 0 0 0 0 0 0 0 0 0 0 0 0 0 0 0 0 0 0 0 0 0 0 0 0 0 0 0 0 0 0 0 0 0 0 0 0 0 0 0 0 0 0 0 0 0 0 0 0 0 0 0 0 0 0 0 0 0 0 0 0 0 0 0 0 0 0 0 0 0 0 0 0 0 0 0 0 0 0 0 0 0 0 0 0 0 0 0 0 0 0 0 0 0 0 0 0 0 0 0 0 0 0 0 0 0 0 0 0 0 0 0 0 0 0 0 0 0 0 0 0 0 0 0 0 0 0 0 0 0 0 0 0 0 0 0 0 0 0 0 0 0 0 0 0 0 0 0 0 0 0 0 0 0 0 0 0 0 0 0 0 0 0 0 0 0 0 0 0 0 0 0 0 0 0 0 0 0 0 0 0 0 0 0 0 0 0 0 0 0 0 0 0 0 0 0 0 0 0 0 0 0 0 0 0 0 0 0 0 0 0 0 0 0 0 0 0 0 0 0 0 0 0 0 0 0 0 0 0 0 0 0 0 0 0 0 0 0 0 0 0 0 0 0 0 0 0 0 0 0 0 0 0 0 0 0 0 0 0 0 0 0 0 0 0 0 0 0 0 0 0 0 0 0 0 0 0 0 0 0 0 0 0 0 0 0 0 0 0 0 0 0 0 0 0 0 0 0 0 0 0 0 0 0 0 0 0 0 0 0 0 0 0 0 0 0 0 0 0 0 0 0 0 0 0 0 0 0 0 0 0 0 0 0 0 0 0 0 0 0 0 0 0 0 0 0 0 0 0 0 0 0 0 0 0 0 0 0 0 0 0 0 0 0 0 0 0 0 0 0 0 0 0 0 0 0 0 0 0 0 0 0 0 0 0 0 0 0 0 0 0 0 0 0 0 0 0 0 0 0 0 0 0 0 0 0 0 0 0 0 0 0 0 0 0 0 0 0 0 0 0 0 0 0 0 0 0 0 0 0 0 0 0 0 0 0 0 0 0 0 0 0 0 0 0 0 0 0 0 0 0 0 0 0 0 0 0 0 0 0 0 0 0 0 0 0 0 0 0 0 0 0 0 0 0 0 0 0 0 0 0 0 0 0 0 0 0 0 0 0 0 0 0 0 0 0 0 0 0 0 0 0 0 0 0 0 0 0 0 0 0 0 0 0 0 0 0 0 0 0 0 0 0 0 0 0 0 0 0 0 0 0 0 0 0 0 0 0 0 0 0 0 0 0 0 0 0 0 0 0 0 0 0 0 0 0 0 0 0 0 0 0 0 0 0 0 0 0 0 0 0 0 0 0 0 0 0 0 0 0 0 0 0 0 0 0 0 0 0 0 0 0 0 0 0 0 0 0 0 0 0 0 0 0 0 0 0 0 0 0 0 0 0 0 0 0 0 0 0 0 0 0 0 0 0 0 0 0 0 0 0 0 0 0 0 0 0 0 0 0 0 0 0 0 0 0 0 0 0 0 0 0 0 0 0 0 0 0 0 0 0 0 0 0 0 0 0 0 0 0 0 0 0 0 0 0 0 0 0 0 0 0 0 0 0 0 0 0 0 0 0 0 0 0 0 0 0 0 0 0 0 0 0 0 0 0 0 0 0 0 0 0 0 0 0 0 0 0 0 0 0 0 0 0 0 0 0 0 0 0 0 0 0 0 0 0 0 0 0 0 0 0 0 0 0 0 0 0 0 0 0 0 0 0 0 0 0 0 0 0 0 0 0 0 0 0 0 0 0 0 0 0 0 0 0 0 0 0 0 0 0 0
ctxt 1575533
btime 1613124388
processes 36368
procs_running 1
procs_blocked 0
softirq 5689241 1 3188445 363 253753 0 0 37850 244209 0 1964620
