cpu  52917062 5 54609 12327730 698 0 4077 0 0 0
cpu0 412061 0 2215 95493 0 0 357 0 0 0
cpu1 412889 0 1069 96198 7 0 23 0 0 0
cpu2 412727 0 888 96493 0 0 75 0 0 0
cpu3 412919 0 731 96499 1 0 55 0 0 0
cpu4 412954 0 920 96268 0 0 86 0 0 0
cpu5 413015 0 722 96409 0 0 45 0 0 0
cpu6 412995 0 473 96709 0 0 30 0 0 0
cpu7 413186 0 470 96520 0 0 36 0 0 0
cpu8 412920 0 790 96425 0 0 84 0 0 0
cpu9 413012 0 817 96295 0 0 72 0 0 0
cpu10 412936 0 524 96674 0 0 63 0 0 0
cpu11 413286 0 366 96531 0 0 31 0 0 0
cpu12 413080 0 828 96219 0 0 75 0 0 0
cpu13 413508 0 680 95991 1 0 29 0 0 0
cpu14 413297 0 446 96410 0 0 32 0 0 0
cpu15 412970 0 480 96717 0 0 36 0 0 0
cpu16 413248 0 526 96398 0 0 36 0 0 0
cpu17 413320 1 756 96068 0 0 56 0 0 0
cpu18 413558 0 321 96315 0 0 24 0 0 0
cpu19 413354 0 310 96529 0 0 22 0 0 0
cpu20 413092 0 664 96372 0 0 74 0 0 0
cpu21 414322 0 652 95209 0 0 25 0 0 0
cpu22 413508 0 378 96301 0 0 29 0 0 0
cpu23 412967 0 341 96687 0 0 168 0 0 0
cpu24 413334 0 605 96226 0 0 47 0 0 0
cpu25 413816 0 538 95831 0 0 26 0 0 0
cpu26 413604 0 276 96318 0 0 21 0 0 0
cpu27 412903 0 460 96783 0 0 30 0 0 0
cpu28 413506 0 421 96256 0 0 28 0 0 0
cpu29 413340 0 443 96374 0 0 26 0 0 0
cpu30 413540 0 273 96384 0 0 12 0 0 0
cpu31 412926 0 708 96465 0 0 101 0 0 0
cpu32 412090 0 1730 96158 0 0 259 0 0 0
cpu33 413522 0 302 96358 4 0 16 0 0 0
cpu34 413547 0 260 96380 0 0 14 0 0 0
cpu35 413261 0 276 96650 1 0 21 0 0 0
cpu36 413429 0 418 96329 0 0 32 0 0 0
cpu37 414224 0 425 95471 66 0 11 0 0 0
cpu38 412995 0 434 96680 0 0 40 0 0 0
cpu39 413473 0 269 96451 0 0 15 0 0 0
cpu40 413095 0 605 96465 1 0 36 0 0 0
cpu41 413768 0 311 96077 30 0 14 0 0 0
cpu42 413439 0 272 96474 0 0 19 0 0 0
cpu43 413396 0 274 96506 1 0 29 0 0 0
cpu44 413328 0 415 96418 1 0 26 0 0 0
cpu45 413681 0 458 95915 112 0 20 0 0 0
cpu46 413214 0 520 96387 0 0 73 0 0 0
cpu47 413416 0 274 96492 0 0 19 0 0 0
cpu48 413046 0 609 96460 0 0 70 0 0 0
cpu49 413506 0 486 96191 0 0 22 0 0 0
cpu50 412802 0 423 96912 0 0 36 0 0 0
cpu51 413402 0 317 96455 0 0 30 0 0 0
cpu52 413559 0 304 96327 0 0 12 0 0 0
cpu53 413444 0 431 96172 91 0 34 0 0 0
cpu54 413634 0 192 96357 4 0 14 0 0 0
cpu55 413347 0 296 96533 2 0 25 0 0 0
cpu56 413558 0 246 96385 0 0 8 0 0 0
cpu57 413221 0 438 96485 1 0 26 0 0 0
cpu58 413426 0 288 96468 0 0 15 0 0 0
cpu59 413374 0 323 96472 0 0 28 0 0 0
cpu60 413222 0 506 96396 0 0 66 0 0 0
cpu61 413618 0 378 96161 8 0 28 0 0 0
cpu62 413345 0 376 96445 0 0 22 0 0 0
cpu63 413314 0 396 96446 0 0 40 0 0 0
cpu64 413446 0 486 96050 185 0 11 0 0 0
cpu65 413297 0 530 96336 1 0 8 0 0 0
cpu66 413390 0 376 96398 2 0 26 0 0 0
cpu67 413143 0 481 96532 0 0 40 0 0 0
cpu68 412996 0 840 96250 0 0 111 0 0 0
cpu69 413625 0 393 96112 32 0 10 0 0 0
cpu70 413453 0 201 96532 0 0 4 0 0 0
cpu71 413336 0 344 96489 0 0 18 0 0 0
cpu72 413582 0 378 96209 2 0 19 0 0 0
cpu73 413481 0 532 96139 3 0 20 0 0 0
cpu74 413229 0 324 96603 1 0 30 0 0 0
cpu75 413478 0 265 96416 0 0 13 0 0 0
cpu76 413397 0 402 96377 1 0 22 0 0 0
cpu77 413741 0 466 95951 15 0 8 0 0 0
cpu78 413275 0 309 96557 0 0 19 0 0 0
cpu79 413364 0 299 96496 0 0 19 0 0 0
cpu80 413665 0 288 96227 0 0 7 0 0 0
cpu81 413595 0 480 96063 28 0 15 0 0 0
cpu82 413487 0 354 96327 0 0 18 0 0 0
cpu83 413447 0 281 96455 1 0 12 0 0 0
cpu84 413442 0 402 96327 0 0 17 0 0 0
cpu85 414328 0 467 95368 1 0 12 0 0 0
cpu86 413275 0 280 96614 0 0 16 0 0 0
cpu87 413442 0 258 96464 1 0 13 0 0 0
cpu88 413466 0 289 96415 0 0 13 0 0 0
cpu89 416134 2 665 93335 6 0 10 0 0 0
cpu90 413473 0 224 96466 0 0 14 0 0 0
cpu91 413312 0 352 96503 0 0 26 0 0 0
cpu92 413414 0 330 96344 0 0 90 0 0 0
cpu93 414585 0 452 95106 1 0 9 0 0 0
cpu94 413612 0 195 96363 0 0 7 0 0 0
cpu95 413520 0 228 96425 0 0 14 0 0 0
cpu96 413483 0 432 96232 7 0 26 0 0 0
cpu97 413714 0 343 96097 1 0 8 0 0 0
cpu98 413457 0 222 96472 0 0 12 0 0 0
cpu99 413503 0 246 96423 0 0 11 0 0 0
cpu100 413268 0 495 96370 12 0 32 0 0 0
cpu101 413520 0 228 96394 1 0 5 0 0 0
cpu102 413381 0 219 96557 1 0 7 0 0 0
cpu103 413262 0 223 96664 0 0 7 0 0 0
cpu104 413491 0 360 96312 0 0 14 0 0 0
cpu105 413588 0 317 96257 0 0 6 0 0 0
cpu106 413615 0 171 96387 0 0 6 0 0 0
cpu107 413386 0 241 96520 0 0 15 0 0 0
cpu108 413492 0 228 96437 2 0 11 0 0 0
cpu109 413941 0 443 95783 0 0 10 0 0 0
cpu110 413325 0 326 96502 0 0 12 0 0 0
cpu111 413485 0 236 96452 0 0 7 0 0 0
cpu112 413601 0 275 96281 0 0 20 0 0 0
cpu113 413597 0 316 96247 3 0 6 0 0 0
cpu114 413572 0 250 96344 0 0 12 0 0 0
cpu115 413419 0 254 96493 0 0 16 0 0 0
cpu116 413774 0 156 96234 0 0 2 0 0 0
cpu117 413398 0 322 96418 5 0 13 0 0 0
cpu118 413595 0 194 96374 0 0 8 0 0 0
cpu119 413246 0 407 96484 0 0 40 0 0 0
cpu120 413702 0 204 96260 0 0 2 0 0 0
cpu121 413508 0 260 96391 4 0 5 0 0 0
cpu122 413568 0 283 96305 0 0 10 0 0 0
cpu123 413476 0 225 96469 0 0 3 0 0 0
cpu124 413696 0 198 96262 0 0 15 0 0 0
cpu125 413770 0 240 96143 0 0 8 0 0 0
cpu126 413404 0 380 96347 0 0 30 0 0 0
cpu127 413558 0 345 96261 0 0 5 0 0 0
intr 150749479 129 0 0 0 680 0 0 0 1 0 285 0 0 0 0 0 0 0 0 0 0 0 0 0 0 0 0 0 0 0 0 0 0 0 0 260 0 578 453 8856 10517 226 1829 1080 7158 338 5327 2917 5323 581 78 5844 8628 514 587 2320 4712 473 343 1364 74326 345 911 1906 6341 735 1537 1390 4998 270 1 934 5724 644 80 3306 3141 411 474 1597 3985 1020 4228 1111 3218 0 486 5510 5017 282 996 530 3029 453 853 1885 3908 1661 99 4422 6585 358 275 6089 11728 226 10 293 8315 409 144 2699 3892 469 5 2266 5645 182 102 3294 6394 802 29 2607 3408 673 78 900 12277 22718 4472 1717 4212 295 99 1286 4463 757 422 1353 2421 420 277 1309 4250 594 2542 409 2358 2 7 3933 4121 354 945 787 0 0 0 0 0 0 0 0 0 0 161 3642 3 385 63 107 38 109 106 13 0 236 26 9 1 7 10 405 341 5 149 3 1 55 79 389 3440 217 679 694 447 1121 79 78 0 0 0 0 0 0 0 0 0 0 0 0 0 0 0 0 10003 2164 5291 199 3341 237 142 127 145 33 71 322 136 319 76 95 76 47 33 27 37 21 12 42 21 86 74 133 6 2 39 9 13 7 13 21 56 33 0 377 321 74 161 174 135 100 72 21 3 18 55 0 28 32 15 3 17 3 9 18 5 24 15 0 0 0 0 0 0 0 0 0 0 0 0 0 0 0 0 0 0 0 0 0 0 0 0 0 0 0 0 0 0 0 0 0 0 0 0 0 0 0 0 0 0 0 0 0 0 0 0 0 0 0 0 0 0 0 0 0 0 0 0 0 0 0 0 0 0 0 0 0 0 0 0 0 0 0 0 0 0 0 0 0 0 0 0 0 0 0 0 0 0 0 0 0 0 0 0 0 0 0 0 0 0 0 0 0 0 0 0 0 0 0 0 0 0 0 0 0 0 0 0 0 0 0 0 0 0 0 0 0 0 0 0 0 0 0 0 0 0 0 0 0 0 0 0 0 0 0 0 0 0 0 0 0 0 0 0 0 0 0 0 0 0 0 0 0 0 0 0 0 0 0 0 0 0 0 0 0 0 0 0 0 0 0 0 0 0 0 0 0 0 0 0 0 0 0 0 0 0 0 0 0 0 0 0 0 0 0 0 0 0 0 0 0 0 0 0 0 0 0 0 0 0 0 0 0 0 0 0 0 0 0 0 0 0 0 0 0 0 0 0 0 0 0 0 0 0 0 0 0 0 0 0 0 0 0 0 0 0 0 0 0 0 0 0 0 0 0 0 0 0 0 0 0 0 0 0 0 0 0 0 0 0 0 0 0 0 0 0 0 0 0 0 0 0 0 0 0 0 0 0 0 0 0 0 0 0 0 0 0 0 0 0 0 0 0 0 0 0 0 0 0 0 0 0 0 0 0 0 0 0 0 0 0 0 0 0 0 0 0 0 0 0 0 0 0 0 0 0 0 0 0 0 0 0 0 0 0 0 0 0 0 0 0 0 0 0 0 0 0 0 0 0 0 0 0 0 0 0 0 0 0 0 0 0 0 0 0 0 0 0 0 0 0 0 0 0 0 0 0 0 0 0 0 0 0 0 0 0 0 0 0 0 0 0 0 0 0 0 0 0 0 0 0 0 0 49 0 0 0 3 0 0 0 0 0 0 0 0 0 0 0 0 0 0 0 0 0 0 0 0 0 49 0 0 0 0 0 0 0 0 0 0 0 0 0 0 0 0 0 0 0 0 0 0 0 0 0 0 0 0 0 0 0 0 0 0 0 0 0 0 0 0 0 0 0 0 0 0 0 0 0 0 0 0 0 0 0 0 0 0 0 0 0 0 0 0 0 22 0 0 0 0 0 0 0 0 0 0 0 0 0 0 0 0 0 0 0 0 0 0 0 0 0 0 0 0 0 0 0 0 0 0 0 0 0 0 0 0 0 0 0 0 0 0 0 0 0 0 0 0 0 0 0 0 0 0 0 0 0 0 0 0 0 0 0 0 0 0 0 0 0 0 0 0 0 0 0 0 0 0 0 0 0 0 0 0 0 0 0 0 0 0 0 0 0 0 0 0 0 0 0 0 0 0 0 0 0 0 0 0 0 0 0 0 0 0 0 0 0 0 0 0 0 0 0 0 0 0 0 0 0 0 0 0 0 0 0 0 0 0 0 0 0 0 0 0 0 0 0 0 0 0 0 0 0 0 0 0 0 0 0 0 0 0 0 0 0 0 0 0 0 0 0 0 0 0 0 0 0 0 0 0 0 0 0 0 0 0 0 0 0 0 0 0 0 0 0 0 0 0 0 0 0 0 0 0 0 0 0 0 0 0 0 0 0 0 0 0 0 0 0 0 0 0 0 0 0 0 0 0 0 0 0 0 0 0 0 0 0 0 0 0 0 0 0 0 0 0 0 0 0 0 0 0 0 0 0 0 0 0 0 0 0 0 0 0 0 0 0 0 0 0 0 0 0 0 0 0 0 0 0 0 0 0 0 0 0 0 0 0 0 0 0 0 0 0 0 0 0 0 0 0 0 0 0 0 0 0 0 0 0 0 0 0 0 0 0 0 0 0 0 0 0 0 0 0 0 0 0 0 0 0 0 0 0 0 0 0 0 0 0 0 0 0 0 0 0 0 0 0 0 0 0 0 0 0 0 0 0 0 0 0 0 0 0 0 0 0 0 0 0 0 0 0 0 0 0 0 0 0 0 0 0 0 0 0 0 0 0 0 0 0 0 0 0 0 0 0 0 0 0 0 0 0 0 0 0 0 0 0 0 0 0 0 0 0 0 0 0 0 0 0 0 0 0 0 0 0 0 0 0 0 0 0 0 0 0 0 0 0 0 0 0 0 0 0 0 0 0 0 0 0 0 0 0 0 0 0 0 0 0 0 0 0 0 0 0 0 0 0 0 0 0 0 0 0 0 0 0 0 0 0 0 0 0 0 0 0 0 0 0 0 0 0 0 0 0 0 0 0 0 0 0 0 0 0 0 0 0 0 0 0 0 0 0 0 0 0 0 0 0 0 0 0 0 0 0 0 0 0 0 0 0 0 0 0 0 0 0 0 0 0 0 0 0 0 0 0 0 0 0 0 0 0 0 0 0 0 0 0 0 0 0 0 0 0 0 0 0 0 0 0 0 0 0 0 0 0 0 0 0 0 0 0 0 0 0 0 0 0 0 0 0 0 0 0 0 0 0 0 0 0 0 0 0 0 0 0 0 0 0 0 0 0 0 0 0 0 0 0 0 0 0 0 0 0 0 0 0 0 0 0 0 0 0 0 0 0 0 0 0 0 0 0 0 0 0 0 0 0 0 0 0 0 0 0 0 0 0 0 0 0 0 0 0 0 0 0 0 0 0 0 0 0 0 0 0 0 0 0 0 0 0 0 0 0 0 0 0 0 0 0 0 0 0 0 0 0 0 0 0 0 0 0 0 0 0 0 0 0 0 0 0 0 0 0 0 0 0 0 0 0 0 0 0 0 0 0 0 0 0 0 0 0 0 0 0 0 0 0 0 0 0 0 0 0 0 0 0 0 0 0 0 0 0 0 0 0 0 0 0 0 0 0 0 0 0 0 0 0 0 0 0 0 0 0 0 0 0 0 0 0 0 0 0 0 0 0 0 0 0 0 0 0 0 0 0 0 0 0 0 0 0 0 0 0 0 0 0 0 0 0 0 0 0 0 0 0 0 0 0 0 0 0 0 0 0 0 0 0 0 0 0 0 0 0 0 0 0 0 0 0 0 0 0 0 0 0 0 0 0 0 0 0 0 0 0 0 0 0 0 0 0 0 0 0 0 0 0 0 0 0 0 0 0 0 0 0 0 0 0 0 0 0 0 0 0 0 0 0 0 0 0 0 0 0 0 0 0 0 0 0 0 0 0 0 0 0 0 0 0 0 0 0 0 0 0 0 0 0 0 0 0 0 0 0 0 0 0 0 0 0 0 0 0 0 0 0 0 0 0 0 0 0 0 0 0 0 0 0 0 0 0 0 0 0 0 0 0 0 0 0 0 0 0 0 0 0 0 0 0 0 0 0 0 0 0 0 0 0 0 0 0 0 0 0 0 0 0 0 0 0 0 0 0 0 0 0 0 0 0 0 0 0 0 0 0 0 0 0 0 0 0 0 0 0 0 0 0 0 0 0 0 0 0 0 0 0 0 0 0 0 0 0 0 0 0 0 0 0 0 0 0 0 0 0 0 0 0 0 0 0 0 0 0 0 0 0 0 0 0 0 0 0 0 0 0 0 0 0 0 0 0 0 0 0 0 0 0 0 0 0 0 0 0 0 0 0 0 0 0 0 0 0 0 0 0 0 0 0 0 0 0 0 0 0 0 0 0 0 0 0 0 0 0 0 0 0 0 0 0 0 0 0 0 0 0 0 0 0 0 0 0 0 0 0 0 0 0 0 0 0 0 0 0 0 0 0 0 0 0 0 0 0 0 0 0 0 0 0 0 0 0 0 0 0 0 0 0 0 0 0 0 0 0 0 0 0 0 0 0 0 0 0 0 0 0 0 0 0 0 0 0 0 0 0 0 0 0 0 0 0 0 0 0 0 0 0 0 0 0 0 0 0 0 0 0 0 0 0 0 0 0 0 0 0 0 0 0 0 0 0 0 0 0 0 0 0 0 0 0 0 0 0 0 0 0 0 0 0 0 0 0 0 0 0 0 0 0 0 0 0 0 0 0 0 0 0 0 0 0 0 0 0 0 0 0 0 0 0 0 0 0 0 0 0 0 0 0 0 0 0 0 0 0 0 0 0 0 0 0 0 0 0 0 0 0 0 0 0 0 0 0 0 0 0 0 0 0 0 0 0 0 0 0 0 0 0 0 0 0 0 0 0 0 0 0 0 0 0 0 0 0 0 0 0 0 0 0 0 0 0 0 0 0 0 0 0 0 0 0 0 0 0 0 0 0 0 0 0 0 0 0 0 0 0 0 0 0 0 0 0 0 0 0 0 0 0 0 0 0 0 0 0 0 0 0 0 0 0 0 0 0 0 0 0 0 0 0 0 0 0 0 0 0 0 0 0 0 0 0 0 0 0 0 0 0 0 0 0 0 0 0 0 0 0 0 0 0 0 0 0 0 0 0 0 0 0 0 0 0 0 0 0 0 0 0 0 0 0 0 0 0 0 0 0 0 0 0 0 0 0 0 0 0 0 0 0 0 0 0 0 0 0 0 0 0 0 0 0 0 0 0 0 0 0 0 0 0 0 0 0 0 0 0 0 0 0 0 0 0 0 0 0 0 0 0 0 0 0 0 0 0 0 0 0 0 0 0 0 0 0 0 0 0 0 0 0 0 0 0 0 0 0 0 0 0 0 0 0 0 0 0 0 0 0 0 0 0 0 0 0 0 0 0 0 0 0 0 0 0 0 0 0 0 0 0 0 0 0 0 0 0 0 0 0 0 0 0 0 0 0 0 0 0 0 0 0 0 0 0 0 0 0 0 0 0 0 0 0 0 0 0 0 0 0 0 0 0 0 0 0 0 0 0 0 0 0 0 0 0 0 0 0 0 0 0 0 0 0 0 0 0 0 0 0 0 0 0 0 0 0 0 0 0 0 0 0 0 0 0 0 0 0 0 0 0 0 0 0 0 0 0 0 0 0 0 0 0 0 0 0 0 0 0 0 0 0 0 0 0 0 0 0 0 0 0 0 0 0 0 0 0 0 0 0 0 0 0 0 0 0 0 0 0 0 0 0 0 0 0 0 0 0 0 0 0 0 0 0 0 0 0 0 0 0 0 0 0 0 0 0 0 0 0 0 0 0 0 0 0 0 0 0 0 0 0 0 0 0 0 0 0 0 0 0 0 0 0 0 0 0 0 0 0 0 0 0 0 0 0 0 0 0 0 0 0 0 0 0 0 0 0 0 0 0 0 0 0 0 0 0 0 0 0 0 0 0 0 0 0 0 0 0 0 0 0 0 0 0 0 0 0 0 0 0 0 0 0 0 0 0 0 0 0 0 0 0 0 0 0 0 0 0 0 0 0 0 0 0 0 0 0 0 0 0 0 0 0 0 0 0 0 0 0 0 0 0 0 0 0 0 0 0 0 0 0 0 0 0 0 0 0 0 0 0 0 0 0 0 0 0 0 0 0 0 0 0 0 0 0 0 0 0 0 0 0 0 0 0 0 0 0 0 0 0 0 0 0 0 0 0 0 0 0 0 0 0 0 0 0 0 0 0 0 0 0 0 0 0 0 0 0 0 0 0 0 0 0 0 0 0 0 0 0 0 0 0 0 0 0 0 0 0 0 0 0 0 0 0 0 0 0 0 0 0 0 0 0 0 0 0 0 0 0 0 0 0 0 0 0 0 0 0 0 0 0 0 0 0 0 0 0 0 0 0 0 0 0 0 0 0 0 0 0 0 0 0 0 0 0 0 0 0 0 0 0 0 0 0 0 0 0 0 0 0 0 0 0 0 0 0 0 0 0 0 0 0 0 0 0 0 0 0 0 0 0 0 0 0 0 0 0 0 0 0 0 0 0 0 0 0 0 0 0 0 0 0 0 0 0 0 0 0 0 0 0 0 0 0 0 0 0 0 0 0 0 0 0 0 0 0 0 0 0 0 0 0 0 0 0 0 0 0 0 0 0 0 0 0 0 0 0 0 0 0 0 0 0 0 0 0 0 0 0 0 0 0 0 0 0 0 0 0 0 0 0 0 0 0 0 0 0 0 0 0 0 0 0 0 0 0 0 0 0 0 0 0 0 0 0 0 0 0 0 0 0 0 0 0 0 0 0 0 0 0 0 0 0 0 0 0 0 0 0 0 0 0 0 0 0 0 0 0 0 0 0 0 0 0 0 0 0 0 0 0 0 0 0 0 0 0 0 0 0 0 0 0 0 0 0 0 0 0 0 0 0 0 0 0 0 0 0 0 0 0 0 0 0 0 0 0 0 0 0 0 0 0 0 0 0 0 0 0 0 0 0 0 0 0 0 0 0 0 0 0 0 0 0 0 0 0 0 0 0 0 0 0 0 0 0 0 0 0 0 0 0 0 0 0 0 0 0 0 0 0 0 0 0 0 0 0 0 0 0 0 0 0 0 0 0 0 0 0 0 0 0 0 0 0 0 0 0 0 0 0 0 0 0 0 0 0 0 0 0 0 0 0 0 0 0 0 0 0 0 0 0 0 0 0 0 0 0 0 0 0 0 0 0 0 0 0 0 0 0 0 0 0 0 0 0 0 0 0 0 0 0 0 0 0 0 0 0 0 0 0 0 0 0 0 0 0 0 0 0 0 0 0 0 0 0 0 0 0 0 0 0 0 0 0 0 0 0 0 0 0 0 0 0 0 0 0 0 0 0 0 0 0 0 0 0 0 0 0 0 0 0 0 0 0 0 0 0 0 0 0 0 0 0 0 0 0 0 0 0 0 0 0 0 0 0 0 0 0 0 0 0 0 0 0 0 0 0 0 0 0 0 0 0 0 0 0 0 0 0 0 0 0 0 0 0 0 0 0 0 0 0 0 0 0 0 0 0 0 0 0 0 0 0 0 0 0 0 0 0 0 0 0 0 0 0 0 0 0 0 0 0 0 0 0 0 0 0 0 0 0 0 0 0 0 0 0 0 0 0 0 0 0 0 0 0 0 0 0 0 0 0 0 0 0 0 0 0 0 0 0 0 0 0 0 0 0 0 0 0 0 0 0 0 0 0 0 0 0 0 0 0 0 0 0 0 0 0 0 0 0 0 0 0 0 0 0 0 0 0 0 0 0 0 0 0 0 0 0 0 0 0 0 0 0 0 0 0 0 0 0 0 0 0 0 0 0 0 0 0 0 0 0 0 0 0 0 0 0 0 0 0 0 0 0 0 0 0 0 0 0 0 0 0 0 0 0 0 0 0 0 0 0 0 0 0 0 0 0 0 0 0 0 0 0 0 0 0 0 0 0 0 0 0 0 0 0 0 0 0 0 0 0 0 0 0 0 0 0 0 0 0 0 0 0 0 0 0 0 0 0 0 0 0 0 0 0 0 0 0 0 0 0 0 0 0 0 0 0 0 0 0 0 0 0 0 0 0 0 0 0 0 0 0 0 0 0 0 0 0 0 0 0 0 0 0 0 0 0 0 0 0 0 0 0 0 0 0 0 0 0 0 0 0 0 0 0 0 0 0 0 0 0 0 0 0 0 0 0 0 0 0 0 0 0 0 0 0 0 0 0 0 0 0 0 0 0 0 0 0 0 0 0 0 0 0 0 0 0 0 0 0 0 0 0 0 0 0 0 0 0 0 0 0 0 0 0 0 0 0 0 0 0 0 0 0 0 0 0 0 0 0 0 0 0 0 0 0 0 0 0 0 0 0 0 0 0 0 0 0 0 0 0 0 0 0 0 0 0 0 0 0 0 0 0 0 0 0 0 0 0 0 0 0 0 0 0 0 0 0 0 0 0 0 0 0 0 0 0 0 0 0 0 0 0 0 0 0 0 0 0 0 0 0 0 0 0 0 0 0 0 0 0 0 0 0 0 0 0 0 0 0 0 0 0 0 0 0 0 0 0 0 0 0 0 0 0 0 0 0 0 0 0 0 0 0 0 0 0 0 0 0 0 0 0 0 0 0 0 0 0 0 0 0 0 0 0 0 0 0 0 0 0 0 0 0 0 0 0 0 0 0 0 0 0 0 0 0 0 0 0 0 0 0 0 0 0 0 0 0 0 0 0 0 0 0 0 0 0 0 0 0 0 0 0 0 0 0 0 0 0 0 0 0 0 0 0 0 0 0 0 0 0 0 0 0 0 0 0 0 0 0 0 0 0 0 0 0 0 0 0 0 0 0 0 0 0 0 0 0 0 0 0 0 0 0 0 0 0 0 0 0 0 0 0 0 0 0 0 0 0 0 0 0 0 0 0 0 0 0 0 0 0 0 0 0 0 0 0 0 0 0 0 0 0 0 0 0 0 0 0 0 0 0 0 0 0 0 0 0 0 0 0 0 0 0 0 0 0 0 0 0 0 0 0 0 0 0 0 0 0 0 0 0 0 0 0 0 0 0 0 0 0 0 0 0 0 0 0 0 0 0 0 0 0 0 0 0 0 0 0 0 0 0 0 0 0 0 0 0 0 0 0 0 0 0 0 0 0 0 0 0 0 0 0 0 0 0 0 0 0 0 0 0 0 0 0 0 0 0 0 0 0 0 0 0 0 0 0 0 0 0 0 0 0 0 0 0 0 0 0 0 0 0 0 0 0 0 0 0 0 0 0 0 0 0 0 0 0 0 0 0 0 0 0 0 0 0 0 0 0 0 0 0 0 0 0 0 0 0 0 0 0 0 0 0 0 0 0 0 0 0 0 0 0 0 0 0 0 0 0 0 0 0 0 0 0 0 0 0 0 0 0 0 0 0 0 0 0 0 0 0 0 0 0 0 0 0 0 0 0 0 0 0 0 0 0 0 0 0 0 0 0 0 0 0 0 0 0 0 0 0 0 0 0 0 0 0 0 0 0 0 0 0 0 0 0 0 0 0 0 0 0 0 0 0 0 0 0 0 0 0 0 0 0 0 0 0 0 0 0 0 0 0 0 0 0 0 0 0 0 0 0 0 0 0 0 0 0 0 0 0 0 0 0 0 0 0 0 0 0 0 0 0 0 0 0 0 0 0 0 0 0 0 0 0 0 0 0 0 0 0 0 0 0 0 0 0 0 0 0 0 0 0 0 0 0 0 0 0 0 0 0 0 0 0 0 0 0 0 0 0 0 0 0 0 0 0 0 0 0 0 0 0 0 0 0 0 0 0 0 0 0 0 0 0 0 0 0 0 0 0 0 0 0 0 0 0 0 0 0 0 0 0 0 0 0 0 0 0 0 0 0 0 0 0 0 0 0 0 0 0 0 0 0 0 0 0 0 0 0 0 0 0 0 0 0 0 0 0 0 0 0 0 0 0 0 0 0 0 0 0 0 0 0 0 0 0 0 0 0 0 0 0 0 0 0 0 0 0 0 0 0 0 0 0 0 0 0 0 0 0 0 0 0 0 0 0 0 0 0 0 0 0 0 0 0 0 0 0 0 0 0 0 0 0
ctxt 9861172
btime 1613122782
processes 214502
procs_running 1
procs_blocked 0
softirq 158423334 1 95338703 1677 1913243 0 0 245 4941584 0 56227881
