cpu  5430825 5 11228 10734467 670 0 301 0 0 0
cpu0 42398 0 620 83169 0 0 106 0 0 0
cpu1 42508 0 205 83683 7 0 3 0 0 0
cpu2 42420 0 57 83944 0 0 0 0 0 0
cpu3 42434 0 68 83897 1 0 1 0 0 0
cpu4 42426 0 59 83923 0 0 0 0 0 0
cpu5 42482 0 140 83776 0 0 2 0 0 0
cpu6 42426 0 47 83939 0 0 0 0 0 0
cpu7 42397 0 78 83933 0 0 0 0 0 0
cpu8 42361 0 46 84002 0 0 0 0 0 0
cpu9 42627 0 181 83586 0 0 4 0 0 0
cpu10 42424 0 58 83930 0 0 0 0 0 0
cpu11 42340 0 124 83933 0 0 10 0 0 0
cpu12 42437 0 59 83902 0 0 0 0 0 0
cpu13 42592 0 205 83602 1 0 0 0 0 0
cpu14 42431 0 56 83911 0 0 1 0 0 0
cpu15 42377 0 108 83917 0 0 4 0 0 0
cpu16 42432 0 77 83895 0 0 0 0 0 0
cpu17 42465 1 190 83741 0 0 0 0 0 0
cpu18 42378 0 94 83930 0 0 4 0 0 0
cpu19 42260 0 137 83997 0 0 13 0 0 0
cpu20 42427 0 63 83913 0 0 0 0 0 0
cpu21 42387 0 120 83893 0 0 1 0 0 0
cpu22 42423 0 47 83936 0 0 0 0 0 0
cpu23 42274 0 108 83960 0 0 25 0 0 0
cpu24 42448 0 63 83893 0 0 0 0 0 0
cpu25 42890 0 128 83383 0 0 0 0 0 0
cpu26 42424 0 48 83937 0 0 0 0 0 0
cpu27 42384 0 88 83928 0 0 2 0 0 0
cpu28 42407 0 58 83937 0 0 0 0 0 0
cpu29 42444 0 81 83877 0 0 0 0 0 0
cpu30 42427 0 53 83924 0 0 0 0 0 0
cpu31 42397 0 79 83921 0 0 2 0 0 0
cpu32 42454 0 87 83887 0 0 0 0 0 0
cpu33 42433 0 70 83890 2 0 0 0 0 0
cpu34 42389 0 61 83950 0 0 1 0 0 0
cpu35 42404 0 66 83933 0 0 0 0 0 0
cpu36 42336 0 60 84001 0 0 0 0 0 0
cpu37 42958 0 216 83152 66 0 0 0 0 0
cpu38 42289 0 92 84000 0 0 3 0 0 0
cpu39 42390 0 82 83922 0 0 2 0 0 0
cpu40 42179 0 104 84108 0 0 1 0 0 0
cpu41 42492 0 83 83788 30 0 0 0 0 0
cpu42 42425 0 47 83926 0 0 0 0 0 0
cpu43 42396 0 77 83919 0 0 2 0 0 0
cpu44 42351 0 63 83981 1 0 1 0 0 0
cpu45 42631 0 104 83543 112 0 0 0 0 0
cpu46 42426 0 46 83927 0 0 0 0 0 0
cpu47 42353 0 88 83949 0 0 5 0 0 0
cpu48 42308 0 98 83987 0 0 0 0 0 0
cpu49 42426 0 65 83908 0 0 1 0 0 0
cpu50 42258 0 84 84036 0 0 4 0 0 0
cpu51 42408 0 59 83926 0 0 2 0 0 0
cpu52 42394 0 81 83917 0 0 0 0 0 0
cpu53 42523 0 92 83676 91 0 0 0 0 0
cpu54 42426 0 50 83918 0 0 0 0 0 0
cpu55 42408 0 63 83921 1 0 1 0 0 0
cpu56 42255 0 83 84047 0 0 2 0 0 0
cpu57 42594 0 75 83722 1 0 0 0 0 0
cpu58 42414 0 73 83908 0 0 1 0 0 0
cpu59 42410 0 68 83911 0 0 1 0 0 0
cpu60 42298 0 79 84006 0 0 0 0 0 0
cpu61 42553 0 79 83747 5 0 0 0 0 0
cpu62 42424 0 52 83912 0 0 0 0 0 0
cpu63 42262 0 192 83911 0 0 25 0 0 0
cpu64 42423 0 65 83696 185 0 0 0 0 0
cpu65 42478 0 103 83787 1 0 0 0 0 0
cpu66 42415 0 52 83917 1 0 0 0 0 0
cpu67 42377 0 94 83908 0 0 6 0 0 0
cpu68 42424 0 60 83902 0 0 0 0 0 0
cpu69 42588 0 136 83616 32 0 0 0 0 0
cpu70 42415 0 51 83918 0 0 0 0 0 0
cpu71 42397 0 72 83907 0 0 2 0 0 0
cpu72 42434 0 70 83872 1 0 0 0 0 0
cpu73 42578 0 162 83631 3 0 0 0 0 0
cpu74 42415 0 48 83924 1 0 0 0 0 0
cpu75 42366 0 110 83881 0 0 4 0 0 0
cpu76 42426 0 51 83910 1 0 0 0 0 0
cpu77 42563 0 223 83579 14 0 0 0 0 0
cpu78 42422 0 55 83908 0 0 0 0 0 0
cpu79 42393 0 90 83885 0 0 1 0 0 0
cpu80 42426 0 53 83901 0 0 0 0 0 0
cpu81 42522 0 169 83661 28 0 0 0 0 0
cpu82 42332 0 97 83944 0 0 5 0 0 0
cpu83 42343 0 149 83884 1 0 7 0 0 0
cpu84 42434 0 75 83872 0 0 0 0 0 0
cpu85 42458 0 81 83842 1 0 0 0 0 0
cpu86 42426 0 52 83904 0 0 0 0 0 0
cpu87 42258 0 142 83960 1 0 8 0 0 0
cpu88 42443 0 54 83883 0 0 0 0 0 0
cpu89 42461 2 74 83831 6 0 0 0 0 0
cpu90 42425 0 54 83901 0 0 0 0 0 0
cpu91 42400 0 78 83899 0 0 2 0 0 0
cpu92 42421 0 59 83887 0 0 4 0 0 0
cpu93 42473 0 70 83833 1 0 0 0 0 0
cpu94 42425 0 53 83901 0 0 0 0 0 0
cpu95 42407 0 77 83893 0 0 1 0 0 0
cpu96 42426 0 69 83869 6 0 0 0 0 0
cpu97 42480 0 80 83813 1 0 0 0 0 0
cpu98 42426 0 49 83900 0 0 0 0 0 0
cpu99 42417 0 63 83895 0 0 0 0 0 0
cpu100 42372 0 70 83916 12 0 0 0 0 0
cpu101 42423 0 65 83879 1 0 0 0 0 0
cpu102 42421 0 60 83897 1 0 0 0 0 0
cpu103 42392 0 86 83898 0 0 0 0 0 0
cpu104 42335 0 97 83937 0 0 0 0 0 0
cpu105 42439 0 104 83826 0 0 0 0 0 0
cpu106 42424 0 51 83897 0 0 0 0 0 0
cpu107 42411 0 65 83898 0 0 0 0 0 0
cpu108 42327 0 76 83959 1 0 2 0 0 0
cpu109 42746 0 88 83534 0 0 0 0 0 0
cpu110 42425 0 53 83895 0 0 0 0 0 0
cpu111 42436 0 74 83859 0 0 0 0 0 0
cpu112 42417 0 59 83889 0 0 0 0 0 0
cpu113 42498 0 90 83769 3 0 0 0 0 0
cpu114 42422 0 52 83898 0 0 0 0 0 0
cpu115 42413 0 56 83900 0 0 0 0 0 0
cpu116 42407 0 76 83872 0 0 0 0 0 0
cpu117 42420 0 56 83881 4 0 0 0 0 0
cpu118 42424 0 52 83891 0 0 0 0 0 0
cpu119 42408 0 65 83894 0 0 1 0 0 0
cpu120 42413 0 67 83880 0 0 0 0 0 0
cpu121 42477 0 68 83817 4 0 0 0 0 0
cpu122 42393 0 80 83894 0 0 0 0 0 0
cpu123 42411 0 61 83891 0 0 0 0 0 0
cpu124 42416 0 58 83890 0 0 0 0 0 0
cpu125 42538 0 97 83728 0 0 0 0 0 0
cpu126 42426 0 49 83887 0 0 0 0 0 0
cpu127 42413 0 80 83868 0 0 0 0 0 0
intr 16591162 129 0 0 0 680 0 0 0 1 0 285 0 0 0 0 0 0 0 0 0 0 0 0 0 0 0 0 0 0 0 0 0 0 0 0 260 0 5 199 656 678 4 1808 3 425 0 5046 449 1206 0 3 4822 1478 0 0 1511 1889 23 3 3 35499 0 0 328 719 30 0 0 1364 2 1 13 897 7 3 1549 818 2 285 0 672 2 5 0 383 0 438 83 967 0 314 0 464 4 0 1036 552 143 46 2 1741 0 0 0 112 0 6 0 1167 0 0 0 1127 0 0 0 1223 0 0 2723 3372 0 2 0 1268 0 0 0 1448 4352 1 0 657 51 0 0 477 0 0 0 483 0 24 0 431 0 11 0 386 2 2 0 671 0 72 0 0 0 0 0 0 0 0 0 0 0 161 3603 3 385 63 107 29 16 104 13 0 236 26 9 1 7 7 318 338 5 146 3 1 7 79 273 3410 189 638 664 53 1112 73 78 0 0 0 0 0 0 0 0 0 0 0 0 0 0 0 0 10001 2158 4782 98 3297 156 141 127 145 31 51 246 127 141 73 29 1 32 11 0 1 0 0 0 0 5 2 119 3 2 3 0 10 4 1 0 2 0 0 269 0 74 59 78 120 13 27 0 0 0 1 0 28 2 15 0 5 3 9 18 2 0 3 0 0 0 0 0 0 0 0 0 0 0 0 0 0 0 0 0 0 0 0 0 0 0 0 0 0 0 0 0 0 0 0 0 0 0 0 0 0 0 0 0 0 0 0 0 0 0 0 0 0 0 0 0 0 0 0 0 0 0 0 0 0 0 0 0 0 0 0 0 0 0 0 0 0 0 0 0 0 0 0 0 0 0 0 0 0 0 0 0 0 0 0 0 0 0 0 0 0 0 0 0 0 0 0 0 0 0 0 0 0 0 0 0 0 0 0 0 0 0 0 0 0 0 0 0 0 0 0 0 0 0 0 0 0 0 0 0 0 0 0 0 0 0 0 0 0 0 0 0 0 0 0 0 0 0 0 0 0 0 0 0 0 0 0 0 0 0 0 0 0 0 0 0 0 0 0 0 0 0 0 0 0 0 0 0 0 0 0 0 0 0 0 0 0 0 0 0 0 0 0 0 0 0 0 0 0 0 0 0 0 0 0 0 0 0 0 0 0 0 0 0 0 0 0 0 0 0 0 0 0 0 0 0 0 0 0 0 0 0 0 0 0 0 0 0 0 0 0 0 0 0 0 0 0 0 0 0 0 0 0 0 0 0 0 0 0 0 0 0 0 0 0 0 0 0 0 0 0 0 0 0 0 0 0 0 0 0 0 0 0 0 0 0 0 0 0 0 0 0 0 0 0 0 0 0 0 0 0 0 0 0 0 0 0 0 0 0 0 0 0 0 0 0 0 0 0 0 0 0 0 0 0 0 0 0 0 0 0 0 0 0 0 0 0 0 0 0 0 0 0 0 0 0 0 0 0 0 0 0 0 0 0 0 0 0 0 0 0 0 0 0 0 0 0 0 0 0 0 0 0 0 0 0 0 0 0 0 0 0 0 0 0 0 0 0 0 0 0 0 0 0 0 0 0 0 0 0 0 0 0 0 0 0 0 0 0 0 0 0 0 0 0 0 0 0 49 0 0 0 3 0 0 0 0 0 0 0 0 0 0 0 0 0 0 0 0 0 0 0 0 0 49 0 0 0 0 0 0 0 0 0 0 0 0 0 0 0 0 0 0 0 0 0 0 0 0 0 0 0 0 0 0 0 0 0 0 0 0 0 0 0 0 0 0 0 0 0 0 0 0 0 0 0 0 0 0 0 0 0 0 0 0 0 0 0 0 0 22 0 0 0 0 0 0 0 0 0 0 0 0 0 0 0 0 0 0 0 0 0 0 0 0 0 0 0 0 0 0 0 0 0 0 0 0 0 0 0 0 0 0 0 0 0 0 0 0 0 0 0 0 0 0 0 0 0 0 0 0 0 0 0 0 0 0 0 0 0 0 0 0 0 0 0 0 0 0 0 0 0 0 0 0 0 0 0 0 0 0 0 0 0 0 0 0 0 0 0 0 0 0 0 0 0 0 0 0 0 0 0 0 0 0 0 0 0 0 0 0 0 0 0 0 0 0 0 0 0 0 0 0 0 0 0 0 0 0 0 0 0 0 0 0 0 0 0 0 0 0 0 0 0 0 0 0 0 0 0 0 0 0 0 0 0 0 0 0 0 0 0 0 0 0 0 0 0 0 0 0 0 0 0 0 0 0 0 0 0 0 0 0 0 0 0 0 0 0 0 0 0 0 0 0 0 0 0 0 0 0 0 0 0 0 0 0 0 0 0 0 0 0 0 0 0 0 0 0 0 0 0 0 0 0 0 0 0 0 0 0 0 0 0 0 0 0 0 0 0 0 0 0 0 0 0 0 0 0 0 0 0 0 0 0 0 0 0 0 0 0 0 0 0 0 0 0 0 0 0 0 0 0 0 0 0 0 0 0 0 0 0 0 0 0 0 0 0 0 0 0 0 0 0 0 0 0 0 0 0 0 0 0 0 0 0 0 0 0 0 0 0 0 0 0 0 0 0 0 0 0 0 0 0 0 0 0 0 0 0 0 0 0 0 0 0 0 0 0 0 0 0 0 0 0 0 0 0 0 0 0 0 0 0 0 0 0 0 0 0 0 0 0 0 0 0 0 0 0 0 0 0 0 0 0 0 0 0 0 0 0 0 0 0 0 0 0 0 0 0 0 0 0 0 0 0 0 0 0 0 0 0 0 0 0 0 0 0 0 0 0 0 0 0 0 0 0 0 0 0 0 0 0 0 0 0 0 0 0 0 0 0 0 0 0 0 0 0 0 0 0 0 0 0 0 0 0 0 0 0 0 0 0 0 0 0 0 0 0 0 0 0 0 0 0 0 0 0 0 0 0 0 0 0 0 0 0 0 0 0 0 0 0 0 0 0 0 0 0 0 0 0 0 0 0 0 0 0 0 0 0 0 0 0 0 0 0 0 0 0 0 0 0 0 0 0 0 0 0 0 0 0 0 0 0 0 0 0 0 0 0 0 0 0 0 0 0 0 0 0 0 0 0 0 0 0 0 0 0 0 0 0 0 0 0 0 0 0 0 0 0 0 0 0 0 0 0 0 0 0 0 0 0 0 0 0 0 0 0 0 0 0 0 0 0 0 0 0 0 0 0 0 0 0 0 0 0 0 0 0 0 0 0 0 0 0 0 0 0 0 0 0 0 0 0 0 0 0 0 0 0 0 0 0 0 0 0 0 0 0 0 0 0 0 0 0 0 0 0 0 0 0 0 0 0 0 0 0 0 0 0 0 0 0 0 0 0 0 0 0 0 0 0 0 0 0 0 0 0 0 0 0 0 0 0 0 0 0 0 0 0 0 0 0 0 0 0 0 0 0 0 0 0 0 0 0 0 0 0 0 0 0 0 0 0 0 0 0 0 0 0 0 0 0 0 0 0 0 0 0 0 0 0 0 0 0 0 0 0 0 0 0 0 0 0 0 0 0 0 0 0 0 0 0 0 0 0 0 0 0 0 0 0 0 0 0 0 0 0 0 0 0 0 0 0 0 0 0 0 0 0 0 0 0 0 0 0 0 0 0 0 0 0 0 0 0 0 0 0 0 0 0 0 0 0 0 0 0 0 0 0 0 0 0 0 0 0 0 0 0 0 0 0 0 0 0 0 0 0 0 0 0 0 0 0 0 0 0 0 0 0 0 0 0 0 0 0 0 0 0 0 0 0 0 0 0 0 0 0 0 0 0 0 0 0 0 0 0 0 0 0 0 0 0 0 0 0 0 0 0 0 0 0 0 0 0 0 0 0 0 0 0 0 0 0 0 0 0 0 0 0 0 0 0 0 0 0 0 0 0 0 0 0 0 0 0 0 0 0 0 0 0 0 0 0 0 0 0 0 0 0 0 0 0 0 0 0 0 0 0 0 0 0 0 0 0 0 0 0 0 0 0 0 0 0 0 0 0 0 0 0 0 0 0 0 0 0 0 0 0 0 0 0 0 0 0 0 0 0 0 0 0 0 0 0 0 0 0 0 0 0 0 0 0 0 0 0 0 0 0 0 0 0 0 0 0 0 0 0 0 0 0 0 0 0 0 0 0 0 0 0 0 0 0 0 0 0 0 0 0 0 0 0 0 0 0 0 0 0 0 0 0 0 0 0 0 0 0 0 0 0 0 0 0 0 0 0 0 0 0 0 0 0 0 0 0 0 0 0 0 0 0 0 0 0 0 0 0 0 0 0 0 0 0 0 0 0 0 0 0 0 0 0 0 0 0 0 0 0 0 0 0 0 0 0 0 0 0 0 0 0 0 0 0 0 0 0 0 0 0 0 0 0 0 0 0 0 0 0 0 0 0 0 0 0 0 0 0 0 0 0 0 0 0 0 0 0 0 0 0 0 0 0 0 0 0 0 0 0 0 0 0 0 0 0 0 0 0 0 0 0 0 0 0 0 0 0 0 0 0 0 0 0 0 0 0 0 0 0 0 0 0 0 0 0 0 0 0 0 0 0 0 0 0 0 0 0 0 0 0 0 0 0 0 0 0 0 0 0 0 0 0 0 0 0 0 0 0 0 0 0 0 0 0 0 0 0 0 0 0 0 0 0 0 0 0 0 0 0 0 0 0 0 0 0 0 0 0 0 0 0 0 0 0 0 0 0 0 0 0 0 0 0 0 0 0 0 0 0 0 0 0 0 0 0 0 0 0 0 0 0 0 0 0 0 0 0 0 0 0 0 0 0 0 0 0 0 0 0 0 0 0 0 0 0 0 0 0 0 0 0 0 0 0 0 0 0 0 0 0 0 0 0 0 0 0 0 0 0 0 0 0 0 0 0 0 0 0 0 0 0 0 0 0 0 0 0 0 0 0 0 0 0 0 0 0 0 0 0 0 0 0 0 0 0 0 0 0 0 0 0 0 0 0 0 0 0 0 0 0 0 0 0 0 0 0 0 0 0 0 0 0 0 0 0 0 0 0 0 0 0 0 0 0 0 0 0 0 0 0 0 0 0 0 0 0 0 0 0 0 0 0 0 0 0 0 0 0 0 0 0 0 0 0 0 0 0 0 0 0 0 0 0 0 0 0 0 0 0 0 0 0 0 0 0 0 0 0 0 0 0 0 0 0 0 0 0 0 0 0 0 0 0 0 0 0 0 0 0 0 0 0 0 0 0 0 0 0 0 0 0 0 0 0 0 0 0 0 0 0 0 0 0 0 0 0 0 0 0 0 0 0 0 0 0 0 0 0 0 0 0 0 0 0 0 0 0 0 0 0 0 0 0 0 0 0 0 0 0 0 0 0 0 0 0 0 0 0 0 0 0 0 0 0 0 0 0 0 0 0 0 0 0 0 0 0 0 0 0 0 0 0 0 0 0 0 0 0 0 0 0 0 0 0 0 0 0 0 0 0 0 0 0 0 0 0 0 0 0 0 0 0 0 0 0 0 0 0 0 0 0 0 0 0 0 0 0 0 0 0 0 0 0 0 0 0 0 0 0 0 0 0 0 0 0 0 0 0 0 0 0 0 0 0 0 0 0 0 0 0 0 0 0 0 0 0 0 0 0 0 0 0 0 0 0 0 0 0 0 0 0 0 0 0 0 0 0 0 0 0 0 0 0 0 0 0 0 0 0 0 0 0 0 0 0 0 0 0 0 0 0 0 0 0 0 0 0 0 0 0 0 0 0 0 0 0 0 0 0 0 0 0 0 0 0 0 0 0 0 0 0 0 0 0 0 0 0 0 0 0 0 0 0 0 0 0 0 0 0 0 0 0 0 0 0 0 0 0 0 0 0 0 0 0 0 0 0 0 0 0 0 0 0 0 0 0 0 0 0 0 0 0 0 0 0 0 0 0 0 0 0 0 0 0 0 0 0 0 0 0 0 0 0 0 0 0 0 0 0 0 0 0 0 0 0 0 0 0 0 0 0 0 0 0 0 0 0 0 0 0 0 0 0 0 0 0 0 0 0 0 0 0 0 0 0 0 0 0 0 0 0 0 0 0 0 0 0 0 0 0 0 0 0 0 0 0 0 0 0 0 0 0 0 0 0 0 0 0 0 0 0 0 0 0 0 0 0 0 0 0 0 0 0 0 0 0 0 0 0 0 0 0 0 0 0 0 0 0 0 0 0 0 0 0 0 0 0 0 0 0 0 0 0 0 0 0 0 0 0 0 0 0 0 0 0 0 0 0 0 0 0 0 0 0 0 0 0 0 0 0 0 0 0 0 0 0 0 0 0 0 0 0 0 0 0 0 0 0 0 0 0 0 0 0 0 0 0 0 0 0 0 0 0 0 0 0 0 0 0 0 0 0 0 0 0 0 0 0 0 0 0 0 0 0 0 0 0 0 0 0 0 0 0 0 0 0 0 0 0 0 0 0 0 0 0 0 0 0 0 0 0 0 0 0 0 0 0 0 0 0 0 0 0 0 0 0 0 0 0 0 0 0 0 0 0 0 0 0 0 0 0 0 0 0 0 0 0 0 0 0 0 0 0 0 0 0 0 0 0 0 0 0 0 0 0 0 0 0 0 0 0 0 0 0 0 0 0 0 0 0 0 0 0 0 0 0 0 0 0 0 0 0 0 0 0 0 0 0 0 0 0 0 0 0 0 0 0 0 0 0 0 0 0 0 0 0 0 0 0 0 0 0 0 0 0 0 0 0 0 0 0 0 0 0 0 0 0 0 0 0 0 0 0 0 0 0 0 0 0 0 0 0 0 0 0 0 0 0 0 0 0 0 0 0 0 0 0 0 0 0 0 0 0 0 0 0 0 0 0 0 0 0 0 0 0 0 0 0 0 0 0 0 0 0 0 0 0 0 0 0 0 0 0 0 0 0 0 0 0 0 0 0 0 0 0 0 0 0 0 0 0 0 0 0 0 0 0 0 0 0 0 0 0 0 0 0 0 0 0 0 0 0 0 0 0 0 0 0 0 0 0 0 0 0 0 0 0 0 0 0 0 0 0 0 0 0 0 0 0 0 0 0 0 0 0 0 0 0 0 0 0 0 0 0 0 0 0 0 0 0 0 0 0 0 0 0 0 0 0 0 0 0 0 0 0 0 0 0 0 0 0 0 0 0 0 0 0 0 0 0 0 0 0 0 0 0 0 0 0 0 0 0 0 0 0 0 0 0 0 0 0 0 0 0 0 0 0 0 0 0 0 0 0 0 0 0 0 0 0 0 0 0 0 0 0 0 0 0 0 0 0 0 0 0 0 0 0 0 0 0 0 0 0 0 0 0 0 0 0 0 0 0 0 0 0 0 0 0 0 0 0 0 0 0 0 0 0 0 0 0 0 0 0 0 0 0 0 0 0 0 0 0 0 0 0 0 0 0 0 0 0 0 0 0 0 0 0 0 0 0 0 0 0 0 0 0 0 0 0 0 0 0 0 0 0 0 0 0 0 0 0 0 0 0 0 0 0 0 0 0 0 0 0 0 0 0 0 0 0 0 0 0 0 0 0 0 0 0 0 0 0 0 0 0 0 0 0 0 0 0 0 0 0 0 0 0 0 0 0 0 0 0 0 0 0 0 0 0 0 0 0 0 0 0 0 0 0 0 0 0 0 0 0 0 0 0 0 0 0 0 0 0 0 0 0 0 0 0 0 0 0 0 0 0 0 0 0 0 0 0 0 0 0 0 0 0 0 0 0 0 0 0 0 0 0 0 0 0 0 0 0 0 0 0 0 0 0 0 0 0 0 0 0 0 0 0 0 0 0 0 0 0 0 0 0 0 0 0 0 0 0 0 0 0 0 0 0 0 0 0 0 0 0 0 0 0 0 0 0 0 0 0 0 0 0 0 0 0 0 0 0 0 0 0 0 0 0 0 0 0 0 0 0 0 0 0 0 0 0 0 0 0 0 0 0 0 0 0 0 0 0 0 0 0 0 0 0 0 0 0 0 0 0 0 0 0 0 0 0 0 0 0 0 0 0 0 0 0 0 0 0 0 0 0 0 0 0 0 0 0 0 0 0 0 0 0 0 0 0 0 0 0 0 0 0 0 0 0 0 0 0 0 0 0 0 0 0 0 0 0 0 0 0 0 0 0 0 0 0 0 0 0 0 0 0 0 0 0 0 0 0 0 0 0 0 0 0 0 0 0 0 0 0 0 0 0 0 0 0 0 0 0 0 0 0 0 0 0 0 0 0 0 0 0 0 0 0 0 0 0 0 0 0 0 0 0 0 0 0 0 0 0 0 0 0 0 0 0 0 0 0 0 0 0 0 0 0 0 0 0 0 0 0 0 0 0 0 0 0 0 0 0 0 0 0 0 0 0 0 0 0 0 0 0 0 0 0 0 0 0 0 0 0 0 0 0 0 0 0 0 0 0 0 0 0 0 0 0 0 0 0 0 0 0 0 0 0 0 0 0 0 0 0 0 0 0 0 0 0 0 0 0 0 0 0 0 0 0 0 0 0 0 0 0 0 0 0 0 0 0 0 0 0 0 0 0 0 0 0 0 0 0 0 0 0 0 0 0 0 0 0 0 0 0 0 0 0 0 0 0 0 0 0 0 0 0 0 0 0 0 0 0 0 0 0 0 0 0 0 0 0 0 0 0 0 0 0 0 0 0 0 0 0 0 0 0 0 0 0 0 0 0 0 0 0 0 0 0 0 0 0 0 0 0 0 0 0 0 0 0 0 0 0 0 0 0 0 0 0 0 0 0 0 0 0 0 0 0 0 0 0 0 0 0 0 0 0 0 0 0 0 0 0 0 0 0 0 0 0 0 0 0 0 0 0 0 0 0 0 0 0 0 0 0 0 0 0 0 0 0 0 0 0 0 0 0 0 0 0 0 0 0 0 0 0 0 0 0 0 0 0 0 0 0 0 0 0 0 0 0 0 0 0 0 0 0 0 0 0 0 0 0 0 0 0 0 0 0 0 0 0 0 0 0 0 0 0 0 0 0 0 0 0 0 0 0 0 0 0 0 0 0 0 0 0 0 0 0 0 0 0 0 0 0 0 0 0 0 0 0 0 0 0 0 0 0 0 0 0 0 0 0 0 0 0 0 0 0 0 0 0 0 0 0 0 0 0 0 0 0 0 0 0 0 0 0 0 0 0 0 0 0 0 0 0 0 0 0 0 0 0 0 0 0 0 0 0 0 0 0 0 0 0 0 0 0 0 0 0 0 0 0 0 0 0 0 0 0 0 0 0 0 0 0 0 0 0 0 0 0 0 0 0 0 0 0 0 0 0 0 0 0 0 0 0 0 0 0 0 0 0 0 0 0 0 0 0 0 0 0 0 0 0 0 0 0 0 0 0 0 0 0 0 0 0 0 0 0 0 0 0 0 0 0 0 0 0 0 0 0 0 0 0 0 0 0 0 0 0 0 0 0 0 0 0 0 0 0 0 0 0 0 0 0 0 0 0 0 0 0 0 0 0 0 0 0 0 0 0 0 0 0 0 0 0 0 0 0 0 0 0 0 0 0 0 0 0 0 0 0 0 0 0 0 0 0 0 0 0 0 0 0 0 0 0 0 0 0 0 0 0 0 0 0 0 0 0 0 0 0 0 0 0 0 0 0 0 0 0 0 0 0 0 0 0 0 0 0 0 0 0 0 0 0 0 0 0 0 0 0 0 0 0 0 0 0 0 0 0 0 0 0 0 0 0 0 0 0 0 0 0 0 0 0 0 0 0 0 0 0 0 0 0 0 0 0 0 0 0 0 0 0 0 0 0 0 0 0 0 0 0 0 0 0 0 0 0 0 0 0 0 0 0 0 0 0 0 0 0 0 0 0 0 0 0 0 0 0 0 0 0 0 0 0 0 0 0 0 0 0 0 0 0 0 0 0 0 0 0 0 0 0 0 0 0 0 0 0 0 0 0 0 0 0 0 0 0 0 0 0 0 0 0 0 0 0 0 0 0 0 0 0 0 0 0 0 0 0 0 0 0 0 0 0 0 0 0 0 0 0 0 0 0 0 0 0 0 0 0 0 0 0 0 0 0 0 0 0 0 0 0 0 0 0 0 0 0 0 0 0 0 0 0 0
ctxt 1817327
btime 1613122782
processes 40895
procs_running 1
procs_blocked 0
softirq 17240621 1 9913951 753 347115 0 0 174 720538 0 6258089
