cpu  33339469 4 64622 7090981 420 0 4830 0 0 0
cpu0 926871 1 2347 195378 0 0 550 0 0 0
cpu1 925347 0 2578 196968 1 0 106 0 0 0
cpu2 926154 0 2206 196483 79 0 78 0 0 0
cpu3 924881 0 2686 197369 1 0 77 0 0 0
cpu4 925818 0 1786 197371 1 0 40 0 0 0
cpu5 925400 0 2089 197476 0 0 56 0 0 0
cpu6 926322 0 1505 196987 72 0 116 0 0 0
cpu7 926615 0 1222 197102 3 0 58 0 0 0
cpu8 926302 0 1594 197074 6 0 24 0 0 0
cpu9 926535 0 1256 197152 1 0 65 0 0 0
cpu10 925938 0 1649 197332 5 0 90 0 0 0
cpu11 925279 0 2215 197303 3 0 206 0 0 0
cpu12 923366 0 3998 197221 4 0 404 0 0 0
cpu13 925512 0 2444 196944 1 0 85 0 0 0
cpu14 925220 0 2786 196894 8 0 94 0 0 0
cpu15 925054 0 2669 197234 2 0 42 0 0 0
cpu16 928075 0 2574 194279 0 0 89 0 0 0
cpu17 926041 0 1595 197287 22 0 50 0 0 0
cpu18 926820 0 1312 196837 13 0 19 0 0 0
cpu19 925973 0 1848 197052 9 0 130 0 0 0
cpu20 926554 0 1227 197156 45 0 18 0 0 0
cpu21 925653 0 2107 197216 10 0 16 0 0 0
cpu22 926574 0 1050 197282 50 0 45 0 0 0
cpu23 926470 0 1110 197350 4 0 74 0 0 0
cpu24 927116 0 628 197236 1 0 20 0 0 0
cpu25 926322 0 1308 197270 1 0 101 0 0 0
cpu26 926685 0 1014 197241 13 0 53 0 0 0
cpu27 925982 0 1415 197377 4 0 221 0 0 0
cpu28 926174 0 1478 197328 4 0 20 0 0 0
cpu29 922805 0 3226 197282 2 0 1682 0 0 0
cpu30 926646 0 1264 197076 3 0 10 0 0 0
cpu31 926523 0 1456 196944 14 0 72 0 0 0
cpu32 926916 0 848 197231 1 0 18 0 0 0
cpu33 927088 0 1397 196487 3 0 18 0 0 0
cpu34 926931 0 1211 196798 8 0 52 0 0 0
cpu35 927493 0 1509 195947 7 0 18 0 0 0
intr 91889849 56 0 0 0 611 0 0 0 1 0 250 0 0 0 0 0 0 0 0 0 0 0 0 0 0 0 0 0 0 0 0 93 206 238 9804 176 3113 325 3148 509 352 158 653 355 1252 937 687 511 296 628 2564 551 3452 1151 1832 416 0 0 0 0 161 99 375 350 362 1135 750 1005 161 332 774 820 0 0 16 16851 4425 0 23009 1832 1453 1235 1853 2291 1152 1464 2161 1744 3744 3308 95587 20087 4194 1853 2468 1286 1381 1260 1122 1603 1971 2063 1073 871 2935 1861 3851 218613 907 1626 1624 1209 4962 2895 0 16 7849 1 0 0 0 0 0 0 0 0 0 0 0 0 0 0 0 0 0 0 0 0 0 0 0 0 0 0 0 0 0 0 0 0 0 0 0 0 0 25 0 0 0 0 0 0 0 0 0 0 0 0 0 0 0 0 0 0 0 0 0 0 0 0 0 0 0 0 0 0 0 0 0 0 0 0 0 0 0 0 0 0 0 0 0 0 0 0 0 0 0 0 0 0 0 0 0 0 0 0 0 0 0 0 0 0 0 0 0 0 0 0 0 0 0 0 0 0 0 0 0 0 0 0 0 0 0 0 0 0 0 0 0 0 0 0 0 0 0 0 0 0 0 0 0 0 0 0 0 0 0 0 0 0 0 0 0 0 0 0 0 0 0 0 0 0 0 0 0 0 0 0 0 0 0 0 0 0 0 0 0 0 0 0 0 0 0 0 0 0 0 0 0 0 0 0 0 0 0 0 0 0 0 0 0 0 0 0 0 0 0 0 0 0 0 0 0 0 0 0 0 0 0 0 0 0 0 0 0 0 0 0 0 0 0 0 0 0 0 0 0 0 0 0 0 0 0 0 0 0 0 0 0 0 0 0 0 0 0 0 0 0 0 0 0 0 0 0 0 0 0 0 0 0 0 0 0 0 0 0 0 0 0 0 0 0 0 0 0 0 0 0 0 0 0 0 0 0 0 0 0 0 0 0 0 0 0 0 0 0 0 0 0 0 0 0 0 0 0 0 0 0 0 0 0 0 0 0 0 0 0 0 0 0 0 0 0 0 0 0 0 0 0 0 0 0 0 0 0 0 0 0 0 0 0 0 0 0 0 0 0 0 0 0 0 0 0 0 0 0 0 0 0 0 0 0 0 0 0 0 0 0 0 0 0 0 0 0 0 0 0 0 0 0 0 0 0 0 0 0 0 0 0 0 0 0 0 0 0 0 0 0 0 0 0 0 0 0 0 0 0 0 0 0 0 0 0 0 0 0 0 0 0 0 0 0 0 0 0 0 0 0 0 0 0 0 0 0 0 0 0 0 0 0 0 0 0 0 0 0 0 0 0 0 0 0 0 0 0 0 0 0 0 0 0 0 0 0 0 0 0 0 0 0 0 0 0 0 0 0 0 0 0 0 0 0 0 0 0 0 0 0 0 0 0 0 0 0 0 0 0 0 0 0 0 0 0 0 0 0 0 0 0 0 0 0 0 0 0 0 0 0 0 0 0 0 0 0 0 0 0 0 0 0 0 0 0 0 0 0 0 0 0 0 0 0 0 0 0 0 0 0 0 0 0 0 0 0 0 0 0 0 0 0 0 0 0 0 0 0 0 0 0 0 0 0 0 0 0 0 0 0 0 0 0 0 0 0 0 0 0 0 0 0 0 0 0 0 0 0 0 0 0 0 0 0 0 0 0 0 0 0 0 0 0 0 0 0 0 0 0 0 0 0 0 0 0 0 0 0 0 0 0 0 0 0 0 0 0 0 0 0 0 0 0 0 0 0 0 0 0 0 0 0 0 0 0 0 0 0 0 0 0 0 0 0 0 0 0 0 0 0 0 0 0 0 0 0 0 0 0 0 0 0 0 0 0 0 0 0 0 0 0 0 0 0 0 0 0 0 0 0 0 0 0 0 0 0 0 0 0 0 0 0 0 0 0 0 0 0 0 0 0 0 0 0 0 0 0 0 0 0 0 0 0 0 0 0 0 0 0 0 0 0 0 0 0 0 0 0 0 0 0 0 0 0 0 0 0 0 0 0 0 0 0 0 0 0 0 0 0 0 0 0 0 0 0 0 0 0 0 0 0 0 0 0 0 0 0 0 0 0 0 0 0 0 0 0 0 0 0 0 0 0 0 0 0 0 0 0 0 0 0 0 0 0 0 0 0 0 0 0 0 0 0 0 0 0 0 0 0 0 0 0 0 0 0 0 0 0 0 0 0 0 0 0 0 0 0 0 0 0 0 0 0 0 0 0 0 0 0 0 0 0 0 0 0 0 0 0 0 0 0 0 0 0 0 0 0 0 0 0 0 0 0 0 0 0 0 0 0 0 0 0 0 0 0 0 0 0 0 0 0 0 0 0 0 0 0 0 0 0 0 0 0 0 0 0 0 0 0 0 0 0 0 0 0 0 0 0 0 0 0 0 0 0 0 0 0 0 0 0 0 0 0 0 0 0 0 0 0 0 0 0 0 0 0 0 0 0 0 0 0 0 0 0 0 0 0 0 0 0 0 0 0 0 0 0 0 0 0 0 0 0 0 0 0 0 0 0 0 0 0 0 0 0 0 0 0 0 0 0 0 0 0 0 0 0 0 0 0 0 0 0 0 0 0 0 0 0 0 0 0 0 0 0 0 0 0 0 0 0 0 0 0 0 0 0 0 0 0 0 0 0 0 0 0 0 0 0 0 0 0 0 0 0 0 0 0 0 0 0 0 0 0 0 0 0 0 0 0 0 0 0 0 0 0 0 0 0 0 0 0 0 0 0 0 0 0 0 0 0 0 0 0 0 0 0 0 0 0 0 0 0 0 0 0 0 0 0 0 0 0 0 0 0 0 0 0 0 0 0 0 0 0 0 0 0 0 0
ctxt 23640553
btime 1613124388
processes 591757
procs_running 1
procs_blocked 0
softirq 120579177 1 70387837 941 4455793 0 0 420040 3093567 0 42220998
