cpu  17264585 7 18795 27996696 488 0 943 0 0 0
cpu0 134754 0 491 218013 0 0 150 0 0 0
cpu1 134869 0 108 218798 0 0 7 0 0 0
cpu2 134905 0 107 218756 0 0 0 0 0 0
cpu3 134372 0 506 218834 7 0 32 0 0 0
cpu4 134797 0 194 218799 0 0 5 0 0 0
cpu5 134931 0 63 218780 0 0 16 0 0 0
cpu6 134893 0 114 218743 0 0 9 0 0 0
cpu7 134487 0 476 218760 0 0 40 0 0 0
cpu8 134821 0 192 218772 0 0 5 0 0 0
cpu9 134928 0 84 218781 0 0 0 0 0 0
cpu10 135103 0 90 218596 0 0 0 0 0 0
cpu11 134828 0 202 218751 0 0 6 0 0 0
cpu12 134591 0 234 218931 0 0 15 0 0 0
cpu13 134936 0 68 218782 0 0 2 0 0 0
cpu14 134934 0 70 218780 0 0 3 0 0 0
cpu15 134856 0 223 218686 0 0 19 0 0 0
cpu16 134886 0 138 218763 0 0 1 0 0 0
cpu17 134940 0 58 218786 0 0 0 0 0 0
cpu18 134956 0 74 218758 0 0 0 0 0 0
cpu19 134934 0 144 218697 2 0 6 0 0 0
cpu20 134903 0 128 218761 0 0 2 0 0 0
cpu21 134955 0 56 218782 0 0 0 0 0 0
cpu22 134955 0 56 218771 0 0 0 0 0 0
cpu23 134968 2 241 218564 0 0 9 0 0 0
cpu24 134897 0 157 218728 0 0 3 0 0 0
cpu25 134912 0 76 218799 0 0 0 0 0 0
cpu26 134649 0 179 218905 0 0 12 0 0 0
cpu27 134689 0 368 218640 0 0 38 0 0 0
cpu28 134939 0 233 218534 0 0 0 0 0 0
cpu29 134897 0 110 218765 0 0 1 0 0 0
cpu30 134876 0 131 218776 0 0 2 0 0 0
cpu31 134877 0 242 218635 1 0 9 0 0 0
cpu32 134704 0 129 218942 0 0 5 0 0 0
cpu33 134932 0 69 218704 0 0 22 0 0 0
cpu34 134850 0 144 218782 0 0 13 0 0 0
cpu35 134916 0 398 218424 3 0 31 0 0 0
cpu36 134876 0 146 218748 0 0 2 0 0 0
cpu37 134953 0 60 218764 0 0 0 0 0 0
cpu38 134938 0 70 218774 0 0 1 0 0 0
cpu39 135065 0 325 218381 6 0 1 0 0 0
cpu40 134937 0 111 218722 0 0 1 0 0 0
cpu41 134950 0 56 218777 1 0 0 0 0 0
cpu42 134917 0 88 218769 0 0 4 0 0 0
cpu43 134909 0 292 218521 28 0 10 0 0 0
cpu44 132892 0 377 220431 0 0 36 0 0 0
cpu45 134942 0 65 218766 0 0 1 0 0 0
cpu46 134983 0 64 218730 0 0 0 0 0 0
cpu47 134756 0 561 218356 2 0 49 0 0 0
cpu48 134921 0 96 218758 0 0 1 0 0 0
cpu49 134953 0 56 218759 0 0 0 0 0 0
cpu50 134968 0 74 218736 1 0 0 0 0 0
cpu51 135330 0 224 218206 2 0 2 0 0 0
cpu52 134898 0 117 218764 0 0 3 0 0 0
cpu53 134958 0 61 218748 2 0 0 0 0 0
cpu54 134932 0 65 218773 0 0 0 0 0 0
cpu55 134788 0 206 218760 5 0 7 0 0 0
cpu56 134913 0 101 218762 0 0 4 0 0 0
cpu57 134892 0 54 218822 0 0 0 0 0 0
cpu58 134942 0 68 218765 1 0 2 0 0 0
cpu59 134740 0 181 218751 77 0 8 0 0 0
cpu60 134756 0 260 218729 2 0 32 0 0 0
cpu61 134945 0 54 218774 0 0 0 0 0 0
cpu62 134909 0 82 218777 0 0 3 0 0 0
cpu63 134938 0 172 218647 0 0 6 0 0 0
cpu64 134902 0 107 218763 0 0 0 0 0 0
cpu65 134912 0 68 218787 0 0 0 0 0 0
cpu66 134892 0 108 218768 1 0 2 0 0 0
cpu67 134820 0 289 218550 88 0 7 0 0 0
cpu68 134567 0 208 218960 0 0 8 0 0 0
cpu69 134862 0 73 218827 1 0 0 0 0 0
cpu70 134810 0 182 218762 0 0 14 0 0 0
cpu71 134948 0 254 218519 31 0 8 0 0 0
cpu72 134829 0 193 218744 0 0 0 0 0 0
cpu73 134848 0 58 218859 0 0 0 0 0 0
cpu74 135004 0 70 218702 0 0 0 0 0 0
cpu75 134846 0 251 218628 2 0 14 0 0 0
cpu76 134706 0 109 218934 0 0 6 0 0 0
cpu77 134944 0 50 218772 0 0 0 0 0 0
cpu78 134958 0 53 218747 0 0 0 0 0 0
cpu79 134881 0 141 218713 2 0 3 0 0 0
cpu80 134917 0 99 218752 1 0 0 0 0 0
cpu81 134932 0 44 218779 0 0 0 0 0 0
cpu82 134883 0 58 218813 0 0 0 0 0 0
cpu83 134917 0 131 218703 1 0 6 0 0 0
cpu84 134911 0 108 218742 0 0 0 0 0 0
cpu85 134924 0 46 218787 0 0 0 0 0 0
cpu86 135002 0 62 218700 1 0 0 0 0 0
cpu87 134844 1 232 218648 4 0 25 0 0 0
cpu88 134941 0 82 218740 0 0 0 0 0 0
cpu89 134943 0 60 218760 0 0 0 0 0 0
cpu90 134594 0 182 218973 0 0 2 0 0 0
cpu91 134616 0 228 218862 1 0 17 0 0 0
cpu92 134904 0 112 218736 1 0 1 0 0 0
cpu93 134943 0 51 218760 0 0 0 0 0 0
cpu94 134620 0 132 219001 0 0 2 0 0 0
cpu95 134878 0 192 218657 1 0 6 0 0 0
cpu96 134947 0 84 218725 5 0 0 0 0 0
cpu97 134946 0 58 218752 0 0 0 0 0 0
cpu98 134938 0 66 218748 0 0 0 0 0 0
cpu99 135005 2 259 218498 2 0 7 0 0 0
cpu100 134970 0 68 218722 0 0 0 0 0 0
cpu101 134942 0 68 218744 0 0 0 0 0 0
cpu102 134885 0 87 218780 0 0 4 0 0 0
cpu103 135130 0 285 218337 5 0 0 0 0 0
cpu104 134881 0 77 218789 0 0 0 0 0 0
cpu105 134941 0 68 218742 0 0 0 0 0 0
cpu106 134563 0 78 219086 0 0 2 0 0 0
cpu107 135212 0 208 218326 7 0 0 0 0 0
cpu108 134909 0 105 218727 7 0 0 0 0 0
cpu109 134944 0 53 218753 0 0 0 0 0 0
cpu110 134954 0 57 218740 0 0 0 0 0 0
cpu111 135518 0 678 217447 1 0 74 0 0 0
cpu112 134949 0 95 218711 0 0 0 0 0 0
cpu113 134952 0 51 218748 0 0 0 0 0 0
cpu114 134909 0 70 218760 11 0 0 0 0 0
cpu115 135512 0 332 217816 70 0 3 0 0 0
cpu116 134766 0 164 218814 0 0 5 0 0 0
cpu117 134952 0 52 218736 0 0 0 0 0 0
cpu118 134880 0 60 218797 0 0 0 0 0 0
cpu119 134442 0 310 218939 4 0 40 0 0 0
cpu120 134916 0 104 218728 0 0 2 0 0 0
cpu121 134955 0 57 218735 1 0 0 0 0 0
cpu122 134948 0 58 218744 0 0 0 0 0 0
cpu123 135060 0 173 218455 54 0 2 0 0 0
cpu124 134762 0 101 218884 1 0 1 0 0 0
cpu125 134954 0 64 218723 0 0 0 0 0 0
cpu126 134932 0 72 218735 1 0 0 0 0 0
cpu127 134918 0 208 218601 1 0 2 0 0 0
intr 50409619 130 0 0 0 683 0 0 0 1 0 285 0 0 0 0 0 0 0 0 0 0 0 0 0 0 0 0 0 0 0 0 0 0 0 0 260 0 10 10 838 9035 249 7313 2539 5564 0 3 97 4583 63 0 4782 6586 3 0 20 2213 17 0 0 2783 0 0 651 1756 838 13 2 2389 3 38262 148 9165 9 8 0 1304 137 6 1098 7151 344 0 0 6054 0 367 5 2222 0 0 0 1549 0 0 743 4878 0 0 3031 1719 0 0 2963 5254 735 0 466 5623 0 0 2 4218 163 0 0 2715 0 0 0 3285 47 0 1 2947 0 0 140 2835 0 0 0 1901 0 0 0 3015 0 0 0 324 0 1 1693 802 0 0 0 4771 0 0 0 513 0 0 6 0 0 0 0 0 0 0 0 0 0 163 162 1 62 4 80 206 18 155 1 3 0 9 0 6 0 10 143 11 3 764 3 128 2 84 12 69 14 100 62 7 9 16 0 0 0 0 0 0 0 0 0 0 0 0 0 0 0 0 0 69 7 81 8 70 10 3 1 3 3 44 0 6 26 6 136 39 19 7 19 33 76 0 0 8 0 1 25 0 32 0 1 1 0 6 385 0 0 37 6252 5188 111 286 471 547 289 184 204 207 695 166 188 393 3008 20 85 222 534 32 9906 114 546 75 0 0 0 0 0 0 0 0 0 0 0 0 0 0 0 0 0 0 0 0 0 0 0 0 0 0 0 0 0 0 0 0 0 0 0 0 0 0 0 0 0 0 0 0 0 0 0 0 0 0 0 0 0 0 0 0 0 0 0 0 0 0 0 0 0 0 0 0 0 0 0 0 0 0 0 0 0 0 0 0 0 0 0 0 0 0 0 0 0 0 0 0 0 0 0 0 0 0 0 0 0 0 0 0 0 0 0 0 0 0 0 0 0 0 0 0 0 0 0 0 0 0 0 0 0 0 0 0 0 0 0 0 0 0 0 0 0 0 0 0 0 0 0 0 0 0 0 0 0 0 0 0 0 0 0 0 0 0 0 0 0 0 0 0 0 0 0 0 0 0 0 0 0 0 0 0 0 0 0 0 0 0 0 0 0 0 0 0 0 0 0 0 0 0 0 0 0 0 0 0 0 0 0 0 0 0 0 0 0 0 0 0 0 0 0 0 0 0 0 0 0 0 0 0 0 0 0 0 0 0 0 0 0 0 0 0 0 0 0 0 0 0 0 0 0 0 0 0 0 0 0 0 0 0 0 0 0 0 0 0 0 0 0 0 0 0 0 0 0 0 0 0 0 0 0 0 0 0 0 0 0 0 0 0 0 0 0 0 0 0 0 0 0 0 0 0 0 0 0 0 0 0 0 0 0 0 0 0 0 0 0 0 0 0 0 0 0 0 0 0 0 0 0 0 0 0 0 0 0 0 0 0 0 0 0 0 0 0 0 0 0 0 0 0 0 0 0 0 0 0 0 0 0 0 0 0 0 0 0 0 0 0 0 0 0 0 0 0 0 0 0 0 0 0 0 0 0 0 0 0 0 0 0 0 0 0 0 0 0 0 0 0 0 0 0 0 0 0 0 0 0 0 0 0 0 0 0 0 0 0 0 0 0 0 0 0 0 0 0 0 0 0 0 4 0 0 0 0 0 0 0 47 0 0 48 0 0 0 0 0 0 0 0 0 0 0 0 1 0 0 0 0 0 0 0 0 0 0 0 0 0 0 0 0 0 0 0 0 0 0 0 0 0 0 0 0 0 0 0 0 0 0 0 0 0 0 0 0 0 0 0 0 0 0 0 0 0 0 0 0 0 0 0 0 0 0 0 0 0 0 0 0 0 0 0 0 0 20 0 0 0 0 0 0 0 0 0 0 0 0 0 0 0 0 0 0 0 0 0 0 0 0 0 0 0 0 0 0 0 0 0 0 0 0 0 0 0 0 0 0 0 0 0 0 0 0 0 0 0 0 0 0 0 0 0 0 0 0 0 0 0 0 0 0 0 0 0 0 0 0 0 0 0 0 0 0 0 0 0 0 0 0 0 0 0 0 0 0 0 0 0 0 0 0 0 0 0 0 0 0 0 0 0 0 0 0 0 0 0 0 0 0 0 0 0 0 0 0 0 0 0 0 0 0 0 0 0 0 0 0 0 0 0 0 0 0 0 0 0 0 0 0 0 0 0 0 0 0 0 0 0 0 0 0 0 0 0 0 0 0 0 0 0 0 0 0 0 0 0 0 0 0 0 0 0 0 0 0 0 0 0 0 0 0 0 0 0 0 0 0 0 0 0 0 0 0 0 0 0 0 0 0 0 0 0 0 0 0 0 0 0 0 0 0 0 0 0 0 0 0 0 0 0 0 0 0 0 0 0 0 0 0 0 0 0 0 0 0 0 0 0 0 0 0 0 0 0 0 0 0 0 0 0 0 0 0 0 0 0 0 0 0 0 0 0 0 0 0 0 0 0 0 0 0 0 0 0 0 0 0 0 0 0 0 0 0 0 0 0 0 0 0 0 0 0 0 0 0 0 0 0 0 0 0 0 0 0 0 0 0 0 0 0 0 0 0 0 0 0 0 0 0 0 0 0 0 0 0 0 0 0 0 0 0 0 0 0 0 0 0 0 0 0 0 0 0 0 0 0 0 0 0 0 0 0 0 0 0 0 0 0 0 0 0 0 0 0 0 0 0 0 0 0 0 0 0 0 0 0 0 0 0 0 0 0 0 0 0 0 0 0 0 0 0 0 0 0 0 0 0 0 0 0 0 0 0 0 0 0 0 0 0 0 0 0 0 0 0 0 0 0 0 0 0 0 0 0 0 0 0 0 0 0 0 0 0 0 0 0 0 0 0 0 0 0 0 0 0 0 0 0 0 0 0 0 0 0 0 0 0 0 0 0 0 0 0 0 0 0 0 0 0 0 0 0 0 0 0 0 0 0 0 0 0 0 0 0 0 0 0 0 0 0 0 0 0 0 0 0 0 0 0 0 0 0 0 0 0 0 0 0 0 0 0 0 0 0 0 0 0 0 0 0 0 0 0 0 0 0 0 0 0 0 0 0 0 0 0 0 0 0 0 0 0 0 0 0 0 0 0 0 0 0 0 0 0 0 0 0 0 0 0 0 0 0 0 0 0 0 0 0 0 0 0 0 0 0 0 0 0 0 0 0 0 0 0 0 0 0 0 0 0 0 0 0 0 0 0 0 0 0 0 0 0 0 0 0 0 0 0 0 0 0 0 0 0 0 0 0 0 0 0 0 0 0 0 0 0 0 0 0 0 0 0 0 0 0 0 0 0 0 0 0 0 0 0 0 0 0 0 0 0 0 0 0 0 0 0 0 0 0 0 0 0 0 0 0 0 0 0 0 0 0 0 0 0 0 0 0 0 0 0 0 0 0 0 0 0 0 0 0 0 0 0 0 0 0 0 0 0 0 0 0 0 0 0 0 0 0 0 0 0 0 0 0 0 0 0 0 0 0 0 0 0 0 0 0 0 0 0 0 0 0 0 0 0 0 0 0 0 0 0 0 0 0 0 0 0 0 0 0 0 0 0 0 0 0 0 0 0 0 0 0 0 0 0 0 0 0 0 0 0 0 0 0 0 0 0 0 0 0 0 0 0 0 0 0 0 0 0 0 0 0 0 0 0 0 0 0 0 0 0 0 0 0 0 0 0 0 0 0 0 0 0 0 0 0 0 0 0 0 0 0 0 0 0 0 0 0 0 0 0 0 0 0 0 0 0 0 0 0 0 0 0 0 0 0 0 0 0 0 0 0 0 0 0 0 0 0 0 0 0 0 0 0 0 0 0 0 0 0 0 0 0 0 0 0 0 0 0 0 0 0 0 0 0 0 0 0 0 0 0 0 0 0 0 0 0 0 0 0 0 0 0 0 0 0 0 0 0 0 0 0 0 0 0 0 0 0 0 0 0 0 0 0 0 0 0 0 0 0 0 0 0 0 0 0 0 0 0 0 0 0 0 0 0 0 0 0 0 0 0 0 0 0 0 0 0 0 0 0 0 0 0 0 0 0 0 0 0 0 0 0 0 0 0 0 0 0 0 0 0 0 0 0 0 0 0 0 0 0 0 0 0 0 0 0 0 0 0 0 0 0 0 0 0 0 0 0 0 0 0 0 0 0 0 0 0 0 0 0 0 0 0 0 0 0 0 0 0 0 0 0 0 0 0 0 0 0 0 0 0 0 0 0 0 0 0 0 0 0 0 0 0 0 0 0 0 0 0 0 0 0 0 0 0 0 0 0 0 0 0 0 0 0 0 0 0 0 0 0 0 0 0 0 0 0 0 0 0 0 0 0 0 0 0 0 0 0 0 0 0 0 0 0 0 0 0 0 0 0 0 0 0 0 0 0 0 0 0 0 0 0 0 0 0 0 0 0 0 0 0 0 0 0 0 0 0 0 0 0 0 0 0 0 0 0 0 0 0 0 0 0 0 0 0 0 0 0 0 0 0 0 0 0 0 0 0 0 0 0 0 0 0 0 0 0 0 0 0 0 0 0 0 0 0 0 0 0 0 0 0 0 0 0 0 0 0 0 0 0 0 0 0 0 0 0 0 0 0 0 0 0 0 0 0 0 0 0 0 0 0 0 0 0 0 0 0 0 0 0 0 0 0 0 0 0 0 0 0 0 0 0 0 0 0 0 0 0 0 0 0 0 0 0 0 0 0 0 0 0 0 0 0 0 0 0 0 0 0 0 0 0 0 0 0 0 0 0 0 0 0 0 0 0 0 0 0 0 0 0 0 0 0 0 0 0 0 0 0 0 0 0 0 0 0 0 0 0 0 0 0 0 0 0 0 0 0 0 0 0 0 0 0 0 0 0 0 0 0 0 0 0 0 0 0 0 0 0 0 0 0 0 0 0 0 0 0 0 0 0 0 0 0 0 0 0 0 0 0 0 0 0 0 0 0 0 0 0 0 0 0 0 0 0 0 0 0 0 0 0 0 0 0 0 0 0 0 0 0 0 0 0 0 0 0 0 0 0 0 0 0 0 0 0 0 0 0 0 0 0 0 0 0 0 0 0 0 0 0 0 0 0 0 0 0 0 0 0 0 0 0 0 0 0 0 0 0 0 0 0 0 0 0 0 0 0 0 0 0 0 0 0 0 0 0 0 0 0 0 0 0 0 0 0 0 0 0 0 0 0 0 0 0 0 0 0 0 0 0 0 0 0 0 0 0 0 0 0 0 0 0 0 0 0 0 0 0 0 0 0 0 0 0 0 0 0 0 0 0 0 0 0 0 0 0 0 0 0 0 0 0 0 0 0 0 0 0 0 0 0 0 0 0 0 0 0 0 0 0 0 0 0 0 0 0 0 0 0 0 0 0 0 0 0 0 0 0 0 0 0 0 0 0 0 0 0 0 0 0 0 0 0 0 0 0 0 0 0 0 0 0 0 0 0 0 0 0 0 0 0 0 0 0 0 0 0 0 0 0 0 0 0 0 0 0 0 0 0 0 0 0 0 0 0 0 0 0 0 0 0 0 0 0 0 0 0 0 0 0 0 0 0 0 0 0 0 0 0 0 0 0 0 0 0 0 0 0 0 0 0 0 0 0 0 0 0 0 0 0 0 0 0 0 0 0 0 0 0 0 0 0 0 0 0 0 0 0 0 0 0 0 0 0 0 0 0 0 0 0 0 0 0 0 0 0 0 0 0 0 0 0 0 0 0 0 0 0 0 0 0 0 0 0 0 0 0 0 0 0 0 0 0 0 0 0 0 0 0 0 0 0 0 0 0 0 0 0 0 0 0 0 0 0 0 0 0 0 0 0 0 0 0 0 0 0 0 0 0 0 0 0 0 0 0 0 0 0 0 0 0 0 0 0 0 0 0 0 0 0 0 0 0 0 0 0 0 0 0 0 0 0 0 0 0 0 0 0 0 0 0 0 0 0 0 0 0 0 0 0 0 0 0 0 0 0 0 0 0 0 0 0 0 0 0 0 0 0 0 0 0 0 0 0 0 0 0 0 0 0 0 0 0 0 0 0 0 0 0 0 0 0 0 0 0 0 0 0 0 0 0 0 0 0 0 0 0 0 0 0 0 0 0 0 0 0 0 0 0 0 0 0 0 0 0 0 0 0 0 0 0 0 0 0 0 0 0 0 0 0 0 0 0 0 0 0 0 0 0 0 0 0 0 0 0 0 0 0 0 0 0 0 0 0 0 0 0 0 0 0 0 0 0 0 0 0 0 0 0 0 0 0 0 0 0 0 0 0 0 0 0 0 0 0 0 0 0 0 0 0 0 0 0 0 0 0 0 0 0 0 0 0 0 0 0 0 0 0 0 0 0 0 0 0 0 0 0 0 0 0 0 0 0 0 0 0 0 0 0 0 0 0 0 0 0 0 0 0 0 0 0 0 0 0 0 0 0 0 0 0 0 0 0 0 0 0 0 0 0 0 0 0 0 0 0 0 0 0 0 0 0 0 0 0 0 0 0 0 0 0 0 0 0 0 0 0 0 0 0 0 0 0 0 0 0 0 0 0 0 0 0 0 0 0 0 0 0 0 0 0 0 0 0 0 0 0 0 0 0 0 0 0 0 0 0 0 0 0 0 0 0 0 0 0 0 0 0 0 0 0 0 0 0 0 0 0 0 0 0 0 0 0 0 0 0 0 0 0 0 0 0 0 0 0 0 0 0 0 0 0 0 0 0 0 0 0 0 0 0 0 0 0 0 0 0 0 0 0 0 0 0 0 0 0 0 0 0 0 0 0 0 0 0 0 0 0 0 0 0 0 0 0 0 0 0 0 0 0 0 0 0 0 0 0 0 0 0 0 0 0 0 0 0 0 0 0 0 0 0 0 0 0 0 0 0 0 0 0 0 0 0 0 0 0 0 0 0 0 0 0 0 0 0 0 0 0 0 0 0 0 0 0 0 0 0 0 0 0 0 0 0 0 0 0 0 0 0 0 0 0 0 0 0 0 0 0 0 0 0 0 0 0 0 0 0 0 0 0 0 0 0 0 0 0 0 0 0 0 0 0 0 0 0 0 0 0 0 0 0 0 0 0 0 0 0 0 0 0 0 0 0 0 0 0 0 0 0 0 0 0 0 0 0 0 0 0 0 0 0 0 0 0 0 0 0 0 0 0 0 0 0 0 0 0 0 0 0 0 0 0 0 0 0 0 0 0 0 0 0 0 0 0 0 0 0 0 0 0 0 0 0 0 0 0 0 0 0 0 0 0 0 0 0 0 0 0 0 0 0 0 0 0 0 0 0 0 0 0 0 0 0 0 0 0 0 0 0 0 0 0 0 0 0 0 0 0 0 0 0 0 0 0 0 0 0 0 0 0 0 0 0 0 0 0 0 0 0 0 0 0 0 0 0 0 0 0 0 0 0 0 0 0 0 0 0 0 0 0 0 0 0 0 0 0 0 0 0 0 0 0 0 0 0 0 0 0 0 0 0 0 0 0 0 0 0 0 0 0 0 0 0 0 0 0 0 0 0 0 0 0 0 0 0 0 0 0 0 0 0 0 0 0 0 0 0 0 0 0 0 0 0 0 0 0 0 0 0 0 0 0 0 0 0 0 0 0 0 0 0 0 0 0 0 0 0 0 0 0 0 0 0 0 0 0 0 0 0 0 0 0 0 0 0 0 0 0 0 0 0 0 0 0 0 0 0 0 0 0 0 0 0 0 0 0 0 0 0 0 0 0 0 0 0 0 0 0 0 0 0 0 0 0 0 0 0 0 0 0 0 0 0 0 0 0 0 0 0 0 0 0 0 0 0 0 0 0 0 0 0 0 0 0 0 0 0 0 0 0 0 0 0 0 0 0 0 0 0 0 0 0 0 0 0 0 0 0 0 0 0 0 0 0 0 0 0 0 0 0 0 0 0 0 0 0 0 0 0 0 0 0 0 0 0 0 0 0 0 0 0 0 0 0 0 0 0 0 0 0 0 0 0 0 0 0 0 0 0 0 0 0 0 0 0 0 0 0 0 0 0 0 0 0 0 0 0 0 0 0 0 0 0 0 0 0 0 0 0 0 0 0 0 0 0 0 0 0 0 0 0 0 0 0 0 0 0 0 0 0 0 0 0 0 0 0 0 0 0 0 0 0 0 0 0 0 0 0 0 0 0 0 0 0 0 0 0 0 0 0 0 0 0 0 0 0 0 0 0 0 0 0 0 0 0 0 0 0 0 0 0 0 0 0 0 0 0 0 0 0 0 0 0 0 0 0 0 0 0 0 0 0 0 0 0 0 0 0 0 0 0 0 0 0 0 0 0 0 0 0 0 0 0 0 0 0 0 0 0 0 0 0 0 0 0 0 0 0 0 0 0 0 0 0 0 0 0 0 0 0 0 0 0 0 0 0 0 0 0 0 0 0 0 0 0 0 0 0 0 0 0 0 0 0 0 0 0 0 0 0 0 0 0 0 0 0 0 0 0 0 0 0 0 0 0 0 0 0 0 0 0 0 0 0 0 0 0 0 0 0 0 0 0 0 0 0 0 0 0 0 0 0 0 0 0 0 0 0 0 0 0 0 0 0 0 0 0 0 0 0 0 0 0 0 0 0 0 0 0 0 0 0 0 0 0 0 0 0 0 0 0 0 0 0 0 0 0 0 0 0 0 0 0 0 0 0 0 0 0 0 0 0 0 0 0 0 0 0 0 0 0 0 0 0 0 0 0 0 0 0 0 0 0 0 0 0 0 0 0 0 0 0 0 0 0 0 0 0 0 0 0 0 0 0 0 0 0 0 0 0 0 0 0 0 0 0 0 0 0 0 0 0 0 0 0 0 0 0 0 0 0 0 0 0 0 0 0 0 0 0 0 0 0 0 0 0 0 0 0 0 0 0 0 0 0 0 0 0 0 0 0 0 0 0 0 0 0 0 0 0 0 0 0 0 0 0 0 0 0 0 0 0 0 0 0 0 0 0 0 0 0 0 0 0 0 0 0 0 0 0 0 0 0 0 0 0 0 0 0 0 0 0 0 0 0 0 0 0 0 0 0 0 0 0 0 0 0 0 0 0 0 0 0 0 0 0 0 0 0 0 0 0 0 0 0 0 0 0 0 0 0 0 0 0 0 0 0 0 0 0 0 0 0 0 0 0 0 0 0 0 0 0 0 0 0 0 0 0 0 0 0 0 0 0 0 0 0 0 0 0 0 0 0 0 0 0 0 0 0 0 0 0 0 0 0 0 0 0 0 0 0 0 0 0 0 0 0 0 0 0 0 0 0 0 0 0 0 0 0 0 0 0 0 0 0 0 0 0 0 0 0 0 0 0 0 0 0 0 0 0 0 0 0 0 0 0 0 0 0 0 0 0 0 0 0 0 0 0 0 0 0 0 0 0 0 0 0 0 0 0 0 0 0 0 0 0 0 0 0 0 0 0 0 0 0 0 0 0 0 0 0 0 0 0 0 0 0 0 0 0 0 0 0 0 0 0 0 0 0 0 0 0 0 0 0 0 0 0 0 0 0 0 0 0 0 0 0 0 0 0 0 0 0 0 0 0 0 0 0 0 0 0 0 0 0 0 0 0 0 0 0 0 0 0 0 0 0 0 0 0 0 0 0 0 0 0 0 0 0 0 0 0 0 0 0 0 0 0 0 0 0 0 0 0 0 0 0 0 0 0 0 0 0 0 0 0 0 0 0 0 0 0 0 0 0 0 0 0 0 0 0 0 0 0 0 0 0 0 0 0 0 0 0 0 0 0 0 0 0 0 0 0 0 0 0 0 0 0 0 0 0 0 0 0 0 0 0 0 0 0 0 0 0 0 0 0 0 0 0 0 0 0 0 0 0 0 0 0 0 0 0 0 0 0 0 0 0 0 0 0 0 0 0 0 0 0 0 0 0 0 0 0 0 0 0 0 0 0 0 0 0 0 0 0 0 0 0 0 0 0 0 0 0 0 0 0 0 0 0 0 0 0 0 0 0 0 0 0 0 0 0 0 0 0 0 0 0 0 0 0 0 0 0 0 0 0 0 0 0 0 0 0 0 0 0 0 0 0 0 0 0 0 0 0 0 0 0 0 0 0 0 0 0 0 0 0 0 0 0 0 0 0 0
ctxt 4968172
btime 1613064757
processes 119639
procs_running 1
procs_blocked 0
softirq 55556568 1 32673399 1390 1023338 0 0 165 1857055 0 20001220
