cpu  2217929 6 10719 10344163 503 0 221 0 0 0
cpu0 17266 0 591 80191 0 0 93 0 0 0
cpu1 17318 0 55 80893 0 0 3 0 0 0
cpu2 17362 0 135 80761 1 0 0 0 0 0
cpu3 17189 0 113 80941 3 0 6 0 0 0
cpu4 17288 0 114 80844 8 0 2 0 0 0
cpu5 17322 0 63 80875 1 0 0 0 0 0
cpu6 17414 0 100 80726 8 0 0 0 0 0
cpu7 17311 0 63 80879 0 0 1 0 0 0
cpu8 17304 0 112 80831 0 0 1 0 0 0
cpu9 17314 0 64 80862 2 0 0 0 0 0
cpu10 17526 0 80 80646 0 0 0 0 0 0
cpu11 17313 0 60 80885 0 0 0 0 0 0
cpu12 17316 0 68 80866 0 0 0 0 0 0
cpu13 17312 0 68 80873 0 0 0 0 0 0
cpu14 17396 0 69 80768 2 0 1 0 0 0
cpu15 17320 0 58 80873 0 0 0 0 0 0
cpu16 17304 0 89 80858 0 0 0 0 0 0
cpu17 17319 0 63 80875 0 0 0 0 0 0
cpu18 17351 0 74 80827 0 0 0 0 0 0
cpu19 17176 0 170 80891 3 0 10 0 0 0
cpu20 17314 0 71 80865 0 0 0 0 0 0
cpu21 17318 0 58 80872 2 0 0 0 0 0
cpu22 17342 0 78 80824 1 0 0 0 0 0
cpu23 17312 0 68 80865 0 0 1 0 0 0
cpu24 17332 0 95 80824 0 0 0 0 0 0
cpu25 17304 0 63 80878 0 0 3 0 0 0
cpu26 17440 0 109 80695 0 0 0 0 0 0
cpu27 17318 0 57 80867 0 0 0 0 0 0
cpu28 17343 0 101 80824 0 0 0 0 0 0
cpu29 17319 0 54 80872 0 0 0 0 0 0
cpu30 17408 0 109 80724 0 0 0 0 0 0
cpu31 17065 0 165 80986 0 0 14 0 0 0
cpu32 17334 0 74 80833 1 0 0 0 0 0
cpu33 17322 0 64 80847 0 0 0 0 0 0
cpu34 17404 0 111 80708 1 0 2 0 0 0
cpu35 17168 0 98 80949 1 0 4 0 0 0
cpu36 17319 0 61 80866 0 0 0 0 0 0
cpu37 17254 0 78 80863 0 0 19 0 0 0
cpu38 17406 0 170 80649 7 0 0 0 0 0
cpu39 17319 0 52 80867 2 0 0 0 0 0
cpu40 17320 0 59 80862 0 0 0 0 0 0
cpu41 17310 0 58 80877 0 0 0 0 0 0
cpu42 17454 1 230 80552 5 0 0 0 0 0
cpu43 17311 0 59 80870 0 0 0 0 0 0
cpu44 17318 0 61 80859 0 0 0 0 0 0
cpu45 17314 0 62 80865 0 0 0 0 0 0
cpu46 17443 0 140 80649 5 0 0 0 0 0
cpu47 17315 0 55 80867 1 0 0 0 0 0
cpu48 17324 0 66 80846 1 0 0 0 0 0
cpu49 17317 0 56 80863 0 0 0 0 0 0
cpu50 17444 0 98 80674 17 0 0 0 0 0
cpu51 17314 0 54 80869 0 0 0 0 0 0
cpu52 17314 0 65 80856 1 0 0 0 0 0
cpu53 17315 0 60 80860 1 0 0 0 0 0
cpu54 17396 0 84 80720 27 0 0 0 0 0
cpu55 17314 0 58 80866 0 0 0 0 0 0
cpu56 17314 0 70 80852 1 0 0 0 0 0
cpu57 17314 0 55 80865 0 0 0 0 0 0
cpu58 17866 0 217 80054 88 0 0 0 0 0
cpu59 17270 0 67 80891 0 0 0 0 0 0
cpu60 17308 0 78 80846 0 0 0 0 0 0
cpu61 17319 0 59 80855 0 0 0 0 0 0
cpu62 17321 0 72 80776 60 0 0 0 0 0
cpu63 17322 0 54 80859 0 0 0 0 0 0
cpu64 17307 0 92 80832 1 0 0 0 0 0
cpu65 17314 0 58 80859 0 0 0 0 0 0
cpu66 17314 0 64 80838 10 0 0 0 0 0
cpu67 17278 0 77 80864 3 0 5 0 0 0
cpu68 17303 0 73 80850 0 0 1 0 0 0
cpu69 17313 0 51 80869 0 0 0 0 0 0
cpu70 17365 0 60 80783 9 0 0 0 0 0
cpu71 17233 0 117 80864 0 0 16 0 0 0
cpu72 17310 0 69 80851 0 0 0 0 0 0
cpu73 17311 0 50 80868 0 0 0 0 0 0
cpu74 17504 0 76 80648 0 0 0 0 0 0
cpu75 17309 0 61 80860 0 0 0 0 0 0
cpu76 17319 0 78 80811 8 0 0 0 0 0
cpu77 17316 0 58 80848 1 0 0 0 0 0
cpu78 17390 0 77 80752 7 0 0 0 0 0
cpu79 17324 0 63 80835 0 0 0 0 0 0
cpu80 17313 0 67 80832 9 0 0 0 0 0
cpu81 17317 0 51 80858 0 0 0 0 0 0
cpu82 17348 1 63 80806 3 0 0 0 0 0
cpu83 17235 0 128 80854 0 0 9 0 0 0
cpu84 17288 0 68 80866 0 0 0 0 0 0
cpu85 17322 0 56 80841 2 0 0 0 0 0
cpu86 17333 0 62 80822 5 0 0 0 0 0
cpu87 17304 0 71 80845 0 0 0 0 0 0
cpu88 17286 0 68 80865 0 0 0 0 0 0
cpu89 17318 0 61 80845 0 0 0 0 0 0
cpu90 17358 0 122 80733 2 0 1 0 0 0
cpu91 17309 0 68 80841 0 0 0 0 0 0
cpu92 17315 0 62 80841 2 0 0 0 0 0
cpu93 17319 0 61 80837 0 0 0 0 0 0
cpu94 17380 0 104 80726 2 0 0 0 0 0
cpu95 17218 0 68 80932 0 0 1 0 0 0
cpu96 17317 0 65 80841 0 0 0 0 0 0
cpu97 17321 0 61 80838 0 0 0 0 0 0
cpu98 17410 0 112 80677 2 0 2 0 0 0
cpu99 17287 0 65 80864 0 0 0 0 0 0
cpu100 17355 0 63 80800 1 0 0 0 0 0
cpu101 17316 0 56 80844 0 0 0 0 0 0
cpu102 17408 0 189 80608 1 0 2 0 0 0
cpu103 17317 0 55 80845 0 0 0 0 0 0
cpu104 17040 0 95 81067 1 0 3 0 0 0
cpu105 17317 0 59 80845 0 0 0 0 0 0
cpu106 17522 0 224 80436 21 0 0 0 0 0
cpu107 17316 0 56 80846 0 0 0 0 0 0
cpu108 17283 0 58 80874 0 0 0 0 0 0
cpu109 17318 0 60 80821 1 0 0 0 0 0
cpu110 17428 0 142 80623 19 0 0 0 0 0
cpu111 17286 0 58 80864 0 0 0 0 0 0
cpu112 17314 0 64 80836 0 0 0 0 0 0
cpu113 17320 0 60 80828 1 0 0 0 0 0
cpu114 17385 0 96 80728 4 0 0 0 0 0
cpu115 17316 0 57 80839 2 0 0 0 0 0
cpu116 17318 0 63 80829 2 0 0 0 0 0
cpu117 17316 0 52 80841 0 0 0 0 0 0
cpu118 17362 0 76 80767 6 0 0 0 0 0
cpu119 17316 0 64 80834 0 0 0 0 0 0
cpu120 17317 0 56 80837 1 0 0 0 0 0
cpu121 17320 0 54 80838 0 0 0 0 0 0
cpu122 17349 0 76 80785 1 0 0 0 0 0
cpu123 17232 0 86 80877 1 0 1 0 0 0
cpu124 17315 0 71 80822 0 0 0 0 0 0
cpu125 17320 0 50 80829 5 0 0 0 0 0
cpu126 17324 0 68 80739 70 0 0 0 0 0
cpu127 17318 0 74 80809 2 0 0 0 0 0
intr 7780358 130 0 0 0 691 0 0 0 1 0 249 0 0 0 0 0 0 0 0 0 0 0 0 0 0 0 0 0 0 0 0 0 0 0 0 260 0 5 4 1549 93 0 4 2 1 1 16 9 552 0 0 1636 0 0 0 0 7715 42 7 0 316 1 1 51 3491 23 2 533 1205 40 8 979 572 1 32900 2 7 2 0 0 0 3 108 2 0 0 2 2 0 0 0 0 5 0 3 7 914 0 0 78 22 0 0 0 1729 0 0 322 1130 0 0 12 0 0 0 2 0 0 0 0 2206 0 0 0 476 0 0 0 10 0 0 5 9 0 0 2969 1185 0 0 0 0 0 0 0 0 0 0 0 11 0 0 2 6 0 0 694 0 0 0 0 0 0 0 0 0 0 159 313 54 71 769 415 56 18 25 229 1 1 1 21 1 76 33 2 56 21 3 4 13 0 17 19 5 2 151 33 63 6 70 3 0 0 0 0 0 0 0 0 0 0 0 0 0 0 0 0 3 6 1 0 21 0 0 0 0 7 3 55 0 1 182 1086 5772 39 445 611 245 489 177 69 280 143 195 1731 1916 10123 1676 97 49 485 401 76 166 70 1100 263 15 1 4 113 75 21 21 5 37 2 1 0 0 1 9 4 36 4 2 2 1 33 4 0 0 0 0 0 0 0 0 0 0 0 0 0 0 0 0 0 0 0 0 0 0 0 0 0 0 0 0 0 0 0 0 0 0 0 0 0 0 0 0 0 0 0 0 0 0 0 0 0 0 0 0 0 0 0 0 0 0 0 0 0 0 0 0 0 0 0 0 0 0 0 0 0 0 0 0 0 0 0 0 0 0 0 0 0 0 0 0 0 0 0 0 0 0 0 0 0 0 0 0 0 0 0 0 0 0 0 0 0 0 0 0 0 0 0 0 0 0 0 0 0 0 0 0 0 0 0 0 0 0 0 0 0 0 0 0 0 0 0 0 0 0 0 0 0 0 0 0 0 0 0 0 0 0 0 0 0 0 0 0 0 0 0 0 0 0 0 0 0 0 0 0 0 0 0 0 0 0 0 0 0 0 0 0 0 0 0 0 0 0 0 0 0 0 0 0 0 0 0 0 0 0 0 0 0 0 0 0 0 0 0 0 0 0 0 0 0 0 0 0 0 0 0 0 0 0 0 0 0 0 0 0 0 0 0 0 0 0 0 0 0 0 0 0 0 0 0 0 0 0 0 0 0 0 0 0 0 0 0 0 0 0 0 0 0 0 0 0 0 0 0 0 0 0 0 0 0 0 0 0 0 0 0 0 0 0 0 0 0 0 0 0 0 0 0 0 0 0 0 0 0 0 0 0 0 0 0 0 0 0 0 0 0 0 0 0 0 0 0 0 0 0 0 0 0 0 0 0 0 0 0 0 0 0 0 0 0 0 0 0 0 0 0 0 0 0 0 0 0 0 0 0 0 0 0 0 0 0 0 0 0 0 0 0 0 0 0 0 0 0 0 0 0 0 0 0 0 0 0 0 0 0 0 0 0 0 0 0 0 0 0 0 0 0 0 0 0 0 0 0 0 0 0 0 0 0 0 0 0 0 0 0 0 0 0 0 0 0 0 0 0 0 49 3 0 0 0 0 0 0 0 0 0 0 0 0 0 0 0 0 0 0 49 0 0 0 0 0 0 0 0 0 0 0 0 0 0 0 0 0 0 0 0 0 0 0 0 0 0 0 0 0 0 0 0 0 0 0 0 0 0 0 0 0 0 0 0 0 0 0 0 0 0 0 0 0 0 0 0 0 0 0 0 0 0 0 0 0 0 0 0 0 0 0 0 0 0 15 0 0 0 0 0 0 0 0 0 0 0 0 0 0 0 0 0 0 0 0 0 0 0 0 0 0 0 0 0 0 0 0 0 0 0 0 0 0 0 0 0 0 0 0 0 0 0 0 0 0 0 0 0 0 0 0 0 0 0 0 0 0 0 0 0 0 0 0 0 0 0 0 0 0 0 0 0 0 0 0 0 0 0 0 0 0 0 0 0 0 0 0 0 0 0 0 0 0 0 0 0 0 0 0 0 0 0 0 0 0 0 0 0 0 0 0 0 0 0 0 0 0 0 0 0 0 0 0 0 0 0 0 0 0 0 0 0 0 0 0 0 0 0 0 0 0 0 0 0 0 0 0 0 0 0 0 0 0 0 0 0 0 0 0 0 0 0 0 0 0 0 0 0 0 0 0 0 0 0 0 0 0 0 0 0 0 0 0 0 0 0 0 0 0 0 0 0 0 0 0 0 0 0 0 0 0 0 0 0 0 0 0 0 0 0 0 0 0 0 0 0 0 0 0 0 0 0 0 0 0 0 0 0 0 0 0 0 0 0 0 0 0 0 0 0 0 0 0 0 0 0 0 0 0 0 0 0 0 0 0 0 0 0 0 0 0 0 0 0 0 0 0 0 0 0 0 0 0 0 0 0 0 0 0 0 0 0 0 0 0 0 0 0 0 0 0 0 0 0 0 0 0 0 0 0 0 0 0 0 0 0 0 0 0 0 0 0 0 0 0 0 0 0 0 0 0 0 0 0 0 0 0 0 0 0 0 0 0 0 0 0 0 0 0 0 0 0 0 0 0 0 0 0 0 0 0 0 0 0 0 0 0 0 0 0 0 0 0 0 0 0 0 0 0 0 0 0 0 0 0 0 0 0 0 0 0 0 0 0 0 0 0 0 0 0 0 0 0 0 0 0 0 0 0 0 0 0 0 0 0 0 0 0 0 0 0 0 0 0 0 0 0 0 0 0 0 0 0 0 0 0 0 0 0 0 0 0 0 0 0 0 0 0 0 0 0 0 0 0 0 0 0 0 0 0 0 0 0 0 0 0 0 0 0 0 0 0 0 0 0 0 0 0 0 0 0 0 0 0 0 0 0 0 0 0 0 0 0 0 0 0 0 0 0 0 0 0 0 0 0 0 0 0 0 0 0 0 0 0 0 0 0 0 0 0 0 0 0 0 0 0 0 0 0 0 0 0 0 0 0 0 0 0 0 0 0 0 0 0 0 0 0 0 0 0 0 0 0 0 0 0 0 0 0 0 0 0 0 0 0 0 0 0 0 0 0 0 0 0 0 0 0 0 0 0 0 0 0 0 0 0 0 0 0 0 0 0 0 0 0 0 0 0 0 0 0 0 0 0 0 0 0 0 0 0 0 0 0 0 0 0 0 0 0 0 0 0 0 0 0 0 0 0 0 0 0 0 0 0 0 0 0 0 0 0 0 0 0 0 0 0 0 0 0 0 0 0 0 0 0 0 0 0 0 0 0 0 0 0 0 0 0 0 0 0 0 0 0 0 0 0 0 0 0 0 0 0 0 0 0 0 0 0 0 0 0 0 0 0 0 0 0 0 0 0 0 0 0 0 0 0 0 0 0 0 0 0 0 0 0 0 0 0 0 0 0 0 0 0 0 0 0 0 0 0 0 0 0 0 0 0 0 0 0 0 0 0 0 0 0 0 0 0 0 0 0 0 0 0 0 0 0 0 0 0 0 0 0 0 0 0 0 0 0 0 0 0 0 0 0 0 0 0 0 0 0 0 0 0 0 0 0 0 0 0 0 0 0 0 0 0 0 0 0 0 0 0 0 0 0 0 0 0 0 0 0 0 0 0 0 0 0 0 0 0 0 0 0 0 0 0 0 0 0 0 0 0 0 0 0 0 0 0 0 0 0 0 0 0 0 0 0 0 0 0 0 0 0 0 0 0 0 0 0 0 0 0 0 0 0 0 0 0 0 0 0 0 0 0 0 0 0 0 0 0 0 0 0 0 0 0 0 0 0 0 0 0 0 0 0 0 0 0 0 0 0 0 0 0 0 0 0 0 0 0 0 0 0 0 0 0 0 0 0 0 0 0 0 0 0 0 0 0 0 0 0 0 0 0 0 0 0 0 0 0 0 0 0 0 0 0 0 0 0 0 0 0 0 0 0 0 0 0 0 0 0 0 0 0 0 0 0 0 0 0 0 0 0 0 0 0 0 0 0 0 0 0 0 0 0 0 0 0 0 0 0 0 0 0 0 0 0 0 0 0 0 0 0 0 0 0 0 0 0 0 0 0 0 0 0 0 0 0 0 0 0 0 0 0 0 0 0 0 0 0 0 0 0 0 0 0 0 0 0 0 0 0 0 0 0 0 0 0 0 0 0 0 0 0 0 0 0 0 0 0 0 0 0 0 0 0 0 0 0 0 0 0 0 0 0 0 0 0 0 0 0 0 0 0 0 0 0 0 0 0 0 0 0 0 0 0 0 0 0 0 0 0 0 0 0 0 0 0 0 0 0 0 0 0 0 0 0 0 0 0 0 0 0 0 0 0 0 0 0 0 0 0 0 0 0 0 0 0 0 0 0 0 0 0 0 0 0 0 0 0 0 0 0 0 0 0 0 0 0 0 0 0 0 0 0 0 0 0 0 0 0 0 0 0 0 0 0 0 0 0 0 0 0 0 0 0 0 0 0 0 0 0 0 0 0 0 0 0 0 0 0 0 0 0 0 0 0 0 0 0 0 0 0 0 0 0 0 0 0 0 0 0 0 0 0 0 0 0 0 0 0 0 0 0 0 0 0 0 0 0 0 0 0 0 0 0 0 0 0 0 0 0 0 0 0 0 0 0 0 0 0 0 0 0 0 0 0 0 0 0 0 0 0 0 0 0 0 0 0 0 0 0 0 0 0 0 0 0 0 0 0 0 0 0 0 0 0 0 0 0 0 0 0 0 0 0 0 0 0 0 0 0 0 0 0 0 0 0 0 0 0 0 0 0 0 0 0 0 0 0 0 0 0 0 0 0 0 0 0 0 0 0 0 0 0 0 0 0 0 0 0 0 0 0 0 0 0 0 0 0 0 0 0 0 0 0 0 0 0 0 0 0 0 0 0 0 0 0 0 0 0 0 0 0 0 0 0 0 0 0 0 0 0 0 0 0 0 0 0 0 0 0 0 0 0 0 0 0 0 0 0 0 0 0 0 0 0 0 0 0 0 0 0 0 0 0 0 0 0 0 0 0 0 0 0 0 0 0 0 0 0 0 0 0 0 0 0 0 0 0 0 0 0 0 0 0 0 0 0 0 0 0 0 0 0 0 0 0 0 0 0 0 0 0 0 0 0 0 0 0 0 0 0 0 0 0 0 0 0 0 0 0 0 0 0 0 0 0 0 0 0 0 0 0 0 0 0 0 0 0 0 0 0 0 0 0 0 0 0 0 0 0 0 0 0 0 0 0 0 0 0 0 0 0 0 0 0 0 0 0 0 0 0 0 0 0 0 0 0 0 0 0 0 0 0 0 0 0 0 0 0 0 0 0 0 0 0 0 0 0 0 0 0 0 0 0 0 0 0 0 0 0 0 0 0 0 0 0 0 0 0 0 0 0 0 0 0 0 0 0 0 0 0 0 0 0 0 0 0 0 0 0 0 0 0 0 0 0 0 0 0 0 0 0 0 0 0 0 0 0 0 0 0 0 0 0 0 0 0 0 0 0 0 0 0 0 0 0 0 0 0 0 0 0 0 0 0 0 0 0 0 0 0 0 0 0 0 0 0 0 0 0 0 0 0 0 0 0 0 0 0 0 0 0 0 0 0 0 0 0 0 0 0 0 0 0 0 0 0 0 0 0 0 0 0 0 0 0 0 0 0 0 0 0 0 0 0 0 0 0 0 0 0 0 0 0 0 0 0 0 0 0 0 0 0 0 0 0 0 0 0 0 0 0 0 0 0 0 0 0 0 0 0 0 0 0 0 0 0 0 0 0 0 0 0 0 0 0 0 0 0 0 0 0 0 0 0 0 0 0 0 0 0 0 0 0 0 0 0 0 0 0 0 0 0 0 0 0 0 0 0 0 0 0 0 0 0 0 0 0 0 0 0 0 0 0 0 0 0 0 0 0 0 0 0 0 0 0 0 0 0 0 0 0 0 0 0 0 0 0 0 0 0 0 0 0 0 0 0 0 0 0 0 0 0 0 0 0 0 0 0 0 0 0 0 0 0 0 0 0 0 0 0 0 0 0 0 0 0 0 0 0 0 0 0 0 0 0 0 0 0 0 0 0 0 0 0 0 0 0 0 0 0 0 0 0 0 0 0 0 0 0 0 0 0 0 0 0 0 0 0 0 0 0 0 0 0 0 0 0 0 0 0 0 0 0 0 0 0 0 0 0 0 0 0 0 0 0 0 0 0 0 0 0 0 0 0 0 0 0 0 0 0 0 0 0 0 0 0 0 0 0 0 0 0 0 0 0 0 0 0 0 0 0 0 0 0 0 0 0 0 0 0 0 0 0 0 0 0 0 0 0 0 0 0 0 0 0 0 0 0 0 0 0 0 0 0 0 0 0 0 0 0 0 0 0 0 0 0 0 0 0 0 0 0 0 0 0 0 0 0 0 0 0 0 0 0 0 0 0 0 0 0 0 0 0 0 0 0 0 0 0 0 0 0 0 0 0 0 0 0 0 0 0 0 0 0 0 0 0 0 0 0 0 0 0 0 0 0 0 0 0 0 0 0 0 0 0 0 0 0 0 0 0 0 0 0 0 0 0 0 0 0 0 0 0 0 0 0 0 0 0 0 0 0 0 0 0 0 0 0 0 0 0 0 0 0 0 0 0 0 0 0 0 0 0 0 0 0 0 0 0 0 0 0 0 0 0 0 0 0 0 0 0 0 0 0 0 0 0 0 0 0 0 0 0 0 0 0 0 0 0 0 0 0 0 0 0 0 0 0 0 0 0 0 0 0 0 0 0 0 0 0 0 0 0 0 0 0 0 0 0 0 0 0 0 0 0 0 0 0 0 0 0 0 0 0 0 0 0 0 0 0 0 0 0 0 0 0 0 0 0 0 0 0 0 0 0 0 0 0 0 0 0 0 0 0 0 0 0 0 0 0 0 0 0 0 0 0 0 0 0 0 0 0 0 0 0 0 0 0 0 0 0 0 0 0 0 0 0 0 0 0 0 0 0 0 0 0 0 0 0 0 0 0 0 0 0 0 0 0 0 0 0 0 0 0 0 0 0 0 0 0 0 0 0 0 0 0 0 0 0 0 0 0 0 0 0 0 0 0 0 0 0 0 0 0 0 0 0 0 0 0 0 0 0 0 0 0 0 0 0 0 0 0 0 0 0 0 0 0 0 0 0 0 0 0 0 0 0 0 0 0 0 0 0 0 0 0 0 0 0 0 0 0 0 0 0 0 0 0 0 0 0 0 0 0 0 0 0 0 0 0 0 0 0 0 0 0 0 0 0 0 0 0 0 0 0 0 0 0 0 0 0 0 0 0 0 0 0 0 0 0 0 0 0 0 0 0 0 0 0 0 0 0 0 0 0 0 0 0 0 0 0 0 0 0 0 0 0 0 0 0 0 0 0 0 0 0 0 0 0 0 0 0 0 0 0 0 0 0 0 0 0 0 0 0 0 0 0 0 0 0 0 0 0 0 0 0 0 0 0 0 0 0 0 0 0 0 0 0 0 0 0 0 0 0 0 0 0 0 0 0 0 0 0 0 0 0 0 0 0 0 0 0 0 0 0 0 0 0 0 0 0 0 0 0 0 0 0 0 0 0 0 0 0 0 0 0 0 0 0 0 0 0 0 0 0 0 0 0 0 0 0 0 0 0 0 0 0 0 0 0 0 0 0 0 0 0 0 0 0 0 0 0 0 0 0 0 0 0 0 0 0 0 0 0 0 0 0 0 0 0 0 0 0 0 0 0 0 0 0 0 0 0 0 0 0 0 0 0 0 0 0 0 0 0 0 0 0 0 0 0 0 0 0 0 0 0 0 0 0 0 0 0 0 0 0 0 0 0 0 0 0 0 0 0 0 0 0 0 0 0 0 0 0 0 0 0 0 0 0 0 0 0 0 0 0 0 0 0 0 0 0 0 0 0 0 0 0 0 0 0 0 0 0 0 0 0 0 0 0 0 0 0 0 0 0 0 0 0 0 0 0 0 0 0 0 0 0 0 0 0 0 0 0 0 0 0 0 0 0 0 0 0 0 0 0 0 0 0 0 0 0 0 0 0 0 0 0 0 0 0 0 0 0 0 0 0 0 0 0 0 0 0 0 0 0 0 0 0 0 0 0 0 0 0 0 0 0 0 0 0 0 0 0 0 0 0 0 0 0 0 0 0 0 0 0 0 0 0 0 0 0 0 0 0 0 0 0 0 0 0 0 0 0 0 0 0 0 0 0 0 0 0 0 0 0 0 0 0 0 0 0 0 0 0 0 0 0 0 0 0 0 0 0 0 0 0 0 0 0 0 0 0 0 0 0 0 0 0 0 0 0 0 0 0 0 0 0 0 0 0 0 0 0 0 0 0 0 0 0 0 0 0 0 0 0 0 0 0 0 0 0 0 0 0 0 0 0 0 0 0 0 0 0 0 0 0 0 0 0 0 0 0 0 0 0 0 0 0 0 0 0 0 0 0 0 0 0 0 0 0 0 0 0 0 0 0 0 0 0 0 0 0 0 0 0 0 0 0 0 0 0 0 0 0 0 0 0 0 0 0 0 0 0 0 0 0 0 0 0 0 0 0 0 0 0 0 0 0 0 0 0 0 0 0 0 0 0 0 0 0 0 0 0 0 0 0 0 0 0 0 0 0 0 0 0 0 0 0 0 0 0 0 0 0 0 0 0 0 0 0 0 0 0 0 0 0 0 0 0 0 0 0 0 0 0 0 0 0 0 0 0 0 0 0 0 0 0 0 0 0 0 0 0 0 0 0 0 0 0 0 0 0 0 0 0 0 0 0 0 0 0 0 0 0 0 0 0 0 0 0 0 0 0 0 0 0 0 0 0 0 0 0 0 0 0 0 0 0 0 0 0 0 0 0 0 0 0 0 0 0 0 0 0 0 0 0 0 0 0 0 0 0 0 0 0 0 0 0 0 0 0 0 0 0 0 0 0 0 0 0 0 0 0 0 0 0 0 0 0 0 0 0 0 0 0 0 0 0 0 0 0 0 0 0 0 0 0 0 0 0 0 0 0 0 0 0 0 0 0 0 0 0 0 0 0 0 0 0 0 0 0 0 0 0 0 0 0 0 0 0 0 0 0 0 0 0 0 0 0 0 0 0 0 0 0 0 0 0 0 0 0 0 0 0 0 0 0 0 0 0 0 0 0 0 0 0 0 0 0 0 0 0 0 0 0 0 0 0 0 0 0 0 0 0 0 0 0 0 0 0 0 0 0 0 0 0 0 0 0 0 0 0 0 0 0 0 0 0 0 0 0 0 0 0 0 0 0 0 0 0 0 0 0 0 0 0 0 0 0 0 0 0 0 0 0 0 0 0 0 0 0 0 0 0 0 0 0 0 0 0 0 0 0 0 0 0 0 0 0 0 0 0 0 0 0 0 0 0 0 0 0 0 0 0 0 0 0 0 0 0 0 0 0 0 0 0 0 0 0 0 0 0 0 0 0 0 0 0 0 0 0 0 0 0 0 0 0 0 0 0 0 0 0 0 0 0 0 0 0 0 0 0 0 0 0 0 0 0 0 0 0 0 0 0 0 0 0 0 0 0 0 0 0 0 0 0 0 0 0 0 0 0 0 0 0 0 0 0 0 0 0 0 0 0 0 0 0 0 0 0 0 0 0 0 0 0 0 0 0 0 0 0 0 0 0 0 0 0 0 0 0 0 0 0 0 0 0 0 0 0 0 0 0 0 0 0 0 0 0 0 0 0 0 0 0 0 0 0 0 0 0 0 0 0 0 0 0 0 0 0 0 0 0 0 0 0 0 0 0 0 0 0 0 0 0 0 0 0 0 0 0 0 0 0 0 0 0 0 0 0 0 0 0 0 0 0 0 0 0 0 0 0 0 0 0 0 0 0 0 0 0 0 0 0 0 0 0 0 0 0 0 0 0 0 0 0 0 0 0 0 0 0 0 0 0 0 0 0 0 0 0 0 0 0 0 0 0 0 0 0 0 0 0 0 0 0 0 0 0 0 0 0 0 0 0 0 0 0 0 0 0 0 0 0 0 0 0 0 0 0 0 0 0 0 0
ctxt 1248747
btime 1613122782
processes 27513
procs_running 1
procs_blocked 0
softirq 8090350 1 4715088 874 216038 0 0 167 430605 0 2727577
