cpu  74298174 5 69686 12992192 701 0 5570 0 0 0
cpu0 577845 0 3080 100973 0 0 539 0 0 0
cpu1 579937 0 1302 101279 8 0 29 0 0 0
cpu2 579576 0 1055 101825 0 0 92 0 0 0
cpu3 579936 0 913 101642 1 0 80 0 0 0
cpu4 579462 0 1419 101535 0 0 144 0 0 0
cpu5 580047 0 884 101570 0 0 55 0 0 0
cpu6 580165 0 501 101876 0 0 30 0 0 0
cpu7 580328 0 509 101702 0 0 38 0 0 0
cpu8 579488 0 1254 101665 0 0 149 0 0 0
cpu9 579981 0 954 101537 0 0 86 0 0 0
cpu10 579969 0 576 101943 0 0 67 0 0 0
cpu11 580408 0 425 101711 0 0 36 0 0 0
cpu12 579660 0 1187 101574 0 0 124 0 0 0
cpu13 580667 0 814 101059 1 0 32 0 0 0
cpu14 580336 0 500 101680 0 0 36 0 0 0
cpu15 580040 0 584 101897 0 0 44 0 0 0
cpu16 580048 0 825 101611 0 0 70 0 0 0
cpu17 580403 1 875 101222 0 0 59 0 0 0
cpu18 580552 0 398 101600 0 0 35 0 0 0
cpu19 580398 0 413 101725 0 0 36 0 0 0
cpu20 579234 0 1036 102139 0 0 124 0 0 0
cpu21 581400 0 742 100400 0 0 28 0 0 0
cpu22 580444 0 456 101644 0 0 32 0 0 0
cpu23 579937 0 490 101859 0 0 241 0 0 0
cpu24 580149 0 866 101469 0 0 79 0 0 0
cpu25 580953 0 592 101004 0 0 27 0 0 0
cpu26 580686 0 310 101567 0 0 23 0 0 0
cpu27 580017 0 521 101966 0 0 37 0 0 0
cpu28 580475 0 577 101467 0 0 51 0 0 0
cpu29 580919 0 559 101040 0 0 28 0 0 0
cpu30 580703 0 301 101559 0 0 12 0 0 0
cpu31 580080 0 734 101648 0 0 103 0 0 0
cpu32 579026 0 1948 101344 0 0 277 0 0 0
cpu33 581138 0 395 101015 4 0 20 0 0 0
cpu34 580706 0 288 101559 0 0 14 0 0 0
cpu35 580325 0 376 101831 1 0 39 0 0 0
cpu36 580363 0 619 101523 0 0 54 0 0 0
cpu37 581378 0 474 100633 66 0 13 0 0 0
cpu38 579777 0 495 102182 0 0 45 0 0 0
cpu39 580578 0 294 101685 0 0 16 0 0 0
cpu40 579579 0 886 102029 2 0 54 0 0 0
cpu41 580992 0 354 101173 30 0 14 0 0 0
cpu42 580536 0 308 101700 0 0 20 0 0 0
cpu43 580544 0 306 101689 1 0 30 0 0 0
cpu44 580193 0 694 101606 1 0 50 0 0 0
cpu45 580756 0 497 101158 112 0 24 0 0 0
cpu46 580388 0 536 101562 0 0 73 0 0 0
cpu47 580441 0 386 101707 0 0 30 0 0 0
cpu48 579858 0 940 101650 0 0 93 0 0 0
cpu49 580734 0 526 101286 0 0 22 0 0 0
cpu50 579862 0 507 102130 0 0 37 0 0 0
cpu51 580530 0 366 101638 0 0 36 0 0 0
cpu52 580349 0 599 101568 0 0 40 0 0 0
cpu53 580659 0 516 101230 92 0 41 0 0 0
cpu54 580794 0 224 101529 4 0 14 0 0 0
cpu55 580508 0 320 101713 2 0 26 0 0 0
cpu56 580376 0 518 101608 0 0 37 0 0 0
cpu57 580325 0 519 101657 1 0 33 0 0 0
cpu58 580562 0 326 101662 0 0 16 0 0 0
cpu59 580503 0 370 101655 0 0 33 0 0 0
cpu60 579782 0 985 101649 0 0 119 0 0 0
cpu61 580730 0 414 101376 8 0 30 0 0 0
cpu62 580504 0 407 101621 0 0 22 0 0 0
cpu63 580345 0 428 101742 0 0 44 0 0 0
cpu64 580405 0 686 101234 185 0 29 0 0 0
cpu65 580388 0 670 101463 1 0 11 0 0 0
cpu66 580397 0 498 101625 2 0 35 0 0 0
cpu67 580101 0 593 101807 0 0 56 0 0 0
cpu68 579778 0 1181 101443 0 0 134 0 0 0
cpu69 580696 0 495 101302 32 0 12 0 0 0
cpu70 580155 0 465 101907 0 0 21 0 0 0
cpu71 580458 0 370 101704 0 0 20 0 0 0
cpu72 580350 0 609 101542 2 0 44 0 0 0
cpu73 580546 0 646 101311 3 0 34 0 0 0
cpu74 580204 0 367 101943 1 0 40 0 0 0
cpu75 580590 0 325 101599 0 0 22 0 0 0
cpu76 580404 0 562 101548 1 0 42 0 0 0
cpu77 580921 0 522 101077 15 0 10 0 0 0
cpu78 580422 0 320 101765 0 0 19 0 0 0
cpu79 580040 0 684 101739 0 0 76 0 0 0
cpu80 580567 0 447 101500 0 0 25 0 0 0
cpu81 580751 0 521 101228 28 0 15 0 0 0
cpu82 580652 0 378 101504 0 0 18 0 0 0
cpu83 580503 0 394 101636 1 0 23 0 0 0
cpu84 580453 0 534 101528 0 0 35 0 0 0
cpu85 581512 0 496 100518 1 0 14 0 0 0
cpu86 580381 0 331 101818 0 0 17 0 0 0
cpu87 580604 0 278 101645 1 0 13 0 0 0
cpu88 580522 0 382 101612 0 0 26 0 0 0
cpu89 583723 2 786 97987 6 0 10 0 0 0
cpu90 580646 0 240 101643 0 0 14 0 0 0
cpu91 580456 0 384 101689 0 0 26 0 0 0
cpu92 580270 0 488 101650 0 0 118 0 0 0
cpu93 582677 0 604 99224 1 0 10 0 0 0
cpu94 580787 0 209 101540 0 0 8 0 0 0
cpu95 580674 0 254 101608 0 0 15 0 0 0
cpu96 580530 0 519 101446 7 0 35 0 0 0
cpu97 580889 0 420 101201 1 0 8 0 0 0
cpu98 580620 0 248 101648 0 0 12 0 0 0
cpu99 580595 0 296 101633 0 0 19 0 0 0
cpu100 580290 0 614 101573 12 0 45 0 0 0
cpu101 580763 0 263 101479 1 0 6 0 0 0
cpu102 580553 0 242 101729 1 0 7 0 0 0
cpu103 580410 0 248 101853 0 0 8 0 0 0
cpu104 580457 0 556 101495 0 0 32 0 0 0
cpu105 580757 0 344 101426 0 0 7 0 0 0
cpu106 580786 0 191 101563 0 0 6 0 0 0
cpu107 580522 0 282 101703 0 0 19 0 0 0
cpu108 580198 0 548 101734 2 0 34 0 0 0
cpu109 581029 0 514 100978 0 0 14 0 0 0
cpu110 580502 0 341 101676 0 0 12 0 0 0
cpu111 580580 0 318 101633 0 0 13 0 0 0
cpu112 580486 0 496 101512 0 0 36 0 0 0
cpu113 580813 0 350 101363 3 0 6 0 0 0
cpu114 580729 0 272 101530 0 0 12 0 0 0
cpu115 580562 0 290 101677 0 0 18 0 0 0
cpu116 580677 0 381 101440 0 0 24 0 0 0
cpu117 580334 0 406 101755 5 0 16 0 0 0
cpu118 580706 0 230 101590 0 0 10 0 0 0
cpu119 580390 0 440 101668 0 0 42 0 0 0
cpu120 580717 0 310 101496 0 0 8 0 0 0
cpu121 580667 0 361 101495 4 0 6 0 0 0
cpu122 580742 0 302 101478 0 0 10 0 0 0
cpu123 580601 0 274 101654 0 0 10 0 0 0
cpu124 580720 0 310 101481 0 0 24 0 0 0
cpu125 580825 0 274 101416 0 0 9 0 0 0
cpu126 580529 0 395 101574 0 0 30 0 0 0
cpu127 580726 0 403 101399 0 0 5 0 0 0
intr 211126721 129 0 0 0 680 0 0 0 1 0 285 0 0 0 0 0 0 0 0 0 0 0 0 0 0 0 0 0 0 0 0 0 0 0 0 260 0 3489 3486 14552 17394 1807 1963 1104 7858 1640 6496 3591 7032 1656 136 5844 11841 1197 615 2967 6003 1570 345 3934 105234 963 912 2901 8028 1280 1547 1605 5990 1021 1 999 7323 1377 80 3969 3876 1052 642 1601 5469 1790 4637 1111 8691 896 585 5575 6472 982 2442 809 3656 1072 2958 1885 5004 2446 99 4455 7315 1015 3029 12193 17476 1143 360 303 8605 1261 3418 3349 4351 1095 309 2266 9716 750 158 3294 7569 1417 29 3895 3678 955 78 900 13252 28249 4493 1848 5393 594 116 1286 5589 1317 422 1353 3407 1031 670 1309 5186 1156 2811 409 8326 710 175 3933 5246 1200 1784 787 0 0 0 0 0 0 0 0 0 0 161 3720 30 421 102 116 52 202 163 13 18 289 26 64 7 10 25 405 341 8 155 24 37 55 118 401 3440 457 785 698 457 1124 82 79 0 0 0 0 0 0 0 0 0 0 0 0 0 0 0 0 10003 2164 5291 199 3435 258 142 252 145 33 155 322 136 322 78 113 78 59 33 27 37 21 12 42 39 86 74 133 6 2 39 9 13 7 13 21 56 33 0 443 321 74 209 174 135 100 72 21 3 144 55 0 28 32 15 6 17 3 9 18 5 24 19 0 0 0 0 0 0 0 0 0 0 0 0 0 0 0 0 0 0 0 0 0 0 0 0 0 0 0 0 0 0 0 0 0 0 0 0 0 0 0 0 0 0 0 0 0 0 0 0 0 0 0 0 0 0 0 0 0 0 0 0 0 0 0 0 0 0 0 0 0 0 0 0 0 0 0 0 0 0 0 0 0 0 0 0 0 0 0 0 0 0 0 0 0 0 0 0 0 0 0 0 0 0 0 0 0 0 0 0 0 0 0 0 0 0 0 0 0 0 0 0 0 0 0 0 0 0 0 0 0 0 0 0 0 0 0 0 0 0 0 0 0 0 0 0 0 0 0 0 0 0 0 0 0 0 0 0 0 0 0 0 0 0 0 0 0 0 0 0 0 0 0 0 0 0 0 0 0 0 0 0 0 0 0 0 0 0 0 0 0 0 0 0 0 0 0 0 0 0 0 0 0 0 0 0 0 0 0 0 0 0 0 0 0 0 0 0 0 0 0 0 0 0 0 0 0 0 0 0 0 0 0 0 0 0 0 0 0 0 0 0 0 0 0 0 0 0 0 0 0 0 0 0 0 0 0 0 0 0 0 0 0 0 0 0 0 0 0 0 0 0 0 0 0 0 0 0 0 0 0 0 0 0 0 0 0 0 0 0 0 0 0 0 0 0 0 0 0 0 0 0 0 0 0 0 0 0 0 0 0 0 0 0 0 0 0 0 0 0 0 0 0 0 0 0 0 0 0 0 0 0 0 0 0 0 0 0 0 0 0 0 0 0 0 0 0 0 0 0 0 0 0 0 0 0 0 0 0 0 0 0 0 0 0 0 0 0 0 0 0 0 0 0 0 0 0 0 0 0 0 0 0 0 0 0 0 0 0 0 0 0 0 0 0 0 0 0 0 0 0 0 0 0 0 0 0 0 0 0 0 0 0 0 0 0 0 0 0 0 0 0 0 0 0 0 0 49 0 0 0 3 0 0 0 0 0 0 0 0 0 0 0 0 0 0 0 0 0 0 0 0 0 49 0 0 0 0 0 0 0 0 0 0 0 0 0 0 0 0 0 0 0 0 0 0 0 0 0 0 0 0 0 0 0 0 0 0 0 0 0 0 0 0 0 0 0 0 0 0 0 0 0 0 0 0 0 0 0 0 0 0 0 0 0 0 0 0 0 22 0 0 0 0 0 0 0 0 0 0 0 0 0 0 0 0 0 0 0 0 0 0 0 0 0 0 0 0 0 0 0 0 0 0 0 0 0 0 0 0 0 0 0 0 0 0 0 0 0 0 0 0 0 0 0 0 0 0 0 0 0 0 0 0 0 0 0 0 0 0 0 0 0 0 0 0 0 0 0 0 0 0 0 0 0 0 0 0 0 0 0 0 0 0 0 0 0 0 0 0 0 0 0 0 0 0 0 0 0 0 0 0 0 0 0 0 0 0 0 0 0 0 0 0 0 0 0 0 0 0 0 0 0 0 0 0 0 0 0 0 0 0 0 0 0 0 0 0 0 0 0 0 0 0 0 0 0 0 0 0 0 0 0 0 0 0 0 0 0 0 0 0 0 0 0 0 0 0 0 0 0 0 0 0 0 0 0 0 0 0 0 0 0 0 0 0 0 0 0 0 0 0 0 0 0 0 0 0 0 0 0 0 0 0 0 0 0 0 0 0 0 0 0 0 0 0 0 0 0 0 0 0 0 0 0 0 0 0 0 0 0 0 0 0 0 0 0 0 0 0 0 0 0 0 0 0 0 0 0 0 0 0 0 0 0 0 0 0 0 0 0 0 0 0 0 0 0 0 0 0 0 0 0 0 0 0 0 0 0 0 0 0 0 0 0 0 0 0 0 0 0 0 0 0 0 0 0 0 0 0 0 0 0 0 0 0 0 0 0 0 0 0 0 0 0 0 0 0 0 0 0 0 0 0 0 0 0 0 0 0 0 0 0 0 0 0 0 0 0 0 0 0 0 0 0 0 0 0 0 0 0 0 0 0 0 0 0 0 0 0 0 0 0 0 0 0 0 0 0 0 0 0 0 0 0 0 0 0 0 0 0 0 0 0 0 0 0 0 0 0 0 0 0 0 0 0 0 0 0 0 0 0 0 0 0 0 0 0 0 0 0 0 0 0 0 0 0 0 0 0 0 0 0 0 0 0 0 0 0 0 0 0 0 0 0 0 0 0 0 0 0 0 0 0 0 0 0 0 0 0 0 0 0 0 0 0 0 0 0 0 0 0 0 0 0 0 0 0 0 0 0 0 0 0 0 0 0 0 0 0 0 0 0 0 0 0 0 0 0 0 0 0 0 0 0 0 0 0 0 0 0 0 0 0 0 0 0 0 0 0 0 0 0 0 0 0 0 0 0 0 0 0 0 0 0 0 0 0 0 0 0 0 0 0 0 0 0 0 0 0 0 0 0 0 0 0 0 0 0 0 0 0 0 0 0 0 0 0 0 0 0 0 0 0 0 0 0 0 0 0 0 0 0 0 0 0 0 0 0 0 0 0 0 0 0 0 0 0 0 0 0 0 0 0 0 0 0 0 0 0 0 0 0 0 0 0 0 0 0 0 0 0 0 0 0 0 0 0 0 0 0 0 0 0 0 0 0 0 0 0 0 0 0 0 0 0 0 0 0 0 0 0 0 0 0 0 0 0 0 0 0 0 0 0 0 0 0 0 0 0 0 0 0 0 0 0 0 0 0 0 0 0 0 0 0 0 0 0 0 0 0 0 0 0 0 0 0 0 0 0 0 0 0 0 0 0 0 0 0 0 0 0 0 0 0 0 0 0 0 0 0 0 0 0 0 0 0 0 0 0 0 0 0 0 0 0 0 0 0 0 0 0 0 0 0 0 0 0 0 0 0 0 0 0 0 0 0 0 0 0 0 0 0 0 0 0 0 0 0 0 0 0 0 0 0 0 0 0 0 0 0 0 0 0 0 0 0 0 0 0 0 0 0 0 0 0 0 0 0 0 0 0 0 0 0 0 0 0 0 0 0 0 0 0 0 0 0 0 0 0 0 0 0 0 0 0 0 0 0 0 0 0 0 0 0 0 0 0 0 0 0 0 0 0 0 0 0 0 0 0 0 0 0 0 0 0 0 0 0 0 0 0 0 0 0 0 0 0 0 0 0 0 0 0 0 0 0 0 0 0 0 0 0 0 0 0 0 0 0 0 0 0 0 0 0 0 0 0 0 0 0 0 0 0 0 0 0 0 0 0 0 0 0 0 0 0 0 0 0 0 0 0 0 0 0 0 0 0 0 0 0 0 0 0 0 0 0 0 0 0 0 0 0 0 0 0 0 0 0 0 0 0 0 0 0 0 0 0 0 0 0 0 0 0 0 0 0 0 0 0 0 0 0 0 0 0 0 0 0 0 0 0 0 0 0 0 0 0 0 0 0 0 0 0 0 0 0 0 0 0 0 0 0 0 0 0 0 0 0 0 0 0 0 0 0 0 0 0 0 0 0 0 0 0 0 0 0 0 0 0 0 0 0 0 0 0 0 0 0 0 0 0 0 0 0 0 0 0 0 0 0 0 0 0 0 0 0 0 0 0 0 0 0 0 0 0 0 0 0 0 0 0 0 0 0 0 0 0 0 0 0 0 0 0 0 0 0 0 0 0 0 0 0 0 0 0 0 0 0 0 0 0 0 0 0 0 0 0 0 0 0 0 0 0 0 0 0 0 0 0 0 0 0 0 0 0 0 0 0 0 0 0 0 0 0 0 0 0 0 0 0 0 0 0 0 0 0 0 0 0 0 0 0 0 0 0 0 0 0 0 0 0 0 0 0 0 0 0 0 0 0 0 0 0 0 0 0 0 0 0 0 0 0 0 0 0 0 0 0 0 0 0 0 0 0 0 0 0 0 0 0 0 0 0 0 0 0 0 0 0 0 0 0 0 0 0 0 0 0 0 0 0 0 0 0 0 0 0 0 0 0 0 0 0 0 0 0 0 0 0 0 0 0 0 0 0 0 0 0 0 0 0 0 0 0 0 0 0 0 0 0 0 0 0 0 0 0 0 0 0 0 0 0 0 0 0 0 0 0 0 0 0 0 0 0 0 0 0 0 0 0 0 0 0 0 0 0 0 0 0 0 0 0 0 0 0 0 0 0 0 0 0 0 0 0 0 0 0 0 0 0 0 0 0 0 0 0 0 0 0 0 0 0 0 0 0 0 0 0 0 0 0 0 0 0 0 0 0 0 0 0 0 0 0 0 0 0 0 0 0 0 0 0 0 0 0 0 0 0 0 0 0 0 0 0 0 0 0 0 0 0 0 0 0 0 0 0 0 0 0 0 0 0 0 0 0 0 0 0 0 0 0 0 0 0 0 0 0 0 0 0 0 0 0 0 0 0 0 0 0 0 0 0 0 0 0 0 0 0 0 0 0 0 0 0 0 0 0 0 0 0 0 0 0 0 0 0 0 0 0 0 0 0 0 0 0 0 0 0 0 0 0 0 0 0 0 0 0 0 0 0 0 0 0 0 0 0 0 0 0 0 0 0 0 0 0 0 0 0 0 0 0 0 0 0 0 0 0 0 0 0 0 0 0 0 0 0 0 0 0 0 0 0 0 0 0 0 0 0 0 0 0 0 0 0 0 0 0 0 0 0 0 0 0 0 0 0 0 0 0 0 0 0 0 0 0 0 0 0 0 0 0 0 0 0 0 0 0 0 0 0 0 0 0 0 0 0 0 0 0 0 0 0 0 0 0 0 0 0 0 0 0 0 0 0 0 0 0 0 0 0 0 0 0 0 0 0 0 0 0 0 0 0 0 0 0 0 0 0 0 0 0 0 0 0 0 0 0 0 0 0 0 0 0 0 0 0 0 0 0 0 0 0 0 0 0 0 0 0 0 0 0 0 0 0 0 0 0 0 0 0 0 0 0 0 0 0 0 0 0 0 0 0 0 0 0 0 0 0 0 0 0 0 0 0 0 0 0 0 0 0 0 0 0 0 0 0 0 0 0 0 0 0 0 0 0 0 0 0 0 0 0 0 0 0 0 0 0 0 0 0 0 0 0 0 0 0 0 0 0 0 0 0 0 0 0 0 0 0 0 0 0 0 0 0 0 0 0 0 0 0 0 0 0 0 0 0 0 0 0 0 0 0 0 0 0 0 0 0 0 0 0 0 0 0 0 0 0 0 0 0 0 0 0 0 0 0 0 0 0 0 0 0 0 0 0 0 0 0 0 0 0 0 0 0 0 0 0 0 0 0 0 0 0 0 0 0 0 0 0 0 0 0 0 0 0 0 0 0 0 0 0 0 0 0 0 0 0 0 0 0 0 0 0 0 0 0 0 0 0 0 0 0 0 0 0 0 0 0 0 0 0 0 0 0 0 0 0 0 0 0 0 0 0 0 0 0 0 0 0 0 0 0 0 0 0 0 0 0 0 0 0 0 0 0 0 0 0 0 0 0 0 0 0 0 0 0 0 0 0 0 0 0 0 0 0 0 0 0 0 0 0 0 0 0 0 0 0 0 0 0 0 0 0 0 0 0 0 0 0 0 0 0 0 0 0 0 0 0 0 0 0 0 0 0 0 0 0 0 0 0 0 0 0 0 0 0 0 0 0 0 0 0 0 0 0 0 0 0 0 0 0 0 0 0 0 0 0 0 0 0 0 0 0 0 0 0 0 0 0 0 0 0 0 0 0 0 0 0 0 0 0 0 0 0 0 0 0 0 0 0 0 0 0 0 0 0 0 0 0 0 0 0 0 0 0 0 0 0 0 0 0 0 0 0 0 0 0 0 0 0 0 0 0 0 0 0 0 0 0 0 0 0 0 0 0 0 0 0 0 0 0 0 0 0 0 0 0 0 0 0 0 0 0 0 0 0 0 0 0 0 0 0 0 0 0 0 0 0 0 0 0 0 0 0 0 0 0 0 0 0 0 0 0 0 0 0 0 0 0 0 0 0 0 0 0 0 0 0 0 0 0 0 0 0 0 0 0 0 0 0 0 0 0 0 0 0 0 0 0 0 0 0 0 0 0 0 0 0 0 0 0 0 0 0 0 0 0 0 0 0 0 0 0 0 0 0 0 0 0 0 0 0 0 0 0 0 0 0 0 0 0 0 0 0 0 0 0 0 0 0 0 0 0 0 0 0 0 0 0 0 0 0 0 0 0 0 0 0 0 0 0 0 0 0 0 0 0 0 0 0 0 0 0 0 0 0 0 0 0 0 0 0 0 0 0 0 0 0 0 0 0 0 0 0 0 0 0 0 0 0 0 0 0 0 0 0 0 0 0 0 0 0 0 0 0 0 0 0 0 0 0 0 0 0 0 0 0 0 0 0 0 0 0 0 0 0 0 0 0 0 0 0 0 0 0 0 0 0 0 0 0 0 0 0 0 0 0 0 0 0 0 0 0 0 0 0 0 0 0 0 0 0 0 0 0 0 0 0 0 0 0 0 0 0 0 0 0 0 0 0 0 0 0 0 0 0 0 0 0 0 0 0 0 0 0 0 0 0 0 0 0 0 0 0 0 0 0 0 0 0 0 0 0 0 0 0 0 0 0 0 0 0 0 0 0 0 0 0 0 0 0 0 0 0 0 0 0 0 0 0 0 0 0 0 0 0 0 0 0 0 0 0 0 0 0 0 0 0 0 0 0 0 0 0 0 0 0 0 0 0 0 0 0 0 0 0 0 0 0 0 0 0 0 0 0 0 0 0 0 0 0 0 0 0 0 0 0 0 0 0 0 0 0 0 0 0 0 0 0 0 0 0 0 0 0 0 0 0 0 0 0 0 0 0 0 0 0 0 0 0 0 0 0 0 0 0 0 0 0 0 0 0 0 0 0 0 0 0 0 0 0 0 0 0 0 0 0 0 0 0 0 0 0 0 0 0 0 0 0 0 0 0 0 0 0 0 0 0 0 0 0 0 0 0 0 0 0 0 0 0 0 0 0 0 0 0 0 0 0 0 0 0 0 0 0 0 0 0 0 0 0 0 0 0 0 0 0 0 0 0 0 0 0 0 0 0 0 0 0 0 0 0 0 0 0 0 0 0 0 0 0 0 0 0 0 0 0 0 0 0 0 0 0 0 0 0 0 0 0 0 0 0 0 0 0 0 0 0 0 0 0 0 0 0 0 0 0 0 0 0 0 0 0 0 0 0 0 0 0 0 0 0 0 0 0 0 0 0 0 0 0 0 0 0 0 0 0 0 0 0 0 0 0 0 0 0 0 0 0 0 0 0 0 0 0 0 0 0 0 0 0 0 0 0 0 0 0 0 0 0 0 0 0 0 0 0 0 0 0 0 0 0 0 0 0 0 0 0 0 0 0 0 0 0 0 0 0 0 0 0 0 0 0 0 0 0 0 0 0 0 0 0 0 0 0 0 0 0 0 0 0 0 0 0 0 0 0 0 0 0 0 0 0 0 0 0 0 0 0 0 0 0 0 0 0 0 0 0 0 0 0 0 0 0 0 0 0 0 0 0 0 0 0 0 0 0 0 0 0 0 0 0 0 0 0 0 0 0 0 0 0 0 0 0 0 0 0 0 0 0 0 0 0 0 0 0 0 0 0 0 0 0 0 0 0 0 0 0 0 0 0 0 0 0 0 0 0 0 0 0 0 0 0 0 0 0 0 0 0 0 0 0 0 0 0 0 0 0 0 0 0 0 0 0 0 0 0 0 0 0 0 0 0 0 0 0 0 0 0 0 0 0 0 0 0 0 0 0 0 0 0 0 0 0 0 0 0 0 0 0 0 0 0 0 0 0 0 0 0 0 0 0 0 0 0 0 0 0 0 0 0 0 0 0 0 0 0 0 0 0 0 0 0 0 0 0 0 0 0 0 0 0 0 0 0 0 0 0 0 0 0 0 0 0 0 0 0 0 0 0 0 0 0 0 0 0 0 0 0 0 0 0 0 0 0 0 0 0 0 0 0 0 0 0 0 0 0 0 0 0 0 0 0 0 0 0 0 0 0 0 0 0 0 0 0 0 0 0 0 0 0 0 0 0 0 0 0 0 0 0 0 0 0 0 0 0 0 0 0 0 0 0 0 0 0 0 0 0 0 0 0 0 0 0 0 0 0 0 0 0 0 0 0 0 0 0 0 0 0 0 0 0 0 0 0 0 0 0 0 0 0 0 0 0 0 0 0 0 0 0 0 0 0 0 0 0 0 0 0 0 0 0 0 0 0 0 0 0 0 0 0 0 0 0 0 0 0 0 0 0 0 0 0 0 0 0 0 0 0 0 0 0 0 0 0 0 0 0 0 0 0 0 0 0 0 0 0 0 0 0 0 0 0 0 0 0 0 0 0 0 0 0 0 0 0 0 0 0 0 0 0 0 0 0 0 0 0 0 0 0 0 0 0 0 0 0 0 0 0 0 0 0 0 0 0 0 0 0 0 0 0 0 0 0 0 0 0 0 0 0 0 0 0 0 0 0 0 0 0 0 0 0 0 0 0 0 0 0 0 0 0 0 0 0 0 0 0 0 0 0 0 0 0 0 0 0 0 0 0 0 0 0 0 0 0 0 0 0 0 0 0 0 0 0 0 0 0 0 0 0 0 0 0 0 0 0 0 0 0 0 0 0 0 0 0 0 0 0 0 0 0 0 0 0 0 0 0 0 0 0 0 0 0 0 0 0 0 0 0 0 0 0 0 0 0 0 0 0 0 0 0 0 0 0 0 0 0 0 0 0 0 0 0 0 0 0 0 0 0 0 0 0 0 0 0 0 0 0 0 0 0 0 0 0 0 0 0 0 0 0 0 0 0 0 0 0 0 0 0 0 0 0 0 0 0 0 0 0 0 0 0 0 0 0 0 0 0 0 0 0 0 0 0 0 0 0 0 0 0 0 0 0 0 0 0 0 0 0 0 0 0 0 0 0 0 0 0 0 0 0 0 0 0 0 0 0 0 0 0 0 0 0 0 0 0 0 0 0 0 0 0 0 0 0 0 0 0 0 0 0 0 0 0 0 0 0 0 0 0 0 0 0 0 0 0 0 0 0 0 0 0 0 0 0 0 0 0 0 0 0 0 0 0 0 0 0 0 0 0 0 0 0 0 0 0 0 0 0 0 0 0 0 0 0 0 0 0 0 0 0 0 0 0 0 0 0 0 0 0 0 0 0 0 0 0 0 0 0 0 0 0 0 0 0 0 0 0 0 0 0 0 0 0 0 0 0 0 0 0 0 0 0 0 0 0 0 0 0 0 0 0 0 0 0 0 0 0 0 0 0 0 0 0 0 0 0 0 0 0 0 0 0 0 0 0 0 0 0 0 0 0 0 0 0 0 0 0 0 0 0 0 0 0 0 0 0 0 0 0 0 0 0 0 0 0 0 0 0 0 0 0 0 0 0 0 0 0 0 0 0 0 0 0 0 0 0 0 0 0 0 0 0
ctxt 13929366
btime 1613122782
processes 313945
procs_running 1
procs_blocked 0
softirq 224239670 1 134290380 2055 2807065 0 0 249 6856723 0 80283197
