cpu  20358015 5 28070 8440062 129 0 1950 0 0 0
cpu0 317839 0 798 131487 0 0 320 0 0 0
cpu1 317943 0 456 132001 2 0 104 0 0 0
cpu2 317652 0 837 131919 0 0 43 0 0 0
cpu3 317965 0 320 132146 7 0 22 0 0 0
cpu4 317601 0 828 131897 0 0 41 0 0 0
cpu5 318124 0 232 132088 0 0 20 0 0 0
cpu6 318119 0 510 131800 0 0 31 0 0 0
cpu7 317244 0 925 132134 0 0 146 0 0 0
cpu8 317952 0 758 131714 0 0 24 0 0 0
cpu9 318093 0 226 132114 0 0 21 0 0 0
cpu10 318017 0 588 131820 0 0 22 0 0 0
cpu11 318287 0 164 131999 0 0 8 0 0 0
cpu12 317963 0 519 131952 0 0 22 0 0 0
cpu13 318248 0 122 132089 0 0 0 0 0 0
cpu14 317688 0 781 131956 2 0 19 0 0 0
cpu15 317794 0 516 132076 0 0 74 0 0 0
cpu16 317475 0 997 131952 3 0 21 0 0 0
cpu17 317993 0 352 132066 0 0 39 0 0 0
cpu18 318031 0 793 131593 4 0 32 0 0 0
cpu19 318189 0 175 132081 0 0 14 0 0 0
cpu20 317760 0 1122 131429 59 0 34 0 0 0
cpu21 318242 0 153 132063 0 0 3 0 0 0
cpu22 317384 0 1039 131992 1 0 32 0 0 0
cpu23 318072 0 270 132075 0 0 37 0 0 0
cpu24 317580 1 824 132026 0 0 22 0 0 0
cpu25 318283 0 104 132065 0 0 2 0 0 0
cpu26 317624 0 795 132006 0 0 23 0 0 0
cpu27 318654 0 219 131576 0 0 7 0 0 0
cpu28 318262 0 367 131810 0 0 13 0 0 0
cpu29 318202 0 149 132097 0 0 4 0 0 0
cpu30 317870 0 606 131931 1 0 37 0 0 0
cpu31 318077 0 280 132061 1 0 30 0 0 0
cpu32 318169 0 616 131639 0 0 12 0 0 0
cpu33 317941 0 369 132083 0 0 23 0 0 0
cpu34 318026 0 409 131979 0 0 16 0 0 0
cpu35 318005 0 272 132147 0 0 15 0 0 0
cpu36 318066 0 396 131941 0 0 14 0 0 0
cpu37 318167 0 188 132077 0 0 16 0 0 0
cpu38 318056 0 613 131757 2 0 20 0 0 0
cpu39 317023 0 1099 132092 0 0 223 0 0 0
cpu40 317958 0 705 131769 0 0 14 0 0 0
cpu41 318061 0 284 132062 1 0 41 0 0 0
cpu42 320368 0 672 129361 14 0 5 0 0 0
cpu43 318246 0 114 132075 1 0 4 0 0 0
cpu44 318851 0 349 131246 0 0 5 0 0 0
cpu45 318250 0 116 132075 1 0 6 0 0 0
cpu46 319610 0 576 130221 2 0 5 0 0 0
cpu47 318213 0 153 132069 1 0 9 0 0 0
cpu48 318130 0 435 131859 0 0 7 0 0 0
cpu49 318285 0 84 132076 0 0 2 0 0 0
cpu50 318237 1 516 131583 0 0 78 0 0 0
cpu51 318260 0 112 132068 0 0 2 0 0 0
cpu52 318104 0 296 132027 0 0 11 0 0 0
cpu53 318288 0 99 132042 0 0 3 0 0 0
cpu54 318135 0 371 131917 0 0 13 0 0 0
cpu55 318224 0 144 132063 0 0 12 0 0 0
cpu56 317949 0 465 132016 0 0 12 0 0 0
cpu57 318290 0 77 132076 0 0 2 0 0 0
cpu58 318066 0 326 132035 3 0 12 0 0 0
cpu59 318218 0 142 132075 0 0 6 0 0 0
cpu60 318218 0 251 131958 0 0 6 0 0 0
cpu61 318138 0 217 132061 0 0 25 0 0 0
cpu62 318104 0 375 131640 0 0 15 0 0 0
cpu63 318106 0 381 131927 0 0 28 0 0 0
intr 58567849 83 0 0 0 622 0 0 0 1 0 285 0 0 0 0 0 0 0 0 0 0 0 0 0 0 0 0 0 0 0 0 0 0 0 0 0 0 0 1975 14050 1090 7054 2023 5251 358 24107 851 3736 600 4473 283 0 710 18826 2700 560 2136 2258 21715 674 4739 1818 1404 793 841 2125 510 709 1041 4537 1239 6350 1077 5302 684 2264 2963 7286 1564 8269 760 346 350 1086 289 3028 1148 1407 48908 2022 1468 1984 769 3571 523 969 1153 1039 888 1 626 8278 0 0 0 0 0 0 0 0 0 0 0 0 0 0 0 0 0 31815 93 0 0 0 0 0 0 0 0 0 0 0 0 0 0 0 0 0 0 0 0 0 0 0 0 0 0 0 0 0 0 0 0 0 0 0 0 0 0 0 0 0 0 0 0 0 0 0 0 0 0 0 0 0 0 0 0 0 0 0 0 0 0 0 0 0 0 0 0 0 0 0 0 0 0 0 25 0 0 0 0 0 0 0 0 0 0 0 0 0 0 0 0 0 0 0 0 0 0 0 0 0 0 0 0 0 0 0 0 0 0 0 0 0 0 0 0 0 0 0 0 0 0 0 0 0 0 0 0 0 0 0 0 0 0 0 0 0 0 0 0 0 0 0 0 0 0 0 0 0 0 0 0 0 0 0 0 0 0 0 0 0 0 0 0 0 0 0 0 0 0 0 0 0 0 0 0 0 0 0 0 0 0 0 0 0 0 0 0 0 0 0 0 0 0 0 0 0 0 0 0 0 0 0 0 0 0 0 0 0 0 0 0 0 0 0 0 0 0 0 0 0 0 0 0 0 0 0 0 0 0 0 0 0 0 0 0 0 0 0 0 0 0 0 0 0 0 0 0 0 0 0 0 0 0 0 0 0 0 0 0 0 0 0 0 0 0 0 0 0 0 0 0 0 0 0 0 0 0 0 0 0 0 0 0 0 0 0 0 0 0 0 0 0 0 0 0 0 0 0 0 0 0 0 0 0 0 0 0 0 0 0 0 0 0 0 0 0 0 0 0 0 0 0 0 0 0 0 0 0 0 0 0 0 0 0 0 0 0 0 0 0 0 0 0 0 0 0 0 0 0 0 0 0 0 0 0 0 0 0 0 0 0 0 0 0 0 0 0 0 0 0 0 0 0 0 0 0 0 0 0 0 0 0 0 0 0 0 0 0 0 0 0 0 0 0 0 0 0 0 0 0 0 0 0 0 0 0 0 0 0 0 0 0 0 0 0 0 0 0 0 0 0 0 0 0 0 0 0 0 0 0 0 0 0 0 0 0 0 0 0 0 0 0 0 0 0 0 0 0 0 0 0 0 0 0 0 0 0 0 0 0 0 0 0 0 0 0 0 0 0 0 0 0 0 0 0 0 0 0 0 0 0 0 0 0 0 0 0 0 0 0 0 0 0 0 0 0 0 0 0 0 0 0 0 0 0 0 0 0 0 0 0 0 0 0 0 0 0 0 0 0 0 0 0 0 0 0 0 0 0 0 0 0 0 0 0 0 0 0 0 0 0 0 0 0 0 0 0 0 0 0 0 0 0 0 0 0 0 0 0 0 0 0 0 0 0 0 0 0 0 0 0 0 0 0 0 0 0 0 0 0 0 0 0 0 0 0 0 0 0 0 0 0 0 0 0 0 0 0 0 0 0 0 0 0 0 0 0 0 0 0 0 0 0 0 0 0 0 0 0 0 0 0 0 0 0 0 0 0 0 0 0 0 0 0 0 0 0 0 0 0 0 0 0 0 0 0 0 0 0 0 0 0 0 0 0 0 0 0 0 0 0 0 0 0 0 0 0 0 0 0 0 0 0 0 0 0 0 0 0 0 0 0 0 0 0 0 0 0 0 0 0 0 0 0 0 0 0 0 0 0 0 0 0 0 0 0 0 0 0 0 0 0 0 0 0 0 0 0 0 0 0 0 0 0 0 0 0 0 0 0 0 0 0 0 0 0 0 0 0 0 0 0 0 0 0 0 0 0 0 0 0 0 0 0 0 0 0 0 0 0 0 0 0 0 0 0 0 0 0 0 0 0 0 0 0 0 0 0 0 0 0 0 0 0 0 0 0 0 0 0 0 0 0 0 0 0 0 0 0 0 0 0 0 0 0 0 0 0 0 0 0 0 0 0 0 0 0 0 0 0 0 0 0 0 0 0 0 0 0 0 0 0 0 0 0 0 0 0 0 0 0 0 0 0 0 0 0 0 0 0 0 0 0 0 0 0 0 0 0 0 0 0 0 0 0 0 0 0 0 0 0 0 0 0 0 0 0 0 0 0 0 0 0 0 0 0 0 0 0 0 0 0 0 0 0 0 0 0 0 0 0 0 0 0 0 0 0 0 0 0 0 0 0 0 0 0 0 0 0 0 0 0 0 0 0 0 0 0 0 0 0 0 0 0 0 0 0 0 0 0 0 0 0 0 0 0 0 0 0 0 0 0 0 0 0 0 0 0 0 0 0 0 0 0 0 0 0 0 0 0 0 0 0 0 0 0 0 0 0 0 0 0 0 0 0 0 0 0 0 0 0 0 0 0 0 0 0 0 0 0 0 0 0 0 0 0 0 0 0 0 0 0 0 0 0 0 0 0 0 0 0 0 0 0 0 0 0 0 0 0 0 0 0 0 0 0 0 0 0 0 0 0 0 0 0 0 0 0 0 0 0 0 0 0 0 0 0 0 0 0 0 0 0 0 0 0 0 0 0 0 0 0 0 0 0 0 0 0 0 0 0 0 0 0 0 0 0 0 0 0 0 0 0 0 0 0 0 0 0 0 0 0 0 0 0 0 0 0 0 0 0 0 0 0 0 0 0 0 0 0 0 0 0 0 0 0 0 0 0 0 0 0 0 0 0 0 0 0 0 0 0 0 0 0 0 0 0 0 0 0 0 0 0 0 0 0 0 0 0 0 0 0 0 0 0 0 0 0 0 0 0 0 0 0 0 0 0 0 0 0 0 0 0 0 0 0 0 0 0 0 0 0 0 0 0 0 0 0 0 0 0 0 0 0 0 0 0 0 0 0 0 0 0 0 0 0 0 0 0 0 0 0 0 0 0 0 0 0 0 0 0 0 0 0 0 0 0 0 0 0 0 0 0 0 0 0 0 0 0 0 0 0 0 0 0 0 0 0 0 0 0 0 0 0 0 0 0 0 0 0 0 0 0 0 0 0 0 0 0 0 0 0 0 0 0 0 0 0 0 0 0 0 0 0 0 0 0 0 0 0 0 0 0 0 0 0 0 0 0 0 0 0 0 0 0 0 0 0 0 0 0 0 0 0 0 0 0 0 0 0 0 0 0 0 0 0 0 0 0 0 0 0 0 0 0 0 0 0 0 0 0 0 0 0 0 0 0 0 0 0 0 0 0 0 0 0 0 0 0 0 0 0 0 0 0 0 0 0 0 0 0 0 0 0 0 0 0 0 0 0 0 0 0 0 0 0 0 0 0 0 0 0 0 0 0 0 0 0 0 0 0 0 0 0 0 0 0 0 0 0 0 0 0 0 0 0 0 0 0 0 0 0 0 0 0 0 0 0 0 0 0 0 0 0 0 0 0 0 0 0 0 0 0 0 0 0 0 0 0 0 0 0 0 0 0 0 0 0 0 0 0 0 0 0 0 0 0 0 0 0 0 0 0 0 0 0 0 0 0 0 0 0 0 0 0 0 0 0 0 0 0 0 0 0 0 0 0 0 0 0 0 0 0 0 0 0 0 0 0 0 0 0 0 0 0 0 0 0 0 0 0 0 0 0 0 0 0 0 0 0 0 0 0 0 0 0 0 0 0 0 0 0 0 0 0 0 0 0 0 0 0 0 0 0 0 0 0 0 0 0 0 0 0 0 0 0 0 0 0 0 0 0 0 0 0 0 0 0 0 0 0 0 0 0 0 0 0 0 0 0 0 0 0 0 0 0 0 0 0 0 0 0 0 0 0 0 0 0 0 0 0 0 0 0 0 0 0 0 0 0 0 0 0 0 0 0 0 0 0 0 0 0 0 0 0 0 0 0 0 0 0 0 0 0 0 0 0 0 0 0 0 0 0 0 0 0 0 0 0 0 0 0 0 0 0 0 0 0 0 0 0 0 0 0 0 0 0 0 0 0 0 0 0 0 0 0 0 0 0 0 0 0 0 0 0 0 0 0 0 0 0 0 0 0 0 0 0 0 0 0 0 0 0 0 0 0 0 0 0 0 0 0 0 0 0 0 0 0 0 0 0 0 0 0 0 0 0 0 0 0 0 0 0 0 0 0 0 0 0 0 0 0 0 0 0 0 0 0 0 0 0 0 0 0 0 0 0 0 0 0 0 0 0 0 0 0 0 0 0 0 0 0 0 0 0 0 0 0 0 0 0 0 0 0 0 0 0 0 0 0 0 0 0 0 0 0 0 0 0 0 0 0 0 0 0 0 0 0 0 0 0 0 0 0 0 0 0 0 0 0 0 0 0 0 0 0 0 0 0 0 0 0 0 0 0 0 0 0 0 0 0 0 0 0 0 0 0 0 0 0 0 0 0 0 0 0 0 0 0 0 0 0 0 0 0 0 0 0 0 0 0 0 0 0 0 0 0 0 0 0 0 0 0 0 0 0 0 0 0 0 0 0 0 0 0 0 0 0 0 0 0 0 0 0 0 0 0 0 0 0 0 0 0 0 0 0 0 0 0 0 0 0 0 0 0 0 0 0 0 0 0 0 0 0 0 0 0 0 0 0 0 0 0 0 0 0 0 0 0 0 0 0 0 0 0 0 0 0 0 0 0 0 0 0 0 0 0 0 0 0 0 0 0 0 0 0 0 0 0 0 0 0 0 0 0 0 0 0 0 0 0 0 0 0 0 0 0 0 0 0 0 0 0 0 0 0 0 0 0 0 0 0 0 0 0 0 0 0 0 0 0 0 0 0 0 0 0 0 0 0 0 0 0 0 0 0 0 0 0 0 0 0 0 0 0 0 0 0 0 0 0 0 0 0 0 0 0 0 0 0 0 0 0 0 0 0 0 0 0 0 0 0 0 0 0 0 0 0 0 0 0 0 0 0 0 0 0 0 0 0 0 0 0 0 0 0 0 0 0 0 0 0 0 0 0 0 0 0 0 0 0 0 0 0 0 0 0 0 0 0 0 0 0 0 0 0 0 0 0 0 0 0 0 0 0 0 0 0 0 0 0 0 0 0 0 0 0 0 0 0 0 0 0 0
ctxt 9108972
btime 1613123984
processes 218127
procs_running 1
procs_blocked 0
softirq 66634231 1 38647029 1675 1790110 0 0 145 2019091 0 24176180
