cpu  2227180 7 9737 27334142 486 0 198 0 0 0
cpu0 17354 0 362 212855 0 0 83 0 0 0
cpu1 17387 0 60 213597 0 0 1 0 0 0
cpu2 17340 0 99 213595 0 0 0 0 0 0
cpu3 17408 0 100 213540 7 0 0 0 0 0
cpu4 17354 0 90 213614 0 0 2 0 0 0
cpu5 17386 0 48 213623 0 0 2 0 0 0
cpu6 17326 0 105 213583 0 0 9 0 0 0
cpu7 17380 0 79 213598 0 0 0 0 0 0
cpu8 17360 0 77 213616 0 0 1 0 0 0
cpu9 17388 0 50 213620 0 0 0 0 0 0
cpu10 17539 0 78 213439 0 0 0 0 0 0
cpu11 17432 0 65 213561 0 0 0 0 0 0
cpu12 17374 0 74 213607 0 0 1 0 0 0
cpu13 17385 0 50 213619 0 0 0 0 0 0
cpu14 17394 0 60 213593 0 0 3 0 0 0
cpu15 17432 0 74 213548 0 0 1 0 0 0
cpu16 17384 0 57 213609 0 0 1 0 0 0
cpu17 17387 0 52 213611 0 0 0 0 0 0
cpu18 17399 0 60 213592 0 0 0 0 0 0
cpu19 17404 0 80 213562 2 0 0 0 0 0
cpu20 17383 0 68 213605 0 0 0 0 0 0
cpu21 17388 0 50 213621 0 0 0 0 0 0
cpu22 17384 0 50 213610 0 0 0 0 0 0
cpu23 17480 2 121 213452 0 0 0 0 0 0
cpu24 17386 0 90 213573 0 0 0 0 0 0
cpu25 17386 0 36 213628 0 0 0 0 0 0
cpu26 17118 0 136 213742 0 0 12 0 0 0
cpu27 17546 0 105 213373 0 0 0 0 0 0
cpu28 17386 0 185 213399 0 0 0 0 0 0
cpu29 17390 0 48 213601 0 0 0 0 0 0
cpu30 17386 0 47 213615 0 0 0 0 0 0
cpu31 17474 0 106 213460 1 0 0 0 0 0
cpu32 17367 0 55 213624 0 0 0 0 0 0
cpu33 17385 0 52 213544 0 0 12 0 0 0
cpu34 17313 0 110 213619 0 0 10 0 0 0
cpu35 17526 0 186 213328 2 0 0 0 0 0
cpu36 17387 0 118 213531 0 0 0 0 0 0
cpu37 17390 0 48 213604 0 0 0 0 0 0
cpu38 17386 0 61 213600 0 0 0 0 0 0
cpu39 17592 0 225 213219 6 0 0 0 0 0
cpu40 17386 0 90 213560 0 0 0 0 0 0
cpu41 17388 0 43 213616 1 0 0 0 0 0
cpu42 17351 0 79 213608 0 0 4 0 0 0
cpu43 17536 0 152 213323 28 0 0 0 0 0
cpu44 17390 0 62 213591 0 0 0 0 0 0
cpu45 17389 0 45 213605 0 0 0 0 0 0
cpu46 17416 0 56 213569 0 0 0 0 0 0
cpu47 17421 0 79 213538 2 0 0 0 0 0
cpu48 17388 0 52 213601 0 0 0 0 0 0
cpu49 17389 0 46 213598 0 0 0 0 0 0
cpu50 17401 0 66 213575 1 0 0 0 0 0
cpu51 17420 0 73 213539 2 0 0 0 0 0
cpu52 17387 0 50 213607 0 0 0 0 0 0
cpu53 17392 0 53 213588 2 0 0 0 0 0
cpu54 17385 0 55 213594 0 0 0 0 0 0
cpu55 17415 0 116 213501 5 0 0 0 0 0
cpu56 17386 0 53 213604 0 0 0 0 0 0
cpu57 17388 0 46 213600 0 0 0 0 0 0
cpu58 17375 0 61 213603 1 0 2 0 0 0
cpu59 17467 0 92 213390 77 0 1 0 0 0
cpu60 17388 0 52 213599 2 0 0 0 0 0
cpu61 17388 0 44 213607 0 0 0 0 0 0
cpu62 17353 0 77 213602 0 0 3 0 0 0
cpu63 17402 0 64 213567 0 0 0 0 0 0
cpu64 17331 0 72 213632 0 0 0 0 0 0
cpu65 17389 0 56 213589 0 0 0 0 0 0
cpu66 17342 0 101 213589 1 0 2 0 0 0
cpu67 17470 0 94 213369 88 0 0 0 0 0
cpu68 17122 0 118 213762 0 0 5 0 0 0
cpu69 17388 0 51 213589 1 0 0 0 0 0
cpu70 17263 0 175 213580 0 0 13 0 0 0
cpu71 17532 0 97 213372 31 0 0 0 0 0
cpu72 17376 0 71 213583 0 0 0 0 0 0
cpu73 17388 0 35 213607 0 0 0 0 0 0
cpu74 17454 0 63 213521 0 0 0 0 0 0
cpu75 17490 0 61 213472 2 0 0 0 0 0
cpu76 17162 0 75 213777 0 0 4 0 0 0
cpu77 17387 0 35 213609 0 0 0 0 0 0
cpu78 17382 0 41 213596 0 0 0 0 0 0
cpu79 17388 0 56 213563 2 0 0 0 0 0
cpu80 17388 0 50 213593 1 0 0 0 0 0
cpu81 17390 0 36 213594 0 0 0 0 0 0
cpu82 17391 0 52 213577 0 0 0 0 0 0
cpu83 17393 0 57 213572 1 0 0 0 0 0
cpu84 17385 0 57 213585 0 0 0 0 0 0
cpu85 17389 0 38 213596 0 0 0 0 0 0
cpu86 17438 0 52 213537 1 0 0 0 0 0
cpu87 17416 1 64 213536 4 0 0 0 0 0
cpu88 17386 0 50 213595 0 0 0 0 0 0
cpu89 17389 0 42 213597 0 0 0 0 0 0
cpu90 17342 0 53 213622 0 0 1 0 0 0
cpu91 17462 0 93 213447 1 0 1 0 0 0
cpu92 17386 0 64 213568 1 0 0 0 0 0
cpu93 17387 0 36 213596 0 0 0 0 0 0
cpu94 17385 0 46 213594 0 0 0 0 0 0
cpu95 17467 0 103 213439 1 0 0 0 0 0
cpu96 17388 0 56 213576 5 0 0 0 0 0
cpu97 17388 0 43 213589 0 0 0 0 0 0
cpu98 17382 0 51 213583 0 0 0 0 0 0
cpu99 17492 2 171 213371 2 0 0 0 0 0
cpu100 17386 0 53 213585 0 0 0 0 0 0
cpu101 17386 0 56 213577 0 0 0 0 0 0
cpu102 17351 0 75 213591 0 0 4 0 0 0
cpu103 17556 0 239 213222 5 0 0 0 0 0
cpu104 17388 0 52 213573 0 0 0 0 0 0
cpu105 17383 0 60 213573 0 0 0 0 0 0
cpu106 17367 0 62 213573 0 0 1 0 0 0
cpu107 17573 0 158 213278 7 0 0 0 0 0
cpu108 17391 0 70 213545 7 0 0 0 0 0
cpu109 17383 0 42 213590 0 0 0 0 0 0
cpu110 17388 0 50 213578 0 0 0 0 0 0
cpu111 17424 0 74 213517 0 0 0 0 0 0
cpu112 17398 0 66 213553 0 0 0 0 0 0
cpu113 17387 0 43 213585 0 0 0 0 0 0
cpu114 17384 0 62 213557 11 0 0 0 0 0
cpu115 17924 0 228 212775 70 0 0 0 0 0
cpu116 17396 0 46 213573 0 0 0 0 0 0
cpu117 17386 0 46 213574 0 0 0 0 0 0
cpu118 17384 0 50 213569 0 0 0 0 0 0
cpu119 17402 0 68 213540 4 0 0 0 0 0
cpu120 17387 0 56 213570 0 0 1 0 0 0
cpu121 17388 0 50 213574 1 0 0 0 0 0
cpu122 17382 0 50 213582 0 0 0 0 0 0
cpu123 17404 0 61 213490 54 0 0 0 0 0
cpu124 17389 0 42 213577 1 0 0 0 0 0
cpu125 17387 0 57 213562 0 0 0 0 0 0
cpu126 17366 0 62 213578 1 0 0 0 0 0
cpu127 17415 0 72 213522 1 0 0 0 0 0
intr 7704235 130 0 0 0 683 0 0 0 1 0 285 0 0 0 0 0 0 0 0 0 0 0 0 0 0 0 0 0 0 0 0 0 0 0 0 260 0 5 2 838 0 177 2246 2539 55 0 3 54 373 0 0 4782 1195 3 0 20 466 2 0 0 5 0 0 651 16 822 1 2 2 3 31903 148 1 9 8 0 2 110 6 1098 0 150 0 0 40 0 242 5 3 0 0 0 0 0 0 743 2107 0 0 3031 0 0 0 2963 3 614 0 466 0 0 0 2 11 78 0 0 167 0 0 0 1118 11 0 1 671 0 0 140 1291 0 0 0 0 0 0 0 4 0 0 0 0 0 1 1693 0 0 0 0 0 0 0 0 4 0 0 0 0 0 0 0 0 0 0 0 0 0 163 162 1 62 4 80 206 15 155 1 3 0 6 0 6 0 8 141 11 3 764 3 128 2 84 12 69 14 100 62 7 9 4 0 0 0 0 0 0 0 0 0 0 0 0 0 0 0 0 0 69 7 81 8 70 10 3 1 3 3 44 0 6 26 6 136 39 19 5 19 33 53 0 0 8 0 1 25 0 32 0 1 1 0 6 385 0 0 37 6007 5075 83 120 373 507 241 169 135 201 526 45 186 354 3008 20 68 220 532 17 9906 100 546 62 0 0 0 0 0 0 0 0 0 0 0 0 0 0 0 0 0 0 0 0 0 0 0 0 0 0 0 0 0 0 0 0 0 0 0 0 0 0 0 0 0 0 0 0 0 0 0 0 0 0 0 0 0 0 0 0 0 0 0 0 0 0 0 0 0 0 0 0 0 0 0 0 0 0 0 0 0 0 0 0 0 0 0 0 0 0 0 0 0 0 0 0 0 0 0 0 0 0 0 0 0 0 0 0 0 0 0 0 0 0 0 0 0 0 0 0 0 0 0 0 0 0 0 0 0 0 0 0 0 0 0 0 0 0 0 0 0 0 0 0 0 0 0 0 0 0 0 0 0 0 0 0 0 0 0 0 0 0 0 0 0 0 0 0 0 0 0 0 0 0 0 0 0 0 0 0 0 0 0 0 0 0 0 0 0 0 0 0 0 0 0 0 0 0 0 0 0 0 0 0 0 0 0 0 0 0 0 0 0 0 0 0 0 0 0 0 0 0 0 0 0 0 0 0 0 0 0 0 0 0 0 0 0 0 0 0 0 0 0 0 0 0 0 0 0 0 0 0 0 0 0 0 0 0 0 0 0 0 0 0 0 0 0 0 0 0 0 0 0 0 0 0 0 0 0 0 0 0 0 0 0 0 0 0 0 0 0 0 0 0 0 0 0 0 0 0 0 0 0 0 0 0 0 0 0 0 0 0 0 0 0 0 0 0 0 0 0 0 0 0 0 0 0 0 0 0 0 0 0 0 0 0 0 0 0 0 0 0 0 0 0 0 0 0 0 0 0 0 0 0 0 0 0 0 0 0 0 0 0 0 0 0 0 0 0 0 0 0 0 0 0 0 0 0 0 0 0 0 0 0 0 0 0 0 0 0 0 0 0 0 0 0 0 0 0 0 0 0 0 0 0 0 0 0 0 0 0 0 0 0 0 0 0 0 0 0 0 0 0 0 0 0 0 4 0 0 0 0 0 0 0 47 0 0 48 0 0 0 0 0 0 0 0 0 0 0 0 1 0 0 0 0 0 0 0 0 0 0 0 0 0 0 0 0 0 0 0 0 0 0 0 0 0 0 0 0 0 0 0 0 0 0 0 0 0 0 0 0 0 0 0 0 0 0 0 0 0 0 0 0 0 0 0 0 0 0 0 0 0 0 0 0 0 0 0 0 0 20 0 0 0 0 0 0 0 0 0 0 0 0 0 0 0 0 0 0 0 0 0 0 0 0 0 0 0 0 0 0 0 0 0 0 0 0 0 0 0 0 0 0 0 0 0 0 0 0 0 0 0 0 0 0 0 0 0 0 0 0 0 0 0 0 0 0 0 0 0 0 0 0 0 0 0 0 0 0 0 0 0 0 0 0 0 0 0 0 0 0 0 0 0 0 0 0 0 0 0 0 0 0 0 0 0 0 0 0 0 0 0 0 0 0 0 0 0 0 0 0 0 0 0 0 0 0 0 0 0 0 0 0 0 0 0 0 0 0 0 0 0 0 0 0 0 0 0 0 0 0 0 0 0 0 0 0 0 0 0 0 0 0 0 0 0 0 0 0 0 0 0 0 0 0 0 0 0 0 0 0 0 0 0 0 0 0 0 0 0 0 0 0 0 0 0 0 0 0 0 0 0 0 0 0 0 0 0 0 0 0 0 0 0 0 0 0 0 0 0 0 0 0 0 0 0 0 0 0 0 0 0 0 0 0 0 0 0 0 0 0 0 0 0 0 0 0 0 0 0 0 0 0 0 0 0 0 0 0 0 0 0 0 0 0 0 0 0 0 0 0 0 0 0 0 0 0 0 0 0 0 0 0 0 0 0 0 0 0 0 0 0 0 0 0 0 0 0 0 0 0 0 0 0 0 0 0 0 0 0 0 0 0 0 0 0 0 0 0 0 0 0 0 0 0 0 0 0 0 0 0 0 0 0 0 0 0 0 0 0 0 0 0 0 0 0 0 0 0 0 0 0 0 0 0 0 0 0 0 0 0 0 0 0 0 0 0 0 0 0 0 0 0 0 0 0 0 0 0 0 0 0 0 0 0 0 0 0 0 0 0 0 0 0 0 0 0 0 0 0 0 0 0 0 0 0 0 0 0 0 0 0 0 0 0 0 0 0 0 0 0 0 0 0 0 0 0 0 0 0 0 0 0 0 0 0 0 0 0 0 0 0 0 0 0 0 0 0 0 0 0 0 0 0 0 0 0 0 0 0 0 0 0 0 0 0 0 0 0 0 0 0 0 0 0 0 0 0 0 0 0 0 0 0 0 0 0 0 0 0 0 0 0 0 0 0 0 0 0 0 0 0 0 0 0 0 0 0 0 0 0 0 0 0 0 0 0 0 0 0 0 0 0 0 0 0 0 0 0 0 0 0 0 0 0 0 0 0 0 0 0 0 0 0 0 0 0 0 0 0 0 0 0 0 0 0 0 0 0 0 0 0 0 0 0 0 0 0 0 0 0 0 0 0 0 0 0 0 0 0 0 0 0 0 0 0 0 0 0 0 0 0 0 0 0 0 0 0 0 0 0 0 0 0 0 0 0 0 0 0 0 0 0 0 0 0 0 0 0 0 0 0 0 0 0 0 0 0 0 0 0 0 0 0 0 0 0 0 0 0 0 0 0 0 0 0 0 0 0 0 0 0 0 0 0 0 0 0 0 0 0 0 0 0 0 0 0 0 0 0 0 0 0 0 0 0 0 0 0 0 0 0 0 0 0 0 0 0 0 0 0 0 0 0 0 0 0 0 0 0 0 0 0 0 0 0 0 0 0 0 0 0 0 0 0 0 0 0 0 0 0 0 0 0 0 0 0 0 0 0 0 0 0 0 0 0 0 0 0 0 0 0 0 0 0 0 0 0 0 0 0 0 0 0 0 0 0 0 0 0 0 0 0 0 0 0 0 0 0 0 0 0 0 0 0 0 0 0 0 0 0 0 0 0 0 0 0 0 0 0 0 0 0 0 0 0 0 0 0 0 0 0 0 0 0 0 0 0 0 0 0 0 0 0 0 0 0 0 0 0 0 0 0 0 0 0 0 0 0 0 0 0 0 0 0 0 0 0 0 0 0 0 0 0 0 0 0 0 0 0 0 0 0 0 0 0 0 0 0 0 0 0 0 0 0 0 0 0 0 0 0 0 0 0 0 0 0 0 0 0 0 0 0 0 0 0 0 0 0 0 0 0 0 0 0 0 0 0 0 0 0 0 0 0 0 0 0 0 0 0 0 0 0 0 0 0 0 0 0 0 0 0 0 0 0 0 0 0 0 0 0 0 0 0 0 0 0 0 0 0 0 0 0 0 0 0 0 0 0 0 0 0 0 0 0 0 0 0 0 0 0 0 0 0 0 0 0 0 0 0 0 0 0 0 0 0 0 0 0 0 0 0 0 0 0 0 0 0 0 0 0 0 0 0 0 0 0 0 0 0 0 0 0 0 0 0 0 0 0 0 0 0 0 0 0 0 0 0 0 0 0 0 0 0 0 0 0 0 0 0 0 0 0 0 0 0 0 0 0 0 0 0 0 0 0 0 0 0 0 0 0 0 0 0 0 0 0 0 0 0 0 0 0 0 0 0 0 0 0 0 0 0 0 0 0 0 0 0 0 0 0 0 0 0 0 0 0 0 0 0 0 0 0 0 0 0 0 0 0 0 0 0 0 0 0 0 0 0 0 0 0 0 0 0 0 0 0 0 0 0 0 0 0 0 0 0 0 0 0 0 0 0 0 0 0 0 0 0 0 0 0 0 0 0 0 0 0 0 0 0 0 0 0 0 0 0 0 0 0 0 0 0 0 0 0 0 0 0 0 0 0 0 0 0 0 0 0 0 0 0 0 0 0 0 0 0 0 0 0 0 0 0 0 0 0 0 0 0 0 0 0 0 0 0 0 0 0 0 0 0 0 0 0 0 0 0 0 0 0 0 0 0 0 0 0 0 0 0 0 0 0 0 0 0 0 0 0 0 0 0 0 0 0 0 0 0 0 0 0 0 0 0 0 0 0 0 0 0 0 0 0 0 0 0 0 0 0 0 0 0 0 0 0 0 0 0 0 0 0 0 0 0 0 0 0 0 0 0 0 0 0 0 0 0 0 0 0 0 0 0 0 0 0 0 0 0 0 0 0 0 0 0 0 0 0 0 0 0 0 0 0 0 0 0 0 0 0 0 0 0 0 0 0 0 0 0 0 0 0 0 0 0 0 0 0 0 0 0 0 0 0 0 0 0 0 0 0 0 0 0 0 0 0 0 0 0 0 0 0 0 0 0 0 0 0 0 0 0 0 0 0 0 0 0 0 0 0 0 0 0 0 0 0 0 0 0 0 0 0 0 0 0 0 0 0 0 0 0 0 0 0 0 0 0 0 0 0 0 0 0 0 0 0 0 0 0 0 0 0 0 0 0 0 0 0 0 0 0 0 0 0 0 0 0 0 0 0 0 0 0 0 0 0 0 0 0 0 0 0 0 0 0 0 0 0 0 0 0 0 0 0 0 0 0 0 0 0 0 0 0 0 0 0 0 0 0 0 0 0 0 0 0 0 0 0 0 0 0 0 0 0 0 0 0 0 0 0 0 0 0 0 0 0 0 0 0 0 0 0 0 0 0 0 0 0 0 0 0 0 0 0 0 0 0 0 0 0 0 0 0 0 0 0 0 0 0 0 0 0 0 0 0 0 0 0 0 0 0 0 0 0 0 0 0 0 0 0 0 0 0 0 0 0 0 0 0 0 0 0 0 0 0 0 0 0 0 0 0 0 0 0 0 0 0 0 0 0 0 0 0 0 0 0 0 0 0 0 0 0 0 0 0 0 0 0 0 0 0 0 0 0 0 0 0 0 0 0 0 0 0 0 0 0 0 0 0 0 0 0 0 0 0 0 0 0 0 0 0 0 0 0 0 0 0 0 0 0 0 0 0 0 0 0 0 0 0 0 0 0 0 0 0 0 0 0 0 0 0 0 0 0 0 0 0 0 0 0 0 0 0 0 0 0 0 0 0 0 0 0 0 0 0 0 0 0 0 0 0 0 0 0 0 0 0 0 0 0 0 0 0 0 0 0 0 0 0 0 0 0 0 0 0 0 0 0 0 0 0 0 0 0 0 0 0 0 0 0 0 0 0 0 0 0 0 0 0 0 0 0 0 0 0 0 0 0 0 0 0 0 0 0 0 0 0 0 0 0 0 0 0 0 0 0 0 0 0 0 0 0 0 0 0 0 0 0 0 0 0 0 0 0 0 0 0 0 0 0 0 0 0 0 0 0 0 0 0 0 0 0 0 0 0 0 0 0 0 0 0 0 0 0 0 0 0 0 0 0 0 0 0 0 0 0 0 0 0 0 0 0 0 0 0 0 0 0 0 0 0 0 0 0 0 0 0 0 0 0 0 0 0 0 0 0 0 0 0 0 0 0 0 0 0 0 0 0 0 0 0 0 0 0 0 0 0 0 0 0 0 0 0 0 0 0 0 0 0 0 0 0 0 0 0 0 0 0 0 0 0 0 0 0 0 0 0 0 0 0 0 0 0 0 0 0 0 0 0 0 0 0 0 0 0 0 0 0 0 0 0 0 0 0 0 0 0 0 0 0 0 0 0 0 0 0 0 0 0 0 0 0 0 0 0 0 0 0 0 0 0 0 0 0 0 0 0 0 0 0 0 0 0 0 0 0 0 0 0 0 0 0 0 0 0 0 0 0 0 0 0 0 0 0 0 0 0 0 0 0 0 0 0 0 0 0 0 0 0 0 0 0 0 0 0 0 0 0 0 0 0 0 0 0 0 0 0 0 0 0 0 0 0 0 0 0 0 0 0 0 0 0 0 0 0 0 0 0 0 0 0 0 0 0 0 0 0 0 0 0 0 0 0 0 0 0 0 0 0 0 0 0 0 0 0 0 0 0 0 0 0 0 0 0 0 0 0 0 0 0 0 0 0 0 0 0 0 0 0 0 0 0 0 0 0 0 0 0 0 0 0 0 0 0 0 0 0 0 0 0 0 0 0 0 0 0 0 0 0 0 0 0 0 0 0 0 0 0 0 0 0 0 0 0 0 0 0 0 0 0 0 0 0 0 0 0 0 0 0 0 0 0 0 0 0 0 0 0 0 0 0 0 0 0 0 0 0 0 0 0 0 0 0 0 0 0 0 0 0 0 0 0 0 0 0 0 0 0 0 0 0 0 0 0 0 0 0 0 0 0 0 0 0 0 0 0 0 0 0 0 0 0 0 0 0 0 0 0 0 0 0 0 0 0 0 0 0 0 0 0 0 0 0 0 0 0 0 0 0 0 0 0 0 0 0 0 0 0 0 0 0 0 0 0 0 0 0 0 0 0 0 0 0 0 0 0 0 0 0 0 0 0 0 0 0 0 0 0 0 0 0 0 0 0 0 0 0 0 0 0 0 0 0 0 0 0 0 0 0 0 0 0 0 0 0 0 0 0 0 0 0 0 0 0 0 0 0 0 0 0 0 0 0 0 0 0 0 0 0 0 0 0 0 0 0 0 0 0 0 0 0 0 0 0 0 0 0 0 0 0 0 0 0 0 0 0 0 0 0 0 0 0 0 0 0 0 0 0 0 0 0 0 0 0 0 0 0 0 0 0 0 0 0 0 0 0 0 0 0 0 0 0 0 0 0 0 0 0 0 0 0 0 0 0 0 0 0 0 0 0 0 0 0 0 0 0 0 0 0 0 0 0 0 0 0 0 0 0 0 0 0 0 0 0 0 0 0 0 0 0 0 0 0 0 0 0 0 0 0 0 0 0 0 0 0 0 0 0 0 0 0 0 0 0 0 0 0 0 0 0 0 0 0 0 0 0 0 0 0 0 0 0 0 0 0 0 0 0 0 0 0 0 0 0 0 0 0 0 0 0 0 0 0 0 0 0 0 0 0 0 0 0 0 0 0 0 0 0 0 0 0 0 0 0 0 0 0 0 0 0 0 0 0 0 0 0 0 0 0 0 0 0 0 0 0 0 0 0 0 0 0 0 0 0 0 0 0 0 0 0 0 0 0 0 0 0 0 0 0 0 0 0 0 0 0 0 0 0 0 0 0 0 0 0 0 0 0 0 0 0 0 0 0 0 0 0 0 0 0 0 0 0 0 0 0 0 0 0 0 0 0 0 0 0 0 0 0 0 0 0 0 0 0 0 0 0 0 0 0 0 0 0 0 0 0 0 0 0 0 0 0 0 0 0 0 0 0 0 0 0 0 0 0 0 0 0 0 0 0 0 0 0 0 0 0 0 0 0 0 0 0 0 0 0 0 0 0 0 0 0 0 0 0 0 0 0 0 0 0 0 0 0 0 0 0 0 0 0 0 0 0 0 0 0 0 0 0 0 0 0 0 0 0 0 0 0 0 0 0 0 0 0 0 0 0 0 0 0 0 0 0 0 0 0 0 0 0 0 0 0 0 0 0 0 0 0 0 0 0 0 0 0 0 0 0 0 0 0 0 0 0 0 0 0 0 0 0 0 0 0 0 0 0 0 0 0 0 0 0 0 0 0 0 0 0 0 0 0 0 0 0 0 0 0 0 0 0 0 0 0 0 0 0 0 0 0 0 0 0 0 0 0 0 0 0 0 0 0 0 0 0 0 0 0 0 0 0 0 0 0 0 0 0 0 0 0 0 0 0 0 0 0 0 0 0 0 0 0 0 0 0 0 0 0 0 0 0 0 0 0 0 0 0 0 0 0 0 0 0 0 0 0 0 0 0 0 0 0 0 0 0 0 0 0 0 0 0 0 0 0 0 0 0 0 0 0 0 0 0 0 0 0 0 0 0 0 0 0 0 0 0 0 0 0 0 0 0 0 0 0 0 0 0 0 0 0 0 0 0 0 0 0 0 0 0 0 0 0 0 0 0 0 0 0 0 0 0 0 0 0 0 0 0 0 0 0 0 0 0 0 0 0 0 0 0 0 0 0 0 0 0 0 0 0 0 0 0 0 0 0 0 0 0 0 0 0 0 0 0 0 0 0 0 0 0 0 0 0 0 0 0 0 0 0 0 0 0 0 0 0 0 0 0 0 0 0 0 0 0 0 0 0 0 0 0 0 0 0 0 0 0 0 0 0 0 0 0 0 0 0 0 0 0 0 0 0 0 0 0 0 0 0 0 0 0 0 0 0 0 0 0 0 0 0 0 0 0 0 0 0 0 0 0 0 0 0 0 0 0 0 0 0 0 0 0 0 0 0 0 0 0 0 0 0 0 0 0 0 0 0 0 0 0 0 0 0 0 0 0 0 0 0 0 0 0 0 0 0 0 0 0 0 0 0 0 0 0 0 0 0 0 0 0 0 0 0 0 0 0 0 0 0 0 0 0 0 0 0 0 0 0 0 0 0 0 0 0 0 0 0 0 0 0 0 0 0 0 0 0 0 0 0 0 0 0 0 0 0 0 0 0 0 0 0 0 0 0 0 0 0 0 0 0 0 0 0 0 0 0 0 0 0 0 0 0 0 0 0 0 0 0 0 0 0 0 0 0 0 0 0 0 0 0 0 0 0 0 0 0 0 0 0 0 0 0 0 0 0 0 0 0 0 0 0 0 0 0 0 0 0 0 0 0 0 0 0 0 0 0 0 0 0 0 0 0 0 0 0 0 0 0 0 0 0 0 0 0 0 0 0 0 0 0 0 0 0 0 0 0 0 0 0 0 0 0 0 0 0 0 0 0 0 0 0 0 0 0 0 0 0 0 0 0 0 0 0 0 0 0 0 0 0 0 0 0 0 0 0 0 0 0 0 0 0 0 0 0 0 0 0 0 0 0 0 0 0 0 0 0 0 0 0 0 0 0 0 0 0 0 0 0 0 0 0 0 0 0 0 0 0 0 0 0 0 0 0 0 0 0 0 0 0 0 0 0 0 0 0 0 0 0 0 0 0 0 0 0 0 0 0 0 0 0 0 0 0 0 0 0 0 0 0 0 0 0 0 0 0 0 0 0 0 0 0 0 0 0 0 0 0 0 0 0 0 0 0 0 0 0 0 0 0 0 0 0 0 0 0 0 0 0 0 0 0 0 0 0 0 0 0 0 0 0 0 0 0 0 0 0 0 0 0 0 0 0 0 0 0 0 0 0 0 0 0 0 0 0 0 0 0 0 0 0 0 0 0 0 0 0 0 0 0 0 0 0 0 0 0 0 0 0 0 0 0 0 0 0 0 0 0 0 0 0 0 0 0 0 0 0 0 0 0 0 0 0 0 0 0 0 0 0 0 0 0 0 0 0 0 0 0 0 0 0 0 0 0 0 0 0 0 0 0 0 0 0 0 0 0 0 0 0 0 0 0 0 0 0 0 0 0 0 0 0 0 0 0 0 0 0 0 0 0 0 0 0 0 0 0 0 0 0 0 0 0 0 0 0 0 0 0 0 0 0 0 0 0 0
ctxt 1343151
btime 1613064757
processes 26372
procs_running 1
procs_blocked 0
softirq 8346615 1 4873175 1095 209889 0 0 160 486505 0 2775790
