cpu  13499304 3 19165 6911585 457 0 2084 0 0 0
cpu0 374643 0 754 191841 1 0 395 0 0 0
cpu1 375179 0 586 191729 22 0 55 0 0 0
cpu2 374777 0 727 191979 17 0 104 0 0 0
cpu3 374930 0 556 192071 5 0 27 0 0 0
cpu4 374694 0 758 192096 3 0 29 0 0 0
cpu5 374903 0 470 192163 2 0 40 0 0 0
cpu6 374883 0 425 192221 6 0 38 0 0 0
cpu7 374778 0 659 192059 1 0 68 0 0 0
cpu8 374959 0 424 192167 1 0 24 0 0 0
cpu9 375359 0 411 191808 1 0 2 0 0 0
cpu10 374605 0 760 192129 6 0 63 0 0 0
cpu11 374858 0 458 192233 1 0 15 0 0 0
cpu12 374648 0 745 192098 38 0 29 0 0 0
cpu13 375532 0 517 191489 4 0 30 0 0 0
cpu14 374997 0 470 192014 88 0 12 0 0 0
cpu15 373601 0 1288 192029 49 0 599 0 0 0
cpu16 374945 0 539 192064 2 0 12 0 0 0
cpu17 374771 0 647 192110 2 0 34 0 0 0
cpu18 375018 0 377 192124 4 0 18 0 0 0
cpu19 375309 0 384 191834 15 0 6 0 0 0
cpu20 374795 0 660 192029 5 0 82 0 0 0
cpu21 375167 0 270 192132 1 0 6 0 0 0
cpu22 374978 0 407 192143 23 0 13 0 0 0
cpu23 374520 0 679 192250 0 0 124 0 0 0
cpu24 374921 0 386 192230 7 0 29 0 0 0
cpu25 374984 0 385 192159 13 0 28 0 0 0
cpu26 375158 0 280 192127 2 0 2 0 0 0
cpu27 375382 0 410 191754 16 0 1 0 0 0
cpu28 375799 0 813 190871 2 0 90 0 0 0
cpu29 375481 0 320 191743 1 0 5 0 0 0
cpu30 375462 0 499 191502 77 0 16 0 0 0
cpu31 375238 0 415 191890 1 0 17 0 0 0
cpu32 375077 0 297 192185 1 0 6 0 0 0
cpu33 375014 1 426 192081 6 0 28 0 0 0
cpu34 374948 0 484 192105 13 0 8 0 0 0
cpu35 374977 0 462 192108 2 0 13 0 0 0
intr 37530152 56 0 0 0 610 0 0 0 1 0 250 0 0 0 0 0 0 0 0 0 0 0 0 0 0 0 0 0 0 0 0 94 398 395 749 2629 256 620 1086 150 126 63 448 70 4694 390 3617 2286 505 372 245 356 400 173 1340 31 0 0 0 0 329 534 189 840 152 45 10205 147 67 724 492 202 0 0 17 10394 2 0 15062 301 3871 416 2248 3010 621 2685 1226 263 3130 1232 5389 396 915 122376 1452 3395 5776 395 356 1026 685 264 257 973 471 328 3423 1513 6390 3606 877 2649 1252 1446 0 16 7727 1 0 0 0 0 0 0 0 0 0 0 0 0 0 0 0 0 0 0 0 0 0 0 0 0 0 0 0 0 0 0 0 0 0 0 0 0 0 25 0 0 0 0 0 0 0 0 0 0 0 0 0 0 0 0 0 0 0 0 0 0 0 0 0 0 0 0 0 0 0 0 0 0 0 0 0 0 0 0 0 0 0 0 0 0 0 0 0 0 0 0 0 0 0 0 0 0 0 0 0 0 0 0 0 0 0 0 0 0 0 0 0 0 0 0 0 0 0 0 0 0 0 0 0 0 0 0 0 0 0 0 0 0 0 0 0 0 0 0 0 0 0 0 0 0 0 0 0 0 0 0 0 0 0 0 0 0 0 0 0 0 0 0 0 0 0 0 0 0 0 0 0 0 0 0 0 0 0 0 0 0 0 0 0 0 0 0 0 0 0 0 0 0 0 0 0 0 0 0 0 0 0 0 0 0 0 0 0 0 0 0 0 0 0 0 0 0 0 0 0 0 0 0 0 0 0 0 0 0 0 0 0 0 0 0 0 0 0 0 0 0 0 0 0 0 0 0 0 0 0 0 0 0 0 0 0 0 0 0 0 0 0 0 0 0 0 0 0 0 0 0 0 0 0 0 0 0 0 0 0 0 0 0 0 0 0 0 0 0 0 0 0 0 0 0 0 0 0 0 0 0 0 0 0 0 0 0 0 0 0 0 0 0 0 0 0 0 0 0 0 0 0 0 0 0 0 0 0 0 0 0 0 0 0 0 0 0 0 0 0 0 0 0 0 0 0 0 0 0 0 0 0 0 0 0 0 0 0 0 0 0 0 0 0 0 0 0 0 0 0 0 0 0 0 0 0 0 0 0 0 0 0 0 0 0 0 0 0 0 0 0 0 0 0 0 0 0 0 0 0 0 0 0 0 0 0 0 0 0 0 0 0 0 0 0 0 0 0 0 0 0 0 0 0 0 0 0 0 0 0 0 0 0 0 0 0 0 0 0 0 0 0 0 0 0 0 0 0 0 0 0 0 0 0 0 0 0 0 0 0 0 0 0 0 0 0 0 0 0 0 0 0 0 0 0 0 0 0 0 0 0 0 0 0 0 0 0 0 0 0 0 0 0 0 0 0 0 0 0 0 0 0 0 0 0 0 0 0 0 0 0 0 0 0 0 0 0 0 0 0 0 0 0 0 0 0 0 0 0 0 0 0 0 0 0 0 0 0 0 0 0 0 0 0 0 0 0 0 0 0 0 0 0 0 0 0 0 0 0 0 0 0 0 0 0 0 0 0 0 0 0 0 0 0 0 0 0 0 0 0 0 0 0 0 0 0 0 0 0 0 0 0 0 0 0 0 0 0 0 0 0 0 0 0 0 0 0 0 0 0 0 0 0 0 0 0 0 0 0 0 0 0 0 0 0 0 0 0 0 0 0 0 0 0 0 0 0 0 0 0 0 0 0 0 0 0 0 0 0 0 0 0 0 0 0 0 0 0 0 0 0 0 0 0 0 0 0 0 0 0 0 0 0 0 0 0 0 0 0 0 0 0 0 0 0 0 0 0 0 0 0 0 0 0 0 0 0 0 0 0 0 0 0 0 0 0 0 0 0 0 0 0 0 0 0 0 0 0 0 0 0 0 0 0 0 0 0 0 0 0 0 0 0 0 0 0 0 0 0 0 0 0 0 0 0 0 0 0 0 0 0 0 0 0 0 0 0 0 0 0 0 0 0 0 0 0 0 0 0 0 0 0 0 0 0 0 0 0 0 0 0 0 0 0 0 0 0 0 0 0 0 0 0 0 0 0 0 0 0 0 0 0 0 0 0 0 0 0 0 0 0 0 0 0 0 0 0 0 0 0 0 0 0 0 0 0 0 0 0 0 0 0 0 0 0 0 0 0 0 0 0 0 0 0 0 0 0 0 0 0 0 0 0 0 0 0 0 0 0 0 0 0 0 0 0 0 0 0 0 0 0 0 0 0 0 0 0 0 0 0 0 0 0 0 0 0 0 0 0 0 0 0 0 0 0 0 0 0 0 0 0 0 0 0 0 0 0 0 0 0 0 0 0 0 0 0 0 0 0 0 0 0 0 0 0 0 0 0 0 0 0 0 0 0 0 0 0 0 0 0 0 0 0 0 0 0 0 0 0 0 0 0 0 0 0 0 0 0 0 0 0 0 0 0 0 0 0 0 0 0 0 0 0 0 0 0 0 0 0 0 0 0 0 0 0 0 0 0 0 0 0 0 0 0 0 0 0 0 0 0 0 0 0 0 0 0 0 0 0 0 0 0 0 0 0 0 0 0 0 0 0 0 0 0 0 0 0 0 0 0 0 0 0 0 0 0 0 0 0 0 0 0 0 0 0 0 0 0 0 0 0 0 0 0 0 0 0 0 0 0 0 0 0 0 0 0 0 0 0 0 0 0 0 0 0 0 0 0 0 0 0 0 0 0 0 0 0 0 0 0 0 0 0 0 0 0 0 0 0 0 0 0 0 0 0 0 0 0 0 0 0 0 0 0 0 0 0 0 0 0 0 0 0 0 0 0 0 0 0 0 0 0 0 0 0 0 0 0 0
ctxt 10354986
btime 1613124388
processes 260880
procs_running 1
procs_blocked 0
softirq 48099945 1 27387091 645 1960125 0 0 197548 1328296 0 17226239
