cpu  44558536 7 50169 28609433 518 0 3572 0 0 0
cpu0 346953 0 1578 222866 0 0 276 0 0 0
cpu1 347891 0 415 223707 1 0 40 0 0 0
cpu2 347234 0 1100 223633 0 0 58 0 0 0
cpu3 346979 0 1122 223858 7 0 57 0 0 0
cpu4 347905 0 624 223510 1 0 44 0 0 0
cpu5 348155 0 215 223644 0 0 62 0 0 0
cpu6 347711 0 764 223540 0 0 29 0 0 0
cpu7 347456 0 892 223634 0 0 62 0 0 0
cpu8 348068 0 485 223487 0 0 36 0 0 0
cpu9 348348 0 227 223500 1 0 7 0 0 0
cpu10 347591 0 980 223421 0 0 85 0 0 0
cpu11 347956 0 461 223622 0 0 38 0 0 0
cpu12 347550 0 659 223769 0 0 70 0 0 0
cpu13 348099 0 358 223593 0 0 24 0 0 0
cpu14 347625 0 898 223488 0 0 66 0 0 0
cpu15 348017 0 427 223590 0 0 37 0 0 0
cpu16 348317 0 258 223492 0 0 8 0 0 0
cpu17 348078 0 217 223763 0 0 11 0 0 0
cpu18 347462 0 1054 223480 0 0 84 0 0 0
cpu19 348092 0 367 223583 2 0 24 0 0 0
cpu20 348404 0 208 223468 0 0 4 0 0 0
cpu21 348290 0 177 223602 0 0 14 0 0 0
cpu22 347867 0 657 223485 0 0 63 0 0 0
cpu23 347940 2 541 223548 0 0 30 0 0 0
cpu24 348353 0 295 223416 0 0 12 0 0 0
cpu25 348676 0 243 223143 1 0 9 0 0 0
cpu26 347455 0 804 223685 0 0 92 0 0 0
cpu27 347799 0 585 223575 0 0 58 0 0 0
cpu28 348451 0 298 223242 0 0 4 0 0 0
cpu29 348274 0 276 223499 0 0 12 0 0 0
cpu30 348148 0 420 223490 0 0 17 0 0 0
cpu31 348052 0 455 223514 1 0 28 0 0 0
cpu32 348080 0 313 223643 0 0 35 0 0 0
cpu33 348160 0 188 223493 0 0 177 0 0 0
cpu34 348006 0 523 223498 0 0 53 0 0 0
cpu35 348133 0 618 223264 3 0 43 0 0 0
cpu36 348330 0 262 223464 0 0 3 0 0 0
cpu37 348322 0 149 223588 0 0 8 0 0 0
cpu38 347904 0 555 223574 0 0 37 0 0 0
cpu39 348079 0 702 223223 6 0 55 0 0 0
cpu40 348455 0 174 223425 0 0 9 0 0 0
cpu41 348371 0 188 223503 1 0 10 0 0 0
cpu42 348005 0 441 223587 0 0 32 0 0 0
cpu43 347934 0 546 223490 28 0 44 0 0 0
cpu44 346425 0 442 225116 0 0 41 0 0 0
cpu45 348871 0 337 222832 1 0 18 0 0 0
cpu46 347933 0 530 223564 3 0 29 0 0 0
cpu47 348541 0 753 222664 2 0 56 0 0 0
cpu48 348472 0 160 223434 0 0 3 0 0 0
cpu49 348315 0 220 223495 0 0 19 0 0 0
cpu50 348069 0 506 223453 1 0 40 0 0 0
cpu51 348524 0 463 223017 2 0 34 0 0 0
cpu52 348346 0 172 223546 0 0 3 0 0 0
cpu53 348186 0 224 223631 2 0 15 0 0 0
cpu54 348110 0 310 223622 0 0 17 0 0 0
cpu55 348026 0 366 223638 5 0 16 0 0 0
cpu56 348365 0 212 223474 0 0 17 0 0 0
cpu57 348220 0 182 223646 0 0 11 0 0 0
cpu58 347946 0 538 223535 3 0 46 0 0 0
cpu59 347973 0 332 223643 77 0 19 0 0 0
cpu60 348152 0 388 223482 2 0 40 0 0 0
cpu61 348302 0 168 223583 0 0 11 0 0 0
cpu62 348240 0 306 223497 0 0 20 0 0 0
cpu63 348211 0 358 223463 0 0 17 0 0 0
cpu64 347593 0 886 223457 1 0 120 0 0 0
cpu65 347996 0 244 223766 0 0 20 0 0 0
cpu66 347513 0 726 223776 3 0 29 0 0 0
cpu67 348027 0 471 223437 88 0 17 0 0 0
cpu68 348030 0 305 223689 0 0 9 0 0 0
cpu69 348028 0 278 223728 1 0 8 0 0 0
cpu70 347959 0 576 223505 0 0 19 0 0 0
cpu71 348152 0 449 223406 31 0 11 0 0 0
cpu72 348293 0 281 223476 0 0 8 0 0 0
cpu73 348197 0 168 223682 0 0 9 0 0 0
cpu74 347966 0 604 223461 0 0 36 0 0 0
cpu75 348017 0 397 223586 2 0 24 0 0 0
cpu76 348069 0 217 223749 0 0 8 0 0 0
cpu77 348127 0 286 223624 1 0 12 0 0 0
cpu78 347892 0 552 223576 0 0 27 0 0 0
cpu79 348141 0 288 223583 4 0 12 0 0 0
cpu80 348394 0 170 223491 1 0 2 0 0 0
cpu81 348313 0 144 223583 0 0 5 0 0 0
cpu82 347817 0 605 223570 0 0 43 0 0 0
cpu83 348084 0 324 223608 1 0 27 0 0 0
cpu84 348459 0 170 223416 0 0 5 0 0 0
cpu85 348186 0 156 223697 0 0 8 0 0 0
cpu86 348117 0 477 223433 1 0 22 0 0 0
cpu87 347898 1 482 223606 4 0 50 0 0 0
cpu88 348092 0 395 223541 0 0 23 0 0 0
cpu89 348300 0 132 223610 0 0 8 0 0 0
cpu90 347835 0 510 223670 0 0 26 0 0 0
cpu91 347788 0 423 223770 1 0 30 0 0 0
cpu92 348374 0 178 223488 1 0 3 0 0 0
cpu93 348234 0 150 223646 0 0 9 0 0 0
cpu94 347991 0 279 223766 0 0 9 0 0 0
cpu95 348128 0 330 223551 1 0 12 0 0 0
cpu96 348319 0 191 223513 5 0 8 0 0 0
cpu97 348296 0 147 223598 0 0 4 0 0 0
cpu98 348308 0 247 223471 0 0 15 0 0 0
cpu99 348261 2 420 223357 2 0 18 0 0 0
cpu100 348474 0 120 223455 0 0 1 0 0 0
cpu101 348217 0 165 223655 1 0 5 0 0 0
cpu102 348276 0 262 223499 0 0 11 0 0 0
cpu103 348530 0 434 223064 5 0 11 0 0 0
cpu104 348392 0 139 223507 0 0 1 0 0 0
cpu105 348297 0 147 223588 1 0 9 0 0 0
cpu106 347861 0 338 223808 0 0 14 0 0 0
cpu107 348296 0 517 223173 8 0 47 0 0 0
cpu108 348358 0 182 223485 7 0 3 0 0 0
cpu109 348284 0 158 223586 1 0 12 0 0 0
cpu110 348286 0 232 223509 0 0 13 0 0 0
cpu111 349250 0 832 221844 1 0 79 0 0 0
cpu112 348458 0 162 223421 0 0 4 0 0 0
cpu113 348214 0 158 223649 0 0 12 0 0 0
cpu114 348093 0 426 223479 11 0 32 0 0 0
cpu115 348849 0 438 222647 70 0 9 0 0 0
cpu116 348316 0 202 223516 1 0 5 0 0 0
cpu117 348296 0 157 223569 0 0 8 0 0 0
cpu118 348306 0 191 223528 0 0 3 0 0 0
cpu119 347817 0 426 223736 4 0 43 0 0 0
cpu120 348480 0 156 223404 0 0 3 0 0 0
cpu121 348305 0 142 223590 2 0 4 0 0 0
cpu122 347979 0 373 223664 0 0 16 0 0 0
cpu123 348290 0 335 223347 54 0 6 0 0 0
cpu124 348221 0 210 223593 2 0 13 0 0 0
cpu125 348369 0 222 223435 0 0 5 0 0 0
cpu126 348373 0 200 223454 1 0 3 0 0 0
cpu127 348205 0 451 223346 1 0 14 0 0 0
intr 125868458 130 0 0 0 683 0 0 0 1 0 285 0 0 0 0 0 0 0 0 0 0 0 0 0 0 0 0 0 0 0 0 0 0 0 0 260 0 889 2109 917 10339 1979 16549 2539 6404 1847 536 97 5209 133 1801 4793 8037 157 559 20 4075 1186 1029 0 5538 446 522 651 2529 1406 1313 10 3063 554 53987 148 9973 482 509 13 3106 1366 928 1098 8707 1231 700 6 7268 473 1406 5 2793 376 1449 0 2459 299 1418 745 5290 153 1132 3031 3087 830 1278 2963 7372 2223 1461 466 6002 1005 578 2 5039 598 1997 5 3614 134 445 0 4866 1102 852 1 6845 567 514 140 4313 429 1768 167 2898 511 918 0 4019 369 568 0 2551 698 655 1693 2598 1129 1149 0 5966 200 1159 0 810 526 969 6 0 0 0 0 0 0 0 0 0 0 163 171 1 62 4 80 206 18 155 1 3 0 9 0 6 0 10 158 11 3 764 21 128 2 84 261 96 19 265 62 52 32 93 0 0 0 0 0 0 0 0 0 0 0 0 0 0 0 0 0 71 10 94 26 97 34 24 1 111 3 80 0 6 26 104 136 39 19 7 19 35 76 0 0 8 0 105 25 0 83 0 1 1 0 6 385 0 0 37 6303 5242 120 325 471 760 292 206 206 207 872 168 202 393 3008 71 120 225 580 60 9906 117 546 79 0 0 0 0 0 0 0 0 0 0 0 0 0 0 0 0 0 0 0 0 0 0 0 0 0 0 0 0 0 0 0 0 0 0 0 0 0 0 0 0 0 0 0 0 0 0 0 0 0 0 0 0 0 0 0 0 0 0 0 0 0 0 0 0 0 0 0 0 0 0 0 0 0 0 0 0 0 0 0 0 0 0 0 0 0 0 0 0 0 0 0 0 0 0 0 0 0 0 0 0 0 0 0 0 0 0 0 0 0 0 0 0 0 0 0 0 0 0 0 0 0 0 0 0 0 0 0 0 0 0 0 0 0 0 0 0 0 0 0 0 0 0 0 0 0 0 0 0 0 0 0 0 0 0 0 0 0 0 0 0 0 0 0 0 0 0 0 0 0 0 0 0 0 0 0 0 0 0 0 0 0 0 0 0 0 0 0 0 0 0 0 0 0 0 0 0 0 0 0 0 0 0 0 0 0 0 0 0 0 0 0 0 0 0 0 0 0 0 0 0 0 0 0 0 0 0 0 0 0 0 0 0 0 0 0 0 0 0 0 0 0 0 0 0 0 0 0 0 0 0 0 0 0 0 0 0 0 0 0 0 0 0 0 0 0 0 0 0 0 0 0 0 0 0 0 0 0 0 0 0 0 0 0 0 0 0 0 0 0 0 0 0 0 0 0 0 0 0 0 0 0 0 0 0 0 0 0 0 0 0 0 0 0 0 0 0 0 0 0 0 0 0 0 0 0 0 0 0 0 0 0 0 0 0 0 0 0 0 0 0 0 0 0 0 0 0 0 0 0 0 0 0 0 0 0 0 0 0 0 0 0 0 0 0 0 0 0 0 0 0 0 0 0 0 0 0 0 0 0 0 0 0 0 0 0 0 0 0 0 0 0 0 0 0 0 0 0 0 0 0 0 0 0 0 0 0 0 0 0 0 0 0 0 0 0 0 0 0 0 0 0 0 0 4 0 0 0 0 0 0 0 47 0 0 48 0 0 0 0 0 0 0 0 0 0 0 0 1 0 0 0 0 0 0 0 0 0 0 0 0 0 0 0 0 0 0 0 0 0 0 0 0 0 0 0 0 0 0 0 0 0 0 0 0 0 0 0 0 0 0 0 0 0 0 0 0 0 0 0 0 0 0 0 0 0 0 0 0 0 0 0 0 0 0 0 0 0 20 0 0 0 0 0 0 0 0 0 0 0 0 0 0 0 0 0 0 0 0 0 0 0 0 0 0 0 0 0 0 0 0 0 0 0 0 0 0 0 0 0 0 0 0 0 0 0 0 0 0 0 0 0 0 0 0 0 0 0 0 0 0 0 0 0 0 0 0 0 0 0 0 0 0 0 0 0 0 0 0 0 0 0 0 0 0 0 0 0 0 0 0 0 0 0 0 0 0 0 0 0 0 0 0 0 0 0 0 0 0 0 0 0 0 0 0 0 0 0 0 0 0 0 0 0 0 0 0 0 0 0 0 0 0 0 0 0 0 0 0 0 0 0 0 0 0 0 0 0 0 0 0 0 0 0 0 0 0 0 0 0 0 0 0 0 0 0 0 0 0 0 0 0 0 0 0 0 0 0 0 0 0 0 0 0 0 0 0 0 0 0 0 0 0 0 0 0 0 0 0 0 0 0 0 0 0 0 0 0 0 0 0 0 0 0 0 0 0 0 0 0 0 0 0 0 0 0 0 0 0 0 0 0 0 0 0 0 0 0 0 0 0 0 0 0 0 0 0 0 0 0 0 0 0 0 0 0 0 0 0 0 0 0 0 0 0 0 0 0 0 0 0 0 0 0 0 0 0 0 0 0 0 0 0 0 0 0 0 0 0 0 0 0 0 0 0 0 0 0 0 0 0 0 0 0 0 0 0 0 0 0 0 0 0 0 0 0 0 0 0 0 0 0 0 0 0 0 0 0 0 0 0 0 0 0 0 0 0 0 0 0 0 0 0 0 0 0 0 0 0 0 0 0 0 0 0 0 0 0 0 0 0 0 0 0 0 0 0 0 0 0 0 0 0 0 0 0 0 0 0 0 0 0 0 0 0 0 0 0 0 0 0 0 0 0 0 0 0 0 0 0 0 0 0 0 0 0 0 0 0 0 0 0 0 0 0 0 0 0 0 0 0 0 0 0 0 0 0 0 0 0 0 0 0 0 0 0 0 0 0 0 0 0 0 0 0 0 0 0 0 0 0 0 0 0 0 0 0 0 0 0 0 0 0 0 0 0 0 0 0 0 0 0 0 0 0 0 0 0 0 0 0 0 0 0 0 0 0 0 0 0 0 0 0 0 0 0 0 0 0 0 0 0 0 0 0 0 0 0 0 0 0 0 0 0 0 0 0 0 0 0 0 0 0 0 0 0 0 0 0 0 0 0 0 0 0 0 0 0 0 0 0 0 0 0 0 0 0 0 0 0 0 0 0 0 0 0 0 0 0 0 0 0 0 0 0 0 0 0 0 0 0 0 0 0 0 0 0 0 0 0 0 0 0 0 0 0 0 0 0 0 0 0 0 0 0 0 0 0 0 0 0 0 0 0 0 0 0 0 0 0 0 0 0 0 0 0 0 0 0 0 0 0 0 0 0 0 0 0 0 0 0 0 0 0 0 0 0 0 0 0 0 0 0 0 0 0 0 0 0 0 0 0 0 0 0 0 0 0 0 0 0 0 0 0 0 0 0 0 0 0 0 0 0 0 0 0 0 0 0 0 0 0 0 0 0 0 0 0 0 0 0 0 0 0 0 0 0 0 0 0 0 0 0 0 0 0 0 0 0 0 0 0 0 0 0 0 0 0 0 0 0 0 0 0 0 0 0 0 0 0 0 0 0 0 0 0 0 0 0 0 0 0 0 0 0 0 0 0 0 0 0 0 0 0 0 0 0 0 0 0 0 0 0 0 0 0 0 0 0 0 0 0 0 0 0 0 0 0 0 0 0 0 0 0 0 0 0 0 0 0 0 0 0 0 0 0 0 0 0 0 0 0 0 0 0 0 0 0 0 0 0 0 0 0 0 0 0 0 0 0 0 0 0 0 0 0 0 0 0 0 0 0 0 0 0 0 0 0 0 0 0 0 0 0 0 0 0 0 0 0 0 0 0 0 0 0 0 0 0 0 0 0 0 0 0 0 0 0 0 0 0 0 0 0 0 0 0 0 0 0 0 0 0 0 0 0 0 0 0 0 0 0 0 0 0 0 0 0 0 0 0 0 0 0 0 0 0 0 0 0 0 0 0 0 0 0 0 0 0 0 0 0 0 0 0 0 0 0 0 0 0 0 0 0 0 0 0 0 0 0 0 0 0 0 0 0 0 0 0 0 0 0 0 0 0 0 0 0 0 0 0 0 0 0 0 0 0 0 0 0 0 0 0 0 0 0 0 0 0 0 0 0 0 0 0 0 0 0 0 0 0 0 0 0 0 0 0 0 0 0 0 0 0 0 0 0 0 0 0 0 0 0 0 0 0 0 0 0 0 0 0 0 0 0 0 0 0 0 0 0 0 0 0 0 0 0 0 0 0 0 0 0 0 0 0 0 0 0 0 0 0 0 0 0 0 0 0 0 0 0 0 0 0 0 0 0 0 0 0 0 0 0 0 0 0 0 0 0 0 0 0 0 0 0 0 0 0 0 0 0 0 0 0 0 0 0 0 0 0 0 0 0 0 0 0 0 0 0 0 0 0 0 0 0 0 0 0 0 0 0 0 0 0 0 0 0 0 0 0 0 0 0 0 0 0 0 0 0 0 0 0 0 0 0 0 0 0 0 0 0 0 0 0 0 0 0 0 0 0 0 0 0 0 0 0 0 0 0 0 0 0 0 0 0 0 0 0 0 0 0 0 0 0 0 0 0 0 0 0 0 0 0 0 0 0 0 0 0 0 0 0 0 0 0 0 0 0 0 0 0 0 0 0 0 0 0 0 0 0 0 0 0 0 0 0 0 0 0 0 0 0 0 0 0 0 0 0 0 0 0 0 0 0 0 0 0 0 0 0 0 0 0 0 0 0 0 0 0 0 0 0 0 0 0 0 0 0 0 0 0 0 0 0 0 0 0 0 0 0 0 0 0 0 0 0 0 0 0 0 0 0 0 0 0 0 0 0 0 0 0 0 0 0 0 0 0 0 0 0 0 0 0 0 0 0 0 0 0 0 0 0 0 0 0 0 0 0 0 0 0 0 0 0 0 0 0 0 0 0 0 0 0 0 0 0 0 0 0 0 0 0 0 0 0 0 0 0 0 0 0 0 0 0 0 0 0 0 0 0 0 0 0 0 0 0 0 0 0 0 0 0 0 0 0 0 0 0 0 0 0 0 0 0 0 0 0 0 0 0 0 0 0 0 0 0 0 0 0 0 0 0 0 0 0 0 0 0 0 0 0 0 0 0 0 0 0 0 0 0 0 0 0 0 0 0 0 0 0 0 0 0 0 0 0 0 0 0 0 0 0 0 0 0 0 0 0 0 0 0 0 0 0 0 0 0 0 0 0 0 0 0 0 0 0 0 0 0 0 0 0 0 0 0 0 0 0 0 0 0 0 0 0 0 0 0 0 0 0 0 0 0 0 0 0 0 0 0 0 0 0 0 0 0 0 0 0 0 0 0 0 0 0 0 0 0 0 0 0 0 0 0 0 0 0 0 0 0 0 0 0 0 0 0 0 0 0 0 0 0 0 0 0 0 0 0 0 0 0 0 0 0 0 0 0 0 0 0 0 0 0 0 0 0 0 0 0 0 0 0 0 0 0 0 0 0 0 0 0 0 0 0 0 0 0 0 0 0 0 0 0 0 0 0 0 0 0 0 0 0 0 0 0 0 0 0 0 0 0 0 0 0 0 0 0 0 0 0 0 0 0 0 0 0 0 0 0 0 0 0 0 0 0 0 0 0 0 0 0 0 0 0 0 0 0 0 0 0 0 0 0 0 0 0 0 0 0 0 0 0 0 0 0 0 0 0 0 0 0 0 0 0 0 0 0 0 0 0 0 0 0 0 0 0 0 0 0 0 0 0 0 0 0 0 0 0 0 0 0 0 0 0 0 0 0 0 0 0 0 0 0 0 0 0 0 0 0 0 0 0 0 0 0 0 0 0 0 0 0 0 0 0 0 0 0 0 0 0 0 0 0 0 0 0 0 0 0 0 0 0 0 0 0 0 0 0 0 0 0 0 0 0 0 0 0 0 0 0 0 0 0 0 0 0 0 0 0 0 0 0 0 0 0 0 0 0 0 0 0 0 0 0 0 0 0 0 0 0 0 0 0 0 0 0 0 0 0 0 0 0 0 0 0 0 0 0 0 0 0 0 0 0 0 0 0 0 0 0 0 0 0 0 0 0 0 0 0 0 0 0 0 0 0 0 0 0 0 0 0 0 0 0 0 0 0 0 0 0 0 0 0 0 0 0 0 0 0 0 0 0 0 0 0 0 0 0 0 0 0 0 0 0 0 0 0 0 0 0 0 0 0 0 0 0 0 0 0 0 0 0 0 0 0 0 0 0 0 0 0 0 0 0 0 0 0 0 0 0 0 0 0 0 0 0 0 0 0 0 0 0 0 0 0 0 0 0 0 0 0 0 0 0 0 0 0 0 0 0 0 0 0 0 0 0 0 0 0 0 0 0 0 0 0 0 0 0 0 0 0 0 0 0 0 0 0 0 0 0 0 0 0 0 0 0 0 0 0 0 0 0 0 0 0 0 0 0 0 0 0 0 0 0 0 0 0 0 0 0 0 0 0 0 0 0 0 0 0 0 0 0 0 0 0 0 0 0 0 0 0 0 0 0 0 0 0 0 0 0 0 0 0 0 0 0 0 0 0 0 0 0 0 0 0 0 0 0 0 0 0 0 0 0 0 0 0 0 0 0 0 0 0 0 0 0 0 0 0 0 0 0 0 0 0 0 0 0 0 0 0 0 0 0 0 0 0 0 0 0 0 0 0 0 0 0 0 0 0 0 0 0 0 0 0 0 0 0 0 0 0 0 0 0 0 0 0 0 0 0 0 0 0 0 0 0 0 0 0 0 0 0 0 0 0 0 0 0 0 0 0 0 0 0 0 0 0 0 0 0 0 0 0 0 0 0 0 0 0 0 0 0 0 0 0 0 0 0 0 0 0 0 0 0 0 0 0 0 0 0 0 0 0 0 0 0 0 0 0 0 0 0 0 0 0 0 0 0 0 0 0 0 0 0 0 0 0 0 0 0 0 0 0 0 0 0 0 0 0 0 0 0 0 0 0 0 0 0 0 0 0 0 0 0 0 0 0 0 0 0 0 0 0 0 0 0 0 0 0 0 0 0 0 0 0 0 0 0 0 0 0 0 0 0 0 0 0 0 0 0 0 0 0 0 0 0 0 0 0 0 0 0 0 0 0 0 0 0 0 0 0 0 0 0 0 0 0 0 0 0 0 0 0 0 0 0 0 0 0 0 0 0 0 0 0 0 0 0 0 0 0 0 0 0 0 0 0 0 0 0 0 0 0 0 0 0 0 0 0 0 0 0 0 0 0 0 0 0 0 0 0 0 0 0 0 0 0 0 0 0 0 0 0 0 0 0 0 0 0 0 0 0 0 0 0 0 0 0 0 0 0 0 0 0 0 0 0 0 0 0 0 0 0 0 0 0 0 0 0 0 0 0 0 0 0 0 0 0 0 0 0 0 0 0 0 0 0 0 0 0 0 0 0 0 0 0 0 0 0 0 0 0 0 0 0 0 0 0 0 0 0 0 0 0 0 0 0 0 0 0 0 0 0 0 0 0 0 0 0 0 0 0 0 0 0 0 0 0 0 0 0 0 0 0 0 0 0 0 0 0 0 0 0 0 0 0 0 0 0 0 0 0 0 0 0 0 0 0 0 0 0 0 0 0 0 0 0 0 0 0 0 0 0 0 0 0 0 0 0 0 0 0 0 0 0 0 0 0 0 0 0 0 0 0 0 0 0 0 0 0 0 0 0 0 0 0 0 0 0 0 0 0 0 0 0 0 0 0 0 0 0 0 0 0 0 0 0 0 0 0 0 0 0 0 0 0 0 0 0 0 0 0 0 0 0 0 0 0 0 0 0 0 0 0 0 0 0 0 0 0 0 0 0 0 0 0 0 0 0 0 0 0 0 0 0 0 0 0 0 0 0 0 0 0 0 0 0 0 0 0 0 0 0 0 0 0 0 0 0 0 0 0 0 0 0 0 0 0 0 0 0 0 0 0 0 0 0 0 0 0 0 0 0 0 0 0 0 0 0 0 0 0 0 0 0 0 0 0 0 0 0 0 0 0 0 0 0 0 0 0 0 0 0 0 0 0 0 0 0 0 0 0 0 0 0 0 0 0 0 0 0 0 0 0 0 0 0 0 0 0 0 0 0 0 0 0 0 0 0 0 0 0 0 0 0 0 0 0 0 0 0 0 0 0 0 0 0 0 0 0 0 0 0 0 0 0 0 0 0 0 0 0 0 0 0 0 0 0 0 0 0 0 0 0 0 0 0 0 0 0 0 0 0 0 0 0 0 0 0 0 0 0 0 0 0 0 0 0 0 0 0 0 0 0 0 0 0 0 0 0 0 0 0 0 0 0 0 0 0 0 0 0 0 0 0 0 0 0 0 0 0 0 0 0 0 0 0 0 0 0 0 0 0 0 0 0 0 0 0 0 0 0 0 0 0 0 0 0 0 0 0 0 0 0 0 0 0 0 0 0 0 0 0 0 0 0 0 0 0 0 0 0 0 0 0 0 0 0 0 0 0 0 0 0 0 0 0 0 0 0 0 0 0 0 0 0 0 0 0 0 0 0 0 0 0 0 0 0 0 0 0 0 0 0 0 0 0 0 0 0 0 0 0 0 0 0 0 0 0 0 0 0 0 0 0 0 0 0 0 0 0 0 0 0 0 0 0 0 0 0 0 0 0 0 0 0 0 0 0 0 0 0 0 0 0 0 0 0 0 0 0 0 0 0 0 0 0 0 0 0 0 0 0 0 0 0 0 0 0 0 0 0 0 0 0 0 0 0 0 0 0 0 0 0 0 0 0 0 0 0 0 0 0 0 0 0 0 0 0 0 0 0 0 0 0 0 0 0 0 0 0 0 0 0 0 0 0 0 0 0 0 0 0 0 0 0 0 0 0 0 0 0 0 0 0 0 0 0 0 0 0 0 0 0 0 0 0 0 0 0 0 0 0 0 0 0 0 0 0 0 0 0 0 0 0 0 0 0 0 0 0 0 0 0 0 0 0 0 0 0 0 0 0 0 0 0 0 0 0 0 0 0 0 0 0 0 0 0 0 0 0 0 0 0 0 0 0 0 0 0 0 0 0 0 0 0 0 0 0 0 0 0 0 0 0 0 0 0 0 0 0 0 0 0 0 0 0 0 0 0 0 0 0 0 0 0 0 0 0 0 0 0 0 0 0 0 0 0 0 0 0 0 0 0 0 0 0 0 0 0 0 0 0 0 0 0 0 0 0 0 0 0 0 0 0 0 0 0 0 0 0 0 0 0 0 0 0 0 0 0 0 0 0 0 0 0 0 0 0 0 0 0 0 0 0 0 0 0 0 0 0 0 0 0 0 0 0 0 0 0 0 0 0 0 0 0 0 0 0 0 0 0 0 0 0 0 0 0 0 0 0 0 0 0 0 0 0 0 0 0 0 0 0 0 0 0 0 0 0 0 0 0 0 0 0 0 0 0 0 0 0 0 0 0 0 0 0 0 0 0 0 0 0 0 0 0 0 0 0 0 0 0 0 0 0 0 0 0 0 0 0 0 0 0 0 0 0 0 0 0 0 0 0 0 0 0 0 0 0 0 0 0 0 0 0 0 0 0 0 0 0 0 0 0 0 0 0 0 0 0 0 0 0 0 0 0 0 0 0 0 0 0 0 0 0 0 0 0 0 0 0 0 0 0 0 0 0 0 0 0 0 0 0 0 0 0 0 0 0 0 0 0 0 0 0 0 0 0 0 0 0 0 0 0 0 0 0 0 0 0 0 0 0 0 0 0 0 0 0 0 0 0 0 0 0 0 0 0 0 0 0 0 0 0 0 0 0 0 0 0 0 0 0 0 0 0 0 0 0 0 0 0 0 0 0 0 0 0 0 0 0 0 0 0 0 0 0 0 0 0 0 0 0 0 0 0 0 0 0 0 0 0 0 0 0 0 0 0 0 0 0 0 0 0 0 0 0 0 0 0 0 0 0 0 0 0 0 0 0 0 0 0 0 0 0 0 0 0 0 0 0 0 0 0 0 0 0 0 0 0 0 0 0 0 0 0 0 0 0 0 0 0 0 0 0 0 0 0 0 0 0 0 0 0 0 0 0 0 0 0 0 0 0 0 0 0 0 0 0 0 0 0 0 0 0 0 0 0 0 0 0 0 0 0 0 0 0 0 0 0 0 0 0 0 0
ctxt 8340206
btime 1613064757
processes 182235
procs_running 1
procs_blocked 0
softirq 135308893 1 81313154 1940 1604026 0 0 179 4252192 0 48137401
