cpu  32932122 3 48004 7231896 459 0 4691 0 0 0
cpu0 914040 0 1773 200868 1 0 723 0 0 0
cpu1 914890 0 1311 200818 22 0 105 0 0 0
cpu2 914408 0 1596 200918 17 0 227 0 0 0
cpu3 914566 0 1466 201045 5 0 79 0 0 0
cpu4 913827 0 1914 201171 3 0 235 0 0 0
cpu5 914330 0 1544 201195 2 0 75 0 0 0
cpu6 914408 0 1429 201217 6 0 86 0 0 0
cpu7 914496 0 1581 200934 1 0 126 0 0 0
cpu8 914826 0 1080 201180 1 0 50 0 0 0
cpu9 914123 0 2107 200754 1 0 160 0 0 0
cpu10 914232 0 1602 201198 6 0 90 0 0 0
cpu11 914867 0 1694 200369 1 0 201 0 0 0
cpu12 914190 0 1622 201211 38 0 61 0 0 0
cpu13 914963 0 1520 200593 4 0 59 0 0 0
cpu14 914348 0 1614 201046 88 0 50 0 0 0
cpu15 911912 0 2974 201003 49 0 1198 0 0 0
cpu16 914300 0 1719 201046 2 0 64 0 0 0
cpu17 914323 0 1675 201063 2 0 70 0 0 0
cpu18 914981 0 882 201215 4 0 28 0 0 0
cpu19 915392 0 816 200827 15 0 56 0 0 0
cpu20 915024 0 1037 200975 5 0 94 0 0 0
cpu21 915267 0 713 201147 1 0 14 0 0 0
cpu22 914818 0 979 201239 23 0 71 0 0 0
cpu23 914481 0 1170 201345 1 0 144 0 0 0
cpu24 914514 0 1234 201241 7 0 141 0 0 0
cpu25 914957 0 856 201244 13 0 58 0 0 0
cpu26 915459 0 512 201153 2 0 9 0 0 0
cpu27 915473 0 906 200685 16 0 50 0 0 0
cpu28 916242 0 1325 199468 2 0 97 0 0 0
cpu29 915526 0 1138 200381 1 0 65 0 0 0
cpu30 917252 0 1078 198683 77 0 30 0 0 0
cpu31 916290 0 865 199927 1 0 36 0 0 0
cpu32 914865 0 1014 201223 1 0 26 0 0 0
cpu33 914835 1 1056 201174 6 0 53 0 0 0
cpu34 914943 0 932 201216 13 0 24 0 0 0
cpu35 914739 0 1256 201106 2 0 21 0 0 0
intr 90702105 56 0 0 0 610 0 0 0 1 0 250 0 0 0 0 0 0 0 0 0 0 0 0 0 0 0 0 0 0 0 0 94 530 470 751 2638 715 698 1413 293 139 282 460 83 4849 486 3890 2739 736 484 247 389 638 184 1445 135 0 0 0 0 464 542 203 1180 179 117 10260 178 151 991 810 218 0 0 17 12582 2 0 27191 2752 4699 1209 3334 4099 1967 5729 2308 6611 5846 3216 8224 1775 1687 267416 3483 4924 6890 1876 2298 1649 7133 2994 4655 3105 1176 751 4509 2335 8561 5709 5214 10191 1618 2221 0 16 7933 1 0 0 0 0 0 0 0 0 0 0 0 0 0 0 0 0 0 0 0 0 0 0 0 0 0 0 0 0 0 0 0 0 0 0 0 0 0 25 0 0 0 0 0 0 0 0 0 0 0 0 0 0 0 0 0 0 0 0 0 0 0 0 0 0 0 0 0 0 0 0 0 0 0 0 0 0 0 0 0 0 0 0 0 0 0 0 0 0 0 0 0 0 0 0 0 0 0 0 0 0 0 0 0 0 0 0 0 0 0 0 0 0 0 0 0 0 0 0 0 0 0 0 0 0 0 0 0 0 0 0 0 0 0 0 0 0 0 0 0 0 0 0 0 0 0 0 0 0 0 0 0 0 0 0 0 0 0 0 0 0 0 0 0 0 0 0 0 0 0 0 0 0 0 0 0 0 0 0 0 0 0 0 0 0 0 0 0 0 0 0 0 0 0 0 0 0 0 0 0 0 0 0 0 0 0 0 0 0 0 0 0 0 0 0 0 0 0 0 0 0 0 0 0 0 0 0 0 0 0 0 0 0 0 0 0 0 0 0 0 0 0 0 0 0 0 0 0 0 0 0 0 0 0 0 0 0 0 0 0 0 0 0 0 0 0 0 0 0 0 0 0 0 0 0 0 0 0 0 0 0 0 0 0 0 0 0 0 0 0 0 0 0 0 0 0 0 0 0 0 0 0 0 0 0 0 0 0 0 0 0 0 0 0 0 0 0 0 0 0 0 0 0 0 0 0 0 0 0 0 0 0 0 0 0 0 0 0 0 0 0 0 0 0 0 0 0 0 0 0 0 0 0 0 0 0 0 0 0 0 0 0 0 0 0 0 0 0 0 0 0 0 0 0 0 0 0 0 0 0 0 0 0 0 0 0 0 0 0 0 0 0 0 0 0 0 0 0 0 0 0 0 0 0 0 0 0 0 0 0 0 0 0 0 0 0 0 0 0 0 0 0 0 0 0 0 0 0 0 0 0 0 0 0 0 0 0 0 0 0 0 0 0 0 0 0 0 0 0 0 0 0 0 0 0 0 0 0 0 0 0 0 0 0 0 0 0 0 0 0 0 0 0 0 0 0 0 0 0 0 0 0 0 0 0 0 0 0 0 0 0 0 0 0 0 0 0 0 0 0 0 0 0 0 0 0 0 0 0 0 0 0 0 0 0 0 0 0 0 0 0 0 0 0 0 0 0 0 0 0 0 0 0 0 0 0 0 0 0 0 0 0 0 0 0 0 0 0 0 0 0 0 0 0 0 0 0 0 0 0 0 0 0 0 0 0 0 0 0 0 0 0 0 0 0 0 0 0 0 0 0 0 0 0 0 0 0 0 0 0 0 0 0 0 0 0 0 0 0 0 0 0 0 0 0 0 0 0 0 0 0 0 0 0 0 0 0 0 0 0 0 0 0 0 0 0 0 0 0 0 0 0 0 0 0 0 0 0 0 0 0 0 0 0 0 0 0 0 0 0 0 0 0 0 0 0 0 0 0 0 0 0 0 0 0 0 0 0 0 0 0 0 0 0 0 0 0 0 0 0 0 0 0 0 0 0 0 0 0 0 0 0 0 0 0 0 0 0 0 0 0 0 0 0 0 0 0 0 0 0 0 0 0 0 0 0 0 0 0 0 0 0 0 0 0 0 0 0 0 0 0 0 0 0 0 0 0 0 0 0 0 0 0 0 0 0 0 0 0 0 0 0 0 0 0 0 0 0 0 0 0 0 0 0 0 0 0 0 0 0 0 0 0 0 0 0 0 0 0 0 0 0 0 0 0 0 0 0 0 0 0 0 0 0 0 0 0 0 0 0 0 0 0 0 0 0 0 0 0 0 0 0 0 0 0 0 0 0 0 0 0 0 0 0 0 0 0 0 0 0 0 0 0 0 0 0 0 0 0 0 0 0 0 0 0 0 0 0 0 0 0 0 0 0 0 0 0 0 0 0 0 0 0 0 0 0 0 0 0 0 0 0 0 0 0 0 0 0 0 0 0 0 0 0 0 0 0 0 0 0 0 0 0 0 0 0 0 0 0 0 0 0 0 0 0 0 0 0 0 0 0 0 0 0 0 0 0 0 0 0 0 0 0 0 0 0 0 0 0 0 0 0 0 0 0 0 0 0 0 0 0 0 0 0 0 0 0 0 0 0 0 0 0 0 0 0 0 0 0 0 0 0 0 0 0 0 0 0 0 0 0 0 0 0 0 0 0 0 0 0 0 0 0 0 0 0 0 0 0 0 0 0 0 0 0 0 0 0 0 0 0 0 0 0 0 0 0 0 0 0 0 0 0 0 0 0 0 0 0 0 0 0 0 0 0 0 0 0 0 0 0 0 0 0 0 0 0 0 0 0 0 0 0 0 0 0 0 0 0 0 0 0 0 0 0 0 0 0 0 0 0 0 0 0 0 0 0 0 0 0 0 0 0 0 0 0 0 0 0 0 0 0 0 0 0 0 0 0 0 0 0 0 0 0 0 0 0 0 0 0 0 0 0 0 0 0 0 0 0 0 0 0 0 0 0 0 0 0 0 0 0 0 0 0 0 0 0 0 0 0 0 0 0 0 0 0 0 0 0
ctxt 23450113
btime 1613124388
processes 588802
procs_running 1
procs_blocked 0
softirq 117137129 1 67429120 1090 4452543 0 0 426905 3058437 0 41769033
