cpu  9695744 8 15428 11457833 423 0 573 0 0 0
cpu0 75577 0 731 88861 0 0 210 0 0 0
cpu1 75749 0 66 89598 0 0 25 0 0 0
cpu2 75534 0 193 89661 1 0 3 0 0 0
cpu3 75541 0 240 89607 2 0 19 0 0 0
cpu4 76133 0 247 89024 8 0 2 0 0 0
cpu5 75752 0 59 89602 0 0 0 0 0 0
cpu6 75671 0 145 89596 0 0 2 0 0 0
cpu7 75678 0 109 89614 0 0 4 0 0 0
cpu8 76233 0 232 88931 0 0 4 0 0 0
cpu9 75632 0 69 89702 0 0 1 0 0 0
cpu10 75629 0 164 89599 8 0 5 0 0 0
cpu11 75719 0 108 89585 0 0 2 0 0 0
cpu12 75851 0 235 89301 0 0 3 0 0 0
cpu13 75759 0 60 89595 0 0 0 0 0 0
cpu14 75690 0 136 89583 0 0 2 0 0 0
cpu15 75431 0 363 89580 0 0 38 0 0 0
cpu16 75736 0 221 89434 0 0 5 0 0 0
cpu17 75750 0 66 89596 0 0 0 0 0 0
cpu18 75665 0 107 89643 0 0 1 0 0 0
cpu19 75674 0 121 89607 0 0 4 0 0 0
cpu20 75796 5 192 89391 5 0 6 0 0 0
cpu21 75754 0 67 89589 0 0 0 0 0 0
cpu22 75712 0 110 89587 0 0 3 0 0 0
cpu23 75702 0 124 89580 0 0 2 0 0 0
cpu24 75904 0 172 89314 2 0 2 0 0 0
cpu25 75754 0 60 89595 0 0 0 0 0 0
cpu26 75741 0 77 89589 0 0 1 0 0 0
cpu27 75731 0 89 89585 0 0 2 0 0 0
cpu28 76060 0 236 89098 0 0 1 0 0 0
cpu29 75756 0 56 89596 0 0 0 0 0 0
cpu30 75741 0 80 89585 0 0 2 0 0 0
cpu31 75741 0 78 89584 0 0 0 0 0 0
cpu32 75833 0 184 89345 19 0 1 0 0 0
cpu33 75754 0 58 89593 0 0 0 0 0 0
cpu34 75745 0 64 89594 0 0 0 0 0 0
cpu35 75732 0 87 89583 0 0 2 0 0 0
cpu36 75805 0 208 89361 17 0 0 0 0 0
cpu37 75755 0 62 89587 0 0 0 0 0 0
cpu38 75758 0 88 89544 0 0 0 0 0 0
cpu39 75732 0 88 89579 0 0 3 0 0 0
cpu40 75744 0 182 89464 4 0 0 0 0 0
cpu41 75756 0 59 89586 0 0 0 0 0 0
cpu42 75734 0 81 89586 0 0 0 0 0 0
cpu43 75692 0 98 89601 0 0 2 0 0 0
cpu44 75656 0 218 89505 1 0 16 0 0 0
cpu45 75754 0 60 89590 0 0 0 0 0 0
cpu46 75676 0 126 89591 2 0 4 0 0 0
cpu47 75700 0 103 89590 0 0 2 0 0 0
cpu48 75791 0 143 89494 1 0 0 0 0 0
cpu49 75780 0 61 89556 0 0 0 0 0 0
cpu50 75703 0 70 89623 2 0 1 0 0 0
cpu51 75528 0 123 89751 0 0 10 0 0 0
cpu52 75674 0 154 89559 0 0 8 0 0 0
cpu53 75755 0 60 89582 0 0 0 0 0 0
cpu54 75560 0 74 89751 1 0 2 0 0 0
cpu55 75692 0 123 89580 0 0 1 0 0 0
cpu56 75663 0 128 89533 1 0 28 0 0 0
cpu57 75753 0 59 89579 0 0 0 0 0 0
cpu58 75683 0 76 89635 0 0 0 0 0 0
cpu59 75731 0 91 89573 0 0 1 0 0 0
cpu60 76020 0 138 89234 1 0 0 0 0 0
cpu61 75736 0 70 89582 0 0 2 0 0 0
cpu62 75752 0 72 89568 0 0 0 0 0 0
cpu63 75730 0 93 89575 0 0 0 0 0 0
cpu64 75655 0 163 89559 7 0 2 0 0 0
cpu65 75737 0 64 89590 0 0 0 0 0 0
cpu66 75679 0 118 89594 1 0 0 0 0 0
cpu67 75625 0 142 89619 0 0 5 0 0 0
cpu68 76123 0 222 89030 2 0 7 0 0 0
cpu69 75738 0 65 89589 0 0 0 0 0 0
cpu70 75716 0 94 89580 0 0 1 0 0 0
cpu71 75639 0 128 89605 0 0 10 0 0 0
cpu72 75731 0 115 89531 4 0 0 0 0 0
cpu73 75747 0 60 89577 1 0 0 0 0 0
cpu74 75706 0 97 89566 0 0 0 0 0 0
cpu75 75712 0 112 89562 1 0 4 0 0 0
cpu76 76286 0 286 88681 116 0 0 0 0 0
cpu77 75758 0 57 89573 0 0 0 0 0 0
cpu78 75720 0 89 89573 0 0 0 0 0 0
cpu79 75456 0 312 89567 0 0 46 0 0 0
cpu80 75918 0 184 89259 12 0 2 0 0 0
cpu81 75752 0 74 89562 0 0 0 0 0 0
cpu82 75737 0 106 89522 0 0 1 0 0 0
cpu83 75588 0 168 89599 1 0 11 0 0 0
cpu84 76059 0 228 88966 106 0 4 0 0 0
cpu85 75754 0 90 89527 6 0 0 0 0 0
cpu86 75677 0 82 89622 0 0 0 0 0 0
cpu87 75711 0 113 89557 0 0 1 0 0 0
cpu88 75930 0 154 89296 1 0 0 0 0 0
cpu89 75756 0 67 89559 0 0 0 0 0 0
cpu90 75764 0 83 89524 8 0 0 0 0 0
cpu91 75731 0 93 89558 0 0 0 0 0 0
cpu92 75878 0 168 89330 1 0 0 0 0 0
cpu93 75754 0 64 89566 0 0 0 0 0 0
cpu94 75753 0 85 89537 0 0 0 0 0 0
cpu95 75711 0 110 89553 1 0 1 0 0 0
cpu96 75800 0 226 89349 2 0 0 0 0 0
cpu97 75756 0 65 89557 0 0 0 0 0 0
cpu98 75762 0 79 89537 0 0 0 0 0 0
cpu99 75710 0 94 89563 0 0 3 0 0 0
cpu100 75866 0 184 89311 2 0 0 0 0 0
cpu101 75755 0 58 89567 0 0 0 0 0 0
cpu102 75660 0 90 89626 0 0 0 0 0 0
cpu103 75689 0 91 89595 0 0 2 0 0 0
cpu104 75852 0 170 89353 2 0 0 0 0 0
cpu105 75756 0 63 89560 0 0 0 0 0 0
cpu106 75740 0 77 89563 0 0 0 0 0 0
cpu107 75706 0 84 89576 0 0 2 0 0 0
cpu108 75766 0 110 89479 9 0 4 0 0 0
cpu109 75753 0 78 89544 0 0 0 0 0 0
cpu110 75756 0 70 89546 0 0 0 0 0 0
cpu111 75694 0 114 89561 0 0 1 0 0 0
cpu112 75751 0 78 89542 0 0 0 0 0 0
cpu113 75754 0 68 89554 0 0 0 0 0 0
cpu114 75716 0 66 89589 1 0 0 0 0 0
cpu115 75701 0 110 89561 0 0 2 0 0 0
cpu116 75745 0 103 89518 0 0 0 0 0 0
cpu117 75754 0 77 89529 11 0 0 0 0 0
cpu118 75742 0 82 89544 1 0 0 0 0 0
cpu119 75684 0 124 89558 0 0 1 0 0 0
cpu120 75819 0 108 89439 0 0 0 0 0 0
cpu121 75754 0 62 89557 0 0 0 0 0 0
cpu122 75748 0 72 89549 3 0 0 0 0 0
cpu123 75746 0 82 89539 0 0 0 0 0 0
cpu124 75963 0 125 89271 4 0 0 0 0 0
cpu125 75748 0 62 89557 0 0 0 0 0 0
cpu126 75606 0 86 89665 0 0 0 0 0 0
cpu127 75760 0 112 89495 1 0 0 0 0 0
intr 29588088 130 0 0 0 681 0 0 0 1 0 285 0 0 0 0 0 0 0 0 0 0 0 0 0 0 0 0 0 0 0 0 0 0 0 0 260 0 3292 208 107 4257 433 0 1 1335 3 7 3 1164 1239 0 0 6603 582 2 0 2952 4370 0 0 1178 1861 0 1 1300 5648 0 0 365 6 0 0 1246 0 0 0 5372 219 2 4 1066 279 0 27 614 4 148 175 1837 187 0 769 1173 42503 0 1 1087 11 106 12 636 4008 95 0 1064 424 0 0 1998 0 0 92 843 748 0 0 8438 446 0 2 3289 4689 0 0 1525 0 0 0 1036 173 0 14 522 1 0 0 883 3 6 0 2667 4 0 0 1027 22 0 0 1330 0 0 0 1064 0 0 0 0 0 0 0 0 0 0 0 0 0 157 737 476 348 10759 2027 6255 130 466 333 280 824 64 143 26 215 731 128 486 132 151 25 11 26 164 1 2 46 5 0 293 9 0 0 0 0 0 0 0 0 0 0 0 0 0 0 0 0 0 0 0 6 0 0 0 20 0 20 2 5 10 0 334 2 5 84 12 3928 15 6 13 184 18 1 5 4 51 89 8 12 4 8 3 1 0 4 9 61 5 263 15 75 359 79 6 2 0 10 1 127 7 5 0 0 8 54 115 15 4 1 4 18 49 0 0 0 0 0 0 0 0 0 0 0 0 0 0 0 0 0 0 0 0 0 0 0 0 0 0 0 0 0 0 0 0 0 0 0 0 0 0 0 0 0 0 0 0 0 0 0 0 0 0 0 0 0 0 0 0 0 0 0 0 0 0 0 0 0 0 0 0 0 0 0 0 0 0 0 0 0 0 0 0 0 0 0 0 0 0 0 0 0 0 0 0 0 0 0 0 0 0 0 0 0 0 0 0 0 0 0 0 0 0 0 0 0 0 0 0 0 0 0 0 0 0 0 0 0 0 0 0 0 0 0 0 0 0 0 0 0 0 0 0 0 0 0 0 0 0 0 0 0 0 0 0 0 0 0 0 0 0 0 0 0 0 0 0 0 0 0 0 0 0 0 0 0 0 0 0 0 0 0 0 0 0 0 0 0 0 0 0 0 0 0 0 0 0 0 0 0 0 0 0 0 0 0 0 0 0 0 0 0 0 0 0 0 0 0 0 0 0 0 0 0 0 0 0 0 0 0 0 0 0 0 0 0 0 0 0 0 0 0 0 0 0 0 0 0 0 0 0 0 0 0 0 0 0 0 0 0 0 0 0 0 0 0 0 0 0 0 0 0 0 0 0 0 0 0 0 0 0 0 0 0 0 0 0 0 0 0 0 0 0 0 0 0 0 0 0 0 0 0 0 0 0 0 0 0 0 0 0 0 0 0 0 0 0 0 0 0 0 0 0 0 0 0 0 0 0 0 0 0 0 0 0 0 0 0 0 0 0 0 0 0 0 0 0 0 0 0 0 0 0 0 0 0 0 0 0 0 0 0 0 0 0 0 0 0 0 0 0 0 0 0 0 0 0 0 0 0 0 0 0 0 0 0 0 0 0 0 0 0 0 0 0 0 0 0 0 0 0 0 0 0 0 0 0 0 0 0 0 0 0 0 0 0 0 0 0 0 0 0 0 0 0 0 3 0 0 0 0 0 0 0 0 0 0 0 0 0 0 0 0 0 0 0 0 0 0 0 21 1 0 0 27 0 0 0 0 0 0 0 0 0 0 0 0 0 0 0 0 0 0 0 0 0 0 0 0 0 0 0 0 0 0 0 49 0 0 0 0 0 0 0 0 0 0 0 0 0 0 0 0 0 0 0 0 0 0 0 0 0 0 0 0 0 0 0 0 0 19 0 0 0 0 0 0 0 0 0 0 0 0 0 0 0 0 0 0 0 0 0 0 0 0 0 0 0 0 0 0 0 0 0 0 0 0 0 0 0 0 0 0 0 0 0 0 0 0 0 0 0 0 0 0 0 0 0 0 0 0 0 0 0 0 0 0 0 0 0 0 0 0 0 0 0 0 0 0 0 0 0 0 0 0 0 0 0 0 0 0 0 0 0 0 0 0 0 0 0 0 0 0 0 0 0 0 0 0 0 0 0 0 0 0 0 0 0 0 0 0 0 0 0 0 0 0 0 0 0 0 0 0 0 0 0 0 0 0 0 0 0 0 0 0 0 0 0 0 0 0 0 0 0 0 0 0 0 0 0 0 0 0 0 0 0 0 0 0 0 0 0 0 0 0 0 0 0 0 0 0 0 0 0 0 0 0 0 0 0 0 0 0 0 0 0 0 0 0 0 0 0 0 0 0 0 0 0 0 0 0 0 0 0 0 0 0 0 0 0 0 0 0 0 0 0 0 0 0 0 0 0 0 0 0 0 0 0 0 0 0 0 0 0 0 0 0 0 0 0 0 0 0 0 0 0 0 0 0 0 0 0 0 0 0 0 0 0 0 0 0 0 0 0 0 0 0 0 0 0 0 0 0 0 0 0 0 0 0 0 0 0 0 0 0 0 0 0 0 0 0 0 0 0 0 0 0 0 0 0 0 0 0 0 0 0 0 0 0 0 0 0 0 0 0 0 0 0 0 0 0 0 0 0 0 0 0 0 0 0 0 0 0 0 0 0 0 0 0 0 0 0 0 0 0 0 0 0 0 0 0 0 0 0 0 0 0 0 0 0 0 0 0 0 0 0 0 0 0 0 0 0 0 0 0 0 0 0 0 0 0 0 0 0 0 0 0 0 0 0 0 0 0 0 0 0 0 0 0 0 0 0 0 0 0 0 0 0 0 0 0 0 0 0 0 0 0 0 0 0 0 0 0 0 0 0 0 0 0 0 0 0 0 0 0 0 0 0 0 0 0 0 0 0 0 0 0 0 0 0 0 0 0 0 0 0 0 0 0 0 0 0 0 0 0 0 0 0 0 0 0 0 0 0 0 0 0 0 0 0 0 0 0 0 0 0 0 0 0 0 0 0 0 0 0 0 0 0 0 0 0 0 0 0 0 0 0 0 0 0 0 0 0 0 0 0 0 0 0 0 0 0 0 0 0 0 0 0 0 0 0 0 0 0 0 0 0 0 0 0 0 0 0 0 0 0 0 0 0 0 0 0 0 0 0 0 0 0 0 0 0 0 0 0 0 0 0 0 0 0 0 0 0 0 0 0 0 0 0 0 0 0 0 0 0 0 0 0 0 0 0 0 0 0 0 0 0 0 0 0 0 0 0 0 0 0 0 0 0 0 0 0 0 0 0 0 0 0 0 0 0 0 0 0 0 0 0 0 0 0 0 0 0 0 0 0 0 0 0 0 0 0 0 0 0 0 0 0 0 0 0 0 0 0 0 0 0 0 0 0 0 0 0 0 0 0 0 0 0 0 0 0 0 0 0 0 0 0 0 0 0 0 0 0 0 0 0 0 0 0 0 0 0 0 0 0 0 0 0 0 0 0 0 0 0 0 0 0 0 0 0 0 0 0 0 0 0 0 0 0 0 0 0 0 0 0 0 0 0 0 0 0 0 0 0 0 0 0 0 0 0 0 0 0 0 0 0 0 0 0 0 0 0 0 0 0 0 0 0 0 0 0 0 0 0 0 0 0 0 0 0 0 0 0 0 0 0 0 0 0 0 0 0 0 0 0 0 0 0 0 0 0 0 0 0 0 0 0 0 0 0 0 0 0 0 0 0 0 0 0 0 0 0 0 0 0 0 0 0 0 0 0 0 0 0 0 0 0 0 0 0 0 0 0 0 0 0 0 0 0 0 0 0 0 0 0 0 0 0 0 0 0 0 0 0 0 0 0 0 0 0 0 0 0 0 0 0 0 0 0 0 0 0 0 0 0 0 0 0 0 0 0 0 0 0 0 0 0 0 0 0 0 0 0 0 0 0 0 0 0 0 0 0 0 0 0 0 0 0 0 0 0 0 0 0 0 0 0 0 0 0 0 0 0 0 0 0 0 0 0 0 0 0 0 0 0 0 0 0 0 0 0 0 0 0 0 0 0 0 0 0 0 0 0 0 0 0 0 0 0 0 0 0 0 0 0 0 0 0 0 0 0 0 0 0 0 0 0 0 0 0 0 0 0 0 0 0 0 0 0 0 0 0 0 0 0 0 0 0 0 0 0 0 0 0 0 0 0 0 0 0 0 0 0 0 0 0 0 0 0 0 0 0 0 0 0 0 0 0 0 0 0 0 0 0 0 0 0 0 0 0 0 0 0 0 0 0 0 0 0 0 0 0 0 0 0 0 0 0 0 0 0 0 0 0 0 0 0 0 0 0 0 0 0 0 0 0 0 0 0 0 0 0 0 0 0 0 0 0 0 0 0 0 0 0 0 0 0 0 0 0 0 0 0 0 0 0 0 0 0 0 0 0 0 0 0 0 0 0 0 0 0 0 0 0 0 0 0 0 0 0 0 0 0 0 0 0 0 0 0 0 0 0 0 0 0 0 0 0 0 0 0 0 0 0 0 0 0 0 0 0 0 0 0 0 0 0 0 0 0 0 0 0 0 0 0 0 0 0 0 0 0 0 0 0 0 0 0 0 0 0 0 0 0 0 0 0 0 0 0 0 0 0 0 0 0 0 0 0 0 0 0 0 0 0 0 0 0 0 0 0 0 0 0 0 0 0 0 0 0 0 0 0 0 0 0 0 0 0 0 0 0 0 0 0 0 0 0 0 0 0 0 0 0 0 0 0 0 0 0 0 0 0 0 0 0 0 0 0 0 0 0 0 0 0 0 0 0 0 0 0 0 0 0 0 0 0 0 0 0 0 0 0 0 0 0 0 0 0 0 0 0 0 0 0 0 0 0 0 0 0 0 0 0 0 0 0 0 0 0 0 0 0 0 0 0 0 0 0 0 0 0 0 0 0 0 0 0 0 0 0 0 0 0 0 0 0 0 0 0 0 0 0 0 0 0 0 0 0 0 0 0 0 0 0 0 0 0 0 0 0 0 0 0 0 0 0 0 0 0 0 0 0 0 0 0 0 0 0 0 0 0 0 0 0 0 0 0 0 0 0 0 0 0 0 0 0 0 0 0 0 0 0 0 0 0 0 0 0 0 0 0 0 0 0 0 0 0 0 0 0 0 0 0 0 0 0 0 0 0 0 0 0 0 0 0 0 0 0 0 0 0 0 0 0 0 0 0 0 0 0 0 0 0 0 0 0 0 0 0 0 0 0 0 0 0 0 0 0 0 0 0 0 0 0 0 0 0 0 0 0 0 0 0 0 0 0 0 0 0 0 0 0 0 0 0 0 0 0 0 0 0 0 0 0 0 0 0 0 0 0 0 0 0 0 0 0 0 0 0 0 0 0 0 0 0 0 0 0 0 0 0 0 0 0 0 0 0 0 0 0 0 0 0 0 0 0 0 0 0 0 0 0 0 0 0 0 0 0 0 0 0 0 0 0 0 0 0 0 0 0 0 0 0 0 0 0 0 0 0 0 0 0 0 0 0 0 0 0 0 0 0 0 0 0 0 0 0 0 0 0 0 0 0 0 0 0 0 0 0 0 0 0 0 0 0 0 0 0 0 0 0 0 0 0 0 0 0 0 0 0 0 0 0 0 0 0 0 0 0 0 0 0 0 0 0 0 0 0 0 0 0 0 0 0 0 0 0 0 0 0 0 0 0 0 0 0 0 0 0 0 0 0 0 0 0 0 0 0 0 0 0 0 0 0 0 0 0 0 0 0 0 0 0 0 0 0 0 0 0 0 0 0 0 0 0 0 0 0 0 0 0 0 0 0 0 0 0 0 0 0 0 0 0 0 0 0 0 0 0 0 0 0 0 0 0 0 0 0 0 0 0 0 0 0 0 0 0 0 0 0 0 0 0 0 0 0 0 0 0 0 0 0 0 0 0 0 0 0 0 0 0 0 0 0 0 0 0 0 0 0 0 0 0 0 0 0 0 0 0 0 0 0 0 0 0 0 0 0 0 0 0 0 0 0 0 0 0 0 0 0 0 0 0 0 0 0 0 0 0 0 0 0 0 0 0 0 0 0 0 0 0 0 0 0 0 0 0 0 0 0 0 0 0 0 0 0 0 0 0 0 0 0 0 0 0 0 0 0 0 0 0 0 0 0 0 0 0 0 0 0 0 0 0 0 0 0 0 0 0 0 0 0 0 0 0 0 0 0 0 0 0 0 0 0 0 0 0 0 0 0 0 0 0 0 0 0 0 0 0 0 0 0 0 0 0 0 0 0 0 0 0 0 0 0 0 0 0 0 0 0 0 0 0 0 0 0 0 0 0 0 0 0 0 0 0 0 0 0 0 0 0 0 0 0 0 0 0 0 0 0 0 0 0 0 0 0 0 0 0 0 0 0 0 0 0 0 0 0 0 0 0 0 0 0 0 0 0 0 0 0 0 0 0 0 0 0 0 0 0 0 0 0 0 0 0 0 0 0 0 0 0 0 0 0 0 0 0 0 0 0 0 0 0 0 0 0 0 0 0 0 0 0 0 0 0 0 0 0 0 0 0 0 0 0 0 0 0 0 0 0 0 0 0 0 0 0 0 0 0 0 0 0 0 0 0 0 0 0 0 0 0 0 0 0 0 0 0 0 0 0 0 0 0 0 0 0 0 0 0 0 0 0 0 0 0 0 0 0 0 0 0 0 0 0 0 0 0 0 0 0 0 0 0 0 0 0 0 0 0 0 0 0 0 0 0 0 0 0 0 0 0 0 0 0 0 0 0 0 0 0 0 0 0 0 0 0 0 0 0 0 0 0 0 0 0 0 0 0 0 0 0 0 0 0 0 0 0 0 0 0 0 0 0 0 0 0 0 0 0 0 0 0 0 0 0 0 0 0 0 0 0 0 0 0 0 0 0 0 0 0 0 0 0 0 0 0 0 0 0 0 0 0 0 0 0 0 0 0 0 0 0 0 0 0 0 0 0 0 0 0 0 0 0 0 0 0 0 0 0 0 0 0 0 0 0 0 0 0 0 0 0 0 0 0 0 0 0 0 0 0 0 0 0 0 0 0 0 0 0 0 0 0 0 0 0 0 0 0 0 0 0 0 0 0 0 0 0 0 0 0 0 0 0 0 0 0 0 0 0 0 0 0 0 0 0 0 0 0 0 0 0 0 0 0 0 0 0 0 0 0 0 0 0 0 0 0 0 0 0 0 0 0 0 0 0 0 0 0 0 0 0 0 0 0 0 0 0 0 0 0 0 0 0 0 0 0 0 0 0 0 0 0 0 0 0 0 0 0 0 0 0 0 0 0 0 0 0 0 0 0 0 0 0 0 0 0 0 0 0 0 0 0 0 0 0 0 0 0 0 0 0 0 0 0 0 0 0 0 0 0 0 0 0 0 0 0 0 0 0 0 0 0 0 0 0 0 0 0 0 0 0 0 0 0 0 0 0 0 0 0 0 0 0 0 0 0 0 0 0 0 0 0 0 0 0 0 0 0 0 0 0 0 0 0 0 0 0 0 0 0 0 0 0 0 0 0 0 0 0 0 0 0 0 0 0 0 0 0 0 0 0 0 0 0 0 0 0 0 0 0 0 0 0 0 0 0 0 0 0 0 0 0 0 0 0 0 0 0 0 0 0 0 0 0 0 0 0 0 0 0 0 0 0 0 0 0 0 0 0 0 0 0 0 0 0 0 0 0 0 0 0 0 0 0 0 0 0 0 0 0 0 0 0 0 0 0 0 0 0 0 0 0 0 0 0 0 0 0 0 0 0 0 0 0 0 0 0 0 0 0 0 0 0 0 0 0 0 0 0 0 0 0 0 0 0 0 0 0 0 0 0 0 0 0 0 0 0 0 0 0 0 0 0 0 0 0 0 0 0 0 0 0 0 0 0 0 0 0 0 0 0 0 0 0 0 0 0 0 0 0 0 0 0 0 0 0 0 0 0 0 0 0 0 0 0 0 0 0 0 0 0 0 0 0 0 0 0 0 0 0 0 0 0 0 0 0 0 0 0 0 0 0 0 0 0 0 0 0 0 0 0 0 0 0 0 0 0 0 0 0 0 0 0 0 0 0 0 0 0 0 0 0 0 0 0 0 0 0 0 0 0 0 0 0 0 0 0 0 0 0 0 0 0 0 0 0 0 0 0 0 0 0 0 0 0 0 0 0 0 0 0 0 0 0 0 0 0 0 0 0 0 0 0 0 0 0 0 0 0 0 0 0 0 0 0 0 0 0 0 0 0 0 0 0 0 0 0 0 0 0 0 0 0 0 0 0 0 0 0 0 0 0 0 0 0 0 0 0 0 0 0 0 0 0 0 0 0 0 0 0 0 0 0 0 0 0 0 0 0 0 0 0 0 0 0 0 0 0 0 0 0 0 0 0 0 0 0 0 0 0 0 0 0 0 0 0 0 0 0 0 0 0 0 0 0 0 0 0 0 0 0 0 0 0 0 0 0 0 0 0 0 0 0 0 0 0 0 0 0 0 0 0 0 0 0 0 0 0 0 0 0 0 0 0 0 0 0 0 0 0 0 0 0 0 0 0 0 0 0 0 0 0 0 0 0 0 0 0 0 0 0 0 0 0 0 0 0 0 0 0 0 0 0 0 0 0 0 0 0 0 0 0 0 0 0 0 0 0 0 0 0 0 0 0 0 0 0 0 0 0 0 0 0 0 0 0 0 0 0 0 0 0 0 0 0 0 0 0 0 0 0 0 0 0 0 0 0 0 0 0 0 0 0 0 0 0 0 0 0 0 0 0 0 0 0 0 0 0 0 0 0 0 0 0 0 0 0 0 0 0 0 0 0 0 0 0 0 0 0 0 0 0 0 0 0 0 0 0 0 0 0 0 0 0 0 0 0 0 0 0 0 0 0 0 0 0 0 0 0 0 0 0 0 0 0 0 0 0 0 0 0 0 0 0 0 0 0 0 0 0 0 0 0 0 0 0 0 0 0 0 0 0 0 0 0 0 0 0 0 0 0 0 0 0 0 0 0 0 0 0 0 0 0 0 0 0 0 0 0 0 0 0 0 0 0 0 0 0 0 0 0 0 0 0 0 0 0 0 0 0 0 0 0 0 0 0 0 0 0 0 0 0 0 0 0 0 0 0 0 0 0 0 0 0 0 0 0 0 0 0 0 0 0 0 0 0 0 0 0 0 0 0 0 0 0 0 0 0 0 0 0 0 0 0 0 0 0 0 0 0 0 0 0 0 0 0 0 0 0 0 0 0 0 0 0 0 0 0 0 0 0 0 0 0 0 0 0 0 0 0 0 0 0 0 0 0 0 0 0 0 0 0 0 0 0 0 0 0 0 0 0 0 0 0 0 0 0 0 0 0 0 0 0 0 0 0 0 0 0 0 0 0 0 0 0 0 0 0 0 0 0 0 0 0 0 0 0 0 0 0 0 0 0 0 0 0 0 0 0 0 0 0 0 0 0 0 0 0 0 0 0 0 0 0 0 0 0 0 0 0 0 0 0 0 0 0 0 0 0 0 0 0 0 0 0 0 0 0 0 0 0 0 0 0 0 0 0 0 0 0 0 0 0 0 0 0 0 0 0 0 0 0 0 0 0 0 0 0 0 0 0 0 0 0 0 0 0 0 0 0 0 0 0 0 0 0 0 0 0 0 0 0 0 0 0 0 0 0 0 0 0 0 0 0 0 0 0 0 0 0 0 0 0 0 0 0 0 0 0 0 0 0 0 0 0 0 0 0 0 0 0 0 0 0 0 0 0 0 0 0 0 0 0 0 0 0 0 0 0 0 0 0 0 0 0 0 0 0 0 0 0 0 0 0 0 0 0 0 0 0 0 0 0 0 0 0 0 0 0 0 0 0 0 0 0 0 0 0 0 0 0 0 0 0 0 0 0 0 0 0 0 0 0 0 0 0 0 0 0 0 0 0 0 0 0 0 0 0 0 0 0 0 0 0 0 0 0 0 0 0 0 0 0 0 0 0 0 0 0 0 0 0 0 0 0 0 0 0 0 0 0 0 0 0 0 0 0 0 0 0 0 0 0 0 0 0 0 0 0 0 0 0 0 0 0 0 0 0 0 0 0 0 0 0 0 0 0 0 0 0 0 0 0 0 0 0 0 0 0 0 0 0 0
ctxt 2972185
btime 1613122782
processes 64375
procs_running 1
procs_blocked 0
softirq 31003176 1 18149503 1048 553997 0 0 169 1097320 0 11201138
