cpu  43333022 8 71230 4703022 180 0 6173 0 0 0
cpu0 675720 0 2614 73021 0 0 437 0 0 0
cpu1 676606 0 1447 73571 9 0 175 0 0 0
cpu2 676625 0 2006 72988 1 0 173 0 0 0
cpu3 676314 0 1492 73772 4 0 204 0 0 0
cpu4 676595 0 2097 72882 8 0 118 0 0 0
cpu5 677438 0 531 73762 4 0 54 0 0 0
cpu6 676284 0 1638 73706 1 0 150 0 0 0
cpu7 676544 0 1368 73656 2 0 220 0 0 0
cpu8 676222 0 1803 73670 0 0 85 0 0 0
cpu9 677511 0 513 73705 3 0 59 0 0 0
cpu10 676332 0 1918 73388 3 0 130 0 0 0
cpu11 676951 0 970 73726 2 0 136 0 0 0
cpu12 676191 0 1959 73538 1 0 89 0 0 0
cpu13 677627 0 477 73624 1 0 47 0 0 0
cpu14 676037 0 1967 73642 0 0 138 0 0 0
cpu15 677525 0 666 73486 2 0 94 0 0 0
cpu16 675456 0 2499 73613 0 0 212 0 0 0
cpu17 677372 0 574 73568 1 0 250 0 0 0
cpu18 676026 0 2105 73468 0 0 187 0 0 0
cpu19 677514 0 546 73657 1 0 57 0 0 0
cpu20 676569 0 1462 73527 49 0 126 0 0 0
cpu21 677510 0 528 73684 11 0 53 0 0 0
cpu22 676509 0 1485 73656 1 0 131 0 0 0
cpu23 677508 0 489 73743 8 0 38 0 0 0
cpu24 676873 0 1252 73595 1 0 51 0 0 0
cpu25 677589 0 398 73773 1 0 30 0 0 0
cpu26 676248 0 1760 73602 0 0 160 0 0 0
cpu27 677141 0 786 73752 1 0 107 0 0 0
cpu28 676088 0 1881 73712 0 0 102 0 0 0
cpu29 677695 0 297 73774 2 0 18 0 0 0
cpu30 675966 0 1884 73685 0 0 246 0 0 0
cpu31 677462 0 486 73790 1 0 38 0 0 0
cpu32 677270 0 1364 73052 1 0 76 0 0 0
cpu33 676599 0 1292 73763 1 0 124 0 0 0
cpu34 677740 2 1387 72598 0 0 47 0 0 0
cpu35 677096 0 804 73782 0 0 98 0 0 0
cpu36 679468 0 1357 70892 0 0 41 0 0 0
cpu37 677482 0 483 73772 5 0 37 0 0 0
cpu38 679821 0 1116 70777 1 0 38 0 0 0
cpu39 677043 0 891 73746 1 0 97 0 0 0
cpu40 677958 0 1165 72577 5 0 54 0 0 0
cpu41 677709 0 383 73652 1 0 19 0 0 0
cpu42 676200 0 1801 73602 0 0 172 0 0 0
cpu43 677434 0 559 73711 0 0 71 0 0 0
cpu44 677026 0 1370 73353 0 0 26 0 0 0
cpu45 677715 0 376 73653 0 0 25 0 0 0
cpu46 676530 0 1866 73204 0 0 163 0 0 0
cpu47 677832 0 361 73549 2 0 24 0 0 0
cpu48 676528 0 1644 73493 0 0 106 0 0 0
cpu49 677683 0 517 73550 2 0 19 0 0 0
cpu50 676812 0 1158 73714 0 0 87 0 0 0
cpu51 677720 0 368 73666 2 0 20 0 0 0
cpu52 677339 0 653 73734 0 0 44 0 0 0
cpu53 677743 0 310 73702 3 0 18 0 0 0
cpu54 677200 0 853 73656 1 0 56 0 0 0
cpu55 677512 0 483 73746 0 0 31 0 0 0
cpu56 677101 0 1048 73573 0 0 45 0 0 0
cpu57 677688 0 308 73753 0 0 18 0 0 0
cpu58 677211 0 840 73678 0 0 38 0 0 0
cpu59 676774 1 1051 73757 1 0 188 0 0 0
cpu60 677088 0 1193 73417 0 0 31 0 0 0
cpu61 677745 0 246 73756 1 0 20 0 0 0
cpu62 676192 0 1634 73744 0 0 192 0 0 0
cpu63 677688 0 426 73632 7 0 10 0 0 0
intr 121313190 83 0 0 0 639 0 0 0 1 0 282 0 0 0 0 0 0 0 0 0 0 0 0 0 0 0 0 0 0 0 0 0 0 0 0 0 0 0 1483 47845 1468 20088 348 8718 1253 24475 743 16767 637 9812 775 8695 256 4980 1331 84081 184 7560 9921 2476 1563 13083 1150 2246 489 7349 1866 930 789 7248 1450 25518 171 14849 169 8190 253 14496 369 3429 576 11160 845 3262 12 5186 703 8855 765 7006 2889 2313 3953 7080 1096 2881 626 12905 773 2236 835 3948 0 0 0 0 0 0 0 0 0 0 0 0 0 0 0 0 0 33300 93 0 0 0 0 0 0 0 0 0 0 0 0 0 0 0 0 0 0 0 0 0 0 0 0 0 0 0 0 0 0 0 0 0 0 0 0 0 0 0 0 0 0 0 0 0 0 0 0 0 0 0 0 0 0 0 0 0 0 0 0 0 0 0 0 0 0 0 0 0 0 0 0 0 0 0 15 0 0 0 0 0 0 0 0 0 0 0 0 0 0 0 0 0 0 0 0 0 0 0 0 0 0 0 0 0 0 0 0 0 0 0 0 0 0 0 0 0 0 0 0 0 0 0 0 0 0 0 0 0 0 0 0 0 0 0 0 0 0 0 0 0 0 0 0 0 0 0 0 0 0 0 0 0 0 0 0 0 0 0 0 0 0 0 0 0 0 0 0 0 0 0 0 0 0 0 0 0 0 0 0 0 0 0 0 0 0 0 0 0 0 0 0 0 0 0 0 0 0 0 0 0 0 0 0 0 0 0 0 0 0 0 0 0 0 0 0 0 0 0 0 0 0 0 0 0 0 0 0 0 0 0 0 0 0 0 0 0 0 0 0 0 0 0 0 0 0 0 0 0 0 0 0 0 0 0 0 0 0 0 0 0 0 0 0 0 0 0 0 0 0 0 0 0 0 0 0 0 0 0 0 0 0 0 0 0 0 0 0 0 0 0 0 0 0 0 0 0 0 0 0 0 0 0 0 0 0 0 0 0 0 0 0 0 0 0 0 0 0 0 0 0 0 0 0 0 0 0 0 0 0 0 0 0 0 0 0 0 0 0 0 0 0 0 0 0 0 0 0 0 0 0 0 0 0 0 0 0 0 0 0 0 0 0 0 0 0 0 0 0 0 0 0 0 0 0 0 0 0 0 0 0 0 0 0 0 0 0 0 0 0 0 0 0 0 0 0 0 0 0 0 0 0 0 0 0 0 0 0 0 0 0 0 0 0 0 0 0 0 0 0 0 0 0 0 0 0 0 0 0 0 0 0 0 0 0 0 0 0 0 0 0 0 0 0 0 0 0 0 0 0 0 0 0 0 0 0 0 0 0 0 0 0 0 0 0 0 0 0 0 0 0 0 0 0 0 0 0 0 0 0 0 0 0 0 0 0 0 0 0 0 0 0 0 0 0 0 0 0 0 0 0 0 0 0 0 0 0 0 0 0 0 0 0 0 0 0 0 0 0 0 0 0 0 0 0 0 0 0 0 0 0 0 0 0 0 0 0 0 0 0 0 0 0 0 0 0 0 0 0 0 0 0 0 0 0 0 0 0 0 0 0 0 0 0 0 0 0 0 0 0 0 0 0 0 0 0 0 0 0 0 0 0 0 0 0 0 0 0 0 0 0 0 0 0 0 0 0 0 0 0 0 0 0 0 0 0 0 0 0 0 0 0 0 0 0 0 0 0 0 0 0 0 0 0 0 0 0 0 0 0 0 0 0 0 0 0 0 0 0 0 0 0 0 0 0 0 0 0 0 0 0 0 0 0 0 0 0 0 0 0 0 0 0 0 0 0 0 0 0 0 0 0 0 0 0 0 0 0 0 0 0 0 0 0 0 0 0 0 0 0 0 0 0 0 0 0 0 0 0 0 0 0 0 0 0 0 0 0 0 0 0 0 0 0 0 0 0 0 0 0 0 0 0 0 0 0 0 0 0 0 0 0 0 0 0 0 0 0 0 0 0 0 0 0 0 0 0 0 0 0 0 0 0 0 0 0 0 0 0 0 0 0 0 0 0 0 0 0 0 0 0 0 0 0 0 0 0 0 0 0 0 0 0 0 0 0 0 0 0 0 0 0 0 0 0 0 0 0 0 0 0 0 0 0 0 0 0 0 0 0 0 0 0 0 0 0 0 0 0 0 0 0 0 0 0 0 0 0 0 0 0 0 0 0 0 0 0 0 0 0 0 0 0 0 0 0 0 0 0 0 0 0 0 0 0 0 0 0 0 0 0 0 0 0 0 0 0 0 0 0 0 0 0 0 0 0 0 0 0 0 0 0 0 0 0 0 0 0 0 0 0 0 0 0 0 0 0 0 0 0 0 0 0 0 0 0 0 0 0 0 0 0 0 0 0 0 0 0 0 0 0 0 0 0 0 0 0 0 0 0 0 0 0 0 0 0 0 0 0 0 0 0 0 0 0 0 0 0 0 0 0 0 0 0 0 0 0 0 0 0 0 0 0 0 0 0 0 0 0 0 0 0 0 0 0 0 0 0 0 0 0 0 0 0 0 0 0 0 0 0 0 0 0 0 0 0 0 0 0 0 0 0 0 0 0 0 0 0 0 0 0 0 0 0 0 0 0 0 0 0 0 0 0 0 0 0 0 0 0 0 0 0 0 0 0 0 0 0 0 0 0 0 0 0 0 0 0 0 0 0 0 0 0 0 0 0 0 0 0 0 0 0 0 0 0 0 0 0 0 0 0 0 0 0 0 0 0 0 0 0 0 0 0 0 0 0 0 0 0 0 0 0 0 0 0 0 0 0 0 0 0 0 0 0 0 0 0 0 0 0 0 0 0 0 0 0 0 0 0 0 0 0 0 0 0 0 0 0 0 0 0 0 0 0 0 0 0 0 0 0 0 0 0 0 0 0 0 0 0 0 0 0 0 0 0 0 0 0 0 0 0 0 0 0 0 0 0 0 0 0 0 0 0 0 0 0 0 0 0 0 0 0 0 0 0 0 0 0 0 0 0 0 0 0 0 0 0 0 0 0 0 0 0 0 0 0 0 0 0 0 0 0 0 0 0 0 0 0 0 0 0 0 0 0 0 0 0 0 0 0 0 0 0 0 0 0 0 0 0 0 0 0 0 0 0 0 0 0 0 0 0 0 0 0 0 0 0 0 0 0 0 0 0 0 0 0 0 0 0 0 0 0 0 0 0 0 0 0 0 0 0 0 0 0 0 0 0 0 0 0 0 0 0 0 0 0 0 0 0 0 0 0 0 0 0 0 0 0 0 0 0 0 0 0 0 0 0 0 0 0 0 0 0 0 0 0 0 0 0 0 0 0 0 0 0 0 0 0 0 0 0 0 0 0 0 0 0 0 0 0 0 0 0 0 0 0 0 0 0 0 0 0 0 0 0 0 0 0 0 0 0 0 0 0 0 0 0 0 0 0 0 0 0 0 0 0 0 0 0 0 0 0 0 0 0 0 0 0 0 0 0 0 0 0 0 0 0 0 0 0 0 0 0 0 0 0 0 0 0 0 0 0 0 0 0 0 0 0 0 0 0 0 0 0 0 0 0 0 0 0 0 0 0 0 0 0 0 0 0 0 0 0 0 0 0 0 0 0 0 0 0 0 0 0 0 0 0 0 0 0 0 0 0 0 0 0 0 0 0 0 0 0 0 0 0 0 0 0 0 0 0 0 0 0 0 0 0 0 0 0 0 0 0 0 0 0 0 0 0 0 0 0 0 0 0 0 0 0 0 0 0 0 0 0 0 0 0 0 0 0 0 0 0 0 0 0 0 0 0 0 0 0 0 0 0 0 0 0 0 0 0 0 0 0 0 0 0 0 0 0 0 0 0 0 0 0 0 0 0 0 0 0 0 0 0 0 0 0 0 0 0 0 0 0 0 0 0 0 0 0 0 0 0 0 0 0 0 0 0 0 0 0 0 0 0 0 0 0 0 0 0 0 0 0 0 0 0 0 0 0 0 0 0 0 0 0 0 0 0 0 0 0 0 0 0 0 0 0 0 0 0 0 0 0 0 0 0 0 0 0 0 0 0 0 0 0 0 0 0 0 0 0 0 0 0 0 0 0 0 0 0 0 0 0 0 0 0 0 0 0 0 0 0 0 0 0 0 0 0 0 0 0 0 0 0 0 0 0 0 0 0 0 0 0 0 0 0 0 0 0 0 0 0 0 0 0 0 0 0 0 0 0 0 0 0 0 0 0 0 0 0 0 0 0 0 0 0 0 0 0 0 0 0 0 0 0 0 0 0 0 0 0 0 0 0 0 0 0 0 0 0 0 0 0 0 0 0 0 0 0 0 0 0 0 0 0 0 0 0 0 0 0 0 0 0 0 0 0 0 0 0 0 0 0 0 0 0 0 0 0 0 0 0 0 0 0 0 0 0 0 0 0 0 0 0 0 0 0 0 0 0 0 0 0 0 0 0 0 0 0 0 0 0 0 0 0 0 0 0 0 0 0 0 0 0 0 0 0 0 0 0 0 0 0 0 0 0 0 0 0 0 0 0 0 0 0 0 0 0 0 0 0 0 0 0 0 0 0 0 0 0 0 0 0 0 0 0 0 0 0 0 0 0 0 0 0 0 0 0 0 0 0 0 0 0 0 0 0 0 0 0 0 0 0 0 0 0 0 0 0 0 0 0 0 0 0 0 0 0 0 0 0 0 0 0 0 0 0 0 0 0 0 0 0 0 0 0 0 0 0 0 0 0 0 0 0 0 0 0 0 0 0 0 0 0 0 0 0 0 0 0 0 0 0 0 0 0 0 0 0 0 0 0 0 0 0 0 0 0 0 0 0 0 0 0 0 0 0 0 0 0 0 0 0 0 0 0 0 0 0 0 0 0 0 0 0 0 0 0 0 0 0 0 0 0 0 0 0 0 0 0 0 0 0 0 0 0 0 0 0 0 0 0 0 0 0 0 0 0 0 0 0 0 0 0 0 0 0 0 0 0 0 0 0 0 0 0 0 0 0 0 0 0 0 0 0 0 0 0 0 0 0 0 0 0 0 0 0 0 0 0 0 0 0 0 0 0 0 0 0 0 0 0 0 0 0 0 0 0 0 0 0 0 0 0 0 0 0 0 0 0 0 0 0 0 0 0 0 0 0 0 0 0 0 0 0 0 0 0 0 0 0 0 0 0 0 0 0 0 0 0 0 0 0 0 0 0 0 0 0 0 0 0 0 0 0 0 0 0 0 0 0 0 0 0
ctxt 15395645
btime 1613123985
processes 344739
procs_running 1
procs_blocked 0
softirq 134457283 1 77002986 1796 2836606 0 0 153 4046078 0 50569663
