cpu  22058466 5 29824 8509810 129 0 2101 0 0 0
cpu0 344384 0 836 132587 0 0 339 0 0 0
cpu1 344510 0 479 133096 2 0 108 0 0 0
cpu2 344208 0 866 133023 0 0 44 0 0 0
cpu3 344489 0 379 133251 7 0 22 0 0 0
cpu4 344162 0 853 133000 0 0 41 0 0 0
cpu5 344657 0 282 133194 0 0 21 0 0 0
cpu6 344685 0 528 132903 0 0 32 0 0 0
cpu7 343790 0 957 133239 0 0 151 0 0 0
cpu8 344530 0 774 132807 0 0 24 0 0 0
cpu9 344633 0 270 133220 0 0 21 0 0 0
cpu10 344561 0 642 132911 0 0 22 0 0 0
cpu11 344866 0 168 133105 0 0 8 0 0 0
cpu12 344521 0 546 133055 0 0 22 0 0 0
cpu13 344830 0 124 133195 0 0 0 0 0 0
cpu14 344796 0 861 132458 2 0 20 0 0 0
cpu15 344374 0 518 133182 0 0 74 0 0 0
cpu16 344080 0 1031 132998 3 0 21 0 0 0
cpu17 344526 0 400 133172 0 0 42 0 0 0
cpu18 344656 0 831 132619 4 0 32 0 0 0
cpu19 344771 0 178 133185 0 0 14 0 0 0
cpu20 344308 0 1156 132534 59 0 34 0 0 0
cpu21 344823 0 154 133169 0 0 3 0 0 0
cpu22 343919 0 1090 133095 1 0 33 0 0 0
cpu23 344658 0 272 133175 0 0 37 0 0 0
cpu24 344122 1 865 133132 0 0 23 0 0 0
cpu25 344862 0 108 133171 0 0 2 0 0 0
cpu26 344175 0 827 133111 0 0 23 0 0 0
cpu27 345233 0 223 132682 0 0 7 0 0 0
cpu28 344776 0 436 132916 0 0 13 0 0 0
cpu29 344782 0 152 133203 0 0 4 0 0 0
cpu30 344480 0 656 132959 1 0 38 0 0 0
cpu31 344657 0 283 133167 1 0 30 0 0 0
cpu32 344734 0 634 132746 0 0 12 0 0 0
cpu33 344514 0 378 133190 0 0 23 0 0 0
cpu34 344597 0 424 133082 0 0 16 0 0 0
cpu35 344469 0 375 133253 0 0 30 0 0 0
cpu36 344616 0 430 133046 0 0 14 0 0 0
cpu37 344727 0 210 133183 0 0 17 0 0 0
cpu38 344628 0 632 132855 2 0 20 0 0 0
cpu39 343599 0 1105 133198 0 0 223 0 0 0
cpu40 344580 0 722 132820 0 0 14 0 0 0
cpu41 344621 0 306 133168 1 0 42 0 0 0
cpu42 346921 0 724 130445 14 0 5 0 0 0
cpu43 344828 0 116 133181 1 0 4 0 0 0
cpu44 345424 0 360 132350 0 0 5 0 0 0
cpu45 344830 0 119 133179 1 0 6 0 0 0
cpu46 346178 0 592 131326 2 0 5 0 0 0
cpu47 344791 0 158 133175 1 0 10 0 0 0
cpu48 344390 0 692 132957 0 0 81 0 0 0
cpu49 344811 0 136 133182 0 0 6 0 0 0
cpu50 344781 1 548 132683 0 0 90 0 0 0
cpu51 344839 0 116 133174 0 0 2 0 0 0
cpu52 344678 0 308 133131 0 0 11 0 0 0
cpu53 344868 0 102 133148 0 0 3 0 0 0
cpu54 344712 0 389 133012 0 0 13 0 0 0
cpu55 344804 0 147 133169 0 0 12 0 0 0
cpu56 344516 0 482 133121 0 0 12 0 0 0
cpu57 344868 0 81 133182 0 0 2 0 0 0
cpu58 344634 0 339 133141 3 0 13 0 0 0
cpu59 344798 0 145 133181 0 0 6 0 0 0
cpu60 344779 0 273 133064 0 0 7 0 0 0
cpu61 344715 0 223 133166 0 0 25 0 0 0
cpu62 344679 0 397 132733 0 0 16 0 0 0
cpu63 344687 0 389 133026 0 0 28 0 0 0
intr 63622799 83 0 0 0 622 0 0 0 1 0 285 0 0 0 0 0 0 0 0 0 0 0 0 0 0 0 0 0 0 0 0 0 0 0 0 0 0 0 1975 17362 1094 7054 2023 5288 358 26527 851 3770 600 4473 283 0 714 18826 2700 1658 2138 2258 21720 674 4793 1818 1404 793 841 2125 510 709 1046 4537 1239 6350 1077 15291 684 2688 2963 7286 1564 8269 761 346 350 1102 289 3052 1148 4244 55375 2022 1470 1986 769 3571 523 969 1175 1039 888 3 626 8278 0 0 0 0 0 0 0 0 0 0 0 0 0 0 0 0 0 32005 93 0 0 0 0 0 0 0 0 0 0 0 0 0 0 0 0 0 0 0 0 0 0 0 0 0 0 0 0 0 0 0 0 0 0 0 0 0 0 0 0 0 0 0 0 0 0 0 0 0 0 0 0 0 0 0 0 0 0 0 0 0 0 0 0 0 0 0 0 0 0 0 0 0 0 0 25 0 0 0 0 0 0 0 0 0 0 0 0 0 0 0 0 0 0 0 0 0 0 0 0 0 0 0 0 0 0 0 0 0 0 0 0 0 0 0 0 0 0 0 0 0 0 0 0 0 0 0 0 0 0 0 0 0 0 0 0 0 0 0 0 0 0 0 0 0 0 0 0 0 0 0 0 0 0 0 0 0 0 0 0 0 0 0 0 0 0 0 0 0 0 0 0 0 0 0 0 0 0 0 0 0 0 0 0 0 0 0 0 0 0 0 0 0 0 0 0 0 0 0 0 0 0 0 0 0 0 0 0 0 0 0 0 0 0 0 0 0 0 0 0 0 0 0 0 0 0 0 0 0 0 0 0 0 0 0 0 0 0 0 0 0 0 0 0 0 0 0 0 0 0 0 0 0 0 0 0 0 0 0 0 0 0 0 0 0 0 0 0 0 0 0 0 0 0 0 0 0 0 0 0 0 0 0 0 0 0 0 0 0 0 0 0 0 0 0 0 0 0 0 0 0 0 0 0 0 0 0 0 0 0 0 0 0 0 0 0 0 0 0 0 0 0 0 0 0 0 0 0 0 0 0 0 0 0 0 0 0 0 0 0 0 0 0 0 0 0 0 0 0 0 0 0 0 0 0 0 0 0 0 0 0 0 0 0 0 0 0 0 0 0 0 0 0 0 0 0 0 0 0 0 0 0 0 0 0 0 0 0 0 0 0 0 0 0 0 0 0 0 0 0 0 0 0 0 0 0 0 0 0 0 0 0 0 0 0 0 0 0 0 0 0 0 0 0 0 0 0 0 0 0 0 0 0 0 0 0 0 0 0 0 0 0 0 0 0 0 0 0 0 0 0 0 0 0 0 0 0 0 0 0 0 0 0 0 0 0 0 0 0 0 0 0 0 0 0 0 0 0 0 0 0 0 0 0 0 0 0 0 0 0 0 0 0 0 0 0 0 0 0 0 0 0 0 0 0 0 0 0 0 0 0 0 0 0 0 0 0 0 0 0 0 0 0 0 0 0 0 0 0 0 0 0 0 0 0 0 0 0 0 0 0 0 0 0 0 0 0 0 0 0 0 0 0 0 0 0 0 0 0 0 0 0 0 0 0 0 0 0 0 0 0 0 0 0 0 0 0 0 0 0 0 0 0 0 0 0 0 0 0 0 0 0 0 0 0 0 0 0 0 0 0 0 0 0 0 0 0 0 0 0 0 0 0 0 0 0 0 0 0 0 0 0 0 0 0 0 0 0 0 0 0 0 0 0 0 0 0 0 0 0 0 0 0 0 0 0 0 0 0 0 0 0 0 0 0 0 0 0 0 0 0 0 0 0 0 0 0 0 0 0 0 0 0 0 0 0 0 0 0 0 0 0 0 0 0 0 0 0 0 0 0 0 0 0 0 0 0 0 0 0 0 0 0 0 0 0 0 0 0 0 0 0 0 0 0 0 0 0 0 0 0 0 0 0 0 0 0 0 0 0 0 0 0 0 0 0 0 0 0 0 0 0 0 0 0 0 0 0 0 0 0 0 0 0 0 0 0 0 0 0 0 0 0 0 0 0 0 0 0 0 0 0 0 0 0 0 0 0 0 0 0 0 0 0 0 0 0 0 0 0 0 0 0 0 0 0 0 0 0 0 0 0 0 0 0 0 0 0 0 0 0 0 0 0 0 0 0 0 0 0 0 0 0 0 0 0 0 0 0 0 0 0 0 0 0 0 0 0 0 0 0 0 0 0 0 0 0 0 0 0 0 0 0 0 0 0 0 0 0 0 0 0 0 0 0 0 0 0 0 0 0 0 0 0 0 0 0 0 0 0 0 0 0 0 0 0 0 0 0 0 0 0 0 0 0 0 0 0 0 0 0 0 0 0 0 0 0 0 0 0 0 0 0 0 0 0 0 0 0 0 0 0 0 0 0 0 0 0 0 0 0 0 0 0 0 0 0 0 0 0 0 0 0 0 0 0 0 0 0 0 0 0 0 0 0 0 0 0 0 0 0 0 0 0 0 0 0 0 0 0 0 0 0 0 0 0 0 0 0 0 0 0 0 0 0 0 0 0 0 0 0 0 0 0 0 0 0 0 0 0 0 0 0 0 0 0 0 0 0 0 0 0 0 0 0 0 0 0 0 0 0 0 0 0 0 0 0 0 0 0 0 0 0 0 0 0 0 0 0 0 0 0 0 0 0 0 0 0 0 0 0 0 0 0 0 0 0 0 0 0 0 0 0 0 0 0 0 0 0 0 0 0 0 0 0 0 0 0 0 0 0 0 0 0 0 0 0 0 0 0 0 0 0 0 0 0 0 0 0 0 0 0 0 0 0 0 0 0 0 0 0 0 0 0 0 0 0 0 0 0 0 0 0 0 0 0 0 0 0 0 0 0 0 0 0 0 0 0 0 0 0 0 0 0 0 0 0 0 0 0 0 0 0 0 0 0 0 0 0 0 0 0 0 0 0 0 0 0 0 0 0 0 0 0 0 0 0 0 0 0 0 0 0 0 0 0 0 0 0 0 0 0 0 0 0 0 0 0 0 0 0 0 0 0 0 0 0 0 0 0 0 0 0 0 0 0 0 0 0 0 0 0 0 0 0 0 0 0 0 0 0 0 0 0 0 0 0 0 0 0 0 0 0 0 0 0 0 0 0 0 0 0 0 0 0 0 0 0 0 0 0 0 0 0 0 0 0 0 0 0 0 0 0 0 0 0 0 0 0 0 0 0 0 0 0 0 0 0 0 0 0 0 0 0 0 0 0 0 0 0 0 0 0 0 0 0 0 0 0 0 0 0 0 0 0 0 0 0 0 0 0 0 0 0 0 0 0 0 0 0 0 0 0 0 0 0 0 0 0 0 0 0 0 0 0 0 0 0 0 0 0 0 0 0 0 0 0 0 0 0 0 0 0 0 0 0 0 0 0 0 0 0 0 0 0 0 0 0 0 0 0 0 0 0 0 0 0 0 0 0 0 0 0 0 0 0 0 0 0 0 0 0 0 0 0 0 0 0 0 0 0 0 0 0 0 0 0 0 0 0 0 0 0 0 0 0 0 0 0 0 0 0 0 0 0 0 0 0 0 0 0 0 0 0 0 0 0 0 0 0 0 0 0 0 0 0 0 0 0 0 0 0 0 0 0 0 0 0 0 0 0 0 0 0 0 0 0 0 0 0 0 0 0 0 0 0 0 0 0 0 0 0 0 0 0 0 0 0 0 0 0 0 0 0 0 0 0 0 0 0 0 0 0 0 0 0 0 0 0 0 0 0 0 0 0 0 0 0 0 0 0 0 0 0 0 0 0 0 0 0 0 0 0 0 0 0 0 0 0 0 0 0 0 0 0 0 0 0 0 0 0 0 0 0 0 0 0 0 0 0 0 0 0 0 0 0 0 0 0 0 0 0 0 0 0 0 0 0 0 0 0 0 0 0 0 0 0 0 0 0 0 0 0 0 0 0 0 0 0 0 0 0 0 0 0 0 0 0 0 0 0 0 0 0 0 0 0 0 0 0 0 0 0 0 0 0 0 0 0 0 0 0 0 0 0 0 0 0 0 0 0 0 0 0 0 0 0 0 0 0 0 0 0 0 0 0 0 0 0 0 0 0 0 0 0 0 0 0 0 0 0 0 0 0 0 0 0 0 0 0 0 0 0 0 0 0 0 0 0 0 0 0 0 0 0 0 0 0 0 0 0 0 0 0 0 0 0 0 0 0 0 0 0 0 0 0 0 0 0 0 0 0 0 0 0 0 0 0 0 0 0 0 0 0 0 0 0 0 0 0 0 0 0 0 0 0 0 0 0 0 0 0 0 0 0 0 0 0 0 0 0 0 0 0 0 0 0 0 0 0 0 0 0 0 0 0 0 0 0 0 0 0 0 0 0 0 0 0 0 0 0 0 0 0 0 0 0 0 0 0 0 0 0 0 0 0 0 0 0 0 0 0 0 0 0 0 0 0 0 0 0 0 0 0 0 0 0 0 0 0 0 0 0 0 0 0 0 0 0 0 0 0 0 0 0 0 0 0 0 0 0 0 0 0 0 0 0 0 0 0 0 0 0 0 0 0 0 0 0 0 0 0 0 0 0 0 0 0 0 0 0 0 0 0 0 0 0 0 0 0 0 0 0 0 0 0 0 0 0 0 0 0 0 0 0 0 0 0 0 0 0 0 0 0 0 0 0 0 0 0 0 0 0 0 0 0 0 0 0 0 0 0 0 0 0 0 0 0 0 0 0 0 0 0 0 0 0 0 0 0 0 0 0 0 0 0 0 0 0 0 0 0 0 0 0 0 0 0 0 0 0 0 0 0 0 0 0 0 0 0 0 0 0 0 0 0 0 0 0 0 0 0 0 0 0 0 0 0 0 0 0 0 0 0 0 0 0 0 0 0 0 0 0 0 0 0 0 0 0 0 0 0 0 0 0 0 0 0 0 0 0 0 0 0 0 0 0 0 0 0 0 0 0 0 0 0 0 0 0 0 0 0 0 0 0 0 0 0 0 0 0 0 0 0 0 0 0 0 0 0 0 0 0 0 0 0 0 0 0 0 0 0 0 0 0 0 0 0 0 0 0 0 0 0 0 0 0 0 0 0 0 0 0 0 0 0 0 0 0 0 0 0 0 0 0 0 0 0 0 0 0 0 0 0 0 0 0 0 0 0 0 0 0 0 0 0 0 0 0 0 0 0 0 0 0 0 0 0 0 0 0 0 0 0 0 0 0 0 0 0 0 0 0 0 0
ctxt 9927431
btime 1613123984
processes 237456
procs_running 1
procs_blocked 0
softirq 72280221 1 42008282 1740 1951004 0 0 145 2173096 0 26145953
