cpu  32664774 4 41952 7189737 425 0 4968 0 0 0
cpu0 907038 0 1284 199605 1 0 710 0 0 0
cpu1 907194 0 994 200121 1 0 185 0 0 0
cpu2 907218 0 1026 200056 0 0 113 0 0 0
cpu3 907642 0 838 199834 4 0 52 0 0 0
cpu4 906476 0 1789 199790 2 0 316 0 0 0
cpu5 907095 0 1168 200024 14 0 73 0 0 0
cpu6 907190 0 1061 200044 2 0 73 0 0 0
cpu7 906923 0 1374 199939 4 0 148 0 0 0
cpu8 907788 0 1154 199388 1 0 40 0 0 0
cpu9 907242 0 1404 199675 1 0 58 0 0 0
cpu10 906835 0 1739 199548 4 0 245 0 0 0
cpu11 906921 0 1350 200047 2 0 68 0 0 0
cpu12 907243 0 1582 199486 4 0 58 0 0 0
cpu13 907219 0 1329 199715 49 0 63 0 0 0
cpu14 906270 0 1896 200103 4 0 98 0 0 0
cpu15 906611 0 1624 200042 5 0 102 0 0 0
cpu16 906860 0 1363 200030 1 0 122 0 0 0
cpu17 907117 0 1104 200028 5 0 115 0 0 0
cpu18 907652 0 624 200051 5 0 41 0 0 0
cpu19 907529 0 718 200082 1 0 44 0 0 0
cpu20 907689 0 606 200035 3 0 40 0 0 0
cpu21 907764 0 587 200003 9 0 13 0 0 0
cpu22 907473 0 714 200121 12 0 62 0 0 0
cpu23 907708 0 520 200129 2 0 9 0 0 0
cpu24 904703 0 2376 199816 15 0 1443 0 0 0
cpu25 907252 0 935 200113 3 0 76 0 0 0
cpu26 907521 0 781 200022 8 0 33 0 0 0
cpu27 907687 0 1048 199576 0 0 68 0 0 0
cpu28 909064 0 1222 197877 81 0 98 0 0 0
cpu29 908093 0 1063 199159 33 0 33 0 0 0
cpu30 909195 0 1084 198000 54 0 16 0 0 0
cpu31 907847 3 1340 199085 40 0 62 0 0 0
cpu32 908031 0 1303 198965 6 0 69 0 0 0
cpu33 907544 0 1272 199420 12 0 91 0 0 0
cpu34 907649 0 869 199794 15 0 30 0 0 0
cpu35 907477 0 799 199997 1 0 89 0 0 0
intr 90010172 56 0 0 0 610 0 0 0 1 0 275 0 0 0 0 0 0 0 0 0 0 0 0 0 0 0 0 0 0 0 0 0 94 889 325 129 301 925 713 443 491 91 440 354 324 274 1495 461 412 331 398 307 229 212 1439 3741 0 0 0 0 345 2058 787 514 114 10340 3816 4166 1771 549 724 477 175 0 16 12403 1 0 33065 2831 4953 1564 4341 4083 1332 5642 2444 4501 2818 7395 4372 2019 5544 3596 3966 1370 4673 4564 6644 3838 4388 1446 267331 6962 2365 3827 1291 7119 1227 1827 6435 3115 3143 2481 0 16 7975 1 0 0 0 0 0 0 0 0 0 0 0 0 0 0 0 0 0 0 0 0 0 0 0 0 0 0 0 0 0 0 0 0 0 0 0 0 0 24 0 0 0 0 0 0 0 0 0 0 0 0 0 0 0 0 0 0 0 0 0 0 0 0 0 0 0 0 0 0 0 0 0 0 0 0 0 0 0 0 0 0 0 0 0 0 0 0 0 0 0 0 0 0 0 0 0 0 0 0 0 0 0 0 0 0 0 0 0 0 0 0 0 0 0 0 0 0 0 0 0 0 0 0 0 0 0 0 0 0 0 0 0 0 0 0 0 0 0 0 0 0 0 0 0 0 0 0 0 0 0 0 0 0 0 0 0 0 0 0 0 0 0 0 0 0 0 0 0 0 0 0 0 0 0 0 0 0 0 0 0 0 0 0 0 0 0 0 0 0 0 0 0 0 0 0 0 0 0 0 0 0 0 0 0 0 0 0 0 0 0 0 0 0 0 0 0 0 0 0 0 0 0 0 0 0 0 0 0 0 0 0 0 0 0 0 0 0 0 0 0 0 0 0 0 0 0 0 0 0 0 0 0 0 0 0 0 0 0 0 0 0 0 0 0 0 0 0 0 0 0 0 0 0 0 0 0 0 0 0 0 0 0 0 0 0 0 0 0 0 0 0 0 0 0 0 0 0 0 0 0 0 0 0 0 0 0 0 0 0 0 0 0 0 0 0 0 0 0 0 0 0 0 0 0 0 0 0 0 0 0 0 0 0 0 0 0 0 0 0 0 0 0 0 0 0 0 0 0 0 0 0 0 0 0 0 0 0 0 0 0 0 0 0 0 0 0 0 0 0 0 0 0 0 0 0 0 0 0 0 0 0 0 0 0 0 0 0 0 0 0 0 0 0 0 0 0 0 0 0 0 0 0 0 0 0 0 0 0 0 0 0 0 0 0 0 0 0 0 0 0 0 0 0 0 0 0 0 0 0 0 0 0 0 0 0 0 0 0 0 0 0 0 0 0 0 0 0 0 0 0 0 0 0 0 0 0 0 0 0 0 0 0 0 0 0 0 0 0 0 0 0 0 0 0 0 0 0 0 0 0 0 0 0 0 0 0 0 0 0 0 0 0 0 0 0 0 0 0 0 0 0 0 0 0 0 0 0 0 0 0 0 0 0 0 0 0 0 0 0 0 0 0 0 0 0 0 0 0 0 0 0 0 0 0 0 0 0 0 0 0 0 0 0 0 0 0 0 0 0 0 0 0 0 0 0 0 0 0 0 0 0 0 0 0 0 0 0 0 0 0 0 0 0 0 0 0 0 0 0 0 0 0 0 0 0 0 0 0 0 0 0 0 0 0 0 0 0 0 0 0 0 0 0 0 0 0 0 0 0 0 0 0 0 0 0 0 0 0 0 0 0 0 0 0 0 0 0 0 0 0 0 0 0 0 0 0 0 0 0 0 0 0 0 0 0 0 0 0 0 0 0 0 0 0 0 0 0 0 0 0 0 0 0 0 0 0 0 0 0 0 0 0 0 0 0 0 0 0 0 0 0 0 0 0 0 0 0 0 0 0 0 0 0 0 0 0 0 0 0 0 0 0 0 0 0 0 0 0 0 0 0 0 0 0 0 0 0 0 0 0 0 0 0 0 0 0 0 0 0 0 0 0 0 0 0 0 0 0 0 0 0 0 0 0 0 0 0 0 0 0 0 0 0 0 0 0 0 0 0 0 0 0 0 0 0 0 0 0 0 0 0 0 0 0 0 0 0 0 0 0 0 0 0 0 0 0 0 0 0 0 0 0 0 0 0 0 0 0 0 0 0 0 0 0 0 0 0 0 0 0 0 0 0 0 0 0 0 0 0 0 0 0 0 0 0 0 0 0 0 0 0 0 0 0 0 0 0 0 0 0 0 0 0 0 0 0 0 0 0 0 0 0 0 0 0 0 0 0 0 0 0 0 0 0 0 0 0 0 0 0 0 0 0 0 0 0 0 0 0 0 0 0 0 0 0 0 0 0 0 0 0 0 0 0 0 0 0 0 0 0 0 0 0 0 0 0 0 0 0 0 0 0 0 0 0 0 0 0 0 0 0 0 0 0 0 0 0 0 0 0 0 0 0 0 0 0 0 0 0 0 0 0 0 0 0 0 0 0 0 0 0 0 0 0 0 0 0 0 0 0 0 0 0 0 0 0 0 0 0 0 0 0 0 0 0 0 0 0 0 0 0 0 0 0 0 0 0 0 0 0 0 0 0 0 0 0 0 0 0 0 0 0 0 0 0 0 0 0 0 0 0 0 0 0 0 0 0 0 0 0 0 0 0 0 0 0 0 0 0 0 0 0 0 0 0 0 0 0 0 0 0 0 0 0 0 0 0 0 0 0 0 0 0 0 0 0 0 0 0 0 0 0 0 0 0 0 0 0 0 0 0 0 0 0 0 0 0 0 0 0 0 0 0 0 0 0 0 0 0 0 0 0 0 0 0 0 0 0 0 0 0 0 0 0 0 0 0 0 0 0 0 0 0 0 0 0 0 0 0 0 0 0 0 0 0 0 0 0 0 0 0 0 0 0 0 0 0 0 0
ctxt 23375620
btime 1613124388
processes 587722
procs_running 1
procs_blocked 0
softirq 117566587 1 67796757 915 4436752 0 0 426266 3035125 0 41870771
