cpu  1619967 5 5342 1967989 111 0 248 0 0 0
cpu0 25286 0 260 30403 0 0 102 0 0 0
cpu1 25183 0 135 30824 8 0 31 0 0 0
cpu2 25271 0 72 30820 0 0 1 0 0 0
cpu3 25274 0 42 30850 0 0 0 0 0 0
cpu4 25300 0 116 30746 0 0 0 0 0 0
cpu5 25281 0 36 30846 0 0 0 0 0 0
cpu6 25382 0 195 30522 1 0 2 0 0 0
cpu7 25255 0 59 30838 0 0 3 0 0 0
cpu8 25312 0 128 30719 0 0 0 0 0 0
cpu9 25281 0 32 30852 0 0 0 0 0 0
cpu10 25915 0 282 29934 10 0 2 0 0 0
cpu11 25281 0 36 30828 1 0 0 0 0 0
cpu12 25352 0 192 30618 1 0 0 0 0 0
cpu13 25281 0 31 30851 0 0 3 0 0 0
cpu14 25415 0 164 30555 15 0 1 0 0 0
cpu15 25281 0 39 30843 0 0 0 0 0 0
cpu16 25330 0 126 30685 0 0 5 0 0 0
cpu17 25280 0 40 30844 0 0 0 0 0 0
cpu18 25282 0 99 30773 0 0 0 0 0 0
cpu19 25282 0 30 30850 0 0 0 0 0 0
cpu20 25322 0 90 30746 0 0 1 0 0 0
cpu21 25282 0 31 30848 0 0 0 0 0 0
cpu22 25350 0 126 30677 0 0 0 0 0 0
cpu23 25282 0 37 30844 0 0 0 0 0 0
cpu24 25316 0 86 30680 41 0 0 0 0 0
cpu25 25278 0 40 30842 0 0 0 0 0 0
cpu26 25291 0 51 30814 0 0 0 0 0 0
cpu27 25216 0 87 30846 1 0 7 0 0 0
cpu28 25292 0 70 30789 0 0 0 0 0 0
cpu29 25282 0 40 30836 2 0 0 0 0 0
cpu30 25452 0 86 30610 0 0 0 0 0 0
cpu31 25282 0 34 30837 7 0 0 0 0 0
cpu32 25306 0 62 30786 0 0 0 0 0 0
cpu33 25216 0 90 30839 0 0 6 0 0 0
cpu34 25296 0 54 30801 0 0 0 0 0 0
cpu35 25281 0 32 30841 0 0 0 0 0 0
cpu36 25287 0 56 30808 0 0 0 0 0 0
cpu37 25281 0 36 30836 0 0 0 0 0 0
cpu38 25412 0 95 30627 0 0 0 0 0 0
cpu39 25279 0 34 30841 0 0 0 0 0 0
cpu40 25346 0 123 30674 0 0 0 0 0 0
cpu41 25282 0 33 30839 0 0 0 0 0 0
cpu42 25335 0 131 30664 1 0 2 0 0 0
cpu43 25282 0 38 30834 0 0 0 0 0 0
cpu44 25435 0 217 30488 1 0 0 0 0 0
cpu45 25282 0 35 30836 0 0 0 0 0 0
cpu46 25516 0 166 30456 2 0 2 0 0 0
cpu47 25280 0 32 30840 0 0 0 0 0 0
cpu48 25411 0 131 30604 0 0 0 0 0 0
cpu49 25280 0 33 30837 0 0 0 0 0 0
cpu50 25208 2 148 30779 0 0 6 0 0 0
cpu51 25276 0 35 30816 0 0 10 0 0 0
cpu52 25301 0 70 30774 0 0 0 0 0 0
cpu53 25280 0 36 30832 0 0 0 0 0 0
cpu54 25293 0 82 30764 0 0 0 0 0 0
cpu55 25281 0 39 30827 0 0 0 0 0 0
cpu56 25282 0 58 30796 0 0 0 0 0 0
cpu57 25284 0 32 30827 1 0 0 0 0 0
cpu58 25286 0 64 30789 0 0 0 0 0 0
cpu59 25038 0 235 30821 0 0 50 0 0 0
cpu60 25297 0 62 30787 0 0 0 0 0 0
cpu61 25280 0 37 30828 0 0 0 0 0 0
cpu62 25578 0 94 30472 0 0 0 0 0 0
cpu63 25283 0 35 30826 0 0 0 0 0 0
intr 5115501 82 0 0 0 634 0 0 0 1 0 282 0 0 0 0 0 0 0 0 0 0 0 0 0 0 0 0 0 0 0 0 0 0 0 0 0 0 0 992 11496 1477 5 77 6 0 2182 15 0 6 4 5 0 20 2 4886 0 0 0 0 1 727 9 74 2 0 0 0 0 4 0 129 5149 51 0 52 0 21 0 0 7 1133 0 64 4 940 0 2 0 57 12433 495 0 0 0 12 3 303 3 2 2 40 0 0 0 0 0 0 0 0 0 0 0 0 0 0 0 0 0 0 95 30365 0 0 0 0 0 0 0 0 0 0 0 0 0 0 0 0 0 0 0 0 0 0 0 0 0 0 0 0 0 0 0 0 0 0 0 0 0 0 0 0 0 0 0 0 0 0 0 0 0 0 0 0 0 0 0 0 0 0 0 0 0 0 0 0 0 0 0 0 0 0 0 0 0 0 0 20 0 0 0 0 0 0 0 0 0 0 0 0 0 0 0 0 0 0 0 0 0 0 0 0 0 0 0 0 0 0 0 0 0 0 0 0 0 0 0 0 0 0 0 0 0 0 0 0 0 0 0 0 0 0 0 0 0 0 0 0 0 0 0 0 0 0 0 0 0 0 0 0 0 0 0 0 0 0 0 0 0 0 0 0 0 0 0 0 0 0 0 0 0 0 0 0 0 0 0 0 0 0 0 0 0 0 0 0 0 0 0 0 0 0 0 0 0 0 0 0 0 0 0 0 0 0 0 0 0 0 0 0 0 0 0 0 0 0 0 0 0 0 0 0 0 0 0 0 0 0 0 0 0 0 0 0 0 0 0 0 0 0 0 0 0 0 0 0 0 0 0 0 0 0 0 0 0 0 0 0 0 0 0 0 0 0 0 0 0 0 0 0 0 0 0 0 0 0 0 0 0 0 0 0 0 0 0 0 0 0 0 0 0 0 0 0 0 0 0 0 0 0 0 0 0 0 0 0 0 0 0 0 0 0 0 0 0 0 0 0 0 0 0 0 0 0 0 0 0 0 0 0 0 0 0 0 0 0 0 0 0 0 0 0 0 0 0 0 0 0 0 0 0 0 0 0 0 0 0 0 0 0 0 0 0 0 0 0 0 0 0 0 0 0 0 0 0 0 0 0 0 0 0 0 0 0 0 0 0 0 0 0 0 0 0 0 0 0 0 0 0 0 0 0 0 0 0 0 0 0 0 0 0 0 0 0 0 0 0 0 0 0 0 0 0 0 0 0 0 0 0 0 0 0 0 0 0 0 0 0 0 0 0 0 0 0 0 0 0 0 0 0 0 0 0 0 0 0 0 0 0 0 0 0 0 0 0 0 0 0 0 0 0 0 0 0 0 0 0 0 0 0 0 0 0 0 0 0 0 0 0 0 0 0 0 0 0 0 0 0 0 0 0 0 0 0 0 0 0 0 0 0 0 0 0 0 0 0 0 0 0 0 0 0 0 0 0 0 0 0 0 0 0 0 0 0 0 0 0 0 0 0 0 0 0 0 0 0 0 0 0 0 0 0 0 0 0 0 0 0 0 0 0 0 0 0 0 0 0 0 0 0 0 0 0 0 0 0 0 0 0 0 0 0 0 0 0 0 0 0 0 0 0 0 0 0 0 0 0 0 0 0 0 0 0 0 0 0 0 0 0 0 0 0 0 0 0 0 0 0 0 0 0 0 0 0 0 0 0 0 0 0 0 0 0 0 0 0 0 0 0 0 0 0 0 0 0 0 0 0 0 0 0 0 0 0 0 0 0 0 0 0 0 0 0 0 0 0 0 0 0 0 0 0 0 0 0 0 0 0 0 0 0 0 0 0 0 0 0 0 0 0 0 0 0 0 0 0 0 0 0 0 0 0 0 0 0 0 0 0 0 0 0 0 0 0 0 0 0 0 0 0 0 0 0 0 0 0 0 0 0 0 0 0 0 0 0 0 0 0 0 0 0 0 0 0 0 0 0 0 0 0 0 0 0 0 0 0 0 0 0 0 0 0 0 0 0 0 0 0 0 0 0 0 0 0 0 0 0 0 0 0 0 0 0 0 0 0 0 0 0 0 0 0 0 0 0 0 0 0 0 0 0 0 0 0 0 0 0 0 0 0 0 0 0 0 0 0 0 0 0 0 0 0 0 0 0 0 0 0 0 0 0 0 0 0 0 0 0 0 0 0 0 0 0 0 0 0 0 0 0 0 0 0 0 0 0 0 0 0 0 0 0 0 0 0 0 0 0 0 0 0 0 0 0 0 0 0 0 0 0 0 0 0 0 0 0 0 0 0 0 0 0 0 0 0 0 0 0 0 0 0 0 0 0 0 0 0 0 0 0 0 0 0 0 0 0 0 0 0 0 0 0 0 0 0 0 0 0 0 0 0 0 0 0 0 0 0 0 0 0 0 0 0 0 0 0 0 0 0 0 0 0 0 0 0 0 0 0 0 0 0 0 0 0 0 0 0 0 0 0 0 0 0 0 0 0 0 0 0 0 0 0 0 0 0 0 0 0 0 0 0 0 0 0 0 0 0 0 0 0 0 0 0 0 0 0 0 0 0 0 0 0 0 0 0 0 0 0 0 0 0 0 0 0 0 0 0 0 0 0 0 0 0 0 0 0 0 0 0 0 0 0 0 0 0 0 0 0 0 0 0 0 0 0 0 0 0 0 0 0 0 0 0 0 0 0 0 0 0 0 0 0 0 0 0 0 0 0 0 0 0 0 0 0 0 0 0 0 0 0 0 0 0 0 0 0 0 0 0 0 0 0 0 0 0 0 0 0 0 0 0 0 0 0 0 0 0 0 0 0 0 0 0 0 0 0 0 0 0 0 0 0 0 0 0 0 0 0 0 0 0 0 0 0 0 0 0 0 0 0 0 0 0 0 0 0 0 0 0 0 0 0 0 0 0 0 0 0 0 0 0 0 0 0 0 0 0 0 0 0 0 0 0 0 0 0 0 0 0 0 0 0 0 0 0 0 0 0 0 0 0 0 0 0 0 0 0 0 0 0 0 0 0 0 0 0 0 0 0 0 0 0 0 0 0 0 0 0 0 0 0 0 0 0 0 0 0 0 0 0 0 0 0 0 0 0 0 0 0 0 0 0 0 0 0 0 0 0 0 0 0 0 0 0 0 0 0 0 0 0 0 0 0 0 0 0 0 0 0 0 0 0 0 0 0 0 0 0 0 0 0 0 0 0 0 0 0 0 0 0 0 0 0 0 0 0 0 0 0 0 0 0 0 0 0 0 0 0 0 0 0 0 0 0 0 0 0 0 0 0 0 0 0 0 0 0 0 0 0 0 0 0 0 0 0 0 0 0 0 0 0 0 0 0 0 0 0 0 0 0 0 0 0 0 0 0 0 0 0 0 0 0 0 0 0 0 0 0 0 0 0 0 0 0 0 0 0 0 0 0 0 0 0 0 0 0 0 0 0 0 0 0 0 0 0 0 0 0 0 0 0 0 0 0 0 0 0 0 0 0 0 0 0 0 0 0 0 0 0 0 0 0 0 0 0 0 0 0 0 0 0 0 0 0 0 0 0 0 0 0 0 0 0 0 0 0 0 0 0 0 0 0 0 0 0 0 0 0 0 0 0 0 0 0 0 0 0 0 0 0 0 0 0 0 0 0 0 0 0 0 0 0 0 0 0 0 0 0 0 0 0 0 0 0 0 0 0 0 0 0 0 0 0 0 0 0 0 0 0 0 0 0 0 0 0 0 0 0 0 0 0 0 0 0 0 0 0 0 0 0 0 0 0 0 0 0 0 0 0 0 0 0 0 0 0 0 0 0 0 0 0 0 0 0 0 0 0 0 0 0 0 0 0 0 0 0 0 0 0 0 0 0 0 0 0 0 0 0 0 0 0 0 0 0 0 0 0 0 0 0 0 0 0 0 0 0 0 0 0 0 0 0 0 0 0 0 0 0 0 0 0 0 0 0 0 0 0 0 0 0 0 0 0 0 0 0 0 0 0 0 0 0 0 0 0 0 0 0 0 0 0 0 0 0 0 0 0 0 0 0 0 0 0 0 0 0 0 0 0 0 0 0 0 0 0 0 0 0 0 0 0 0 0 0 0 0 0 0 0 0 0 0 0 0 0 0 0 0 0 0 0 0 0 0 0 0 0 0 0 0 0 0 0 0 0 0 0 0 0 0 0 0 0 0 0 0 0 0 0 0 0 0 0 0 0 0 0 0 0 0 0 0 0 0 0 0 0 0 0 0 0 0 0 0 0 0 0 0 0 0 0 0 0 0 0 0 0 0 0 0 0 0 0 0 0 0 0 0 0 0 0 0 0 0 0 0 0 0 0 0 0 0 0 0 0 0 0 0 0 0 0 0 0 0 0 0 0 0 0 0 0 0 0 0 0 0 0 0 0 0 0 0 0 0 0 0 0 0 0 0 0 0 0 0 0 0 0 0 0 0 0 0 0 0 0 0 0 0 0 0 0 0 0 0 0 0 0 0 0 0 0 0 0 0 0 0 0 0 0 0 0 0 0 0 0 0 0 0 0 0 0 0 0 0 0 0 0 0 0 0 0 0 0 0 0 0 0 0 0 0 0 0 0 0 0 0 0 0 0 0 0 0 0 0 0 0 0 0 0 0 0 0 0 0 0 0 0 0 0 0 0 0 0 0 0 0 0 0 0 0 0 0 0 0 0 0 0 0 0 0 0 0 0 0 0 0 0 0 0 0 0 0 0 0 0 0 0 0 0 0 0 0 0 0 0 0 0 0 0 0 0 0 0 0 0 0 0 0 0 0 0 0 0 0 0 0 0 0 0 0 0 0 0 0 0 0 0 0 0 0 0 0 0 0 0 0 0 0 0 0 0 0 0 0 0 0 0 0 0 0 0 0 0 0 0 0 0 0 0 0 0 0 0 0 0 0 0 0 0 0 0 0 0 0 0 0 0 0 0 0 0 0 0 0 0 0 0 0 0 0 0 0 0 0 0 0 0 0 0 0 0 0 0 0 0 0 0 0 0 0 0 0 0 0 0 0 0 0 0 0 0 0 0 0 0 0 0 0 0 0 0 0 0 0 0 0 0 0 0 0 0 0 0 0 0 0 0 0 0 0 0 0 0 0 0 0 0 0 0 0 0 0 0 0 0 0 0 0 0 0 0 0 0 0 0 0 0 0 0 0 0 0 0 0 0 0 0 0 0 0 0 0 0 0 0 0 0 0
ctxt 1139912
btime 1613144793
processes 26357
procs_running 1
procs_blocked 0
softirq 5292365 1 2840981 757 189448 0 0 143 290502 0 1970533
