cpu  5590020 5 10972 2104567 112 0 634 0 0 0
cpu0 87355 0 300 32548 0 0 123 0 0 0
cpu1 87295 0 142 32965 8 0 32 0 0 0
cpu2 87032 0 424 32966 0 0 1 0 0 0
cpu3 87378 0 49 32998 0 0 0 0 0 0
cpu4 87201 0 322 32890 0 0 9 0 0 0
cpu5 87388 0 40 32996 0 0 0 0 0 0
cpu6 87131 0 563 32644 1 0 22 0 0 0
cpu7 87296 0 122 32987 0 0 10 0 0 0
cpu8 87183 0 377 32861 0 0 0 0 0 0
cpu9 87266 0 148 33003 0 0 8 0 0 0
cpu10 87734 0 553 32081 10 0 27 0 0 0
cpu11 87388 0 39 32979 1 0 0 0 0 0
cpu12 87257 0 404 32757 1 0 4 0 0 0
cpu13 87389 0 33 33001 0 0 3 0 0 0
cpu14 87365 0 320 32703 15 0 7 0 0 0
cpu15 87328 0 98 32990 0 0 4 0 0 0
cpu16 87327 0 238 32830 0 0 12 0 0 0
cpu17 86926 0 419 32988 0 0 86 0 0 0
cpu18 87158 0 334 32922 0 0 0 0 0 0
cpu19 87388 0 33 33000 0 0 0 0 0 0
cpu20 87248 0 274 32895 0 0 2 0 0 0
cpu21 87390 0 34 32998 0 0 0 0 0 0
cpu22 87199 0 365 32826 0 0 22 0 0 0
cpu23 87390 0 38 32994 0 0 0 0 0 0
cpu24 87274 0 234 32827 41 0 6 0 0 0
cpu25 87357 0 69 32993 0 0 1 0 0 0
cpu26 87319 0 133 32962 0 0 2 0 0 0
cpu27 87324 0 89 32996 1 0 7 0 0 0
cpu28 87278 0 189 32937 0 0 6 0 0 0
cpu29 87388 0 42 32986 2 0 0 0 0 0
cpu30 87490 0 163 32749 0 0 7 0 0 0
cpu31 87377 0 49 32987 7 0 0 0 0 0
cpu32 87324 0 156 32934 0 0 0 0 0 0
cpu33 87320 0 95 32990 0 0 6 0 0 0
cpu34 87369 0 92 32950 0 0 0 0 0 0
cpu35 87388 0 35 32991 0 0 0 0 0 0
cpu36 87345 0 109 32956 0 0 2 0 0 0
cpu37 87388 0 39 32986 0 0 0 0 0 0
cpu38 87339 0 351 32699 0 0 7 0 0 0
cpu39 87140 0 232 32992 0 0 50 0 0 0
cpu40 87344 0 240 32819 0 0 1 0 0 0
cpu41 87308 0 112 32989 0 0 5 0 0 0
cpu42 87723 0 377 32275 1 0 8 0 0 0
cpu43 87390 0 39 32984 0 0 0 0 0 0
cpu44 87476 0 287 32636 1 0 1 0 0 0
cpu45 87384 0 42 32986 0 0 0 0 0 0
cpu46 87603 0 210 32579 2 0 6 0 0 0
cpu47 87276 0 144 32980 0 0 10 0 0 0
cpu48 87544 0 172 32694 0 0 1 0 0 0
cpu49 87298 0 111 32988 0 0 14 0 0 0
cpu50 87346 2 194 32853 0 0 6 0 0 0
cpu51 87355 0 41 32966 0 0 36 0 0 0
cpu52 87361 0 142 32902 0 0 0 0 0 0
cpu53 87388 0 38 32982 0 0 0 0 0 0
cpu54 87338 0 144 32911 0 0 6 0 0 0
cpu55 87390 0 40 32977 0 0 0 0 0 0
cpu56 87358 0 93 32945 0 0 0 0 0 0
cpu57 87370 0 55 32977 1 0 0 0 0 0
cpu58 87300 0 160 32937 0 0 2 0 0 0
cpu59 87143 0 239 32972 0 0 50 0 0 0
cpu60 87378 0 90 32935 0 0 1 0 0 0
cpu61 87385 0 42 32978 0 0 0 0 0 0
cpu62 87718 0 134 32549 0 0 4 0 0 0
cpu63 87386 0 53 32964 0 0 0 0 0 0
intr 16033905 82 0 0 0 634 0 0 0 1 0 282 0 0 0 0 0 0 0 0 0 0 0 0 0 0 0 0 0 0 0 0 0 0 0 0 0 0 0 992 11532 1477 52 142 6 0 4386 15 3906 7 4 5 1 20 1862 4886 3775 0 0 0 1 727 19 74 1348 0 0 0 0 4 717 129 5149 51 0 52 0 25 409 0 2807 1133 0 66 6 940 5614 2 2598 57 25435 495 4 0 0 12 450 313 3 2 2 40 60 0 0 0 0 0 0 0 0 0 0 0 0 0 0 0 0 0 95 30767 0 0 0 0 0 0 0 0 0 0 0 0 0 0 0 0 0 0 0 0 0 0 0 0 0 0 0 0 0 0 0 0 0 0 0 0 0 0 0 0 0 0 0 0 0 0 0 0 0 0 0 0 0 0 0 0 0 0 0 0 0 0 0 0 0 0 0 0 0 0 0 0 0 0 0 20 0 0 0 0 0 0 0 0 0 0 0 0 0 0 0 0 0 0 0 0 0 0 0 0 0 0 0 0 0 0 0 0 0 0 0 0 0 0 0 0 0 0 0 0 0 0 0 0 0 0 0 0 0 0 0 0 0 0 0 0 0 0 0 0 0 0 0 0 0 0 0 0 0 0 0 0 0 0 0 0 0 0 0 0 0 0 0 0 0 0 0 0 0 0 0 0 0 0 0 0 0 0 0 0 0 0 0 0 0 0 0 0 0 0 0 0 0 0 0 0 0 0 0 0 0 0 0 0 0 0 0 0 0 0 0 0 0 0 0 0 0 0 0 0 0 0 0 0 0 0 0 0 0 0 0 0 0 0 0 0 0 0 0 0 0 0 0 0 0 0 0 0 0 0 0 0 0 0 0 0 0 0 0 0 0 0 0 0 0 0 0 0 0 0 0 0 0 0 0 0 0 0 0 0 0 0 0 0 0 0 0 0 0 0 0 0 0 0 0 0 0 0 0 0 0 0 0 0 0 0 0 0 0 0 0 0 0 0 0 0 0 0 0 0 0 0 0 0 0 0 0 0 0 0 0 0 0 0 0 0 0 0 0 0 0 0 0 0 0 0 0 0 0 0 0 0 0 0 0 0 0 0 0 0 0 0 0 0 0 0 0 0 0 0 0 0 0 0 0 0 0 0 0 0 0 0 0 0 0 0 0 0 0 0 0 0 0 0 0 0 0 0 0 0 0 0 0 0 0 0 0 0 0 0 0 0 0 0 0 0 0 0 0 0 0 0 0 0 0 0 0 0 0 0 0 0 0 0 0 0 0 0 0 0 0 0 0 0 0 0 0 0 0 0 0 0 0 0 0 0 0 0 0 0 0 0 0 0 0 0 0 0 0 0 0 0 0 0 0 0 0 0 0 0 0 0 0 0 0 0 0 0 0 0 0 0 0 0 0 0 0 0 0 0 0 0 0 0 0 0 0 0 0 0 0 0 0 0 0 0 0 0 0 0 0 0 0 0 0 0 0 0 0 0 0 0 0 0 0 0 0 0 0 0 0 0 0 0 0 0 0 0 0 0 0 0 0 0 0 0 0 0 0 0 0 0 0 0 0 0 0 0 0 0 0 0 0 0 0 0 0 0 0 0 0 0 0 0 0 0 0 0 0 0 0 0 0 0 0 0 0 0 0 0 0 0 0 0 0 0 0 0 0 0 0 0 0 0 0 0 0 0 0 0 0 0 0 0 0 0 0 0 0 0 0 0 0 0 0 0 0 0 0 0 0 0 0 0 0 0 0 0 0 0 0 0 0 0 0 0 0 0 0 0 0 0 0 0 0 0 0 0 0 0 0 0 0 0 0 0 0 0 0 0 0 0 0 0 0 0 0 0 0 0 0 0 0 0 0 0 0 0 0 0 0 0 0 0 0 0 0 0 0 0 0 0 0 0 0 0 0 0 0 0 0 0 0 0 0 0 0 0 0 0 0 0 0 0 0 0 0 0 0 0 0 0 0 0 0 0 0 0 0 0 0 0 0 0 0 0 0 0 0 0 0 0 0 0 0 0 0 0 0 0 0 0 0 0 0 0 0 0 0 0 0 0 0 0 0 0 0 0 0 0 0 0 0 0 0 0 0 0 0 0 0 0 0 0 0 0 0 0 0 0 0 0 0 0 0 0 0 0 0 0 0 0 0 0 0 0 0 0 0 0 0 0 0 0 0 0 0 0 0 0 0 0 0 0 0 0 0 0 0 0 0 0 0 0 0 0 0 0 0 0 0 0 0 0 0 0 0 0 0 0 0 0 0 0 0 0 0 0 0 0 0 0 0 0 0 0 0 0 0 0 0 0 0 0 0 0 0 0 0 0 0 0 0 0 0 0 0 0 0 0 0 0 0 0 0 0 0 0 0 0 0 0 0 0 0 0 0 0 0 0 0 0 0 0 0 0 0 0 0 0 0 0 0 0 0 0 0 0 0 0 0 0 0 0 0 0 0 0 0 0 0 0 0 0 0 0 0 0 0 0 0 0 0 0 0 0 0 0 0 0 0 0 0 0 0 0 0 0 0 0 0 0 0 0 0 0 0 0 0 0 0 0 0 0 0 0 0 0 0 0 0 0 0 0 0 0 0 0 0 0 0 0 0 0 0 0 0 0 0 0 0 0 0 0 0 0 0 0 0 0 0 0 0 0 0 0 0 0 0 0 0 0 0 0 0 0 0 0 0 0 0 0 0 0 0 0 0 0 0 0 0 0 0 0 0 0 0 0 0 0 0 0 0 0 0 0 0 0 0 0 0 0 0 0 0 0 0 0 0 0 0 0 0 0 0 0 0 0 0 0 0 0 0 0 0 0 0 0 0 0 0 0 0 0 0 0 0 0 0 0 0 0 0 0 0 0 0 0 0 0 0 0 0 0 0 0 0 0 0 0 0 0 0 0 0 0 0 0 0 0 0 0 0 0 0 0 0 0 0 0 0 0 0 0 0 0 0 0 0 0 0 0 0 0 0 0 0 0 0 0 0 0 0 0 0 0 0 0 0 0 0 0 0 0 0 0 0 0 0 0 0 0 0 0 0 0 0 0 0 0 0 0 0 0 0 0 0 0 0 0 0 0 0 0 0 0 0 0 0 0 0 0 0 0 0 0 0 0 0 0 0 0 0 0 0 0 0 0 0 0 0 0 0 0 0 0 0 0 0 0 0 0 0 0 0 0 0 0 0 0 0 0 0 0 0 0 0 0 0 0 0 0 0 0 0 0 0 0 0 0 0 0 0 0 0 0 0 0 0 0 0 0 0 0 0 0 0 0 0 0 0 0 0 0 0 0 0 0 0 0 0 0 0 0 0 0 0 0 0 0 0 0 0 0 0 0 0 0 0 0 0 0 0 0 0 0 0 0 0 0 0 0 0 0 0 0 0 0 0 0 0 0 0 0 0 0 0 0 0 0 0 0 0 0 0 0 0 0 0 0 0 0 0 0 0 0 0 0 0 0 0 0 0 0 0 0 0 0 0 0 0 0 0 0 0 0 0 0 0 0 0 0 0 0 0 0 0 0 0 0 0 0 0 0 0 0 0 0 0 0 0 0 0 0 0 0 0 0 0 0 0 0 0 0 0 0 0 0 0 0 0 0 0 0 0 0 0 0 0 0 0 0 0 0 0 0 0 0 0 0 0 0 0 0 0 0 0 0 0 0 0 0 0 0 0 0 0 0 0 0 0 0 0 0 0 0 0 0 0 0 0 0 0 0 0 0 0 0 0 0 0 0 0 0 0 0 0 0 0 0 0 0 0 0 0 0 0 0 0 0 0 0 0 0 0 0 0 0 0 0 0 0 0 0 0 0 0 0 0 0 0 0 0 0 0 0 0 0 0 0 0 0 0 0 0 0 0 0 0 0 0 0 0 0 0 0 0 0 0 0 0 0 0 0 0 0 0 0 0 0 0 0 0 0 0 0 0 0 0 0 0 0 0 0 0 0 0 0 0 0 0 0 0 0 0 0 0 0 0 0 0 0 0 0 0 0 0 0 0 0 0 0 0 0 0 0 0 0 0 0 0 0 0 0 0 0 0 0 0 0 0 0 0 0 0 0 0 0 0 0 0 0 0 0 0 0 0 0 0 0 0 0 0 0 0 0 0 0 0 0 0 0 0 0 0 0 0 0 0 0 0 0 0 0 0 0 0 0 0 0 0 0 0 0 0 0 0 0 0 0 0 0 0 0 0 0 0 0 0 0 0 0 0 0 0 0 0 0 0 0 0 0 0 0 0 0 0 0 0 0 0 0 0 0 0 0 0 0 0 0 0 0 0 0 0 0 0 0 0 0 0 0 0 0 0 0 0 0 0 0 0 0 0 0 0 0 0 0 0 0 0 0 0 0 0 0 0 0 0 0 0 0 0 0 0 0 0 0 0 0 0 0 0 0 0 0 0 0 0 0 0 0 0 0 0 0 0 0 0 0 0 0 0 0 0 0 0 0 0 0 0 0 0 0 0 0 0 0 0 0 0 0 0 0 0 0 0 0 0 0 0 0 0 0 0 0 0 0 0 0 0 0 0 0 0 0 0 0 0 0 0 0 0 0 0 0 0 0 0 0 0 0 0 0 0 0 0 0 0 0 0 0 0 0 0 0 0 0 0 0 0 0 0 0 0 0 0 0 0 0 0 0 0 0 0 0 0 0 0 0 0 0 0 0 0 0 0 0 0 0 0 0 0 0 0 0 0 0 0 0 0 0 0 0 0 0 0 0 0 0 0 0 0 0 0 0 0 0 0 0 0 0 0 0 0 0 0 0 0 0 0 0 0 0 0 0 0 0 0 0 0 0 0 0 0 0 0 0 0 0 0 0 0 0 0 0 0 0 0 0 0 0 0 0 0 0 0 0 0 0 0 0 0 0 0 0 0 0 0 0 0 0 0 0 0 0 0 0 0 0 0 0 0 0 0 0 0 0 0 0 0 0 0 0 0 0 0 0 0 0 0 0 0 0 0 0 0 0 0 0 0 0 0 0 0 0 0 0 0 0 0 0 0 0 0 0 0 0 0 0 0 0 0 0 0 0 0 0 0 0 0 0 0 0 0 0 0 0 0 0 0 0 0 0 0 0 0 0 0 0 0 0 0 0 0 0 0 0 0 0 0 0 0 0 0 0 0 0 0 0 0 0 0 0 0 0 0 0 0 0 0 0 0 0 0 0 0 0 0 0 0 0 0 0 0 0 0 0 0 0 0 0 0 0 0
ctxt 2594123
btime 1613144793
processes 58897
procs_running 1
procs_blocked 0
softirq 18933405 1 11057622 903 467751 0 0 143 642865 0 6764120
