cpu  1661572 5 5151 7920046 128 0 300 0 0 0
cpu0 25935 0 295 123321 0 0 147 0 0 0
cpu1 25848 0 122 123827 2 0 63 0 0 0
cpu2 25905 0 179 123725 0 0 2 0 0 0
cpu3 25912 0 76 123835 7 0 2 0 0 0
cpu4 25801 0 252 123676 0 0 3 0 0 0
cpu5 25879 0 81 123853 0 0 8 0 0 0
cpu6 26015 0 147 123652 0 0 0 0 0 0
cpu7 25930 0 37 123852 0 0 0 0 0 0
cpu8 25976 0 194 123635 0 0 0 0 0 0
cpu9 25863 0 88 123856 0 0 10 0 0 0
cpu10 26004 0 171 123633 0 0 0 0 0 0
cpu11 25916 0 56 123846 0 0 0 0 0 0
cpu12 26005 0 88 123725 0 0 0 0 0 0
cpu13 25920 0 42 123857 0 0 0 0 0 0
cpu14 25976 0 73 123762 2 0 0 0 0 0
cpu15 25934 0 39 123845 0 0 0 0 0 0
cpu16 25974 0 99 123727 3 0 0 0 0 0
cpu17 25934 0 31 123841 0 0 0 0 0 0
cpu18 26133 0 98 123575 4 0 1 0 0 0
cpu19 25934 0 28 123850 0 0 0 0 0 0
cpu20 26061 0 141 123490 59 0 11 0 0 0
cpu21 25936 0 39 123842 0 0 0 0 0 0
cpu22 25947 0 76 123781 1 0 1 0 0 0
cpu23 25935 0 31 123847 0 0 0 0 0 0
cpu24 25949 1 47 123815 0 0 0 0 0 0
cpu25 25931 0 43 123839 0 0 0 0 0 0
cpu26 25937 0 74 123795 0 0 0 0 0 0
cpu27 25936 0 34 123840 0 0 0 0 0 0
cpu28 26031 0 62 123717 0 0 0 0 0 0
cpu29 25924 0 47 123843 0 0 0 0 0 0
cpu30 26018 0 62 123724 1 0 0 0 0 0
cpu31 25928 0 41 123837 1 0 0 0 0 0
cpu32 26007 0 114 123684 0 0 0 0 0 0
cpu33 25911 0 60 123834 0 0 0 0 0 0
cpu34 25909 0 118 123766 0 0 1 0 0 0
cpu35 25925 0 39 123846 0 0 1 0 0 0
cpu36 25920 0 129 123725 0 0 4 0 0 0
cpu37 25926 0 37 123844 0 0 0 0 0 0
cpu38 26018 0 114 123670 2 0 2 0 0 0
cpu39 25930 0 36 123836 0 0 0 0 0 0
cpu40 25999 0 150 123654 0 0 0 0 0 0
cpu41 25928 0 43 123835 1 0 0 0 0 0
cpu42 26582 0 273 122921 14 0 0 0 0 0
cpu43 25928 0 36 123838 1 0 0 0 0 0
cpu44 26005 0 74 123728 0 0 0 0 0 0
cpu45 25934 0 34 123839 1 0 0 0 0 0
cpu46 26040 0 101 123647 2 0 0 0 0 0
cpu47 25935 0 39 123831 1 0 0 0 0 0
cpu48 25945 0 58 123790 0 0 0 0 0 0
cpu49 25936 0 30 123839 0 0 0 0 0 0
cpu50 26236 1 76 123456 0 0 6 0 0 0
cpu51 25936 0 36 123829 0 0 0 0 0 0
cpu52 25964 0 41 123792 0 0 0 0 0 0
cpu53 25936 0 37 123822 0 0 0 0 0 0
cpu54 25942 0 56 123798 0 0 0 0 0 0
cpu55 25937 0 34 123830 0 0 0 0 0 0
cpu56 25954 0 50 123796 0 0 0 0 0 0
cpu57 25932 0 32 123838 0 0 0 0 0 0
cpu58 25951 0 40 123810 3 0 0 0 0 0
cpu59 25933 0 32 123836 0 0 0 0 0 0
cpu60 26011 0 46 123737 0 0 0 0 0 0
cpu61 25791 0 160 123823 0 0 25 0 0 0
cpu62 25982 0 66 123446 0 0 0 0 0 0
cpu63 25938 0 47 123813 0 0 0 0 0 0
intr 5273797 83 0 0 0 622 0 0 0 1 0 285 0 0 0 0 0 0 0 0 0 0 0 0 0 0 0 0 0 0 0 0 0 0 0 0 0 0 0 742 108 396 560 460 153 157 0 250 1713 2 0 3 0 211 1 1233 0 1503 0 17323 0 3155 0 15 0 17 0 0 2 25 0 6 0 344 0 200 0 972 0 586 0 3 2 0 0 2 41 278 89 12000 703 3 10 12 3 1 0 30 0 0 1 2 0 0 0 0 0 0 0 0 0 0 0 0 0 0 0 0 0 0 29866 93 0 0 0 0 0 0 0 0 0 0 0 0 0 0 0 0 0 0 0 0 0 0 0 0 0 0 0 0 0 0 0 0 0 0 0 0 0 0 0 0 0 0 0 0 0 0 0 0 0 0 0 0 0 0 0 0 0 0 0 0 0 0 0 0 0 0 0 0 0 0 0 0 0 0 0 25 0 0 0 0 0 0 0 0 0 0 0 0 0 0 0 0 0 0 0 0 0 0 0 0 0 0 0 0 0 0 0 0 0 0 0 0 0 0 0 0 0 0 0 0 0 0 0 0 0 0 0 0 0 0 0 0 0 0 0 0 0 0 0 0 0 0 0 0 0 0 0 0 0 0 0 0 0 0 0 0 0 0 0 0 0 0 0 0 0 0 0 0 0 0 0 0 0 0 0 0 0 0 0 0 0 0 0 0 0 0 0 0 0 0 0 0 0 0 0 0 0 0 0 0 0 0 0 0 0 0 0 0 0 0 0 0 0 0 0 0 0 0 0 0 0 0 0 0 0 0 0 0 0 0 0 0 0 0 0 0 0 0 0 0 0 0 0 0 0 0 0 0 0 0 0 0 0 0 0 0 0 0 0 0 0 0 0 0 0 0 0 0 0 0 0 0 0 0 0 0 0 0 0 0 0 0 0 0 0 0 0 0 0 0 0 0 0 0 0 0 0 0 0 0 0 0 0 0 0 0 0 0 0 0 0 0 0 0 0 0 0 0 0 0 0 0 0 0 0 0 0 0 0 0 0 0 0 0 0 0 0 0 0 0 0 0 0 0 0 0 0 0 0 0 0 0 0 0 0 0 0 0 0 0 0 0 0 0 0 0 0 0 0 0 0 0 0 0 0 0 0 0 0 0 0 0 0 0 0 0 0 0 0 0 0 0 0 0 0 0 0 0 0 0 0 0 0 0 0 0 0 0 0 0 0 0 0 0 0 0 0 0 0 0 0 0 0 0 0 0 0 0 0 0 0 0 0 0 0 0 0 0 0 0 0 0 0 0 0 0 0 0 0 0 0 0 0 0 0 0 0 0 0 0 0 0 0 0 0 0 0 0 0 0 0 0 0 0 0 0 0 0 0 0 0 0 0 0 0 0 0 0 0 0 0 0 0 0 0 0 0 0 0 0 0 0 0 0 0 0 0 0 0 0 0 0 0 0 0 0 0 0 0 0 0 0 0 0 0 0 0 0 0 0 0 0 0 0 0 0 0 0 0 0 0 0 0 0 0 0 0 0 0 0 0 0 0 0 0 0 0 0 0 0 0 0 0 0 0 0 0 0 0 0 0 0 0 0 0 0 0 0 0 0 0 0 0 0 0 0 0 0 0 0 0 0 0 0 0 0 0 0 0 0 0 0 0 0 0 0 0 0 0 0 0 0 0 0 0 0 0 0 0 0 0 0 0 0 0 0 0 0 0 0 0 0 0 0 0 0 0 0 0 0 0 0 0 0 0 0 0 0 0 0 0 0 0 0 0 0 0 0 0 0 0 0 0 0 0 0 0 0 0 0 0 0 0 0 0 0 0 0 0 0 0 0 0 0 0 0 0 0 0 0 0 0 0 0 0 0 0 0 0 0 0 0 0 0 0 0 0 0 0 0 0 0 0 0 0 0 0 0 0 0 0 0 0 0 0 0 0 0 0 0 0 0 0 0 0 0 0 0 0 0 0 0 0 0 0 0 0 0 0 0 0 0 0 0 0 0 0 0 0 0 0 0 0 0 0 0 0 0 0 0 0 0 0 0 0 0 0 0 0 0 0 0 0 0 0 0 0 0 0 0 0 0 0 0 0 0 0 0 0 0 0 0 0 0 0 0 0 0 0 0 0 0 0 0 0 0 0 0 0 0 0 0 0 0 0 0 0 0 0 0 0 0 0 0 0 0 0 0 0 0 0 0 0 0 0 0 0 0 0 0 0 0 0 0 0 0 0 0 0 0 0 0 0 0 0 0 0 0 0 0 0 0 0 0 0 0 0 0 0 0 0 0 0 0 0 0 0 0 0 0 0 0 0 0 0 0 0 0 0 0 0 0 0 0 0 0 0 0 0 0 0 0 0 0 0 0 0 0 0 0 0 0 0 0 0 0 0 0 0 0 0 0 0 0 0 0 0 0 0 0 0 0 0 0 0 0 0 0 0 0 0 0 0 0 0 0 0 0 0 0 0 0 0 0 0 0 0 0 0 0 0 0 0 0 0 0 0 0 0 0 0 0 0 0 0 0 0 0 0 0 0 0 0 0 0 0 0 0 0 0 0 0 0 0 0 0 0 0 0 0 0 0 0 0 0 0 0 0 0 0 0 0 0 0 0 0 0 0 0 0 0 0 0 0 0 0 0 0 0 0 0 0 0 0 0 0 0 0 0 0 0 0 0 0 0 0 0 0 0 0 0 0 0 0 0 0 0 0 0 0 0 0 0 0 0 0 0 0 0 0 0 0 0 0 0 0 0 0 0 0 0 0 0 0 0 0 0 0 0 0 0 0 0 0 0 0 0 0 0 0 0 0 0 0 0 0 0 0 0 0 0 0 0 0 0 0 0 0 0 0 0 0 0 0 0 0 0 0 0 0 0 0 0 0 0 0 0 0 0 0 0 0 0 0 0 0 0 0 0 0 0 0 0 0 0 0 0 0 0 0 0 0 0 0 0 0 0 0 0 0 0 0 0 0 0 0 0 0 0 0 0 0 0 0 0 0 0 0 0 0 0 0 0 0 0 0 0 0 0 0 0 0 0 0 0 0 0 0 0 0 0 0 0 0 0 0 0 0 0 0 0 0 0 0 0 0 0 0 0 0 0 0 0 0 0 0 0 0 0 0 0 0 0 0 0 0 0 0 0 0 0 0 0 0 0 0 0 0 0 0 0 0 0 0 0 0 0 0 0 0 0 0 0 0 0 0 0 0 0 0 0 0 0 0 0 0 0 0 0 0 0 0 0 0 0 0 0 0 0 0 0 0 0 0 0 0 0 0 0 0 0 0 0 0 0 0 0 0 0 0 0 0 0 0 0 0 0 0 0 0 0 0 0 0 0 0 0 0 0 0 0 0 0 0 0 0 0 0 0 0 0 0 0 0 0 0 0 0 0 0 0 0 0 0 0 0 0 0 0 0 0 0 0 0 0 0 0 0 0 0 0 0 0 0 0 0 0 0 0 0 0 0 0 0 0 0 0 0 0 0 0 0 0 0 0 0 0 0 0 0 0 0 0 0 0 0 0 0 0 0 0 0 0 0 0 0 0 0 0 0 0 0 0 0 0 0 0 0 0 0 0 0 0 0 0 0 0 0 0 0 0 0 0 0 0 0 0 0 0 0 0 0 0 0 0 0 0 0 0 0 0 0 0 0 0 0 0 0 0 0 0 0 0 0 0 0 0 0 0 0 0 0 0 0 0 0 0 0 0 0 0 0 0 0 0 0 0 0 0 0 0 0 0 0 0 0 0 0 0 0 0 0 0 0 0 0 0 0 0 0 0 0 0 0 0 0 0 0 0 0 0 0 0 0 0 0 0 0 0 0 0 0 0 0 0 0 0 0 0 0 0 0 0 0 0 0 0 0 0 0 0 0 0 0 0 0 0 0 0 0 0 0 0 0 0 0 0 0 0 0 0 0 0 0 0 0 0 0 0 0 0 0 0 0 0 0 0 0 0 0 0 0 0 0 0 0 0 0 0 0 0 0 0 0 0 0 0 0 0 0 0 0 0 0 0 0 0 0 0 0 0 0 0 0 0 0 0 0 0 0 0 0 0 0 0 0 0 0 0 0 0 0 0 0 0 0 0 0 0 0 0 0 0 0 0 0 0 0 0 0 0 0 0 0 0 0 0 0 0 0 0 0 0 0 0 0 0 0 0 0 0 0 0 0 0 0 0 0 0 0 0 0 0 0 0 0 0 0 0 0 0 0 0 0 0 0 0 0 0 0 0 0 0 0 0 0 0 0 0 0 0 0 0 0 0 0 0 0 0 0 0 0 0 0 0 0 0 0 0 0 0 0 0 0 0 0 0 0 0 0 0 0 0 0 0 0 0 0 0 0 0 0 0 0 0 0 0 0 0 0 0 0 0 0 0 0 0 0 0 0 0 0 0 0 0 0 0 0 0 0 0 0 0 0 0 0 0 0 0 0 0 0 0 0 0 0 0 0 0 0 0 0 0 0 0 0 0 0 0 0 0 0 0 0 0 0 0 0 0 0 0 0 0 0 0 0 0 0 0 0 0 0 0 0 0 0 0 0 0 0 0 0 0 0 0 0 0 0 0 0 0 0 0 0 0 0 0 0 0 0 0 0 0 0 0 0 0 0 0 0 0 0 0 0 0 0 0 0 0 0 0 0 0 0 0 0 0 0 0 0 0 0 0 0 0 0 0 0 0 0 0 0 0 0 0 0 0 0 0 0 0 0 0 0 0 0 0 0 0 0 0 0 0 0 0 0 0 0 0 0 0 0 0 0 0 0 0 0 0 0 0 0 0 0 0 0 0 0 0 0 0 0 0 0 0 0 0 0 0 0 0 0 0 0 0 0 0 0 0 0 0 0 0 0 0 0 0 0 0 0 0 0 0 0 0 0 0 0 0 0 0 0 0 0 0 0 0 0 0 0 0 0 0 0 0 0 0 0 0 0 0 0 0 0 0 0 0 0 0 0 0 0 0 0 0 0 0 0 0 0 0 0 0 0 0 0 0 0 0 0 0 0 0 0 0 0 0 0 0 0 0 0 0 0 0 0 0 0 0 0 0 0 0 0 0 0 0 0 0 0 0 0 0 0 0 0 0 0 0 0 0 0 0 0 0 0 0 0 0 0 0 0 0 0 0 0 0 0 0 0 0 0 0 0 0 0 0 0 0 0 0 0 0 0 0 0 0 0 0 0 0 0 0 0 0 0 0 0 0 0 0 0 0 0 0
ctxt 1350449
btime 1613123984
processes 28246
procs_running 1
procs_blocked 0
softirq 6150910 1 3585164 984 203133 0 0 138 319311 0 2042179
