cpu  14164029 4 20196 6765939 417 0 2367 0 0 0
cpu0 393650 1 779 187308 0 0 283 0 0 0
cpu1 393355 0 678 187916 1 0 52 0 0 0
cpu2 393754 0 777 187368 79 0 36 0 0 0
cpu3 393324 0 539 188135 1 0 30 0 0 0
cpu4 393284 0 604 188125 0 0 20 0 0 0
cpu5 393410 0 378 188225 0 0 25 0 0 0
cpu6 393564 0 457 187903 72 0 30 0 0 0
cpu7 393456 0 488 188042 3 0 29 0 0 0
cpu8 393560 0 483 187962 6 0 16 0 0 0
cpu9 393498 0 441 188044 1 0 46 0 0 0
cpu10 393490 0 420 188097 5 0 22 0 0 0
cpu11 393372 0 527 188084 2 0 44 0 0 0
cpu12 392351 0 1465 188002 4 0 196 0 0 0
cpu13 393220 0 756 187999 1 0 37 0 0 0
cpu14 393586 0 709 187674 8 0 52 0 0 0
cpu15 393404 0 590 188008 2 0 21 0 0 0
cpu16 393868 0 813 187292 0 0 60 0 0 0
cpu17 393380 0 497 188099 22 0 20 0 0 0
cpu18 393832 0 452 187717 13 0 14 0 0 0
cpu19 393684 0 424 187897 9 0 18 0 0 0
cpu20 393502 0 479 187984 45 0 10 0 0 0
cpu21 393565 0 344 188101 10 0 4 0 0 0
cpu22 393477 0 445 188042 50 0 10 0 0 0
cpu23 393604 0 301 188110 4 0 8 0 0 0
cpu24 393669 0 274 188078 1 0 4 0 0 0
cpu25 393554 0 346 188116 1 0 6 0 0 0
cpu26 393376 0 581 188009 13 0 48 0 0 0
cpu27 392832 0 832 188138 4 0 216 0 0 0
cpu28 393662 0 274 188074 4 0 10 0 0 0
cpu29 391699 0 1396 188042 2 0 877 0 0 0
cpu30 393764 0 319 187930 3 0 4 0 0 0
cpu31 393387 0 602 187967 14 0 59 0 0 0
cpu32 393579 0 370 188077 1 0 5 0 0 0
cpu33 393909 0 390 187713 2 0 7 0 0 0
cpu34 393378 0 527 188077 8 0 26 0 0 0
cpu35 394018 0 422 187566 7 0 7 0 0 0
intr 39288364 56 0 0 0 611 0 0 0 1 0 250 0 0 0 0 0 0 0 0 0 0 0 0 0 0 0 0 0 0 0 0 93 172 95 9804 102 3110 50 3148 425 308 158 419 195 840 540 362 345 210 541 2542 551 3404 874 1816 306 0 0 0 0 68 87 357 350 356 1025 171 962 85 108 382 616 0 0 16 12540 2289 0 11245 852 864 354 1575 706 307 939 1216 512 766 1539 42594 10916 1705 666 1834 234 872 877 561 279 1451 390 299 733 2430 927 1553 97975 211 579 477 523 4496 1897 0 16 7649 1 0 0 0 0 0 0 0 0 0 0 0 0 0 0 0 0 0 0 0 0 0 0 0 0 0 0 0 0 0 0 0 0 0 0 0 0 0 25 0 0 0 0 0 0 0 0 0 0 0 0 0 0 0 0 0 0 0 0 0 0 0 0 0 0 0 0 0 0 0 0 0 0 0 0 0 0 0 0 0 0 0 0 0 0 0 0 0 0 0 0 0 0 0 0 0 0 0 0 0 0 0 0 0 0 0 0 0 0 0 0 0 0 0 0 0 0 0 0 0 0 0 0 0 0 0 0 0 0 0 0 0 0 0 0 0 0 0 0 0 0 0 0 0 0 0 0 0 0 0 0 0 0 0 0 0 0 0 0 0 0 0 0 0 0 0 0 0 0 0 0 0 0 0 0 0 0 0 0 0 0 0 0 0 0 0 0 0 0 0 0 0 0 0 0 0 0 0 0 0 0 0 0 0 0 0 0 0 0 0 0 0 0 0 0 0 0 0 0 0 0 0 0 0 0 0 0 0 0 0 0 0 0 0 0 0 0 0 0 0 0 0 0 0 0 0 0 0 0 0 0 0 0 0 0 0 0 0 0 0 0 0 0 0 0 0 0 0 0 0 0 0 0 0 0 0 0 0 0 0 0 0 0 0 0 0 0 0 0 0 0 0 0 0 0 0 0 0 0 0 0 0 0 0 0 0 0 0 0 0 0 0 0 0 0 0 0 0 0 0 0 0 0 0 0 0 0 0 0 0 0 0 0 0 0 0 0 0 0 0 0 0 0 0 0 0 0 0 0 0 0 0 0 0 0 0 0 0 0 0 0 0 0 0 0 0 0 0 0 0 0 0 0 0 0 0 0 0 0 0 0 0 0 0 0 0 0 0 0 0 0 0 0 0 0 0 0 0 0 0 0 0 0 0 0 0 0 0 0 0 0 0 0 0 0 0 0 0 0 0 0 0 0 0 0 0 0 0 0 0 0 0 0 0 0 0 0 0 0 0 0 0 0 0 0 0 0 0 0 0 0 0 0 0 0 0 0 0 0 0 0 0 0 0 0 0 0 0 0 0 0 0 0 0 0 0 0 0 0 0 0 0 0 0 0 0 0 0 0 0 0 0 0 0 0 0 0 0 0 0 0 0 0 0 0 0 0 0 0 0 0 0 0 0 0 0 0 0 0 0 0 0 0 0 0 0 0 0 0 0 0 0 0 0 0 0 0 0 0 0 0 0 0 0 0 0 0 0 0 0 0 0 0 0 0 0 0 0 0 0 0 0 0 0 0 0 0 0 0 0 0 0 0 0 0 0 0 0 0 0 0 0 0 0 0 0 0 0 0 0 0 0 0 0 0 0 0 0 0 0 0 0 0 0 0 0 0 0 0 0 0 0 0 0 0 0 0 0 0 0 0 0 0 0 0 0 0 0 0 0 0 0 0 0 0 0 0 0 0 0 0 0 0 0 0 0 0 0 0 0 0 0 0 0 0 0 0 0 0 0 0 0 0 0 0 0 0 0 0 0 0 0 0 0 0 0 0 0 0 0 0 0 0 0 0 0 0 0 0 0 0 0 0 0 0 0 0 0 0 0 0 0 0 0 0 0 0 0 0 0 0 0 0 0 0 0 0 0 0 0 0 0 0 0 0 0 0 0 0 0 0 0 0 0 0 0 0 0 0 0 0 0 0 0 0 0 0 0 0 0 0 0 0 0 0 0 0 0 0 0 0 0 0 0 0 0 0 0 0 0 0 0 0 0 0 0 0 0 0 0 0 0 0 0 0 0 0 0 0 0 0 0 0 0 0 0 0 0 0 0 0 0 0 0 0 0 0 0 0 0 0 0 0 0 0 0 0 0 0 0 0 0 0 0 0 0 0 0 0 0 0 0 0 0 0 0 0 0 0 0 0 0 0 0 0 0 0 0 0 0 0 0 0 0 0 0 0 0 0 0 0 0 0 0 0 0 0 0 0 0 0 0 0 0 0 0 0 0 0 0 0 0 0 0 0 0 0 0 0 0 0 0 0 0 0 0 0 0 0 0 0 0 0 0 0 0 0 0 0 0 0 0 0 0 0 0 0 0 0 0 0 0 0 0 0 0 0 0 0 0 0 0 0 0 0 0 0 0 0 0 0 0 0 0 0 0 0 0 0 0 0 0 0 0 0 0 0 0 0 0 0 0 0 0 0 0 0 0 0 0 0 0 0 0 0 0 0 0 0 0 0 0 0 0 0 0 0 0 0 0 0 0 0 0 0 0 0 0 0 0 0 0 0 0 0 0 0 0 0 0 0 0 0 0 0 0 0 0 0 0 0 0 0 0 0 0 0 0 0 0 0 0 0 0 0 0 0 0 0 0 0 0 0 0 0 0 0 0 0 0 0 0 0 0 0 0 0 0 0 0 0 0 0 0 0 0 0 0 0 0 0 0 0 0 0 0 0 0 0 0 0 0 0 0 0 0 0 0 0 0 0 0 0 0 0 0 0 0 0 0 0 0 0 0 0 0 0 0 0 0 0 0 0 0 0 0 0 0 0 0 0 0 0 0 0 0 0 0 0 0 0 0 0 0 0 0 0 0 0
ctxt 10554312
btime 1613124388
processes 262729
procs_running 1
procs_blocked 0
softirq 51912508 1 30347037 507 1963445 0 0 193139 1382888 0 18025491
