cpu  290 4 1732 5625413 83 0 39 0 0 0
cpu0 2 0 136 156002 1 0 29 0 0 0
cpu1 10 0 34 156282 0 0 8 0 0 0
cpu2 2 0 36 156295 0 0 0 0 0 0
cpu3 14 0 121 156166 0 0 0 0 0 0
cpu4 4 0 129 156176 1 0 0 0 0 0
cpu5 5 0 81 156234 2 0 0 0 0 0
cpu6 6 0 43 156275 2 0 0 0 0 0
cpu7 5 0 40 156281 2 0 0 0 0 0
cpu8 7 0 39 156283 0 0 0 0 0 0
cpu9 7 0 43 156281 0 0 0 0 0 0
cpu10 8 0 37 156279 2 0 0 0 0 0
cpu11 5 0 38 156287 2 0 0 0 0 0
cpu12 10 0 42 156270 1 0 0 0 0 0
cpu13 6 0 53 156269 1 0 0 0 0 0
cpu14 15 0 59 156253 1 0 0 0 0 0
cpu15 3 0 40 156285 1 0 0 0 0 0
cpu16 8 0 42 156273 0 0 0 0 0 0
cpu17 4 0 31 156288 4 0 0 0 0 0
cpu18 8 0 35 156281 1 0 0 0 0 0
cpu19 8 0 46 156269 1 0 0 0 0 0
cpu20 9 0 43 156273 3 0 0 0 0 0
cpu21 5 0 35 156283 1 0 0 0 0 0
cpu22 6 0 32 156288 1 0 0 0 0 0
cpu23 5 0 41 156280 1 0 0 0 0 0
cpu24 27 0 49 156227 10 0 0 0 0 0
cpu25 10 0 37 156276 2 0 0 0 0 0
cpu26 3 0 37 156282 1 0 0 0 0 0
cpu27 4 0 34 156285 0 0 0 0 0 0
cpu28 4 0 31 156285 0 0 0 0 0 0
cpu29 2 0 39 156281 0 0 0 0 0 0
cpu30 24 0 40 156243 0 0 0 0 0 0
cpu31 6 3 34 156274 6 0 0 0 0 0
cpu32 22 0 30 156268 6 0 0 0 0 0
cpu33 3 0 32 156284 0 0 0 0 0 0
cpu34 2 0 42 156260 14 0 0 0 0 0
cpu35 5 0 38 156280 0 0 0 0 0 0
intr 224117 56 0 0 0 610 0 0 0 1 0 275 0 0 0 0 0 0 0 0 0 0 0 0 0 0 0 0 0 0 0 0 0 94 171 24 5 50 271 179 85 67 28 66 82 134 156 67 26 33 18 300 47 91 131 12 46 0 0 0 0 32 931 174 26 14 11 127 63 624 355 59 155 43 0 16 8317 1 0 2799 30 1 1 1 3 1 48 1 7 3 2 1 30 1 70 6 1 98 2 2 1 1 11 106 1 1 1 5 27 1 45 1 3 2 1 0 16 7605 1 0 0 0 0 0 0 0 0 0 0 0 0 0 0 0 0 0 0 0 0 0 0 0 0 0 0 0 0 0 0 0 0 0 0 0 0 0 24 0 0 0 0 0 0 0 0 0 0 0 0 0 0 0 0 0 0 0 0 0 0 0 0 0 0 0 0 0 0 0 0 0 0 0 0 0 0 0 0 0 0 0 0 0 0 0 0 0 0 0 0 0 0 0 0 0 0 0 0 0 0 0 0 0 0 0 0 0 0 0 0 0 0 0 0 0 0 0 0 0 0 0 0 0 0 0 0 0 0 0 0 0 0 0 0 0 0 0 0 0 0 0 0 0 0 0 0 0 0 0 0 0 0 0 0 0 0 0 0 0 0 0 0 0 0 0 0 0 0 0 0 0 0 0 0 0 0 0 0 0 0 0 0 0 0 0 0 0 0 0 0 0 0 0 0 0 0 0 0 0 0 0 0 0 0 0 0 0 0 0 0 0 0 0 0 0 0 0 0 0 0 0 0 0 0 0 0 0 0 0 0 0 0 0 0 0 0 0 0 0 0 0 0 0 0 0 0 0 0 0 0 0 0 0 0 0 0 0 0 0 0 0 0 0 0 0 0 0 0 0 0 0 0 0 0 0 0 0 0 0 0 0 0 0 0 0 0 0 0 0 0 0 0 0 0 0 0 0 0 0 0 0 0 0 0 0 0 0 0 0 0 0 0 0 0 0 0 0 0 0 0 0 0 0 0 0 0 0 0 0 0 0 0 0 0 0 0 0 0 0 0 0 0 0 0 0 0 0 0 0 0 0 0 0 0 0 0 0 0 0 0 0 0 0 0 0 0 0 0 0 0 0 0 0 0 0 0 0 0 0 0 0 0 0 0 0 0 0 0 0 0 0 0 0 0 0 0 0 0 0 0 0 0 0 0 0 0 0 0 0 0 0 0 0 0 0 0 0 0 0 0 0 0 0 0 0 0 0 0 0 0 0 0 0 0 0 0 0 0 0 0 0 0 0 0 0 0 0 0 0 0 0 0 0 0 0 0 0 0 0 0 0 0 0 0 0 0 0 0 0 0 0 0 0 0 0 0 0 0 0 0 0 0 0 0 0 0 0 0 0 0 0 0 0 0 0 0 0 0 0 0 0 0 0 0 0 0 0 0 0 0 0 0 0 0 0 0 0 0 0 0 0 0 0 0 0 0 0 0 0 0 0 0 0 0 0 0 0 0 0 0 0 0 0 0 0 0 0 0 0 0 0 0 0 0 0 0 0 0 0 0 0 0 0 0 0 0 0 0 0 0 0 0 0 0 0 0 0 0 0 0 0 0 0 0 0 0 0 0 0 0 0 0 0 0 0 0 0 0 0 0 0 0 0 0 0 0 0 0 0 0 0 0 0 0 0 0 0 0 0 0 0 0 0 0 0 0 0 0 0 0 0 0 0 0 0 0 0 0 0 0 0 0 0 0 0 0 0 0 0 0 0 0 0 0 0 0 0 0 0 0 0 0 0 0 0 0 0 0 0 0 0 0 0 0 0 0 0 0 0 0 0 0 0 0 0 0 0 0 0 0 0 0 0 0 0 0 0 0 0 0 0 0 0 0 0 0 0 0 0 0 0 0 0 0 0 0 0 0 0 0 0 0 0 0 0 0 0 0 0 0 0 0 0 0 0 0 0 0 0 0 0 0 0 0 0 0 0 0 0 0 0 0 0 0 0 0 0 0 0 0 0 0 0 0 0 0 0 0 0 0 0 0 0 0 0 0 0 0 0 0 0 0 0 0 0 0 0 0 0 0 0 0 0 0 0 0 0 0 0 0 0 0 0 0 0 0 0 0 0 0 0 0 0 0 0 0 0 0 0 0 0 0 0 0 0 0 0 0 0 0 0 0 0 0 0 0 0 0 0 0 0 0 0 0 0 0 0 0 0 0 0 0 0 0 0 0 0 0 0 0 0 0 0 0 0 0 0 0 0 0 0 0 0 0 0 0 0 0 0 0 0 0 0 0 0 0 0 0 0 0 0 0 0 0 0 0 0 0 0 0 0 0 0 0 0 0 0 0 0 0 0 0 0 0 0 0 0 0 0 0 0 0 0 0 0 0 0 0 0 0 0 0 0 0 0 0 0 0 0 0 0 0 0 0 0 0 0 0 0 0 0 0 0 0 0 0 0 0 0 0 0 0 0 0 0 0 0 0 0 0 0 0 0 0 0 0 0 0 0 0 0 0 0 0 0 0 0 0 0 0 0 0 0 0 0 0 0 0 0 0 0 0 0 0 0 0 0 0 0 0 0 0 0 0 0 0 0 0 0 0 0 0 0 0 0 0 0 0 0 0 0 0 0 0 0 0 0 0 0 0 0 0 0 0 0 0 0 0 0 0 0 0 0 0 0 0 0 0 0 0 0 0 0 0 0 0 0 0 0 0 0 0 0 0 0 0 0 0 0 0 0 0 0 0 0 0 0 0 0 0 0 0 0 0 0 0 0 0 0 0 0 0 0 0 0 0 0 0 0 0 0 0 0 0 0 0 0 0 0 0 0 0 0 0 0 0 0 0 0 0 0 0 0 0 0 0 0 0
ctxt 205884
btime 1613124388
processes 1350
procs_running 1
procs_blocked 0
softirq 201683 1 68638 127 3315 0 0 3413 70877 0 55312
