cpu  37327792 7 46277 28338733 517 0 3363 0 0 0
cpu0 290452 0 1560 220766 0 0 258 0 0 0
cpu1 291448 0 362 221567 1 0 39 0 0 0
cpu2 290756 0 1056 221518 0 0 58 0 0 0
cpu3 290602 0 1017 221712 7 0 50 0 0 0
cpu4 291418 0 594 221390 1 0 42 0 0 0
cpu5 291674 0 190 221518 0 0 55 0 0 0
cpu6 291211 0 745 221425 0 0 28 0 0 0
cpu7 291014 0 741 221591 0 0 61 0 0 0
cpu8 291576 0 458 221369 0 0 35 0 0 0
cpu9 291889 0 164 221387 1 0 6 0 0 0
cpu10 291092 0 963 221298 0 0 85 0 0 0
cpu11 291480 0 416 221507 0 0 36 0 0 0
cpu12 291041 0 647 221651 0 0 70 0 0 0
cpu13 291712 0 216 221490 0 0 19 0 0 0
cpu14 291112 0 892 221370 0 0 66 0 0 0
cpu15 291548 0 383 221473 0 0 30 0 0 0
cpu16 291842 0 249 221339 0 0 8 0 0 0
cpu17 291636 0 144 221644 0 0 8 0 0 0
cpu18 290950 0 1045 221362 0 0 84 0 0 0
cpu19 291605 0 337 221467 2 0 23 0 0 0
cpu20 291912 0 180 221350 0 0 3 0 0 0
cpu21 291824 0 142 221470 0 0 11 0 0 0
cpu22 291390 0 616 221367 0 0 63 0 0 0
cpu23 291572 2 481 221357 0 0 24 0 0 0
cpu24 291859 0 279 221288 0 0 12 0 0 0
cpu25 291713 0 182 221530 1 0 9 0 0 0
cpu26 291006 0 736 221567 0 0 90 0 0 0
cpu27 291392 0 522 221416 0 0 56 0 0 0
cpu28 291960 0 286 221108 0 0 4 0 0 0
cpu29 291718 0 256 221441 0 0 11 0 0 0
cpu30 291672 0 380 221372 0 0 14 0 0 0
cpu31 291565 0 421 221397 1 0 27 0 0 0
cpu32 291602 0 299 221499 0 0 34 0 0 0
cpu33 291652 0 176 221383 0 0 170 0 0 0
cpu34 291492 0 517 221380 0 0 53 0 0 0
cpu35 291658 0 574 221146 3 0 43 0 0 0
cpu36 291833 0 249 221337 0 0 2 0 0 0
cpu37 291808 0 143 221471 0 0 8 0 0 0
cpu38 291393 0 547 221456 0 0 37 0 0 0
cpu39 291726 0 524 221147 6 0 26 0 0 0
cpu40 291984 0 155 221279 0 0 8 0 0 0
cpu41 291792 0 169 221464 1 0 10 0 0 0
cpu42 291491 0 436 221469 0 0 32 0 0 0
cpu43 291547 0 507 221286 28 0 41 0 0 0
cpu44 289940 0 422 222988 0 0 39 0 0 0
cpu45 292428 0 258 220724 1 0 11 0 0 0
cpu46 291420 0 524 221447 3 0 29 0 0 0
cpu47 291517 0 672 221128 2 0 56 0 0 0
cpu48 291963 0 149 221316 0 0 3 0 0 0
cpu49 291765 0 188 221441 0 0 18 0 0 0
cpu50 291560 0 496 221335 1 0 40 0 0 0
cpu51 292057 0 356 220977 2 0 21 0 0 0
cpu52 291872 0 162 221394 0 0 3 0 0 0
cpu53 291747 0 187 221472 2 0 13 0 0 0
cpu54 291596 0 305 221504 0 0 17 0 0 0
cpu55 291523 0 344 221526 5 0 14 0 0 0
cpu56 291854 0 204 221356 0 0 17 0 0 0
cpu57 291723 0 166 221521 0 0 10 0 0 0
cpu58 291434 0 530 221416 3 0 46 0 0 0
cpu59 291473 0 314 221523 77 0 19 0 0 0
cpu60 291642 0 377 221364 2 0 40 0 0 0
cpu61 291789 0 161 221465 0 0 11 0 0 0
cpu62 291727 0 300 221378 0 0 20 0 0 0
cpu63 291729 0 322 221343 0 0 17 0 0 0
cpu64 291093 0 871 221335 1 0 120 0 0 0
cpu65 291476 0 222 221671 0 0 20 0 0 0
cpu66 291017 0 710 221651 3 0 29 0 0 0
cpu67 291549 0 433 221318 88 0 14 0 0 0
cpu68 291585 0 286 221518 0 0 8 0 0 0
cpu69 291628 0 191 221578 1 0 8 0 0 0
cpu70 291450 0 570 221384 0 0 19 0 0 0
cpu71 291736 0 346 221287 31 0 10 0 0 0
cpu72 291849 0 261 221302 0 0 8 0 0 0
cpu73 291747 0 110 221556 0 0 5 0 0 0
cpu74 291469 0 590 221336 0 0 34 0 0 0
cpu75 291582 0 379 221406 2 0 22 0 0 0
cpu76 291626 0 206 221565 0 0 8 0 0 0
cpu77 291721 0 196 221485 1 0 11 0 0 0
cpu78 291391 0 544 221448 0 0 27 0 0 0
cpu79 291643 0 266 221468 4 0 11 0 0 0
cpu80 291887 0 158 221372 1 0 2 0 0 0
cpu81 291794 0 115 221495 0 0 5 0 0 0
cpu82 291304 0 599 221454 0 0 43 0 0 0
cpu83 291602 0 290 221488 1 0 25 0 0 0
cpu84 291972 0 141 221297 0 0 1 0 0 0
cpu85 291680 0 145 221578 0 0 7 0 0 0
cpu86 291750 0 328 221310 1 0 22 0 0 0
cpu87 291480 1 447 221427 4 0 46 0 0 0
cpu88 291693 0 372 221327 0 0 22 0 0 0
cpu89 291787 0 126 221492 0 0 8 0 0 0
cpu90 291338 0 489 221551 0 0 25 0 0 0
cpu91 291311 0 382 221649 1 0 30 0 0 0
cpu92 291945 0 164 221295 1 0 1 0 0 0
cpu93 291721 0 144 221528 0 0 9 0 0 0
cpu94 291491 0 262 221647 0 0 8 0 0 0
cpu95 291627 0 308 221439 1 0 10 0 0 0
cpu96 291984 0 138 221283 5 0 3 0 0 0
cpu97 291783 0 140 221479 0 0 4 0 0 0
cpu98 291795 0 242 221352 0 0 15 0 0 0
cpu99 291759 2 398 221243 2 0 17 0 0 0
cpu100 292024 0 110 221279 0 0 0 0 0 0
cpu101 291703 0 159 221537 1 0 5 0 0 0
cpu102 291762 0 257 221380 0 0 11 0 0 0
cpu103 292020 0 398 220979 5 0 6 0 0 0
cpu104 291891 0 120 221388 0 0 0 0 0 0
cpu105 291785 0 139 221470 1 0 9 0 0 0
cpu106 291347 0 333 221689 0 0 14 0 0 0
cpu107 291782 0 488 221077 8 0 47 0 0 0
cpu108 291935 0 149 221305 7 0 2 0 0 0
cpu109 291789 0 138 221462 1 0 12 0 0 0
cpu110 291772 0 226 221390 0 0 13 0 0 0
cpu111 292754 0 814 219724 1 0 77 0 0 0
cpu112 291975 0 148 221279 0 0 4 0 0 0
cpu113 291701 0 143 221540 0 0 12 0 0 0
cpu114 291580 0 420 221360 11 0 32 0 0 0
cpu115 292338 0 432 220526 70 0 9 0 0 0
cpu116 291808 0 190 221398 1 0 5 0 0 0
cpu117 291787 0 146 221452 0 0 8 0 0 0
cpu118 291794 0 184 221409 0 0 2 0 0 0
cpu119 291307 0 400 221635 4 0 41 0 0 0
cpu120 291969 0 147 221286 0 0 3 0 0 0
cpu121 291796 0 132 221472 2 0 3 0 0 0
cpu122 291467 0 366 221545 0 0 16 0 0 0
cpu123 291850 0 258 221226 54 0 6 0 0 0
cpu124 291737 0 202 221447 2 0 13 0 0 0
cpu125 291923 0 171 221299 0 0 1 0 0 0
cpu126 291859 0 195 221336 1 0 3 0 0 0
cpu127 291643 0 404 221319 1 0 14 0 0 0
intr 105266139 130 0 0 0 683 0 0 0 1 0 285 0 0 0 0 0 0 0 0 0 0 0 0 0 0 0 0 0 0 0 0 0 0 0 0 260 0 109 2109 917 9820 275 13627 2539 5733 0 536 97 5031 63 1725 4793 6898 3 544 20 2699 17 839 0 3704 0 522 651 1911 876 1313 10 2685 3 53356 148 9945 9 509 13 1696 173 928 1098 7390 364 700 6 6437 4 1347 5 2575 2 1449 0 1642 0 1418 745 5227 0 1132 3031 2315 8 1278 2963 5981 735 1461 466 5805 0 578 2 4775 163 1655 5 2890 0 445 0 3459 47 626 1 5458 0 514 140 2942 0 1768 167 2163 0 918 0 3623 0 568 0 525 0 655 1693 1211 0 1149 0 5014 14 1159 0 810 0 969 6 0 0 0 0 0 0 0 0 0 0 163 162 1 62 4 80 206 18 155 1 3 0 9 0 6 0 10 143 11 3 764 21 128 2 84 195 96 17 118 62 16 30 93 0 0 0 0 0 0 0 0 0 0 0 0 0 0 0 0 0 71 10 94 26 97 34 24 1 111 3 44 0 6 26 101 136 39 19 7 19 35 76 0 0 8 0 105 25 0 83 0 1 1 0 6 385 0 0 37 6297 5200 120 325 471 760 292 206 205 207 698 166 199 393 3008 71 115 223 580 60 9906 117 546 78 0 0 0 0 0 0 0 0 0 0 0 0 0 0 0 0 0 0 0 0 0 0 0 0 0 0 0 0 0 0 0 0 0 0 0 0 0 0 0 0 0 0 0 0 0 0 0 0 0 0 0 0 0 0 0 0 0 0 0 0 0 0 0 0 0 0 0 0 0 0 0 0 0 0 0 0 0 0 0 0 0 0 0 0 0 0 0 0 0 0 0 0 0 0 0 0 0 0 0 0 0 0 0 0 0 0 0 0 0 0 0 0 0 0 0 0 0 0 0 0 0 0 0 0 0 0 0 0 0 0 0 0 0 0 0 0 0 0 0 0 0 0 0 0 0 0 0 0 0 0 0 0 0 0 0 0 0 0 0 0 0 0 0 0 0 0 0 0 0 0 0 0 0 0 0 0 0 0 0 0 0 0 0 0 0 0 0 0 0 0 0 0 0 0 0 0 0 0 0 0 0 0 0 0 0 0 0 0 0 0 0 0 0 0 0 0 0 0 0 0 0 0 0 0 0 0 0 0 0 0 0 0 0 0 0 0 0 0 0 0 0 0 0 0 0 0 0 0 0 0 0 0 0 0 0 0 0 0 0 0 0 0 0 0 0 0 0 0 0 0 0 0 0 0 0 0 0 0 0 0 0 0 0 0 0 0 0 0 0 0 0 0 0 0 0 0 0 0 0 0 0 0 0 0 0 0 0 0 0 0 0 0 0 0 0 0 0 0 0 0 0 0 0 0 0 0 0 0 0 0 0 0 0 0 0 0 0 0 0 0 0 0 0 0 0 0 0 0 0 0 0 0 0 0 0 0 0 0 0 0 0 0 0 0 0 0 0 0 0 0 0 0 0 0 0 0 0 0 0 0 0 0 0 0 0 0 0 0 0 0 0 0 0 0 0 0 0 0 0 0 0 0 0 0 0 0 0 0 0 0 0 0 0 0 0 0 0 0 0 0 0 0 0 4 0 0 0 0 0 0 0 47 0 0 48 0 0 0 0 0 0 0 0 0 0 0 0 1 0 0 0 0 0 0 0 0 0 0 0 0 0 0 0 0 0 0 0 0 0 0 0 0 0 0 0 0 0 0 0 0 0 0 0 0 0 0 0 0 0 0 0 0 0 0 0 0 0 0 0 0 0 0 0 0 0 0 0 0 0 0 0 0 0 0 0 0 0 20 0 0 0 0 0 0 0 0 0 0 0 0 0 0 0 0 0 0 0 0 0 0 0 0 0 0 0 0 0 0 0 0 0 0 0 0 0 0 0 0 0 0 0 0 0 0 0 0 0 0 0 0 0 0 0 0 0 0 0 0 0 0 0 0 0 0 0 0 0 0 0 0 0 0 0 0 0 0 0 0 0 0 0 0 0 0 0 0 0 0 0 0 0 0 0 0 0 0 0 0 0 0 0 0 0 0 0 0 0 0 0 0 0 0 0 0 0 0 0 0 0 0 0 0 0 0 0 0 0 0 0 0 0 0 0 0 0 0 0 0 0 0 0 0 0 0 0 0 0 0 0 0 0 0 0 0 0 0 0 0 0 0 0 0 0 0 0 0 0 0 0 0 0 0 0 0 0 0 0 0 0 0 0 0 0 0 0 0 0 0 0 0 0 0 0 0 0 0 0 0 0 0 0 0 0 0 0 0 0 0 0 0 0 0 0 0 0 0 0 0 0 0 0 0 0 0 0 0 0 0 0 0 0 0 0 0 0 0 0 0 0 0 0 0 0 0 0 0 0 0 0 0 0 0 0 0 0 0 0 0 0 0 0 0 0 0 0 0 0 0 0 0 0 0 0 0 0 0 0 0 0 0 0 0 0 0 0 0 0 0 0 0 0 0 0 0 0 0 0 0 0 0 0 0 0 0 0 0 0 0 0 0 0 0 0 0 0 0 0 0 0 0 0 0 0 0 0 0 0 0 0 0 0 0 0 0 0 0 0 0 0 0 0 0 0 0 0 0 0 0 0 0 0 0 0 0 0 0 0 0 0 0 0 0 0 0 0 0 0 0 0 0 0 0 0 0 0 0 0 0 0 0 0 0 0 0 0 0 0 0 0 0 0 0 0 0 0 0 0 0 0 0 0 0 0 0 0 0 0 0 0 0 0 0 0 0 0 0 0 0 0 0 0 0 0 0 0 0 0 0 0 0 0 0 0 0 0 0 0 0 0 0 0 0 0 0 0 0 0 0 0 0 0 0 0 0 0 0 0 0 0 0 0 0 0 0 0 0 0 0 0 0 0 0 0 0 0 0 0 0 0 0 0 0 0 0 0 0 0 0 0 0 0 0 0 0 0 0 0 0 0 0 0 0 0 0 0 0 0 0 0 0 0 0 0 0 0 0 0 0 0 0 0 0 0 0 0 0 0 0 0 0 0 0 0 0 0 0 0 0 0 0 0 0 0 0 0 0 0 0 0 0 0 0 0 0 0 0 0 0 0 0 0 0 0 0 0 0 0 0 0 0 0 0 0 0 0 0 0 0 0 0 0 0 0 0 0 0 0 0 0 0 0 0 0 0 0 0 0 0 0 0 0 0 0 0 0 0 0 0 0 0 0 0 0 0 0 0 0 0 0 0 0 0 0 0 0 0 0 0 0 0 0 0 0 0 0 0 0 0 0 0 0 0 0 0 0 0 0 0 0 0 0 0 0 0 0 0 0 0 0 0 0 0 0 0 0 0 0 0 0 0 0 0 0 0 0 0 0 0 0 0 0 0 0 0 0 0 0 0 0 0 0 0 0 0 0 0 0 0 0 0 0 0 0 0 0 0 0 0 0 0 0 0 0 0 0 0 0 0 0 0 0 0 0 0 0 0 0 0 0 0 0 0 0 0 0 0 0 0 0 0 0 0 0 0 0 0 0 0 0 0 0 0 0 0 0 0 0 0 0 0 0 0 0 0 0 0 0 0 0 0 0 0 0 0 0 0 0 0 0 0 0 0 0 0 0 0 0 0 0 0 0 0 0 0 0 0 0 0 0 0 0 0 0 0 0 0 0 0 0 0 0 0 0 0 0 0 0 0 0 0 0 0 0 0 0 0 0 0 0 0 0 0 0 0 0 0 0 0 0 0 0 0 0 0 0 0 0 0 0 0 0 0 0 0 0 0 0 0 0 0 0 0 0 0 0 0 0 0 0 0 0 0 0 0 0 0 0 0 0 0 0 0 0 0 0 0 0 0 0 0 0 0 0 0 0 0 0 0 0 0 0 0 0 0 0 0 0 0 0 0 0 0 0 0 0 0 0 0 0 0 0 0 0 0 0 0 0 0 0 0 0 0 0 0 0 0 0 0 0 0 0 0 0 0 0 0 0 0 0 0 0 0 0 0 0 0 0 0 0 0 0 0 0 0 0 0 0 0 0 0 0 0 0 0 0 0 0 0 0 0 0 0 0 0 0 0 0 0 0 0 0 0 0 0 0 0 0 0 0 0 0 0 0 0 0 0 0 0 0 0 0 0 0 0 0 0 0 0 0 0 0 0 0 0 0 0 0 0 0 0 0 0 0 0 0 0 0 0 0 0 0 0 0 0 0 0 0 0 0 0 0 0 0 0 0 0 0 0 0 0 0 0 0 0 0 0 0 0 0 0 0 0 0 0 0 0 0 0 0 0 0 0 0 0 0 0 0 0 0 0 0 0 0 0 0 0 0 0 0 0 0 0 0 0 0 0 0 0 0 0 0 0 0 0 0 0 0 0 0 0 0 0 0 0 0 0 0 0 0 0 0 0 0 0 0 0 0 0 0 0 0 0 0 0 0 0 0 0 0 0 0 0 0 0 0 0 0 0 0 0 0 0 0 0 0 0 0 0 0 0 0 0 0 0 0 0 0 0 0 0 0 0 0 0 0 0 0 0 0 0 0 0 0 0 0 0 0 0 0 0 0 0 0 0 0 0 0 0 0 0 0 0 0 0 0 0 0 0 0 0 0 0 0 0 0 0 0 0 0 0 0 0 0 0 0 0 0 0 0 0 0 0 0 0 0 0 0 0 0 0 0 0 0 0 0 0 0 0 0 0 0 0 0 0 0 0 0 0 0 0 0 0 0 0 0 0 0 0 0 0 0 0 0 0 0 0 0 0 0 0 0 0 0 0 0 0 0 0 0 0 0 0 0 0 0 0 0 0 0 0 0 0 0 0 0 0 0 0 0 0 0 0 0 0 0 0 0 0 0 0 0 0 0 0 0 0 0 0 0 0 0 0 0 0 0 0 0 0 0 0 0 0 0 0 0 0 0 0 0 0 0 0 0 0 0 0 0 0 0 0 0 0 0 0 0 0 0 0 0 0 0 0 0 0 0 0 0 0 0 0 0 0 0 0 0 0 0 0 0 0 0 0 0 0 0 0 0 0 0 0 0 0 0 0 0 0 0 0 0 0 0 0 0 0 0 0 0 0 0 0 0 0 0 0 0 0 0 0 0 0 0 0 0 0 0 0 0 0 0 0 0 0 0 0 0 0 0 0 0 0 0 0 0 0 0 0 0 0 0 0 0 0 0 0 0 0 0 0 0 0 0 0 0 0 0 0 0 0 0 0 0 0 0 0 0 0 0 0 0 0 0 0 0 0 0 0 0 0 0 0 0 0 0 0 0 0 0 0 0 0 0 0 0 0 0 0 0 0 0 0 0 0 0 0 0 0 0 0 0 0 0 0 0 0 0 0 0 0 0 0 0 0 0 0 0 0 0 0 0 0 0 0 0 0 0 0 0 0 0 0 0 0 0 0 0 0 0 0 0 0 0 0 0 0 0 0 0 0 0 0 0 0 0 0 0 0 0 0 0 0 0 0 0 0 0 0 0 0 0 0 0 0 0 0 0 0 0 0 0 0 0 0 0 0 0 0 0 0 0 0 0 0 0 0 0 0 0 0 0 0 0 0 0 0 0 0 0 0 0 0 0 0 0 0 0 0 0 0 0 0 0 0 0 0 0 0 0 0 0 0 0 0 0 0 0 0 0 0 0 0 0 0 0 0 0 0 0 0 0 0 0 0 0 0 0 0 0 0 0 0 0 0 0 0 0 0 0 0 0 0 0 0 0 0 0 0 0 0 0 0 0 0 0 0 0 0 0 0 0 0 0 0 0 0 0 0 0 0 0 0 0 0 0 0 0 0 0 0 0 0 0 0 0 0 0 0 0 0 0 0 0 0 0 0 0 0 0 0 0 0 0 0 0 0 0 0 0 0 0 0 0 0 0 0 0 0 0 0 0 0 0 0 0 0 0 0 0 0 0 0 0 0 0 0 0 0 0 0 0 0 0 0 0 0 0 0 0 0 0 0 0 0 0 0 0 0 0 0 0 0 0 0 0 0 0 0 0 0 0 0 0 0 0 0 0 0 0 0 0 0 0 0 0 0 0 0 0 0 0 0 0 0 0 0 0 0 0 0 0 0 0 0 0 0 0 0 0 0 0 0 0 0 0 0 0 0 0 0 0 0 0 0 0 0 0 0 0 0 0 0 0 0 0 0 0 0 0 0 0 0 0 0 0 0 0 0 0 0 0 0 0 0 0 0 0 0 0 0 0 0 0 0 0 0 0 0 0 0 0 0 0 0 0 0 0 0 0 0 0 0 0 0 0 0 0 0 0 0 0 0 0 0 0 0 0 0 0 0 0 0 0 0 0 0 0 0 0 0 0 0 0 0 0 0 0 0 0 0 0 0 0 0 0 0 0 0 0 0 0 0 0 0 0 0 0 0 0 0 0 0 0 0 0 0 0 0 0 0 0 0 0 0 0 0 0 0 0 0 0 0 0 0 0 0 0 0 0 0 0 0 0 0 0 0 0 0 0 0 0 0 0 0 0 0 0 0 0 0 0 0 0 0 0 0 0 0 0 0 0 0 0 0 0 0 0 0 0 0 0 0 0 0 0 0 0 0 0 0 0 0 0 0 0 0 0 0 0 0 0 0 0 0 0 0 0 0 0 0 0 0 0 0 0 0 0 0 0 0 0 0 0 0 0 0 0 0 0 0 0 0 0 0 0 0 0 0 0 0 0 0 0 0 0 0 0 0 0 0 0 0 0 0 0 0 0 0 0 0 0 0 0 0 0 0 0 0 0 0 0 0 0 0 0 0 0 0 0 0 0 0 0 0 0 0 0 0 0 0 0 0 0 0 0 0 0 0 0 0 0 0 0 0 0 0 0 0 0 0 0 0 0 0 0 0 0 0 0 0 0 0 0 0 0 0 0 0 0 0 0 0 0 0 0 0 0 0 0 0 0 0 0 0 0 0 0 0 0 0 0 0 0 0 0 0 0 0 0 0 0 0 0 0 0 0 0 0 0 0 0 0 0 0 0 0 0 0 0 0 0 0 0 0 0 0 0 0 0 0 0 0 0 0 0 0 0 0 0 0 0 0 0 0 0 0 0 0 0 0 0 0 0 0 0 0 0 0 0 0 0 0 0 0 0 0 0 0 0 0 0 0 0 0 0 0 0 0 0 0 0 0 0 0 0 0 0 0 0 0 0 0 0 0 0 0 0 0 0 0 0 0 0 0 0 0 0 0 0 0 0 0 0 0 0 0 0 0 0 0 0 0 0 0 0 0 0 0 0 0 0 0 0 0 0 0 0 0 0 0 0 0 0 0 0 0 0 0 0 0 0 0 0 0 0 0 0 0 0 0 0 0 0 0 0 0 0 0 0 0 0 0 0 0 0 0 0 0 0 0 0 0 0 0 0 0 0 0 0 0 0 0 0 0 0 0 0 0 0 0 0 0 0 0 0 0 0 0 0 0 0 0 0 0 0 0 0 0 0 0 0 0 0 0 0 0 0 0 0 0 0 0 0 0 0 0 0 0 0 0 0 0 0 0 0 0 0 0 0 0 0 0 0 0 0 0 0 0 0 0 0 0 0 0 0 0 0 0 0 0 0 0 0 0 0 0 0 0 0 0 0 0 0 0 0 0 0 0 0 0 0 0 0 0 0 0 0 0 0 0 0 0 0 0 0 0 0 0 0 0 0 0 0 0 0 0 0 0 0 0 0 0 0 0 0 0 0 0 0 0 0 0 0 0 0 0 0 0 0 0 0 0 0 0 0 0 0 0 0 0 0 0 0 0 0 0 0 0 0 0 0 0 0 0 0 0 0 0 0 0 0 0 0 0 0 0 0 0 0 0 0 0 0 0 0 0 0 0 0 0 0 0 0 0 0 0 0 0 0 0 0 0 0 0 0 0 0 0 0 0 0 0 0 0 0 0 0 0 0 0 0 0 0 0 0 0 0 0 0 0 0 0 0 0 0 0 0 0 0 0 0 0 0 0 0 0 0 0 0 0 0 0 0 0 0 0 0 0 0 0 0 0 0 0 0 0 0 0 0 0 0 0 0 0 0 0 0 0 0 0 0 0 0 0 0 0 0 0 0 0 0 0 0 0 0 0 0 0 0 0 0 0 0 0 0 0 0 0 0 0 0 0 0 0 0 0 0 0 0 0 0 0 0 0 0 0 0 0 0 0 0 0 0 0 0 0 0 0 0 0 0 0 0 0 0 0 0 0 0 0 0 0 0 0 0 0 0 0 0 0 0 0 0 0 0 0 0 0 0 0 0 0 0 0 0 0 0 0 0 0 0 0 0 0 0 0 0 0 0 0 0 0 0 0 0 0 0 0 0 0 0 0 0 0 0 0 0 0 0 0 0 0 0 0 0 0 0 0 0 0 0 0 0 0 0 0 0 0 0 0 0 0 0 0 0 0 0 0 0 0 0 0 0 0 0 0 0 0 0 0 0 0 0 0 0 0 0 0 0 0 0 0 0 0 0 0 0 0 0 0 0 0 0 0 0 0 0 0 0 0 0 0 0 0 0 0 0 0 0 0 0 0 0 0 0 0 0 0 0 0 0 0 0 0 0 0 0 0 0 0 0 0 0 0 0 0 0 0 0 0 0 0 0 0 0 0 0 0 0 0 0 0 0 0 0 0 0 0 0 0 0 0 0 0 0 0 0 0 0 0 0 0 0 0 0 0 0 0 0 0 0 0 0 0 0 0 0 0 0 0 0 0 0 0 0 0 0 0 0 0 0 0 0 0 0 0 0 0 0 0 0 0 0 0 0 0 0 0 0 0 0 0 0 0 0 0 0 0 0 0 0 0 0 0 0 0 0 0 0 0 0 0 0 0 0 0 0 0 0 0 0 0 0 0 0 0 0 0 0 0 0 0 0 0 0 0 0 0 0 0 0 0 0 0 0 0 0 0 0 0 0 0 0 0 0 0 0 0 0 0 0 0 0 0 0 0 0 0 0 0 0 0 0 0 0 0 0 0 0 0 0 0 0 0 0 0 0 0 0 0 0 0 0 0 0 0 0 0 0 0 0 0 0 0 0 0 0 0 0 0 0 0 0 0 0 0 0 0 0 0 0 0 0 0 0 0 0 0 0 0 0 0 0 0 0 0 0 0 0 0 0 0 0 0 0 0 0 0 0 0 0 0 0 0 0 0 0 0 0 0 0 0 0 0 0 0 0 0 0 0 0 0 0 0 0 0 0 0 0 0 0 0 0 0 0 0 0 0 0 0 0 0 0 0 0 0 0 0 0 0 0 0 0 0 0 0 0 0 0 0 0 0 0 0 0 0 0 0 0 0 0 0 0 0 0 0 0 0 0 0 0 0 0 0 0 0 0 0 0 0 0 0 0 0 0 0 0 0 0 0 0 0 0 0 0 0 0 0 0 0 0 0 0 0 0 0 0 0 0 0 0 0 0 0 0 0 0 0 0 0 0 0 0 0 0 0 0 0 0 0 0 0 0 0 0 0 0 0 0 0 0 0 0 0 0 0 0 0 0 0 0 0 0 0 0 0 0 0 0 0 0 0 0 0 0 0 0 0 0 0 0 0 0 0 0 0 0 0 0 0 0 0 0 0 0 0 0 0 0 0 0 0 0 0 0 0 0 0 0 0 0 0 0 0 0 0 0 0 0 0 0 0 0 0 0 0 0 0 0 0 0 0 0 0 0 0 0 0 0 0 0 0 0 0 0 0 0 0 0 0 0 0 0 0 0 0 0 0 0 0 0 0 0 0 0 0 0 0 0 0 0 0 0 0 0 0 0 0 0 0 0 0 0 0 0 0 0 0 0 0 0 0 0 0 0 0 0 0 0 0 0 0 0 0 0 0 0 0 0 0 0 0 0 0 0 0 0 0 0 0 0 0 0 0 0 0 0 0 0 0 0 0 0 0 0 0 0 0 0 0 0 0 0 0 0 0 0 0 0 0 0 0 0 0 0 0 0 0 0 0 0 0 0 0 0 0 0 0 0 0 0 0 0 0 0 0 0 0 0 0 0 0 0 0 0 0 0 0 0 0 0 0 0 0 0 0 0 0 0 0 0 0 0 0 0 0 0 0 0 0 0 0 0 0 0 0 0 0 0 0 0 0 0
ctxt 7030934
btime 1613064757
processes 153727
procs_running 1
procs_blocked 0
softirq 113677742 1 68744009 1794 1335459 0 0 176 3608624 0 39987679
