cpu  26340955 3 40522 7126339 459 0 3846 0 0 0
cpu0 731074 0 1527 197872 1 0 618 0 0 0
cpu1 731754 0 1196 197826 22 0 98 0 0 0
cpu2 731535 0 1200 198039 17 0 124 0 0 0
cpu3 731391 0 1344 198102 5 0 67 0 0 0
cpu4 730856 0 1643 198188 3 0 210 0 0 0
cpu5 731535 0 1100 198202 2 0 58 0 0 0
cpu6 731338 0 1151 198324 6 0 71 0 0 0
cpu7 731416 0 1345 198006 1 0 118 0 0 0
cpu8 731745 0 902 198200 1 0 41 0 0 0
cpu9 731226 0 1735 197822 1 0 113 0 0 0
cpu10 731310 0 1286 198196 6 0 82 0 0 0
cpu11 732167 0 1239 197382 1 0 93 0 0 0
cpu12 731269 0 1310 198209 38 0 46 0 0 0
cpu13 731923 0 1317 197594 4 0 50 0 0 0
cpu14 731277 0 1440 198052 88 0 40 0 0 0
cpu15 729143 0 2651 198011 49 0 1034 0 0 0
cpu16 731289 0 1497 198051 2 0 41 0 0 0
cpu17 731082 0 1576 198158 2 0 64 0 0 0
cpu18 731838 0 777 198215 4 0 24 0 0 0
cpu19 732216 0 748 197825 15 0 53 0 0 0
cpu20 731792 0 969 198027 5 0 93 0 0 0
cpu21 732178 0 545 198157 1 0 12 0 0 0
cpu22 731737 0 809 198244 23 0 68 0 0 0
cpu23 731395 0 1009 198348 1 0 138 0 0 0
cpu24 731678 0 841 198265 7 0 96 0 0 0
cpu25 731797 0 768 198247 13 0 56 0 0 0
cpu26 732273 0 443 198160 2 0 8 0 0 0
cpu27 732362 0 711 197775 16 0 14 0 0 0
cpu28 732788 0 1086 196918 2 0 96 0 0 0
cpu29 732493 0 947 197381 1 0 42 0 0 0
cpu30 733663 0 891 196218 77 0 28 0 0 0
cpu31 732655 0 684 197497 1 0 31 0 0 0
cpu32 731672 0 960 198224 1 0 24 0 0 0
cpu33 731717 1 929 198176 6 0 45 0 0 0
cpu34 731830 0 797 198219 13 0 16 0 0 0
cpu35 731526 0 1136 198193 2 0 20 0 0 0
intr 72741893 56 0 0 0 610 0 0 0 1 0 250 0 0 0 0 0 0 0 0 0 0 0 0 0 0 0 0 0 0 0 0 94 525 470 749 2638 715 692 1413 293 135 244 460 82 4754 486 3890 2381 569 481 247 389 638 184 1445 135 0 0 0 0 368 542 199 843 154 117 10240 169 151 919 492 215 0 0 17 11938 2 0 22588 2307 4405 1129 3198 3986 1468 5531 2272 5362 5174 3182 6927 1625 1668 219254 3323 4788 6401 1579 2242 1596 7004 2886 963 2873 1165 696 4117 2128 7597 5006 5207 7015 1398 2188 0 16 7873 1 0 0 0 0 0 0 0 0 0 0 0 0 0 0 0 0 0 0 0 0 0 0 0 0 0 0 0 0 0 0 0 0 0 0 0 0 0 25 0 0 0 0 0 0 0 0 0 0 0 0 0 0 0 0 0 0 0 0 0 0 0 0 0 0 0 0 0 0 0 0 0 0 0 0 0 0 0 0 0 0 0 0 0 0 0 0 0 0 0 0 0 0 0 0 0 0 0 0 0 0 0 0 0 0 0 0 0 0 0 0 0 0 0 0 0 0 0 0 0 0 0 0 0 0 0 0 0 0 0 0 0 0 0 0 0 0 0 0 0 0 0 0 0 0 0 0 0 0 0 0 0 0 0 0 0 0 0 0 0 0 0 0 0 0 0 0 0 0 0 0 0 0 0 0 0 0 0 0 0 0 0 0 0 0 0 0 0 0 0 0 0 0 0 0 0 0 0 0 0 0 0 0 0 0 0 0 0 0 0 0 0 0 0 0 0 0 0 0 0 0 0 0 0 0 0 0 0 0 0 0 0 0 0 0 0 0 0 0 0 0 0 0 0 0 0 0 0 0 0 0 0 0 0 0 0 0 0 0 0 0 0 0 0 0 0 0 0 0 0 0 0 0 0 0 0 0 0 0 0 0 0 0 0 0 0 0 0 0 0 0 0 0 0 0 0 0 0 0 0 0 0 0 0 0 0 0 0 0 0 0 0 0 0 0 0 0 0 0 0 0 0 0 0 0 0 0 0 0 0 0 0 0 0 0 0 0 0 0 0 0 0 0 0 0 0 0 0 0 0 0 0 0 0 0 0 0 0 0 0 0 0 0 0 0 0 0 0 0 0 0 0 0 0 0 0 0 0 0 0 0 0 0 0 0 0 0 0 0 0 0 0 0 0 0 0 0 0 0 0 0 0 0 0 0 0 0 0 0 0 0 0 0 0 0 0 0 0 0 0 0 0 0 0 0 0 0 0 0 0 0 0 0 0 0 0 0 0 0 0 0 0 0 0 0 0 0 0 0 0 0 0 0 0 0 0 0 0 0 0 0 0 0 0 0 0 0 0 0 0 0 0 0 0 0 0 0 0 0 0 0 0 0 0 0 0 0 0 0 0 0 0 0 0 0 0 0 0 0 0 0 0 0 0 0 0 0 0 0 0 0 0 0 0 0 0 0 0 0 0 0 0 0 0 0 0 0 0 0 0 0 0 0 0 0 0 0 0 0 0 0 0 0 0 0 0 0 0 0 0 0 0 0 0 0 0 0 0 0 0 0 0 0 0 0 0 0 0 0 0 0 0 0 0 0 0 0 0 0 0 0 0 0 0 0 0 0 0 0 0 0 0 0 0 0 0 0 0 0 0 0 0 0 0 0 0 0 0 0 0 0 0 0 0 0 0 0 0 0 0 0 0 0 0 0 0 0 0 0 0 0 0 0 0 0 0 0 0 0 0 0 0 0 0 0 0 0 0 0 0 0 0 0 0 0 0 0 0 0 0 0 0 0 0 0 0 0 0 0 0 0 0 0 0 0 0 0 0 0 0 0 0 0 0 0 0 0 0 0 0 0 0 0 0 0 0 0 0 0 0 0 0 0 0 0 0 0 0 0 0 0 0 0 0 0 0 0 0 0 0 0 0 0 0 0 0 0 0 0 0 0 0 0 0 0 0 0 0 0 0 0 0 0 0 0 0 0 0 0 0 0 0 0 0 0 0 0 0 0 0 0 0 0 0 0 0 0 0 0 0 0 0 0 0 0 0 0 0 0 0 0 0 0 0 0 0 0 0 0 0 0 0 0 0 0 0 0 0 0 0 0 0 0 0 0 0 0 0 0 0 0 0 0 0 0 0 0 0 0 0 0 0 0 0 0 0 0 0 0 0 0 0 0 0 0 0 0 0 0 0 0 0 0 0 0 0 0 0 0 0 0 0 0 0 0 0 0 0 0 0 0 0 0 0 0 0 0 0 0 0 0 0 0 0 0 0 0 0 0 0 0 0 0 0 0 0 0 0 0 0 0 0 0 0 0 0 0 0 0 0 0 0 0 0 0 0 0 0 0 0 0 0 0 0 0 0 0 0 0 0 0 0 0 0 0 0 0 0 0 0 0 0 0 0 0 0 0 0 0 0 0 0 0 0 0 0 0 0 0 0 0 0 0 0 0 0 0 0 0 0 0 0 0 0 0 0 0 0 0 0 0 0 0 0 0 0 0 0 0 0 0 0 0 0 0 0 0 0 0 0 0 0 0 0 0 0 0 0 0 0 0 0 0 0 0 0 0 0 0 0 0 0 0 0 0 0 0 0 0 0 0 0 0 0 0 0 0 0 0 0 0 0 0 0 0 0 0 0 0 0 0 0 0 0 0 0 0 0 0 0 0 0 0 0 0 0 0 0 0 0 0 0 0 0 0 0 0 0 0 0 0 0 0 0 0 0 0 0 0 0 0 0 0 0 0 0 0 0 0 0 0 0 0 0 0 0 0 0 0 0 0 0 0 0 0 0 0 0 0 0 0 0 0 0 0 0 0 0 0 0 0 0 0 0 0 0 0 0 0 0 0 0 0 0 0 0 0 0 0
ctxt 19218822
btime 1613124388
processes 484516
procs_running 1
procs_blocked 0
softirq 93097881 1 53177134 939 3665748 0 0 357912 2473544 0 33422603
