cpu  71347066 7 66930 29604318 522 0 5056 0 0 0
cpu0 556194 0 1772 230550 0 0 385 0 0 0
cpu1 557095 0 544 231558 2 0 50 0 0 0
cpu2 556480 0 1253 231413 0 0 79 0 0 0
cpu3 555612 0 1759 231701 7 0 104 0 0 0
cpu4 557172 0 712 231356 1 0 49 0 0 0
cpu5 557528 0 281 231392 0 0 82 0 0 0
cpu6 557074 0 830 231310 0 0 33 0 0 0
cpu7 556460 0 1352 231314 0 0 86 0 0 0
cpu8 557436 0 561 231242 0 0 44 0 0 0
cpu9 557785 0 268 231227 1 0 8 0 0 0
cpu10 556920 0 1058 231211 0 0 90 0 0 0
cpu11 556945 0 933 231301 0 0 86 0 0 0
cpu12 556851 0 754 231561 0 0 84 0 0 0
cpu13 557363 0 446 231437 0 0 32 0 0 0
cpu14 556889 0 1022 231300 0 0 70 0 0 0
cpu15 556986 0 878 231336 0 0 66 0 0 0
cpu16 557626 0 325 231321 0 0 10 0 0 0
cpu17 557488 0 261 231510 0 0 14 0 0 0
cpu18 556654 0 1295 231227 0 0 108 0 0 0
cpu19 557205 0 770 231226 2 0 60 0 0 0
cpu20 557360 0 467 231429 0 0 15 0 0 0
cpu21 557598 0 254 231424 0 0 16 0 0 0
cpu22 557112 0 833 231241 0 0 92 0 0 0
cpu23 556982 2 863 231331 0 0 72 0 0 0
cpu24 557617 0 474 231160 0 0 30 0 0 0
cpu25 557935 0 370 230946 1 0 18 0 0 0
cpu26 556670 0 976 231460 0 0 134 0 0 0
cpu27 557002 0 846 231285 0 0 86 0 0 0
cpu28 557736 0 420 231021 0 0 22 0 0 0
cpu29 557565 0 307 231379 0 0 12 0 0 0
cpu30 557520 0 453 231290 0 0 19 0 0 0
cpu31 557020 0 890 231266 2 0 74 0 0 0
cpu32 557349 0 477 231410 0 0 40 0 0 0
cpu33 557536 0 222 231246 0 0 220 0 0 0
cpu34 557422 0 555 231254 0 0 54 0 0 0
cpu35 557368 0 909 230918 3 0 62 0 0 0
cpu36 557709 0 337 231212 0 0 6 0 0 0
cpu37 557136 0 199 231921 0 0 12 0 0 0
cpu38 557280 0 602 231356 0 0 38 0 0 0
cpu39 557363 0 1022 230799 6 0 78 0 0 0
cpu40 557771 0 248 231239 0 0 12 0 0 0
cpu41 557809 0 207 231248 1 0 11 0 0 0
cpu42 557318 0 510 231407 0 0 36 0 0 0
cpu43 557868 0 818 230469 29 0 61 0 0 0
cpu44 555770 0 503 232914 0 0 44 0 0 0
cpu45 558263 0 363 230615 1 0 20 0 0 0
cpu46 557224 0 594 231407 3 0 34 0 0 0
cpu47 558080 0 1120 229912 2 0 98 0 0 0
cpu48 557650 0 298 231305 0 0 16 0 0 0
cpu49 557740 0 252 231244 0 0 21 0 0 0
cpu50 557482 0 546 231201 1 0 44 0 0 0
cpu51 557104 0 784 231268 2 0 65 0 0 0
cpu52 557539 0 270 231447 0 0 10 0 0 0
cpu53 557608 0 261 231379 2 0 15 0 0 0
cpu54 557527 0 348 231371 0 0 18 0 0 0
cpu55 557274 0 551 231391 5 0 26 0 0 0
cpu56 557564 0 305 231373 0 0 24 0 0 0
cpu57 557483 0 222 231543 0 0 12 0 0 0
cpu58 557374 0 563 231285 3 0 47 0 0 0
cpu59 557049 0 617 231442 77 0 48 0 0 0
cpu60 557233 0 494 231493 2 0 48 0 0 0
cpu61 557716 0 187 231356 0 0 12 0 0 0
cpu62 557630 0 344 231272 0 0 21 0 0 0
cpu63 557396 0 634 231175 0 0 36 0 0 0
cpu64 556836 0 949 231350 1 0 122 0 0 0
cpu65 557234 0 387 231581 0 0 27 0 0 0
cpu66 556743 0 786 231685 3 0 30 0 0 0
cpu67 557036 0 801 231241 88 0 44 0 0 0
cpu68 557422 0 372 231435 0 0 9 0 0 0
cpu69 557432 0 328 231478 1 0 10 0 0 0
cpu70 557213 0 623 231406 0 0 20 0 0 0
cpu71 557312 0 715 231163 31 0 24 0 0 0
cpu72 557713 0 317 231223 0 0 10 0 0 0
cpu73 557519 0 238 231493 0 0 10 0 0 0
cpu74 557295 0 680 231258 0 0 40 0 0 0
cpu75 557008 0 729 231411 2 0 60 0 0 0
cpu76 557512 0 252 231475 0 0 10 0 0 0
cpu77 557548 0 318 231376 1 0 12 0 0 0
cpu78 555693 0 792 232664 0 0 50 0 0 0
cpu79 557062 0 626 231479 4 0 36 0 0 0
cpu80 557533 0 252 231475 1 0 2 0 0 0
cpu81 557583 0 167 231492 0 0 7 0 0 0
cpu82 556828 0 871 231472 0 0 66 0 0 0
cpu83 557037 0 582 231541 1 0 55 0 0 0
cpu84 557810 0 242 231196 0 0 7 0 0 0
cpu85 557445 0 250 231536 0 0 13 0 0 0
cpu86 557488 0 554 231181 1 0 32 0 0 0
cpu87 557003 1 782 231359 4 0 98 0 0 0
cpu88 557477 0 458 231293 0 0 28 0 0 0
cpu89 557675 0 169 231403 0 0 9 0 0 0
cpu90 557203 0 591 231412 0 0 40 0 0 0
cpu91 556935 0 660 231542 1 0 65 0 0 0
cpu92 557726 0 227 231287 1 0 8 0 0 0
cpu93 557658 0 172 231407 0 0 10 0 0 0
cpu94 557388 0 302 231551 0 0 10 0 0 0
cpu95 557221 0 573 231391 1 0 27 0 0 0
cpu96 557656 0 253 231320 5 0 9 0 0 0
cpu97 557716 0 166 231361 0 0 6 0 0 0
cpu98 557717 0 283 231231 0 0 16 0 0 0
cpu99 557533 2 631 231051 2 0 41 0 0 0
cpu100 557810 0 180 231260 0 0 3 0 0 0
cpu101 557653 0 179 231412 1 0 5 0 0 0
cpu102 557627 0 294 231319 0 0 12 0 0 0
cpu103 557747 0 707 230734 5 0 46 0 0 0
cpu104 557779 0 204 231260 0 0 1 0 0 0
cpu105 557736 0 166 231332 1 0 10 0 0 0
cpu106 557227 0 367 231616 0 0 15 0 0 0
cpu107 558212 0 665 230305 8 0 52 0 0 0
cpu108 557729 0 208 231295 7 0 3 0 0 0
cpu109 557698 0 184 231351 1 0 13 0 0 0
cpu110 557491 0 311 231413 0 0 20 0 0 0
cpu111 559430 0 1107 228574 1 0 95 0 0 0
cpu112 557825 0 211 231213 0 0 6 0 0 0
cpu113 557649 0 176 231402 0 0 12 0 0 0
cpu114 557353 0 578 231255 11 0 49 0 0 0
cpu115 558738 0 613 229778 70 0 15 0 0 0
cpu116 557570 0 233 231429 1 0 6 0 0 0
cpu117 557718 0 187 231323 0 0 8 0 0 0
cpu118 557742 0 208 231280 0 0 3 0 0 0
cpu119 557679 0 627 230863 4 0 45 0 0 0
cpu120 557516 0 240 231466 0 0 10 0 0 0
cpu121 557728 0 169 231345 2 0 4 0 0 0
cpu122 557405 0 390 231425 0 0 17 0 0 0
cpu123 557569 0 595 230971 54 0 26 0 0 0
cpu124 557592 0 254 231387 2 0 14 0 0 0
cpu125 557744 0 238 231249 0 0 5 0 0 0
cpu126 557785 0 229 231218 1 0 3 0 0 0
cpu127 557541 0 677 230970 1 0 19 0 0 0
intr 202043986 130 0 0 0 683 0 0 0 1 0 285 0 0 0 0 0 0 0 0 0 0 0 0 0 0 0 0 0 0 0 0 0 0 0 0 260 0 976 7097 1756 16995 2014 23814 3405 9059 1847 682 1286 7624 135 2572 5812 10069 157 655 1067 8737 1186 2520 591 10930 446 2427 1192 8062 1520 1374 745 9288 554 69163 517 12070 483 845 272 6601 1419 928 1372 10852 1292 761 998 11851 473 1811 1564 5364 380 1449 433 4870 334 1461 954 7853 153 1132 3633 5174 885 6232 4124 13516 2223 3664 1158 7829 1005 762 760 8589 598 2331 1115 9649 134 445 539 9061 1102 3592 569 10682 567 1151 753 8427 429 1768 925 10612 513 975 346 5450 399 580 241 5651 701 731 2009 4807 1129 2212 788 6997 200 1159 757 2178 526 1119 613 0 0 0 0 0 0 0 0 0 0 163 189 1 62 4 80 368 18 155 1 3 0 9 0 6 0 10 158 11 3 764 21 128 2 86 398 192 19 271 62 483 38 93 0 0 0 0 0 0 0 0 0 0 0 0 0 0 0 0 0 179 10 306 26 97 34 24 1 111 3 85 0 6 26 104 136 39 19 91 19 35 76 0 0 8 0 105 28 0 83 0 1 1 0 6 385 0 0 37 6413 5260 120 442 579 789 463 314 222 253 872 172 202 402 3032 77 132 225 584 66 9908 117 546 86 0 0 0 0 0 0 0 0 0 0 0 0 0 0 0 0 0 0 0 0 0 0 0 0 0 0 0 0 0 0 0 0 0 0 0 0 0 0 0 0 0 0 0 0 0 0 0 0 0 0 0 0 0 0 0 0 0 0 0 0 0 0 0 0 0 0 0 0 0 0 0 0 0 0 0 0 0 0 0 0 0 0 0 0 0 0 0 0 0 0 0 0 0 0 0 0 0 0 0 0 0 0 0 0 0 0 0 0 0 0 0 0 0 0 0 0 0 0 0 0 0 0 0 0 0 0 0 0 0 0 0 0 0 0 0 0 0 0 0 0 0 0 0 0 0 0 0 0 0 0 0 0 0 0 0 0 0 0 0 0 0 0 0 0 0 0 0 0 0 0 0 0 0 0 0 0 0 0 0 0 0 0 0 0 0 0 0 0 0 0 0 0 0 0 0 0 0 0 0 0 0 0 0 0 0 0 0 0 0 0 0 0 0 0 0 0 0 0 0 0 0 0 0 0 0 0 0 0 0 0 0 0 0 0 0 0 0 0 0 0 0 0 0 0 0 0 0 0 0 0 0 0 0 0 0 0 0 0 0 0 0 0 0 0 0 0 0 0 0 0 0 0 0 0 0 0 0 0 0 0 0 0 0 0 0 0 0 0 0 0 0 0 0 0 0 0 0 0 0 0 0 0 0 0 0 0 0 0 0 0 0 0 0 0 0 0 0 0 0 0 0 0 0 0 0 0 0 0 0 0 0 0 0 0 0 0 0 0 0 0 0 0 0 0 0 0 0 0 0 0 0 0 0 0 0 0 0 0 0 0 0 0 0 0 0 0 0 0 0 0 0 0 0 0 0 0 0 0 0 0 0 0 0 0 0 0 0 0 0 0 0 0 0 0 0 0 0 0 0 0 0 0 0 0 0 0 0 0 0 0 0 0 0 0 0 0 0 0 0 0 0 0 0 4 0 0 0 0 0 0 0 47 0 0 48 0 0 0 0 0 0 0 0 0 0 0 0 1 0 0 0 0 0 0 0 0 0 0 0 0 0 0 0 0 0 0 0 0 0 0 0 0 0 0 0 0 0 0 0 0 0 0 0 0 0 0 0 0 0 0 0 0 0 0 0 0 0 0 0 0 0 0 0 0 0 0 0 0 0 0 0 0 0 0 0 0 0 20 0 0 0 0 0 0 0 0 0 0 0 0 0 0 0 0 0 0 0 0 0 0 0 0 0 0 0 0 0 0 0 0 0 0 0 0 0 0 0 0 0 0 0 0 0 0 0 0 0 0 0 0 0 0 0 0 0 0 0 0 0 0 0 0 0 0 0 0 0 0 0 0 0 0 0 0 0 0 0 0 0 0 0 0 0 0 0 0 0 0 0 0 0 0 0 0 0 0 0 0 0 0 0 0 0 0 0 0 0 0 0 0 0 0 0 0 0 0 0 0 0 0 0 0 0 0 0 0 0 0 0 0 0 0 0 0 0 0 0 0 0 0 0 0 0 0 0 0 0 0 0 0 0 0 0 0 0 0 0 0 0 0 0 0 0 0 0 0 0 0 0 0 0 0 0 0 0 0 0 0 0 0 0 0 0 0 0 0 0 0 0 0 0 0 0 0 0 0 0 0 0 0 0 0 0 0 0 0 0 0 0 0 0 0 0 0 0 0 0 0 0 0 0 0 0 0 0 0 0 0 0 0 0 0 0 0 0 0 0 0 0 0 0 0 0 0 0 0 0 0 0 0 0 0 0 0 0 0 0 0 0 0 0 0 0 0 0 0 0 0 0 0 0 0 0 0 0 0 0 0 0 0 0 0 0 0 0 0 0 0 0 0 0 0 0 0 0 0 0 0 0 0 0 0 0 0 0 0 0 0 0 0 0 0 0 0 0 0 0 0 0 0 0 0 0 0 0 0 0 0 0 0 0 0 0 0 0 0 0 0 0 0 0 0 0 0 0 0 0 0 0 0 0 0 0 0 0 0 0 0 0 0 0 0 0 0 0 0 0 0 0 0 0 0 0 0 0 0 0 0 0 0 0 0 0 0 0 0 0 0 0 0 0 0 0 0 0 0 0 0 0 0 0 0 0 0 0 0 0 0 0 0 0 0 0 0 0 0 0 0 0 0 0 0 0 0 0 0 0 0 0 0 0 0 0 0 0 0 0 0 0 0 0 0 0 0 0 0 0 0 0 0 0 0 0 0 0 0 0 0 0 0 0 0 0 0 0 0 0 0 0 0 0 0 0 0 0 0 0 0 0 0 0 0 0 0 0 0 0 0 0 0 0 0 0 0 0 0 0 0 0 0 0 0 0 0 0 0 0 0 0 0 0 0 0 0 0 0 0 0 0 0 0 0 0 0 0 0 0 0 0 0 0 0 0 0 0 0 0 0 0 0 0 0 0 0 0 0 0 0 0 0 0 0 0 0 0 0 0 0 0 0 0 0 0 0 0 0 0 0 0 0 0 0 0 0 0 0 0 0 0 0 0 0 0 0 0 0 0 0 0 0 0 0 0 0 0 0 0 0 0 0 0 0 0 0 0 0 0 0 0 0 0 0 0 0 0 0 0 0 0 0 0 0 0 0 0 0 0 0 0 0 0 0 0 0 0 0 0 0 0 0 0 0 0 0 0 0 0 0 0 0 0 0 0 0 0 0 0 0 0 0 0 0 0 0 0 0 0 0 0 0 0 0 0 0 0 0 0 0 0 0 0 0 0 0 0 0 0 0 0 0 0 0 0 0 0 0 0 0 0 0 0 0 0 0 0 0 0 0 0 0 0 0 0 0 0 0 0 0 0 0 0 0 0 0 0 0 0 0 0 0 0 0 0 0 0 0 0 0 0 0 0 0 0 0 0 0 0 0 0 0 0 0 0 0 0 0 0 0 0 0 0 0 0 0 0 0 0 0 0 0 0 0 0 0 0 0 0 0 0 0 0 0 0 0 0 0 0 0 0 0 0 0 0 0 0 0 0 0 0 0 0 0 0 0 0 0 0 0 0 0 0 0 0 0 0 0 0 0 0 0 0 0 0 0 0 0 0 0 0 0 0 0 0 0 0 0 0 0 0 0 0 0 0 0 0 0 0 0 0 0 0 0 0 0 0 0 0 0 0 0 0 0 0 0 0 0 0 0 0 0 0 0 0 0 0 0 0 0 0 0 0 0 0 0 0 0 0 0 0 0 0 0 0 0 0 0 0 0 0 0 0 0 0 0 0 0 0 0 0 0 0 0 0 0 0 0 0 0 0 0 0 0 0 0 0 0 0 0 0 0 0 0 0 0 0 0 0 0 0 0 0 0 0 0 0 0 0 0 0 0 0 0 0 0 0 0 0 0 0 0 0 0 0 0 0 0 0 0 0 0 0 0 0 0 0 0 0 0 0 0 0 0 0 0 0 0 0 0 0 0 0 0 0 0 0 0 0 0 0 0 0 0 0 0 0 0 0 0 0 0 0 0 0 0 0 0 0 0 0 0 0 0 0 0 0 0 0 0 0 0 0 0 0 0 0 0 0 0 0 0 0 0 0 0 0 0 0 0 0 0 0 0 0 0 0 0 0 0 0 0 0 0 0 0 0 0 0 0 0 0 0 0 0 0 0 0 0 0 0 0 0 0 0 0 0 0 0 0 0 0 0 0 0 0 0 0 0 0 0 0 0 0 0 0 0 0 0 0 0 0 0 0 0 0 0 0 0 0 0 0 0 0 0 0 0 0 0 0 0 0 0 0 0 0 0 0 0 0 0 0 0 0 0 0 0 0 0 0 0 0 0 0 0 0 0 0 0 0 0 0 0 0 0 0 0 0 0 0 0 0 0 0 0 0 0 0 0 0 0 0 0 0 0 0 0 0 0 0 0 0 0 0 0 0 0 0 0 0 0 0 0 0 0 0 0 0 0 0 0 0 0 0 0 0 0 0 0 0 0 0 0 0 0 0 0 0 0 0 0 0 0 0 0 0 0 0 0 0 0 0 0 0 0 0 0 0 0 0 0 0 0 0 0 0 0 0 0 0 0 0 0 0 0 0 0 0 0 0 0 0 0 0 0 0 0 0 0 0 0 0 0 0 0 0 0 0 0 0 0 0 0 0 0 0 0 0 0 0 0 0 0 0 0 0 0 0 0 0 0 0 0 0 0 0 0 0 0 0 0 0 0 0 0 0 0 0 0 0 0 0 0 0 0 0 0 0 0 0 0 0 0 0 0 0 0 0 0 0 0 0 0 0 0 0 0 0 0 0 0 0 0 0 0 0 0 0 0 0 0 0 0 0 0 0 0 0 0 0 0 0 0 0 0 0 0 0 0 0 0 0 0 0 0 0 0 0 0 0 0 0 0 0 0 0 0 0 0 0 0 0 0 0 0 0 0 0 0 0 0 0 0 0 0 0 0 0 0 0 0 0 0 0 0 0 0 0 0 0 0 0 0 0 0 0 0 0 0 0 0 0 0 0 0 0 0 0 0 0 0 0 0 0 0 0 0 0 0 0 0 0 0 0 0 0 0 0 0 0 0 0 0 0 0 0 0 0 0 0 0 0 0 0 0 0 0 0 0 0 0 0 0 0 0 0 0 0 0 0 0 0 0 0 0 0 0 0 0 0 0 0 0 0 0 0 0 0 0 0 0 0 0 0 0 0 0 0 0 0 0 0 0 0 0 0 0 0 0 0 0 0 0 0 0 0 0 0 0 0 0 0 0 0 0 0 0 0 0 0 0 0 0 0 0 0 0 0 0 0 0 0 0 0 0 0 0 0 0 0 0 0 0 0 0 0 0 0 0 0 0 0 0 0 0 0 0 0 0 0 0 0 0 0 0 0 0 0 0 0 0 0 0 0 0 0 0 0 0 0 0 0 0 0 0 0 0 0 0 0 0 0 0 0 0 0 0 0 0 0 0 0 0 0 0 0 0 0 0 0 0 0 0 0 0 0 0 0 0 0 0 0 0 0 0 0 0 0 0 0 0 0 0 0 0 0 0 0 0 0 0 0 0 0 0 0 0 0 0 0 0 0 0 0 0 0 0 0 0 0 0 0 0 0 0 0 0 0 0 0 0 0 0 0 0 0 0 0 0 0 0 0 0 0 0 0 0 0 0 0 0 0 0 0 0 0 0 0 0 0 0 0 0 0 0 0 0 0 0 0 0 0 0 0 0 0 0 0 0 0 0 0 0 0 0 0 0 0 0 0 0 0 0 0 0 0 0 0 0 0 0 0 0 0 0 0 0 0 0 0 0 0 0 0 0 0 0 0 0 0 0 0 0 0 0 0 0 0 0 0 0 0 0 0 0 0 0 0 0 0 0 0 0 0 0 0 0 0 0 0 0 0 0 0 0 0 0 0 0 0 0 0 0 0 0 0 0 0 0 0 0 0 0 0 0 0 0 0 0 0 0 0 0 0 0 0 0 0 0 0 0 0 0 0 0 0 0 0 0 0 0 0 0 0 0 0 0 0 0 0 0 0 0 0 0 0 0 0 0 0 0 0 0 0 0 0 0 0 0 0 0 0 0 0 0 0 0 0 0 0 0 0 0 0 0 0 0 0 0 0 0 0 0 0 0 0 0 0 0 0 0 0 0 0 0 0 0 0 0 0 0 0 0 0 0 0 0 0 0 0 0 0 0 0 0 0 0 0 0 0 0 0 0 0 0 0 0 0 0 0 0 0 0 0 0 0 0 0 0 0 0 0 0 0 0 0 0 0 0 0 0 0 0 0 0 0 0 0 0 0 0 0 0 0 0 0 0 0 0 0 0 0 0 0 0 0 0 0 0 0 0 0 0 0 0 0 0 0 0 0 0 0 0 0 0 0 0 0 0 0 0 0 0 0 0 0 0 0 0 0 0 0 0 0 0 0 0 0 0 0 0 0 0 0 0 0 0 0 0 0 0 0 0 0 0 0 0 0 0 0 0 0 0 0 0 0 0 0 0 0 0 0 0 0 0 0 0 0 0 0 0 0 0 0 0 0 0 0 0 0 0 0 0 0 0 0 0 0 0 0 0 0 0 0 0 0 0 0 0 0 0 0 0 0 0 0 0 0 0 0 0 0 0 0 0 0 0 0 0 0 0 0 0 0 0 0 0 0 0 0 0 0 0 0 0 0 0 0 0 0 0 0 0 0 0 0 0 0 0 0 0 0 0 0 0 0 0 0 0 0 0 0 0 0 0 0 0 0 0 0 0 0 0 0 0 0 0 0 0 0 0 0 0 0 0 0 0 0 0 0 0 0 0 0 0 0 0 0 0 0 0 0 0 0 0 0 0 0 0 0 0 0 0 0 0 0 0 0 0 0 0 0 0 0 0 0 0 0 0 0 0 0 0 0 0 0 0 0 0 0 0 0 0 0 0 0 0 0 0 0 0 0 0 0 0 0 0 0 0 0 0 0 0 0 0 0 0 0 0 0 0 0 0 0 0 0 0 0 0 0 0 0 0 0 0 0 0 0 0 0 0 0 0 0 0 0 0 0 0 0 0 0 0 0 0 0 0 0 0 0 0 0 0 0 0 0 0 0 0 0 0 0 0 0 0 0 0 0 0 0 0 0 0 0 0 0 0 0 0 0 0 0 0 0 0 0 0 0 0 0 0 0 0 0 0 0 0 0 0 0 0 0 0 0 0 0 0 0 0 0 0 0 0 0 0 0 0 0 0 0 0 0 0 0 0 0 0 0 0 0 0 0 0 0 0 0 0 0 0 0 0 0 0 0 0 0 0 0 0 0 0 0 0 0 0 0 0 0 0 0 0 0 0 0 0 0 0 0 0 0 0 0 0 0 0 0 0 0 0 0 0 0 0 0 0 0 0 0 0 0 0 0 0 0 0 0 0 0 0 0 0 0 0 0 0 0 0 0 0 0 0 0 0 0 0 0 0 0 0 0 0 0 0 0 0 0 0 0 0 0 0 0 0 0 0 0 0 0 0 0 0 0 0 0 0 0 0 0 0 0 0 0 0 0 0 0 0 0 0 0 0 0 0 0 0 0 0 0 0 0 0 0 0 0 0 0 0 0 0 0 0 0 0 0 0 0 0 0 0 0 0 0 0 0 0 0 0 0 0 0 0 0 0 0 0 0 0 0 0 0 0 0 0 0 0 0 0 0 0 0 0 0 0 0 0 0 0 0 0 0 0 0 0 0 0 0 0 0 0 0 0 0 0 0 0 0 0 0 0 0 0 0 0 0 0 0 0 0 0 0 0 0 0 0 0 0 0 0 0 0 0 0 0 0 0 0 0 0 0 0 0 0 0 0 0 0 0 0 0 0 0 0 0 0 0 0 0 0 0 0 0 0 0 0 0 0 0 0 0 0 0 0 0 0 0 0 0 0 0 0 0 0 0 0 0 0 0 0 0 0 0 0 0 0 0 0 0 0 0 0 0 0 0 0 0 0 0 0 0 0 0 0 0 0 0 0 0 0 0 0 0 0 0 0 0 0 0 0 0 0 0 0 0 0 0 0 0 0 0 0 0 0 0 0 0 0 0 0 0 0 0 0 0 0 0 0 0 0 0 0 0 0 0 0 0 0 0 0 0 0 0 0 0 0 0 0 0 0 0 0 0 0 0 0 0 0 0 0 0 0 0 0 0 0 0 0 0 0 0 0 0 0 0 0 0 0 0 0 0 0 0 0 0 0 0 0 0 0 0 0 0 0 0 0 0 0 0 0 0 0 0 0 0 0 0 0 0 0 0 0 0 0 0 0 0 0 0 0 0 0 0 0 0 0 0 0 0 0 0 0 0 0 0 0 0 0 0 0 0 0 0 0 0 0 0 0 0 0 0 0 0 0 0 0 0 0 0 0 0 0 0 0 0 0 0 0 0 0 0 0 0 0 0 0 0 0 0 0 0 0 0 0 0 0 0 0 0 0 0 0 0 0 0 0 0 0 0 0 0 0 0 0 0 0 0 0 0 0 0 0 0 0 0 0 0 0 0 0 0 0 0 0 0 0 0 0 0 0 0 0 0 0 0 0 0 0 0 0 0 0 0 0 0 0 0 0 0 0 0 0 0 0 0 0 0 0 0 0 0 0 0 0 0 0 0 0 0 0 0 0 0 0 0 0 0 0 0 0 0 0 0 0 0 0 0 0 0 0 0 0 0 0 0 0 0 0 0 0 0 0 0 0 0 0 0 0 0 0 0 0 0 0 0 0 0 0 0 0 0 0 0 0 0 0 0 0 0 0 0 0 0 0 0 0 0 0 0 0 0 0 0 0 0 0 0 0 0 0 0 0 0 0 0 0 0 0 0 0 0 0 0 0 0 0 0 0 0 0 0 0 0 0 0 0 0 0 0 0 0 0 0 0 0 0 0 0 0 0 0 0 0 0 0 0 0 0 0 0 0 0 0 0 0 0 0 0 0 0 0 0 0 0 0 0 0 0 0 0 0 0 0 0 0 0 0 0 0 0 0 0 0 0 0 0 0 0 0 0 0 0 0 0 0 0 0 0 0 0 0 0 0 0 0 0 0 0 0 0 0 0 0 0 0 0 0 0 0 0 0 0 0 0 0 0 0 0 0 0 0 0 0 0 0 0 0 0 0 0 0 0 0 0 0 0 0 0 0 0 0 0 0 0 0 0 0 0 0 0 0 0 0 0 0 0 0 0 0 0 0 0 0 0 0 0 0 0 0 0 0 0 0 0 0 0 0 0 0 0 0 0 0 0 0 0 0 0 0 0 0 0 0 0 0 0 0 0 0 0 0 0 0 0 0 0 0 0 0 0 0 0 0 0 0 0 0 0 0 0 0 0 0 0 0 0 0 0 0 0 0 0 0 0 0 0 0 0 0 0 0 0 0 0 0 0 0 0 0 0 0 0 0 0 0 0 0 0 0 0 0 0 0 0 0 0 0 0 0 0 0 0 0 0 0 0 0 0 0 0 0 0 0 0 0 0 0 0 0 0 0 0 0 0 0 0 0 0 0 0 0 0 0 0 0 0 0 0 0 0 0 0 0 0 0 0 0 0 0 0 0 0 0 0 0 0 0 0 0 0 0 0 0 0 0 0 0 0 0 0 0 0 0 0 0 0 0 0 0 0 0 0 0 0 0 0 0 0 0 0 0 0 0 0 0 0 0 0 0 0 0 0 0 0 0 0 0 0 0 0 0 0 0 0 0 0 0 0 0 0 0 0 0 0 0 0 0 0 0 0 0 0 0 0 0 0 0 0 0 0 0 0 0 0 0 0 0 0 0 0 0 0 0 0 0 0 0 0 0 0 0 0 0 0 0 0 0 0 0 0 0 0 0 0 0 0 0 0 0 0 0 0 0 0 0 0 0 0 0 0 0 0 0 0 0 0 0 0 0 0 0 0 0 0 0 0 0 0 0 0 0 0 0 0 0 0 0 0 0 0 0 0 0 0 0 0 0 0 0 0 0 0 0 0 0
ctxt 14238395
btime 1613064757
processes 337168
procs_running 1
procs_blocked 0
softirq 218789079 1 130461928 2413 2913273 0 0 192 6656214 0 78755058
