cpu  4078851 8 12658 11195096 423 0 357 0 0 0
cpu0 31780 0 634 86818 0 0 148 0 0 0
cpu1 31854 0 57 87547 0 0 20 0 0 0
cpu2 31696 0 121 87615 1 0 2 0 0 0
cpu3 31780 0 129 87537 2 0 3 0 0 0
cpu4 31845 0 123 87475 8 0 1 0 0 0
cpu5 31854 0 52 87547 0 0 0 0 0 0
cpu6 31800 0 114 87541 0 0 1 0 0 0
cpu7 31808 0 89 87553 0 0 3 0 0 0
cpu8 31919 0 141 87381 0 0 3 0 0 0
cpu9 31853 0 61 87540 0 0 0 0 0 0
cpu10 31735 0 152 87549 8 0 4 0 0 0
cpu11 31850 0 77 87529 0 0 0 0 0 0
cpu12 31960 0 168 87304 0 0 1 0 0 0
cpu13 31857 0 58 87540 0 0 0 0 0 0
cpu14 31810 0 100 87541 0 0 2 0 0 0
cpu15 31628 0 268 87526 0 0 30 0 0 0
cpu16 31884 0 172 87379 0 0 4 0 0 0
cpu17 31854 0 56 87542 0 0 0 0 0 0
cpu18 31818 0 94 87541 0 0 1 0 0 0
cpu19 31836 0 66 87550 0 0 0 0 0 0
cpu20 31913 5 174 87336 5 0 5 0 0 0
cpu21 31855 0 61 87534 0 0 0 0 0 0
cpu22 31839 0 94 87518 0 0 3 0 0 0
cpu23 31815 0 110 87524 0 0 1 0 0 0
cpu24 32004 0 160 87268 2 0 2 0 0 0
cpu25 31853 0 57 87540 0 0 0 0 0 0
cpu26 31843 0 73 87533 0 0 1 0 0 0
cpu27 31848 0 74 87526 0 0 0 0 0 0
cpu28 32049 0 204 87183 0 0 1 0 0 0
cpu29 31854 0 54 87542 0 0 0 0 0 0
cpu30 31843 0 77 87528 0 0 2 0 0 0
cpu31 31852 0 68 87526 0 0 0 0 0 0
cpu32 31941 0 174 87291 19 0 1 0 0 0
cpu33 31852 0 56 87538 0 0 0 0 0 0
cpu34 31853 0 57 87533 0 0 0 0 0 0
cpu35 31850 0 70 87527 0 0 0 0 0 0
cpu36 31930 0 177 87310 17 0 0 0 0 0
cpu37 31854 0 59 87533 0 0 0 0 0 0
cpu38 31842 0 78 87511 0 0 0 0 0 0
cpu39 31839 0 81 87523 0 0 2 0 0 0
cpu40 31900 0 124 87408 4 0 0 0 0 0
cpu41 31854 0 56 87532 0 0 0 0 0 0
cpu42 31836 0 78 87528 0 0 0 0 0 0
cpu43 31849 0 73 87520 0 0 0 0 0 0
cpu44 31824 0 114 87495 1 0 6 0 0 0
cpu45 31853 0 56 87535 0 0 0 0 0 0
cpu46 31779 0 122 87533 2 0 4 0 0 0
cpu47 31831 0 80 87528 0 0 0 0 0 0
cpu48 31897 0 131 87443 1 0 0 0 0 0
cpu49 31882 0 54 87501 0 0 0 0 0 0
cpu50 31849 0 64 87526 2 0 0 0 0 0
cpu51 31720 0 91 87636 0 0 7 0 0 0
cpu52 31799 0 123 87509 0 0 7 0 0 0
cpu53 31856 0 56 87527 0 0 0 0 0 0
cpu54 31849 0 64 87522 1 0 1 0 0 0
cpu55 31801 0 112 87524 0 0 1 0 0 0
cpu56 31861 0 102 87425 1 0 16 0 0 0
cpu57 31854 0 54 87525 0 0 0 0 0 0
cpu58 31874 0 60 87505 0 0 0 0 0 0
cpu59 31847 0 73 87517 0 0 0 0 0 0
cpu60 32131 0 121 87182 1 0 0 0 0 0
cpu61 31853 0 52 87526 0 0 0 0 0 0
cpu62 31858 0 66 87510 0 0 0 0 0 0
cpu63 31852 0 68 87518 0 0 0 0 0 0
cpu64 31816 0 135 87474 7 0 2 0 0 0
cpu65 31841 0 60 87532 0 0 0 0 0 0
cpu66 31826 0 73 87533 1 0 0 0 0 0
cpu67 31831 0 88 87516 0 0 0 0 0 0
cpu68 32302 0 148 86972 2 0 1 0 0 0
cpu69 31841 0 62 87530 0 0 0 0 0 0
cpu70 31830 0 86 87516 0 0 1 0 0 0
cpu71 31846 0 73 87513 0 0 0 0 0 0
cpu72 31863 0 81 87475 4 0 0 0 0 0
cpu73 31848 0 55 87522 1 0 0 0 0 0
cpu74 31826 0 93 87491 0 0 0 0 0 0
cpu75 31848 0 76 87505 1 0 0 0 0 0
cpu76 32398 0 266 86630 116 0 0 0 0 0
cpu77 31856 0 55 87518 0 0 0 0 0 0
cpu78 31825 0 84 87516 0 0 0 0 0 0
cpu79 31658 0 237 87496 0 0 36 0 0 0
cpu80 31995 0 152 87261 12 0 2 0 0 0
cpu81 31854 0 68 87507 0 0 0 0 0 0
cpu82 31817 0 98 87493 0 0 1 0 0 0
cpu83 31848 0 87 87487 1 0 2 0 0 0
cpu84 32049 0 189 87060 106 0 4 0 0 0
cpu85 31854 0 86 87473 6 0 0 0 0 0
cpu86 31846 0 72 87507 0 0 0 0 0 0
cpu87 31818 0 105 87499 0 0 1 0 0 0
cpu88 32032 0 145 87244 1 0 0 0 0 0
cpu89 31855 0 63 87506 0 0 0 0 0 0
cpu90 31866 0 79 87466 8 0 0 0 0 0
cpu91 31851 0 74 87500 0 0 0 0 0 0
cpu92 31963 0 157 87297 1 0 0 0 0 0
cpu93 31854 0 60 87511 0 0 0 0 0 0
cpu94 31855 0 81 87480 0 0 0 0 0 0
cpu95 31854 0 90 87475 1 0 0 0 0 0
cpu96 31904 0 218 87294 2 0 0 0 0 0
cpu97 31854 0 62 87503 0 0 0 0 0 0
cpu98 31866 0 72 87480 0 0 0 0 0 0
cpu99 31858 0 72 87490 0 0 0 0 0 0
cpu100 31973 0 171 87258 2 0 0 0 0 0
cpu101 31854 0 55 87513 0 0 0 0 0 0
cpu102 31868 0 86 87464 0 0 0 0 0 0
cpu103 31850 0 70 87500 0 0 0 0 0 0
cpu104 31993 0 131 87294 2 0 0 0 0 0
cpu105 31855 0 59 87505 0 0 0 0 0 0
cpu106 31844 0 73 87504 0 0 0 0 0 0
cpu107 31852 0 64 87497 0 0 0 0 0 0
cpu108 31868 0 74 87459 9 0 0 0 0 0
cpu109 31853 0 74 87490 0 0 0 0 0 0
cpu110 31858 0 66 87488 0 0 0 0 0 0
cpu111 31850 0 74 87491 0 0 0 0 0 0
cpu112 31852 0 73 87488 0 0 0 0 0 0
cpu113 31853 0 64 87499 0 0 0 0 0 0
cpu114 31849 0 58 87505 1 0 0 0 0 0
cpu115 31853 0 73 87491 0 0 0 0 0 0
cpu116 31859 0 80 87468 0 0 0 0 0 0
cpu117 31856 0 74 87471 11 0 0 0 0 0
cpu118 31854 0 73 87482 1 0 0 0 0 0
cpu119 31800 0 109 87499 0 0 0 0 0 0
cpu120 31879 0 88 87442 0 0 0 0 0 0
cpu121 31858 0 59 87498 0 0 0 0 0 0
cpu122 31859 0 67 87485 3 0 0 0 0 0
cpu123 31853 0 74 87481 0 0 0 0 0 0
cpu124 32057 0 110 87235 4 0 0 0 0 0
cpu125 31856 0 56 87496 0 0 0 0 0 0
cpu126 31877 0 76 87446 0 0 0 0 0 0
cpu127 31858 0 90 87460 1 0 0 0 0 0
intr 13093334 130 0 0 0 681 0 0 0 1 0 285 0 0 0 0 0 0 0 0 0 0 0 0 0 0 0 0 0 0 0 0 0 0 0 0 260 0 3292 1 107 1721 295 0 1 531 3 0 3 2 1239 0 0 3958 582 2 0 99 4370 0 0 1007 1861 0 1 0 5648 0 0 2 6 0 0 39 0 0 0 3158 201 2 4 0 230 0 20 0 4 114 0 0 0 0 730 490 33342 0 1 2 11 86 12 0 4008 0 0 0 424 0 0 0 0 0 92 0 748 0 0 3968 446 0 2 438 4689 0 0 1386 0 0 0 0 173 0 14 0 1 0 0 0 3 6 0 0 4 0 0 0 22 0 0 0 0 0 0 0 0 0 0 0 0 0 0 0 0 0 0 0 0 157 737 475 347 10759 2027 6255 128 466 333 280 824 64 143 25 215 731 128 486 132 151 25 7 25 163 1 2 46 5 0 293 9 0 0 0 0 0 0 0 0 0 0 0 0 0 0 0 0 0 0 0 6 0 0 0 20 0 20 2 5 10 0 334 2 5 84 12 3928 13 6 13 184 18 1 5 4 51 89 8 6 4 5 3 1 0 4 9 61 5 236 8 75 226 74 6 2 0 10 1 4 7 1 0 0 2 6 7 15 4 1 4 18 47 0 0 0 0 0 0 0 0 0 0 0 0 0 0 0 0 0 0 0 0 0 0 0 0 0 0 0 0 0 0 0 0 0 0 0 0 0 0 0 0 0 0 0 0 0 0 0 0 0 0 0 0 0 0 0 0 0 0 0 0 0 0 0 0 0 0 0 0 0 0 0 0 0 0 0 0 0 0 0 0 0 0 0 0 0 0 0 0 0 0 0 0 0 0 0 0 0 0 0 0 0 0 0 0 0 0 0 0 0 0 0 0 0 0 0 0 0 0 0 0 0 0 0 0 0 0 0 0 0 0 0 0 0 0 0 0 0 0 0 0 0 0 0 0 0 0 0 0 0 0 0 0 0 0 0 0 0 0 0 0 0 0 0 0 0 0 0 0 0 0 0 0 0 0 0 0 0 0 0 0 0 0 0 0 0 0 0 0 0 0 0 0 0 0 0 0 0 0 0 0 0 0 0 0 0 0 0 0 0 0 0 0 0 0 0 0 0 0 0 0 0 0 0 0 0 0 0 0 0 0 0 0 0 0 0 0 0 0 0 0 0 0 0 0 0 0 0 0 0 0 0 0 0 0 0 0 0 0 0 0 0 0 0 0 0 0 0 0 0 0 0 0 0 0 0 0 0 0 0 0 0 0 0 0 0 0 0 0 0 0 0 0 0 0 0 0 0 0 0 0 0 0 0 0 0 0 0 0 0 0 0 0 0 0 0 0 0 0 0 0 0 0 0 0 0 0 0 0 0 0 0 0 0 0 0 0 0 0 0 0 0 0 0 0 0 0 0 0 0 0 0 0 0 0 0 0 0 0 0 0 0 0 0 0 0 0 0 0 0 0 0 0 0 0 0 0 0 0 0 0 0 0 0 0 0 0 0 0 0 0 0 0 0 0 0 0 0 0 0 0 0 0 0 0 0 0 0 0 0 0 0 0 0 0 0 0 0 0 0 0 0 0 0 3 0 0 0 0 0 0 0 0 0 0 0 0 0 0 0 0 0 0 0 0 0 0 0 21 1 0 0 27 0 0 0 0 0 0 0 0 0 0 0 0 0 0 0 0 0 0 0 0 0 0 0 0 0 0 0 0 0 0 0 49 0 0 0 0 0 0 0 0 0 0 0 0 0 0 0 0 0 0 0 0 0 0 0 0 0 0 0 0 0 0 0 0 0 19 0 0 0 0 0 0 0 0 0 0 0 0 0 0 0 0 0 0 0 0 0 0 0 0 0 0 0 0 0 0 0 0 0 0 0 0 0 0 0 0 0 0 0 0 0 0 0 0 0 0 0 0 0 0 0 0 0 0 0 0 0 0 0 0 0 0 0 0 0 0 0 0 0 0 0 0 0 0 0 0 0 0 0 0 0 0 0 0 0 0 0 0 0 0 0 0 0 0 0 0 0 0 0 0 0 0 0 0 0 0 0 0 0 0 0 0 0 0 0 0 0 0 0 0 0 0 0 0 0 0 0 0 0 0 0 0 0 0 0 0 0 0 0 0 0 0 0 0 0 0 0 0 0 0 0 0 0 0 0 0 0 0 0 0 0 0 0 0 0 0 0 0 0 0 0 0 0 0 0 0 0 0 0 0 0 0 0 0 0 0 0 0 0 0 0 0 0 0 0 0 0 0 0 0 0 0 0 0 0 0 0 0 0 0 0 0 0 0 0 0 0 0 0 0 0 0 0 0 0 0 0 0 0 0 0 0 0 0 0 0 0 0 0 0 0 0 0 0 0 0 0 0 0 0 0 0 0 0 0 0 0 0 0 0 0 0 0 0 0 0 0 0 0 0 0 0 0 0 0 0 0 0 0 0 0 0 0 0 0 0 0 0 0 0 0 0 0 0 0 0 0 0 0 0 0 0 0 0 0 0 0 0 0 0 0 0 0 0 0 0 0 0 0 0 0 0 0 0 0 0 0 0 0 0 0 0 0 0 0 0 0 0 0 0 0 0 0 0 0 0 0 0 0 0 0 0 0 0 0 0 0 0 0 0 0 0 0 0 0 0 0 0 0 0 0 0 0 0 0 0 0 0 0 0 0 0 0 0 0 0 0 0 0 0 0 0 0 0 0 0 0 0 0 0 0 0 0 0 0 0 0 0 0 0 0 0 0 0 0 0 0 0 0 0 0 0 0 0 0 0 0 0 0 0 0 0 0 0 0 0 0 0 0 0 0 0 0 0 0 0 0 0 0 0 0 0 0 0 0 0 0 0 0 0 0 0 0 0 0 0 0 0 0 0 0 0 0 0 0 0 0 0 0 0 0 0 0 0 0 0 0 0 0 0 0 0 0 0 0 0 0 0 0 0 0 0 0 0 0 0 0 0 0 0 0 0 0 0 0 0 0 0 0 0 0 0 0 0 0 0 0 0 0 0 0 0 0 0 0 0 0 0 0 0 0 0 0 0 0 0 0 0 0 0 0 0 0 0 0 0 0 0 0 0 0 0 0 0 0 0 0 0 0 0 0 0 0 0 0 0 0 0 0 0 0 0 0 0 0 0 0 0 0 0 0 0 0 0 0 0 0 0 0 0 0 0 0 0 0 0 0 0 0 0 0 0 0 0 0 0 0 0 0 0 0 0 0 0 0 0 0 0 0 0 0 0 0 0 0 0 0 0 0 0 0 0 0 0 0 0 0 0 0 0 0 0 0 0 0 0 0 0 0 0 0 0 0 0 0 0 0 0 0 0 0 0 0 0 0 0 0 0 0 0 0 0 0 0 0 0 0 0 0 0 0 0 0 0 0 0 0 0 0 0 0 0 0 0 0 0 0 0 0 0 0 0 0 0 0 0 0 0 0 0 0 0 0 0 0 0 0 0 0 0 0 0 0 0 0 0 0 0 0 0 0 0 0 0 0 0 0 0 0 0 0 0 0 0 0 0 0 0 0 0 0 0 0 0 0 0 0 0 0 0 0 0 0 0 0 0 0 0 0 0 0 0 0 0 0 0 0 0 0 0 0 0 0 0 0 0 0 0 0 0 0 0 0 0 0 0 0 0 0 0 0 0 0 0 0 0 0 0 0 0 0 0 0 0 0 0 0 0 0 0 0 0 0 0 0 0 0 0 0 0 0 0 0 0 0 0 0 0 0 0 0 0 0 0 0 0 0 0 0 0 0 0 0 0 0 0 0 0 0 0 0 0 0 0 0 0 0 0 0 0 0 0 0 0 0 0 0 0 0 0 0 0 0 0 0 0 0 0 0 0 0 0 0 0 0 0 0 0 0 0 0 0 0 0 0 0 0 0 0 0 0 0 0 0 0 0 0 0 0 0 0 0 0 0 0 0 0 0 0 0 0 0 0 0 0 0 0 0 0 0 0 0 0 0 0 0 0 0 0 0 0 0 0 0 0 0 0 0 0 0 0 0 0 0 0 0 0 0 0 0 0 0 0 0 0 0 0 0 0 0 0 0 0 0 0 0 0 0 0 0 0 0 0 0 0 0 0 0 0 0 0 0 0 0 0 0 0 0 0 0 0 0 0 0 0 0 0 0 0 0 0 0 0 0 0 0 0 0 0 0 0 0 0 0 0 0 0 0 0 0 0 0 0 0 0 0 0 0 0 0 0 0 0 0 0 0 0 0 0 0 0 0 0 0 0 0 0 0 0 0 0 0 0 0 0 0 0 0 0 0 0 0 0 0 0 0 0 0 0 0 0 0 0 0 0 0 0 0 0 0 0 0 0 0 0 0 0 0 0 0 0 0 0 0 0 0 0 0 0 0 0 0 0 0 0 0 0 0 0 0 0 0 0 0 0 0 0 0 0 0 0 0 0 0 0 0 0 0 0 0 0 0 0 0 0 0 0 0 0 0 0 0 0 0 0 0 0 0 0 0 0 0 0 0 0 0 0 0 0 0 0 0 0 0 0 0 0 0 0 0 0 0 0 0 0 0 0 0 0 0 0 0 0 0 0 0 0 0 0 0 0 0 0 0 0 0 0 0 0 0 0 0 0 0 0 0 0 0 0 0 0 0 0 0 0 0 0 0 0 0 0 0 0 0 0 0 0 0 0 0 0 0 0 0 0 0 0 0 0 0 0 0 0 0 0 0 0 0 0 0 0 0 0 0 0 0 0 0 0 0 0 0 0 0 0 0 0 0 0 0 0 0 0 0 0 0 0 0 0 0 0 0 0 0 0 0 0 0 0 0 0 0 0 0 0 0 0 0 0 0 0 0 0 0 0 0 0 0 0 0 0 0 0 0 0 0 0 0 0 0 0 0 0 0 0 0 0 0 0 0 0 0 0 0 0 0 0 0 0 0 0 0 0 0 0 0 0 0 0 0 0 0 0 0 0 0 0 0 0 0 0 0 0 0 0 0 0 0 0 0 0 0 0 0 0 0 0 0 0 0 0 0 0 0 0 0 0 0 0 0 0 0 0 0 0 0 0 0 0 0 0 0 0 0 0 0 0 0 0 0 0 0 0 0 0 0 0 0 0 0 0 0 0 0 0 0 0 0 0 0 0 0 0 0 0 0 0 0 0 0 0 0 0 0 0 0 0 0 0 0 0 0 0 0 0 0 0 0 0 0 0 0 0 0 0 0 0 0 0 0 0 0 0 0 0 0 0 0 0 0 0 0 0 0 0 0 0 0 0 0 0 0 0 0 0 0 0 0 0 0 0 0 0 0 0 0 0 0 0 0 0 0 0 0 0 0 0 0 0 0 0 0 0 0 0 0 0 0 0 0 0 0 0 0 0 0 0 0 0 0 0 0 0 0 0 0 0 0 0 0 0 0 0 0 0 0 0 0 0 0 0 0 0 0 0 0 0 0 0 0 0 0 0 0 0 0 0 0 0 0 0 0 0 0 0 0 0 0 0 0 0 0 0 0 0 0 0 0 0 0 0 0 0 0 0 0 0 0 0 0 0 0 0 0 0 0 0 0 0 0 0 0 0 0 0 0 0 0 0 0 0 0 0 0 0 0 0 0 0 0 0 0 0 0 0 0 0 0 0 0 0 0 0 0 0 0 0 0 0 0 0 0 0 0 0 0 0 0 0 0 0 0 0 0 0 0 0 0 0 0 0 0 0 0 0 0 0 0 0 0 0 0 0 0 0 0 0 0 0 0 0 0 0 0 0 0 0 0 0 0 0 0 0 0 0 0 0 0 0 0 0 0 0 0 0 0 0 0 0 0 0 0 0 0 0 0 0 0 0 0 0 0 0 0 0 0 0 0 0 0 0 0 0 0 0 0 0 0 0 0 0 0 0 0 0 0 0 0 0 0 0 0 0 0 0 0 0 0 0 0 0 0 0 0 0 0 0 0 0 0 0 0 0 0 0 0 0 0 0 0 0 0 0 0 0 0 0 0 0 0 0 0 0 0 0 0 0 0 0 0 0 0 0 0 0 0 0 0 0 0 0 0 0 0 0 0 0 0 0 0 0 0 0 0 0 0 0 0 0 0 0 0 0 0 0 0 0 0 0 0 0 0 0 0 0 0 0 0 0 0 0 0 0 0 0 0 0 0 0 0 0 0 0 0 0 0 0 0 0 0 0 0 0 0 0 0 0 0 0 0 0 0 0 0 0 0 0 0 0 0 0 0 0 0 0 0 0 0 0 0 0 0 0 0 0 0 0 0 0 0 0 0 0 0 0 0 0 0 0 0 0 0 0 0 0 0 0 0 0 0 0 0 0 0 0 0 0 0 0 0 0 0 0 0 0 0 0 0 0 0 0 0 0 0 0 0 0 0 0 0 0 0 0 0 0 0 0 0 0 0 0 0 0 0 0 0 0 0 0 0 0 0 0 0 0 0 0 0 0 0 0 0 0 0 0 0 0 0 0 0 0 0 0 0 0 0 0 0 0 0 0 0 0 0 0 0 0 0 0 0 0 0 0 0 0 0 0 0 0 0 0 0 0 0 0 0 0 0 0 0 0 0 0 0 0 0 0 0 0 0 0 0 0 0 0 0 0 0 0 0 0 0 0 0 0 0 0 0 0 0 0 0 0 0 0 0 0 0 0 0 0 0 0 0 0 0 0 0 0 0 0 0 0 0 0 0 0 0 0 0 0 0 0 0 0 0 0 0 0 0 0 0 0 0 0 0 0 0 0 0 0 0 0 0 0 0 0 0 0 0 0 0 0 0 0 0 0 0 0 0 0 0 0 0 0 0 0 0 0 0 0 0 0 0 0 0 0 0 0 0 0 0 0 0 0 0 0 0 0 0 0 0 0 0 0 0 0 0 0 0 0 0 0 0 0 0 0 0 0 0 0 0 0 0 0 0 0 0 0 0 0 0 0 0 0 0 0 0 0 0 0 0 0 0 0 0 0 0 0 0 0 0 0 0 0 0 0 0 0 0 0 0 0 0 0 0 0 0 0 0 0 0 0 0 0 0 0 0 0 0 0 0 0 0 0 0 0 0 0 0 0 0 0 0 0 0 0 0 0 0 0 0 0 0 0 0 0 0 0 0 0 0 0 0 0 0 0 0 0 0 0 0 0 0 0 0 0 0 0 0 0 0 0 0 0 0 0 0 0 0 0 0 0 0 0 0 0 0 0 0 0 0 0 0 0 0 0 0 0 0 0 0 0 0 0 0 0 0 0 0 0 0 0 0 0 0 0 0 0 0 0 0 0 0 0 0 0 0 0 0 0 0 0 0 0 0 0 0 0 0 0 0 0 0 0 0 0 0 0 0 0 0 0 0 0 0 0 0 0 0 0 0 0 0 0 0 0 0 0 0 0 0 0 0 0 0 0 0 0 0 0 0 0 0 0 0 0 0 0 0 0 0 0 0 0 0 0 0 0 0 0 0 0 0 0 0 0 0 0 0 0 0 0 0 0 0 0 0 0 0 0 0 0 0 0 0 0 0 0 0 0 0 0 0 0 0 0 0 0 0 0 0 0 0 0 0 0 0 0 0 0 0 0 0 0 0 0 0 0 0 0 0 0 0 0 0 0 0 0 0 0 0 0 0 0 0 0 0 0 0 0 0 0 0 0 0 0 0 0 0 0 0 0 0 0 0 0 0 0 0 0 0 0 0 0 0 0 0 0 0 0 0 0 0 0 0 0 0 0 0 0 0 0 0 0 0 0 0 0 0 0 0 0 0 0 0 0 0 0 0 0 0 0 0 0 0 0 0 0 0 0 0 0 0 0 0 0 0 0 0 0 0 0 0 0 0 0 0 0 0 0 0 0 0 0 0 0 0 0 0 0 0 0 0 0 0 0 0 0 0 0 0 0 0 0 0 0 0 0 0 0 0 0 0 0 0 0 0 0 0 0 0 0 0 0 0 0 0 0 0 0 0 0 0 0 0 0 0 0 0 0 0 0 0 0 0 0 0 0 0 0 0 0 0 0 0 0 0 0 0 0 0 0 0 0 0 0 0 0 0 0 0 0 0 0 0 0 0 0 0 0 0 0 0 0 0 0 0 0 0 0 0 0 0 0 0 0 0 0 0 0 0 0 0 0 0 0 0 0 0 0 0 0 0 0 0 0 0 0 0 0 0 0 0 0 0 0 0 0 0 0 0 0 0 0 0 0 0 0 0 0 0 0 0 0 0 0 0 0 0 0 0 0 0 0 0 0 0 0 0 0 0 0 0 0 0 0 0 0 0 0 0 0 0 0 0 0 0 0 0 0 0 0 0 0 0 0 0 0 0 0 0 0 0 0 0 0 0 0 0 0 0 0 0 0 0 0 0 0 0 0 0 0 0 0 0 0 0 0 0 0 0 0 0 0 0 0 0 0 0 0 0 0 0 0 0 0 0 0 0 0 0 0 0 0 0 0 0 0 0 0 0 0 0 0 0 0 0 0 0 0 0 0 0 0 0 0 0 0 0 0 0 0 0 0 0 0 0 0 0 0 0 0 0 0 0 0 0 0 0 0 0 0 0 0 0 0 0 0 0 0 0 0 0 0 0 0 0 0 0 0 0 0 0 0 0 0 0 0 0 0 0 0 0 0 0 0 0 0 0 0 0 0 0 0 0 0 0 0 0 0 0 0 0 0 0 0 0 0 0 0 0 0 0 0 0 0 0 0 0 0 0 0 0 0 0 0 0 0 0 0 0 0 0 0 0 0 0 0 0 0 0 0 0 0 0 0 0 0 0 0 0 0 0 0 0 0 0 0 0 0 0 0 0 0 0 0 0 0 0 0 0 0 0 0 0 0 0 0 0 0 0 0 0 0 0 0 0 0 0 0 0 0 0 0 0 0 0 0 0 0 0 0 0 0 0 0 0 0 0 0 0 0 0 0 0 0 0 0 0 0 0 0 0 0 0 0 0 0 0 0 0 0 0 0 0 0 0 0 0 0 0 0 0 0 0 0 0 0 0 0 0 0 0 0 0 0 0 0 0 0 0 0 0 0 0 0 0 0 0 0 0 0 0 0 0 0 0 0 0 0 0 0 0 0 0 0 0 0 0 0 0 0 0 0 0 0 0 0 0 0 0 0 0 0 0 0 0 0 0 0 0 0 0 0 0 0 0 0 0 0 0 0 0 0 0 0 0 0 0 0 0 0 0 0 0 0 0 0 0 0 0 0 0 0 0 0 0 0 0 0 0 0 0 0 0 0 0 0 0 0 0 0 0 0 0 0 0 0 0 0 0 0 0 0 0 0 0 0 0 0 0 0 0 0 0 0 0 0 0 0 0 0 0 0 0 0 0 0 0 0 0 0 0 0 0 0 0 0 0 0 0 0 0 0 0 0 0 0 0 0 0 0 0 0 0 0 0 0 0 0 0 0 0 0 0 0 0 0 0 0 0 0 0 0 0 0 0 0 0 0 0 0 0 0 0 0 0 0 0 0 0 0 0 0 0 0 0 0 0 0 0 0 0 0 0 0 0 0 0 0 0 0 0 0 0 0 0 0 0 0 0 0 0 0 0 0 0 0 0 0 0 0 0 0 0 0 0 0 0 0 0 0 0 0 0 0 0 0 0 0 0 0 0 0 0 0 0 0 0 0 0 0 0 0 0 0 0 0 0 0 0 0 0 0 0 0 0 0 0 0 0 0 0 0 0 0 0 0 0 0 0 0 0 0 0 0 0 0 0 0 0 0 0 0 0 0 0 0 0 0 0 0 0 0 0 0 0 0 0 0 0 0 0 0 0 0 0 0 0 0 0 0 0 0 0 0 0 0 0 0 0 0 0 0 0 0 0 0 0 0 0 0 0 0 0 0 0 0 0 0 0 0 0 0 0 0 0 0 0 0 0 0 0 0 0 0 0 0 0 0 0 0 0 0 0 0 0 0 0 0 0 0 0 0 0 0 0 0 0 0 0 0 0 0 0 0 0 0 0 0 0 0 0 0 0 0 0 0 0 0 0 0 0 0 0 0 0 0 0 0 0 0 0 0 0 0 0 0 0 0 0 0 0 0 0 0 0 0 0 0 0 0 0 0 0 0 0 0
ctxt 1655510
btime 1613122782
processes 32954
procs_running 1
procs_blocked 0
softirq 13188453 1 7550923 910 272779 0 0 166 586228 0 4777446
