cpu  12497482 7 15519 27743005 488 0 680 0 0 0
cpu0 97661 0 386 215977 0 0 122 0 0 0
cpu1 97686 0 69 216770 0 0 2 0 0 0
cpu2 97641 0 106 216769 0 0 0 0 0 0
cpu3 97149 0 410 216912 7 0 22 0 0 0
cpu4 97642 0 112 216787 0 0 2 0 0 0
cpu5 97669 0 59 216798 0 0 16 0 0 0
cpu6 97628 0 112 216757 0 0 9 0 0 0
cpu7 97279 0 358 216852 0 0 24 0 0 0
cpu8 97653 0 92 216791 0 0 2 0 0 0
cpu9 97688 0 57 216795 0 0 0 0 0 0
cpu10 97839 0 86 216610 0 0 0 0 0 0
cpu11 97596 0 162 216770 0 0 5 0 0 0
cpu12 97627 0 134 216777 0 0 2 0 0 0
cpu13 97684 0 58 216794 0 0 0 0 0 0
cpu14 97697 0 65 216768 0 0 3 0 0 0
cpu15 97587 0 212 216713 0 0 19 0 0 0
cpu16 97640 0 111 216782 0 0 1 0 0 0
cpu17 97675 0 56 216801 0 0 0 0 0 0
cpu18 97720 0 69 216747 0 0 0 0 0 0
cpu19 97670 0 138 216715 2 0 5 0 0 0
cpu20 97674 0 86 216779 0 0 1 0 0 0
cpu21 97691 0 54 216796 0 0 0 0 0 0
cpu22 97689 0 54 216785 0 0 0 0 0 0
cpu23 97708 2 216 216598 0 0 8 0 0 0
cpu24 97666 0 118 216746 0 0 2 0 0 0
cpu25 97687 0 43 216803 0 0 0 0 0 0
cpu26 97388 0 174 216917 0 0 12 0 0 0
cpu27 97538 0 258 216676 0 0 11 0 0 0
cpu28 97688 0 193 216572 0 0 0 0 0 0
cpu29 97690 0 52 216779 0 0 0 0 0 0
cpu30 97611 0 128 216790 0 0 2 0 0 0
cpu31 97614 0 236 216653 1 0 8 0 0 0
cpu32 97666 0 65 216798 0 0 1 0 0 0
cpu33 97676 0 60 216719 0 0 20 0 0 0
cpu34 97587 0 141 216794 0 0 13 0 0 0
cpu35 97802 0 293 216415 2 0 9 0 0 0
cpu36 97622 0 130 216768 0 0 0 0 0 0
cpu37 97691 0 55 216778 0 0 0 0 0 0
cpu38 97673 0 68 216788 0 0 1 0 0 0
cpu39 97802 0 317 216400 6 0 1 0 0 0
cpu40 97686 0 98 216734 0 0 0 0 0 0
cpu41 97689 0 50 216791 1 0 0 0 0 0
cpu42 97652 0 86 216783 0 0 4 0 0 0
cpu43 97673 0 277 216525 28 0 8 0 0 0
cpu44 95722 0 342 218383 0 0 35 0 0 0
cpu45 97693 0 49 216780 0 0 0 0 0 0
cpu46 97718 0 61 216744 0 0 0 0 0 0
cpu47 97604 0 485 216344 2 0 44 0 0 0
cpu48 97689 0 59 216776 0 0 0 0 0 0
cpu49 97692 0 50 216773 0 0 0 0 0 0
cpu50 97703 0 71 216750 1 0 0 0 0 0
cpu51 97629 0 152 216725 2 0 2 0 0 0
cpu52 97687 0 58 216782 0 0 0 0 0 0
cpu53 97694 0 58 216762 2 0 0 0 0 0
cpu54 97686 0 62 216769 0 0 0 0 0 0
cpu55 97524 0 202 216776 5 0 7 0 0 0
cpu56 97690 0 58 216779 0 0 0 0 0 0
cpu57 97628 0 52 216836 0 0 0 0 0 0
cpu58 97677 0 66 216779 1 0 2 0 0 0
cpu59 97480 0 174 216767 77 0 8 0 0 0
cpu60 97524 0 222 216747 2 0 29 0 0 0
cpu61 97682 0 50 216788 0 0 0 0 0 0
cpu62 97643 0 80 216791 0 0 3 0 0 0
cpu63 97674 0 167 216661 0 0 6 0 0 0
cpu64 97656 0 81 216781 0 0 0 0 0 0
cpu65 97676 0 65 216775 0 0 0 0 0 0
cpu66 97635 0 106 216774 1 0 2 0 0 0
cpu67 97636 0 206 216566 88 0 3 0 0 0
cpu68 97362 0 170 216954 0 0 6 0 0 0
cpu69 97678 0 57 216776 1 0 0 0 0 0
cpu70 97554 0 181 216766 0 0 14 0 0 0
cpu71 97772 0 182 216522 31 0 3 0 0 0
cpu72 97665 0 84 216763 0 0 0 0 0 0
cpu73 97674 0 43 216795 0 0 0 0 0 0
cpu74 97750 0 67 216704 0 0 0 0 0 0
cpu75 97545 0 214 216716 2 0 12 0 0 0
cpu76 97456 0 88 216952 0 0 4 0 0 0
cpu77 97690 0 40 216785 0 0 0 0 0 0
cpu78 97694 0 50 216760 0 0 0 0 0 0
cpu79 97616 0 138 216728 2 0 3 0 0 0
cpu80 97659 0 85 216770 1 0 0 0 0 0
cpu81 97668 0 42 216793 0 0 0 0 0 0
cpu82 97618 0 56 216827 0 0 0 0 0 0
cpu83 97654 0 122 216723 1 0 6 0 0 0
cpu84 97677 0 71 216761 0 0 0 0 0 0
cpu85 97660 0 44 216801 0 0 0 0 0 0
cpu86 97738 0 58 216713 1 0 0 0 0 0
cpu87 97662 1 139 216690 4 0 7 0 0 0
cpu88 97687 0 56 216768 0 0 0 0 0 0
cpu89 97689 0 48 216774 0 0 0 0 0 0
cpu90 97331 0 180 216984 0 0 2 0 0 0
cpu91 97390 0 173 216895 1 0 11 0 0 0
cpu92 97686 0 72 216744 1 0 0 0 0 0
cpu93 97683 0 46 216773 0 0 0 0 0 0
cpu94 97356 0 129 217015 0 0 2 0 0 0
cpu95 97612 0 189 216672 1 0 6 0 0 0
cpu96 97688 0 64 216751 5 0 0 0 0 0
cpu97 97686 0 52 216766 0 0 0 0 0 0
cpu98 97675 0 63 216759 0 0 0 0 0 0
cpu99 97760 2 218 216535 2 0 4 0 0 0
cpu100 97689 0 57 216760 0 0 0 0 0 0
cpu101 97680 0 64 216758 0 0 0 0 0 0
cpu102 97621 0 86 216792 0 0 4 0 0 0
cpu103 97851 0 273 216374 5 0 0 0 0 0
cpu104 97687 0 60 216749 0 0 0 0 0 0
cpu105 97685 0 64 216750 0 0 0 0 0 0
cpu106 97298 0 76 217100 0 0 2 0 0 0
cpu107 97914 0 201 216375 7 0 0 0 0 0
cpu108 97692 0 76 216721 7 0 0 0 0 0
cpu109 97686 0 46 216766 0 0 0 0 0 0
cpu110 97690 0 54 216754 0 0 0 0 0 0
cpu111 97864 0 564 215967 1 0 72 0 0 0
cpu112 97699 0 73 216729 0 0 0 0 0 0
cpu113 97689 0 47 216761 0 0 0 0 0 0
cpu114 97686 0 66 216733 11 0 0 0 0 0
cpu115 98200 0 316 215890 70 0 3 0 0 0
cpu116 97644 0 100 216748 0 0 4 0 0 0
cpu117 97688 0 51 216750 0 0 0 0 0 0
cpu118 97686 0 55 216745 0 0 0 0 0 0
cpu119 97357 0 150 216969 4 0 2 0 0 0
cpu120 97690 0 62 216745 0 0 1 0 0 0
cpu121 97690 0 55 216749 1 0 0 0 0 0
cpu122 97683 0 56 216758 0 0 0 0 0 0
cpu123 97791 0 167 216477 54 0 2 0 0 0
cpu124 97692 0 50 216751 1 0 0 0 0 0
cpu125 97690 0 62 216738 0 0 0 0 0 0
cpu126 97670 0 66 216752 1 0 0 0 0 0
cpu127 97547 0 172 216762 1 0 2 0 0 0
intr 36568332 130 0 0 0 683 0 0 0 1 0 285 0 0 0 0 0 0 0 0 0 0 0 0 0 0 0 0 0 0 0 0 0 0 0 0 260 0 5 2 838 3263 190 7308 2539 3331 0 3 97 3270 0 0 4782 6586 3 0 20 2211 17 0 0 2454 0 0 651 1671 838 1 2 2171 3 37812 148 1683 9 8 0 634 131 6 1098 4944 344 0 0 1985 0 326 5 1999 0 0 0 1470 0 0 743 4491 0 0 3031 1719 0 0 2963 1712 614 0 466 2367 0 0 2 3321 158 0 0 2715 0 0 0 3285 11 0 1 2399 0 0 140 2835 0 0 0 1901 0 0 0 1242 0 0 0 324 0 1 1693 802 0 0 0 2432 0 0 0 513 0 0 0 0 0 0 0 0 0 0 0 0 0 163 162 1 62 4 80 206 15 155 1 3 0 9 0 6 0 10 141 11 3 764 3 128 2 84 12 69 14 100 62 7 9 4 0 0 0 0 0 0 0 0 0 0 0 0 0 0 0 0 0 69 7 81 8 70 10 3 1 3 3 44 0 6 26 6 136 39 19 7 19 33 76 0 0 8 0 1 25 0 32 0 1 1 0 6 385 0 0 37 6200 5114 109 265 471 547 289 184 137 205 636 61 186 393 3008 20 77 221 532 31 9906 114 546 74 0 0 0 0 0 0 0 0 0 0 0 0 0 0 0 0 0 0 0 0 0 0 0 0 0 0 0 0 0 0 0 0 0 0 0 0 0 0 0 0 0 0 0 0 0 0 0 0 0 0 0 0 0 0 0 0 0 0 0 0 0 0 0 0 0 0 0 0 0 0 0 0 0 0 0 0 0 0 0 0 0 0 0 0 0 0 0 0 0 0 0 0 0 0 0 0 0 0 0 0 0 0 0 0 0 0 0 0 0 0 0 0 0 0 0 0 0 0 0 0 0 0 0 0 0 0 0 0 0 0 0 0 0 0 0 0 0 0 0 0 0 0 0 0 0 0 0 0 0 0 0 0 0 0 0 0 0 0 0 0 0 0 0 0 0 0 0 0 0 0 0 0 0 0 0 0 0 0 0 0 0 0 0 0 0 0 0 0 0 0 0 0 0 0 0 0 0 0 0 0 0 0 0 0 0 0 0 0 0 0 0 0 0 0 0 0 0 0 0 0 0 0 0 0 0 0 0 0 0 0 0 0 0 0 0 0 0 0 0 0 0 0 0 0 0 0 0 0 0 0 0 0 0 0 0 0 0 0 0 0 0 0 0 0 0 0 0 0 0 0 0 0 0 0 0 0 0 0 0 0 0 0 0 0 0 0 0 0 0 0 0 0 0 0 0 0 0 0 0 0 0 0 0 0 0 0 0 0 0 0 0 0 0 0 0 0 0 0 0 0 0 0 0 0 0 0 0 0 0 0 0 0 0 0 0 0 0 0 0 0 0 0 0 0 0 0 0 0 0 0 0 0 0 0 0 0 0 0 0 0 0 0 0 0 0 0 0 0 0 0 0 0 0 0 0 0 0 0 0 0 0 0 0 0 0 0 0 0 0 0 0 0 0 0 0 0 0 0 0 0 0 0 0 0 0 0 0 0 0 0 0 0 0 0 0 0 0 0 0 0 0 0 0 4 0 0 0 0 0 0 0 47 0 0 48 0 0 0 0 0 0 0 0 0 0 0 0 1 0 0 0 0 0 0 0 0 0 0 0 0 0 0 0 0 0 0 0 0 0 0 0 0 0 0 0 0 0 0 0 0 0 0 0 0 0 0 0 0 0 0 0 0 0 0 0 0 0 0 0 0 0 0 0 0 0 0 0 0 0 0 0 0 0 0 0 0 0 20 0 0 0 0 0 0 0 0 0 0 0 0 0 0 0 0 0 0 0 0 0 0 0 0 0 0 0 0 0 0 0 0 0 0 0 0 0 0 0 0 0 0 0 0 0 0 0 0 0 0 0 0 0 0 0 0 0 0 0 0 0 0 0 0 0 0 0 0 0 0 0 0 0 0 0 0 0 0 0 0 0 0 0 0 0 0 0 0 0 0 0 0 0 0 0 0 0 0 0 0 0 0 0 0 0 0 0 0 0 0 0 0 0 0 0 0 0 0 0 0 0 0 0 0 0 0 0 0 0 0 0 0 0 0 0 0 0 0 0 0 0 0 0 0 0 0 0 0 0 0 0 0 0 0 0 0 0 0 0 0 0 0 0 0 0 0 0 0 0 0 0 0 0 0 0 0 0 0 0 0 0 0 0 0 0 0 0 0 0 0 0 0 0 0 0 0 0 0 0 0 0 0 0 0 0 0 0 0 0 0 0 0 0 0 0 0 0 0 0 0 0 0 0 0 0 0 0 0 0 0 0 0 0 0 0 0 0 0 0 0 0 0 0 0 0 0 0 0 0 0 0 0 0 0 0 0 0 0 0 0 0 0 0 0 0 0 0 0 0 0 0 0 0 0 0 0 0 0 0 0 0 0 0 0 0 0 0 0 0 0 0 0 0 0 0 0 0 0 0 0 0 0 0 0 0 0 0 0 0 0 0 0 0 0 0 0 0 0 0 0 0 0 0 0 0 0 0 0 0 0 0 0 0 0 0 0 0 0 0 0 0 0 0 0 0 0 0 0 0 0 0 0 0 0 0 0 0 0 0 0 0 0 0 0 0 0 0 0 0 0 0 0 0 0 0 0 0 0 0 0 0 0 0 0 0 0 0 0 0 0 0 0 0 0 0 0 0 0 0 0 0 0 0 0 0 0 0 0 0 0 0 0 0 0 0 0 0 0 0 0 0 0 0 0 0 0 0 0 0 0 0 0 0 0 0 0 0 0 0 0 0 0 0 0 0 0 0 0 0 0 0 0 0 0 0 0 0 0 0 0 0 0 0 0 0 0 0 0 0 0 0 0 0 0 0 0 0 0 0 0 0 0 0 0 0 0 0 0 0 0 0 0 0 0 0 0 0 0 0 0 0 0 0 0 0 0 0 0 0 0 0 0 0 0 0 0 0 0 0 0 0 0 0 0 0 0 0 0 0 0 0 0 0 0 0 0 0 0 0 0 0 0 0 0 0 0 0 0 0 0 0 0 0 0 0 0 0 0 0 0 0 0 0 0 0 0 0 0 0 0 0 0 0 0 0 0 0 0 0 0 0 0 0 0 0 0 0 0 0 0 0 0 0 0 0 0 0 0 0 0 0 0 0 0 0 0 0 0 0 0 0 0 0 0 0 0 0 0 0 0 0 0 0 0 0 0 0 0 0 0 0 0 0 0 0 0 0 0 0 0 0 0 0 0 0 0 0 0 0 0 0 0 0 0 0 0 0 0 0 0 0 0 0 0 0 0 0 0 0 0 0 0 0 0 0 0 0 0 0 0 0 0 0 0 0 0 0 0 0 0 0 0 0 0 0 0 0 0 0 0 0 0 0 0 0 0 0 0 0 0 0 0 0 0 0 0 0 0 0 0 0 0 0 0 0 0 0 0 0 0 0 0 0 0 0 0 0 0 0 0 0 0 0 0 0 0 0 0 0 0 0 0 0 0 0 0 0 0 0 0 0 0 0 0 0 0 0 0 0 0 0 0 0 0 0 0 0 0 0 0 0 0 0 0 0 0 0 0 0 0 0 0 0 0 0 0 0 0 0 0 0 0 0 0 0 0 0 0 0 0 0 0 0 0 0 0 0 0 0 0 0 0 0 0 0 0 0 0 0 0 0 0 0 0 0 0 0 0 0 0 0 0 0 0 0 0 0 0 0 0 0 0 0 0 0 0 0 0 0 0 0 0 0 0 0 0 0 0 0 0 0 0 0 0 0 0 0 0 0 0 0 0 0 0 0 0 0 0 0 0 0 0 0 0 0 0 0 0 0 0 0 0 0 0 0 0 0 0 0 0 0 0 0 0 0 0 0 0 0 0 0 0 0 0 0 0 0 0 0 0 0 0 0 0 0 0 0 0 0 0 0 0 0 0 0 0 0 0 0 0 0 0 0 0 0 0 0 0 0 0 0 0 0 0 0 0 0 0 0 0 0 0 0 0 0 0 0 0 0 0 0 0 0 0 0 0 0 0 0 0 0 0 0 0 0 0 0 0 0 0 0 0 0 0 0 0 0 0 0 0 0 0 0 0 0 0 0 0 0 0 0 0 0 0 0 0 0 0 0 0 0 0 0 0 0 0 0 0 0 0 0 0 0 0 0 0 0 0 0 0 0 0 0 0 0 0 0 0 0 0 0 0 0 0 0 0 0 0 0 0 0 0 0 0 0 0 0 0 0 0 0 0 0 0 0 0 0 0 0 0 0 0 0 0 0 0 0 0 0 0 0 0 0 0 0 0 0 0 0 0 0 0 0 0 0 0 0 0 0 0 0 0 0 0 0 0 0 0 0 0 0 0 0 0 0 0 0 0 0 0 0 0 0 0 0 0 0 0 0 0 0 0 0 0 0 0 0 0 0 0 0 0 0 0 0 0 0 0 0 0 0 0 0 0 0 0 0 0 0 0 0 0 0 0 0 0 0 0 0 0 0 0 0 0 0 0 0 0 0 0 0 0 0 0 0 0 0 0 0 0 0 0 0 0 0 0 0 0 0 0 0 0 0 0 0 0 0 0 0 0 0 0 0 0 0 0 0 0 0 0 0 0 0 0 0 0 0 0 0 0 0 0 0 0 0 0 0 0 0 0 0 0 0 0 0 0 0 0 0 0 0 0 0 0 0 0 0 0 0 0 0 0 0 0 0 0 0 0 0 0 0 0 0 0 0 0 0 0 0 0 0 0 0 0 0 0 0 0 0 0 0 0 0 0 0 0 0 0 0 0 0 0 0 0 0 0 0 0 0 0 0 0 0 0 0 0 0 0 0 0 0 0 0 0 0 0 0 0 0 0 0 0 0 0 0 0 0 0 0 0 0 0 0 0 0 0 0 0 0 0 0 0 0 0 0 0 0 0 0 0 0 0 0 0 0 0 0 0 0 0 0 0 0 0 0 0 0 0 0 0 0 0 0 0 0 0 0 0 0 0 0 0 0 0 0 0 0 0 0 0 0 0 0 0 0 0 0 0 0 0 0 0 0 0 0 0 0 0 0 0 0 0 0 0 0 0 0 0 0 0 0 0 0 0 0 0 0 0 0 0 0 0 0 0 0 0 0 0 0 0 0 0 0 0 0 0 0 0 0 0 0 0 0 0 0 0 0 0 0 0 0 0 0 0 0 0 0 0 0 0 0 0 0 0 0 0 0 0 0 0 0 0 0 0 0 0 0 0 0 0 0 0 0 0 0 0 0 0 0 0 0 0 0 0 0 0 0 0 0 0 0 0 0 0 0 0 0 0 0 0 0 0 0 0 0 0 0 0 0 0 0 0 0 0 0 0 0 0 0 0 0 0 0 0 0 0 0 0 0 0 0 0 0 0 0 0 0 0 0 0 0 0 0 0 0 0 0 0 0 0 0 0 0 0 0 0 0 0 0 0 0 0 0 0 0 0 0 0 0 0 0 0 0 0 0 0 0 0 0 0 0 0 0 0 0 0 0 0 0 0 0 0 0 0 0 0 0 0 0 0 0 0 0 0 0 0 0 0 0 0 0 0 0 0 0 0 0 0 0 0 0 0 0 0 0 0 0 0 0 0 0 0 0 0 0 0 0 0 0 0 0 0 0 0 0 0 0 0 0 0 0 0 0 0 0 0 0 0 0 0 0 0 0 0 0 0 0 0 0 0 0 0 0 0 0 0 0 0 0 0 0 0 0 0 0 0 0 0 0 0 0 0 0 0 0 0 0 0 0 0 0 0 0 0 0 0 0 0 0 0 0 0 0 0 0 0 0 0 0 0 0 0 0 0 0 0 0 0 0 0 0 0 0 0 0 0 0 0 0 0 0 0 0 0 0 0 0 0 0 0 0 0 0 0 0 0 0 0 0 0 0 0 0 0 0 0 0 0 0 0 0 0 0 0 0 0 0 0 0 0 0 0 0 0 0 0 0 0 0 0 0 0 0 0 0 0 0 0 0 0 0 0 0 0 0 0 0 0 0 0 0 0 0 0 0 0 0 0 0 0 0 0 0 0 0 0 0 0 0 0 0 0 0 0 0 0 0 0 0 0 0 0 0 0 0 0 0 0 0 0 0 0 0 0 0 0 0 0 0 0 0 0 0 0 0 0 0 0 0 0 0 0 0 0 0 0 0 0 0 0 0 0 0 0 0 0 0 0 0 0 0 0 0 0 0 0 0 0 0 0 0 0 0 0 0 0 0 0 0 0 0 0 0 0 0 0 0 0 0 0 0 0 0 0 0 0 0 0 0 0 0 0 0 0 0 0 0 0 0 0 0 0 0 0 0 0 0 0 0 0 0 0 0 0 0 0 0 0 0 0 0 0 0 0 0 0 0 0 0 0 0 0 0 0 0 0 0 0 0 0 0 0 0 0 0 0 0 0 0 0 0 0 0 0 0 0 0 0 0 0 0 0 0 0 0 0 0 0 0 0 0 0 0 0 0 0 0 0 0 0 0 0 0 0 0 0 0 0 0 0 0 0 0 0 0 0 0 0 0 0 0 0 0 0 0 0 0 0 0 0 0 0 0 0 0 0 0 0 0 0 0 0 0 0 0 0 0 0 0 0 0 0 0 0 0 0 0 0 0 0 0 0 0 0 0 0 0 0 0 0 0 0 0 0 0 0 0 0 0 0 0 0 0 0 0 0 0 0 0 0 0 0 0 0 0 0 0 0 0 0 0 0 0 0 0 0 0 0 0 0 0 0 0 0 0 0 0 0 0 0 0 0 0 0 0 0 0 0 0 0 0 0 0 0 0 0 0 0 0 0 0 0 0 0 0 0 0 0 0 0 0 0 0 0 0 0 0 0 0 0 0 0 0 0 0 0 0 0 0 0 0 0 0 0 0 0 0 0 0 0 0 0 0 0 0 0 0 0 0 0 0 0 0 0 0 0 0 0 0 0 0 0 0 0 0 0 0 0 0 0 0 0 0 0 0 0 0 0 0 0 0 0 0 0 0 0 0 0 0 0 0 0 0 0 0 0 0 0 0 0 0 0 0 0 0 0 0 0 0 0 0 0 0 0 0 0 0 0 0 0 0 0 0 0 0 0 0 0 0 0 0 0 0 0 0 0 0 0 0 0 0 0 0 0 0 0 0 0 0 0 0 0 0 0 0 0 0 0 0 0 0 0 0 0 0 0 0 0 0 0 0 0 0 0 0 0 0 0 0 0 0 0 0 0 0 0 0 0 0 0 0 0 0 0 0 0 0 0 0 0 0 0 0 0 0 0 0 0 0 0 0 0 0 0 0 0 0 0 0 0 0 0 0 0 0 0 0 0 0 0 0 0 0 0 0 0 0 0 0 0 0 0 0 0 0 0 0 0 0 0 0 0 0 0 0 0 0 0 0 0 0 0 0 0 0 0 0 0 0 0 0 0 0 0 0 0 0 0 0 0 0 0 0 0 0 0 0 0 0 0 0 0 0 0 0 0 0 0 0 0 0 0 0 0 0 0 0 0 0 0 0 0 0 0 0 0 0 0 0 0 0 0 0 0 0 0 0 0 0 0 0 0 0 0 0 0 0 0 0 0 0 0 0 0 0 0 0 0 0 0 0 0 0 0 0 0 0 0 0 0 0 0 0 0 0 0 0 0 0 0 0 0 0 0 0 0 0 0 0 0 0 0 0 0 0 0 0 0 0 0 0 0 0 0 0 0 0 0 0 0 0 0 0 0 0 0 0 0 0 0 0 0 0 0 0 0 0 0 0 0 0 0 0 0 0 0 0 0 0 0 0 0 0 0 0 0 0 0 0 0 0 0 0 0 0 0 0 0 0 0 0 0 0 0 0 0 0 0 0 0 0 0 0 0 0 0 0 0 0 0 0 0 0 0 0 0 0 0 0 0 0 0 0 0 0 0 0 0 0 0 0 0 0 0 0 0 0 0 0 0 0 0 0 0 0 0 0 0 0 0 0 0 0 0 0 0 0 0 0 0 0 0 0 0 0 0 0 0 0 0 0 0 0 0 0 0 0 0 0 0 0 0 0 0 0 0 0 0 0 0 0 0 0 0 0 0 0 0 0 0 0 0 0 0 0 0 0 0 0 0 0 0 0 0 0 0 0 0 0 0 0 0 0 0 0 0 0 0 0 0 0 0 0 0 0 0 0 0 0 0 0 0 0 0 0 0 0 0 0 0 0 0 0 0 0 0 0 0 0 0 0 0 0 0 0 0 0 0 0 0 0 0 0 0 0 0 0 0 0 0 0 0 0 0 0 0 0 0 0 0 0 0 0 0 0 0 0 0 0 0 0 0 0 0 0 0 0 0 0 0 0 0 0 0 0 0 0 0 0 0 0 0 0 0 0 0 0 0 0 0 0 0 0 0 0 0 0 0 0 0 0 0 0 0 0 0 0 0 0 0 0 0 0 0 0 0 0 0 0 0 0 0 0 0 0 0 0 0 0 0 0 0 0 0 0 0 0 0 0 0 0 0 0 0 0 0 0 0 0 0 0 0 0 0 0 0 0 0 0 0 0 0 0 0 0 0 0 0 0 0 0 0 0 0 0 0 0 0 0 0 0 0 0 0 0 0 0 0 0 0 0 0 0 0 0 0 0 0 0 0 0 0 0 0 0 0 0 0 0 0 0 0 0 0 0 0 0 0 0 0 0 0 0 0 0 0 0 0 0 0 0 0 0 0 0 0 0 0 0 0 0 0 0 0 0 0 0 0 0 0 0 0 0 0 0 0 0 0 0 0 0 0 0 0 0 0 0 0 0 0 0 0 0 0 0 0 0 0 0 0 0 0 0 0 0 0 0 0 0 0 0 0 0 0 0 0 0 0 0 0 0 0 0 0 0 0 0 0 0 0 0 0 0 0 0 0 0 0 0 0 0 0 0 0 0 0 0 0 0 0 0 0 0 0 0 0 0 0 0 0 0 0 0 0 0 0 0 0 0 0 0 0 0 0 0 0 0 0 0 0 0 0 0 0 0 0 0 0 0 0 0 0 0 0 0 0 0 0 0 0 0 0 0 0 0 0 0 0 0 0 0 0 0 0 0 0 0 0 0 0 0 0 0 0 0 0 0 0 0 0 0 0 0 0 0 0 0 0 0 0 0 0 0 0 0 0 0 0 0 0 0 0 0 0 0 0 0 0 0 0 0 0 0 0 0 0 0 0 0 0 0 0 0 0 0 0 0 0 0 0 0 0 0 0 0 0 0 0 0 0 0 0 0 0 0 0 0 0 0 0 0 0 0 0 0 0 0 0 0 0 0 0 0 0 0 0 0 0 0 0 0 0 0 0 0 0 0 0 0 0 0 0 0 0 0 0 0 0 0 0 0 0 0 0 0 0 0 0 0 0 0 0 0 0 0 0 0 0 0 0 0 0 0 0 0 0 0 0 0 0 0 0 0 0 0 0 0 0 0 0 0 0 0 0 0 0 0 0 0 0 0 0 0 0 0 0 0 0 0 0 0 0 0 0 0 0 0 0 0 0 0 0 0 0 0 0 0 0 0 0 0 0 0 0 0 0 0 0 0 0 0 0 0 0 0 0 0 0 0 0 0 0 0 0 0 0 0 0 0 0 0 0 0 0 0 0 0 0 0 0 0 0 0 0 0 0 0 0 0 0 0 0 0 0 0 0 0 0 0 0 0 0 0 0 0 0 0 0 0 0 0 0 0 0 0 0 0 0 0 0 0 0 0 0 0 0 0 0 0 0 0 0 0 0 0 0 0 0 0 0 0 0 0 0 0 0 0 0 0 0 0 0 0 0 0 0 0 0 0 0 0 0 0 0 0 0 0 0 0 0 0 0 0 0 0 0 0 0 0 0 0 0 0 0 0 0 0 0 0 0 0 0 0 0 0 0 0 0 0 0 0 0 0 0 0 0 0 0 0 0 0 0 0 0 0 0 0 0 0 0 0 0 0 0 0 0 0 0 0 0 0 0 0 0 0 0 0 0 0 0 0 0 0 0 0 0 0 0 0 0 0 0 0 0 0 0 0 0 0 0 0 0 0 0 0 0 0 0 0 0 0 0 0
ctxt 3696438
btime 1613064757
processes 89716
procs_running 1
procs_blocked 0
softirq 40189796 1 23493334 1302 754764 0 0 163 1425404 0 14514828
