cpu  88542557 5 103010 27684379 447 0 8113 0 0 0
cpu0 686581 0 6163 215204 3 0 665 0 0 0
cpu1 691974 0 447 216370 0 0 65 0 0 0
cpu2 692282 0 391 216215 17 0 18 0 0 0
cpu3 690062 0 1214 217537 3 0 65 0 0 0
cpu4 689202 0 3727 215609 0 0 288 0 0 0
cpu5 691756 0 336 216806 7 0 18 0 0 0
cpu6 692308 0 300 216309 0 0 22 0 0 0
cpu7 691603 0 316 216971 0 0 26 0 0 0
cpu8 689412 0 3158 215950 10 0 362 0 0 0
cpu9 692167 0 182 216576 0 0 3 0 0 0
cpu10 692379 0 141 216407 0 0 2 0 0 0
cpu11 692022 0 258 216622 0 0 16 0 0 0
cpu12 691098 0 2656 214896 1 0 218 0 0 0
cpu13 692234 0 151 216543 0 0 2 0 0 0
cpu14 692129 0 141 216659 1 0 4 0 0 0
cpu15 691668 0 751 216462 0 0 58 0 0 0
cpu16 691223 0 2810 214536 1 0 333 0 0 0
cpu17 692327 0 121 216482 1 0 1 0 0 0
cpu18 692290 0 149 216473 0 0 4 0 0 0
cpu19 692103 0 272 216522 1 0 17 0 0 0
cpu20 692678 0 2722 213230 0 0 236 0 0 0
cpu21 691975 0 190 216535 1 0 180 0 0 0
cpu22 692304 0 168 216449 0 0 5 0 0 0
cpu23 692125 0 249 216530 0 0 20 0 0 0
cpu24 690315 0 2946 215249 0 0 291 0 0 0
cpu25 692259 0 184 216483 0 0 1 0 0 0
cpu26 692390 0 152 216376 0 0 2 0 0 0
cpu27 692038 0 206 216667 0 0 10 0 0 0
cpu28 690241 1 2170 216258 0 0 202 0 0 0
cpu29 692004 0 299 216595 0 0 22 0 0 0
cpu30 692406 0 158 216358 1 0 0 0 0 0
cpu31 692278 0 153 216488 0 0 4 0 0 0
cpu32 689947 0 2802 215885 1 0 236 0 0 0
cpu33 691968 0 230 216712 0 0 8 0 0 0
cpu34 692533 0 186 216199 0 0 6 0 0 0
cpu35 692137 0 280 216474 0 0 30 0 0 0
cpu36 689298 0 3833 215432 4 0 307 0 0 0
cpu37 692104 0 234 216578 1 0 3 0 0 0
cpu38 692554 0 138 216233 1 0 1 0 0 0
cpu39 692033 0 235 216646 0 0 8 0 0 0
cpu40 689986 0 2968 215636 2 0 274 0 0 0
cpu41 692014 0 204 216691 0 0 8 0 0 0
cpu42 692366 0 148 216399 0 0 4 0 0 0
cpu43 692122 0 214 216559 0 0 20 0 0 0
cpu44 689080 0 3636 215840 5 0 310 0 0 0
cpu45 692053 0 185 216671 0 0 7 0 0 0
cpu46 692055 0 173 216677 1 0 4 0 0 0
cpu47 692180 0 192 216532 2 0 7 0 0 0
cpu48 689994 0 2454 216180 0 0 231 0 0 0
cpu49 691460 0 406 216959 1 0 70 0 0 0
cpu50 692548 0 116 216256 1 0 2 0 0 0
cpu51 692270 0 170 216469 1 0 4 0 0 0
cpu52 690305 0 2628 215724 1 0 202 0 0 0
cpu53 692266 0 118 216517 9 0 0 0 0 0
cpu54 692239 0 155 216517 1 0 2 0 0 0
cpu55 692174 0 217 216505 1 0 18 0 0 0
cpu56 690036 0 2440 216201 1 0 193 0 0 0
cpu57 692219 0 167 216536 0 0 4 0 0 0
cpu58 692067 0 356 216451 1 0 36 0 0 0
cpu59 691826 0 586 216441 0 0 54 0 0 0
cpu60 690545 0 2292 215849 1 0 186 0 0 0
cpu61 691966 0 230 216710 0 0 4 0 0 0
cpu62 692025 0 138 216738 0 0 6 0 0 0
cpu63 691621 0 515 216703 0 0 50 0 0 0
cpu64 690339 0 2759 215572 20 0 158 0 0 0
cpu65 691559 0 517 216747 5 0 71 0 0 0
cpu66 691620 0 211 217038 1 0 5 0 0 0
cpu67 691482 0 837 216525 2 0 56 0 0 0
cpu68 690879 2 2019 215833 24 0 114 0 0 0
cpu69 692128 0 168 216600 0 0 2 0 0 0
cpu70 692261 0 155 216491 0 0 5 0 0 0
cpu71 691651 0 476 216723 1 0 54 0 0 0
cpu72 692013 0 1902 214470 165 0 306 0 0 0
cpu73 691972 0 206 216716 1 0 11 0 0 0
cpu74 692246 0 140 216524 0 0 0 0 0 0
cpu75 691986 0 213 216687 4 0 5 0 0 0
cpu76 693684 0 1734 213363 1 0 96 0 0 0
cpu77 692319 0 122 216471 0 0 2 0 0 0
cpu78 692349 0 118 216443 0 0 0 0 0 0
cpu79 691624 0 701 216512 1 0 63 0 0 0
cpu80 691398 0 1641 215676 8 0 118 0 0 0
cpu81 692179 0 152 216577 2 0 4 0 0 0
cpu82 692481 0 115 216308 0 0 2 0 0 0
cpu83 692244 0 195 216459 0 0 6 0 0 0
cpu84 690855 0 1612 216280 1 0 113 0 0 0
cpu85 692072 0 130 216698 0 0 1 0 0 0
cpu86 692234 0 110 216556 0 0 2 0 0 0
cpu87 692084 0 205 216587 0 0 13 0 0 0
cpu88 691143 0 1544 216076 0 0 102 0 0 0
cpu89 691843 0 183 216861 1 0 10 0 0 0
cpu90 692424 0 148 216328 0 0 0 0 0 0
cpu91 692288 0 158 216453 0 0 5 0 0 0
cpu92 691671 0 1507 215606 0 0 98 0 0 0
cpu93 692321 0 153 216416 4 0 1 0 0 0
cpu94 692544 0 142 216210 0 0 2 0 0 0
cpu95 692260 0 145 216484 3 0 4 0 0 0
cpu96 691375 0 1687 215733 1 0 89 0 0 0
cpu97 692139 0 202 216544 0 0 3 0 0 0
cpu98 692310 0 134 216451 0 0 2 0 0 0
cpu99 692048 0 264 216549 3 0 28 0 0 0
cpu100 690499 0 2331 215870 1 0 160 0 0 0
cpu101 692198 0 156 216547 0 0 1 0 0 0
cpu102 692360 0 128 216407 2 0 1 0 0 0
cpu103 692225 0 216 216445 0 0 5 0 0 0
cpu104 689481 0 3482 215581 0 0 284 0 0 0
cpu105 692093 0 147 216648 0 0 0 0 0 0
cpu106 692003 0 153 216732 2 0 1 0 0 0
cpu107 692190 0 238 216437 0 0 25 0 0 0
cpu108 690862 0 1811 216045 35 0 102 0 0 0
cpu109 692013 0 180 216681 0 0 6 0 0 0
cpu110 692496 0 162 216214 11 0 2 0 0 0
cpu111 692114 0 185 216590 0 0 5 0 0 0
cpu112 691304 0 1480 215997 4 0 88 0 0 0
cpu113 691982 0 232 216615 1 0 10 0 0 0
cpu114 692427 0 112 216350 1 0 0 0 0 0
cpu115 692244 0 148 216481 0 0 4 0 0 0
cpu116 691526 0 1537 215696 2 0 105 0 0 0
cpu117 692222 0 207 216448 0 0 2 0 0 0
cpu118 692579 0 114 216200 0 0 0 0 0 0
cpu119 692074 0 212 216587 0 0 8 0 0 0
cpu120 691040 0 1750 215990 4 0 85 0 0 0
cpu121 692286 0 152 216449 0 0 6 0 0 0
cpu122 692255 0 179 216443 0 0 1 0 0 0
cpu123 691586 0 639 216578 0 0 79 0 0 0
cpu124 691702 0 1490 215599 3 0 65 0 0 0
cpu125 692209 0 260 216382 0 0 2 0 0 0
cpu126 692575 0 172 216138 1 0 0 0 0 0
cpu127 692117 0 449 216308 0 0 8 0 0 0
intr 243744021 133 0 0 0 680 0 0 0 1 0 272 0 0 0 0 0 0 0 0 0 0 0 0 0 0 0 0 0 0 0 0 0 0 0 0 260 0 1784 1580 1950 29004 5076 526 732 3750 1538 883 343 5534 1503 678 954 24941 704 177 553 6289 1237 78687 161 2894 2329 689 254 4585 1414 812 314 2720 1220 757 803 6011 2613 342 435 2116 1279 671 543 5166 1147 569 992 4655 1119 18037 382 2379 1916 89 719 7389 1254 546 2019 6143 1522 1381 208 11250 8751 691 1244 19699 5740 456 1016 5044 28265 935 438 2673 1066 441 462 17545 4297 101 496 4235 412 439 251 6135 480 279 724 2515 824 426 347 2769 2579 599 439 5282 2051 155 367 4031 1766 401 324 2008 806 613 816 4363 494 1097 48 1233 1139 470 493 0 0 0 0 0 0 0 0 0 0 2037 1133 14005 216 524 733 354 120 191 1833 235 376 149 193 98 130 164 68 151 3209 324 135 169 189 263 3951 82 7 20 2 481 394 4 49 0 0 0 0 0 0 0 0 0 0 0 0 0 0 0 0 57 13 448 177 200 0 0 2 3 4 32 18 0 4 49 51 160 29 9 13 53 20 53 3 6 11 5 1 95 8 4 67 4 285 4 4 2 16 537 750 275 70 43 24 30 67 24 6 4 22 9 9 38 277 47 2 11 1 3 12 265 42 161 0 0 0 0 0 0 0 0 0 0 0 0 0 0 0 0 0 0 0 0 0 0 0 0 0 0 0 0 0 0 0 0 0 0 0 0 0 0 0 0 0 0 0 0 0 0 0 0 0 0 0 0 0 0 0 0 0 0 0 0 0 0 0 0 0 0 0 0 0 0 0 0 0 0 0 0 0 0 0 0 0 0 0 0 0 0 0 0 0 0 0 0 0 0 0 0 0 0 0 0 0 0 0 0 0 0 0 0 0 0 0 0 0 0 0 0 0 0 0 0 0 0 0 0 0 0 0 0 0 0 0 0 0 0 0 0 0 0 0 0 0 0 0 0 0 0 0 0 0 0 0 0 0 0 0 0 0 0 0 0 0 0 0 0 0 0 0 0 0 0 0 0 0 0 0 0 0 0 0 0 0 0 0 0 0 0 0 0 0 0 0 0 0 0 0 0 0 0 0 0 0 0 0 0 0 0 0 0 0 0 0 0 0 0 0 0 0 0 0 0 0 0 0 0 0 0 0 0 0 0 0 0 0 0 0 0 0 0 0 0 0 0 0 0 0 0 0 0 0 0 0 0 0 0 0 0 0 0 0 0 0 0 0 0 0 0 0 0 0 0 0 0 0 0 0 0 0 0 0 0 0 0 0 0 0 0 0 0 0 0 0 0 0 0 0 0 0 0 0 0 0 0 0 0 0 0 0 0 0 0 0 0 0 0 0 0 0 0 0 0 0 0 0 0 0 0 0 0 0 0 0 0 0 0 0 0 0 0 0 0 0 0 0 0 0 0 0 0 0 0 0 0 0 0 0 0 0 0 0 0 0 0 0 0 0 0 0 0 0 0 0 0 0 0 0 0 0 0 0 0 0 0 0 0 0 0 0 0 0 0 0 0 0 0 0 0 0 0 0 0 0 0 0 0 0 0 0 0 0 0 0 0 0 0 0 0 0 0 0 0 0 0 0 0 0 0 0 0 0 0 0 0 0 0 0 0 0 0 0 0 0 48 0 0 0 0 0 0 0 3 0 0 0 0 0 0 0 0 0 0 0 0 0 0 0 0 0 0 0 0 0 0 0 0 0 0 0 0 0 0 0 0 0 0 0 0 0 0 0 0 0 0 0 0 0 0 0 0 0 0 0 0 0 0 0 0 0 0 48 0 0 0 0 0 0 0 0 23 0 0 0 0 0 0 0 0 0 0 0 0 0 0 0 0 0 0 0 0 0 0 0 0 0 0 0 0 0 0 0 0 0 0 0 0 0 0 0 0 0 0 0 0 0 0 0 0 0 0 0 0 0 0 0 0 0 0 0 0 0 0 0 0 0 0 0 0 0 0 0 0 0 0 0 0 0 0 0 0 0 0 0 0 0 0 0 0 0 0 0 0 0 0 0 0 0 0 0 0 0 0 0 0 0 0 0 0 0 0 0 0 0 0 0 0 0 0 0 0 0 0 0 0 0 0 0 0 0 0 0 0 0 0 0 0 0 0 0 0 0 0 0 0 0 0 0 0 0 0 0 0 0 0 0 0 0 0 0 0 0 0 0 0 0 0 0 0 0 0 0 0 0 0 0 0 0 0 0 0 0 0 0 0 0 0 0 0 0 0 0 0 0 0 0 0 0 0 0 0 0 0 0 0 0 0 0 0 0 0 0 0 0 0 0 0 0 0 0 0 0 0 0 0 0 0 0 0 0 0 0 0 0 0 0 0 0 0 0 0 0 0 0 0 0 0 0 0 0 0 0 0 0 0 0 0 0 0 0 0 0 0 0 0 0 0 0 0 0 0 0 0 0 0 0 0 0 0 0 0 0 0 0 0 0 0 0 0 0 0 0 0 0 0 0 0 0 0 0 0 0 0 0 0 0 0 0 0 0 0 0 0 0 0 0 0 0 0 0 0 0 0 0 0 0 0 0 0 0 0 0 0 0 0 0 0 0 0 0 0 0 0 0 0 0 0 0 0 0 0 0 0 0 0 0 0 0 0 0 0 0 0 0 0 0 0 0 0 0 0 0 0 0 0 0 0 0 0 0 0 0 0 0 0 0 0 0 0 0 0 0 0 0 0 0 0 0 0 0 0 0 0 0 0 0 0 0 0 0 0 0 0 0 0 0 0 0 0 0 0 0 0 0 0 0 0 0 0 0 0 0 0 0 0 0 0 0 0 0 0 0 0 0 0 0 0 0 0 0 0 0 0 0 0 0 0 0 0 0 0 0 0 0 0 0 0 0 0 0 0 0 0 0 0 0 0 0 0 0 0 0 0 0 0 0 0 0 0 0 0 0 0 0 0 0 0 0 0 0 0 0 0 0 0 0 0 0 0 0 0 0 0 0 0 0 0 0 0 0 0 0 0 0 0 0 0 0 0 0 0 0 0 0 0 0 0 0 0 0 0 0 0 0 0 0 0 0 0 0 0 0 0 0 0 0 0 0 0 0 0 0 0 0 0 0 0 0 0 0 0 0 0 0 0 0 0 0 0 0 0 0 0 0 0 0 0 0 0 0 0 0 0 0 0 0 0 0 0 0 0 0 0 0 0 0 0 0 0 0 0 0 0 0 0 0 0 0 0 0 0 0 0 0 0 0 0 0 0 0 0 0 0 0 0 0 0 0 0 0 0 0 0 0 0 0 0 0 0 0 0 0 0 0 0 0 0 0 0 0 0 0 0 0 0 0 0 0 0 0 0 0 0 0 0 0 0 0 0 0 0 0 0 0 0 0 0 0 0 0 0 0 0 0 0 0 0 0 0 0 0 0 0 0 0 0 0 0 0 0 0 0 0 0 0 0 0 0 0 0 0 0 0 0 0 0 0 0 0 0 0 0 0 0 0 0 0 0 0 0 0 0 0 0 0 0 0 0 0 0 0 0 0 0 0 0 0 0 0 0 0 0 0 0 0 0 0 0 0 0 0 0 0 0 0 0 0 0 0 0 0 0 0 0 0 0 0 0 0 0 0 0 0 0 0 0 0 0 0 0 0 0 0 0 0 0 0 0 0 0 0 0 0 0 0 0 0 0 0 0 0 0 0 0 0 0 0 0 0 0 0 0 0 0 0 0 0 0 0 0 0 0 0 0 0 0 0 0 0 0 0 0 0 0 0 0 0 0 0 0 0 0 0 0 0 0 0 0 0 0 0 0 0 0 0 0 0 0 0 0 0 0 0 0 0 0 0 0 0 0 0 0 0 0 0 0 0 0 0 0 0 0 0 0 0 0 0 0 0 0 0 0 0 0 0 0 0 0 0 0 0 0 0 0 0 0 0 0 0 0 0 0 0 0 0 0 0 0 0 0 0 0 0 0 0 0 0 0 0 0 0 0 0 0 0 0 0 0 0 0 0 0 0 0 0 0 0 0 0 0 0 0 0 0 0 0 0 0 0 0 0 0 0 0 0 0 0 0 0 0 0 0 0 0 0 0 0 0 0 0 0 0 0 0 0 0 0 0 0 0 0 0 0 0 0 0 0 0 0 0 0 0 0 0 0 0 0 0 0 0 0 0 0 0 0 0 0 0 0 0 0 0 0 0 0 0 0 0 0 0 0 0 0 0 0 0 0 0 0 0 0 0 0 0 0 0 0 0 0 0 0 0 0 0 0 0 0 0 0 0 0 0 0 0 0 0 0 0 0 0 0 0 0 0 0 0 0 0 0 0 0 0 0 0 0 0 0 0 0 0 0 0 0 0 0 0 0 0 0 0 0 0 0 0 0 0 0 0 0 0 0 0 0 0 0 0 0 0 0 0 0 0 0 0 0 0 0 0 0 0 0 0 0 0 0 0 0 0 0 0 0 0 0 0 0 0 0 0 0 0 0 0 0 0 0 0 0 0 0 0 0 0 0 0 0 0 0 0 0 0 0 0 0 0 0 0 0 0 0 0 0 0 0 0 0 0 0 0 0 0 0 0 0 0 0 0 0 0 0 0 0 0 0 0 0 0 0 0 0 0 0 0 0 0 0 0 0 0 0 0 0 0 0 0 0 0 0 0 0 0 0 0 0 0 0 0 0 0 0 0 0 0 0 0 0 0 0 0 0 0 0 0 0 0 0 0 0 0 0 0 0 0 0 0 0 0 0 0 0 0 0 0 0 0 0 0 0 0 0 0 0 0 0 0 0 0 0 0 0 0 0 0 0 0 0 0 0 0 0 0 0 0 0 0 0 0 0 0 0 0 0 0 0 0 0 0 0 0 0 0 0 0 0 0 0 0 0 0 0 0 0 0 0 0 0 0 0 0 0 0 0 0 0 0 0 0 0 0 0 0 0 0 0 0 0 0 0 0 0 0 0 0 0 0 0 0 0 0 0 0 0 0 0 0 0 0 0 0 0 0 0 0 0 0 0 0 0 0 0 0 0 0 0 0 0 0 0 0 0 0 0 0 0 0 0 0 0 0 0 0 0 0 0 0 0 0 0 0 0 0 0 0 0 0 0 0 0 0 0 0 0 0 0 0 0 0 0 0 0 0 0 0 0 0 0 0 0 0 0 0 0 0 0 0 0 0 0 0 0 0 0 0 0 0 0 0 0 0 0 0 0 0 0 0 0 0 0 0 0 0 0 0 0 0 0 0 0 0 0 0 0 0 0 0 0 0 0 0 0 0 0 0 0 0 0 0 0 0 0 0 0 0 0 0 0 0 0 0 0 0 0 0 0 0 0 0 0 0 0 0 0 0 0 0 0 0 0 0 0 0 0 0 0 0 0 0 0 0 0 0 0 0 0 0 0 0 0 0 0 0 0 0 0 0 0 0 0 0 0 0 0 0 0 0 0 0 0 0 0 0 0 0 0 0 0 0 0 0 0 0 0 0 0 0 0 0 0 0 0 0 0 0 0 0 0 0 0 0 0 0 0 0 0 0 0 0 0 0 0 0 0 0 0 0 0 0 0 0 0 0 0 0 0 0 0 0 0 0 0 0 0 0 0 0 0 0 0 0 0 0 0 0 0 0 0 0 0 0 0 0 0 0 0 0 0 0 0 0 0 0 0 0 0 0 0 0 0 0 0 0 0 0 0 0 0 0 0 0 0 0 0 0 0 0 0 0 0 0 0 0 0 0 0 0 0 0 0 0 0 0 0 0 0 0 0 0 0 0 0 0 0 0 0 0 0 0 0 0 0 0 0 0 0 0 0 0 0 0 0 0 0 0 0 0 0 0 0 0 0 0 0 0 0 0 0 0 0 0 0 0 0 0 0 0 0 0 0 0 0 0 0 0 0 0 0 0 0 0 0 0 0 0 0 0 0 0 0 0 0 0 0 0 0 0 0 0 0 0 0 0 0 0 0 0 0 0 0 0 0 0 0 0 0 0 0 0 0 0 0 0 0 0 0 0 0 0 0 0 0 0 0 0 0 0 0 0 0 0 0 0 0 0 0 0 0 0 0 0 0 0 0 0 0 0 0 0 0 0 0 0 0 0 0 0 0 0 0 0 0 0 0 0 0 0 0 0 0 0 0 0 0 0 0 0 0 0 0 0 0 0 0 0 0 0 0 0 0 0 0 0 0 0 0 0 0 0 0 0 0 0 0 0 0 0 0 0 0 0 0 0 0 0 0 0 0 0 0 0 0 0 0 0 0 0 0 0 0 0 0 0 0 0 0 0 0 0 0 0 0 0 0 0 0 0 0 0 0 0 0 0 0 0 0 0 0 0 0 0 0 0 0 0 0 0 0 0 0 0 0 0 0 0 0 0 0 0 0 0 0 0 0 0 0 0 0 0 0 0 0 0 0 0 0 0 0 0 0 0 0 0 0 0 0 0 0 0 0 0 0 0 0 0 0 0 0 0 0 0 0 0 0 0 0 0 0 0 0 0 0 0 0 0 0 0 0 0 0 0 0 0 0 0 0 0 0 0 0 0 0 0 0 0 0 0 0 0 0 0 0 0 0 0 0 0 0 0 0 0 0 0 0 0 0 0 0 0 0 0 0 0 0 0 0 0 0 0 0 0 0 0 0 0 0 0 0 0 0 0 0 0 0 0 0 0 0 0 0 0 0 0 0 0 0 0 0 0 0 0 0 0 0 0 0 0 0 0 0 0 0 0 0 0 0 0 0 0 0 0 0 0 0 0 0 0 0 0 0 0 0 0 0 0 0 0 0 0 0 0 0 0 0 0 0 0 0 0 0 0 0 0 0 0 0 0 0 0 0 0 0 0 0 0 0 0 0 0 0 0 0 0 0 0 0 0 0 0 0 0 0 0 0 0 0 0 0 0 0 0 0 0 0 0 0 0 0 0 0 0 0 0 0 0 0 0 0 0 0 0 0 0 0 0 0 0 0 0 0 0 0 0 0 0 0 0 0 0 0 0 0 0 0 0 0 0 0 0 0 0 0 0 0 0 0 0 0 0 0 0 0 0 0 0 0 0 0 0 0 0 0 0 0 0 0 0 0 0 0 0 0 0 0 0 0 0 0 0 0 0 0 0 0 0 0 0 0 0 0 0 0 0 0 0 0 0 0 0 0 0 0 0 0 0 0 0 0 0 0 0 0 0 0 0 0 0 0 0 0 0 0 0 0 0 0 0 0 0 0 0 0 0 0 0 0 0 0 0 0 0 0 0 0 0 0 0 0 0 0 0 0 0 0 0 0 0 0 0 0 0 0 0 0 0 0 0 0 0 0 0 0 0 0 0 0 0 0 0 0 0 0 0 0 0 0 0 0 0 0 0 0 0 0 0 0 0 0 0 0 0 0 0 0 0 0 0 0 0 0 0 0 0 0 0 0 0 0 0 0 0 0 0 0 0 0 0 0 0 0 0 0 0 0 0 0 0 0 0 0 0 0 0 0 0 0 0 0 0 0 0 0 0 0 0 0 0 0 0 0 0 0 0 0 0 0 0 0 0 0 0 0 0 0 0 0 0 0 0 0 0 0 0 0 0 0 0 0 0 0 0 0 0 0 0 0 0 0 0 0 0 0 0 0 0 0 0 0 0 0 0 0 0 0 0 0 0 0 0 0 0 0 0 0 0 0 0 0 0 0 0 0 0 0 0 0 0 0 0 0 0 0 0 0 0 0 0 0 0 0 0 0 0 0 0 0 0 0 0 0 0 0 0 0 0 0 0 0 0 0 0 0 0 0 0 0 0 0 0 0 0 0 0 0 0 0 0 0 0 0 0 0 0 0 0 0 0 0 0 0 0 0 0 0 0 0 0 0 0 0 0 0 0 0 0 0 0 0 0 0 0 0 0 0 0 0 0 0 0 0 0 0 0 0 0 0 0 0 0 0 0 0 0 0 0 0 0 0 0 0 0 0 0 0 0 0 0 0 0 0 0 0 0 0 0 0 0 0 0 0 0 0 0 0 0 0 0 0 0 0 0 0 0 0 0 0 0 0 0 0 0 0 0 0 0 0 0 0 0 0 0 0 0 0 0 0 0 0 0 0 0 0 0 0 0 0 0 0 0 0 0 0 0 0 0 0 0 0 0 0 0 0 0 0 0 0 0 0 0 0 0 0 0 0 0 0 0 0 0 0 0 0 0 0 0 0 0 0 0 0 0 0 0 0 0 0 0 0 0 0 0 0 0 0 0 0 0 0 0 0 0 0 0 0 0 0 0 0 0 0 0 0 0 0 0 0 0 0 0 0 0 0 0 0 0 0 0 0 0 0 0 0 0 0 0 0 0 0 0 0 0 0 0 0 0 0 0 0 0 0 0 0 0 0 0 0 0 0 0 0 0 0 0 0 0 0 0 0 0 0 0 0 0 0 0 0 0 0 0 0 0 0 0 0 0 0 0 0 0 0 0 0 0 0 0 0 0 0 0 0 0 0 0 0 0 0 0 0 0 0 0 0 0 0 0 0 0 0 0 0 0 0 0 0 0 0 0 0 0 0 0 0 0 0 0 0 0 0 0 0 0 0 0 0 0 0 0 0 0 0 0 0 0 0 0 0 0 0 0 0 0 0 0 0 0 0 0 0 0 0 0 0 0 0 0 0 0 0 0 0 0 0 0 0 0 0 0 0 0 0 0 0 0 0 0 0 0 0 0 0 0 0 0 0 0 0 0 0 0 0 0 0 0 0 0 0 0 0 0 0 0 0 0 0 0 0 0 0 0 0 0 0 0 0 0 0 0 0 0 0 0 0 0 0 0 0 0 0 0 0 0 0 0 0 0 0 0 0 0 0 0 0 0 0 0 0 0 0 0 0 0 0 0 0 0 0 0 0 0 0 0 0 0 0 0 0 0 0 0 0 0 0 0 0 0 0 0 0 0 0 0 0 0 0 0 0 0 0 0 0 0 0 0 0 0 0 0 0 0 0 0 0 0 0 0 0 0 0 0 0 0 0 0 0 0 0 0 0 0 0 0 0 0 0 0 0 0 0 0 0 0 0 0 0 0 0 0 0 0 0 0 0 0 0 0 0 0 0 0 0 0 0 0 0 0 0 0 0 0 0 0 0 0 0 0 0 0 0 0 0 0 0 0 0 0 0 0 0 0 0 0 0 0 0 0 0 0 0 0 0 0 0 0 0 0 0 0 0 0 0 0 0 0 0 0 0 0 0 0 0 0 0 0 0 0 0 0 0 0 0 0 0 0 0 0 0 0 0 0 0 0 0 0 0 0 0 0 0 0 0 0 0 0 0 0 0 0 0 0 0 0 0 0 0 0 0 0 0 0 0 0 0 0 0 0 0 0 0 0 0 0 0 0 0 0 0 0 0 0 0 0 0 0 0 0 0 0 0 0 0 0 0 0 0 0 0 0 0 0 0 0 0 0 0 0 0 0 0 0 0 0 0 0 0 0 0 0 0 0 0 0 0 0 0 0 0 0 0 0 0 0 0 0 0 0 0 0 0 0 0 0 0 0 0 0 0 0 0 0 0 0 0 0 0 0 0 0 0 0 0 0 0 0 0 0 0 0 0 0 0 0 0 0 0 0 0 0 0 0 0 0 0 0 0 0 0 0 0 0 0 0 0 0 0 0 0 0 0 0 0 0 0 0 0 0 0 0 0 0 0 0 0 0 0 0 0 0 0 0 0 0 0 0 0 0 0 0 0 0 0 0 0 0 0 0 0 0 0 0 0 0 0 0 0 0 0 0 0 0 0 0 0 0 0 0 0 0 0 0 0 0 0 0 0 0 0 0 0 0 0 0 0 0 0 0 0 0 0 0 0 0 0 0 0 0 0 0 0 0 0 0 0 0 0 0 0 0 0 0 0 0 0 0 0 0 0 0 0 0 0 0 0 0 0 0 0 0 0 0 0 0 0 0 0 0 0 0 0 0 0 0 0 0 0 0 0 0 0 0 0 0 0 0 0 0 0 0 0 0 0 0 0 0 0 0 0 0 0 0 0 0 0 0 0 0 0 0 0 0 0 0 0 0 0 0 0 0 0 0 0 0 0 0 0 0 0 0 0 0 0 0 0 0 0 0 0 0
ctxt 13247658
btime 1613064757
processes 265993
procs_running 1
procs_blocked 0
softirq 256220942 1 166728457 2622 2361275 0 0 886 8119420 0 79008281
