cpu  297 3 1647 5506647 100 0 30 0 0 0
cpu0 6 0 138 152687 0 0 15 0 0 0
cpu1 7 0 129 152840 17 0 0 0 0 0
cpu2 23 0 121 152863 2 0 13 0 0 0
cpu3 6 0 89 152931 1 0 0 0 0 0
cpu4 2 0 32 152995 2 0 0 0 0 0
cpu5 9 0 32 152988 0 0 0 0 0 0
cpu6 6 0 31 152990 3 0 0 0 0 0
cpu7 6 0 32 152981 1 0 0 0 0 0
cpu8 7 0 38 152983 1 0 0 0 0 0
cpu9 8 0 37 152984 0 0 0 0 0 0
cpu10 6 0 35 152984 6 0 0 0 0 0
cpu11 3 0 44 152975 1 0 0 0 0 0
cpu12 7 0 32 152982 1 0 0 0 0 0
cpu13 6 0 33 152989 2 0 0 0 0 0
cpu14 5 0 40 152981 2 0 0 0 0 0
cpu15 16 0 48 152961 0 0 0 0 0 0
cpu16 4 0 30 152987 1 0 0 0 0 0
cpu17 8 0 40 152978 0 0 0 0 0 0
cpu18 8 0 32 152977 0 0 0 0 0 0
cpu19 5 0 32 152991 1 0 0 0 0 0
cpu20 4 0 32 152989 2 0 0 0 0 0
cpu21 5 0 38 152983 0 0 0 0 0 0
cpu22 12 0 45 152953 12 0 0 0 0 0
cpu23 5 0 37 152981 0 0 0 0 0 0
cpu24 11 0 34 152978 2 0 0 0 0 0
cpu25 3 0 30 152991 2 0 0 0 0 0
cpu26 6 0 29 152985 2 0 0 0 0 0
cpu27 20 0 36 152959 9 0 0 0 0 0
cpu28 3 0 42 152976 2 0 0 0 0 0
cpu29 4 0 31 152978 1 0 0 0 0 0
cpu30 3 0 33 152986 0 0 0 0 0 0
cpu31 6 0 44 152963 1 0 0 0 0 0
cpu32 4 0 34 152978 1 0 0 0 0 0
cpu33 6 1 37 152969 4 0 0 0 0 0
cpu34 23 0 46 152949 0 0 0 0 0 0
cpu35 19 0 36 152966 1 0 0 0 0 0
intr 223891 56 0 0 0 610 0 0 0 1 0 250 0 0 0 0 0 0 0 0 0 0 0 0 0 0 0 0 0 0 0 0 94 149 83 88 72 82 26 256 51 100 57 404 58 72 41 60 56 91 8 6 22 81 21 1092 22 0 0 0 0 176 77 178 505 71 36 8 42 63 573 21 59 0 0 17 8435 2 0 2764 1 3 1 4 1 1 42 4 1 3 4 66 2 7 65 11 48 14 29 1 2 3 1 5 1 1 1 1 26 7 42 6 1 5 44 0 16 7555 1 0 0 0 0 0 0 0 0 0 0 0 0 0 0 0 0 0 0 0 0 0 0 0 0 0 0 0 0 0 0 0 0 0 0 0 0 0 25 0 0 0 0 0 0 0 0 0 0 0 0 0 0 0 0 0 0 0 0 0 0 0 0 0 0 0 0 0 0 0 0 0 0 0 0 0 0 0 0 0 0 0 0 0 0 0 0 0 0 0 0 0 0 0 0 0 0 0 0 0 0 0 0 0 0 0 0 0 0 0 0 0 0 0 0 0 0 0 0 0 0 0 0 0 0 0 0 0 0 0 0 0 0 0 0 0 0 0 0 0 0 0 0 0 0 0 0 0 0 0 0 0 0 0 0 0 0 0 0 0 0 0 0 0 0 0 0 0 0 0 0 0 0 0 0 0 0 0 0 0 0 0 0 0 0 0 0 0 0 0 0 0 0 0 0 0 0 0 0 0 0 0 0 0 0 0 0 0 0 0 0 0 0 0 0 0 0 0 0 0 0 0 0 0 0 0 0 0 0 0 0 0 0 0 0 0 0 0 0 0 0 0 0 0 0 0 0 0 0 0 0 0 0 0 0 0 0 0 0 0 0 0 0 0 0 0 0 0 0 0 0 0 0 0 0 0 0 0 0 0 0 0 0 0 0 0 0 0 0 0 0 0 0 0 0 0 0 0 0 0 0 0 0 0 0 0 0 0 0 0 0 0 0 0 0 0 0 0 0 0 0 0 0 0 0 0 0 0 0 0 0 0 0 0 0 0 0 0 0 0 0 0 0 0 0 0 0 0 0 0 0 0 0 0 0 0 0 0 0 0 0 0 0 0 0 0 0 0 0 0 0 0 0 0 0 0 0 0 0 0 0 0 0 0 0 0 0 0 0 0 0 0 0 0 0 0 0 0 0 0 0 0 0 0 0 0 0 0 0 0 0 0 0 0 0 0 0 0 0 0 0 0 0 0 0 0 0 0 0 0 0 0 0 0 0 0 0 0 0 0 0 0 0 0 0 0 0 0 0 0 0 0 0 0 0 0 0 0 0 0 0 0 0 0 0 0 0 0 0 0 0 0 0 0 0 0 0 0 0 0 0 0 0 0 0 0 0 0 0 0 0 0 0 0 0 0 0 0 0 0 0 0 0 0 0 0 0 0 0 0 0 0 0 0 0 0 0 0 0 0 0 0 0 0 0 0 0 0 0 0 0 0 0 0 0 0 0 0 0 0 0 0 0 0 0 0 0 0 0 0 0 0 0 0 0 0 0 0 0 0 0 0 0 0 0 0 0 0 0 0 0 0 0 0 0 0 0 0 0 0 0 0 0 0 0 0 0 0 0 0 0 0 0 0 0 0 0 0 0 0 0 0 0 0 0 0 0 0 0 0 0 0 0 0 0 0 0 0 0 0 0 0 0 0 0 0 0 0 0 0 0 0 0 0 0 0 0 0 0 0 0 0 0 0 0 0 0 0 0 0 0 0 0 0 0 0 0 0 0 0 0 0 0 0 0 0 0 0 0 0 0 0 0 0 0 0 0 0 0 0 0 0 0 0 0 0 0 0 0 0 0 0 0 0 0 0 0 0 0 0 0 0 0 0 0 0 0 0 0 0 0 0 0 0 0 0 0 0 0 0 0 0 0 0 0 0 0 0 0 0 0 0 0 0 0 0 0 0 0 0 0 0 0 0 0 0 0 0 0 0 0 0 0 0 0 0 0 0 0 0 0 0 0 0 0 0 0 0 0 0 0 0 0 0 0 0 0 0 0 0 0 0 0 0 0 0 0 0 0 0 0 0 0 0 0 0 0 0 0 0 0 0 0 0 0 0 0 0 0 0 0 0 0 0 0 0 0 0 0 0 0 0 0 0 0 0 0 0 0 0 0 0 0 0 0 0 0 0 0 0 0 0 0 0 0 0 0 0 0 0 0 0 0 0 0 0 0 0 0 0 0 0 0 0 0 0 0 0 0 0 0 0 0 0 0 0 0 0 0 0 0 0 0 0 0 0 0 0 0 0 0 0 0 0 0 0 0 0 0 0 0 0 0 0 0 0 0 0 0 0 0 0 0 0 0 0 0 0 0 0 0 0 0 0 0 0 0 0 0 0 0 0 0 0 0 0 0 0 0 0 0 0 0 0 0 0 0 0 0 0 0 0 0 0 0 0 0 0 0 0 0 0 0 0 0 0 0 0 0 0 0 0 0 0 0 0 0 0 0 0 0 0 0 0 0 0 0 0 0 0 0 0 0 0 0 0 0 0 0 0 0 0 0 0 0 0 0 0 0 0 0 0 0 0 0 0 0 0 0 0 0 0 0 0 0 0 0 0 0 0 0 0 0 0 0 0 0 0 0 0 0 0 0 0 0 0 0 0 0 0 0 0 0 0 0 0 0 0 0 0 0 0 0 0 0 0 0 0 0 0 0 0 0 0 0 0 0 0 0 0 0 0 0 0 0 0 0 0 0 0 0 0 0 0 0 0 0 0 0 0 0 0 0 0 0 0 0 0 0 0 0 0 0 0 0 0 0 0 0 0 0 0 0 0 0 0 0 0 0 0 0 0 0 0 0 0 0 0 0
ctxt 203793
btime 1613124388
processes 1355
procs_running 1
procs_blocked 0
softirq 197554 1 65710 129 3218 0 0 3313 68815 0 56368
