cpu  3324633 7 6692 2479270 149 0 458 0 0 0
cpu0 52400 0 314 37882 1 0 144 0 0 0
cpu1 51858 0 128 38792 10 0 55 0 0 0
cpu2 51917 1 100 38794 0 0 0 0 0 0
cpu3 51903 0 89 38821 0 0 1 0 0 0
cpu4 51905 0 112 38783 0 0 3 0 0 0
cpu5 51854 0 100 38855 0 0 6 0 0 0
cpu6 52447 0 343 37963 4 0 2 0 0 0
cpu7 51778 0 160 38853 2 0 19 0 0 0
cpu8 51971 0 98 38741 0 0 1 0 0 0
cpu9 51907 0 51 38849 6 0 0 0 0 0
cpu10 51946 0 162 38695 2 0 0 0 0 0
cpu11 51902 0 54 38857 0 0 1 0 0 0
cpu12 52055 0 145 38596 1 0 2 0 0 0
cpu13 51823 0 127 38844 0 0 40 0 0 0
cpu14 51995 2 76 38733 1 0 0 0 0 0
cpu15 51891 0 70 38851 0 0 0 0 0 0
cpu16 51988 0 117 38681 0 0 0 0 0 0
cpu17 51848 0 102 38859 0 0 1 0 0 0
cpu18 52018 1 106 38671 0 0 0 0 0 0
cpu19 51812 0 153 38825 1 0 1 0 0 0
cpu20 52129 0 125 38528 0 0 0 0 0 0
cpu21 51922 0 45 38844 0 0 0 0 0 0
cpu22 51968 0 108 38726 1 0 0 0 0 0
cpu23 51913 0 48 38850 0 0 0 0 0 0
cpu24 52065 0 166 38496 42 0 0 0 0 0
cpu25 51828 0 92 38879 0 0 3 0 0 0
cpu26 52064 0 146 38594 1 0 1 0 0 0
cpu27 51908 0 57 38839 0 0 1 0 0 0
cpu28 52013 0 108 38675 1 0 0 0 0 0
cpu29 51866 0 72 38860 0 0 1 0 0 0
cpu30 51969 0 92 38740 0 0 1 0 0 0
cpu31 51902 0 58 38846 0 0 0 0 0 0
cpu32 52009 0 84 38657 5 0 38 0 0 0
cpu33 51737 0 162 38878 1 0 15 0 0 0
cpu34 51940 0 60 38799 0 0 0 0 0 0
cpu35 51828 0 84 38873 3 0 7 0 0 0
cpu36 51900 0 86 38816 0 0 0 0 0 0
cpu37 51893 0 67 38844 0 0 2 0 0 0
cpu38 51923 0 60 38817 0 0 0 0 0 0
cpu39 51670 0 257 38830 0 0 45 0 0 0
cpu40 51936 0 80 38781 0 0 0 0 0 0
cpu41 51920 0 42 38840 1 0 0 0 0 0
cpu42 51902 0 102 38790 3 0 4 0 0 0
cpu43 51915 0 51 38832 0 0 0 0 0 0
cpu44 52217 0 72 38511 0 0 0 0 0 0
cpu45 51863 0 81 38840 0 0 8 0 0 0
cpu46 52042 0 112 38605 27 0 0 0 0 0
cpu47 51908 0 56 38834 0 0 1 0 0 0
cpu48 51968 0 84 38724 0 0 0 0 0 0
cpu49 51906 0 49 38838 0 0 0 0 0 0
cpu50 52082 0 122 38591 0 0 0 0 0 0
cpu51 51856 0 108 38834 0 0 0 0 0 0
cpu52 52036 0 99 38645 0 0 4 0 0 0
cpu53 51919 0 39 38835 2 0 0 0 0 0
cpu54 51982 0 102 38707 0 0 0 0 0 0
cpu55 51925 0 34 38828 1 0 0 0 0 0
cpu56 52087 0 148 38556 0 0 0 0 0 0
cpu57 51898 0 64 38828 2 0 3 0 0 0
cpu58 52058 0 119 38611 0 0 0 0 0 0
cpu59 51906 0 52 38835 0 0 1 0 0 0
cpu60 52044 0 116 38631 1 0 0 0 0 0
cpu61 51718 0 198 38844 0 0 24 0 0 0
cpu62 51968 0 80 38741 0 0 2 0 0 0
cpu63 51894 0 72 38820 0 0 2 0 0 0
intr 10040837 82 0 0 0 626 0 0 0 1 0 284 0 0 0 0 0 0 0 0 0 0 0 0 0 0 0 0 0 0 0 0 0 0 0 0 0 0 0 72 2799 2 212 0 6479 5 3184 7 0 22 0 49 0 2 0 35 902 47 1327 233 0 486 14 266 280 0 438 5 0 3 192 21423 6283 2 496 0 1923 0 1312 4 1 1483 0 15 161 57 92 1 551 64 30 6892 3 3 3 0 1214 0 1091 19 5600 11 2136 0 0 0 0 0 0 0 0 0 0 0 0 0 0 0 0 0 94 30031 0 0 0 0 0 0 0 0 0 0 0 0 0 0 0 0 0 0 0 0 0 0 0 0 0 0 0 0 0 0 0 0 0 0 0 0 0 0 0 0 0 0 0 0 0 0 0 0 0 0 0 0 0 0 0 0 0 0 0 0 0 0 0 0 0 0 0 0 0 0 0 0 0 0 0 22 0 0 0 0 0 0 0 0 0 0 0 0 0 0 0 0 0 0 0 0 0 0 0 0 0 0 0 0 0 0 0 0 0 0 0 0 0 0 0 0 0 0 0 0 0 0 0 0 0 0 0 0 0 0 0 0 0 0 0 0 0 0 0 0 0 0 0 0 0 0 0 0 0 0 0 0 0 0 0 0 0 0 0 0 0 0 0 0 0 0 0 0 0 0 0 0 0 0 0 0 0 0 0 0 0 0 0 0 0 0 0 0 0 0 0 0 0 0 0 0 0 0 0 0 0 0 0 0 0 0 0 0 0 0 0 0 0 0 0 0 0 0 0 0 0 0 0 0 0 0 0 0 0 0 0 0 0 0 0 0 0 0 0 0 0 0 0 0 0 0 0 0 0 0 0 0 0 0 0 0 0 0 0 0 0 0 0 0 0 0 0 0 0 0 0 0 0 0 0 0 0 0 0 0 0 0 0 0 0 0 0 0 0 0 0 0 0 0 0 0 0 0 0 0 0 0 0 0 0 0 0 0 0 0 0 0 0 0 0 0 0 0 0 0 0 0 0 0 0 0 0 0 0 0 0 0 0 0 0 0 0 0 0 0 0 0 0 0 0 0 0 0 0 0 0 0 0 0 0 0 0 0 0 0 0 0 0 0 0 0 0 0 0 0 0 0 0 0 0 0 0 0 0 0 0 0 0 0 0 0 0 0 0 0 0 0 0 0 0 0 0 0 0 0 0 0 0 0 0 0 0 0 0 0 0 0 0 0 0 0 0 0 0 0 0 0 0 0 0 0 0 0 0 0 0 0 0 0 0 0 0 0 0 0 0 0 0 0 0 0 0 0 0 0 0 0 0 0 0 0 0 0 0 0 0 0 0 0 0 0 0 0 0 0 0 0 0 0 0 0 0 0 0 0 0 0 0 0 0 0 0 0 0 0 0 0 0 0 0 0 0 0 0 0 0 0 0 0 0 0 0 0 0 0 0 0 0 0 0 0 0 0 0 0 0 0 0 0 0 0 0 0 0 0 0 0 0 0 0 0 0 0 0 0 0 0 0 0 0 0 0 0 0 0 0 0 0 0 0 0 0 0 0 0 0 0 0 0 0 0 0 0 0 0 0 0 0 0 0 0 0 0 0 0 0 0 0 0 0 0 0 0 0 0 0 0 0 0 0 0 0 0 0 0 0 0 0 0 0 0 0 0 0 0 0 0 0 0 0 0 0 0 0 0 0 0 0 0 0 0 0 0 0 0 0 0 0 0 0 0 0 0 0 0 0 0 0 0 0 0 0 0 0 0 0 0 0 0 0 0 0 0 0 0 0 0 0 0 0 0 0 0 0 0 0 0 0 0 0 0 0 0 0 0 0 0 0 0 0 0 0 0 0 0 0 0 0 0 0 0 0 0 0 0 0 0 0 0 0 0 0 0 0 0 0 0 0 0 0 0 0 0 0 0 0 0 0 0 0 0 0 0 0 0 0 0 0 0 0 0 0 0 0 0 0 0 0 0 0 0 0 0 0 0 0 0 0 0 0 0 0 0 0 0 0 0 0 0 0 0 0 0 0 0 0 0 0 0 0 0 0 0 0 0 0 0 0 0 0 0 0 0 0 0 0 0 0 0 0 0 0 0 0 0 0 0 0 0 0 0 0 0 0 0 0 0 0 0 0 0 0 0 0 0 0 0 0 0 0 0 0 0 0 0 0 0 0 0 0 0 0 0 0 0 0 0 0 0 0 0 0 0 0 0 0 0 0 0 0 0 0 0 0 0 0 0 0 0 0 0 0 0 0 0 0 0 0 0 0 0 0 0 0 0 0 0 0 0 0 0 0 0 0 0 0 0 0 0 0 0 0 0 0 0 0 0 0 0 0 0 0 0 0 0 0 0 0 0 0 0 0 0 0 0 0 0 0 0 0 0 0 0 0 0 0 0 0 0 0 0 0 0 0 0 0 0 0 0 0 0 0 0 0 0 0 0 0 0 0 0 0 0 0 0 0 0 0 0 0 0 0 0 0 0 0 0 0 0 0 0 0 0 0 0 0 0 0 0 0 0 0 0 0 0 0 0 0 0 0 0 0 0 0 0 0 0 0 0 0 0 0 0 0 0 0 0 0 0 0 0 0 0 0 0 0 0 0 0 0 0 0 0 0 0 0 0 0 0 0 0 0 0 0 0 0 0 0 0 0 0 0 0 0 0 0 0 0 0 0 0 0 0 0 0 0 0 0 0 0 0 0 0 0 0 0 0 0 0 0 0 0 0 0 0 0 0 0 0 0 0 0 0 0 0 0 0 0 0 0 0 0 0 0 0 0 0 0 0 0 0 0 0 0 0 0 0 0 0 0 0 0 0 0 0 0 0 0 0 0 0 0 0 0 0 0 0 0 0 0 0 0 0 0 0 0 0 0 0 0 0 0 0 0 0 0 0 0 0 0 0 0 0 0 0 0 0 0 0 0 0 0 0 0 0 0 0 0 0 0 0 0 0 0 0 0 0 0 0 0 0 0 0 0 0 0 0 0 0 0 0 0 0 0 0 0 0 0 0 0 0 0 0 0 0 0 0 0 0 0 0 0 0 0 0 0 0 0 0 0 0 0 0 0 0 0 0 0 0 0 0 0 0 0 0 0 0 0 0 0 0 0 0 0 0 0 0 0 0 0 0 0 0 0 0 0 0 0 0 0 0 0 0 0 0 0 0 0 0 0 0 0 0 0 0 0 0 0 0 0 0 0 0 0 0 0 0 0 0 0 0 0 0 0 0 0 0 0 0 0 0 0 0 0 0 0 0 0 0 0 0 0 0 0 0 0 0 0 0 0 0 0 0 0 0 0 0 0 0 0 0 0 0 0 0 0 0 0 0 0 0 0 0 0 0 0 0 0 0 0 0 0 0 0 0 0 0 0 0 0 0 0 0 0 0 0 0 0 0 0 0 0 0 0 0 0 0 0 0 0 0 0 0 0 0 0 0 0 0 0 0 0 0 0 0 0 0 0 0 0 0 0 0 0 0 0 0 0 0 0 0 0 0 0 0 0 0 0 0 0 0 0 0 0 0 0 0 0 0 0 0 0 0 0 0 0 0 0 0 0 0 0 0 0 0 0 0 0 0 0 0 0 0 0 0 0 0 0 0 0 0 0 0 0 0 0 0 0 0 0 0 0 0 0 0 0 0 0 0 0 0 0 0 0 0 0 0 0 0 0 0 0 0 0 0 0 0 0 0 0 0 0 0 0 0 0 0 0 0 0 0 0 0 0 0 0 0 0 0 0 0 0 0 0 0 0 0 0 0 0 0 0 0 0 0 0 0 0 0 0 0 0 0 0 0 0 0 0 0 0 0 0 0 0 0 0 0 0 0 0 0 0 0 0 0 0 0 0 0 0 0 0 0 0 0 0 0 0 0 0 0 0 0 0 0 0 0 0 0 0 0 0 0 0 0 0 0 0 0 0 0 0 0 0 0 0 0 0 0 0 0 0 0 0 0 0 0 0 0 0 0 0 0 0 0 0 0 0 0 0 0 0 0 0 0 0 0 0 0 0 0 0 0 0 0 0 0 0 0 0 0 0 0 0 0 0 0 0 0 0 0 0 0 0 0 0 0 0 0 0 0 0 0 0 0 0 0 0 0 0 0 0 0 0 0 0 0 0 0 0 0 0 0 0 0 0 0 0 0 0 0 0 0 0 0 0 0 0 0 0 0 0 0 0 0 0 0 0 0 0 0 0 0 0 0 0 0 0 0 0 0 0 0 0 0 0 0 0 0 0 0 0 0 0 0 0 0 0 0 0 0 0 0 0 0 0 0 0 0 0 0 0 0 0 0 0 0 0 0 0 0 0 0 0 0 0 0 0 0 0 0 0 0 0 0 0 0 0 0 0 0 0 0 0 0 0 0 0 0 0 0 0 0 0 0 0 0 0 0 0 0 0 0 0 0 0 0 0 0 0 0 0 0 0 0 0 0 0 0 0 0 0 0 0 0 0 0 0 0 0 0 0 0 0 0 0 0 0 0 0 0 0 0 0 0 0 0 0 0 0 0 0 0 0 0 0 0 0 0 0 0 0 0 0 0 0 0 0 0 0 0 0 0 0 0 0 0 0 0 0 0 0 0 0 0 0 0 0 0 0 0 0 0 0 0 0 0 0 0 0 0 0 0 0 0 0 0 0 0 0 0 0 0 0 0 0 0 0 0 0 0 0 0 0 0 0 0 0 0 0 0 0 0 0 0 0 0 0 0 0 0 0 0 0 0 0 0 0 0 0 0 0 0 0 0 0 0 0 0 0 0 0 0 0 0 0 0 0 0 0 0 0 0 0 0 0 0 0 0 0 0 0 0 0 0 0 0 0 0 0 0 0 0 0 0 0 0 0 0 0 0 0 0 0 0 0 0 0 0 0 0 0 0 0 0 0 0 0 0 0 0 0 0 0 0 0 0 0 0 0 0 0 0 0 0 0 0 0 0 0 0 0 0 0 0 0 0 0 0 0 0 0 0 0 0 0 0 0 0 0 0 0 0 0 0 0 0 0 0 0 0 0 0 0 0 0 0 0 0 0 0 0 0 0 0 0 0 0 0 0 0 0 0 0 0 0 0 0 0 0 0 0 0 0 0 0 0 0 0 0 0 0 0 0 0 0 0 0 0 0 0 0 0 0 0 0 0 0 0 0 0 0 0 0 0 0 0 0 0 0 0 0 0 0 0 0 0 0 0 0 0 0 0 0 0 0 0 0 0 0
ctxt 2074663
btime 1613144793
processes 50149
procs_running 1
procs_blocked 0
softirq 11782073 1 6959202 373 380576 0 0 141 450366 0 3991414
