cpu  82696244 5 99008 27412870 447 0 7896 0 0 0
cpu0 640915 0 6120 213103 3 0 633 0 0 0
cpu1 646280 0 438 214251 0 0 64 0 0 0
cpu2 646618 0 381 214063 17 0 17 0 0 0
cpu3 644775 0 837 215368 3 0 60 0 0 0
cpu4 643510 0 3678 213529 0 0 282 0 0 0
cpu5 646290 0 300 214492 7 0 16 0 0 0
cpu6 646631 0 291 214166 0 0 22 0 0 0
cpu7 645978 0 278 214808 0 0 24 0 0 0
cpu8 643786 0 3072 213837 10 0 360 0 0 0
cpu9 646479 0 164 214455 0 0 3 0 0 0
cpu10 646676 0 135 214287 0 0 2 0 0 0
cpu11 646391 0 223 214459 0 0 14 0 0 0
cpu12 645448 0 2588 212792 1 0 212 0 0 0
cpu13 646536 0 139 214424 0 0 2 0 0 0
cpu14 646515 0 136 214449 1 0 4 0 0 0
cpu15 646262 0 481 214322 0 0 43 0 0 0
cpu16 645546 0 2776 212420 1 0 332 0 0 0
cpu17 646625 0 118 214357 1 0 1 0 0 0
cpu18 646581 0 147 214354 0 0 4 0 0 0
cpu19 646410 0 263 214395 1 0 17 0 0 0
cpu20 646601 0 2586 211620 0 0 233 0 0 0
cpu21 646276 0 187 214416 1 0 174 0 0 0
cpu22 646598 0 164 214330 0 0 5 0 0 0
cpu23 646517 0 167 214406 0 0 4 0 0 0
cpu24 644880 0 2748 213069 0 0 282 0 0 0
cpu25 646553 0 180 214364 0 0 1 0 0 0
cpu26 646683 0 149 214256 0 0 2 0 0 0
cpu27 646347 0 191 214545 0 0 10 0 0 0
cpu28 644596 1 2098 214150 0 0 200 0 0 0
cpu29 646296 0 298 214476 0 0 22 0 0 0
cpu30 646698 0 156 214238 1 0 0 0 0 0
cpu31 646573 0 143 214376 0 0 4 0 0 0
cpu32 644210 0 2763 213834 1 0 234 0 0 0
cpu33 646285 0 222 214578 0 0 8 0 0 0
cpu34 646825 0 184 214079 0 0 6 0 0 0
cpu35 646420 0 273 214369 0 0 30 0 0 0
cpu36 643612 0 3806 213319 4 0 306 0 0 0
cpu37 646448 0 217 214425 1 0 3 0 0 0
cpu38 646828 0 132 214135 1 0 1 0 0 0
cpu39 646392 0 170 214523 0 0 8 0 0 0
cpu40 644316 0 2929 213520 2 0 272 0 0 0
cpu41 646314 0 195 214572 0 0 8 0 0 0
cpu42 646749 0 132 214207 0 0 4 0 0 0
cpu43 646423 0 208 214436 0 0 19 0 0 0
cpu44 643410 0 3598 213726 5 0 304 0 0 0
cpu45 646357 0 180 214544 0 0 7 0 0 0
cpu46 646390 0 154 214533 1 0 4 0 0 0
cpu47 646495 0 172 214409 2 0 6 0 0 0
cpu48 644313 0 2399 214093 0 0 225 0 0 0
cpu49 645756 0 400 214841 1 0 70 0 0 0
cpu50 646839 0 115 214136 1 0 2 0 0 0
cpu51 646567 0 168 214346 1 0 4 0 0 0
cpu52 644678 0 2564 213596 1 0 196 0 0 0
cpu53 646558 0 117 214398 9 0 0 0 0 0
cpu54 646673 0 120 214289 1 0 2 0 0 0
cpu55 646476 0 210 214382 1 0 18 0 0 0
cpu56 644328 0 2417 214105 1 0 192 0 0 0
cpu57 646516 0 162 214415 0 0 4 0 0 0
cpu58 646496 0 330 214219 1 0 36 0 0 0
cpu59 646196 0 515 214328 0 0 40 0 0 0
cpu60 644860 0 2266 213733 1 0 185 0 0 0
cpu61 646304 0 193 214582 0 0 4 0 0 0
cpu62 646325 0 129 214618 0 0 6 0 0 0
cpu63 645924 0 506 214580 0 0 50 0 0 0
cpu64 644649 0 2723 213471 20 0 158 0 0 0
cpu65 645866 0 508 214620 5 0 71 0 0 0
cpu66 645948 0 202 214889 1 0 5 0 0 0
cpu67 646007 0 610 214403 2 0 52 0 0 0
cpu68 645141 2 1980 213782 24 0 114 0 0 0
cpu69 646553 0 147 214376 0 0 2 0 0 0
cpu70 646615 0 148 214314 0 0 5 0 0 0
cpu71 645976 0 448 214599 1 0 52 0 0 0
cpu72 646353 0 1847 212358 165 0 303 0 0 0
cpu73 646439 0 187 214442 1 0 10 0 0 0
cpu74 646706 0 131 214245 0 0 0 0 0 0
cpu75 646372 0 176 214508 4 0 3 0 0 0
cpu76 647608 0 1576 211784 1 0 82 0 0 0
cpu77 646622 0 116 214344 0 0 2 0 0 0
cpu78 646643 0 115 214323 0 0 0 0 0 0
cpu79 646100 0 522 214396 1 0 53 0 0 0
cpu80 645678 0 1590 213619 8 0 118 0 0 0
cpu81 646472 0 150 214457 2 0 4 0 0 0
cpu82 646786 0 113 214176 0 0 2 0 0 0
cpu83 646546 0 178 214344 0 0 6 0 0 0
cpu84 645160 0 1595 214164 1 0 112 0 0 0
cpu85 646472 0 126 214475 0 0 1 0 0 0
cpu86 646528 0 108 214435 0 0 2 0 0 0
cpu87 646383 0 200 214464 0 0 13 0 0 0
cpu88 645585 0 1420 213940 0 0 99 0 0 0
cpu89 646136 0 182 214741 1 0 10 0 0 0
cpu90 646812 0 134 214131 0 0 0 0 0 0
cpu91 646595 0 145 214330 0 0 5 0 0 0
cpu92 646016 0 1467 213477 0 0 94 0 0 0
cpu93 646614 0 152 214296 4 0 1 0 0 0
cpu94 646836 0 140 214089 0 0 2 0 0 0
cpu95 646557 0 142 214361 3 0 4 0 0 0
cpu96 645642 0 1650 213678 1 0 87 0 0 0
cpu97 646439 0 192 214425 0 0 3 0 0 0
cpu98 646602 0 132 214331 0 0 2 0 0 0
cpu99 646328 0 259 214445 3 0 28 0 0 0
cpu100 644810 0 2310 213754 1 0 159 0 0 0
cpu101 646493 0 151 214428 0 0 1 0 0 0
cpu102 646653 0 126 214287 2 0 1 0 0 0
cpu103 646593 0 144 214322 0 0 3 0 0 0
cpu104 643735 0 3456 213527 0 0 283 0 0 0
cpu105 646386 0 144 214528 0 0 0 0 0 0
cpu106 646340 0 142 214578 2 0 0 0 0 0
cpu107 646488 0 235 214313 0 0 25 0 0 0
cpu108 645184 0 1779 213930 35 0 100 0 0 0
cpu109 646305 0 178 214561 0 0 6 0 0 0
cpu110 646802 0 147 214094 11 0 2 0 0 0
cpu111 646458 0 136 214466 0 0 4 0 0 0
cpu112 645582 0 1454 213915 4 0 87 0 0 0
cpu113 646284 0 226 214494 1 0 10 0 0 0
cpu114 646721 0 109 214230 1 0 0 0 0 0
cpu115 646540 0 146 214357 0 0 4 0 0 0
cpu116 645836 0 1517 213579 2 0 102 0 0 0
cpu117 646517 0 204 214329 0 0 2 0 0 0
cpu118 646946 0 100 214018 0 0 0 0 0 0
cpu119 646372 0 208 214463 0 0 8 0 0 0
cpu120 645324 0 1732 213896 4 0 85 0 0 0
cpu121 646582 0 149 214328 0 0 6 0 0 0
cpu122 646552 0 173 214323 0 0 1 0 0 0
cpu123 645886 0 634 214453 0 0 79 0 0 0
cpu124 646024 0 1465 213473 3 0 64 0 0 0
cpu125 646568 0 218 214239 0 0 2 0 0 0
cpu126 646864 0 164 214029 1 0 0 0 0 0
cpu127 646411 0 428 214205 0 0 8 0 0 0
intr 226557223 133 0 0 0 680 0 0 0 1 0 272 0 0 0 0 0 0 0 0 0 0 0 0 0 0 0 0 0 0 0 0 0 0 0 0 260 0 931 1566 1619 25525 4123 526 732 3740 681 883 343 5516 653 678 954 21691 378 177 553 6289 1125 74542 161 2894 1902 689 254 4271 789 812 314 2720 426 506 803 6006 1723 342 407 2100 606 671 535 5009 851 569 928 4517 848 17784 382 2379 515 89 414 7389 237 540 2019 6143 332 933 208 11250 8176 686 1118 15965 4970 453 1016 4515 25613 935 438 2517 440 441 462 15163 3834 101 496 4235 160 439 251 6129 22 279 651 2515 147 426 347 2755 1550 599 439 5282 1173 155 367 2090 1377 401 323 1897 78 613 816 3556 231 1097 48 1233 121 470 283 0 0 0 0 0 0 0 0 0 0 2028 1123 13931 211 524 721 147 87 167 1833 235 376 149 191 98 130 164 62 151 3178 324 135 169 189 263 3948 82 7 20 2 481 394 4 49 0 0 0 0 0 0 0 0 0 0 0 0 0 0 0 0 57 13 448 177 200 0 0 2 3 4 32 15 0 4 49 51 160 29 9 13 53 20 53 3 6 11 5 1 95 8 4 67 4 285 4 4 2 14 483 750 260 70 43 24 30 65 24 6 4 22 9 9 38 277 47 2 11 1 3 12 265 40 161 0 0 0 0 0 0 0 0 0 0 0 0 0 0 0 0 0 0 0 0 0 0 0 0 0 0 0 0 0 0 0 0 0 0 0 0 0 0 0 0 0 0 0 0 0 0 0 0 0 0 0 0 0 0 0 0 0 0 0 0 0 0 0 0 0 0 0 0 0 0 0 0 0 0 0 0 0 0 0 0 0 0 0 0 0 0 0 0 0 0 0 0 0 0 0 0 0 0 0 0 0 0 0 0 0 0 0 0 0 0 0 0 0 0 0 0 0 0 0 0 0 0 0 0 0 0 0 0 0 0 0 0 0 0 0 0 0 0 0 0 0 0 0 0 0 0 0 0 0 0 0 0 0 0 0 0 0 0 0 0 0 0 0 0 0 0 0 0 0 0 0 0 0 0 0 0 0 0 0 0 0 0 0 0 0 0 0 0 0 0 0 0 0 0 0 0 0 0 0 0 0 0 0 0 0 0 0 0 0 0 0 0 0 0 0 0 0 0 0 0 0 0 0 0 0 0 0 0 0 0 0 0 0 0 0 0 0 0 0 0 0 0 0 0 0 0 0 0 0 0 0 0 0 0 0 0 0 0 0 0 0 0 0 0 0 0 0 0 0 0 0 0 0 0 0 0 0 0 0 0 0 0 0 0 0 0 0 0 0 0 0 0 0 0 0 0 0 0 0 0 0 0 0 0 0 0 0 0 0 0 0 0 0 0 0 0 0 0 0 0 0 0 0 0 0 0 0 0 0 0 0 0 0 0 0 0 0 0 0 0 0 0 0 0 0 0 0 0 0 0 0 0 0 0 0 0 0 0 0 0 0 0 0 0 0 0 0 0 0 0 0 0 0 0 0 0 0 0 0 0 0 0 0 0 0 0 0 0 0 0 0 0 0 0 0 0 0 0 0 0 0 0 0 0 0 0 0 0 0 0 0 0 0 0 0 0 0 0 0 0 0 0 0 0 0 0 0 0 0 0 0 0 0 0 0 0 0 0 0 0 0 48 0 0 0 0 0 0 0 3 0 0 0 0 0 0 0 0 0 0 0 0 0 0 0 0 0 0 0 0 0 0 0 0 0 0 0 0 0 0 0 0 0 0 0 0 0 0 0 0 0 0 0 0 0 0 0 0 0 0 0 0 0 0 0 0 0 0 48 0 0 0 0 0 0 0 0 23 0 0 0 0 0 0 0 0 0 0 0 0 0 0 0 0 0 0 0 0 0 0 0 0 0 0 0 0 0 0 0 0 0 0 0 0 0 0 0 0 0 0 0 0 0 0 0 0 0 0 0 0 0 0 0 0 0 0 0 0 0 0 0 0 0 0 0 0 0 0 0 0 0 0 0 0 0 0 0 0 0 0 0 0 0 0 0 0 0 0 0 0 0 0 0 0 0 0 0 0 0 0 0 0 0 0 0 0 0 0 0 0 0 0 0 0 0 0 0 0 0 0 0 0 0 0 0 0 0 0 0 0 0 0 0 0 0 0 0 0 0 0 0 0 0 0 0 0 0 0 0 0 0 0 0 0 0 0 0 0 0 0 0 0 0 0 0 0 0 0 0 0 0 0 0 0 0 0 0 0 0 0 0 0 0 0 0 0 0 0 0 0 0 0 0 0 0 0 0 0 0 0 0 0 0 0 0 0 0 0 0 0 0 0 0 0 0 0 0 0 0 0 0 0 0 0 0 0 0 0 0 0 0 0 0 0 0 0 0 0 0 0 0 0 0 0 0 0 0 0 0 0 0 0 0 0 0 0 0 0 0 0 0 0 0 0 0 0 0 0 0 0 0 0 0 0 0 0 0 0 0 0 0 0 0 0 0 0 0 0 0 0 0 0 0 0 0 0 0 0 0 0 0 0 0 0 0 0 0 0 0 0 0 0 0 0 0 0 0 0 0 0 0 0 0 0 0 0 0 0 0 0 0 0 0 0 0 0 0 0 0 0 0 0 0 0 0 0 0 0 0 0 0 0 0 0 0 0 0 0 0 0 0 0 0 0 0 0 0 0 0 0 0 0 0 0 0 0 0 0 0 0 0 0 0 0 0 0 0 0 0 0 0 0 0 0 0 0 0 0 0 0 0 0 0 0 0 0 0 0 0 0 0 0 0 0 0 0 0 0 0 0 0 0 0 0 0 0 0 0 0 0 0 0 0 0 0 0 0 0 0 0 0 0 0 0 0 0 0 0 0 0 0 0 0 0 0 0 0 0 0 0 0 0 0 0 0 0 0 0 0 0 0 0 0 0 0 0 0 0 0 0 0 0 0 0 0 0 0 0 0 0 0 0 0 0 0 0 0 0 0 0 0 0 0 0 0 0 0 0 0 0 0 0 0 0 0 0 0 0 0 0 0 0 0 0 0 0 0 0 0 0 0 0 0 0 0 0 0 0 0 0 0 0 0 0 0 0 0 0 0 0 0 0 0 0 0 0 0 0 0 0 0 0 0 0 0 0 0 0 0 0 0 0 0 0 0 0 0 0 0 0 0 0 0 0 0 0 0 0 0 0 0 0 0 0 0 0 0 0 0 0 0 0 0 0 0 0 0 0 0 0 0 0 0 0 0 0 0 0 0 0 0 0 0 0 0 0 0 0 0 0 0 0 0 0 0 0 0 0 0 0 0 0 0 0 0 0 0 0 0 0 0 0 0 0 0 0 0 0 0 0 0 0 0 0 0 0 0 0 0 0 0 0 0 0 0 0 0 0 0 0 0 0 0 0 0 0 0 0 0 0 0 0 0 0 0 0 0 0 0 0 0 0 0 0 0 0 0 0 0 0 0 0 0 0 0 0 0 0 0 0 0 0 0 0 0 0 0 0 0 0 0 0 0 0 0 0 0 0 0 0 0 0 0 0 0 0 0 0 0 0 0 0 0 0 0 0 0 0 0 0 0 0 0 0 0 0 0 0 0 0 0 0 0 0 0 0 0 0 0 0 0 0 0 0 0 0 0 0 0 0 0 0 0 0 0 0 0 0 0 0 0 0 0 0 0 0 0 0 0 0 0 0 0 0 0 0 0 0 0 0 0 0 0 0 0 0 0 0 0 0 0 0 0 0 0 0 0 0 0 0 0 0 0 0 0 0 0 0 0 0 0 0 0 0 0 0 0 0 0 0 0 0 0 0 0 0 0 0 0 0 0 0 0 0 0 0 0 0 0 0 0 0 0 0 0 0 0 0 0 0 0 0 0 0 0 0 0 0 0 0 0 0 0 0 0 0 0 0 0 0 0 0 0 0 0 0 0 0 0 0 0 0 0 0 0 0 0 0 0 0 0 0 0 0 0 0 0 0 0 0 0 0 0 0 0 0 0 0 0 0 0 0 0 0 0 0 0 0 0 0 0 0 0 0 0 0 0 0 0 0 0 0 0 0 0 0 0 0 0 0 0 0 0 0 0 0 0 0 0 0 0 0 0 0 0 0 0 0 0 0 0 0 0 0 0 0 0 0 0 0 0 0 0 0 0 0 0 0 0 0 0 0 0 0 0 0 0 0 0 0 0 0 0 0 0 0 0 0 0 0 0 0 0 0 0 0 0 0 0 0 0 0 0 0 0 0 0 0 0 0 0 0 0 0 0 0 0 0 0 0 0 0 0 0 0 0 0 0 0 0 0 0 0 0 0 0 0 0 0 0 0 0 0 0 0 0 0 0 0 0 0 0 0 0 0 0 0 0 0 0 0 0 0 0 0 0 0 0 0 0 0 0 0 0 0 0 0 0 0 0 0 0 0 0 0 0 0 0 0 0 0 0 0 0 0 0 0 0 0 0 0 0 0 0 0 0 0 0 0 0 0 0 0 0 0 0 0 0 0 0 0 0 0 0 0 0 0 0 0 0 0 0 0 0 0 0 0 0 0 0 0 0 0 0 0 0 0 0 0 0 0 0 0 0 0 0 0 0 0 0 0 0 0 0 0 0 0 0 0 0 0 0 0 0 0 0 0 0 0 0 0 0 0 0 0 0 0 0 0 0 0 0 0 0 0 0 0 0 0 0 0 0 0 0 0 0 0 0 0 0 0 0 0 0 0 0 0 0 0 0 0 0 0 0 0 0 0 0 0 0 0 0 0 0 0 0 0 0 0 0 0 0 0 0 0 0 0 0 0 0 0 0 0 0 0 0 0 0 0 0 0 0 0 0 0 0 0 0 0 0 0 0 0 0 0 0 0 0 0 0 0 0 0 0 0 0 0 0 0 0 0 0 0 0 0 0 0 0 0 0 0 0 0 0 0 0 0 0 0 0 0 0 0 0 0 0 0 0 0 0 0 0 0 0 0 0 0 0 0 0 0 0 0 0 0 0 0 0 0 0 0 0 0 0 0 0 0 0 0 0 0 0 0 0 0 0 0 0 0 0 0 0 0 0 0 0 0 0 0 0 0 0 0 0 0 0 0 0 0 0 0 0 0 0 0 0 0 0 0 0 0 0 0 0 0 0 0 0 0 0 0 0 0 0 0 0 0 0 0 0 0 0 0 0 0 0 0 0 0 0 0 0 0 0 0 0 0 0 0 0 0 0 0 0 0 0 0 0 0 0 0 0 0 0 0 0 0 0 0 0 0 0 0 0 0 0 0 0 0 0 0 0 0 0 0 0 0 0 0 0 0 0 0 0 0 0 0 0 0 0 0 0 0 0 0 0 0 0 0 0 0 0 0 0 0 0 0 0 0 0 0 0 0 0 0 0 0 0 0 0 0 0 0 0 0 0 0 0 0 0 0 0 0 0 0 0 0 0 0 0 0 0 0 0 0 0 0 0 0 0 0 0 0 0 0 0 0 0 0 0 0 0 0 0 0 0 0 0 0 0 0 0 0 0 0 0 0 0 0 0 0 0 0 0 0 0 0 0 0 0 0 0 0 0 0 0 0 0 0 0 0 0 0 0 0 0 0 0 0 0 0 0 0 0 0 0 0 0 0 0 0 0 0 0 0 0 0 0 0 0 0 0 0 0 0 0 0 0 0 0 0 0 0 0 0 0 0 0 0 0 0 0 0 0 0 0 0 0 0 0 0 0 0 0 0 0 0 0 0 0 0 0 0 0 0 0 0 0 0 0 0 0 0 0 0 0 0 0 0 0 0 0 0 0 0 0 0 0 0 0 0 0 0 0 0 0 0 0 0 0 0 0 0 0 0 0 0 0 0 0 0 0 0 0 0 0 0 0 0 0 0 0 0 0 0 0 0 0 0 0 0 0 0 0 0 0 0 0 0 0 0 0 0 0 0 0 0 0 0 0 0 0 0 0 0 0 0 0 0 0 0 0 0 0 0 0 0 0 0 0 0 0 0 0 0 0 0 0 0 0 0 0 0 0 0 0 0 0 0 0 0 0 0 0 0 0 0 0 0 0 0 0 0 0 0 0 0 0 0 0 0 0 0 0 0 0 0 0 0 0 0 0 0 0 0 0 0 0 0 0 0 0 0 0 0 0 0 0 0 0 0 0 0 0 0 0 0 0 0 0 0 0 0 0 0 0 0 0 0 0 0 0 0 0 0 0 0 0 0 0 0 0 0 0 0 0 0 0 0 0 0 0 0 0 0 0 0 0 0 0 0 0 0 0 0 0 0 0 0 0 0 0 0 0 0 0 0 0 0 0 0 0 0 0 0 0 0 0 0 0 0 0 0 0 0 0 0 0 0 0 0 0 0 0 0 0 0 0 0 0 0 0 0 0 0 0 0 0 0 0 0 0 0 0 0 0 0 0 0 0 0 0 0 0 0 0 0 0 0 0 0 0 0 0 0 0 0 0 0 0 0 0 0 0 0 0 0 0 0 0 0 0 0 0 0 0 0 0 0 0 0 0 0 0 0 0 0 0 0 0 0 0 0 0 0 0 0 0 0 0 0 0 0 0 0 0 0 0 0 0 0 0 0 0 0 0 0 0 0 0 0 0 0 0 0 0 0 0 0 0 0 0 0 0 0 0 0 0 0 0 0 0 0 0 0 0 0 0 0 0 0 0 0 0 0 0 0 0 0 0 0 0 0 0 0 0 0 0 0 0 0 0 0 0 0 0 0 0 0 0 0 0 0 0 0 0 0 0 0 0 0 0 0 0 0 0 0 0 0 0 0 0 0 0 0 0 0 0 0 0 0 0 0 0 0 0 0 0 0 0 0 0 0 0 0 0 0 0 0 0 0 0 0 0 0 0 0 0 0 0 0 0 0 0 0 0 0 0 0 0 0 0 0 0 0 0 0 0 0 0 0 0 0 0 0 0 0 0 0 0 0 0 0 0 0 0 0 0 0 0 0 0 0 0 0 0 0 0 0 0 0 0 0 0 0 0 0 0 0 0 0 0 0 0 0 0 0 0 0 0 0 0 0 0 0 0 0 0 0 0 0 0 0 0 0 0 0 0 0 0 0 0 0 0 0 0 0 0 0 0 0 0 0 0 0 0 0 0 0 0 0 0 0 0 0 0 0 0 0 0 0 0 0 0 0 0 0 0 0 0 0 0 0 0 0 0 0 0 0 0 0 0 0 0 0 0 0 0 0 0 0 0 0 0 0 0 0 0 0 0 0 0 0 0 0 0 0 0 0 0 0 0 0 0 0 0 0 0 0 0 0 0 0 0 0 0 0 0 0 0 0 0 0 0 0 0 0 0 0 0 0 0 0 0 0 0 0 0 0 0 0 0 0 0 0 0 0 0 0 0 0 0 0 0 0 0 0 0 0 0 0 0 0 0 0 0 0 0 0 0 0 0 0 0 0 0 0 0 0 0 0 0 0 0 0 0 0 0 0 0 0 0 0 0 0 0 0 0 0 0 0 0 0 0 0 0 0 0 0 0 0 0 0 0 0 0 0 0 0 0 0 0 0 0 0 0 0 0 0 0 0 0 0 0 0 0 0 0 0 0 0 0 0 0 0 0 0 0 0 0 0 0 0 0 0 0 0 0 0 0 0 0 0 0 0 0 0 0 0 0 0 0 0 0 0 0 0 0 0 0 0 0 0 0 0 0 0 0 0 0 0 0 0 0 0 0 0 0 0 0 0 0 0 0 0 0 0 0 0 0 0 0 0 0 0 0 0 0 0 0 0 0 0 0 0 0 0 0 0 0 0 0 0 0 0 0 0 0 0 0 0 0 0 0 0 0 0 0 0 0 0 0 0 0 0 0 0 0 0 0 0 0 0 0 0 0 0 0 0 0 0 0 0 0 0 0 0 0 0 0 0 0 0 0 0 0 0 0 0 0 0 0 0 0 0 0 0 0 0 0 0 0 0 0 0 0 0 0 0 0 0 0 0 0 0 0 0 0 0 0 0 0 0 0 0 0 0 0 0 0 0 0 0 0 0 0 0 0 0 0 0 0 0 0 0 0 0 0 0 0 0 0 0 0 0 0 0 0 0 0 0 0 0 0 0 0 0 0 0 0 0 0 0 0 0 0 0 0 0 0 0 0 0 0 0 0 0 0 0 0 0 0 0 0 0 0 0 0 0 0 0 0 0 0 0 0 0 0 0 0 0 0 0 0 0 0 0 0 0 0 0 0 0 0 0 0 0 0 0 0 0 0 0 0 0 0 0 0 0 0 0 0 0 0 0 0 0 0 0 0 0 0 0 0 0 0 0 0 0 0 0 0 0 0 0 0 0 0 0 0 0 0 0 0 0 0 0 0 0 0 0 0 0 0 0 0 0 0 0 0 0 0 0 0 0 0 0 0 0 0 0 0 0 0 0 0 0 0 0 0 0 0 0 0 0 0 0 0 0 0 0 0 0 0 0 0 0 0 0 0 0 0 0 0 0 0 0 0 0 0 0 0 0 0 0 0 0 0 0 0 0 0 0 0 0 0 0 0 0 0 0 0 0 0 0 0 0 0 0 0 0 0 0 0 0 0 0 0 0 0 0 0 0 0 0 0 0 0 0 0 0 0 0 0 0 0 0 0 0 0 0 0 0 0 0 0 0 0 0 0 0 0 0 0 0 0 0 0 0 0 0 0 0 0 0 0 0 0 0 0 0 0 0 0 0 0 0 0 0 0 0 0 0 0 0 0 0 0 0 0 0 0 0 0 0 0 0 0 0 0 0 0 0 0 0 0 0 0 0 0 0 0 0 0 0 0 0 0 0 0 0 0 0 0 0 0 0 0 0 0 0 0 0 0 0 0 0 0 0 0 0 0 0 0 0 0 0 0 0 0 0 0 0 0 0 0 0 0 0 0 0 0 0 0 0 0 0 0 0 0 0 0 0 0 0 0 0 0 0 0 0 0 0 0 0 0 0 0 0 0 0 0 0 0 0 0 0 0 0 0 0 0 0 0 0 0 0 0 0 0 0 0 0 0 0 0 0 0 0 0 0 0 0 0 0 0 0 0 0 0 0 0 0 0 0 0 0 0 0 0 0 0 0 0 0 0 0 0 0 0 0 0 0 0 0 0 0 0 0 0 0 0 0 0 0 0 0 0 0 0 0 0 0 0 0 0 0 0 0 0 0 0 0 0 0 0 0 0 0 0 0 0 0 0 0 0 0 0 0 0 0 0 0 0 0 0 0 0 0 0 0 0 0 0 0 0 0 0 0 0 0 0 0 0 0 0 0 0 0 0 0 0 0 0 0 0 0 0 0 0 0 0 0 0 0 0 0 0 0 0 0 0 0 0 0 0 0 0 0 0 0 0 0 0 0 0 0 0 0 0 0 0 0 0 0 0 0 0 0 0 0 0 0 0 0 0 0 0 0 0 0 0 0 0 0 0 0 0 0 0 0 0 0 0 0 0 0 0 0 0 0 0 0 0 0 0 0 0 0 0 0 0 0 0 0 0 0 0 0 0 0 0 0 0 0 0 0 0 0 0 0 0 0 0 0 0 0 0 0 0 0 0 0 0 0 0 0 0 0 0 0 0 0 0 0 0 0 0 0 0 0 0 0 0 0 0 0 0 0 0 0 0 0 0 0 0 0 0 0 0 0 0 0 0 0 0 0 0 0 0 0 0 0 0 0 0 0 0 0 0 0 0 0 0 0 0 0 0 0 0 0 0 0 0 0 0 0 0 0 0 0 0 0 0 0 0 0 0 0 0 0 0 0 0 0 0 0 0 0 0 0 0 0 0 0 0 0 0 0 0 0 0 0 0 0 0 0 0 0 0 0 0 0 0 0 0 0 0 0 0 0 0 0 0 0 0 0 0 0 0 0 0 0 0 0 0 0 0 0 0 0 0 0 0 0 0 0 0 0 0 0 0 0 0 0 0 0 0 0 0 0 0 0 0 0 0 0 0 0 0 0 0 0 0 0 0 0 0 0 0 0 0 0 0 0 0 0 0 0 0 0 0 0 0 0 0 0 0 0 0 0 0 0 0 0 0 0 0 0 0 0 0 0 0 0 0 0 0 0 0 0 0 0 0 0 0 0 0 0 0 0 0 0 0 0 0 0 0 0 0 0
ctxt 11842113
btime 1613064757
processes 229652
procs_running 1
procs_blocked 0
softirq 238191543 1 156102458 2529 2047745 0 0 885 7584066 0 72453859
