cpu  1662389 6 5654 2289371 143 0 453 0 0 0
cpu0 26059 0 314 35245 2 0 179 0 0 0
cpu1 25935 0 58 35826 10 0 162 0 0 0
cpu2 25970 0 128 35744 0 0 2 0 0 0
cpu3 25942 0 43 35871 0 0 0 0 0 0
cpu4 26125 0 150 35567 0 0 1 0 0 0
cpu5 25942 0 38 35878 0 0 0 0 0 0
cpu6 25988 0 264 35535 0 0 1 0 0 0
cpu7 25557 0 371 35862 0 0 64 0 0 0
cpu8 26058 0 190 35601 0 0 2 0 0 0
cpu9 25941 0 36 35879 0 0 0 0 0 0
cpu10 26064 0 186 35592 0 0 8 0 0 0
cpu11 25941 0 36 35875 0 0 0 0 0 0
cpu12 26005 0 135 35700 0 0 0 0 0 0
cpu13 25943 0 36 35872 0 0 0 0 0 0
cpu14 25934 2 106 35810 0 0 0 0 0 0
cpu15 25943 0 35 35874 0 0 0 0 0 0
cpu16 25936 0 85 35821 0 0 0 0 0 0
cpu17 25944 0 38 35870 0 0 0 0 0 0
cpu18 26151 0 90 35609 0 0 0 0 0 0
cpu19 25943 0 36 35867 1 0 0 0 0 0
cpu20 25938 0 83 35834 0 0 0 0 0 0
cpu21 25944 0 41 35866 1 0 0 0 0 0
cpu22 25996 0 71 35781 0 0 0 0 0 0
cpu23 25940 0 44 35860 0 0 0 0 0 0
cpu24 25967 0 98 35673 81 0 0 0 0 0
cpu25 25921 0 57 35842 5 0 10 0 0 0
cpu26 25908 1 92 35841 0 0 0 0 0 0
cpu27 25945 0 47 35854 0 0 0 0 0 0
cpu28 26460 0 251 35134 5 0 0 0 0 0
cpu29 25944 0 41 35860 1 0 0 0 0 0
cpu30 25944 0 76 35822 0 0 0 0 0 0
cpu31 25942 0 36 35868 0 0 0 0 0 0
cpu32 26024 0 118 35695 2 0 0 0 0 0
cpu33 25942 0 44 35859 0 0 0 0 0 0
cpu34 26069 0 96 35677 0 0 0 0 0 0
cpu35 25942 0 43 35859 0 0 0 0 0 0
cpu36 26013 0 118 35687 0 0 0 0 0 0
cpu37 25940 0 44 35859 0 0 0 0 0 0
cpu38 26103 0 152 35589 0 0 0 0 0 0
cpu39 25850 0 120 35856 0 0 14 0 0 0
cpu40 26052 0 152 35640 0 0 0 0 0 0
cpu41 25943 0 40 35860 0 0 0 0 0 0
cpu42 26098 0 134 35601 1 0 0 0 0 0
cpu43 25950 0 39 35855 0 0 0 0 0 0
cpu44 25990 0 85 35751 1 0 0 0 0 0
cpu45 25943 0 35 35860 0 0 0 0 0 0
cpu46 25930 1 72 35837 0 0 0 0 0 0
cpu47 25941 0 45 35853 0 0 0 0 0 0
cpu48 25962 0 75 35793 0 0 0 0 0 0
cpu49 25944 0 37 35855 0 0 0 0 0 0
cpu50 26169 0 87 35580 0 0 0 0 0 0
cpu51 25944 0 41 35852 1 0 0 0 0 0
cpu52 25966 0 60 35804 5 0 0 0 0 0
cpu53 25941 0 39 35854 0 0 0 0 0 0
cpu54 25960 0 63 35813 0 0 0 0 0 0
cpu55 25944 0 42 35835 0 0 0 0 0 0
cpu56 25926 0 64 35846 0 0 0 0 0 0
cpu57 25933 0 48 35854 0 0 0 0 0 0
cpu58 25920 0 72 35835 0 0 0 0 0 0
cpu59 25945 0 40 35848 1 0 0 0 0 0
cpu60 25936 0 73 35830 0 0 0 0 0 0
cpu61 25943 0 40 35848 0 0 0 0 0 0
cpu62 26091 0 157 35583 0 0 0 0 0 0
cpu63 25944 0 44 35844 0 0 0 0 0 0
intr 5250208 81 0 0 0 623 0 0 0 1 0 285 0 0 0 0 0 0 0 0 0 0 0 0 0 0 0 0 0 0 0 0 0 0 0 0 0 0 0 2146 3584 861 0 2 6 0 3504 0 2 6719 16 4 0 58 0 101 0 16 0 0 0 48 0 1 14326 336 4 4 7 146 0 83 0 76 0 21 34 3 9178 3 0 24 38 75 0 0 0 1367 0 9 0 62 0 0 0 28 4 0 1 0 18 3 0 0 0 0 0 0 0 0 0 0 0 0 0 0 0 0 0 0 96 28998 0 0 0 0 0 0 0 0 0 0 0 0 0 0 0 0 0 0 0 0 0 0 0 0 0 0 0 0 0 0 0 0 0 0 0 0 0 0 0 0 0 0 0 0 0 0 0 0 0 0 0 0 0 0 0 0 0 0 0 0 0 0 0 0 0 0 0 0 0 0 0 0 0 0 0 21 0 0 0 0 0 0 0 0 0 0 0 0 0 0 0 0 0 0 0 0 0 0 0 0 0 0 0 0 0 0 0 0 0 0 0 0 0 0 0 0 0 0 0 0 0 0 0 0 0 0 0 0 0 0 0 0 0 0 0 0 0 0 0 0 0 0 0 0 0 0 0 0 0 0 0 0 0 0 0 0 0 0 0 0 0 0 0 0 0 0 0 0 0 0 0 0 0 0 0 0 0 0 0 0 0 0 0 0 0 0 0 0 0 0 0 0 0 0 0 0 0 0 0 0 0 0 0 0 0 0 0 0 0 0 0 0 0 0 0 0 0 0 0 0 0 0 0 0 0 0 0 0 0 0 0 0 0 0 0 0 0 0 0 0 0 0 0 0 0 0 0 0 0 0 0 0 0 0 0 0 0 0 0 0 0 0 0 0 0 0 0 0 0 0 0 0 0 0 0 0 0 0 0 0 0 0 0 0 0 0 0 0 0 0 0 0 0 0 0 0 0 0 0 0 0 0 0 0 0 0 0 0 0 0 0 0 0 0 0 0 0 0 0 0 0 0 0 0 0 0 0 0 0 0 0 0 0 0 0 0 0 0 0 0 0 0 0 0 0 0 0 0 0 0 0 0 0 0 0 0 0 0 0 0 0 0 0 0 0 0 0 0 0 0 0 0 0 0 0 0 0 0 0 0 0 0 0 0 0 0 0 0 0 0 0 0 0 0 0 0 0 0 0 0 0 0 0 0 0 0 0 0 0 0 0 0 0 0 0 0 0 0 0 0 0 0 0 0 0 0 0 0 0 0 0 0 0 0 0 0 0 0 0 0 0 0 0 0 0 0 0 0 0 0 0 0 0 0 0 0 0 0 0 0 0 0 0 0 0 0 0 0 0 0 0 0 0 0 0 0 0 0 0 0 0 0 0 0 0 0 0 0 0 0 0 0 0 0 0 0 0 0 0 0 0 0 0 0 0 0 0 0 0 0 0 0 0 0 0 0 0 0 0 0 0 0 0 0 0 0 0 0 0 0 0 0 0 0 0 0 0 0 0 0 0 0 0 0 0 0 0 0 0 0 0 0 0 0 0 0 0 0 0 0 0 0 0 0 0 0 0 0 0 0 0 0 0 0 0 0 0 0 0 0 0 0 0 0 0 0 0 0 0 0 0 0 0 0 0 0 0 0 0 0 0 0 0 0 0 0 0 0 0 0 0 0 0 0 0 0 0 0 0 0 0 0 0 0 0 0 0 0 0 0 0 0 0 0 0 0 0 0 0 0 0 0 0 0 0 0 0 0 0 0 0 0 0 0 0 0 0 0 0 0 0 0 0 0 0 0 0 0 0 0 0 0 0 0 0 0 0 0 0 0 0 0 0 0 0 0 0 0 0 0 0 0 0 0 0 0 0 0 0 0 0 0 0 0 0 0 0 0 0 0 0 0 0 0 0 0 0 0 0 0 0 0 0 0 0 0 0 0 0 0 0 0 0 0 0 0 0 0 0 0 0 0 0 0 0 0 0 0 0 0 0 0 0 0 0 0 0 0 0 0 0 0 0 0 0 0 0 0 0 0 0 0 0 0 0 0 0 0 0 0 0 0 0 0 0 0 0 0 0 0 0 0 0 0 0 0 0 0 0 0 0 0 0 0 0 0 0 0 0 0 0 0 0 0 0 0 0 0 0 0 0 0 0 0 0 0 0 0 0 0 0 0 0 0 0 0 0 0 0 0 0 0 0 0 0 0 0 0 0 0 0 0 0 0 0 0 0 0 0 0 0 0 0 0 0 0 0 0 0 0 0 0 0 0 0 0 0 0 0 0 0 0 0 0 0 0 0 0 0 0 0 0 0 0 0 0 0 0 0 0 0 0 0 0 0 0 0 0 0 0 0 0 0 0 0 0 0 0 0 0 0 0 0 0 0 0 0 0 0 0 0 0 0 0 0 0 0 0 0 0 0 0 0 0 0 0 0 0 0 0 0 0 0 0 0 0 0 0 0 0 0 0 0 0 0 0 0 0 0 0 0 0 0 0 0 0 0 0 0 0 0 0 0 0 0 0 0 0 0 0 0 0 0 0 0 0 0 0 0 0 0 0 0 0 0 0 0 0 0 0 0 0 0 0 0 0 0 0 0 0 0 0 0 0 0 0 0 0 0 0 0 0 0 0 0 0 0 0 0 0 0 0 0 0 0 0 0 0 0 0 0 0 0 0 0 0 0 0 0 0 0 0 0 0 0 0 0 0 0 0 0 0 0 0 0 0 0 0 0 0 0 0 0 0 0 0 0 0 0 0 0 0 0 0 0 0 0 0 0 0 0 0 0 0 0 0 0 0 0 0 0 0 0 0 0 0 0 0 0 0 0 0 0 0 0 0 0 0 0 0 0 0 0 0 0 0 0 0 0 0 0 0 0 0 0 0 0 0 0 0 0 0 0 0 0 0 0 0 0 0 0 0 0 0 0 0 0 0 0 0 0 0 0 0 0 0 0 0 0 0 0 0 0 0 0 0 0 0 0 0 0 0 0 0 0 0 0 0 0 0 0 0 0 0 0 0 0 0 0 0 0 0 0 0 0 0 0 0 0 0 0 0 0 0 0 0 0 0 0 0 0 0 0 0 0 0 0 0 0 0 0 0 0 0 0 0 0 0 0 0 0 0 0 0 0 0 0 0 0 0 0 0 0 0 0 0 0 0 0 0 0 0 0 0 0 0 0 0 0 0 0 0 0 0 0 0 0 0 0 0 0 0 0 0 0 0 0 0 0 0 0 0 0 0 0 0 0 0 0 0 0 0 0 0 0 0 0 0 0 0 0 0 0 0 0 0 0 0 0 0 0 0 0 0 0 0 0 0 0 0 0 0 0 0 0 0 0 0 0 0 0 0 0 0 0 0 0 0 0 0 0 0 0 0 0 0 0 0 0 0 0 0 0 0 0 0 0 0 0 0 0 0 0 0 0 0 0 0 0 0 0 0 0 0 0 0 0 0 0 0 0 0 0 0 0 0 0 0 0 0 0 0 0 0 0 0 0 0 0 0 0 0 0 0 0 0 0 0 0 0 0 0 0 0 0 0 0 0 0 0 0 0 0 0 0 0 0 0 0 0 0 0 0 0 0 0 0 0 0 0 0 0 0 0 0 0 0 0 0 0 0 0 0 0 0 0 0 0 0 0 0 0 0 0 0 0 0 0 0 0 0 0 0 0 0 0 0 0 0 0 0 0 0 0 0 0 0 0 0 0 0 0 0 0 0 0 0 0 0 0 0 0 0 0 0 0 0 0 0 0 0 0 0 0 0 0 0 0 0 0 0 0 0 0 0 0 0 0 0 0 0 0 0 0 0 0 0 0 0 0 0 0 0 0 0 0 0 0 0 0 0 0 0 0 0 0 0 0 0 0 0 0 0 0 0 0 0 0 0 0 0 0 0 0 0 0 0 0 0 0 0 0 0 0 0 0 0 0 0 0 0 0 0 0 0 0 0 0 0 0 0 0 0 0 0 0 0 0 0 0 0 0 0 0 0 0 0 0 0 0 0 0 0 0 0 0 0 0 0 0 0 0 0 0 0 0 0 0 0 0 0 0 0 0 0 0 0 0 0 0 0 0 0 0 0 0 0 0 0 0 0 0 0 0 0 0 0 0 0 0 0 0 0 0 0 0 0 0 0 0 0 0 0 0 0 0 0 0 0 0 0 0 0 0 0 0 0 0 0 0 0 0 0 0 0 0 0 0 0 0 0 0 0 0 0 0 0 0 0 0 0 0 0 0 0 0 0 0 0 0 0 0 0 0 0 0 0 0 0 0 0 0 0 0 0 0 0 0 0 0 0 0 0 0 0 0 0 0 0 0 0 0 0 0 0 0 0 0 0 0 0 0 0 0 0 0 0 0 0 0 0 0 0 0 0 0 0 0 0 0 0 0 0 0 0 0 0 0 0 0 0 0 0 0 0 0 0 0 0 0 0 0 0 0 0 0 0 0 0 0 0 0 0 0 0 0 0 0 0 0 0 0 0 0 0 0 0 0 0 0 0 0 0 0 0 0 0 0 0 0 0 0 0 0 0 0 0 0 0 0 0 0 0 0 0 0 0 0 0 0 0 0 0 0 0 0 0 0 0 0 0 0 0 0 0 0 0 0 0 0 0 0 0 0 0 0 0 0 0 0 0 0 0 0 0 0 0 0 0 0 0 0 0 0 0 0 0 0 0 0 0 0 0 0 0 0 0 0 0 0 0 0 0 0 0 0 0 0 0 0 0 0 0 0 0 0 0 0 0 0 0 0 0 0 0 0 0 0 0 0 0 0 0 0 0 0 0 0 0 0 0 0 0 0 0 0 0 0 0 0 0 0 0 0 0 0 0 0 0 0 0 0 0 0 0 0 0 0 0 0 0 0 0 0 0 0 0 0 0 0 0 0 0 0 0 0 0 0 0 0 0 0 0 0 0 0 0 0 0 0 0 0 0 0 0 0 0 0 0 0 0 0 0 0 0 0 0 0 0 0 0 0 0 0 0 0 0 0 0 0 0 0 0 0 0 0 0 0 0 0 0 0 0 0 0 0 0 0 0 0 0 0 0 0 0 0 0 0 0 0 0 0 0 0 0 0 0 0 0 0 0 0 0 0 0 0 0 0 0 0 0 0 0 0 0 0 0 0 0 0 0 0 0 0 0 0 0 0 0 0 0 0 0 0 0 0 0 0 0 0 0 0 0 0 0 0 0 0 0 0 0 0 0 0 0
ctxt 1160732
btime 1613144793
processes 25328
procs_running 1
procs_blocked 0
softirq 6142097 1 3621123 692 180288 0 0 138 294241 0 2045614
