cpu  50787408 5 53343 12197314 698 0 3963 0 0 0
cpu0 395432 0 2198 94481 0 0 343 0 0 0
cpu1 396259 0 1043 95186 7 0 23 0 0 0
cpu2 396126 0 852 95466 0 0 69 0 0 0
cpu3 396263 0 729 95489 1 0 55 0 0 0
cpu4 396332 0 896 95246 0 0 85 0 0 0
cpu5 396362 0 709 95408 0 0 44 0 0 0
cpu6 396350 0 472 95687 0 0 30 0 0 0
cpu7 396542 0 468 95498 0 0 36 0 0 0
cpu8 396310 0 754 95404 0 0 83 0 0 0
cpu9 396376 0 804 95275 0 0 72 0 0 0
cpu10 396417 0 420 95652 0 0 40 0 0 0
cpu11 396670 0 364 95480 0 0 31 0 0 0
cpu12 396459 0 806 95198 0 0 72 0 0 0
cpu13 396863 0 676 94973 1 0 29 0 0 0
cpu14 396652 0 446 95388 0 0 32 0 0 0
cpu15 396328 0 475 95698 0 0 36 0 0 0
cpu16 396612 0 516 95378 0 0 36 0 0 0
cpu17 396672 1 750 95055 0 0 56 0 0 0
cpu18 396914 0 320 95293 0 0 24 0 0 0
cpu19 396704 0 307 95513 0 0 22 0 0 0
cpu20 396454 0 656 95351 0 0 73 0 0 0
cpu21 397648 0 642 94227 0 0 25 0 0 0
cpu22 396863 0 377 95279 0 0 29 0 0 0
cpu23 396424 0 337 95572 0 0 164 0 0 0
cpu24 396702 0 591 95206 0 0 46 0 0 0
cpu25 397177 0 531 94811 0 0 26 0 0 0
cpu26 396958 0 276 95296 0 0 21 0 0 0
cpu27 396259 0 458 95761 0 0 30 0 0 0
cpu28 396868 0 412 95235 0 0 26 0 0 0
cpu29 396696 0 437 95358 0 0 26 0 0 0
cpu30 396896 0 271 95362 0 0 12 0 0 0
cpu31 396281 0 707 95443 0 0 101 0 0 0
cpu32 395448 0 1725 95137 0 0 259 0 0 0
cpu33 396884 0 294 95337 4 0 16 0 0 0
cpu34 396904 0 257 95361 0 0 14 0 0 0
cpu35 396616 0 275 95628 1 0 21 0 0 0
cpu36 396787 0 413 95307 0 0 32 0 0 0
cpu37 397543 0 401 94511 66 0 10 0 0 0
cpu38 396349 0 433 95658 0 0 40 0 0 0
cpu39 396829 0 267 95429 0 0 15 0 0 0
cpu40 396452 0 602 95444 1 0 35 0 0 0
cpu41 397132 0 302 95055 30 0 14 0 0 0
cpu42 396794 0 271 95452 0 0 19 0 0 0
cpu43 396824 0 270 95413 1 0 29 0 0 0
cpu44 396689 0 408 95396 1 0 26 0 0 0
cpu45 397000 0 433 94954 112 0 19 0 0 0
cpu46 396569 0 520 95365 0 0 73 0 0 0
cpu47 396793 0 266 95456 0 0 19 0 0 0
cpu48 396408 0 602 95439 0 0 70 0 0 0
cpu49 396884 0 465 95169 0 0 18 0 0 0
cpu50 396267 0 331 95883 0 0 25 0 0 0
cpu51 396760 0 313 95433 0 0 30 0 0 0
cpu52 396918 0 300 95305 0 0 11 0 0 0
cpu53 396805 0 421 95155 91 0 33 0 0 0
cpu54 396989 0 192 95335 4 0 14 0 0 0
cpu55 396704 0 294 95511 2 0 25 0 0 0
cpu56 396914 0 245 95363 0 0 8 0 0 0
cpu57 396578 0 434 95463 1 0 26 0 0 0
cpu58 396781 0 288 95446 0 0 15 0 0 0
cpu59 396744 0 319 95437 0 0 28 0 0 0
cpu60 396578 0 506 95374 0 0 66 0 0 0
cpu61 396960 0 373 95157 8 0 27 0 0 0
cpu62 396733 0 370 95396 0 0 22 0 0 0
cpu63 396671 0 394 95424 0 0 40 0 0 0
cpu64 396808 0 479 95028 185 0 11 0 0 0
cpu65 396664 0 518 95314 1 0 8 0 0 0
cpu66 396782 0 342 95373 2 0 25 0 0 0
cpu67 396498 0 480 95510 0 0 40 0 0 0
cpu68 396365 0 825 95228 0 0 111 0 0 0
cpu69 396968 0 386 95109 32 0 10 0 0 0
cpu70 396812 0 200 95506 0 0 4 0 0 0
cpu71 396692 0 342 95467 0 0 18 0 0 0
cpu72 396962 0 353 95186 2 0 18 0 0 0
cpu73 396844 0 523 95117 3 0 20 0 0 0
cpu74 396649 0 271 95575 1 0 24 0 0 0
cpu75 396836 0 264 95392 0 0 13 0 0 0
cpu76 396758 0 395 95355 1 0 22 0 0 0
cpu77 397084 0 463 94943 15 0 8 0 0 0
cpu78 396630 0 308 95535 0 0 19 0 0 0
cpu79 396784 0 298 95409 0 0 19 0 0 0
cpu80 397026 0 282 95204 0 0 7 0 0 0
cpu81 396950 0 477 95044 28 0 15 0 0 0
cpu82 396842 0 354 95305 0 0 18 0 0 0
cpu83 396802 0 280 95433 1 0 12 0 0 0
cpu84 396800 0 399 95305 0 0 17 0 0 0
cpu85 397231 0 410 94853 1 0 12 0 0 0
cpu86 396630 0 279 95592 0 0 16 0 0 0
cpu87 396798 0 256 95442 1 0 13 0 0 0
cpu88 396935 0 264 95310 0 0 12 0 0 0
cpu89 399493 2 660 92313 6 0 10 0 0 0
cpu90 396828 0 224 95444 0 0 14 0 0 0
cpu91 396667 0 351 95481 0 0 26 0 0 0
cpu92 396772 0 327 95322 0 0 90 0 0 0
cpu93 397912 0 436 94131 1 0 9 0 0 0
cpu94 396968 0 194 95341 0 0 7 0 0 0
cpu95 396876 0 226 95403 0 0 14 0 0 0
cpu96 396838 0 430 95212 7 0 26 0 0 0
cpu97 397098 0 314 95074 1 0 8 0 0 0
cpu98 396816 0 217 95449 0 0 12 0 0 0
cpu99 396860 0 244 95400 0 0 11 0 0 0
cpu100 396624 0 494 95349 12 0 32 0 0 0
cpu101 396884 0 220 95372 1 0 5 0 0 0
cpu102 396738 0 218 95535 1 0 7 0 0 0
cpu103 396617 0 222 95641 0 0 7 0 0 0
cpu104 396848 0 358 95289 0 0 14 0 0 0
cpu105 396959 0 299 95237 0 0 6 0 0 0
cpu106 396970 0 170 95365 0 0 6 0 0 0
cpu107 396762 0 239 95481 0 0 14 0 0 0
cpu108 396849 0 227 95414 2 0 10 0 0 0
cpu109 397308 0 428 94765 0 0 10 0 0 0
cpu110 396703 0 324 95457 0 0 12 0 0 0
cpu111 396884 0 224 95397 0 0 7 0 0 0
cpu112 396958 0 272 95259 0 0 20 0 0 0
cpu113 396961 0 307 95226 3 0 5 0 0 0
cpu114 396974 0 206 95320 0 0 10 0 0 0
cpu115 396780 0 247 95469 0 0 16 0 0 0
cpu116 397130 0 155 95211 0 0 2 0 0 0
cpu117 396752 0 321 95397 5 0 13 0 0 0
cpu118 396950 0 193 95352 0 0 8 0 0 0
cpu119 396606 0 404 95459 0 0 40 0 0 0
cpu120 397058 0 203 95238 0 0 2 0 0 0
cpu121 396865 0 257 95369 4 0 5 0 0 0
cpu122 396942 0 276 95270 0 0 9 0 0 0
cpu123 396833 0 224 95445 0 0 3 0 0 0
cpu124 397051 0 198 95240 0 0 15 0 0 0
cpu125 397109 0 236 95142 0 0 8 0 0 0
cpu126 396877 0 278 95332 0 0 8 0 0 0
cpu127 396911 0 336 95249 0 0 5 0 0 0
intr 144456745 129 0 0 0 680 0 0 0 1 0 285 0 0 0 0 0 0 0 0 0 0 0 0 0 0 0 0 0 0 0 0 0 0 0 0 260 0 578 453 5786 10512 226 1829 1080 7158 338 5154 1178 5323 581 78 5844 8628 514 587 2320 4712 470 343 1364 69820 345 911 1906 6341 735 1537 1390 4998 270 1 934 5724 644 80 3306 3141 411 474 1597 3985 1020 4228 1111 3205 0 486 1453 5014 282 964 530 3029 453 853 1885 3908 1661 99 4416 5899 358 275 4281 11728 226 10 293 8315 409 144 739 3892 469 5 2266 5645 182 102 3294 6394 802 29 2607 3408 418 78 900 12277 21533 4472 1717 4212 295 99 1187 4463 757 422 1353 2421 420 277 1309 4250 594 2542 409 2358 2 7 760 4121 354 945 787 0 0 0 0 0 0 0 0 0 0 161 3642 3 385 63 107 38 25 106 13 0 236 26 9 1 7 10 405 341 5 149 3 1 55 79 387 3440 194 676 692 446 1121 79 78 0 0 0 0 0 0 0 0 0 0 0 0 0 0 0 0 10003 2164 5291 199 3326 237 142 127 145 33 71 319 136 258 76 95 76 41 33 27 37 21 12 42 21 86 74 133 6 2 39 9 13 7 13 21 56 33 0 377 321 74 161 174 135 100 72 21 3 18 55 0 28 32 15 3 17 3 9 18 5 24 14 0 0 0 0 0 0 0 0 0 0 0 0 0 0 0 0 0 0 0 0 0 0 0 0 0 0 0 0 0 0 0 0 0 0 0 0 0 0 0 0 0 0 0 0 0 0 0 0 0 0 0 0 0 0 0 0 0 0 0 0 0 0 0 0 0 0 0 0 0 0 0 0 0 0 0 0 0 0 0 0 0 0 0 0 0 0 0 0 0 0 0 0 0 0 0 0 0 0 0 0 0 0 0 0 0 0 0 0 0 0 0 0 0 0 0 0 0 0 0 0 0 0 0 0 0 0 0 0 0 0 0 0 0 0 0 0 0 0 0 0 0 0 0 0 0 0 0 0 0 0 0 0 0 0 0 0 0 0 0 0 0 0 0 0 0 0 0 0 0 0 0 0 0 0 0 0 0 0 0 0 0 0 0 0 0 0 0 0 0 0 0 0 0 0 0 0 0 0 0 0 0 0 0 0 0 0 0 0 0 0 0 0 0 0 0 0 0 0 0 0 0 0 0 0 0 0 0 0 0 0 0 0 0 0 0 0 0 0 0 0 0 0 0 0 0 0 0 0 0 0 0 0 0 0 0 0 0 0 0 0 0 0 0 0 0 0 0 0 0 0 0 0 0 0 0 0 0 0 0 0 0 0 0 0 0 0 0 0 0 0 0 0 0 0 0 0 0 0 0 0 0 0 0 0 0 0 0 0 0 0 0 0 0 0 0 0 0 0 0 0 0 0 0 0 0 0 0 0 0 0 0 0 0 0 0 0 0 0 0 0 0 0 0 0 0 0 0 0 0 0 0 0 0 0 0 0 0 0 0 0 0 0 0 0 0 0 0 0 0 0 0 0 0 0 0 0 0 0 0 0 0 0 0 0 0 0 0 0 0 0 0 0 0 0 0 0 0 0 0 0 0 0 0 0 0 0 0 0 0 0 0 0 0 0 0 0 0 0 0 0 0 0 0 0 0 49 0 0 0 3 0 0 0 0 0 0 0 0 0 0 0 0 0 0 0 0 0 0 0 0 0 49 0 0 0 0 0 0 0 0 0 0 0 0 0 0 0 0 0 0 0 0 0 0 0 0 0 0 0 0 0 0 0 0 0 0 0 0 0 0 0 0 0 0 0 0 0 0 0 0 0 0 0 0 0 0 0 0 0 0 0 0 0 0 0 0 0 22 0 0 0 0 0 0 0 0 0 0 0 0 0 0 0 0 0 0 0 0 0 0 0 0 0 0 0 0 0 0 0 0 0 0 0 0 0 0 0 0 0 0 0 0 0 0 0 0 0 0 0 0 0 0 0 0 0 0 0 0 0 0 0 0 0 0 0 0 0 0 0 0 0 0 0 0 0 0 0 0 0 0 0 0 0 0 0 0 0 0 0 0 0 0 0 0 0 0 0 0 0 0 0 0 0 0 0 0 0 0 0 0 0 0 0 0 0 0 0 0 0 0 0 0 0 0 0 0 0 0 0 0 0 0 0 0 0 0 0 0 0 0 0 0 0 0 0 0 0 0 0 0 0 0 0 0 0 0 0 0 0 0 0 0 0 0 0 0 0 0 0 0 0 0 0 0 0 0 0 0 0 0 0 0 0 0 0 0 0 0 0 0 0 0 0 0 0 0 0 0 0 0 0 0 0 0 0 0 0 0 0 0 0 0 0 0 0 0 0 0 0 0 0 0 0 0 0 0 0 0 0 0 0 0 0 0 0 0 0 0 0 0 0 0 0 0 0 0 0 0 0 0 0 0 0 0 0 0 0 0 0 0 0 0 0 0 0 0 0 0 0 0 0 0 0 0 0 0 0 0 0 0 0 0 0 0 0 0 0 0 0 0 0 0 0 0 0 0 0 0 0 0 0 0 0 0 0 0 0 0 0 0 0 0 0 0 0 0 0 0 0 0 0 0 0 0 0 0 0 0 0 0 0 0 0 0 0 0 0 0 0 0 0 0 0 0 0 0 0 0 0 0 0 0 0 0 0 0 0 0 0 0 0 0 0 0 0 0 0 0 0 0 0 0 0 0 0 0 0 0 0 0 0 0 0 0 0 0 0 0 0 0 0 0 0 0 0 0 0 0 0 0 0 0 0 0 0 0 0 0 0 0 0 0 0 0 0 0 0 0 0 0 0 0 0 0 0 0 0 0 0 0 0 0 0 0 0 0 0 0 0 0 0 0 0 0 0 0 0 0 0 0 0 0 0 0 0 0 0 0 0 0 0 0 0 0 0 0 0 0 0 0 0 0 0 0 0 0 0 0 0 0 0 0 0 0 0 0 0 0 0 0 0 0 0 0 0 0 0 0 0 0 0 0 0 0 0 0 0 0 0 0 0 0 0 0 0 0 0 0 0 0 0 0 0 0 0 0 0 0 0 0 0 0 0 0 0 0 0 0 0 0 0 0 0 0 0 0 0 0 0 0 0 0 0 0 0 0 0 0 0 0 0 0 0 0 0 0 0 0 0 0 0 0 0 0 0 0 0 0 0 0 0 0 0 0 0 0 0 0 0 0 0 0 0 0 0 0 0 0 0 0 0 0 0 0 0 0 0 0 0 0 0 0 0 0 0 0 0 0 0 0 0 0 0 0 0 0 0 0 0 0 0 0 0 0 0 0 0 0 0 0 0 0 0 0 0 0 0 0 0 0 0 0 0 0 0 0 0 0 0 0 0 0 0 0 0 0 0 0 0 0 0 0 0 0 0 0 0 0 0 0 0 0 0 0 0 0 0 0 0 0 0 0 0 0 0 0 0 0 0 0 0 0 0 0 0 0 0 0 0 0 0 0 0 0 0 0 0 0 0 0 0 0 0 0 0 0 0 0 0 0 0 0 0 0 0 0 0 0 0 0 0 0 0 0 0 0 0 0 0 0 0 0 0 0 0 0 0 0 0 0 0 0 0 0 0 0 0 0 0 0 0 0 0 0 0 0 0 0 0 0 0 0 0 0 0 0 0 0 0 0 0 0 0 0 0 0 0 0 0 0 0 0 0 0 0 0 0 0 0 0 0 0 0 0 0 0 0 0 0 0 0 0 0 0 0 0 0 0 0 0 0 0 0 0 0 0 0 0 0 0 0 0 0 0 0 0 0 0 0 0 0 0 0 0 0 0 0 0 0 0 0 0 0 0 0 0 0 0 0 0 0 0 0 0 0 0 0 0 0 0 0 0 0 0 0 0 0 0 0 0 0 0 0 0 0 0 0 0 0 0 0 0 0 0 0 0 0 0 0 0 0 0 0 0 0 0 0 0 0 0 0 0 0 0 0 0 0 0 0 0 0 0 0 0 0 0 0 0 0 0 0 0 0 0 0 0 0 0 0 0 0 0 0 0 0 0 0 0 0 0 0 0 0 0 0 0 0 0 0 0 0 0 0 0 0 0 0 0 0 0 0 0 0 0 0 0 0 0 0 0 0 0 0 0 0 0 0 0 0 0 0 0 0 0 0 0 0 0 0 0 0 0 0 0 0 0 0 0 0 0 0 0 0 0 0 0 0 0 0 0 0 0 0 0 0 0 0 0 0 0 0 0 0 0 0 0 0 0 0 0 0 0 0 0 0 0 0 0 0 0 0 0 0 0 0 0 0 0 0 0 0 0 0 0 0 0 0 0 0 0 0 0 0 0 0 0 0 0 0 0 0 0 0 0 0 0 0 0 0 0 0 0 0 0 0 0 0 0 0 0 0 0 0 0 0 0 0 0 0 0 0 0 0 0 0 0 0 0 0 0 0 0 0 0 0 0 0 0 0 0 0 0 0 0 0 0 0 0 0 0 0 0 0 0 0 0 0 0 0 0 0 0 0 0 0 0 0 0 0 0 0 0 0 0 0 0 0 0 0 0 0 0 0 0 0 0 0 0 0 0 0 0 0 0 0 0 0 0 0 0 0 0 0 0 0 0 0 0 0 0 0 0 0 0 0 0 0 0 0 0 0 0 0 0 0 0 0 0 0 0 0 0 0 0 0 0 0 0 0 0 0 0 0 0 0 0 0 0 0 0 0 0 0 0 0 0 0 0 0 0 0 0 0 0 0 0 0 0 0 0 0 0 0 0 0 0 0 0 0 0 0 0 0 0 0 0 0 0 0 0 0 0 0 0 0 0 0 0 0 0 0 0 0 0 0 0 0 0 0 0 0 0 0 0 0 0 0 0 0 0 0 0 0 0 0 0 0 0 0 0 0 0 0 0 0 0 0 0 0 0 0 0 0 0 0 0 0 0 0 0 0 0 0 0 0 0 0 0 0 0 0 0 0 0 0 0 0 0 0 0 0 0 0 0 0 0 0 0 0 0 0 0 0 0 0 0 0 0 0 0 0 0 0 0 0 0 0 0 0 0 0 0 0 0 0 0 0 0 0 0 0 0 0 0 0 0 0 0 0 0 0 0 0 0 0 0 0 0 0 0 0 0 0 0 0 0 0 0 0 0 0 0 0 0 0 0 0 0 0 0 0 0 0 0 0 0 0 0 0 0 0 0 0 0 0 0 0 0 0 0 0 0 0 0 0 0 0 0 0 0 0 0 0 0 0 0 0 0 0 0 0 0 0 0 0 0 0 0 0 0 0 0 0 0 0 0 0 0 0 0 0 0 0 0 0 0 0 0 0 0 0 0 0 0 0 0 0 0 0 0 0 0 0 0 0 0 0 0 0 0 0 0 0 0 0 0 0 0 0 0 0 0 0 0 0 0 0 0 0 0 0 0 0 0 0 0 0 0 0 0 0 0 0 0 0 0 0 0 0 0 0 0 0 0 0 0 0 0 0 0 0 0 0 0 0 0 0 0 0 0 0 0 0 0 0 0 0 0 0 0 0 0 0 0 0 0 0 0 0 0 0 0 0 0 0 0 0 0 0 0 0 0 0 0 0 0 0 0 0 0 0 0 0 0 0 0 0 0 0 0 0 0 0 0 0 0 0 0 0 0 0 0 0 0 0 0 0 0 0 0 0 0 0 0 0 0 0 0 0 0 0 0 0 0 0 0 0 0 0 0 0 0 0 0 0 0 0 0 0 0 0 0 0 0 0 0 0 0 0 0 0 0 0 0 0 0 0 0 0 0 0 0 0 0 0 0 0 0 0 0 0 0 0 0 0 0 0 0 0 0 0 0 0 0 0 0 0 0 0 0 0 0 0 0 0 0 0 0 0 0 0 0 0 0 0 0 0 0 0 0 0 0 0 0 0 0 0 0 0 0 0 0 0 0 0 0 0 0 0 0 0 0 0 0 0 0 0 0 0 0 0 0 0 0 0 0 0 0 0 0 0 0 0 0 0 0 0 0 0 0 0 0 0 0 0 0 0 0 0 0 0 0 0 0 0 0 0 0 0 0 0 0 0 0 0 0 0 0 0 0 0 0 0 0 0 0 0 0 0 0 0 0 0 0 0 0 0 0 0 0 0 0 0 0 0 0 0 0 0 0 0 0 0 0 0 0 0 0 0 0 0 0 0 0 0 0 0 0 0 0 0 0 0 0 0 0 0 0 0 0 0 0 0 0 0 0 0 0 0 0 0 0 0 0 0 0 0 0 0 0 0 0 0 0 0 0 0 0 0 0 0 0 0 0 0 0 0 0 0 0 0 0 0 0 0 0 0 0 0 0 0 0 0 0 0 0 0 0 0 0 0 0 0 0 0 0 0 0 0 0 0 0 0 0 0 0 0 0 0 0 0 0 0 0 0 0 0 0 0 0 0 0 0 0 0 0 0 0 0 0 0 0 0 0 0 0 0 0 0 0 0 0 0 0 0 0 0 0 0 0 0 0 0 0 0 0 0 0 0 0 0 0 0 0 0 0 0 0 0 0 0 0 0 0 0 0 0 0 0 0 0 0 0 0 0 0 0 0 0 0 0 0 0 0 0 0 0 0 0 0 0 0 0 0 0 0 0 0 0 0 0 0 0 0 0 0 0 0 0 0 0 0 0 0 0 0 0 0 0 0 0 0 0 0 0 0 0 0 0 0 0 0 0 0 0 0 0 0 0 0 0 0 0 0 0 0 0 0 0 0 0 0 0 0 0 0 0 0 0 0 0 0 0 0 0 0 0 0 0 0 0 0 0 0 0 0 0 0 0 0 0 0 0 0 0 0 0 0 0 0 0 0 0 0 0 0 0 0 0 0 0 0 0 0 0 0 0 0 0 0 0 0 0 0 0 0 0 0 0 0 0 0 0 0 0 0 0 0 0 0 0 0 0 0 0 0 0 0 0 0 0 0 0 0 0 0 0 0 0 0 0 0 0 0 0 0 0 0 0 0 0 0 0 0 0 0 0 0 0 0 0 0 0 0 0 0 0 0 0 0 0 0 0 0 0 0 0 0 0 0 0 0 0 0 0 0 0 0 0 0 0 0 0 0 0 0 0 0 0 0 0 0 0 0 0 0 0 0 0 0 0 0 0 0 0 0 0 0 0 0 0 0 0 0 0 0 0 0 0 0 0 0 0 0 0 0 0 0 0 0 0 0 0 0 0 0 0 0 0 0 0 0 0 0 0 0 0 0 0 0 0 0 0 0 0 0 0 0 0 0 0 0 0 0 0 0 0 0 0 0 0 0 0 0 0 0 0 0 0 0 0 0 0 0 0 0 0 0 0 0 0 0 0 0 0 0 0 0 0 0 0 0 0 0 0 0 0 0 0 0 0 0 0 0 0 0 0 0 0 0 0 0 0 0 0 0 0 0 0 0 0 0 0 0 0 0 0 0 0 0 0 0 0 0 0 0 0 0 0 0 0 0 0 0 0 0 0 0 0 0 0 0 0 0 0 0 0 0 0 0 0 0 0 0 0 0 0 0 0 0 0 0 0 0 0 0 0 0 0 0 0 0 0 0 0 0 0 0 0 0 0 0 0 0 0 0 0 0 0 0 0 0 0 0 0 0 0 0 0 0 0 0 0 0 0 0 0 0 0 0 0 0 0 0 0 0 0 0 0 0 0 0 0 0 0 0 0 0 0 0 0 0 0 0 0 0 0 0 0 0 0 0 0 0 0 0 0 0 0 0 0 0 0 0 0 0 0 0 0 0 0 0 0 0 0 0 0 0 0 0 0 0 0 0 0 0 0 0 0 0 0 0 0 0 0 0 0 0 0 0 0 0 0 0 0 0 0 0 0 0 0 0 0 0 0 0 0 0 0 0 0 0 0 0 0 0 0 0 0 0 0 0 0 0 0 0 0 0 0 0 0 0 0 0 0 0 0 0 0 0 0 0 0 0 0 0 0 0 0 0 0 0 0 0 0 0 0 0 0 0 0 0 0 0 0 0 0 0 0 0 0 0 0 0 0 0 0 0 0 0 0 0 0 0 0 0 0 0 0 0 0 0 0 0 0 0 0 0 0 0 0 0 0 0 0 0 0 0 0 0 0 0 0 0 0 0 0 0 0 0 0 0 0 0 0 0 0 0 0 0 0 0 0 0 0 0 0 0 0 0 0 0 0 0 0 0 0 0 0 0 0 0 0 0 0 0 0 0 0 0 0 0 0 0 0 0 0 0 0 0 0 0 0 0 0 0 0 0 0 0 0 0 0 0 0 0 0 0 0 0 0 0 0 0 0 0 0 0 0 0 0 0 0 0 0 0 0 0 0 0 0 0 0 0 0 0 0 0 0 0 0 0 0 0 0 0 0 0 0 0 0 0 0 0 0 0 0 0 0 0 0 0 0 0 0 0 0 0 0 0 0 0 0 0 0 0 0 0 0 0 0 0 0 0 0 0 0 0 0 0 0 0 0 0 0 0 0 0 0 0 0 0 0 0 0 0 0 0 0 0 0 0 0 0 0 0 0 0 0 0 0 0 0 0 0 0 0 0 0 0 0 0 0 0 0 0 0 0 0 0 0 0 0 0 0 0 0 0 0 0 0 0 0 0 0 0 0 0 0 0 0 0 0 0 0 0 0 0 0 0 0 0 0 0 0 0 0 0 0 0 0 0 0 0 0 0 0 0 0 0 0 0 0 0 0 0 0 0 0 0 0 0 0 0 0 0 0 0 0 0 0 0 0 0 0 0 0 0 0 0 0 0 0 0 0 0 0 0 0 0 0 0 0 0 0 0 0 0 0 0 0 0 0 0 0 0 0 0 0 0 0 0 0 0 0 0 0 0 0 0 0 0 0 0 0 0 0 0 0 0 0 0 0 0 0 0 0 0 0 0 0 0 0 0 0 0 0 0 0 0 0 0 0 0 0 0 0 0 0 0 0 0 0 0 0 0 0 0 0 0 0 0 0 0 0 0 0 0 0 0 0 0 0 0 0 0 0 0 0 0 0 0 0 0 0 0 0 0 0 0 0 0 0 0 0 0 0 0 0 0 0 0 0 0 0 0 0 0 0 0 0 0 0 0 0 0 0 0 0 0 0 0 0 0 0 0 0 0 0 0 0 0 0 0 0 0 0 0 0 0 0 0 0 0 0 0 0 0 0 0 0 0 0 0 0 0 0 0 0 0 0 0 0 0 0 0 0 0 0 0 0 0 0 0 0 0 0 0 0 0 0 0 0 0 0 0 0 0 0 0 0 0 0 0 0 0 0 0 0 0 0 0 0 0 0 0 0 0 0 0 0 0 0 0 0 0 0 0 0 0 0 0 0 0 0 0 0 0 0 0 0 0 0 0 0 0 0 0 0 0 0 0 0 0 0 0 0 0 0 0 0 0 0 0 0 0 0 0 0 0 0 0 0 0 0 0 0 0 0 0 0 0 0 0 0 0 0 0 0 0 0 0 0 0 0 0 0 0 0 0 0 0 0 0 0 0 0 0 0 0 0 0 0 0 0 0 0 0 0 0 0 0 0 0 0 0 0 0 0 0 0 0 0 0 0 0 0 0 0 0 0 0 0 0 0 0 0 0 0 0 0 0 0 0 0 0 0 0 0 0 0 0 0 0 0 0 0 0 0 0 0 0 0 0 0 0 0 0 0 0 0 0 0 0 0 0 0 0 0 0 0 0 0 0 0 0 0 0 0 0 0 0 0 0 0 0 0 0 0 0 0 0 0 0 0 0 0 0 0 0 0 0 0 0 0 0 0 0 0 0 0 0 0 0 0 0 0 0 0 0 0 0 0 0 0 0 0 0 0 0 0 0 0 0 0 0 0 0 0 0 0 0 0 0 0 0 0 0 0 0 0 0 0 0 0 0 0 0 0 0 0 0 0 0 0 0 0 0 0 0 0 0 0 0 0 0 0 0 0 0 0 0 0 0 0 0 0 0 0 0 0 0 0 0 0 0 0 0 0 0 0 0 0 0 0 0 0 0 0 0 0 0 0 0 0 0 0 0 0 0 0 0 0 0 0 0 0 0 0 0 0 0 0 0 0 0 0 0 0 0 0 0 0 0 0 0 0 0 0 0 0 0 0 0 0 0 0 0 0 0 0 0 0 0 0 0 0 0 0 0 0
ctxt 9274697
btime 1613122782
processes 200741
procs_running 1
procs_blocked 0
softirq 151879680 1 91462862 1637 1789415 0 0 245 4746962 0 53878558
