cpu  7108141 4 10582 6698791 513 0 1138 0 0 0
cpu0 197316 0 376 185911 9 0 269 0 0 0
cpu1 197089 0 537 186163 1 0 71 0 0 0
cpu2 197284 0 400 186155 2 0 19 0 0 0
cpu3 197326 0 312 186195 17 0 19 0 0 0
cpu4 197256 0 320 186262 2 0 32 0 0 0
cpu5 197393 0 220 186247 2 0 12 0 0 0
cpu6 197308 0 349 186188 1 0 22 0 0 0
cpu7 197337 0 267 186249 5 0 10 0 0 0
cpu8 197660 0 299 185891 6 0 14 0 0 0
cpu9 197221 0 390 186213 9 0 42 0 0 0
cpu10 197416 0 267 186159 4 0 10 0 0 0
cpu11 197464 0 270 186113 2 0 10 0 0 0
cpu12 197437 0 220 186179 11 0 15 0 0 0
cpu13 197548 0 256 186055 4 0 4 0 0 0
cpu14 197412 0 422 185999 4 0 23 0 0 0
cpu15 197861 0 346 185646 14 0 7 0 0 0
cpu16 197420 0 323 186114 2 0 7 0 0 0
cpu17 197338 0 342 186126 2 0 54 0 0 0
cpu18 197424 0 244 186141 51 0 10 0 0 0
cpu19 197106 0 486 186177 4 0 88 0 0 0
cpu20 197368 0 278 186158 41 0 20 0 0 0
cpu21 197384 0 266 186172 42 0 14 0 0 0
cpu22 197388 0 203 186201 58 0 14 0 0 0
cpu23 197478 0 123 186242 10 0 2 0 0 0
cpu24 197582 0 205 186070 0 0 2 0 0 0
cpu25 197388 0 199 186278 0 0 3 0 0 0
cpu26 197506 0 203 186145 0 0 10 0 0 0
cpu27 197389 0 231 186231 0 0 11 0 0 0
cpu28 197062 0 401 186152 0 0 246 0 0 0
cpu29 197569 0 208 186050 16 0 5 0 0 0
cpu30 197536 0 182 186129 2 0 6 0 0 0
cpu31 197972 0 246 185629 4 0 1 0 0 0
cpu32 197844 1 353 185637 7 0 18 0 0 0
cpu33 197578 2 197 186081 7 0 2 0 0 0
cpu34 197969 0 401 185335 122 0 29 0 0 0
cpu35 197499 0 227 186082 34 0 5 0 0 0
intr 19874276 56 0 0 0 609 0 0 0 1 0 257 0 0 0 0 0 0 0 0 0 0 0 0 0 0 0 0 0 0 0 0 92 545 46 157 175 263 108 170 1482 467 519 369 175 378 479 429 438 214 368 1673 164 2412 1413 2844 1523 0 0 0 0 19 16 88 14 364 456 236 402 658 484 10316 3523 0 0 16 9406 2 0 6736 129 1037 1168 3643 73 5154 169 1092 656 429 253 187 375 274 1697 353 1420 1953 5699 4927 3778 12 40 646 426 1222 856 56378 731 1630 856 421 122 2741 81 0 17 7680 1 0 0 0 0 0 0 0 0 0 0 0 0 0 0 0 0 0 0 0 0 0 0 0 0 0 0 0 0 0 0 0 0 0 0 0 0 0 22 0 0 0 0 0 0 0 0 0 0 0 0 0 0 0 0 0 0 0 0 0 0 0 0 0 0 0 0 0 0 0 0 0 0 0 0 0 0 0 0 0 0 0 0 0 0 0 0 0 0 0 0 0 0 0 0 0 0 0 0 0 0 0 0 0 0 0 0 0 0 0 0 0 0 0 0 0 0 0 0 0 0 0 0 0 0 0 0 0 0 0 0 0 0 0 0 0 0 0 0 0 0 0 0 0 0 0 0 0 0 0 0 0 0 0 0 0 0 0 0 0 0 0 0 0 0 0 0 0 0 0 0 0 0 0 0 0 0 0 0 0 0 0 0 0 0 0 0 0 0 0 0 0 0 0 0 0 0 0 0 0 0 0 0 0 0 0 0 0 0 0 0 0 0 0 0 0 0 0 0 0 0 0 0 0 0 0 0 0 0 0 0 0 0 0 0 0 0 0 0 0 0 0 0 0 0 0 0 0 0 0 0 0 0 0 0 0 0 0 0 0 0 0 0 0 0 0 0 0 0 0 0 0 0 0 0 0 0 0 0 0 0 0 0 0 0 0 0 0 0 0 0 0 0 0 0 0 0 0 0 0 0 0 0 0 0 0 0 0 0 0 0 0 0 0 0 0 0 0 0 0 0 0 0 0 0 0 0 0 0 0 0 0 0 0 0 0 0 0 0 0 0 0 0 0 0 0 0 0 0 0 0 0 0 0 0 0 0 0 0 0 0 0 0 0 0 0 0 0 0 0 0 0 0 0 0 0 0 0 0 0 0 0 0 0 0 0 0 0 0 0 0 0 0 0 0 0 0 0 0 0 0 0 0 0 0 0 0 0 0 0 0 0 0 0 0 0 0 0 0 0 0 0 0 0 0 0 0 0 0 0 0 0 0 0 0 0 0 0 0 0 0 0 0 0 0 0 0 0 0 0 0 0 0 0 0 0 0 0 0 0 0 0 0 0 0 0 0 0 0 0 0 0 0 0 0 0 0 0 0 0 0 0 0 0 0 0 0 0 0 0 0 0 0 0 0 0 0 0 0 0 0 0 0 0 0 0 0 0 0 0 0 0 0 0 0 0 0 0 0 0 0 0 0 0 0 0 0 0 0 0 0 0 0 0 0 0 0 0 0 0 0 0 0 0 0 0 0 0 0 0 0 0 0 0 0 0 0 0 0 0 0 0 0 0 0 0 0 0 0 0 0 0 0 0 0 0 0 0 0 0 0 0 0 0 0 0 0 0 0 0 0 0 0 0 0 0 0 0 0 0 0 0 0 0 0 0 0 0 0 0 0 0 0 0 0 0 0 0 0 0 0 0 0 0 0 0 0 0 0 0 0 0 0 0 0 0 0 0 0 0 0 0 0 0 0 0 0 0 0 0 0 0 0 0 0 0 0 0 0 0 0 0 0 0 0 0 0 0 0 0 0 0 0 0 0 0 0 0 0 0 0 0 0 0 0 0 0 0 0 0 0 0 0 0 0 0 0 0 0 0 0 0 0 0 0 0 0 0 0 0 0 0 0 0 0 0 0 0 0 0 0 0 0 0 0 0 0 0 0 0 0 0 0 0 0 0 0 0 0 0 0 0 0 0 0 0 0 0 0 0 0 0 0 0 0 0 0 0 0 0 0 0 0 0 0 0 0 0 0 0 0 0 0 0 0 0 0 0 0 0 0 0 0 0 0 0 0 0 0 0 0 0 0 0 0 0 0 0 0 0 0 0 0 0 0 0 0 0 0 0 0 0 0 0 0 0 0 0 0 0 0 0 0 0 0 0 0 0 0 0 0 0 0 0 0 0 0 0 0 0 0 0 0 0 0 0 0 0 0 0 0 0 0 0 0 0 0 0 0 0 0 0 0 0 0 0 0 0 0 0 0 0 0 0 0 0 0 0 0 0 0 0 0 0 0 0 0 0 0 0 0 0 0 0 0 0 0 0 0 0 0 0 0 0 0 0 0 0 0 0 0 0 0 0 0 0 0 0 0 0 0 0 0 0 0 0 0 0 0 0 0 0 0 0 0 0 0 0 0 0 0 0 0 0 0 0 0 0 0 0 0 0 0 0 0 0 0 0 0 0 0 0 0 0 0 0 0 0 0 0 0 0 0 0 0 0 0 0 0 0 0 0 0 0 0 0 0 0 0 0 0 0 0 0 0 0 0 0 0 0 0 0 0 0 0 0 0 0 0 0 0 0 0 0 0 0 0 0 0 0 0 0 0 0 0 0 0 0 0 0 0 0 0 0 0 0 0 0 0 0 0 0 0 0 0 0 0 0 0 0 0 0 0 0 0 0 0 0 0 0 0 0 0 0 0 0 0 0 0 0 0 0 0 0 0 0 0 0 0 0 0 0 0 0 0 0 0 0 0 0 0 0 0 0 0 0 0 0 0 0 0 0 0 0 0 0 0 0 0 0 0 0 0 0 0 0 0 0 0 0 0 0 0 0 0 0 0 0 0 0 0 0 0 0 0 0 0 0 0
ctxt 5553838
btime 1613124388
processes 137191
procs_running 1
procs_blocked 0
softirq 26343035 1 15377824 366 1021022 0 0 105403 752303 0 9086116
