cpu  9289094 6 16483 2173987 127 0 866 0 0 0
cpu0 145001 0 484 33678 0 0 170 0 0 0
cpu1 144930 0 334 34029 8 0 84 0 0 0
cpu2 145087 0 299 33999 0 0 4 0 0 0
cpu3 145200 0 76 34122 0 0 2 0 0 0
cpu4 144896 0 472 34008 0 0 8 0 0 0
cpu5 145198 0 76 34123 0 0 2 0 0 0
cpu6 145266 0 651 33423 0 0 5 0 0 0
cpu7 144500 0 674 34093 0 0 129 0 0 0
cpu8 145002 0 428 33950 0 0 4 0 0 0
cpu9 144846 0 386 34111 0 0 47 0 0 0
cpu10 145183 0 362 33825 1 0 6 0 0 0
cpu11 144967 0 284 34120 0 0 24 0 0 0
cpu12 145096 2 637 33629 13 0 9 0 0 0
cpu13 145219 0 66 34109 0 0 1 0 0 0
cpu14 145225 1 309 33850 2 0 6 0 0 0
cpu15 144992 0 250 34125 0 0 29 0 0 0
cpu16 145180 0 320 33877 0 0 3 0 0 0
cpu17 145233 0 45 34117 0 0 0 0 0 0
cpu18 145203 0 307 33881 0 0 2 0 0 0
cpu19 145235 0 48 34109 0 0 0 0 0 0
cpu20 144959 0 382 34040 0 0 2 0 0 0
cpu21 145242 0 56 34087 7 0 0 0 0 0
cpu22 144791 0 542 34052 0 0 6 0 0 0
cpu23 145115 0 156 34116 0 0 2 0 0 0
cpu24 144942 0 566 33846 6 0 4 0 0 0
cpu25 145227 0 46 34118 0 0 0 0 0 0
cpu26 145174 0 423 33797 0 0 1 0 0 0
cpu27 145226 0 42 34120 0 0 0 0 0 0
cpu28 144960 0 358 34060 0 0 7 0 0 0
cpu29 145188 0 94 34094 9 0 2 0 0 0
cpu30 144977 0 468 33943 0 0 2 0 0 0
cpu31 145228 0 56 34081 20 0 0 0 0 0
cpu32 145152 0 168 34073 0 0 1 0 0 0
cpu33 145174 0 98 34114 1 0 1 0 0 0
cpu34 145057 0 342 33987 0 0 2 0 0 0
cpu35 145120 0 95 34083 7 0 71 0 0 0
cpu36 145036 0 300 34054 0 0 0 0 0 0
cpu37 145202 0 71 34107 3 0 2 0 0 0
cpu38 145818 0 295 33266 0 0 1 0 0 0
cpu39 145113 0 160 34092 7 0 13 0 0 0
cpu40 145313 0 804 33247 2 0 1 0 0 0
cpu41 144443 0 754 34089 10 0 89 0 0 0
cpu42 146080 0 426 32845 2 0 1 0 0 0
cpu43 144999 0 245 34104 6 0 28 0 0 0
cpu44 145226 0 379 33761 0 0 1 0 0 0
cpu45 145076 0 172 34110 0 0 26 0 0 0
cpu46 145341 0 203 33831 0 0 0 0 0 0
cpu47 145105 0 158 34109 0 0 7 0 0 0
cpu48 145273 0 287 33808 1 0 0 0 0 0
cpu49 145246 0 59 34075 0 0 0 0 0 0
cpu50 145344 0 142 33888 0 0 0 0 0 0
cpu51 145228 0 55 34096 0 0 0 0 0 0
cpu52 145175 0 162 34031 0 0 2 0 0 0
cpu53 145224 0 48 34105 0 0 0 0 0 0
cpu54 145212 0 132 34030 0 0 0 0 0 0
cpu55 145138 0 148 34088 2 0 0 0 0 0
cpu56 145221 0 176 33981 0 0 2 0 0 0
cpu57 145092 0 163 34098 0 0 27 0 0 0
cpu58 145208 0 192 33975 0 0 1 0 0 0
cpu59 145224 0 56 34099 0 0 0 0 0 0
cpu60 145204 0 100 34064 0 0 1 0 0 0
cpu61 145195 0 81 34099 0 0 4 0 0 0
cpu62 145104 0 216 34053 0 0 1 0 0 0
cpu63 145233 0 75 34062 0 0 0 0 0 0
intr 27347012 84 0 0 0 630 0 0 0 1 0 282 0 0 0 0 0 0 0 0 0 0 0 0 0 0 0 0 0 0 0 0 0 0 0 0 0 0 0 5 624 608 0 1994 1218 4 3237 50 17124 2 3240 263 782 0 20450 4 0 393 4 510 2 1302 1247 6 0 337 29 5734 540 0 131 0 521 0 40183 0 1085 3 3285 5 16560 2 13507 31 15387 3 4662 3 0 0 0 0 0 2 447 789 4 5 1 7 851 26 45 0 0 0 0 0 0 0 0 0 0 0 0 0 0 0 0 0 92 30436 0 0 0 0 0 0 0 0 0 0 0 0 0 0 0 0 0 0 0 0 0 0 0 0 0 0 0 0 0 0 0 0 0 0 0 0 0 0 0 0 0 0 0 0 0 0 0 0 0 0 0 0 0 0 0 0 0 0 0 0 0 0 0 0 0 0 0 0 0 0 0 0 0 0 0 23 0 0 0 0 0 0 0 0 0 0 0 0 0 0 0 0 0 0 0 0 0 0 0 0 0 0 0 0 0 0 0 0 0 0 0 0 0 0 0 0 0 0 0 0 0 0 0 0 0 0 0 0 0 0 0 0 0 0 0 0 0 0 0 0 0 0 0 0 0 0 0 0 0 0 0 0 0 0 0 0 0 0 0 0 0 0 0 0 0 0 0 0 0 0 0 0 0 0 0 0 0 0 0 0 0 0 0 0 0 0 0 0 0 0 0 0 0 0 0 0 0 0 0 0 0 0 0 0 0 0 0 0 0 0 0 0 0 0 0 0 0 0 0 0 0 0 0 0 0 0 0 0 0 0 0 0 0 0 0 0 0 0 0 0 0 0 0 0 0 0 0 0 0 0 0 0 0 0 0 0 0 0 0 0 0 0 0 0 0 0 0 0 0 0 0 0 0 0 0 0 0 0 0 0 0 0 0 0 0 0 0 0 0 0 0 0 0 0 0 0 0 0 0 0 0 0 0 0 0 0 0 0 0 0 0 0 0 0 0 0 0 0 0 0 0 0 0 0 0 0 0 0 0 0 0 0 0 0 0 0 0 0 0 0 0 0 0 0 0 0 0 0 0 0 0 0 0 0 0 0 0 0 0 0 0 0 0 0 0 0 0 0 0 0 0 0 0 0 0 0 0 0 0 0 0 0 0 0 0 0 0 0 0 0 0 0 0 0 0 0 0 0 0 0 0 0 0 0 0 0 0 0 0 0 0 0 0 0 0 0 0 0 0 0 0 0 0 0 0 0 0 0 0 0 0 0 0 0 0 0 0 0 0 0 0 0 0 0 0 0 0 0 0 0 0 0 0 0 0 0 0 0 0 0 0 0 0 0 0 0 0 0 0 0 0 0 0 0 0 0 0 0 0 0 0 0 0 0 0 0 0 0 0 0 0 0 0 0 0 0 0 0 0 0 0 0 0 0 0 0 0 0 0 0 0 0 0 0 0 0 0 0 0 0 0 0 0 0 0 0 0 0 0 0 0 0 0 0 0 0 0 0 0 0 0 0 0 0 0 0 0 0 0 0 0 0 0 0 0 0 0 0 0 0 0 0 0 0 0 0 0 0 0 0 0 0 0 0 0 0 0 0 0 0 0 0 0 0 0 0 0 0 0 0 0 0 0 0 0 0 0 0 0 0 0 0 0 0 0 0 0 0 0 0 0 0 0 0 0 0 0 0 0 0 0 0 0 0 0 0 0 0 0 0 0 0 0 0 0 0 0 0 0 0 0 0 0 0 0 0 0 0 0 0 0 0 0 0 0 0 0 0 0 0 0 0 0 0 0 0 0 0 0 0 0 0 0 0 0 0 0 0 0 0 0 0 0 0 0 0 0 0 0 0 0 0 0 0 0 0 0 0 0 0 0 0 0 0 0 0 0 0 0 0 0 0 0 0 0 0 0 0 0 0 0 0 0 0 0 0 0 0 0 0 0 0 0 0 0 0 0 0 0 0 0 0 0 0 0 0 0 0 0 0 0 0 0 0 0 0 0 0 0 0 0 0 0 0 0 0 0 0 0 0 0 0 0 0 0 0 0 0 0 0 0 0 0 0 0 0 0 0 0 0 0 0 0 0 0 0 0 0 0 0 0 0 0 0 0 0 0 0 0 0 0 0 0 0 0 0 0 0 0 0 0 0 0 0 0 0 0 0 0 0 0 0 0 0 0 0 0 0 0 0 0 0 0 0 0 0 0 0 0 0 0 0 0 0 0 0 0 0 0 0 0 0 0 0 0 0 0 0 0 0 0 0 0 0 0 0 0 0 0 0 0 0 0 0 0 0 0 0 0 0 0 0 0 0 0 0 0 0 0 0 0 0 0 0 0 0 0 0 0 0 0 0 0 0 0 0 0 0 0 0 0 0 0 0 0 0 0 0 0 0 0 0 0 0 0 0 0 0 0 0 0 0 0 0 0 0 0 0 0 0 0 0 0 0 0 0 0 0 0 0 0 0 0 0 0 0 0 0 0 0 0 0 0 0 0 0 0 0 0 0 0 0 0 0 0 0 0 0 0 0 0 0 0 0 0 0 0 0 0 0 0 0 0 0 0 0 0 0 0 0 0 0 0 0 0 0 0 0 0 0 0 0 0 0 0 0 0 0 0 0 0 0 0 0 0 0 0 0 0 0 0 0 0 0 0 0 0 0 0 0 0 0 0 0 0 0 0 0 0 0 0 0 0 0 0 0 0 0 0 0 0 0 0 0 0 0 0 0 0 0 0 0 0 0 0 0 0 0 0 0 0 0 0 0 0 0 0 0 0 0 0 0 0 0 0 0 0 0 0 0 0 0 0 0 0 0 0 0 0 0 0 0 0 0 0 0 0 0 0 0 0 0 0 0 0 0 0 0 0 0 0 0 0 0 0 0 0 0 0 0 0 0 0 0 0 0 0 0 0 0 0 0 0 0 0 0 0 0 0 0 0 0 0 0 0 0 0 0 0 0 0 0 0 0 0 0 0 0 0 0 0 0 0 0 0 0 0 0 0 0 0 0 0 0 0 0 0 0 0 0 0 0 0 0 0 0 0 0 0 0 0 0 0 0 0 0 0 0 0 0 0 0 0 0 0 0 0 0 0 0 0 0 0 0 0 0 0 0 0 0 0 0 0 0 0 0 0 0 0 0 0 0 0 0 0 0 0 0 0 0 0 0 0 0 0 0 0 0 0 0 0 0 0 0 0 0 0 0 0 0 0 0 0 0 0 0 0 0 0 0 0 0 0 0 0 0 0 0 0 0 0 0 0 0 0 0 0 0 0 0 0 0 0 0 0 0 0 0 0 0 0 0 0 0 0 0 0 0 0 0 0 0 0 0 0 0 0 0 0 0 0 0 0 0 0 0 0 0 0 0 0 0 0 0 0 0 0 0 0 0 0 0 0 0 0 0 0 0 0 0 0 0 0 0 0 0 0 0 0 0 0 0 0 0 0 0 0 0 0 0 0 0 0 0 0 0 0 0 0 0 0 0 0 0 0 0 0 0 0 0 0 0 0 0 0 0 0 0 0 0 0 0 0 0 0 0 0 0 0 0 0 0 0 0 0 0 0 0 0 0 0 0 0 0 0 0 0 0 0 0 0 0 0 0 0 0 0 0 0 0 0 0 0 0 0 0 0 0 0 0 0 0 0 0 0 0 0 0 0 0 0 0 0 0 0 0 0 0 0 0 0 0 0 0 0 0 0 0 0 0 0 0 0 0 0 0 0 0 0 0 0 0 0 0 0 0 0 0 0 0 0 0 0 0 0 0 0 0 0 0 0 0 0 0 0 0 0 0 0 0 0 0 0 0 0 0 0 0 0 0 0 0 0 0 0 0 0 0 0 0 0 0 0 0 0 0 0 0 0 0 0 0 0 0 0 0 0 0 0 0 0 0 0 0 0 0 0 0 0 0 0 0 0 0 0 0 0 0 0 0 0 0 0 0 0 0 0 0 0 0 0 0 0 0 0 0 0 0 0 0 0 0 0 0 0 0 0 0 0 0 0 0 0 0 0 0 0 0 0 0 0 0 0 0 0 0 0 0 0 0 0 0 0 0 0 0 0 0 0 0 0 0 0 0 0 0 0 0 0 0 0 0 0 0 0 0 0 0 0 0 0 0 0 0 0 0 0 0 0 0 0 0 0 0 0 0 0 0 0 0 0 0 0 0 0 0 0 0 0 0 0 0 0 0 0 0 0 0 0 0 0 0 0 0 0 0 0 0 0 0 0 0 0 0 0 0 0 0 0 0 0 0 0 0 0 0 0 0 0 0 0 0 0 0 0 0 0 0 0 0 0 0 0 0 0 0 0 0 0 0 0 0 0 0 0 0 0 0 0 0 0 0 0 0 0 0 0 0 0 0 0 0 0 0 0 0 0 0 0 0 0 0 0 0 0 0 0 0 0 0 0 0 0 0 0 0 0 0 0 0 0 0 0 0 0 0 0 0 0 0 0 0 0 0 0 0 0 0 0 0 0 0 0 0 0 0 0 0 0 0 0 0 0 0 0 0 0 0 0 0 0 0 0 0 0 0 0 0 0 0 0 0 0 0 0 0 0 0 0 0 0 0 0 0 0 0 0 0 0 0 0 0 0 0 0 0 0 0 0 0 0 0 0 0 0 0 0 0 0 0 0 0 0 0 0 0 0 0 0 0 0 0 0 0 0 0 0 0 0 0 0 0 0 0 0 0 0 0 0 0 0 0 0 0 0 0 0 0 0 0 0 0 0 0 0 0 0 0 0 0 0 0 0 0 0 0 0 0 0 0 0 0 0 0 0 0 0 0 0 0 0 0 0 0 0 0 0 0 0 0 0 0 0 0 0 0 0 0 0 0 0 0 0 0 0 0 0 0 0 0 0 0 0 0 0 0 0 0 0 0 0 0 0 0 0 0 0 0 0 0 0 0 0 0 0 0 0 0 0 0 0 0 0 0 0 0 0 0 0 0 0 0 0 0 0 0 0 0 0 0 0 0 0 0 0 0 0 0 0 0 0 0 0 0 0 0 0 0 0 0 0 0 0 0 0 0 0 0 0 0 0 0 0 0 0 0 0 0 0 0 0 0 0 0 0 0 0 0 0 0 0 0 0 0 0 0 0 0 0 0 0 0 0 0 0 0 0 0 0 0 0 0 0 0 0 0 0 0 0 0 0 0 0 0 0 0 0 0 0 0 0 0 0 0 0 0 0 0 0 0 0 0 0 0 0
ctxt 4582521
btime 1613144793
processes 107448
procs_running 1
procs_blocked 0
softirq 29331283 1 16563191 1025 881767 0 0 143 990337 0 10894819
