cpu  10268013 4 16167 6758268 513 0 1509 0 0 0
cpu0 285140 0 428 187602 9 0 342 0 0 0
cpu1 284938 0 584 187854 1 0 80 0 0 0
cpu2 284948 0 696 187781 2 0 23 0 0 0
cpu3 285099 0 431 187879 17 0 33 0 0 0
cpu4 285071 0 400 187955 2 0 35 0 0 0
cpu5 285147 0 359 187941 2 0 15 0 0 0
cpu6 285218 0 458 187755 1 0 27 0 0 0
cpu7 285196 0 311 187934 5 0 13 0 0 0
cpu8 285462 0 393 187581 6 0 16 0 0 0
cpu9 283500 0 1966 187894 9 0 95 0 0 0
cpu10 285232 0 350 187851 4 0 11 0 0 0
cpu11 285383 0 380 187669 2 0 12 0 0 0
cpu12 285274 0 280 187870 11 0 17 0 0 0
cpu13 285378 0 325 187745 4 0 5 0 0 0
cpu14 285445 0 724 187224 4 0 53 0 0 0
cpu15 285507 0 595 187339 14 0 11 0 0 0
cpu16 285360 0 406 187674 2 0 10 0 0 0
cpu17 285170 0 405 187819 2 0 57 0 0 0
cpu18 285294 0 275 187829 51 0 10 0 0 0
cpu19 284971 0 529 187862 4 0 88 0 0 0
cpu20 285029 0 520 187844 41 0 22 0 0 0
cpu21 285256 0 288 187866 42 0 14 0 0 0
cpu22 285211 0 270 187895 58 0 19 0 0 0
cpu23 285259 0 236 187938 10 0 3 0 0 0
cpu24 285432 0 259 187758 0 0 3 0 0 0
cpu25 285262 0 220 187973 0 0 4 0 0 0
cpu26 285322 0 284 187839 0 0 10 0 0 0
cpu27 284790 0 719 187926 0 0 19 0 0 0
cpu28 284611 0 620 187847 0 0 374 0 0 0
cpu29 285376 0 305 187735 16 0 6 0 0 0
cpu30 285380 0 235 187821 2 0 7 0 0 0
cpu31 285838 0 277 187321 4 0 2 0 0 0
cpu32 285628 1 466 187329 7 0 20 0 0 0
cpu33 285303 2 375 187765 7 0 5 0 0 0
cpu34 286251 0 464 186575 122 0 29 0 0 0
cpu35 285321 0 318 187759 34 0 6 0 0 0
intr 28585232 56 0 0 0 609 0 0 0 1 0 257 0 0 0 0 0 0 0 0 0 0 0 0 0 0 0 0 0 0 0 0 92 545 46 332 175 263 160 177 1485 467 660 369 176 381 480 442 438 373 368 1673 166 2412 1413 2844 1523 0 0 0 0 19 19 172 14 507 457 241 402 659 489 10318 3524 0 0 16 9852 2 0 9523 183 2509 1269 3798 1519 6454 738 1392 1633 429 658 187 425 676 2550 449 1600 1998 5699 5068 3778 335 420 1152 426 1445 1319 88298 977 1630 962 746 417 2874 180 0 17 7714 1 0 0 0 0 0 0 0 0 0 0 0 0 0 0 0 0 0 0 0 0 0 0 0 0 0 0 0 0 0 0 0 0 0 0 0 0 0 22 0 0 0 0 0 0 0 0 0 0 0 0 0 0 0 0 0 0 0 0 0 0 0 0 0 0 0 0 0 0 0 0 0 0 0 0 0 0 0 0 0 0 0 0 0 0 0 0 0 0 0 0 0 0 0 0 0 0 0 0 0 0 0 0 0 0 0 0 0 0 0 0 0 0 0 0 0 0 0 0 0 0 0 0 0 0 0 0 0 0 0 0 0 0 0 0 0 0 0 0 0 0 0 0 0 0 0 0 0 0 0 0 0 0 0 0 0 0 0 0 0 0 0 0 0 0 0 0 0 0 0 0 0 0 0 0 0 0 0 0 0 0 0 0 0 0 0 0 0 0 0 0 0 0 0 0 0 0 0 0 0 0 0 0 0 0 0 0 0 0 0 0 0 0 0 0 0 0 0 0 0 0 0 0 0 0 0 0 0 0 0 0 0 0 0 0 0 0 0 0 0 0 0 0 0 0 0 0 0 0 0 0 0 0 0 0 0 0 0 0 0 0 0 0 0 0 0 0 0 0 0 0 0 0 0 0 0 0 0 0 0 0 0 0 0 0 0 0 0 0 0 0 0 0 0 0 0 0 0 0 0 0 0 0 0 0 0 0 0 0 0 0 0 0 0 0 0 0 0 0 0 0 0 0 0 0 0 0 0 0 0 0 0 0 0 0 0 0 0 0 0 0 0 0 0 0 0 0 0 0 0 0 0 0 0 0 0 0 0 0 0 0 0 0 0 0 0 0 0 0 0 0 0 0 0 0 0 0 0 0 0 0 0 0 0 0 0 0 0 0 0 0 0 0 0 0 0 0 0 0 0 0 0 0 0 0 0 0 0 0 0 0 0 0 0 0 0 0 0 0 0 0 0 0 0 0 0 0 0 0 0 0 0 0 0 0 0 0 0 0 0 0 0 0 0 0 0 0 0 0 0 0 0 0 0 0 0 0 0 0 0 0 0 0 0 0 0 0 0 0 0 0 0 0 0 0 0 0 0 0 0 0 0 0 0 0 0 0 0 0 0 0 0 0 0 0 0 0 0 0 0 0 0 0 0 0 0 0 0 0 0 0 0 0 0 0 0 0 0 0 0 0 0 0 0 0 0 0 0 0 0 0 0 0 0 0 0 0 0 0 0 0 0 0 0 0 0 0 0 0 0 0 0 0 0 0 0 0 0 0 0 0 0 0 0 0 0 0 0 0 0 0 0 0 0 0 0 0 0 0 0 0 0 0 0 0 0 0 0 0 0 0 0 0 0 0 0 0 0 0 0 0 0 0 0 0 0 0 0 0 0 0 0 0 0 0 0 0 0 0 0 0 0 0 0 0 0 0 0 0 0 0 0 0 0 0 0 0 0 0 0 0 0 0 0 0 0 0 0 0 0 0 0 0 0 0 0 0 0 0 0 0 0 0 0 0 0 0 0 0 0 0 0 0 0 0 0 0 0 0 0 0 0 0 0 0 0 0 0 0 0 0 0 0 0 0 0 0 0 0 0 0 0 0 0 0 0 0 0 0 0 0 0 0 0 0 0 0 0 0 0 0 0 0 0 0 0 0 0 0 0 0 0 0 0 0 0 0 0 0 0 0 0 0 0 0 0 0 0 0 0 0 0 0 0 0 0 0 0 0 0 0 0 0 0 0 0 0 0 0 0 0 0 0 0 0 0 0 0 0 0 0 0 0 0 0 0 0 0 0 0 0 0 0 0 0 0 0 0 0 0 0 0 0 0 0 0 0 0 0 0 0 0 0 0 0 0 0 0 0 0 0 0 0 0 0 0 0 0 0 0 0 0 0 0 0 0 0 0 0 0 0 0 0 0 0 0 0 0 0 0 0 0 0 0 0 0 0 0 0 0 0 0 0 0 0 0 0 0 0 0 0 0 0 0 0 0 0 0 0 0 0 0 0 0 0 0 0 0 0 0 0 0 0 0 0 0 0 0 0 0 0 0 0 0 0 0 0 0 0 0 0 0 0 0 0 0 0 0 0 0 0 0 0 0 0 0 0 0 0 0 0 0 0 0 0 0 0 0 0 0 0 0 0 0 0 0 0 0 0 0 0 0 0 0 0 0 0 0 0 0 0 0 0 0 0 0 0 0 0 0 0 0 0 0 0 0 0 0 0 0 0 0 0 0 0 0 0 0 0 0 0 0 0 0 0 0 0 0 0 0 0 0 0 0 0 0 0 0 0 0 0 0 0 0 0 0 0 0 0 0 0 0 0 0 0 0 0 0 0 0 0 0 0 0 0 0 0 0 0 0 0 0 0 0 0 0 0 0 0 0 0 0 0 0 0 0 0 0 0 0 0 0 0 0 0 0 0 0 0 0 0 0 0 0 0 0 0 0 0 0 0 0 0 0 0 0 0 0 0 0 0 0 0 0 0 0 0 0 0 0 0 0 0 0 0 0 0 0 0 0 0 0 0 0 0 0 0 0 0 0 0 0 0 0 0 0 0 0 0 0 0 0 0 0 0 0 0 0 0
ctxt 7942643
btime 1613124388
processes 198595
procs_running 1
procs_blocked 0
softirq 37593008 1 21864881 431 1489705 0 0 151706 1036180 0 13050104
