cpu  9741046 5 16629 2301797 112 0 964 0 0 0
cpu0 152134 0 436 35653 0 0 171 0 0 0
cpu1 152162 0 201 36060 8 0 42 0 0 0
cpu2 151886 0 488 36079 0 0 2 0 0 0
cpu3 152288 0 57 36115 0 0 0 0 0 0
cpu4 151669 0 714 36001 0 0 70 0 0 0
cpu5 152239 0 105 36113 0 0 2 0 0 0
cpu6 151876 0 800 35677 1 0 40 0 0 0
cpu7 152131 0 205 36102 0 0 14 0 0 0
cpu8 151891 0 592 35972 0 0 3 0 0 0
cpu9 152057 0 274 36120 0 0 10 0 0 0
cpu10 152482 0 724 35198 10 0 28 0 0 0
cpu11 152090 0 250 36097 1 0 4 0 0 0
cpu12 151666 0 907 35872 1 0 12 0 0 0
cpu13 152303 0 38 36119 0 0 3 0 0 0
cpu14 151874 0 830 35703 15 0 21 0 0 0
cpu15 152243 0 101 36108 0 0 4 0 0 0
cpu16 152091 0 392 35942 0 0 14 0 0 0
cpu17 151700 0 553 36105 0 0 97 0 0 0
cpu18 152021 0 392 36035 0 0 2 0 0 0
cpu19 152298 0 40 36118 0 0 0 0 0 0
cpu20 152125 0 408 35924 0 0 3 0 0 0
cpu21 152204 0 131 36115 0 0 6 0 0 0
cpu22 151974 0 527 35912 0 0 35 0 0 0
cpu23 152304 0 42 36111 0 0 0 0 0 0
cpu24 152068 0 344 35944 41 0 20 0 0 0
cpu25 152272 0 72 36110 0 0 1 0 0 0
cpu26 152205 0 181 36058 0 0 3 0 0 0
cpu27 152235 0 95 36114 1 0 8 0 0 0
cpu28 152145 0 254 36034 0 0 12 0 0 0
cpu29 152285 0 70 36096 2 0 0 0 0 0
cpu30 152354 0 216 35865 0 0 8 0 0 0
cpu31 152289 0 54 36105 7 0 0 0 0 0
cpu32 152226 0 172 36049 0 0 1 0 0 0
cpu33 152230 0 103 36107 0 0 6 0 0 0
cpu34 152269 0 110 36067 0 0 0 0 0 0
cpu35 152302 0 38 36109 0 0 0 0 0 0
cpu36 152224 0 147 36073 0 0 3 0 0 0
cpu37 152258 0 84 36104 0 0 2 0 0 0
cpu38 152190 0 441 35791 0 0 7 0 0 0
cpu39 152003 0 286 36109 0 0 52 0 0 0
cpu40 152212 0 295 35928 0 0 2 0 0 0
cpu41 152079 0 256 36107 0 0 7 0 0 0
cpu42 153853 0 539 34005 1 0 9 0 0 0
cpu43 152062 0 278 36101 0 0 7 0 0 0
cpu44 152392 0 355 35689 1 0 3 0 0 0
cpu45 152296 0 48 36104 0 0 0 0 0 0
cpu46 152474 0 316 35624 2 0 18 0 0 0
cpu47 152185 0 152 36097 0 0 10 0 0 0
cpu48 152531 0 215 35698 0 0 2 0 0 0
cpu49 152066 0 247 36104 0 0 27 0 0 0
cpu50 152308 2 227 35891 0 0 7 0 0 0
cpu51 152240 0 50 36079 0 0 60 0 0 0
cpu52 152080 0 341 36018 0 0 0 0 0 0
cpu53 152171 0 148 36105 0 0 18 0 0 0
cpu54 152217 0 203 36006 0 0 9 0 0 0
cpu55 152301 0 47 36094 0 0 0 0 0 0
cpu56 152251 0 121 36057 0 0 0 0 0 0
cpu57 152282 0 61 36095 1 0 0 0 0 0
cpu58 152189 0 207 36031 0 0 2 0 0 0
cpu59 152056 0 244 36089 0 0 50 0 0 0
cpu60 152293 0 110 36034 0 0 2 0 0 0
cpu61 152291 0 54 36096 0 0 0 0 0 0
cpu62 152621 0 149 35666 0 0 4 0 0 0
cpu63 152303 0 66 36068 0 0 0 0 0 0
intr 27860757 82 0 0 0 634 0 0 0 1 0 282 0 0 0 0 0 0 0 0 0 0 0 0 0 0 0 0 0 0 0 0 0 0 0 0 0 0 0 1139 11630 1935 52 208 821 114 5239 15 5244 7 2015 204 1 453 1862 4886 3983 0 0 0 3605 2836 30 4077 1348 2 0 73 233 4 717 137 5149 95 0 52 238 363 1370 0 4534 1134 2576 237 6 1483 5629 2 8597 57 42609 495 5415 553 0 152 450 334 3 21 2 40 60 0 0 0 0 0 0 0 0 0 0 0 0 0 0 0 0 0 95 31188 0 0 0 0 0 0 0 0 0 0 0 0 0 0 0 0 0 0 0 0 0 0 0 0 0 0 0 0 0 0 0 0 0 0 0 0 0 0 0 0 0 0 0 0 0 0 0 0 0 0 0 0 0 0 0 0 0 0 0 0 0 0 0 0 0 0 0 0 0 0 0 0 0 0 0 20 0 0 0 0 0 0 0 0 0 0 0 0 0 0 0 0 0 0 0 0 0 0 0 0 0 0 0 0 0 0 0 0 0 0 0 0 0 0 0 0 0 0 0 0 0 0 0 0 0 0 0 0 0 0 0 0 0 0 0 0 0 0 0 0 0 0 0 0 0 0 0 0 0 0 0 0 0 0 0 0 0 0 0 0 0 0 0 0 0 0 0 0 0 0 0 0 0 0 0 0 0 0 0 0 0 0 0 0 0 0 0 0 0 0 0 0 0 0 0 0 0 0 0 0 0 0 0 0 0 0 0 0 0 0 0 0 0 0 0 0 0 0 0 0 0 0 0 0 0 0 0 0 0 0 0 0 0 0 0 0 0 0 0 0 0 0 0 0 0 0 0 0 0 0 0 0 0 0 0 0 0 0 0 0 0 0 0 0 0 0 0 0 0 0 0 0 0 0 0 0 0 0 0 0 0 0 0 0 0 0 0 0 0 0 0 0 0 0 0 0 0 0 0 0 0 0 0 0 0 0 0 0 0 0 0 0 0 0 0 0 0 0 0 0 0 0 0 0 0 0 0 0 0 0 0 0 0 0 0 0 0 0 0 0 0 0 0 0 0 0 0 0 0 0 0 0 0 0 0 0 0 0 0 0 0 0 0 0 0 0 0 0 0 0 0 0 0 0 0 0 0 0 0 0 0 0 0 0 0 0 0 0 0 0 0 0 0 0 0 0 0 0 0 0 0 0 0 0 0 0 0 0 0 0 0 0 0 0 0 0 0 0 0 0 0 0 0 0 0 0 0 0 0 0 0 0 0 0 0 0 0 0 0 0 0 0 0 0 0 0 0 0 0 0 0 0 0 0 0 0 0 0 0 0 0 0 0 0 0 0 0 0 0 0 0 0 0 0 0 0 0 0 0 0 0 0 0 0 0 0 0 0 0 0 0 0 0 0 0 0 0 0 0 0 0 0 0 0 0 0 0 0 0 0 0 0 0 0 0 0 0 0 0 0 0 0 0 0 0 0 0 0 0 0 0 0 0 0 0 0 0 0 0 0 0 0 0 0 0 0 0 0 0 0 0 0 0 0 0 0 0 0 0 0 0 0 0 0 0 0 0 0 0 0 0 0 0 0 0 0 0 0 0 0 0 0 0 0 0 0 0 0 0 0 0 0 0 0 0 0 0 0 0 0 0 0 0 0 0 0 0 0 0 0 0 0 0 0 0 0 0 0 0 0 0 0 0 0 0 0 0 0 0 0 0 0 0 0 0 0 0 0 0 0 0 0 0 0 0 0 0 0 0 0 0 0 0 0 0 0 0 0 0 0 0 0 0 0 0 0 0 0 0 0 0 0 0 0 0 0 0 0 0 0 0 0 0 0 0 0 0 0 0 0 0 0 0 0 0 0 0 0 0 0 0 0 0 0 0 0 0 0 0 0 0 0 0 0 0 0 0 0 0 0 0 0 0 0 0 0 0 0 0 0 0 0 0 0 0 0 0 0 0 0 0 0 0 0 0 0 0 0 0 0 0 0 0 0 0 0 0 0 0 0 0 0 0 0 0 0 0 0 0 0 0 0 0 0 0 0 0 0 0 0 0 0 0 0 0 0 0 0 0 0 0 0 0 0 0 0 0 0 0 0 0 0 0 0 0 0 0 0 0 0 0 0 0 0 0 0 0 0 0 0 0 0 0 0 0 0 0 0 0 0 0 0 0 0 0 0 0 0 0 0 0 0 0 0 0 0 0 0 0 0 0 0 0 0 0 0 0 0 0 0 0 0 0 0 0 0 0 0 0 0 0 0 0 0 0 0 0 0 0 0 0 0 0 0 0 0 0 0 0 0 0 0 0 0 0 0 0 0 0 0 0 0 0 0 0 0 0 0 0 0 0 0 0 0 0 0 0 0 0 0 0 0 0 0 0 0 0 0 0 0 0 0 0 0 0 0 0 0 0 0 0 0 0 0 0 0 0 0 0 0 0 0 0 0 0 0 0 0 0 0 0 0 0 0 0 0 0 0 0 0 0 0 0 0 0 0 0 0 0 0 0 0 0 0 0 0 0 0 0 0 0 0 0 0 0 0 0 0 0 0 0 0 0 0 0 0 0 0 0 0 0 0 0 0 0 0 0 0 0 0 0 0 0 0 0 0 0 0 0 0 0 0 0 0 0 0 0 0 0 0 0 0 0 0 0 0 0 0 0 0 0 0 0 0 0 0 0 0 0 0 0 0 0 0 0 0 0 0 0 0 0 0 0 0 0 0 0 0 0 0 0 0 0 0 0 0 0 0 0 0 0 0 0 0 0 0 0 0 0 0 0 0 0 0 0 0 0 0 0 0 0 0 0 0 0 0 0 0 0 0 0 0 0 0 0 0 0 0 0 0 0 0 0 0 0 0 0 0 0 0 0 0 0 0 0 0 0 0 0 0 0 0 0 0 0 0 0 0 0 0 0 0 0 0 0 0 0 0 0 0 0 0 0 0 0 0 0 0 0 0 0 0 0 0 0 0 0 0 0 0 0 0 0 0 0 0 0 0 0 0 0 0 0 0 0 0 0 0 0 0 0 0 0 0 0 0 0 0 0 0 0 0 0 0 0 0 0 0 0 0 0 0 0 0 0 0 0 0 0 0 0 0 0 0 0 0 0 0 0 0 0 0 0 0 0 0 0 0 0 0 0 0 0 0 0 0 0 0 0 0 0 0 0 0 0 0 0 0 0 0 0 0 0 0 0 0 0 0 0 0 0 0 0 0 0 0 0 0 0 0 0 0 0 0 0 0 0 0 0 0 0 0 0 0 0 0 0 0 0 0 0 0 0 0 0 0 0 0 0 0 0 0 0 0 0 0 0 0 0 0 0 0 0 0 0 0 0 0 0 0 0 0 0 0 0 0 0 0 0 0 0 0 0 0 0 0 0 0 0 0 0 0 0 0 0 0 0 0 0 0 0 0 0 0 0 0 0 0 0 0 0 0 0 0 0 0 0 0 0 0 0 0 0 0 0 0 0 0 0 0 0 0 0 0 0 0 0 0 0 0 0 0 0 0 0 0 0 0 0 0 0 0 0 0 0 0 0 0 0 0 0 0 0 0 0 0 0 0 0 0 0 0 0 0 0 0 0 0 0 0 0 0 0 0 0 0 0 0 0 0 0 0 0 0 0 0 0 0 0 0 0 0 0 0 0 0 0 0 0 0 0 0 0 0 0 0 0 0 0 0 0 0 0 0 0 0 0 0 0 0 0 0 0 0 0 0 0 0 0 0 0 0 0 0 0 0 0 0 0 0 0 0 0 0 0 0 0 0 0 0 0 0 0 0 0 0 0 0 0 0 0 0 0 0 0 0 0 0 0 0 0 0 0 0 0 0 0 0 0 0 0 0 0 0 0 0 0 0 0 0 0 0 0 0 0 0 0 0 0 0 0 0 0 0 0 0 0 0 0 0 0 0 0 0 0 0 0 0 0 0 0 0 0 0 0 0 0 0 0 0 0 0 0 0 0 0 0 0 0 0 0 0 0 0 0 0 0 0 0 0 0 0 0 0 0 0 0 0 0 0 0 0 0 0 0 0 0 0 0 0 0 0 0 0 0 0 0 0 0 0 0 0 0 0 0 0 0 0 0 0 0 0 0 0 0 0 0 0 0 0 0 0 0 0 0 0 0 0 0 0 0 0 0 0 0 0 0 0 0 0 0 0 0 0 0 0 0 0 0 0 0 0 0 0 0 0 0 0 0 0 0 0 0 0 0 0 0 0 0 0 0 0 0 0 0 0 0 0 0 0 0 0 0 0 0 0 0 0 0 0 0 0 0 0 0 0 0 0 0 0 0 0 0 0 0 0 0 0 0 0 0 0 0 0 0 0 0 0 0 0 0 0 0 0 0 0 0 0 0 0 0 0 0 0 0 0 0 0 0 0 0 0 0 0 0 0 0 0 0 0 0 0 0 0 0 0 0 0 0 0 0 0 0 0 0 0 0 0 0 0 0 0 0 0 0 0 0 0 0 0 0 0 0 0 0 0 0 0 0 0 0 0 0 0 0 0 0 0 0 0 0 0 0 0 0 0 0 0 0 0 0 0 0 0 0 0 0 0 0 0 0 0 0 0 0 0 0 0 0 0 0 0 0 0 0 0 0 0 0 0 0 0 0 0 0 0 0 0 0 0 0 0 0 0 0 0 0 0 0 0 0 0 0 0 0 0 0 0 0 0 0 0 0 0 0 0 0 0 0 0 0 0 0 0 0 0 0 0 0 0 0 0 0 0 0 0 0 0 0 0 0 0 0 0 0 0 0 0 0 0 0 0 0 0 0 0 0 0 0 0 0 0 0 0 0 0 0 0 0 0 0 0 0 0 0 0 0 0 0 0 0 0 0 0 0 0 0 0 0 0 0 0 0 0 0 0 0 0 0 0 0 0 0 0 0 0 0 0 0 0 0 0 0 0 0 0 0 0 0 0 0 0 0 0 0 0 0 0 0 0 0 0 0 0 0 0 0 0 0 0 0 0 0 0 0 0 0 0 0 0 0 0 0 0 0 0 0 0 0 0 0 0 0 0 0 0 0 0 0 0 0 0 0 0 0 0 0 0 0 0 0 0 0 0 0 0 0 0 0 0 0 0 0 0 0 0 0 0 0 0 0 0 0 0 0 0 0 0 0 0 0 0 0 0 0 0 0 0 0 0 0 0 0 0 0 0 0 0 0 0 0 0 0 0 0 0 0 0 0 0 0 0 0 0 0
ctxt 4128589
btime 1613144793
processes 93015
procs_running 1
procs_blocked 0
softirq 32486346 1 18978529 1065 757400 0 0 144 1021115 0 11728092
