cpu  27237508 4 33798 7126910 425 0 4004 0 0 0
cpu0 756300 0 1088 197820 1 0 627 0 0 0
cpu1 756496 0 752 198339 1 0 141 0 0 0
cpu2 756514 0 771 198275 0 0 98 0 0 0
cpu3 756794 0 669 198113 4 0 37 0 0 0
cpu4 755651 0 1600 198070 2 0 298 0 0 0
cpu5 756307 0 997 198235 14 0 67 0 0 0
cpu6 756462 0 849 198256 2 0 46 0 0 0
cpu7 756467 0 938 198160 4 0 63 0 0 0
cpu8 756984 0 995 197606 1 0 32 0 0 0
cpu9 756531 0 1086 197968 1 0 40 0 0 0
cpu10 756209 0 1382 197829 4 0 192 0 0 0
cpu11 756204 0 1106 198260 2 0 61 0 0 0
cpu12 756698 0 1164 197702 4 0 50 0 0 0
cpu13 756556 0 1044 197925 49 0 48 0 0 0
cpu14 755742 0 1458 198328 4 0 83 0 0 0
cpu15 755948 0 1340 198253 5 0 83 0 0 0
cpu16 756064 0 1200 198243 1 0 111 0 0 0
cpu17 756462 0 840 198239 5 0 68 0 0 0
cpu18 756814 0 490 198270 5 0 39 0 0 0
cpu19 756623 0 661 198294 1 0 42 0 0 0
cpu20 756922 0 418 198245 3 0 31 0 0 0
cpu21 756931 0 455 198220 9 0 6 0 0 0
cpu22 756600 0 616 198339 12 0 61 0 0 0
cpu23 756831 0 431 198341 2 0 8 0 0 0
cpu24 754584 0 1824 198026 15 0 1150 0 0 0
cpu25 756490 0 750 198323 3 0 58 0 0 0
cpu26 756627 0 695 198252 8 0 30 0 0 0
cpu27 756910 0 869 197792 0 0 54 0 0 0
cpu28 757805 0 1068 196541 81 0 94 0 0 0
cpu29 757340 0 859 197371 33 0 24 0 0 0
cpu30 758037 0 822 196665 54 0 14 0 0 0
cpu31 757086 3 1145 197296 40 0 54 0 0 0
cpu32 757306 0 1072 197175 6 0 62 0 0 0
cpu33 756556 0 1131 197814 12 0 82 0 0 0
cpu34 756824 0 666 198073 15 0 24 0 0 0
cpu35 756822 0 533 198235 1 0 17 0 0 0
intr 75271165 56 0 0 0 610 0 0 0 1 0 275 0 0 0 0 0 0 0 0 0 0 0 0 0 0 0 0 0 0 0 0 0 94 814 325 125 301 872 710 299 485 89 260 344 324 274 1495 459 412 331 398 307 229 193 1418 3734 0 0 0 0 204 1956 787 457 114 10339 3723 4017 1771 549 724 306 171 0 16 11954 1 0 29697 2768 4303 1477 2001 3833 967 4797 2350 4160 2223 6960 4245 1771 5156 3456 3936 1370 4433 4398 6107 1886 3773 1300 238895 6564 2308 3622 1119 5355 1125 1540 5978 2941 1325 2399 0 16 7935 1 0 0 0 0 0 0 0 0 0 0 0 0 0 0 0 0 0 0 0 0 0 0 0 0 0 0 0 0 0 0 0 0 0 0 0 0 0 24 0 0 0 0 0 0 0 0 0 0 0 0 0 0 0 0 0 0 0 0 0 0 0 0 0 0 0 0 0 0 0 0 0 0 0 0 0 0 0 0 0 0 0 0 0 0 0 0 0 0 0 0 0 0 0 0 0 0 0 0 0 0 0 0 0 0 0 0 0 0 0 0 0 0 0 0 0 0 0 0 0 0 0 0 0 0 0 0 0 0 0 0 0 0 0 0 0 0 0 0 0 0 0 0 0 0 0 0 0 0 0 0 0 0 0 0 0 0 0 0 0 0 0 0 0 0 0 0 0 0 0 0 0 0 0 0 0 0 0 0 0 0 0 0 0 0 0 0 0 0 0 0 0 0 0 0 0 0 0 0 0 0 0 0 0 0 0 0 0 0 0 0 0 0 0 0 0 0 0 0 0 0 0 0 0 0 0 0 0 0 0 0 0 0 0 0 0 0 0 0 0 0 0 0 0 0 0 0 0 0 0 0 0 0 0 0 0 0 0 0 0 0 0 0 0 0 0 0 0 0 0 0 0 0 0 0 0 0 0 0 0 0 0 0 0 0 0 0 0 0 0 0 0 0 0 0 0 0 0 0 0 0 0 0 0 0 0 0 0 0 0 0 0 0 0 0 0 0 0 0 0 0 0 0 0 0 0 0 0 0 0 0 0 0 0 0 0 0 0 0 0 0 0 0 0 0 0 0 0 0 0 0 0 0 0 0 0 0 0 0 0 0 0 0 0 0 0 0 0 0 0 0 0 0 0 0 0 0 0 0 0 0 0 0 0 0 0 0 0 0 0 0 0 0 0 0 0 0 0 0 0 0 0 0 0 0 0 0 0 0 0 0 0 0 0 0 0 0 0 0 0 0 0 0 0 0 0 0 0 0 0 0 0 0 0 0 0 0 0 0 0 0 0 0 0 0 0 0 0 0 0 0 0 0 0 0 0 0 0 0 0 0 0 0 0 0 0 0 0 0 0 0 0 0 0 0 0 0 0 0 0 0 0 0 0 0 0 0 0 0 0 0 0 0 0 0 0 0 0 0 0 0 0 0 0 0 0 0 0 0 0 0 0 0 0 0 0 0 0 0 0 0 0 0 0 0 0 0 0 0 0 0 0 0 0 0 0 0 0 0 0 0 0 0 0 0 0 0 0 0 0 0 0 0 0 0 0 0 0 0 0 0 0 0 0 0 0 0 0 0 0 0 0 0 0 0 0 0 0 0 0 0 0 0 0 0 0 0 0 0 0 0 0 0 0 0 0 0 0 0 0 0 0 0 0 0 0 0 0 0 0 0 0 0 0 0 0 0 0 0 0 0 0 0 0 0 0 0 0 0 0 0 0 0 0 0 0 0 0 0 0 0 0 0 0 0 0 0 0 0 0 0 0 0 0 0 0 0 0 0 0 0 0 0 0 0 0 0 0 0 0 0 0 0 0 0 0 0 0 0 0 0 0 0 0 0 0 0 0 0 0 0 0 0 0 0 0 0 0 0 0 0 0 0 0 0 0 0 0 0 0 0 0 0 0 0 0 0 0 0 0 0 0 0 0 0 0 0 0 0 0 0 0 0 0 0 0 0 0 0 0 0 0 0 0 0 0 0 0 0 0 0 0 0 0 0 0 0 0 0 0 0 0 0 0 0 0 0 0 0 0 0 0 0 0 0 0 0 0 0 0 0 0 0 0 0 0 0 0 0 0 0 0 0 0 0 0 0 0 0 0 0 0 0 0 0 0 0 0 0 0 0 0 0 0 0 0 0 0 0 0 0 0 0 0 0 0 0 0 0 0 0 0 0 0 0 0 0 0 0 0 0 0 0 0 0 0 0 0 0 0 0 0 0 0 0 0 0 0 0 0 0 0 0 0 0 0 0 0 0 0 0 0 0 0 0 0 0 0 0 0 0 0 0 0 0 0 0 0 0 0 0 0 0 0 0 0 0 0 0 0 0 0 0 0 0 0 0 0 0 0 0 0 0 0 0 0 0 0 0 0 0 0 0 0 0 0 0 0 0 0 0 0 0 0 0 0 0 0 0 0 0 0 0 0 0 0 0 0 0 0 0 0 0 0 0 0 0 0 0 0 0 0 0 0 0 0 0 0 0 0 0 0 0 0 0 0 0 0 0 0 0 0 0 0 0 0 0 0 0 0 0 0 0 0 0 0 0 0 0 0 0 0 0 0 0 0 0 0 0 0 0 0 0 0 0 0 0 0 0 0 0 0 0 0 0 0 0 0 0 0 0 0 0 0 0 0 0 0 0 0 0 0 0 0 0 0 0 0 0 0 0 0 0 0 0 0 0 0 0 0 0 0 0 0 0 0 0 0 0 0 0 0 0 0 0 0 0 0 0 0 0 0 0 0 0 0 0 0 0 0 0 0 0 0 0 0 0 0 0 0 0 0 0 0 0 0 0 0 0 0 0 0 0 0 0 0 0 0 0 0 0 0 0 0 0 0 0 0 0 0 0 0 0 0 0 0 0 0 0
ctxt 20096023
btime 1613124388
processes 507389
procs_running 1
procs_blocked 0
softirq 98071992 1 56428194 792 3841116 0 0 378374 2558183 0 34865332
