cpu  17845230 4 23120 6939737 422 0 2672 0 0 0
cpu0 495479 0 852 192506 1 0 443 0 0 0
cpu1 495518 0 625 193018 1 0 138 0 0 0
cpu2 495594 0 598 192948 0 0 81 0 0 0
cpu3 495902 0 464 192792 4 0 22 0 0 0
cpu4 494641 0 1433 192824 2 0 290 0 0 0
cpu5 495442 0 771 192920 14 0 47 0 0 0
cpu6 495638 0 581 192944 2 0 24 0 0 0
cpu7 495472 0 694 192981 4 0 52 0 0 0
cpu8 495996 0 819 192352 1 0 27 0 0 0
cpu9 495527 0 793 192847 1 0 32 0 0 0
cpu10 495929 0 710 192522 4 0 25 0 0 0
cpu11 495603 0 605 192966 2 0 27 0 0 0
cpu12 495596 0 730 192836 4 0 29 0 0 0
cpu13 495747 0 694 192673 49 0 34 0 0 0
cpu14 495073 0 1051 193017 4 0 44 0 0 0
cpu15 495199 0 928 193008 5 0 65 0 0 0
cpu16 495384 0 742 192991 1 0 76 0 0 0
cpu17 495679 0 541 192915 5 0 48 0 0 0
cpu18 495831 0 379 192945 4 0 32 0 0 0
cpu19 495639 0 542 192972 1 0 38 0 0 0
cpu20 495914 0 331 192914 3 0 29 0 0 0
cpu21 495920 0 298 192966 9 0 2 0 0 0
cpu22 495738 0 400 193021 12 0 30 0 0 0
cpu23 495800 0 367 193012 2 0 6 0 0 0
cpu24 494393 0 1182 192840 13 0 749 0 0 0
cpu25 495818 0 352 193016 3 0 9 0 0 0
cpu26 495766 0 452 192952 7 0 10 0 0 0
cpu27 495930 0 726 192493 0 0 52 0 0 0
cpu28 497121 0 666 191289 81 0 8 0 0 0
cpu29 495754 0 438 192948 33 0 19 0 0 0
cpu30 496759 0 508 191836 54 0 8 0 0 0
cpu31 496054 3 648 192432 40 0 18 0 0 0
cpu32 496013 0 815 192309 6 0 47 0 0 0
cpu33 495616 0 704 192777 12 0 74 0 0 0
cpu34 495862 0 352 192942 15 0 15 0 0 0
cpu35 495866 0 314 192997 1 0 9 0 0 0
intr 49311801 56 0 0 0 610 0 0 0 1 0 275 0 0 0 0 0 0 0 0 0 0 0 0 0 0 0 0 0 0 0 0 0 94 730 235 84 198 842 609 131 452 84 222 326 207 255 1487 453 288 316 353 280 229 193 1388 3734 0 0 0 0 203 1588 418 440 110 10040 3471 3999 1769 545 724 306 166 0 16 10676 1 0 22490 2577 3411 603 1406 635 367 3309 1487 3964 1369 1134 2855 1476 4348 2218 3859 612 3618 3749 5766 433 3048 975 147874 234 883 3186 502 3140 663 1260 5279 2650 1323 1257 0 16 7817 1 0 0 0 0 0 0 0 0 0 0 0 0 0 0 0 0 0 0 0 0 0 0 0 0 0 0 0 0 0 0 0 0 0 0 0 0 0 24 0 0 0 0 0 0 0 0 0 0 0 0 0 0 0 0 0 0 0 0 0 0 0 0 0 0 0 0 0 0 0 0 0 0 0 0 0 0 0 0 0 0 0 0 0 0 0 0 0 0 0 0 0 0 0 0 0 0 0 0 0 0 0 0 0 0 0 0 0 0 0 0 0 0 0 0 0 0 0 0 0 0 0 0 0 0 0 0 0 0 0 0 0 0 0 0 0 0 0 0 0 0 0 0 0 0 0 0 0 0 0 0 0 0 0 0 0 0 0 0 0 0 0 0 0 0 0 0 0 0 0 0 0 0 0 0 0 0 0 0 0 0 0 0 0 0 0 0 0 0 0 0 0 0 0 0 0 0 0 0 0 0 0 0 0 0 0 0 0 0 0 0 0 0 0 0 0 0 0 0 0 0 0 0 0 0 0 0 0 0 0 0 0 0 0 0 0 0 0 0 0 0 0 0 0 0 0 0 0 0 0 0 0 0 0 0 0 0 0 0 0 0 0 0 0 0 0 0 0 0 0 0 0 0 0 0 0 0 0 0 0 0 0 0 0 0 0 0 0 0 0 0 0 0 0 0 0 0 0 0 0 0 0 0 0 0 0 0 0 0 0 0 0 0 0 0 0 0 0 0 0 0 0 0 0 0 0 0 0 0 0 0 0 0 0 0 0 0 0 0 0 0 0 0 0 0 0 0 0 0 0 0 0 0 0 0 0 0 0 0 0 0 0 0 0 0 0 0 0 0 0 0 0 0 0 0 0 0 0 0 0 0 0 0 0 0 0 0 0 0 0 0 0 0 0 0 0 0 0 0 0 0 0 0 0 0 0 0 0 0 0 0 0 0 0 0 0 0 0 0 0 0 0 0 0 0 0 0 0 0 0 0 0 0 0 0 0 0 0 0 0 0 0 0 0 0 0 0 0 0 0 0 0 0 0 0 0 0 0 0 0 0 0 0 0 0 0 0 0 0 0 0 0 0 0 0 0 0 0 0 0 0 0 0 0 0 0 0 0 0 0 0 0 0 0 0 0 0 0 0 0 0 0 0 0 0 0 0 0 0 0 0 0 0 0 0 0 0 0 0 0 0 0 0 0 0 0 0 0 0 0 0 0 0 0 0 0 0 0 0 0 0 0 0 0 0 0 0 0 0 0 0 0 0 0 0 0 0 0 0 0 0 0 0 0 0 0 0 0 0 0 0 0 0 0 0 0 0 0 0 0 0 0 0 0 0 0 0 0 0 0 0 0 0 0 0 0 0 0 0 0 0 0 0 0 0 0 0 0 0 0 0 0 0 0 0 0 0 0 0 0 0 0 0 0 0 0 0 0 0 0 0 0 0 0 0 0 0 0 0 0 0 0 0 0 0 0 0 0 0 0 0 0 0 0 0 0 0 0 0 0 0 0 0 0 0 0 0 0 0 0 0 0 0 0 0 0 0 0 0 0 0 0 0 0 0 0 0 0 0 0 0 0 0 0 0 0 0 0 0 0 0 0 0 0 0 0 0 0 0 0 0 0 0 0 0 0 0 0 0 0 0 0 0 0 0 0 0 0 0 0 0 0 0 0 0 0 0 0 0 0 0 0 0 0 0 0 0 0 0 0 0 0 0 0 0 0 0 0 0 0 0 0 0 0 0 0 0 0 0 0 0 0 0 0 0 0 0 0 0 0 0 0 0 0 0 0 0 0 0 0 0 0 0 0 0 0 0 0 0 0 0 0 0 0 0 0 0 0 0 0 0 0 0 0 0 0 0 0 0 0 0 0 0 0 0 0 0 0 0 0 0 0 0 0 0 0 0 0 0 0 0 0 0 0 0 0 0 0 0 0 0 0 0 0 0 0 0 0 0 0 0 0 0 0 0 0 0 0 0 0 0 0 0 0 0 0 0 0 0 0 0 0 0 0 0 0 0 0 0 0 0 0 0 0 0 0 0 0 0 0 0 0 0 0 0 0 0 0 0 0 0 0 0 0 0 0 0 0 0 0 0 0 0 0 0 0 0 0 0 0 0 0 0 0 0 0 0 0 0 0 0 0 0 0 0 0 0 0 0 0 0 0 0 0 0 0 0 0 0 0 0 0 0 0 0 0 0 0 0 0 0 0 0 0 0 0 0 0 0 0 0 0 0 0 0 0 0 0 0 0 0 0 0 0 0 0 0 0 0 0 0 0 0 0 0 0 0 0 0 0 0 0 0 0 0 0 0 0 0 0 0 0 0 0 0 0 0 0 0 0 0 0 0 0 0 0 0 0 0 0 0 0 0 0 0 0 0 0 0 0 0 0 0 0 0 0 0 0 0 0 0 0 0 0 0 0 0 0 0 0 0 0 0 0 0 0 0 0 0 0 0 0 0 0 0 0 0 0 0 0 0 0 0 0 0 0 0 0 0 0 0 0 0 0 0 0 0 0 0 0 0 0 0 0 0 0 0 0 0 0 0 0 0 0 0 0 0 0 0 0 0 0 0 0 0 0 0 0 0
ctxt 13002421
btime 1613124388
processes 325174
procs_running 1
procs_blocked 0
softirq 64368329 1 37045742 580 2444771 0 0 241967 1713846 0 22921422
