cpu  32166502 4 59712 7123772 515 0 5105 0 0 0
cpu0 893037 0 1629 197974 9 0 880 0 0 0
cpu1 892315 0 2882 197902 1 0 138 0 0 0
cpu2 892928 0 2034 198179 2 0 59 0 0 0
cpu3 893624 0 1186 198274 17 0 105 0 0 0
cpu4 892956 0 1822 198346 2 0 90 0 0 0
cpu5 893316 0 1545 198262 2 0 87 0 0 0
cpu6 893212 0 1904 198023 1 0 64 0 0 0
cpu7 893893 0 1144 198107 5 0 54 0 0 0
cpu8 893590 0 1654 197907 6 0 49 0 0 0
cpu9 891414 0 3347 198278 9 0 164 0 0 0
cpu10 892903 0 2004 198090 4 0 198 0 0 0
cpu11 892701 0 2429 197943 2 0 115 0 0 0
cpu12 894217 0 1172 197724 11 0 70 0 0 0
cpu13 892279 0 2884 197953 4 0 82 0 0 0
cpu14 891548 0 3910 197516 4 0 217 0 0 0
cpu15 894912 0 2473 195758 14 0 48 0 0 0
cpu16 892550 0 2555 197905 2 0 179 0 0 0
cpu17 893368 0 1589 198150 2 0 92 0 0 0
cpu18 894276 0 646 198206 51 0 26 0 0 0
cpu19 894016 0 1006 198046 4 0 125 0 0 0
cpu20 893931 0 1069 198117 41 0 44 0 0 0
cpu21 893954 0 902 198254 42 0 62 0 0 0
cpu22 894020 0 755 198300 58 0 68 0 0 0
cpu23 893140 0 1670 198322 10 0 48 0 0 0
cpu24 894358 0 907 197886 0 0 37 0 0 0
cpu25 894192 0 713 198280 0 0 19 0 0 0
cpu26 894118 0 801 198213 1 0 71 0 0 0
cpu27 893717 0 1230 198220 0 0 35 0 0 0
cpu28 891232 0 2402 198175 0 0 1391 0 0 0
cpu29 893907 0 1335 197852 16 0 71 0 0 0
cpu30 894115 0 935 198105 2 0 30 0 0 0
cpu31 894310 0 1266 197560 4 0 50 0 0 0
cpu32 894490 1 1895 196741 7 0 67 0 0 0
cpu33 895198 2 1180 196700 7 0 102 0 0 0
cpu34 895478 0 1069 196464 122 0 48 0 0 0
cpu35 893271 0 1752 198021 34 0 105 0 0 0
intr 88500439 56 0 0 0 609 0 0 0 1 0 257 0 0 0 0 0 0 0 0 0 0 0 0 0 0 0 0 0 0 0 0 92 580 46 397 175 338 493 299 1489 513 830 526 343 779 728 449 581 812 526 1764 226 2553 1527 2865 1634 0 0 0 0 19 187 580 14 1264 719 304 630 711 541 10356 3700 0 0 16 12170 2 0 24515 1180 4317 1828 4786 2421 7584 2242 2084 5836 3128 4948 1823 1728 1747 4816 8746 2510 4697 7375 6791 4792 1179 1632 2230 992 2196 1912 256662 8268 3337 3770 1905 2618 8122 5282 0 17 7940 1 0 0 0 0 0 0 0 0 0 0 0 0 0 0 0 0 0 0 0 0 0 0 0 0 0 0 0 0 0 0 0 0 0 0 0 0 0 22 0 0 0 0 0 0 0 0 0 0 0 0 0 0 0 0 0 0 0 0 0 0 0 0 0 0 0 0 0 0 0 0 0 0 0 0 0 0 0 0 0 0 0 0 0 0 0 0 0 0 0 0 0 0 0 0 0 0 0 0 0 0 0 0 0 0 0 0 0 0 0 0 0 0 0 0 0 0 0 0 0 0 0 0 0 0 0 0 0 0 0 0 0 0 0 0 0 0 0 0 0 0 0 0 0 0 0 0 0 0 0 0 0 0 0 0 0 0 0 0 0 0 0 0 0 0 0 0 0 0 0 0 0 0 0 0 0 0 0 0 0 0 0 0 0 0 0 0 0 0 0 0 0 0 0 0 0 0 0 0 0 0 0 0 0 0 0 0 0 0 0 0 0 0 0 0 0 0 0 0 0 0 0 0 0 0 0 0 0 0 0 0 0 0 0 0 0 0 0 0 0 0 0 0 0 0 0 0 0 0 0 0 0 0 0 0 0 0 0 0 0 0 0 0 0 0 0 0 0 0 0 0 0 0 0 0 0 0 0 0 0 0 0 0 0 0 0 0 0 0 0 0 0 0 0 0 0 0 0 0 0 0 0 0 0 0 0 0 0 0 0 0 0 0 0 0 0 0 0 0 0 0 0 0 0 0 0 0 0 0 0 0 0 0 0 0 0 0 0 0 0 0 0 0 0 0 0 0 0 0 0 0 0 0 0 0 0 0 0 0 0 0 0 0 0 0 0 0 0 0 0 0 0 0 0 0 0 0 0 0 0 0 0 0 0 0 0 0 0 0 0 0 0 0 0 0 0 0 0 0 0 0 0 0 0 0 0 0 0 0 0 0 0 0 0 0 0 0 0 0 0 0 0 0 0 0 0 0 0 0 0 0 0 0 0 0 0 0 0 0 0 0 0 0 0 0 0 0 0 0 0 0 0 0 0 0 0 0 0 0 0 0 0 0 0 0 0 0 0 0 0 0 0 0 0 0 0 0 0 0 0 0 0 0 0 0 0 0 0 0 0 0 0 0 0 0 0 0 0 0 0 0 0 0 0 0 0 0 0 0 0 0 0 0 0 0 0 0 0 0 0 0 0 0 0 0 0 0 0 0 0 0 0 0 0 0 0 0 0 0 0 0 0 0 0 0 0 0 0 0 0 0 0 0 0 0 0 0 0 0 0 0 0 0 0 0 0 0 0 0 0 0 0 0 0 0 0 0 0 0 0 0 0 0 0 0 0 0 0 0 0 0 0 0 0 0 0 0 0 0 0 0 0 0 0 0 0 0 0 0 0 0 0 0 0 0 0 0 0 0 0 0 0 0 0 0 0 0 0 0 0 0 0 0 0 0 0 0 0 0 0 0 0 0 0 0 0 0 0 0 0 0 0 0 0 0 0 0 0 0 0 0 0 0 0 0 0 0 0 0 0 0 0 0 0 0 0 0 0 0 0 0 0 0 0 0 0 0 0 0 0 0 0 0 0 0 0 0 0 0 0 0 0 0 0 0 0 0 0 0 0 0 0 0 0 0 0 0 0 0 0 0 0 0 0 0 0 0 0 0 0 0 0 0 0 0 0 0 0 0 0 0 0 0 0 0 0 0 0 0 0 0 0 0 0 0 0 0 0 0 0 0 0 0 0 0 0 0 0 0 0 0 0 0 0 0 0 0 0 0 0 0 0 0 0 0 0 0 0 0 0 0 0 0 0 0 0 0 0 0 0 0 0 0 0 0 0 0 0 0 0 0 0 0 0 0 0 0 0 0 0 0 0 0 0 0 0 0 0 0 0 0 0 0 0 0 0 0 0 0 0 0 0 0 0 0 0 0 0 0 0 0 0 0 0 0 0 0 0 0 0 0 0 0 0 0 0 0 0 0 0 0 0 0 0 0 0 0 0 0 0 0 0 0 0 0 0 0 0 0 0 0 0 0 0 0 0 0 0 0 0 0 0 0 0 0 0 0 0 0 0 0 0 0 0 0 0 0 0 0 0 0 0 0 0 0 0 0 0 0 0 0 0 0 0 0 0 0 0 0 0 0 0 0 0 0 0 0 0 0 0 0 0 0 0 0 0 0 0 0 0 0 0 0 0 0 0 0 0 0 0 0 0 0 0 0 0 0 0 0 0 0 0 0 0 0 0 0 0 0 0 0 0 0 0 0 0 0 0 0 0 0 0 0 0 0 0 0 0 0 0 0 0 0 0 0 0 0 0 0 0 0 0 0 0 0 0 0 0 0 0 0 0 0 0 0 0 0 0 0 0 0 0 0 0 0 0 0 0 0 0 0 0 0 0 0 0 0 0 0 0 0 0 0 0 0 0 0 0 0 0 0 0 0 0 0 0 0 0 0 0 0 0 0 0 0 0 0 0 0 0 0 0 0 0 0 0 0 0 0 0 0 0 0 0 0 0 0 0 0 0 0 0 0 0 0 0 0 0 0 0 0 0 0 0 0 0 0 0 0 0 0 0 0 0 0 0 0 0 0
ctxt 22494089
btime 1613124388
processes 561918
procs_running 1
procs_blocked 0
softirq 114701218 1 66338301 934 4253955 0 0 407561 2990063 0 40710403
