cpu  12765274 4 16675 6868130 422 0 1932 0 0 0
cpu0 354424 0 588 190587 1 0 334 0 0 0
cpu1 354416 0 463 190989 1 0 130 0 0 0
cpu2 354698 0 281 190913 0 0 31 0 0 0
cpu3 354750 0 353 190762 4 0 15 0 0 0
cpu4 353644 0 1134 190863 2 0 250 0 0 0
cpu5 354414 0 548 190881 14 0 39 0 0 0
cpu6 354547 0 415 190917 2 0 13 0 0 0
cpu7 354353 0 560 190946 4 0 44 0 0 0
cpu8 354958 0 530 190398 1 0 10 0 0 0
cpu9 354516 0 558 190812 1 0 17 0 0 0
cpu10 354440 0 459 190985 4 0 12 0 0 0
cpu11 354552 0 393 190941 2 0 18 0 0 0
cpu12 354406 0 504 190968 4 0 15 0 0 0
cpu13 354711 0 486 190635 49 0 18 0 0 0
cpu14 354038 0 829 190984 4 0 38 0 0 0
cpu15 354255 0 641 190969 5 0 36 0 0 0
cpu16 354318 0 569 190951 1 0 57 0 0 0
cpu17 354708 0 291 190878 5 0 10 0 0 0
cpu18 354740 0 226 190919 4 0 6 0 0 0
cpu19 354488 0 439 190934 1 0 34 0 0 0
cpu20 354832 0 168 190885 3 0 6 0 0 0
cpu21 354770 0 191 190928 9 0 0 0 0 0
cpu22 354642 0 248 190989 12 0 11 0 0 0
cpu23 354630 0 282 190973 2 0 2 0 0 0
cpu24 353430 0 1048 190811 13 0 578 0 0 0
cpu25 354686 0 227 190978 3 0 6 0 0 0
cpu26 354600 0 343 190933 7 0 7 0 0 0
cpu27 354979 0 436 190458 0 0 29 0 0 0
cpu28 355905 0 558 189318 81 0 5 0 0 0
cpu29 354682 0 254 190917 33 0 10 0 0 0
cpu30 355152 0 382 190276 54 0 4 0 0 0
cpu31 354946 3 496 190401 40 0 10 0 0 0
cpu32 354828 0 695 190324 6 0 42 0 0 0
cpu33 354453 0 610 190740 12 0 69 0 0 0
cpu34 354639 0 245 190981 15 0 9 0 0 0
cpu35 354708 0 208 190971 1 0 2 0 0 0
intr 35526617 56 0 0 0 610 0 0 0 1 0 275 0 0 0 0 0 0 0 0 0 0 0 0 0 0 0 0 0 0 0 0 0 94 485 233 18 198 842 609 131 266 65 204 316 205 255 1472 453 288 251 339 191 229 151 1241 3734 0 0 0 0 203 1458 418 393 108 10039 3471 3979 1769 545 724 219 134 0 16 10179 1 0 18244 1924 171 532 1050 510 163 3149 1221 3832 957 892 2665 586 4313 1934 2946 341 1254 2680 5393 282 2783 735 121208 158 730 3012 470 2458 446 896 5159 2498 786 419 0 16 7773 1 0 0 0 0 0 0 0 0 0 0 0 0 0 0 0 0 0 0 0 0 0 0 0 0 0 0 0 0 0 0 0 0 0 0 0 0 0 24 0 0 0 0 0 0 0 0 0 0 0 0 0 0 0 0 0 0 0 0 0 0 0 0 0 0 0 0 0 0 0 0 0 0 0 0 0 0 0 0 0 0 0 0 0 0 0 0 0 0 0 0 0 0 0 0 0 0 0 0 0 0 0 0 0 0 0 0 0 0 0 0 0 0 0 0 0 0 0 0 0 0 0 0 0 0 0 0 0 0 0 0 0 0 0 0 0 0 0 0 0 0 0 0 0 0 0 0 0 0 0 0 0 0 0 0 0 0 0 0 0 0 0 0 0 0 0 0 0 0 0 0 0 0 0 0 0 0 0 0 0 0 0 0 0 0 0 0 0 0 0 0 0 0 0 0 0 0 0 0 0 0 0 0 0 0 0 0 0 0 0 0 0 0 0 0 0 0 0 0 0 0 0 0 0 0 0 0 0 0 0 0 0 0 0 0 0 0 0 0 0 0 0 0 0 0 0 0 0 0 0 0 0 0 0 0 0 0 0 0 0 0 0 0 0 0 0 0 0 0 0 0 0 0 0 0 0 0 0 0 0 0 0 0 0 0 0 0 0 0 0 0 0 0 0 0 0 0 0 0 0 0 0 0 0 0 0 0 0 0 0 0 0 0 0 0 0 0 0 0 0 0 0 0 0 0 0 0 0 0 0 0 0 0 0 0 0 0 0 0 0 0 0 0 0 0 0 0 0 0 0 0 0 0 0 0 0 0 0 0 0 0 0 0 0 0 0 0 0 0 0 0 0 0 0 0 0 0 0 0 0 0 0 0 0 0 0 0 0 0 0 0 0 0 0 0 0 0 0 0 0 0 0 0 0 0 0 0 0 0 0 0 0 0 0 0 0 0 0 0 0 0 0 0 0 0 0 0 0 0 0 0 0 0 0 0 0 0 0 0 0 0 0 0 0 0 0 0 0 0 0 0 0 0 0 0 0 0 0 0 0 0 0 0 0 0 0 0 0 0 0 0 0 0 0 0 0 0 0 0 0 0 0 0 0 0 0 0 0 0 0 0 0 0 0 0 0 0 0 0 0 0 0 0 0 0 0 0 0 0 0 0 0 0 0 0 0 0 0 0 0 0 0 0 0 0 0 0 0 0 0 0 0 0 0 0 0 0 0 0 0 0 0 0 0 0 0 0 0 0 0 0 0 0 0 0 0 0 0 0 0 0 0 0 0 0 0 0 0 0 0 0 0 0 0 0 0 0 0 0 0 0 0 0 0 0 0 0 0 0 0 0 0 0 0 0 0 0 0 0 0 0 0 0 0 0 0 0 0 0 0 0 0 0 0 0 0 0 0 0 0 0 0 0 0 0 0 0 0 0 0 0 0 0 0 0 0 0 0 0 0 0 0 0 0 0 0 0 0 0 0 0 0 0 0 0 0 0 0 0 0 0 0 0 0 0 0 0 0 0 0 0 0 0 0 0 0 0 0 0 0 0 0 0 0 0 0 0 0 0 0 0 0 0 0 0 0 0 0 0 0 0 0 0 0 0 0 0 0 0 0 0 0 0 0 0 0 0 0 0 0 0 0 0 0 0 0 0 0 0 0 0 0 0 0 0 0 0 0 0 0 0 0 0 0 0 0 0 0 0 0 0 0 0 0 0 0 0 0 0 0 0 0 0 0 0 0 0 0 0 0 0 0 0 0 0 0 0 0 0 0 0 0 0 0 0 0 0 0 0 0 0 0 0 0 0 0 0 0 0 0 0 0 0 0 0 0 0 0 0 0 0 0 0 0 0 0 0 0 0 0 0 0 0 0 0 0 0 0 0 0 0 0 0 0 0 0 0 0 0 0 0 0 0 0 0 0 0 0 0 0 0 0 0 0 0 0 0 0 0 0 0 0 0 0 0 0 0 0 0 0 0 0 0 0 0 0 0 0 0 0 0 0 0 0 0 0 0 0 0 0 0 0 0 0 0 0 0 0 0 0 0 0 0 0 0 0 0 0 0 0 0 0 0 0 0 0 0 0 0 0 0 0 0 0 0 0 0 0 0 0 0 0 0 0 0 0 0 0 0 0 0 0 0 0 0 0 0 0 0 0 0 0 0 0 0 0 0 0 0 0 0 0 0 0 0 0 0 0 0 0 0 0 0 0 0 0 0 0 0 0 0 0 0 0 0 0 0 0 0 0 0 0 0 0 0 0 0 0 0 0 0 0 0 0 0 0 0 0 0 0 0 0 0 0 0 0 0 0 0 0 0 0 0 0 0 0 0 0 0 0 0 0 0 0 0 0 0 0 0 0 0 0 0 0 0 0 0 0 0 0 0 0 0 0 0 0 0 0 0 0 0 0 0 0 0 0 0 0 0 0 0 0 0 0 0 0 0 0 0 0 0 0 0 0 0 0 0 0 0 0 0 0 0 0 0 0 0 0 0 0 0 0 0 0 0 0 0 0 0 0 0 0 0 0 0 0 0 0 0 0 0 0 0 0 0 0 0 0 0 0 0 0 0 0 0 0 0 0 0
ctxt 10017857
btime 1613124388
processes 252516
procs_running 1
procs_blocked 0
softirq 46670687 1 26913505 468 1902397 0 0 194898 1266301 0 16393117
