cpu  21910237 8 45887 4113571 179 0 4195 0 0 0
cpu0 341074 0 2079 63928 0 0 258 0 0 0
cpu1 342327 0 674 64335 9 0 96 0 0 0
cpu2 341661 0 1379 64273 1 0 109 0 0 0
cpu3 341714 0 1099 64446 4 0 155 0 0 0
cpu4 342419 0 1276 63545 8 0 100 0 0 0
cpu5 342645 0 317 64433 4 0 21 0 0 0
cpu6 342081 0 835 64376 1 0 121 0 0 0
cpu7 342154 0 824 64331 2 0 110 0 0 0
cpu8 341805 0 1203 64350 0 0 56 0 0 0
cpu9 342700 0 305 64380 3 0 35 0 0 0
cpu10 342154 0 870 64303 3 0 78 0 0 0
cpu11 342758 0 236 64410 2 0 10 0 0 0
cpu12 341708 0 1307 64335 1 0 65 0 0 0
cpu13 342694 0 377 64294 1 0 41 0 0 0
cpu14 341850 0 1225 64260 0 0 84 0 0 0
cpu15 342555 0 595 64164 2 0 90 0 0 0
cpu16 340924 0 1921 64379 0 0 187 0 0 0
cpu17 342489 0 490 64239 1 0 178 0 0 0
cpu18 341295 0 1740 64221 0 0 163 0 0 0
cpu19 342616 0 412 64330 1 0 51 0 0 0
cpu20 341866 0 1106 64249 48 0 101 0 0 0
cpu21 342722 0 308 64361 11 0 16 0 0 0
cpu22 341936 0 989 64386 1 0 101 0 0 0
cpu23 342663 0 310 64412 8 0 25 0 0 0
cpu24 342252 0 791 64333 1 0 33 0 0 0
cpu25 342711 0 243 64455 1 0 10 0 0 0
cpu26 341759 0 1171 64329 0 0 145 0 0 0
cpu27 342542 0 408 64420 1 0 47 0 0 0
cpu28 341943 0 1001 64393 0 0 76 0 0 0
cpu29 342726 0 236 64436 2 0 16 0 0 0
cpu30 341693 0 1128 64380 0 0 202 0 0 0
cpu31 342584 0 351 64446 1 0 28 0 0 0
cpu32 342387 0 895 64083 1 0 36 0 0 0
cpu33 342469 0 462 64450 1 0 28 0 0 0
cpu34 341970 2 988 64416 0 0 30 0 0 0
cpu35 342540 0 388 64454 0 0 29 0 0 0
cpu36 342971 0 661 63732 0 0 35 0 0 0
cpu37 342615 0 332 64441 5 0 16 0 0 0
cpu38 344092 0 564 62706 1 0 35 0 0 0
cpu39 342182 0 726 64415 1 0 86 0 0 0
cpu40 343192 0 704 63470 5 0 26 0 0 0
cpu41 342777 0 278 64322 1 0 18 0 0 0
cpu42 341973 0 1012 64269 0 0 152 0 0 0
cpu43 342834 0 182 64383 0 0 10 0 0 0
cpu44 342272 0 948 64170 0 0 18 0 0 0
cpu45 342768 0 284 64330 0 0 22 0 0 0
cpu46 341771 0 1507 63970 0 0 149 0 0 0
cpu47 342890 0 272 64217 2 0 18 0 0 0
cpu48 341946 0 1214 64188 0 0 57 0 0 0
cpu49 342703 0 460 64218 2 0 19 0 0 0
cpu50 341956 0 962 64407 0 0 78 0 0 0
cpu51 342805 0 254 64334 2 0 11 0 0 0
cpu52 342552 0 416 64399 0 0 41 0 0 0
cpu53 342754 0 263 64370 3 0 16 0 0 0
cpu54 342398 0 544 64413 1 0 42 0 0 0
cpu55 342630 0 336 64414 0 0 22 0 0 0
cpu56 342470 0 635 64282 0 0 12 0 0 0
cpu57 342786 0 183 64421 0 0 8 0 0 0
cpu58 342514 0 477 64374 0 0 34 0 0 0
cpu59 342402 1 486 64431 1 0 83 0 0 0
cpu60 342445 0 601 64315 0 0 20 0 0 0
cpu61 342763 0 194 64424 1 0 17 0 0 0
cpu62 341624 0 1154 64429 0 0 186 0 0 0
cpu63 342743 0 278 64361 7 0 6 0 0 0
intr 60738565 83 0 0 0 639 0 0 0 1 0 282 0 0 0 0 0 0 0 0 0 0 0 0 0 0 0 0 0 0 0 0 0 0 0 0 0 0 0 832 10625 1420 12799 4 7090 1250 8414 616 8711 11 1394 2 4695 245 3690 402 43033 19 3932 140 2072 175 6916 528 1177 30 3328 0 607 7 3235 2 9455 3 8833 110 7000 0 7882 90 2734 1 1188 40 1495 12 2168 391 8411 165 3136 2701 1865 1861 4656 0 822 121 2749 7 1591 47 1989 0 0 0 0 0 0 0 0 0 0 0 0 0 0 0 0 0 31181 93 0 0 0 0 0 0 0 0 0 0 0 0 0 0 0 0 0 0 0 0 0 0 0 0 0 0 0 0 0 0 0 0 0 0 0 0 0 0 0 0 0 0 0 0 0 0 0 0 0 0 0 0 0 0 0 0 0 0 0 0 0 0 0 0 0 0 0 0 0 0 0 0 0 0 0 15 0 0 0 0 0 0 0 0 0 0 0 0 0 0 0 0 0 0 0 0 0 0 0 0 0 0 0 0 0 0 0 0 0 0 0 0 0 0 0 0 0 0 0 0 0 0 0 0 0 0 0 0 0 0 0 0 0 0 0 0 0 0 0 0 0 0 0 0 0 0 0 0 0 0 0 0 0 0 0 0 0 0 0 0 0 0 0 0 0 0 0 0 0 0 0 0 0 0 0 0 0 0 0 0 0 0 0 0 0 0 0 0 0 0 0 0 0 0 0 0 0 0 0 0 0 0 0 0 0 0 0 0 0 0 0 0 0 0 0 0 0 0 0 0 0 0 0 0 0 0 0 0 0 0 0 0 0 0 0 0 0 0 0 0 0 0 0 0 0 0 0 0 0 0 0 0 0 0 0 0 0 0 0 0 0 0 0 0 0 0 0 0 0 0 0 0 0 0 0 0 0 0 0 0 0 0 0 0 0 0 0 0 0 0 0 0 0 0 0 0 0 0 0 0 0 0 0 0 0 0 0 0 0 0 0 0 0 0 0 0 0 0 0 0 0 0 0 0 0 0 0 0 0 0 0 0 0 0 0 0 0 0 0 0 0 0 0 0 0 0 0 0 0 0 0 0 0 0 0 0 0 0 0 0 0 0 0 0 0 0 0 0 0 0 0 0 0 0 0 0 0 0 0 0 0 0 0 0 0 0 0 0 0 0 0 0 0 0 0 0 0 0 0 0 0 0 0 0 0 0 0 0 0 0 0 0 0 0 0 0 0 0 0 0 0 0 0 0 0 0 0 0 0 0 0 0 0 0 0 0 0 0 0 0 0 0 0 0 0 0 0 0 0 0 0 0 0 0 0 0 0 0 0 0 0 0 0 0 0 0 0 0 0 0 0 0 0 0 0 0 0 0 0 0 0 0 0 0 0 0 0 0 0 0 0 0 0 0 0 0 0 0 0 0 0 0 0 0 0 0 0 0 0 0 0 0 0 0 0 0 0 0 0 0 0 0 0 0 0 0 0 0 0 0 0 0 0 0 0 0 0 0 0 0 0 0 0 0 0 0 0 0 0 0 0 0 0 0 0 0 0 0 0 0 0 0 0 0 0 0 0 0 0 0 0 0 0 0 0 0 0 0 0 0 0 0 0 0 0 0 0 0 0 0 0 0 0 0 0 0 0 0 0 0 0 0 0 0 0 0 0 0 0 0 0 0 0 0 0 0 0 0 0 0 0 0 0 0 0 0 0 0 0 0 0 0 0 0 0 0 0 0 0 0 0 0 0 0 0 0 0 0 0 0 0 0 0 0 0 0 0 0 0 0 0 0 0 0 0 0 0 0 0 0 0 0 0 0 0 0 0 0 0 0 0 0 0 0 0 0 0 0 0 0 0 0 0 0 0 0 0 0 0 0 0 0 0 0 0 0 0 0 0 0 0 0 0 0 0 0 0 0 0 0 0 0 0 0 0 0 0 0 0 0 0 0 0 0 0 0 0 0 0 0 0 0 0 0 0 0 0 0 0 0 0 0 0 0 0 0 0 0 0 0 0 0 0 0 0 0 0 0 0 0 0 0 0 0 0 0 0 0 0 0 0 0 0 0 0 0 0 0 0 0 0 0 0 0 0 0 0 0 0 0 0 0 0 0 0 0 0 0 0 0 0 0 0 0 0 0 0 0 0 0 0 0 0 0 0 0 0 0 0 0 0 0 0 0 0 0 0 0 0 0 0 0 0 0 0 0 0 0 0 0 0 0 0 0 0 0 0 0 0 0 0 0 0 0 0 0 0 0 0 0 0 0 0 0 0 0 0 0 0 0 0 0 0 0 0 0 0 0 0 0 0 0 0 0 0 0 0 0 0 0 0 0 0 0 0 0 0 0 0 0 0 0 0 0 0 0 0 0 0 0 0 0 0 0 0 0 0 0 0 0 0 0 0 0 0 0 0 0 0 0 0 0 0 0 0 0 0 0 0 0 0 0 0 0 0 0 0 0 0 0 0 0 0 0 0 0 0 0 0 0 0 0 0 0 0 0 0 0 0 0 0 0 0 0 0 0 0 0 0 0 0 0 0 0 0 0 0 0 0 0 0 0 0 0 0 0 0 0 0 0 0 0 0 0 0 0 0 0 0 0 0 0 0 0 0 0 0 0 0 0 0 0 0 0 0 0 0 0 0 0 0 0 0 0 0 0 0 0 0 0 0 0 0 0 0 0 0 0 0 0 0 0 0 0 0 0 0 0 0 0 0 0 0 0 0 0 0 0 0 0 0 0 0 0 0 0 0 0 0 0 0 0 0 0 0 0 0 0 0 0 0 0 0 0 0 0 0 0 0 0 0 0 0 0 0 0 0 0 0 0 0 0 0 0 0 0 0 0 0 0 0 0 0 0 0 0 0 0 0 0 0 0 0 0 0 0 0 0 0 0 0 0 0 0 0 0 0 0 0 0 0 0 0 0 0 0 0 0 0 0 0 0 0 0 0 0 0 0 0 0 0 0 0 0 0 0 0 0 0 0 0 0 0 0 0 0 0 0 0 0 0 0 0 0 0 0 0 0 0 0 0 0 0 0 0 0 0 0 0 0 0 0 0 0 0 0 0 0 0 0 0 0 0 0 0 0 0 0 0 0 0 0 0 0 0 0 0 0 0 0 0 0 0 0 0 0 0 0 0 0 0 0 0 0 0 0 0 0 0 0 0 0 0 0 0 0 0 0 0 0 0 0 0 0 0 0 0 0 0 0 0 0 0 0 0 0 0 0 0 0 0 0 0 0 0 0 0 0 0 0 0 0 0 0 0 0 0 0 0 0 0 0 0 0 0 0 0 0 0 0 0 0 0 0 0 0 0 0 0 0 0 0 0 0 0 0 0 0 0 0 0 0 0 0 0 0 0 0 0 0 0 0 0 0 0 0 0 0 0 0 0 0 0 0 0 0 0 0 0 0 0 0 0 0 0 0 0 0 0 0 0 0 0 0 0 0 0 0 0 0 0 0 0 0 0 0 0 0 0 0 0 0 0 0 0 0 0 0 0 0 0 0 0 0 0 0 0 0 0 0 0 0 0 0 0 0 0 0 0 0 0 0 0 0 0 0 0 0 0 0 0 0 0 0 0 0 0 0 0 0 0 0 0 0 0 0 0 0 0 0 0 0 0 0 0 0 0 0 0 0 0 0 0 0 0 0 0 0 0 0 0 0 0 0 0 0 0 0 0 0 0 0 0 0 0 0 0 0 0 0 0 0 0 0 0 0 0 0 0 0 0 0 0 0 0 0 0 0 0 0 0 0 0 0 0 0 0 0 0 0 0 0 0 0 0 0 0 0 0 0 0 0 0 0 0 0 0 0 0 0 0 0 0 0 0 0 0 0 0 0 0 0 0 0 0 0 0 0 0 0 0 0 0 0 0 0 0 0 0 0 0 0 0 0 0 0 0 0 0 0 0 0 0 0 0 0 0 0 0 0 0 0 0 0 0 0 0 0 0 0 0 0 0 0 0 0 0 0 0 0 0 0 0 0 0 0 0 0 0 0 0 0 0 0 0 0 0 0 0 0 0 0 0 0 0 0 0 0 0 0 0 0 0 0 0 0 0 0 0 0 0 0 0 0 0 0 0 0 0 0 0 0 0 0 0 0 0 0 0 0 0 0 0 0 0 0 0 0 0 0 0 0 0 0 0 0 0 0 0 0 0 0 0 0 0 0 0 0 0 0 0 0 0 0 0 0 0 0 0 0 0 0 0 0 0 0 0 0 0 0 0 0 0 0 0 0 0 0 0 0 0 0 0 0 0 0 0 0 0 0 0 0 0 0 0 0 0 0 0 0 0 0 0 0 0 0 0 0 0 0 0 0 0 0 0 0 0 0 0 0 0 0 0 0 0 0 0 0 0 0 0 0 0 0 0 0 0 0 0 0 0 0 0 0 0 0 0 0 0 0 0 0 0 0 0 0 0 0 0 0 0 0 0 0 0 0 0 0 0 0 0 0 0 0 0 0 0 0 0 0 0 0 0 0 0 0 0 0 0 0 0 0 0 0 0 0 0 0 0 0 0 0 0 0 0 0 0 0 0 0 0 0 0 0 0 0 0 0 0 0 0 0 0 0 0 0 0 0 0 0 0 0 0 0 0 0 0 0 0 0 0 0 0 0 0 0 0 0 0 0 0 0 0 0 0 0 0 0 0 0 0 0 0 0 0 0 0 0 0 0 0 0 0 0 0 0 0 0 0 0 0 0 0 0 0 0 0 0 0 0 0 0 0 0 0 0 0 0 0 0 0 0 0 0 0 0 0 0 0 0 0 0 0 0 0 0 0 0 0 0 0 0 0 0 0 0 0 0 0 0 0 0 0 0 0 0 0 0 0 0 0 0 0 0 0 0 0 0 0 0 0 0 0 0 0 0 0 0 0 0 0 0 0 0 0 0 0 0 0 0 0 0 0 0 0 0 0 0 0 0 0 0 0 0 0 0 0 0 0 0 0 0 0 0 0 0 0 0 0 0 0 0 0 0 0 0 0 0 0 0 0 0 0 0 0 0 0 0 0 0 0 0 0 0 0 0 0 0 0 0 0 0 0 0 0 0 0 0 0 0 0 0 0 0 0 0 0 0 0 0 0 0 0 0 0 0 0 0 0 0 0 0 0 0 0 0 0 0 0 0 0 0 0 0 0 0 0 0 0 0 0 0 0 0 0 0 0 0 0 0 0 0 0 0 0 0 0 0 0 0 0 0 0 0 0
ctxt 6836504
btime 1613123985
processes 141981
procs_running 1
procs_blocked 0
softirq 68523504 1 39881577 1054 1167776 0 0 143 2107051 0 25365902
