cpu  6486272 5 11436 37203384 534 0 460 0 0 0
cpu0 50679 0 340 289877 0 0 151 0 0 0
cpu1 50684 0 76 290664 8 0 9 0 0 0
cpu2 50626 0 73 290750 0 0 1 0 0 0
cpu3 50520 0 325 290551 1 0 24 0 0 0
cpu4 50678 0 55 290710 0 0 1 0 0 0
cpu5 50661 0 69 290717 0 0 0 0 0 0
cpu6 50677 0 51 290727 0 0 0 0 0 0
cpu7 50563 0 80 290805 0 0 1 0 0 0
cpu8 50699 0 70 290676 0 0 0 0 0 0
cpu9 50671 0 60 290721 0 0 0 0 0 0
cpu10 50666 0 60 290727 0 0 0 0 0 0
cpu11 50701 0 82 290667 0 0 2 0 0 0
cpu12 50698 0 127 290616 0 0 0 0 0 0
cpu13 50676 0 56 290720 0 0 0 0 0 0
cpu14 50551 0 52 290839 0 0 0 0 0 0
cpu15 50490 0 160 290782 0 0 11 0 0 0
cpu16 50675 0 145 290605 0 0 2 0 0 0
cpu17 50684 0 56 290708 0 0 0 0 0 0
cpu18 50677 0 48 290723 0 0 0 0 0 0
cpu19 50560 0 232 290494 0 0 20 0 0 0
cpu20 50700 0 155 290580 0 0 3 0 0 0
cpu21 50683 0 54 290710 0 0 0 0 0 0
cpu22 50675 0 53 290717 0 0 0 0 0 0
cpu23 50652 0 106 290677 0 0 2 0 0 0
cpu24 50779 0 244 290329 0 0 0 0 0 0
cpu25 50599 0 69 290776 0 0 4 0 0 0
cpu26 50677 0 49 290721 0 0 0 0 0 0
cpu27 50605 0 135 290694 0 0 10 0 0 0
cpu28 50822 0 234 290374 0 0 0 0 0 0
cpu29 50686 0 46 290712 0 0 0 0 0 0
cpu30 50672 0 52 290716 0 0 0 0 0 0
cpu31 50504 0 143 290767 0 0 14 0 0 0
cpu32 50699 0 94 290605 28 0 0 0 0 0
cpu33 50644 0 50 290746 0 0 0 0 0 0
cpu34 50207 0 95 291099 0 0 6 0 0 0
cpu35 50603 0 141 290687 8 0 6 0 0 0
cpu36 50857 0 206 290342 53 0 1 0 0 0
cpu37 50702 0 44 290694 0 0 0 0 0 0
cpu38 50526 0 70 290827 0 0 1 0 0 0
cpu39 50638 0 86 290716 0 0 1 0 0 0
cpu40 50748 0 122 290559 0 0 0 0 0 0
cpu41 50678 0 58 290708 0 0 0 0 0 0
cpu42 50668 0 56 290715 0 0 0 0 0 0
cpu43 51079 0 164 290197 1 0 1 0 0 0
cpu44 50677 0 73 290683 0 0 2 0 0 0
cpu45 50606 0 71 290751 2 0 3 0 0 0
cpu46 50677 0 52 290704 0 0 0 0 0 0
cpu47 50636 0 93 290706 0 0 0 0 0 0
cpu48 50683 0 66 290679 1 0 2 0 0 0
cpu49 50532 0 56 290845 0 0 0 0 0 0
cpu50 50672 0 51 290696 0 0 0 0 0 0
cpu51 50711 0 107 290535 70 0 0 0 0 0
cpu52 50693 0 48 290693 0 0 0 0 0 0
cpu53 50675 0 55 290706 0 0 0 0 0 0
cpu54 50643 0 66 290723 1 0 0 0 0 0
cpu55 50674 0 71 290682 2 0 1 0 0 0
cpu56 50680 0 50 290701 0 0 0 0 0 0
cpu57 50680 0 47 290708 1 0 0 0 0 0
cpu58 50664 0 56 290695 0 0 1 0 0 0
cpu59 50945 0 103 290359 19 0 0 0 0 0
cpu60 50698 0 52 290682 0 0 0 0 0 0
cpu61 50593 0 63 290784 0 0 1 0 0 0
cpu62 50662 0 58 290634 0 0 14 0 0 0
cpu63 50517 0 134 290751 0 0 15 0 0 0
cpu64 50672 0 51 290707 1 0 0 0 0 0
cpu65 50662 0 53 290714 0 0 1 0 0 0
cpu66 50564 0 60 290790 0 0 2 0 0 0
cpu67 50622 0 177 290612 0 0 10 0 0 0
cpu68 50681 0 51 290692 0 0 0 0 0 0
cpu69 50646 0 70 290715 0 0 0 0 0 0
cpu70 50659 0 60 290710 0 0 0 0 0 0
cpu71 50640 0 55 290734 0 0 0 0 0 0
cpu72 50683 0 70 290676 0 0 0 0 0 0
cpu73 50670 0 50 290702 0 0 1 0 0 0
cpu74 50659 0 52 290715 0 0 0 0 0 0
cpu75 50606 0 132 290680 0 0 4 0 0 0
cpu76 50662 0 73 290679 0 0 0 0 0 0
cpu77 50686 0 47 290696 0 0 0 0 0 0
cpu78 50666 0 54 290709 0 0 0 0 0 0
cpu79 50560 0 143 290695 0 0 8 0 0 0
cpu80 50704 0 116 290593 0 0 0 0 0 0
cpu81 50687 0 46 290685 2 0 0 0 0 0
cpu82 50676 0 46 290701 0 0 0 0 0 0
cpu83 50486 0 172 290725 0 0 22 0 0 0
cpu84 50802 0 93 290504 2 0 0 0 0 0
cpu85 50678 0 46 290702 0 0 0 0 0 0
cpu86 50671 0 49 290702 0 0 0 0 0 0
cpu87 50515 0 214 290663 0 0 30 0 0 0
cpu88 50841 0 141 290429 1 0 0 0 0 0
cpu89 50683 0 44 290692 2 0 0 0 0 0
cpu90 50656 0 50 290714 0 0 0 0 0 0
cpu91 50682 0 53 290676 0 0 0 0 0 0
cpu92 50791 0 239 290377 20 0 0 0 0 0
cpu93 50679 0 52 290690 0 0 0 0 0 0
cpu94 50661 0 47 290711 0 0 2 0 0 0
cpu95 50678 0 74 290651 4 0 0 0 0 0
cpu96 50748 0 104 290580 0 0 0 0 0 0
cpu97 50444 0 84 290905 0 0 6 0 0 0
cpu98 50672 0 51 290697 0 0 0 0 0 0
cpu99 50600 0 86 290711 1 0 5 0 0 0
cpu100 50805 0 114 290476 20 0 0 0 0 0
cpu101 50679 0 49 290688 0 0 0 0 0 0
cpu102 50671 0 43 290700 0 0 0 0 0 0
cpu103 51114 1 123 290176 0 0 0 0 0 0
cpu104 50753 0 78 290581 4 0 0 0 0 0
cpu105 50677 0 44 290696 0 0 0 0 0 0
cpu106 50675 0 41 290701 0 0 0 0 0 0
cpu107 51078 0 335 289863 101 0 17 0 0 0
cpu108 50698 0 82 290623 7 0 0 0 0 0
cpu109 50680 0 46 290685 0 0 0 0 0 0
cpu110 50578 0 82 290739 0 0 8 0 0 0
cpu111 50737 0 74 290571 26 0 0 0 0 0
cpu112 50695 0 58 290666 2 0 0 0 0 0
cpu113 50673 0 55 290673 0 0 0 0 0 0
cpu114 50675 0 48 290686 0 0 0 0 0 0
cpu115 50834 0 152 290318 91 0 4 0 0 0
cpu116 50684 0 54 290669 1 0 0 0 0 0
cpu117 50686 0 58 290650 0 0 0 0 0 0
cpu118 50369 0 86 290932 0 0 2 0 0 0
cpu119 50784 2 80 290544 2 0 0 0 0 0
cpu120 50694 0 76 290628 11 0 0 0 0 0
cpu121 50684 0 52 290670 0 0 0 0 0 0
cpu122 50674 0 46 290690 0 0 0 0 0 0
cpu123 50877 0 134 290376 2 0 0 0 0 0
cpu124 50699 0 58 290611 0 0 0 0 0 0
cpu125 50683 0 53 290666 1 0 0 0 0 0
cpu126 50673 0 46 290687 0 0 0 0 0 0
cpu127 50744 0 99 290556 2 0 3 0 0 0
intr 20309487 130 0 0 0 682 0 0 0 1 0 283 0 0 0 0 0 0 0 0 0 0 0 0 0 0 0 0 0 0 0 0 0 0 0 0 260 0 203 0 13 5602 572 0 8 778 7 0 2 2 0 5 2 3087 0 0 0 2542 56 0 358 2307 2 480 2 2181 9 139 233 1627 3 66 3 4047 923 175 2 565 93 0 0 516 1651 0 0 0 6 5 0 39 0 0 2 434 0 5 2 109 5 0 38151 7024 20 0 152 6506 0 1 0 9 0 0 0 1274 0 0 0 3761 0 0 0 4502 0 0 0 4887 0 0 0 9 57 0 235 539 0 0 0 2136 0 0 0 452 0 0 0 1991 0 0 14 11 0 0 0 4198 2 0 0 0 0 0 0 0 0 0 0 0 0 159 397 2 231 26 282 157 180 649 1793 3013 116 36 68 2 11 7 30 586 153 495 171 34 368 14 75 17 45 42 95 5 162 10 7 0 0 0 0 0 0 0 0 0 0 0 0 0 0 0 0 5 51 393 0 1 34 11 1 0 14 2 3 17 15 24 158 3 1 4 1 2 29 0 4 0 4 33 0 28 5 48 0 0 0 3 0 44 4 0 135 21 21 92 114 295 70 196 388 33 199 88 1228 1544 330 1 60 25 9953 2812 3655 353 99 270 0 0 0 0 0 0 0 0 0 0 0 0 0 0 0 0 0 0 0 0 0 0 0 0 0 0 0 0 0 0 0 0 0 0 0 0 0 0 0 0 0 0 0 0 0 0 0 0 0 0 0 0 0 0 0 0 0 0 0 0 0 0 0 0 0 0 0 0 0 0 0 0 0 0 0 0 0 0 0 0 0 0 0 0 0 0 0 0 0 0 0 0 0 0 0 0 0 0 0 0 0 0 0 0 0 0 0 0 0 0 0 0 0 0 0 0 0 0 0 0 0 0 0 0 0 0 0 0 0 0 0 0 0 0 0 0 0 0 0 0 0 0 0 0 0 0 0 0 0 0 0 0 0 0 0 0 0 0 0 0 0 0 0 0 0 0 0 0 0 0 0 0 0 0 0 0 0 0 0 0 0 0 0 0 0 0 0 0 0 0 0 0 0 0 0 0 0 0 0 0 0 0 0 0 0 0 0 0 0 0 0 0 0 0 0 0 0 0 0 0 0 0 0 0 0 0 0 0 0 0 0 0 0 0 0 0 0 0 0 0 0 0 0 0 0 0 0 0 0 0 0 0 0 0 0 0 0 0 0 0 0 0 0 0 0 0 0 0 0 0 0 0 0 0 0 0 0 0 0 0 0 0 0 0 0 0 0 0 0 0 0 0 0 0 0 0 0 0 0 0 0 0 0 0 0 0 0 0 0 0 0 0 0 0 0 0 0 0 0 0 0 0 0 0 0 0 0 0 0 0 0 0 0 0 0 0 0 0 0 0 0 0 0 0 0 0 0 0 0 0 0 0 0 0 0 0 0 0 0 0 0 0 0 0 0 0 0 0 0 0 0 0 0 0 0 0 0 0 0 0 0 0 0 0 0 0 0 0 0 0 0 0 0 0 0 0 0 0 0 0 0 0 0 0 0 0 0 0 0 0 0 0 0 0 0 0 0 0 0 0 0 0 3 0 0 0 0 0 0 0 0 0 0 0 0 0 0 0 0 0 0 0 0 0 0 0 0 0 0 0 0 0 0 0 0 0 0 0 0 0 0 0 0 0 0 0 0 0 0 0 0 0 0 0 0 0 0 0 0 0 0 0 0 0 0 49 0 0 0 0 0 0 0 0 0 0 0 0 0 0 0 0 0 0 0 0 0 0 0 0 0 49 0 0 0 0 0 18 0 0 0 0 0 0 0 0 0 0 0 0 0 0 0 0 0 0 0 0 0 0 0 0 0 0 0 0 0 0 0 0 0 0 0 0 0 0 0 0 0 0 0 0 0 0 0 0 0 0 0 0 0 0 0 0 0 0 0 0 0 0 0 0 0 0 0 0 0 0 0 0 0 0 0 0 0 0 0 0 0 0 0 0 0 0 0 0 0 0 0 0 0 0 0 0 0 0 0 0 0 0 0 0 0 0 0 0 0 0 0 0 0 0 0 0 0 0 0 0 0 0 0 0 0 0 0 0 0 0 0 0 0 0 0 0 0 0 0 0 0 0 0 0 0 0 0 0 0 0 0 0 0 0 0 0 0 0 0 0 0 0 0 0 0 0 0 0 0 0 0 0 0 0 0 0 0 0 0 0 0 0 0 0 0 0 0 0 0 0 0 0 0 0 0 0 0 0 0 0 0 0 0 0 0 0 0 0 0 0 0 0 0 0 0 0 0 0 0 0 0 0 0 0 0 0 0 0 0 0 0 0 0 0 0 0 0 0 0 0 0 0 0 0 0 0 0 0 0 0 0 0 0 0 0 0 0 0 0 0 0 0 0 0 0 0 0 0 0 0 0 0 0 0 0 0 0 0 0 0 0 0 0 0 0 0 0 0 0 0 0 0 0 0 0 0 0 0 0 0 0 0 0 0 0 0 0 0 0 0 0 0 0 0 0 0 0 0 0 0 0 0 0 0 0 0 0 0 0 0 0 0 0 0 0 0 0 0 0 0 0 0 0 0 0 0 0 0 0 0 0 0 0 0 0 0 0 0 0 0 0 0 0 0 0 0 0 0 0 0 0 0 0 0 0 0 0 0 0 0 0 0 0 0 0 0 0 0 0 0 0 0 0 0 0 0 0 0 0 0 0 0 0 0 0 0 0 0 0 0 0 0 0 0 0 0 0 0 0 0 0 0 0 0 0 0 0 0 0 0 0 0 0 0 0 0 0 0 0 0 0 0 0 0 0 0 0 0 0 0 0 0 0 0 0 0 0 0 0 0 0 0 0 0 0 0 0 0 0 0 0 0 0 0 0 0 0 0 0 0 0 0 0 0 0 0 0 0 0 0 0 0 0 0 0 0 0 0 0 0 0 0 0 0 0 0 0 0 0 0 0 0 0 0 0 0 0 0 0 0 0 0 0 0 0 0 0 0 0 0 0 0 0 0 0 0 0 0 0 0 0 0 0 0 0 0 0 0 0 0 0 0 0 0 0 0 0 0 0 0 0 0 0 0 0 0 0 0 0 0 0 0 0 0 0 0 0 0 0 0 0 0 0 0 0 0 0 0 0 0 0 0 0 0 0 0 0 0 0 0 0 0 0 0 0 0 0 0 0 0 0 0 0 0 0 0 0 0 0 0 0 0 0 0 0 0 0 0 0 0 0 0 0 0 0 0 0 0 0 0 0 0 0 0 0 0 0 0 0 0 0 0 0 0 0 0 0 0 0 0 0 0 0 0 0 0 0 0 0 0 0 0 0 0 0 0 0 0 0 0 0 0 0 0 0 0 0 0 0 0 0 0 0 0 0 0 0 0 0 0 0 0 0 0 0 0 0 0 0 0 0 0 0 0 0 0 0 0 0 0 0 0 0 0 0 0 0 0 0 0 0 0 0 0 0 0 0 0 0 0 0 0 0 0 0 0 0 0 0 0 0 0 0 0 0 0 0 0 0 0 0 0 0 0 0 0 0 0 0 0 0 0 0 0 0 0 0 0 0 0 0 0 0 0 0 0 0 0 0 0 0 0 0 0 0 0 0 0 0 0 0 0 0 0 0 0 0 0 0 0 0 0 0 0 0 0 0 0 0 0 0 0 0 0 0 0 0 0 0 0 0 0 0 0 0 0 0 0 0 0 0 0 0 0 0 0 0 0 0 0 0 0 0 0 0 0 0 0 0 0 0 0 0 0 0 0 0 0 0 0 0 0 0 0 0 0 0 0 0 0 0 0 0 0 0 0 0 0 0 0 0 0 0 0 0 0 0 0 0 0 0 0 0 0 0 0 0 0 0 0 0 0 0 0 0 0 0 0 0 0 0 0 0 0 0 0 0 0 0 0 0 0 0 0 0 0 0 0 0 0 0 0 0 0 0 0 0 0 0 0 0 0 0 0 0 0 0 0 0 0 0 0 0 0 0 0 0 0 0 0 0 0 0 0 0 0 0 0 0 0 0 0 0 0 0 0 0 0 0 0 0 0 0 0 0 0 0 0 0 0 0 0 0 0 0 0 0 0 0 0 0 0 0 0 0 0 0 0 0 0 0 0 0 0 0 0 0 0 0 0 0 0 0 0 0 0 0 0 0 0 0 0 0 0 0 0 0 0 0 0 0 0 0 0 0 0 0 0 0 0 0 0 0 0 0 0 0 0 0 0 0 0 0 0 0 0 0 0 0 0 0 0 0 0 0 0 0 0 0 0 0 0 0 0 0 0 0 0 0 0 0 0 0 0 0 0 0 0 0 0 0 0 0 0 0 0 0 0 0 0 0 0 0 0 0 0 0 0 0 0 0 0 0 0 0 0 0 0 0 0 0 0 0 0 0 0 0 0 0 0 0 0 0 0 0 0 0 0 0 0 0 0 0 0 0 0 0 0 0 0 0 0 0 0 0 0 0 0 0 0 0 0 0 0 0 0 0 0 0 0 0 0 0 0 0 0 0 0 0 0 0 0 0 0 0 0 0 0 0 0 0 0 0 0 0 0 0 0 0 0 0 0 0 0 0 0 0 0 0 0 0 0 0 0 0 0 0 0 0 0 0 0 0 0 0 0 0 0 0 0 0 0 0 0 0 0 0 0 0 0 0 0 0 0 0 0 0 0 0 0 0 0 0 0 0 0 0 0 0 0 0 0 0 0 0 0 0 0 0 0 0 0 0 0 0 0 0 0 0 0 0 0 0 0 0 0 0 0 0 0 0 0 0 0 0 0 0 0 0 0 0 0 0 0 0 0 0 0 0 0 0 0 0 0 0 0 0 0 0 0 0 0 0 0 0 0 0 0 0 0 0 0 0 0 0 0 0 0 0 0 0 0 0 0 0 0 0 0 0 0 0 0 0 0 0 0 0 0 0 0 0 0 0 0 0 0 0 0 0 0 0 0 0 0 0 0 0 0 0 0 0 0 0 0 0 0 0 0 0 0 0 0 0 0 0 0 0 0 0 0 0 0 0 0 0 0 0 0 0 0 0 0 0 0 0 0 0 0 0 0 0 0 0 0 0 0 0 0 0 0 0 0 0 0 0 0 0 0 0 0 0 0 0 0 0 0 0 0 0 0 0 0 0 0 0 0 0 0 0 0 0 0 0 0 0 0 0 0 0 0 0 0 0 0 0 0 0 0 0 0 0 0 0 0 0 0 0 0 0 0 0 0 0 0 0 0 0 0 0 0 0 0 0 0 0 0 0 0 0 0 0 0 0 0 0 0 0 0 0 0 0 0 0 0 0 0 0 0 0 0 0 0 0 0 0 0 0 0 0 0 0 0 0 0 0 0 0 0 0 0 0 0 0 0 0 0 0 0 0 0 0 0 0 0 0 0 0 0 0 0 0 0 0 0 0 0 0 0 0 0 0 0 0 0 0 0 0 0 0 0 0 0 0 0 0 0 0 0 0 0 0 0 0 0 0 0 0 0 0 0 0 0 0 0 0 0 0 0 0 0 0 0 0 0 0 0 0 0 0 0 0 0 0 0 0 0 0 0 0 0 0 0 0 0 0 0 0 0 0 0 0 0 0 0 0 0 0 0 0 0 0 0 0 0 0 0 0 0 0 0 0 0 0 0 0 0 0 0 0 0 0 0 0 0 0 0 0 0 0 0 0 0 0 0 0 0 0 0 0 0 0 0 0 0 0 0 0 0 0 0 0 0 0 0 0 0 0 0 0 0 0 0 0 0 0 0 0 0 0 0 0 0 0 0 0 0 0 0 0 0 0 0 0 0 0 0 0 0 0 0 0 0 0 0 0 0 0 0 0 0 0 0 0 0 0 0 0 0 0 0 0 0 0 0 0 0 0 0 0 0 0 0 0 0 0 0 0 0 0 0 0 0 0 0 0 0 0 0 0 0 0 0 0 0 0 0 0 0 0 0 0 0 0 0 0 0 0 0 0 0 0 0 0 0 0 0 0 0 0 0 0 0 0 0 0 0 0 0 0 0 0 0 0 0 0 0 0 0 0 0 0 0 0 0 0 0 0 0 0 0 0 0 0 0 0 0 0 0 0 0 0 0 0 0 0 0 0 0 0 0 0 0 0 0 0 0 0 0 0 0 0 0 0 0 0 0 0 0 0 0 0 0 0 0 0 0 0 0 0 0 0 0 0 0 0 0 0 0 0 0 0 0 0 0 0 0 0 0 0 0 0 0 0 0 0 0 0 0 0 0 0 0 0 0 0 0 0 0 0 0 0 0 0 0 0 0 0 0 0 0 0 0 0 0 0 0 0 0 0 0 0 0 0 0 0 0 0 0 0 0 0 0 0 0 0 0 0 0 0 0 0 0 0 0 0 0 0 0 0 0 0 0 0 0 0 0 0 0 0 0 0 0 0 0 0 0 0 0 0 0 0 0 0 0 0 0 0 0 0 0 0 0 0 0 0 0 0 0 0 0 0 0 0 0 0 0 0 0 0 0 0 0 0 0 0 0 0 0 0 0 0 0 0 0 0 0 0 0 0 0 0 0 0 0 0 0 0 0 0 0 0 0 0 0 0 0 0 0 0 0 0 0 0 0 0 0 0 0 0 0 0 0 0 0 0 0 0 0 0 0 0 0 0 0 0 0 0 0 0 0 0 0 0 0 0 0 0 0 0 0 0 0 0 0 0 0 0 0 0 0 0 0 0 0 0 0 0 0 0 0 0 0 0 0 0 0 0 0 0 0 0 0 0 0 0 0 0 0 0 0 0 0 0 0 0 0 0 0 0 0 0 0 0 0 0 0 0 0 0 0 0 0 0 0 0 0 0 0 0 0 0 0 0 0 0 0 0 0 0 0 0 0 0 0 0 0 0 0 0 0 0 0 0 0 0 0 0 0 0 0 0 0 0 0 0 0 0 0 0 0 0 0 0 0 0 0 0 0 0 0 0 0 0 0 0 0 0 0 0 0 0 0 0 0 0 0 0 0 0 0 0 0 0 0 0 0 0 0 0 0 0 0 0 0 0 0 0 0 0 0 0 0 0 0 0 0 0 0 0 0 0 0 0 0 0 0 0 0 0 0 0 0 0 0 0 0 0 0 0 0 0 0 0 0 0 0 0 0 0 0 0 0 0 0 0 0 0 0 0 0 0 0 0 0 0 0 0 0 0 0 0 0 0 0 0 0 0 0 0 0 0 0 0 0 0 0 0 0 0 0 0 0 0 0 0 0 0 0 0 0 0 0 0 0 0 0 0 0 0 0 0 0 0 0 0 0 0 0 0 0 0 0 0 0 0 0 0 0 0 0 0 0 0 0 0 0 0 0 0 0 0 0 0 0 0 0 0 0 0 0 0 0 0 0 0 0 0 0 0 0 0 0 0 0 0 0 0 0 0 0 0 0 0 0 0 0 0 0 0 0 0 0 0 0 0 0 0 0 0 0 0 0 0 0 0 0 0 0 0 0 0 0 0 0 0 0 0 0 0 0 0 0 0 0 0 0 0 0 0 0 0 0 0 0 0 0 0 0 0 0 0 0 0 0 0 0 0 0 0 0 0 0 0 0 0 0 0 0 0 0 0 0 0 0 0 0 0 0 0 0 0 0 0 0 0 0 0 0 0 0 0 0 0 0 0 0 0 0 0 0 0 0 0 0 0 0 0 0 0 0 0 0 0 0 0 0 0 0 0 0 0 0 0 0 0 0 0 0 0 0 0 0 0 0 0 0 0 0 0 0 0 0 0 0 0 0 0 0 0 0 0 0 0 0 0 0 0 0 0 0 0 0 0 0 0 0 0 0 0 0 0 0 0 0 0 0 0 0 0 0 0 0 0 0 0 0 0 0 0 0 0 0 0 0 0 0 0 0 0 0 0 0 0 0 0 0 0 0 0 0 0 0 0 0 0 0 0 0 0 0 0 0 0 0 0 0 0 0 0 0 0 0 0 0 0 0 0 0 0 0 0 0 0 0 0 0 0 0 0 0 0 0 0 0 0 0 0 0 0 0 0 0 0 0 0 0 0 0 0 0 0 0 0 0 0 0 0 0 0 0 0 0 0 0 0 0 0 0 0 0 0 0 0 0 0 0 0 0 0 0 0 0 0 0 0 0 0 0 0 0 0 0 0 0 0 0 0 0 0 0 0 0 0 0 0 0 0 0 0 0 0 0 0 0 0 0 0 0 0 0 0 0 0 0 0 0 0 0 0 0 0 0 0 0 0 0 0 0 0 0 0 0 0 0 0 0 0 0 0 0 0 0 0 0 0 0 0 0 0 0 0 0 0 0 0 0 0 0 0 0 0 0 0 0 0 0 0 0 0 0 0 0 0 0 0 0 0 0 0 0 0 0 0 0 0 0 0 0 0 0 0 0 0 0 0 0 0 0 0 0 0 0 0 0 0 0 0 0 0 0 0 0 0 0 0 0 0 0 0 0 0 0 0 0 0 0 0 0 0 0 0 0 0 0 0 0 0 0 0 0 0 0 0 0 0 0 0 0 0 0 0 0 0 0 0 0 0 0 0 0 0 0 0 0 0 0 0 0 0 0 0 0 0 0 0 0 0 0 0 0 0 0 0 0 0 0 0 0 0 0 0 0 0 0 0 0 0 0 0 0 0 0 0 0 0 0 0 0 0 0 0 0 0 0 0 0 0 0 0 0 0 0 0 0 0 0 0 0 0 0 0 0 0 0 0 0 0 0 0 0 0 0 0 0 0 0 0 0 0 0 0 0 0 0 0 0 0 0 0 0 0 0 0 0 0 0 0 0 0 0 0 0 0 0 0 0 0 0 0 0 0 0 0 0 0 0 0 0 0 0 0 0 0 0 0 0 0 0 0 0 0 0 0 0 0 0 0 0 0 0 0 0 0 0 0 0 0 0 0 0 0 0 0 0 0 0 0 0 0 0 0 0 0 0 0 0 0 0 0 0 0 0 0 0 0 0 0 0 0 0 0 0 0 0 0 0 0 0 0 0 0 0 0 0 0 0 0 0 0 0 0 0 0 0 0 0 0 0 0 0 0 0 0 0 0 0 0 0 0 0 0 0 0 0 0 0 0 0 0 0 0 0 0 0 0 0 0 0 0 0 0 0 0 0 0 0 0 0 0 0 0 0 0 0 0 0 0 0 0 0 0 0 0 0 0 0 0 0 0 0 0 0 0 0 0 0 0 0 0 0 0 0 0 0 0 0 0 0 0 0 0 0 0 0 0 0 0 0 0 0 0 0 0 0 0 0 0 0 0 0 0 0 0 0 0 0 0 0 0 0 0 0 0 0 0 0 0 0 0 0 0 0 0 0 0 0 0 0 0 0 0 0 0 0 0 0 0 0 0 0 0 0 0 0 0 0 0 0 0 0 0 0 0 0 0 0 0 0 0 0 0 0 0 0 0 0 0 0 0 0 0 0 0 0 0 0 0 0 0 0 0 0 0 0 0 0 0 0 0 0 0 0 0 0 0 0 0 0 0 0 0 0 0 0 0 0 0 0 0 0 0 0 0 0 0 0 0 0 0 0 0 0 0 0 0 0 0 0 0 0 0 0 0 0 0 0 0 0 0 0 0 0 0 0 0 0 0 0 0 0 0 0 0 0 0 0 0 0 0 0 0 0 0 0 0 0 0 0 0 0 0 0 0 0 0 0 0 0 0 0 0 0 0 0 0 0 0 0 0 0 0 0 0 0 0 0 0 0 0 0 0 0 0 0 0 0 0 0 0 0 0 0 0 0 0 0 0 0 0 0 0 0 0 0 0 0 0 0 0 0 0 0 0 0 0 0 0 0 0 0 0 0 0 0 0 0 0 0 0 0 0 0 0 0 0 0 0 0 0 0 0 0 0 0 0 0 0 0 0 0 0 0 0 0 0 0 0 0 0 0 0 0 0 0 0 0 0 0 0 0 0 0 0 0 0 0 0 0 0 0 0 0 0 0 0 0 0 0 0 0 0 0 0 0 0 0 0 0 0 0 0 0 0 0 0 0 0 0 0 0 0 0 0 0 0 0 0 0 0 0 0 0 0 0 0 0 0 0 0 0 0 0 0
ctxt 2916561
btime 1613064757
processes 69366
procs_running 1
procs_blocked 0
softirq 22221932 1 13134925 1257 560576 0 0 165 900146 0 7624862
