cpu  79460071 5 97358 27277973 446 0 7788 0 0 0
cpu0 615723 0 5976 212099 3 0 620 0 0 0
cpu1 620990 0 425 213206 0 0 61 0 0 0
cpu2 621304 0 376 213033 17 0 17 0 0 0
cpu3 619528 0 786 214324 3 0 58 0 0 0
cpu4 618218 0 3615 212538 0 0 280 0 0 0
cpu5 621112 0 260 213370 7 0 10 0 0 0
cpu6 621318 0 286 213134 0 0 21 0 0 0
cpu7 620694 0 249 213774 0 0 21 0 0 0
cpu8 618485 0 3051 212808 10 0 359 0 0 0
cpu9 621166 0 158 213422 0 0 3 0 0 0
cpu10 621362 0 132 213252 0 0 2 0 0 0
cpu11 621080 0 216 213426 0 0 14 0 0 0
cpu12 620136 0 2580 211761 1 0 212 0 0 0
cpu13 621226 0 131 213392 0 0 2 0 0 0
cpu14 621411 0 134 213206 1 0 4 0 0 0
cpu15 620983 0 447 213289 0 0 38 0 0 0
cpu16 619780 0 2708 211900 1 0 331 0 0 0
cpu17 621314 0 112 213324 1 0 0 0 0 0
cpu18 621265 0 144 213322 0 0 4 0 0 0
cpu19 621095 0 262 213360 1 0 17 0 0 0
cpu20 621254 0 2571 210634 0 0 233 0 0 0
cpu21 621105 0 169 213263 1 0 168 0 0 0
cpu22 621282 0 162 213297 0 0 5 0 0 0
cpu23 621213 0 156 213371 0 0 3 0 0 0
cpu24 619562 0 2740 212043 0 0 282 0 0 0
cpu25 621310 0 144 213297 0 0 1 0 0 0
cpu26 621367 0 146 213224 0 0 2 0 0 0
cpu27 621038 0 184 213511 0 0 9 0 0 0
cpu28 619298 1 2080 213116 0 0 199 0 0 0
cpu29 621165 0 282 213277 0 0 20 0 0 0
cpu30 621381 0 154 213206 1 0 0 0 0 0
cpu31 621268 0 132 213342 0 0 3 0 0 0
cpu32 618898 0 2756 212802 1 0 234 0 0 0
cpu33 621178 0 192 213375 0 0 3 0 0 0
cpu34 621509 0 181 213046 0 0 6 0 0 0
cpu35 621120 0 258 213335 0 0 28 0 0 0
cpu36 618312 0 3800 212276 4 0 305 0 0 0
cpu37 621167 0 211 213362 1 0 3 0 0 0
cpu38 621512 0 130 213102 1 0 1 0 0 0
cpu39 621097 0 152 213488 0 0 5 0 0 0
cpu40 619000 0 2925 212489 2 0 272 0 0 0
cpu41 621052 0 186 213495 0 0 8 0 0 0
cpu42 621433 0 129 213174 0 0 4 0 0 0
cpu43 621114 0 202 213401 0 0 18 0 0 0
cpu44 618095 0 3593 212694 5 0 304 0 0 0
cpu45 621189 0 168 213377 0 0 5 0 0 0
cpu46 621074 0 150 213500 1 0 4 0 0 0
cpu47 621184 0 167 213374 2 0 6 0 0 0
cpu48 618998 0 2395 213061 0 0 225 0 0 0
cpu49 620735 0 390 213542 1 0 70 0 0 0
cpu50 621522 0 112 213103 1 0 2 0 0 0
cpu51 621262 0 158 213311 1 0 2 0 0 0
cpu52 619344 0 2558 212584 1 0 196 0 0 0
cpu53 621360 0 110 213252 9 0 0 0 0 0
cpu54 621362 0 112 213256 1 0 2 0 0 0
cpu55 621189 0 184 213348 1 0 14 0 0 0
cpu56 619013 0 2413 213072 1 0 192 0 0 0
cpu57 621315 0 151 213275 0 0 3 0 0 0
cpu58 621219 0 327 213148 1 0 36 0 0 0
cpu59 620967 0 424 213303 0 0 34 0 0 0
cpu60 619544 0 2263 212701 1 0 185 0 0 0
cpu61 621221 0 180 213332 0 0 2 0 0 0
cpu62 621009 0 126 213585 0 0 6 0 0 0
cpu63 620612 0 501 213546 0 0 50 0 0 0
cpu64 619364 0 2678 212450 20 0 158 0 0 0
cpu65 620614 0 504 213529 5 0 70 0 0 0
cpu66 620882 0 173 213635 1 0 5 0 0 0
cpu67 620702 0 599 213368 2 0 52 0 0 0
cpu68 619854 2 1944 212756 24 0 113 0 0 0
cpu69 621250 0 139 213335 0 0 2 0 0 0
cpu70 621306 0 145 213275 0 0 5 0 0 0
cpu71 620679 0 430 213565 1 0 50 0 0 0
cpu72 621044 0 1838 211326 165 0 302 0 0 0
cpu73 621126 0 182 213409 1 0 10 0 0 0
cpu74 621390 0 128 213212 0 0 0 0 0 0
cpu75 621063 0 169 213473 4 0 2 0 0 0
cpu76 622293 0 1570 210753 1 0 82 0 0 0
cpu77 621309 0 112 213311 0 0 1 0 0 0
cpu78 621334 0 113 213283 0 0 0 0 0 0
cpu79 620828 0 482 213361 1 0 50 0 0 0
cpu80 620362 0 1588 212587 8 0 118 0 0 0
cpu81 621317 0 134 213282 2 0 3 0 0 0
cpu82 621473 0 109 213143 0 0 2 0 0 0
cpu83 621241 0 166 213310 0 0 6 0 0 0
cpu84 619844 0 1593 213131 1 0 112 0 0 0
cpu85 621166 0 116 213441 0 0 0 0 0 0
cpu86 621216 0 101 213402 0 0 2 0 0 0
cpu87 621093 0 176 213429 0 0 10 0 0 0
cpu88 620290 0 1398 212907 0 0 98 0 0 0
cpu89 620953 0 168 213587 1 0 9 0 0 0
cpu90 621496 0 131 213098 0 0 0 0 0 0
cpu91 621285 0 139 213295 0 0 5 0 0 0
cpu92 620594 0 1446 212569 0 0 94 0 0 0
cpu93 621306 0 142 213263 4 0 0 0 0 0
cpu94 621520 0 138 213056 0 0 2 0 0 0
cpu95 621252 0 132 213326 3 0 4 0 0 0
cpu96 620325 0 1646 212648 1 0 87 0 0 0
cpu97 621315 0 178 213222 0 0 2 0 0 0
cpu98 621288 0 127 213298 0 0 2 0 0 0
cpu99 621018 0 253 213410 3 0 28 0 0 0
cpu100 619441 0 2296 212785 1 0 159 0 0 0
cpu101 621282 0 142 213298 0 0 1 0 0 0
cpu102 621452 0 122 213141 2 0 1 0 0 0
cpu103 621280 0 141 213288 0 0 2 0 0 0
cpu104 618415 0 3447 212507 0 0 283 0 0 0
cpu105 621332 0 128 213258 0 0 0 0 0 0
cpu106 621142 0 138 213431 2 0 0 0 0 0
cpu107 621174 0 234 213278 0 0 24 0 0 0
cpu108 619868 0 1771 212902 35 0 100 0 0 0
cpu109 621274 0 161 213274 0 0 3 0 0 0
cpu110 621490 0 141 213061 11 0 2 0 0 0
cpu111 621143 0 136 213431 0 0 4 0 0 0
cpu112 620266 0 1452 212882 4 0 87 0 0 0
cpu113 621289 0 171 213212 1 0 3 0 0 0
cpu114 621406 0 106 213197 1 0 0 0 0 0
cpu115 621229 0 142 213322 0 0 4 0 0 0
cpu116 620506 0 1509 212566 2 0 102 0 0 0
cpu117 621204 0 199 213296 0 0 2 0 0 0
cpu118 621630 0 98 212985 0 0 0 0 0 0
cpu119 621059 0 206 213428 0 0 8 0 0 0
cpu120 620009 0 1728 212863 4 0 85 0 0 0
cpu121 621271 0 141 213295 0 0 6 0 0 0
cpu122 621236 0 170 213290 0 0 1 0 0 0
cpu123 620591 0 616 213419 0 0 77 0 0 0
cpu124 620707 0 1460 212443 3 0 64 0 0 0
cpu125 621253 0 214 213206 0 0 2 0 0 0
cpu126 621548 0 161 212996 1 0 0 0 0 0
cpu127 621096 0 417 213181 0 0 8 0 0 0
intr 217270823 133 0 0 0 680 0 0 0 1 0 272 0 0 0 0 0 0 0 0 0 0 0 0 0 0 0 0 0 0 0 0 0 0 0 0 260 0 927 1091 1619 24573 4123 357 732 1989 681 504 343 5118 653 360 954 19447 378 4 553 6289 1124 69852 161 2559 1902 0 254 4271 789 184 314 2152 426 2 803 5236 1723 3 407 1923 606 318 531 4894 851 385 928 4416 848 17545 382 2379 515 0 403 7389 237 204 2019 5213 332 742 208 11250 8176 343 1118 15461 4970 395 1016 3383 24702 612 438 2105 440 182 462 14214 3834 0 496 4235 160 0 251 5562 22 8 651 2306 147 123 347 2204 1550 0 439 5149 1173 4 367 2078 1377 56 323 1862 78 494 816 3556 231 340 48 1233 121 56 283 0 0 0 0 0 0 0 0 0 0 2023 1122 13832 211 522 721 147 87 167 1833 235 376 149 191 98 130 164 62 151 3178 324 135 169 189 260 3921 82 7 17 2 481 394 4 49 0 0 0 0 0 0 0 0 0 0 0 0 0 0 0 0 57 7 448 177 200 0 0 2 3 4 11 3 0 4 49 51 160 29 9 13 53 20 53 3 6 11 5 1 95 8 4 67 4 285 4 4 2 14 483 750 260 70 43 24 30 65 24 6 4 22 9 9 38 277 47 2 11 1 3 12 178 39 161 0 0 0 0 0 0 0 0 0 0 0 0 0 0 0 0 0 0 0 0 0 0 0 0 0 0 0 0 0 0 0 0 0 0 0 0 0 0 0 0 0 0 0 0 0 0 0 0 0 0 0 0 0 0 0 0 0 0 0 0 0 0 0 0 0 0 0 0 0 0 0 0 0 0 0 0 0 0 0 0 0 0 0 0 0 0 0 0 0 0 0 0 0 0 0 0 0 0 0 0 0 0 0 0 0 0 0 0 0 0 0 0 0 0 0 0 0 0 0 0 0 0 0 0 0 0 0 0 0 0 0 0 0 0 0 0 0 0 0 0 0 0 0 0 0 0 0 0 0 0 0 0 0 0 0 0 0 0 0 0 0 0 0 0 0 0 0 0 0 0 0 0 0 0 0 0 0 0 0 0 0 0 0 0 0 0 0 0 0 0 0 0 0 0 0 0 0 0 0 0 0 0 0 0 0 0 0 0 0 0 0 0 0 0 0 0 0 0 0 0 0 0 0 0 0 0 0 0 0 0 0 0 0 0 0 0 0 0 0 0 0 0 0 0 0 0 0 0 0 0 0 0 0 0 0 0 0 0 0 0 0 0 0 0 0 0 0 0 0 0 0 0 0 0 0 0 0 0 0 0 0 0 0 0 0 0 0 0 0 0 0 0 0 0 0 0 0 0 0 0 0 0 0 0 0 0 0 0 0 0 0 0 0 0 0 0 0 0 0 0 0 0 0 0 0 0 0 0 0 0 0 0 0 0 0 0 0 0 0 0 0 0 0 0 0 0 0 0 0 0 0 0 0 0 0 0 0 0 0 0 0 0 0 0 0 0 0 0 0 0 0 0 0 0 0 0 0 0 0 0 0 0 0 0 0 0 0 0 0 0 0 0 0 0 0 0 0 0 0 0 0 0 0 0 0 0 0 0 0 0 0 0 0 0 0 0 0 0 0 0 0 0 0 0 0 0 0 0 0 0 0 0 0 0 0 0 0 0 0 0 0 48 0 0 0 0 0 0 0 3 0 0 0 0 0 0 0 0 0 0 0 0 0 0 0 0 0 0 0 0 0 0 0 0 0 0 0 0 0 0 0 0 0 0 0 0 0 0 0 0 0 0 0 0 0 0 0 0 0 0 0 0 0 0 0 0 0 0 48 0 0 0 0 0 0 0 0 23 0 0 0 0 0 0 0 0 0 0 0 0 0 0 0 0 0 0 0 0 0 0 0 0 0 0 0 0 0 0 0 0 0 0 0 0 0 0 0 0 0 0 0 0 0 0 0 0 0 0 0 0 0 0 0 0 0 0 0 0 0 0 0 0 0 0 0 0 0 0 0 0 0 0 0 0 0 0 0 0 0 0 0 0 0 0 0 0 0 0 0 0 0 0 0 0 0 0 0 0 0 0 0 0 0 0 0 0 0 0 0 0 0 0 0 0 0 0 0 0 0 0 0 0 0 0 0 0 0 0 0 0 0 0 0 0 0 0 0 0 0 0 0 0 0 0 0 0 0 0 0 0 0 0 0 0 0 0 0 0 0 0 0 0 0 0 0 0 0 0 0 0 0 0 0 0 0 0 0 0 0 0 0 0 0 0 0 0 0 0 0 0 0 0 0 0 0 0 0 0 0 0 0 0 0 0 0 0 0 0 0 0 0 0 0 0 0 0 0 0 0 0 0 0 0 0 0 0 0 0 0 0 0 0 0 0 0 0 0 0 0 0 0 0 0 0 0 0 0 0 0 0 0 0 0 0 0 0 0 0 0 0 0 0 0 0 0 0 0 0 0 0 0 0 0 0 0 0 0 0 0 0 0 0 0 0 0 0 0 0 0 0 0 0 0 0 0 0 0 0 0 0 0 0 0 0 0 0 0 0 0 0 0 0 0 0 0 0 0 0 0 0 0 0 0 0 0 0 0 0 0 0 0 0 0 0 0 0 0 0 0 0 0 0 0 0 0 0 0 0 0 0 0 0 0 0 0 0 0 0 0 0 0 0 0 0 0 0 0 0 0 0 0 0 0 0 0 0 0 0 0 0 0 0 0 0 0 0 0 0 0 0 0 0 0 0 0 0 0 0 0 0 0 0 0 0 0 0 0 0 0 0 0 0 0 0 0 0 0 0 0 0 0 0 0 0 0 0 0 0 0 0 0 0 0 0 0 0 0 0 0 0 0 0 0 0 0 0 0 0 0 0 0 0 0 0 0 0 0 0 0 0 0 0 0 0 0 0 0 0 0 0 0 0 0 0 0 0 0 0 0 0 0 0 0 0 0 0 0 0 0 0 0 0 0 0 0 0 0 0 0 0 0 0 0 0 0 0 0 0 0 0 0 0 0 0 0 0 0 0 0 0 0 0 0 0 0 0 0 0 0 0 0 0 0 0 0 0 0 0 0 0 0 0 0 0 0 0 0 0 0 0 0 0 0 0 0 0 0 0 0 0 0 0 0 0 0 0 0 0 0 0 0 0 0 0 0 0 0 0 0 0 0 0 0 0 0 0 0 0 0 0 0 0 0 0 0 0 0 0 0 0 0 0 0 0 0 0 0 0 0 0 0 0 0 0 0 0 0 0 0 0 0 0 0 0 0 0 0 0 0 0 0 0 0 0 0 0 0 0 0 0 0 0 0 0 0 0 0 0 0 0 0 0 0 0 0 0 0 0 0 0 0 0 0 0 0 0 0 0 0 0 0 0 0 0 0 0 0 0 0 0 0 0 0 0 0 0 0 0 0 0 0 0 0 0 0 0 0 0 0 0 0 0 0 0 0 0 0 0 0 0 0 0 0 0 0 0 0 0 0 0 0 0 0 0 0 0 0 0 0 0 0 0 0 0 0 0 0 0 0 0 0 0 0 0 0 0 0 0 0 0 0 0 0 0 0 0 0 0 0 0 0 0 0 0 0 0 0 0 0 0 0 0 0 0 0 0 0 0 0 0 0 0 0 0 0 0 0 0 0 0 0 0 0 0 0 0 0 0 0 0 0 0 0 0 0 0 0 0 0 0 0 0 0 0 0 0 0 0 0 0 0 0 0 0 0 0 0 0 0 0 0 0 0 0 0 0 0 0 0 0 0 0 0 0 0 0 0 0 0 0 0 0 0 0 0 0 0 0 0 0 0 0 0 0 0 0 0 0 0 0 0 0 0 0 0 0 0 0 0 0 0 0 0 0 0 0 0 0 0 0 0 0 0 0 0 0 0 0 0 0 0 0 0 0 0 0 0 0 0 0 0 0 0 0 0 0 0 0 0 0 0 0 0 0 0 0 0 0 0 0 0 0 0 0 0 0 0 0 0 0 0 0 0 0 0 0 0 0 0 0 0 0 0 0 0 0 0 0 0 0 0 0 0 0 0 0 0 0 0 0 0 0 0 0 0 0 0 0 0 0 0 0 0 0 0 0 0 0 0 0 0 0 0 0 0 0 0 0 0 0 0 0 0 0 0 0 0 0 0 0 0 0 0 0 0 0 0 0 0 0 0 0 0 0 0 0 0 0 0 0 0 0 0 0 0 0 0 0 0 0 0 0 0 0 0 0 0 0 0 0 0 0 0 0 0 0 0 0 0 0 0 0 0 0 0 0 0 0 0 0 0 0 0 0 0 0 0 0 0 0 0 0 0 0 0 0 0 0 0 0 0 0 0 0 0 0 0 0 0 0 0 0 0 0 0 0 0 0 0 0 0 0 0 0 0 0 0 0 0 0 0 0 0 0 0 0 0 0 0 0 0 0 0 0 0 0 0 0 0 0 0 0 0 0 0 0 0 0 0 0 0 0 0 0 0 0 0 0 0 0 0 0 0 0 0 0 0 0 0 0 0 0 0 0 0 0 0 0 0 0 0 0 0 0 0 0 0 0 0 0 0 0 0 0 0 0 0 0 0 0 0 0 0 0 0 0 0 0 0 0 0 0 0 0 0 0 0 0 0 0 0 0 0 0 0 0 0 0 0 0 0 0 0 0 0 0 0 0 0 0 0 0 0 0 0 0 0 0 0 0 0 0 0 0 0 0 0 0 0 0 0 0 0 0 0 0 0 0 0 0 0 0 0 0 0 0 0 0 0 0 0 0 0 0 0 0 0 0 0 0 0 0 0 0 0 0 0 0 0 0 0 0 0 0 0 0 0 0 0 0 0 0 0 0 0 0 0 0 0 0 0 0 0 0 0 0 0 0 0 0 0 0 0 0 0 0 0 0 0 0 0 0 0 0 0 0 0 0 0 0 0 0 0 0 0 0 0 0 0 0 0 0 0 0 0 0 0 0 0 0 0 0 0 0 0 0 0 0 0 0 0 0 0 0 0 0 0 0 0 0 0 0 0 0 0 0 0 0 0 0 0 0 0 0 0 0 0 0 0 0 0 0 0 0 0 0 0 0 0 0 0 0 0 0 0 0 0 0 0 0 0 0 0 0 0 0 0 0 0 0 0 0 0 0 0 0 0 0 0 0 0 0 0 0 0 0 0 0 0 0 0 0 0 0 0 0 0 0 0 0 0 0 0 0 0 0 0 0 0 0 0 0 0 0 0 0 0 0 0 0 0 0 0 0 0 0 0 0 0 0 0 0 0 0 0 0 0 0 0 0 0 0 0 0 0 0 0 0 0 0 0 0 0 0 0 0 0 0 0 0 0 0 0 0 0 0 0 0 0 0 0 0 0 0 0 0 0 0 0 0 0 0 0 0 0 0 0 0 0 0 0 0 0 0 0 0 0 0 0 0 0 0 0 0 0 0 0 0 0 0 0 0 0 0 0 0 0 0 0 0 0 0 0 0 0 0 0 0 0 0 0 0 0 0 0 0 0 0 0 0 0 0 0 0 0 0 0 0 0 0 0 0 0 0 0 0 0 0 0 0 0 0 0 0 0 0 0 0 0 0 0 0 0 0 0 0 0 0 0 0 0 0 0 0 0 0 0 0 0 0 0 0 0 0 0 0 0 0 0 0 0 0 0 0 0 0 0 0 0 0 0 0 0 0 0 0 0 0 0 0 0 0 0 0 0 0 0 0 0 0 0 0 0 0 0 0 0 0 0 0 0 0 0 0 0 0 0 0 0 0 0 0 0 0 0 0 0 0 0 0 0 0 0 0 0 0 0 0 0 0 0 0 0 0 0 0 0 0 0 0 0 0 0 0 0 0 0 0 0 0 0 0 0 0 0 0 0 0 0 0 0 0 0 0 0 0 0 0 0 0 0 0 0 0 0 0 0 0 0 0 0 0 0 0 0 0 0 0 0 0 0 0 0 0 0 0 0 0 0 0 0 0 0 0 0 0 0 0 0 0 0 0 0 0 0 0 0 0 0 0 0 0 0 0 0 0 0 0 0 0 0 0 0 0 0 0 0 0 0 0 0 0 0 0 0 0 0 0 0 0 0 0 0 0 0 0 0 0 0 0 0 0 0 0 0 0 0 0 0 0 0 0 0 0 0 0 0 0 0 0 0 0 0 0 0 0 0 0 0 0 0 0 0 0 0 0 0 0 0 0 0 0 0 0 0 0 0 0 0 0 0 0 0 0 0 0 0 0 0 0 0 0 0 0 0 0 0 0 0 0 0 0 0 0 0 0 0 0 0 0 0 0 0 0 0 0 0 0 0 0 0 0 0 0 0 0 0 0 0 0 0 0 0 0 0 0 0 0 0 0 0 0 0 0 0 0 0 0 0 0 0 0 0 0 0 0 0 0 0 0 0 0 0 0 0 0 0 0 0 0 0 0 0 0 0 0 0 0 0 0 0 0 0 0 0 0 0 0 0 0 0 0 0 0 0 0 0 0 0 0 0 0 0 0 0 0 0 0 0 0 0 0 0 0 0 0 0 0 0 0 0 0 0 0 0 0 0 0 0 0 0 0 0 0 0 0 0 0 0 0 0 0 0 0 0 0 0 0 0 0 0 0 0 0 0 0 0 0 0 0 0 0 0 0 0 0 0 0 0 0 0 0 0 0 0 0 0 0 0 0 0 0 0 0 0 0 0 0 0 0 0 0 0 0 0 0 0 0 0 0 0 0 0 0 0 0 0 0 0 0 0 0 0 0 0 0 0 0 0 0 0 0 0 0 0 0 0 0 0 0 0 0 0 0 0 0 0 0 0 0 0 0 0 0 0 0 0 0 0 0 0 0 0 0 0 0 0 0 0 0 0 0 0 0 0 0 0 0 0 0 0 0 0 0 0 0 0 0 0 0 0 0 0 0 0 0 0 0 0 0 0 0 0 0 0 0 0 0 0 0 0 0 0 0 0 0 0 0 0 0 0 0 0 0 0 0 0 0 0 0 0 0 0 0 0 0 0 0 0 0 0 0 0 0 0 0 0 0 0 0 0 0 0 0 0 0 0 0 0 0 0 0 0 0 0 0 0 0 0 0 0 0 0 0 0 0 0 0 0 0 0 0 0 0 0 0 0 0 0 0 0 0 0 0 0 0 0 0 0 0 0 0 0 0 0 0 0 0 0 0 0 0 0 0 0 0 0 0 0 0 0 0 0 0 0 0 0 0 0 0 0 0 0 0 0 0 0 0 0 0 0 0 0 0 0 0 0 0 0 0 0 0 0 0 0 0 0 0 0 0 0 0 0 0 0 0 0 0 0 0 0 0 0 0 0 0 0 0 0 0 0 0 0 0 0 0 0 0 0 0 0 0 0 0 0 0 0 0 0 0 0 0 0 0 0 0 0 0 0 0 0 0 0 0 0 0 0 0 0 0 0 0 0 0 0 0 0 0 0 0 0 0 0 0 0 0 0 0 0 0 0 0 0 0 0 0 0 0 0 0 0 0 0 0 0 0 0 0 0 0 0 0 0 0 0 0 0 0 0 0 0 0 0 0 0 0 0 0 0 0 0 0 0 0 0 0 0 0 0 0 0 0 0 0 0 0 0 0 0 0 0 0 0 0 0 0 0 0 0 0 0 0 0 0 0 0 0 0 0 0 0 0 0 0 0 0 0 0 0 0 0 0 0 0 0 0 0 0 0 0 0 0 0 0 0 0 0 0 0 0 0 0 0 0 0 0 0 0 0 0 0 0 0 0 0 0 0 0 0 0 0 0 0 0 0 0 0 0 0 0 0 0 0 0 0 0 0 0 0 0 0 0 0 0 0 0 0 0 0 0 0 0 0 0 0 0 0 0 0 0 0 0 0 0 0 0 0 0 0 0 0 0 0 0 0 0 0 0 0 0 0 0 0 0 0 0 0 0 0 0 0 0 0 0 0 0 0 0 0 0 0 0 0 0 0 0 0 0 0 0 0 0 0 0 0 0 0 0 0 0 0 0 0 0 0 0 0 0 0 0 0 0 0 0 0 0 0 0 0 0 0 0 0 0 0 0 0 0 0 0 0 0 0 0 0 0 0 0 0 0 0 0 0 0 0 0 0 0 0 0 0 0 0 0 0 0 0 0 0 0 0 0 0 0 0 0 0 0 0 0 0 0 0 0 0 0 0 0 0 0 0 0 0 0 0 0 0 0 0 0 0 0 0 0 0 0 0 0 0 0 0 0 0 0 0 0 0 0 0 0 0 0 0 0 0 0 0 0 0 0 0 0 0 0 0 0 0 0 0 0 0 0 0 0 0 0 0 0 0 0 0 0 0 0 0 0 0 0 0 0 0 0 0 0 0 0 0 0 0 0 0 0 0 0 0 0 0 0 0 0 0 0 0 0 0 0 0 0 0 0 0 0 0 0 0 0 0 0 0 0 0 0 0 0 0 0 0 0 0 0 0 0 0 0 0 0 0 0 0 0 0 0 0 0 0 0 0 0 0 0 0 0 0 0 0 0 0 0 0 0 0 0 0 0 0 0 0 0 0 0 0 0 0 0 0 0 0 0 0 0 0 0 0 0 0 0 0 0 0 0 0 0 0 0 0 0 0 0 0 0 0 0 0 0 0 0 0 0 0 0 0 0 0 0 0 0 0 0 0 0 0 0 0 0 0 0 0 0 0 0 0 0 0 0 0 0 0 0 0 0 0 0 0 0 0 0 0 0 0 0 0 0 0 0 0 0 0 0 0 0 0 0 0 0 0 0 0 0 0 0 0 0 0 0 0 0 0 0 0 0 0 0 0 0 0 0 0 0 0 0 0 0 0 0 0 0 0 0 0 0 0 0 0 0 0 0 0 0 0 0 0 0 0 0 0 0 0 0 0 0 0 0 0 0 0 0 0 0 0 0 0 0 0 0 0 0 0 0 0 0 0 0 0 0 0 0 0 0 0 0 0 0 0 0 0 0 0 0 0 0 0 0 0 0 0 0 0 0 0 0 0 0 0 0 0 0 0 0 0 0 0 0 0 0 0 0 0 0 0 0 0 0 0 0 0 0 0 0 0 0 0 0 0 0 0 0 0 0 0 0 0 0 0 0 0 0 0 0 0 0 0 0 0 0 0 0 0 0 0 0 0 0 0 0 0 0 0 0 0 0 0 0 0 0 0 0 0 0 0 0 0 0 0 0 0 0 0 0 0 0 0 0 0 0 0 0 0 0 0 0 0 0 0 0 0 0 0 0 0 0 0 0 0 0 0 0 0 0 0 0 0 0 0 0 0 0 0 0 0 0 0 0 0 0 0 0 0 0 0 0 0 0 0 0 0 0 0 0 0 0 0 0 0 0 0 0 0 0 0 0 0 0 0 0 0 0 0 0 0 0 0 0 0 0 0 0 0 0 0 0 0 0 0 0 0 0 0 0 0 0 0 0 0 0 0 0 0 0 0 0 0 0 0 0 0 0 0 0 0 0 0 0 0 0 0 0 0 0 0 0 0 0 0 0 0 0 0 0 0 0 0 0 0 0 0 0 0 0 0 0 0 0 0 0 0 0 0 0 0 0 0 0 0 0 0 0 0 0 0 0 0 0 0 0 0 0 0 0 0 0 0 0 0 0 0 0 0 0 0 0 0 0 0 0 0 0 0 0 0 0 0 0 0 0 0 0 0 0 0 0 0 0 0 0 0 0 0 0 0 0 0 0 0 0 0 0 0 0 0 0 0 0 0 0 0 0 0 0 0 0 0 0 0 0 0 0 0 0 0 0 0 0 0 0 0 0 0 0 0 0 0 0 0 0 0 0 0 0 0 0 0 0 0 0 0 0 0 0 0 0 0 0 0 0 0 0 0 0 0 0 0 0 0 0 0 0 0 0 0 0 0 0 0 0 0 0 0 0 0 0 0 0 0 0 0 0 0 0 0 0 0 0 0 0 0 0 0 0 0 0 0 0 0 0 0 0 0 0 0 0 0 0 0 0 0 0 0 0 0 0 0 0 0 0 0 0 0 0 0 0 0 0 0 0 0 0 0 0 0 0 0 0 0 0 0 0 0 0 0 0 0 0 0 0 0 0 0 0 0 0 0 0 0 0 0 0 0 0 0 0 0 0 0 0 0 0 0 0 0 0 0
ctxt 11149224
btime 1613064757
processes 213465
procs_running 1
procs_blocked 0
softirq 228273912 1 150265561 2462 1894883 0 0 884 7285692 0 68824429
