cpu  22254734 5 42386 25481340 412 0 3655 0 0 0
cpu0 172174 0 2417 198121 0 0 337 0 0 0
cpu1 174074 0 105 199083 0 0 14 0 0 0
cpu2 174070 0 144 199101 16 0 0 0 0 0
cpu3 172890 0 322 200059 3 0 20 0 0 0
cpu4 172458 0 1868 198797 0 0 165 0 0 0
cpu5 174106 0 102 199121 7 0 0 0 0 0
cpu6 174048 0 111 199169 0 0 5 0 0 0
cpu7 173864 0 95 199357 0 0 3 0 0 0
cpu8 172804 0 1418 198920 10 0 168 0 0 0
cpu9 174097 0 80 199149 0 0 0 0 0 0
cpu10 174005 0 79 199244 0 0 0 0 0 0
cpu11 173911 0 145 199252 0 0 10 0 0 0
cpu12 172924 0 1199 199057 0 0 109 0 0 0
cpu13 174099 0 78 199150 0 0 0 0 0 0
cpu14 174059 0 78 199194 0 0 2 0 0 0
cpu15 174056 0 122 199154 0 0 5 0 0 0
cpu16 173771 0 1381 197988 1 0 184 0 0 0
cpu17 174096 0 65 199163 1 0 0 0 0 0
cpu18 173796 0 98 199414 0 0 2 0 0 0
cpu19 174087 0 73 199159 0 0 0 0 0 0
cpu20 173041 0 1283 198867 0 0 118 0 0 0
cpu21 174047 0 102 199094 1 0 39 0 0 0
cpu22 173958 0 83 199279 0 0 3 0 0 0
cpu23 174082 0 79 199160 0 0 0 0 0 0
cpu24 173160 0 1125 198818 0 0 135 0 0 0
cpu25 174092 0 78 199152 0 0 0 0 0 0
cpu26 174145 0 78 199094 0 0 0 0 0 0
cpu27 173906 0 80 199324 0 0 4 0 0 0
cpu28 173056 1 1097 199040 0 0 127 0 0 0
cpu29 174094 0 80 199144 0 0 0 0 0 0
cpu30 174058 0 71 199192 1 0 0 0 0 0
cpu31 174092 0 76 199151 0 0 0 0 0 0
cpu32 173030 0 1098 199087 1 0 93 0 0 0
cpu33 174088 0 82 199151 0 0 0 0 0 0
cpu34 174117 0 71 199127 0 0 0 0 0 0
cpu35 173948 0 180 199166 0 0 23 0 0 0
cpu36 172983 0 1350 198837 4 0 136 0 0 0
cpu37 174102 0 78 199139 0 0 0 0 0 0
cpu38 174132 0 67 199122 0 0 0 0 0 0
cpu39 173923 0 83 199310 0 0 0 0 0 0
cpu40 173174 0 1214 198770 1 0 142 0 0 0
cpu41 174104 0 85 199126 0 0 0 0 0 0
cpu42 174054 0 71 199187 0 0 2 0 0 0
cpu43 174042 0 80 199188 0 0 2 0 0 0
cpu44 173291 0 970 198925 5 0 114 0 0 0
cpu45 174092 0 70 199151 0 0 1 0 0 0
cpu46 174079 0 73 199161 0 0 0 0 0 0
cpu47 174066 0 93 199151 1 0 3 0 0 0
cpu48 173244 0 979 198965 0 0 120 0 0 0
cpu49 174095 0 70 199144 1 0 2 0 0 0
cpu50 174046 0 62 199206 0 0 0 0 0 0
cpu51 174051 0 107 199152 0 0 0 0 0 0
cpu52 173364 0 1000 198841 1 0 85 0 0 0
cpu53 174120 0 64 199112 8 0 0 0 0 0
cpu54 174079 0 59 199166 1 0 0 0 0 0
cpu55 174074 0 83 199154 1 0 2 0 0 0
cpu56 173228 0 1069 198891 1 0 114 0 0 0
cpu57 174110 0 72 199134 0 0 0 0 0 0
cpu58 174008 0 94 199202 0 0 0 0 0 0
cpu59 173809 0 355 199115 0 0 33 0 0 0
cpu60 173110 0 1324 198725 1 0 124 0 0 0
cpu61 174117 0 77 199120 0 0 0 0 0 0
cpu62 173860 0 87 199350 0 0 5 0 0 0
cpu63 174032 0 131 199141 0 0 4 0 0 0
cpu64 173632 0 1176 198374 20 0 78 0 0 0
cpu65 174113 0 76 199107 5 0 0 0 0 0
cpu66 173901 0 87 199316 1 0 1 0 0 0
cpu67 173951 0 192 199152 2 0 5 0 0 0
cpu68 173556 2 881 198784 24 0 51 0 0 0
cpu69 174094 0 70 199134 0 0 0 0 0 0
cpu70 174099 0 75 199132 0 0 0 0 0 0
cpu71 174054 0 97 199154 1 0 0 0 0 0
cpu72 173853 0 899 198137 165 0 223 0 0 0
cpu73 174100 0 80 199126 1 0 0 0 0 0
cpu74 174081 0 75 199148 0 0 0 0 0 0
cpu75 174073 0 93 199130 3 0 0 0 0 0
cpu76 173727 0 611 198934 1 0 31 0 0 0
cpu77 174094 0 74 199141 0 0 0 0 0 0
cpu78 174086 0 70 199148 0 0 0 0 0 0
cpu79 173996 0 152 199143 1 0 10 0 0 0
cpu80 173643 0 730 198845 8 0 76 0 0 0
cpu81 174096 0 80 199136 0 0 0 0 0 0
cpu82 174053 0 77 199171 0 0 2 0 0 0
cpu83 174090 0 58 199151 0 0 0 0 0 0
cpu84 173331 0 848 199037 1 0 62 0 0 0
cpu85 174092 0 79 199126 0 0 0 0 0 0
cpu86 174124 0 66 199107 0 0 0 0 0 0
cpu87 174077 0 83 199140 0 0 0 0 0 0
cpu88 173521 0 708 198998 0 0 69 0 0 0
cpu89 174073 0 80 199145 0 0 0 0 0 0
cpu90 174117 0 76 199106 0 0 0 0 0 0
cpu91 174088 0 72 199135 0 0 1 0 0 0
cpu92 173441 0 782 199009 0 0 59 0 0 0
cpu93 174101 0 70 199118 1 0 0 0 0 0
cpu94 174064 0 76 199154 0 0 0 0 0 0
cpu95 174080 0 76 199133 3 0 0 0 0 0
cpu96 173524 0 715 199005 1 0 46 0 0 0
cpu97 174092 0 83 199117 0 0 0 0 0 0
cpu98 174105 0 81 199109 0 0 0 0 0 0
cpu99 173975 0 158 199141 0 0 16 0 0 0
cpu100 173470 0 762 198998 0 0 58 0 0 0
cpu101 174096 0 76 199126 0 0 0 0 0 0
cpu102 174058 0 80 199154 2 0 0 0 0 0
cpu103 174094 0 74 199119 0 0 0 0 0 0
cpu104 173780 0 743 198691 0 0 59 0 0 0
cpu105 174101 0 74 199116 0 0 0 0 0 0
cpu106 174085 0 74 199130 0 0 0 0 0 0
cpu107 174073 0 84 199130 0 0 0 0 0 0
cpu108 173858 0 523 198827 35 0 43 0 0 0
cpu109 174099 0 72 199115 0 0 0 0 0 0
cpu110 174072 0 94 199102 11 0 0 0 0 0
cpu111 174066 0 76 199145 0 0 2 0 0 0
cpu112 173572 0 685 198970 4 0 54 0 0 0
cpu113 174102 0 81 199067 1 0 0 0 0 0
cpu114 174134 0 61 199091 1 0 0 0 0 0
cpu115 174073 0 82 199123 0 0 0 0 0 0
cpu116 173739 0 696 198786 2 0 52 0 0 0
cpu117 174091 0 88 199099 0 0 0 0 0 0
cpu118 174128 0 70 199089 0 0 0 0 0 0
cpu119 173995 0 71 199215 0 0 1 0 0 0
cpu120 173728 0 636 198865 4 0 46 0 0 0
cpu121 174104 0 73 199107 0 0 0 0 0 0
cpu122 173912 0 114 199247 0 0 0 0 0 0
cpu123 173529 0 558 199116 0 0 77 0 0 0
cpu124 173678 0 836 198712 3 0 41 0 0 0
cpu125 174099 0 110 199039 0 0 0 0 0 0
cpu126 174092 0 98 199088 0 0 0 0 0 0
cpu127 174070 0 130 199081 0 0 1 0 0 0
intr 60965235 133 0 0 0 680 0 0 0 1 0 272 0 0 0 0 0 0 0 0 0 0 0 0 0 0 0 0 0 0 0 0 0 0 0 0 260 0 673 141 8 8336 3882 0 4 963 452 0 0 3296 564 1 0 926 115 3 41 39 1121 44643 7 633 1061 0 0 298 773 43 0 0 16 1 12 2545 962 3 0 92 221 15 61 675 297 0 28 1570 422 389 0 432 19 0 111 1209 43 0 15 4805 327 2 0 790 8062 40 0 1880 4831 0 0 526 8593 0 1 1414 10 2 0 2161 3830 0 0 0 54 0 0 1779 9 8 0 0 12 0 0 5 1339 0 0 1327 373 1 0 115 51 0 0 717 2 16 0 1101 16 0 0 0 56 0 0 0 0 0 0 0 0 0 0 0 0 1883 886 13589 147 377 520 45 53 22 1669 190 252 13 153 57 130 122 2 9 3142 324 120 125 172 260 3913 82 7 14 2 443 183 4 34 0 0 0 0 0 0 0 0 0 0 0 0 0 0 0 0 21 7 3 177 18 0 0 2 3 4 11 3 0 4 49 51 10 29 9 13 53 20 14 3 6 9 5 1 14 8 4 67 4 285 4 4 2 14 411 696 221 43 43 3 30 65 24 6 4 22 9 9 38 36 26 2 11 1 2 3 115 11 161 0 0 0 0 0 0 0 0 0 0 0 0 0 0 0 0 0 0 0 0 0 0 0 0 0 0 0 0 0 0 0 0 0 0 0 0 0 0 0 0 0 0 0 0 0 0 0 0 0 0 0 0 0 0 0 0 0 0 0 0 0 0 0 0 0 0 0 0 0 0 0 0 0 0 0 0 0 0 0 0 0 0 0 0 0 0 0 0 0 0 0 0 0 0 0 0 0 0 0 0 0 0 0 0 0 0 0 0 0 0 0 0 0 0 0 0 0 0 0 0 0 0 0 0 0 0 0 0 0 0 0 0 0 0 0 0 0 0 0 0 0 0 0 0 0 0 0 0 0 0 0 0 0 0 0 0 0 0 0 0 0 0 0 0 0 0 0 0 0 0 0 0 0 0 0 0 0 0 0 0 0 0 0 0 0 0 0 0 0 0 0 0 0 0 0 0 0 0 0 0 0 0 0 0 0 0 0 0 0 0 0 0 0 0 0 0 0 0 0 0 0 0 0 0 0 0 0 0 0 0 0 0 0 0 0 0 0 0 0 0 0 0 0 0 0 0 0 0 0 0 0 0 0 0 0 0 0 0 0 0 0 0 0 0 0 0 0 0 0 0 0 0 0 0 0 0 0 0 0 0 0 0 0 0 0 0 0 0 0 0 0 0 0 0 0 0 0 0 0 0 0 0 0 0 0 0 0 0 0 0 0 0 0 0 0 0 0 0 0 0 0 0 0 0 0 0 0 0 0 0 0 0 0 0 0 0 0 0 0 0 0 0 0 0 0 0 0 0 0 0 0 0 0 0 0 0 0 0 0 0 0 0 0 0 0 0 0 0 0 0 0 0 0 0 0 0 0 0 0 0 0 0 0 0 0 0 0 0 0 0 0 0 0 0 0 0 0 0 0 0 0 0 0 0 0 0 0 0 0 0 0 0 0 0 0 0 0 0 0 0 0 0 0 0 0 0 0 0 0 0 0 0 0 0 0 0 0 0 0 0 0 48 0 0 0 0 0 0 0 3 0 0 0 0 0 0 0 0 0 0 0 0 0 0 0 0 0 0 0 0 0 0 0 0 0 0 0 0 0 0 0 0 0 0 0 0 0 0 0 0 0 0 0 0 0 0 0 0 0 0 0 0 0 0 0 0 0 0 48 0 0 0 0 0 0 0 0 23 0 0 0 0 0 0 0 0 0 0 0 0 0 0 0 0 0 0 0 0 0 0 0 0 0 0 0 0 0 0 0 0 0 0 0 0 0 0 0 0 0 0 0 0 0 0 0 0 0 0 0 0 0 0 0 0 0 0 0 0 0 0 0 0 0 0 0 0 0 0 0 0 0 0 0 0 0 0 0 0 0 0 0 0 0 0 0 0 0 0 0 0 0 0 0 0 0 0 0 0 0 0 0 0 0 0 0 0 0 0 0 0 0 0 0 0 0 0 0 0 0 0 0 0 0 0 0 0 0 0 0 0 0 0 0 0 0 0 0 0 0 0 0 0 0 0 0 0 0 0 0 0 0 0 0 0 0 0 0 0 0 0 0 0 0 0 0 0 0 0 0 0 0 0 0 0 0 0 0 0 0 0 0 0 0 0 0 0 0 0 0 0 0 0 0 0 0 0 0 0 0 0 0 0 0 0 0 0 0 0 0 0 0 0 0 0 0 0 0 0 0 0 0 0 0 0 0 0 0 0 0 0 0 0 0 0 0 0 0 0 0 0 0 0 0 0 0 0 0 0 0 0 0 0 0 0 0 0 0 0 0 0 0 0 0 0 0 0 0 0 0 0 0 0 0 0 0 0 0 0 0 0 0 0 0 0 0 0 0 0 0 0 0 0 0 0 0 0 0 0 0 0 0 0 0 0 0 0 0 0 0 0 0 0 0 0 0 0 0 0 0 0 0 0 0 0 0 0 0 0 0 0 0 0 0 0 0 0 0 0 0 0 0 0 0 0 0 0 0 0 0 0 0 0 0 0 0 0 0 0 0 0 0 0 0 0 0 0 0 0 0 0 0 0 0 0 0 0 0 0 0 0 0 0 0 0 0 0 0 0 0 0 0 0 0 0 0 0 0 0 0 0 0 0 0 0 0 0 0 0 0 0 0 0 0 0 0 0 0 0 0 0 0 0 0 0 0 0 0 0 0 0 0 0 0 0 0 0 0 0 0 0 0 0 0 0 0 0 0 0 0 0 0 0 0 0 0 0 0 0 0 0 0 0 0 0 0 0 0 0 0 0 0 0 0 0 0 0 0 0 0 0 0 0 0 0 0 0 0 0 0 0 0 0 0 0 0 0 0 0 0 0 0 0 0 0 0 0 0 0 0 0 0 0 0 0 0 0 0 0 0 0 0 0 0 0 0 0 0 0 0 0 0 0 0 0 0 0 0 0 0 0 0 0 0 0 0 0 0 0 0 0 0 0 0 0 0 0 0 0 0 0 0 0 0 0 0 0 0 0 0 0 0 0 0 0 0 0 0 0 0 0 0 0 0 0 0 0 0 0 0 0 0 0 0 0 0 0 0 0 0 0 0 0 0 0 0 0 0 0 0 0 0 0 0 0 0 0 0 0 0 0 0 0 0 0 0 0 0 0 0 0 0 0 0 0 0 0 0 0 0 0 0 0 0 0 0 0 0 0 0 0 0 0 0 0 0 0 0 0 0 0 0 0 0 0 0 0 0 0 0 0 0 0 0 0 0 0 0 0 0 0 0 0 0 0 0 0 0 0 0 0 0 0 0 0 0 0 0 0 0 0 0 0 0 0 0 0 0 0 0 0 0 0 0 0 0 0 0 0 0 0 0 0 0 0 0 0 0 0 0 0 0 0 0 0 0 0 0 0 0 0 0 0 0 0 0 0 0 0 0 0 0 0 0 0 0 0 0 0 0 0 0 0 0 0 0 0 0 0 0 0 0 0 0 0 0 0 0 0 0 0 0 0 0 0 0 0 0 0 0 0 0 0 0 0 0 0 0 0 0 0 0 0 0 0 0 0 0 0 0 0 0 0 0 0 0 0 0 0 0 0 0 0 0 0 0 0 0 0 0 0 0 0 0 0 0 0 0 0 0 0 0 0 0 0 0 0 0 0 0 0 0 0 0 0 0 0 0 0 0 0 0 0 0 0 0 0 0 0 0 0 0 0 0 0 0 0 0 0 0 0 0 0 0 0 0 0 0 0 0 0 0 0 0 0 0 0 0 0 0 0 0 0 0 0 0 0 0 0 0 0 0 0 0 0 0 0 0 0 0 0 0 0 0 0 0 0 0 0 0 0 0 0 0 0 0 0 0 0 0 0 0 0 0 0 0 0 0 0 0 0 0 0 0 0 0 0 0 0 0 0 0 0 0 0 0 0 0 0 0 0 0 0 0 0 0 0 0 0 0 0 0 0 0 0 0 0 0 0 0 0 0 0 0 0 0 0 0 0 0 0 0 0 0 0 0 0 0 0 0 0 0 0 0 0 0 0 0 0 0 0 0 0 0 0 0 0 0 0 0 0 0 0 0 0 0 0 0 0 0 0 0 0 0 0 0 0 0 0 0 0 0 0 0 0 0 0 0 0 0 0 0 0 0 0 0 0 0 0 0 0 0 0 0 0 0 0 0 0 0 0 0 0 0 0 0 0 0 0 0 0 0 0 0 0 0 0 0 0 0 0 0 0 0 0 0 0 0 0 0 0 0 0 0 0 0 0 0 0 0 0 0 0 0 0 0 0 0 0 0 0 0 0 0 0 0 0 0 0 0 0 0 0 0 0 0 0 0 0 0 0 0 0 0 0 0 0 0 0 0 0 0 0 0 0 0 0 0 0 0 0 0 0 0 0 0 0 0 0 0 0 0 0 0 0 0 0 0 0 0 0 0 0 0 0 0 0 0 0 0 0 0 0 0 0 0 0 0 0 0 0 0 0 0 0 0 0 0 0 0 0 0 0 0 0 0 0 0 0 0 0 0 0 0 0 0 0 0 0 0 0 0 0 0 0 0 0 0 0 0 0 0 0 0 0 0 0 0 0 0 0 0 0 0 0 0 0 0 0 0 0 0 0 0 0 0 0 0 0 0 0 0 0 0 0 0 0 0 0 0 0 0 0 0 0 0 0 0 0 0 0 0 0 0 0 0 0 0 0 0 0 0 0 0 0 0 0 0 0 0 0 0 0 0 0 0 0 0 0 0 0 0 0 0 0 0 0 0 0 0 0 0 0 0 0 0 0 0 0 0 0 0 0 0 0 0 0 0 0 0 0 0 0 0 0 0 0 0 0 0 0 0 0 0 0 0 0 0 0 0 0 0 0 0 0 0 0 0 0 0 0 0 0 0 0 0 0 0 0 0 0 0 0 0 0 0 0 0 0 0 0 0 0 0 0 0 0 0 0 0 0 0 0 0 0 0 0 0 0 0 0 0 0 0 0 0 0 0 0 0 0 0 0 0 0 0 0 0 0 0 0 0 0 0 0 0 0 0 0 0 0 0 0 0 0 0 0 0 0 0 0 0 0 0 0 0 0 0 0 0 0 0 0 0 0 0 0 0 0 0 0 0 0 0 0 0 0 0 0 0 0 0 0 0 0 0 0 0 0 0 0 0 0 0 0 0 0 0 0 0 0 0 0 0 0 0 0 0 0 0 0 0 0 0 0 0 0 0 0 0 0 0 0 0 0 0 0 0 0 0 0 0 0 0 0 0 0 0 0 0 0 0 0 0 0 0 0 0 0 0 0 0 0 0 0 0 0 0 0 0 0 0 0 0 0 0 0 0 0 0 0 0 0 0 0 0 0 0 0 0 0 0 0 0 0 0 0 0 0 0 0 0 0 0 0 0 0 0 0 0 0 0 0 0 0 0 0 0 0 0 0 0 0 0 0 0 0 0 0 0 0 0 0 0 0 0 0 0 0 0 0 0 0 0 0 0 0 0 0 0 0 0 0 0 0 0 0 0 0 0 0 0 0 0 0 0 0 0 0 0 0 0 0 0 0 0 0 0 0 0 0 0 0 0 0 0 0 0 0 0 0 0 0 0 0 0 0 0 0 0 0 0 0 0 0 0 0 0 0 0 0 0 0 0 0 0 0 0 0 0 0 0 0 0 0 0 0 0 0 0 0 0 0 0 0 0 0 0 0 0 0 0 0 0 0 0 0 0 0 0 0 0 0 0 0 0 0 0 0 0 0 0 0 0 0 0 0 0 0 0 0 0 0 0 0 0 0 0 0 0 0 0 0 0 0 0 0 0 0 0 0 0 0 0 0 0 0 0 0 0 0 0 0 0 0 0 0 0 0 0 0 0 0 0 0 0 0 0 0 0 0 0 0 0 0 0 0 0 0 0 0 0 0 0 0 0 0 0 0 0 0 0 0 0 0 0 0 0 0 0 0 0 0 0 0 0 0 0 0 0 0 0 0 0 0 0 0 0 0 0 0 0 0 0 0 0 0 0 0 0 0 0 0 0 0 0 0 0 0 0 0 0 0 0 0 0 0 0 0 0 0 0 0 0 0 0 0 0 0 0 0 0 0 0 0 0 0 0 0 0 0 0 0 0 0 0 0 0 0 0 0 0 0 0 0 0 0 0 0 0 0 0 0 0 0 0 0 0 0 0 0 0 0 0 0 0 0 0 0 0 0 0 0 0 0 0 0 0 0 0 0 0 0 0 0 0 0 0 0 0 0 0 0 0 0 0 0 0 0 0 0 0 0 0 0 0 0 0 0 0 0 0 0 0 0 0 0 0 0 0 0 0 0 0 0 0 0 0 0 0 0 0 0 0 0 0 0 0 0 0 0 0 0 0 0 0 0 0 0 0 0 0 0 0 0 0 0 0 0 0 0 0 0 0 0 0 0 0 0 0 0 0 0 0 0 0 0 0 0 0 0 0 0 0 0 0 0 0 0 0 0 0 0 0 0 0 0 0 0 0 0 0 0 0 0 0 0 0 0 0 0 0 0 0 0 0 0 0 0 0 0 0 0 0 0 0 0 0 0 0 0 0 0 0 0 0 0 0 0 0 0 0 0 0 0 0 0 0 0 0 0 0 0 0 0 0 0 0 0 0 0 0 0 0 0 0 0 0 0 0 0 0 0 0 0 0 0 0 0 0 0 0 0 0 0 0 0 0 0 0 0 0 0 0 0 0 0 0 0 0 0 0 0 0 0 0 0 0 0 0 0 0 0 0 0 0 0 0 0 0 0 0 0 0 0 0 0 0 0 0 0 0 0 0 0 0 0 0 0 0 0 0 0 0 0 0 0 0 0 0 0 0 0 0 0 0 0 0 0 0 0 0 0 0 0 0 0 0 0 0 0 0 0 0 0 0 0 0 0 0 0 0 0 0 0 0 0 0 0 0 0 0 0 0 0 0 0 0 0 0 0 0 0 0 0 0 0 0 0 0 0 0 0 0 0 0 0 0 0 0 0 0 0 0 0 0 0 0 0 0 0 0 0 0 0 0 0 0 0 0 0 0 0 0 0 0 0 0 0 0 0 0 0 0 0 0 0 0 0 0 0 0 0 0 0 0 0 0 0 0 0 0 0 0 0 0 0 0 0 0 0 0 0 0 0 0 0 0 0 0 0 0 0 0 0 0 0 0 0 0 0 0 0 0 0 0 0 0 0 0 0 0 0 0 0 0 0 0 0 0 0 0 0 0 0 0 0 0 0 0 0 0 0 0 0 0 0 0 0 0 0 0 0 0 0 0 0 0 0 0 0 0 0 0 0 0 0 0 0 0 0 0 0 0 0 0 0 0 0 0 0 0 0 0 0 0 0 0 0 0 0 0 0 0 0 0 0 0 0 0 0 0 0 0 0 0 0 0 0 0 0 0 0 0 0 0 0 0 0 0 0 0 0 0 0 0 0 0 0 0 0 0 0 0 0 0 0 0 0 0 0 0 0 0 0 0 0 0 0 0 0 0 0 0 0 0 0 0 0 0 0 0 0 0 0 0 0 0 0 0 0 0 0 0 0 0 0 0 0 0 0 0 0 0 0 0 0 0 0 0 0 0 0 0 0 0 0 0 0 0 0 0 0 0 0 0 0 0 0 0 0 0 0 0 0 0 0 0 0 0 0 0 0 0 0 0 0 0 0 0 0 0 0 0 0 0 0 0 0 0 0 0 0 0 0 0 0 0 0 0 0 0 0 0 0 0 0 0 0 0 0 0 0 0 0 0 0 0 0 0 0 0 0 0 0 0 0 0 0 0 0 0 0 0 0 0 0 0 0 0 0 0 0 0 0 0 0 0 0 0 0 0 0 0 0 0 0 0 0 0 0 0 0 0 0 0 0 0 0 0 0 0 0 0 0 0 0 0 0 0 0 0 0 0 0 0 0 0 0 0 0 0 0 0 0 0 0 0 0 0 0 0 0 0 0 0 0 0 0 0 0 0 0 0 0 0 0 0 0 0 0 0 0 0 0 0 0 0 0 0 0 0 0 0 0 0 0 0 0 0 0 0 0 0 0 0 0 0 0 0 0 0 0 0 0 0 0 0 0 0 0 0 0 0 0 0 0 0 0 0 0 0 0 0 0 0 0 0 0 0 0 0 0 0 0 0 0 0 0 0 0 0 0 0 0 0 0 0 0 0 0 0 0 0 0 0 0 0 0 0 0 0 0 0 0 0 0 0 0 0 0 0 0 0 0 0 0 0 0 0 0 0 0 0 0 0 0 0 0 0 0 0 0 0 0 0 0 0 0 0 0 0 0 0 0 0 0 0 0 0 0 0 0 0 0 0 0 0 0 0 0 0 0 0 0 0 0 0 0 0 0 0 0 0 0 0 0 0 0 0 0 0 0 0 0 0 0 0 0 0 0 0 0 0 0 0 0 0 0 0 0 0 0 0 0 0 0 0 0 0 0 0 0 0 0 0 0 0 0 0 0 0 0 0 0 0 0 0 0 0 0 0 0 0 0 0 0 0 0 0 0 0 0 0 0 0 0 0 0 0 0 0 0 0 0 0 0 0 0 0 0 0 0 0 0 0 0 0 0 0 0 0 0 0 0 0 0 0 0 0 0 0 0 0 0 0 0 0 0 0 0 0 0 0 0 0 0 0 0 0 0 0 0 0 0 0 0 0 0 0 0 0 0 0 0 0 0 0 0 0 0 0 0 0 0 0 0 0 0 0 0 0 0 0 0 0 0 0 0 0 0 0 0 0 0 0 0 0 0 0 0 0 0 0 0 0 0 0 0 0 0 0 0 0 0 0 0 0 0 0 0 0 0 0 0 0 0 0 0 0 0 0 0 0 0 0 0 0 0 0 0 0 0 0 0 0 0 0 0 0 0 0 0 0 0 0 0 0 0 0 0 0 0 0 0 0 0 0 0 0 0 0 0 0 0 0 0 0 0 0 0 0 0 0 0 0 0 0 0 0 0 0 0 0 0 0 0 0 0 0 0 0 0 0 0 0 0 0 0 0 0 0 0 0 0 0 0 0 0 0 0 0 0 0 0 0 0 0 0 0 0 0 0 0 0 0 0 0 0 0 0 0 0 0 0 0 0 0 0 0 0 0 0 0 0 0 0 0 0 0 0 0 0 0 0 0 0 0 0 0 0 0 0 0 0 0 0 0 0 0 0 0 0 0 0 0 0 0 0 0 0 0 0 0 0 0 0 0 0 0 0 0 0 0 0 0 0 0 0 0 0 0 0 0 0 0 0 0 0 0 0 0 0 0 0 0 0 0 0 0 0 0 0 0 0 0 0 0 0 0 0 0 0 0 0 0 0 0 0 0 0 0 0 0 0 0 0 0 0 0 0 0 0 0 0 0 0 0 0 0 0 0 0 0 0 0 0 0 0 0 0 0 0 0 0 0 0 0 0 0 0 0 0 0 0 0 0 0 0 0 0 0 0 0 0 0 0 0 0 0 0 0 0 0 0 0 0 0 0 0 0 0 0 0 0 0 0 0 0 0 0 0 0 0 0 0 0 0 0 0 0 0 0 0 0 0 0 0 0 0 0 0 0 0 0 0 0 0 0 0 0 0 0 0 0 0 0 0 0 0 0 0 0 0 0 0 0 0 0 0 0 0 0 0 0 0 0 0 0 0 0 0 0 0 0 0 0 0 0 0 0 0 0 0 0 0 0 0 0 0 0 0 0 0 0 0 0 0 0 0 0 0 0 0 0 0 0 0 0 0 0 0 0 0 0 0 0 0 0 0 0 0 0 0 0 0 0 0 0 0 0 0 0 0 0 0 0 0 0 0 0 0 0 0 0 0 0 0 0 0 0 0 0 0 0 0 0 0 0 0 0 0 0 0 0 0 0 0 0 0 0 0 0 0 0 0 0 0 0 0 0 0 0 0 0 0 0 0 0 0 0 0 0 0 0 0 0 0 0 0 0 0 0 0 0 0 0 0 0 0 0 0 0 0 0 0 0 0 0 0 0 0
ctxt 3638876
btime 1613064757
processes 62969
procs_running 1
procs_blocked 0
softirq 69091029 1 42826487 1445 545948 0 0 859 2232310 0 23483979
