cpu  26572156 6 59544 2446219 148 0 5862 0 0 0
cpu0 412307 0 3540 38002 0 0 480 0 0 0
cpu1 415481 0 472 38439 11 0 28 0 0 0
cpu2 411824 0 2872 38033 0 0 1660 0 0 0
cpu3 415494 0 350 38555 0 0 50 0 0 0
cpu4 414092 0 2168 38026 0 0 151 0 0 0
cpu5 415782 0 96 38566 1 0 4 0 0 0
cpu6 413615 0 2596 38000 0 0 200 0 0 0
cpu7 414938 0 873 38556 1 0 83 0 0 0
cpu8 414034 0 2328 37912 1 0 172 0 0 0
cpu9 415472 0 359 38567 0 0 52 0 0 0
cpu10 414492 0 2308 37470 1 0 191 0 0 0
cpu11 415789 0 78 38570 4 0 5 0 0 0
cpu12 415133 0 1750 37446 0 0 126 0 0 0
cpu13 415660 0 201 38585 0 0 4 0 0 0
cpu14 414693 0 1839 37779 0 0 139 0 0 0
cpu15 415663 0 206 38573 0 0 4 0 0 0
cpu16 416023 2 1450 36859 7 0 107 0 0 0
cpu17 415462 0 354 38575 0 0 57 0 0 0
cpu18 414562 0 1658 38089 0 0 143 0 0 0
cpu19 415771 0 112 38561 0 0 2 0 0 0
cpu20 414962 0 1526 37692 80 0 120 0 0 0
cpu21 415584 0 268 38565 0 0 32 0 0 0
cpu22 414522 0 1726 38081 2 0 126 0 0 0
cpu23 415338 0 501 38559 0 0 49 0 0 0
cpu24 414774 0 1555 37971 4 0 106 0 0 0
cpu25 415817 0 64 38563 2 0 1 0 0 0
cpu26 414411 0 1776 38136 0 0 114 0 0 0
cpu27 415810 0 64 38568 0 0 1 0 0 0
cpu28 414259 0 1864 38168 0 0 140 0 0 0
cpu29 415795 0 76 38567 0 0 2 0 0 0
cpu30 414577 0 1717 38016 2 0 122 0 0 0
cpu31 415625 0 262 38544 0 0 12 0 0 0
cpu32 414555 0 1726 38016 0 0 101 0 0 0
cpu33 415370 0 492 38563 0 0 16 0 0 0
cpu34 414979 0 1398 37938 0 0 82 0 0 0
cpu35 415775 0 107 38556 0 0 2 0 0 0
cpu36 415020 0 1338 37986 0 0 93 0 0 0
cpu37 415781 0 83 38566 0 0 3 0 0 0
cpu38 414650 0 1865 37793 0 0 105 0 0 0
cpu39 415271 0 559 38565 0 0 45 0 0 0
cpu40 414982 0 1514 37853 1 0 86 0 0 0
cpu41 415740 0 128 38563 0 0 6 0 0 0
cpu42 415045 0 1350 37984 0 0 72 0 0 0
cpu43 415814 0 74 38544 0 0 1 0 0 0
cpu44 415944 1 930 37483 0 0 75 0 0 0
cpu45 415529 0 320 38555 0 0 34 0 0 0
cpu46 415271 0 1250 37843 0 0 77 0 0 0
cpu47 415660 0 227 38535 0 0 4 0 0 0
cpu48 415780 0 1039 37559 0 0 62 0 0 0
cpu49 415573 0 272 38568 0 0 30 0 0 0
cpu50 415051 0 1178 38108 0 0 94 0 0 0
cpu51 415778 0 96 38561 0 0 1 0 0 0
cpu52 415932 0 715 37732 2 0 48 0 0 0
cpu53 415642 0 215 38564 0 0 20 0 0 0
cpu54 415526 0 668 38183 0 0 48 0 0 0
cpu55 415437 0 406 38562 0 0 25 0 0 0
cpu56 415074 0 1187 38136 0 0 44 0 0 0
cpu57 415811 0 66 38542 7 0 2 0 0 0
cpu58 415242 0 975 38158 0 0 64 0 0 0
cpu59 415800 0 73 38557 0 0 1 0 0 0
cpu60 415438 0 862 38099 0 0 46 0 0 0
cpu61 415812 0 70 38548 2 0 1 0 0 0
cpu62 415418 0 1089 37856 0 0 59 0 0 0
cpu63 415667 0 242 38516 0 0 8 0 0 0
intr 73180643 83 0 0 0 612 0 0 0 1 0 285 0 0 0 0 0 0 0 0 0 0 0 0 0 0 0 0 0 0 0 0 0 0 0 0 0 0 0 2687 4740 106937 536 1048 751 1468 13010 1270 14238 2284 0 623 2292 2036 2736 583 5061 908 471 3666 6350 742 8760 908 26 939 242 1203 120 898 4787 1051 10632 758 373 780 730 984 7766 895 3706 805 2 974 2840 887 2430 514 5561 633 317 676 7966 3482 11859 390 35 1424 252 2981 0 547 3469 0 0 0 0 0 0 0 0 0 0 0 0 0 0 0 0 0 33055 94 0 0 0 0 0 0 0 0 0 0 0 0 0 0 0 0 0 0 0 0 0 0 0 0 0 0 0 0 0 0 0 0 0 0 0 0 0 0 0 0 0 0 0 0 0 0 0 0 0 0 0 0 0 0 0 0 0 0 0 0 0 0 0 0 0 0 0 0 0 0 0 0 0 0 0 20 0 0 0 0 0 0 0 0 0 0 0 0 0 0 0 0 0 0 0 0 0 0 0 0 0 0 0 0 0 0 0 0 0 0 0 0 0 0 0 0 0 0 0 0 0 0 0 0 0 0 0 0 0 0 0 0 0 0 0 0 0 0 0 0 0 0 0 0 0 0 0 0 0 0 0 0 0 0 0 0 0 0 0 0 0 0 0 0 0 0 0 0 0 0 0 0 0 0 0 0 0 0 0 0 0 0 0 0 0 0 0 0 0 0 0 0 0 0 0 0 0 0 0 0 0 0 0 0 0 0 0 0 0 0 0 0 0 0 0 0 0 0 0 0 0 0 0 0 0 0 0 0 0 0 0 0 0 0 0 0 0 0 0 0 0 0 0 0 0 0 0 0 0 0 0 0 0 0 0 0 0 0 0 0 0 0 0 0 0 0 0 0 0 0 0 0 0 0 0 0 0 0 0 0 0 0 0 0 0 0 0 0 0 0 0 0 0 0 0 0 0 0 0 0 0 0 0 0 0 0 0 0 0 0 0 0 0 0 0 0 0 0 0 0 0 0 0 0 0 0 0 0 0 0 0 0 0 0 0 0 0 0 0 0 0 0 0 0 0 0 0 0 0 0 0 0 0 0 0 0 0 0 0 0 0 0 0 0 0 0 0 0 0 0 0 0 0 0 0 0 0 0 0 0 0 0 0 0 0 0 0 0 0 0 0 0 0 0 0 0 0 0 0 0 0 0 0 0 0 0 0 0 0 0 0 0 0 0 0 0 0 0 0 0 0 0 0 0 0 0 0 0 0 0 0 0 0 0 0 0 0 0 0 0 0 0 0 0 0 0 0 0 0 0 0 0 0 0 0 0 0 0 0 0 0 0 0 0 0 0 0 0 0 0 0 0 0 0 0 0 0 0 0 0 0 0 0 0 0 0 0 0 0 0 0 0 0 0 0 0 0 0 0 0 0 0 0 0 0 0 0 0 0 0 0 0 0 0 0 0 0 0 0 0 0 0 0 0 0 0 0 0 0 0 0 0 0 0 0 0 0 0 0 0 0 0 0 0 0 0 0 0 0 0 0 0 0 0 0 0 0 0 0 0 0 0 0 0 0 0 0 0 0 0 0 0 0 0 0 0 0 0 0 0 0 0 0 0 0 0 0 0 0 0 0 0 0 0 0 0 0 0 0 0 0 0 0 0 0 0 0 0 0 0 0 0 0 0 0 0 0 0 0 0 0 0 0 0 0 0 0 0 0 0 0 0 0 0 0 0 0 0 0 0 0 0 0 0 0 0 0 0 0 0 0 0 0 0 0 0 0 0 0 0 0 0 0 0 0 0 0 0 0 0 0 0 0 0 0 0 0 0 0 0 0 0 0 0 0 0 0 0 0 0 0 0 0 0 0 0 0 0 0 0 0 0 0 0 0 0 0 0 0 0 0 0 0 0 0 0 0 0 0 0 0 0 0 0 0 0 0 0 0 0 0 0 0 0 0 0 0 0 0 0 0 0 0 0 0 0 0 0 0 0 0 0 0 0 0 0 0 0 0 0 0 0 0 0 0 0 0 0 0 0 0 0 0 0 0 0 0 0 0 0 0 0 0 0 0 0 0 0 0 0 0 0 0 0 0 0 0 0 0 0 0 0 0 0 0 0 0 0 0 0 0 0 0 0 0 0 0 0 0 0 0 0 0 0 0 0 0 0 0 0 0 0 0 0 0 0 0 0 0 0 0 0 0 0 0 0 0 0 0 0 0 0 0 0 0 0 0 0 0 0 0 0 0 0 0 0 0 0 0 0 0 0 0 0 0 0 0 0 0 0 0 0 0 0 0 0 0 0 0 0 0 0 0 0 0 0 0 0 0 0 0 0 0 0 0 0 0 0 0 0 0 0 0 0 0 0 0 0 0 0 0 0 0 0 0 0 0 0 0 0 0 0 0 0 0 0 0 0 0 0 0 0 0 0 0 0 0 0 0 0 0 0 0 0 0 0 0 0 0 0 0 0 0 0 0 0 0 0 0 0 0 0 0 0 0 0 0 0 0 0 0 0 0 0 0 0 0 0 0 0 0 0 0 0 0 0 0 0 0 0 0 0 0 0 0 0 0 0 0 0 0 0 0 0 0 0 0 0 0 0 0 0 0 0 0 0 0 0 0 0 0 0 0 0 0 0 0 0 0 0 0 0 0 0 0 0 0 0 0 0 0 0 0 0 0 0 0 0 0 0 0 0 0 0 0 0 0 0 0 0 0 0 0 0 0 0 0 0 0 0 0 0 0 0 0 0 0 0 0 0 0 0 0 0 0 0 0 0 0 0 0 0 0 0 0 0 0 0 0 0 0 0 0 0 0 0 0 0 0 0 0 0 0 0 0 0 0 0 0 0 0 0 0 0 0 0 0 0 0 0 0 0 0 0 0 0 0 0 0 0 0 0 0 0 0 0 0 0 0 0 0 0 0 0 0 0 0 0 0 0 0 0 0 0 0 0 0 0 0 0 0 0 0 0 0 0 0 0 0 0 0 0 0 0 0 0 0 0 0 0 0 0 0 0 0 0 0 0 0 0 0 0 0 0 0 0 0 0 0 0 0 0 0 0 0 0 0 0 0 0 0 0 0 0 0 0 0 0 0 0 0 0 0 0 0 0 0 0 0 0 0 0 0 0 0 0 0 0 0 0 0 0 0 0 0 0 0 0 0 0 0 0 0 0 0 0 0 0 0 0 0 0 0 0 0 0 0 0 0 0 0 0 0 0 0 0 0 0 0 0 0 0 0 0 0 0 0 0 0 0 0 0 0 0 0 0 0 0 0 0 0 0 0 0 0 0 0 0 0 0 0 0 0 0 0 0 0 0 0 0 0 0 0 0 0 0 0 0 0 0 0 0 0 0 0 0 0 0 0 0 0 0 0 0 0 0 0 0 0 0 0 0 0 0 0 0 0 0 0 0 0 0 0 0 0 0 0 0 0 0 0 0 0 0 0 0 0 0 0 0 0 0 0 0 0 0 0 0 0 0 0 0 0 0 0 0 0 0 0 0 0 0 0 0 0 0 0 0 0 0 0 0 0 0 0 0 0 0 0 0 0 0 0 0 0 0 0 0 0 0 0 0 0 0 0 0 0 0 0 0 0 0 0 0 0 0 0 0 0 0 0 0 0 0 0 0 0 0 0 0 0 0 0 0 0 0 0 0 0 0 0 0 0 0 0 0 0 0 0 0 0 0 0 0 0 0 0 0 0 0 0 0 0 0 0 0 0 0 0 0 0 0 0 0 0 0 0 0 0 0 0 0 0 0 0 0 0 0 0 0 0 0 0 0 0 0 0 0 0 0 0 0 0 0 0 0 0 0 0 0 0 0 0 0 0 0 0 0 0 0 0 0 0 0 0 0 0 0 0 0 0 0 0 0 0 0 0 0 0 0 0 0 0 0 0 0 0 0 0 0 0 0 0 0 0 0 0 0 0 0 0 0 0 0 0 0 0 0 0 0 0 0 0 0 0 0 0 0 0 0 0 0 0 0 0 0 0 0 0 0 0 0 0 0 0 0 0 0 0 0 0 0 0 0 0 0 0 0 0 0 0 0 0 0 0 0 0 0 0 0 0 0 0 0 0 0 0 0 0 0 0 0 0 0 0 0 0 0 0 0 0 0 0 0 0 0 0 0 0 0 0 0 0 0 0 0 0 0 0 0 0 0 0 0 0 0 0 0 0 0 0 0 0 0 0 0 0 0 0 0 0 0 0 0 0 0 0 0 0 0 0 0 0 0 0 0 0 0 0 0 0 0 0 0 0 0 0 0 0 0 0 0 0 0 0 0 0 0 0 0 0 0 0 0 0 0 0 0 0 0 0 0 0 0 0 0 0 0 0 0 0 0 0 0 0 0 0 0 0 0 0 0 0 0 0 0 0 0 0 0 0 0 0 0 0 0 0 0 0 0 0 0 0 0 0 0 0 0 0 0 0 0 0 0 0 0 0 0 0 0 0 0 0 0 0 0 0 0 0 0 0 0 0 0 0 0 0 0 0 0 0 0 0 0 0 0 0 0 0 0 0 0 0 0 0 0 0 0 0 0 0 0 0 0 0 0 0 0 0 0 0 0 0 0 0 0 0 0 0 0 0 0 0 0 0 0 0 0 0 0 0 0 0 0 0 0 0 0 0 0 0 0 0 0 0 0 0 0 0 0 0 0 0 0 0 0 0 0 0 0 0 0 0 0 0 0 0 0 0 0 0 0 0 0 0 0 0 0 0 0 0 0 0 0 0 0 0 0 0 0 0 0 0 0 0 0 0 0 0 0 0 0 0 0 0 0 0 0 0 0 0 0 0 0 0 0 0 0 0 0 0 0 0 0 0 0 0 0 0 0 0 0 0 0 0 0 0 0 0 0 0 0 0 0 0 0 0 0 0 0 0 0 0 0 0 0 0 0 0 0 0 0 0 0 0 0 0 0 0 0 0 0 0 0 0 0 0 0 0 0 0 0 0 0 0 0 0 0 0 0 0 0 0 0 0 0 0 0 0 0 0 0 0 0 0 0 0 0 0 0 0 0 0 0 0 0 0 0 0 0 0 0 0 0 0 0 0 0 0 0 0 0 0 0 0 0 0 0 0 0 0 0 0 0 0 0 0 0 0 0 0 0 0 0 0 0 0 0 0 0 0 0 0 0 0 0 0 0 0 0 0 0 0 0 0 0 0 0 0 0 0 0 0 0 0 0 0 0 0 0 0 0 0 0 0
ctxt 7139880
btime 1613144793
processes 142542
procs_running 1
procs_blocked 0
softirq 80787932 1 50455686 1628 1270897 0 0 153 2572792 0 26486775
