cpu  33654609 4 60814 7152505 515 0 5262 0 0 0
cpu0 934343 0 1670 198790 9 0 915 0 0 0
cpu1 933628 0 2919 198720 1 0 139 0 0 0
cpu2 934247 0 2063 198998 2 0 61 0 0 0
cpu3 934951 0 1209 199093 17 0 105 0 0 0
cpu4 934281 0 1848 199165 2 0 90 0 0 0
cpu5 934633 0 1580 199079 2 0 87 0 0 0
cpu6 934541 0 1925 198842 1 0 65 0 0 0
cpu7 935223 0 1165 198925 5 0 54 0 0 0
cpu8 934927 0 1667 198725 6 0 50 0 0 0
cpu9 932800 0 3384 199024 9 0 165 0 0 0
cpu10 934245 0 2022 198898 4 0 199 0 0 0
cpu11 934032 0 2450 198759 2 0 115 0 0 0
cpu12 935468 0 1262 198540 11 0 82 0 0 0
cpu13 933459 0 3032 198762 4 0 112 0 0 0
cpu14 932892 0 3933 198319 4 0 217 0 0 0
cpu15 936236 0 2499 196577 14 0 48 0 0 0
cpu16 933878 0 2578 198723 2 0 180 0 0 0
cpu17 934672 0 1635 198969 2 0 92 0 0 0
cpu18 935606 0 665 199025 51 0 27 0 0 0
cpu19 935359 0 1026 198851 4 0 126 0 0 0
cpu20 935270 0 1081 198935 41 0 44 0 0 0
cpu21 935339 0 932 199006 42 0 64 0 0 0
cpu22 935360 0 767 199116 58 0 69 0 0 0
cpu23 934477 0 1682 199141 10 0 49 0 0 0
cpu24 935685 0 928 198705 0 0 40 0 0 0
cpu25 935516 0 741 199097 0 0 20 0 0 0
cpu26 935453 0 820 199026 1 0 71 0 0 0
cpu27 935046 0 1258 199031 0 0 35 0 0 0
cpu28 932471 0 2456 198993 0 0 1448 0 0 0
cpu29 935255 0 1347 198660 16 0 72 0 0 0
cpu30 935454 0 947 198921 2 0 31 0 0 0
cpu31 935646 0 1278 198379 4 0 53 0 0 0
cpu32 935830 1 1905 197558 7 0 68 0 0 0
cpu33 936565 2 1225 197465 7 0 103 0 0 0
cpu34 936805 0 1094 197282 122 0 48 0 0 0
cpu35 935003 0 1810 198389 34 0 106 0 0 0
intr 92607699 56 0 0 0 609 0 0 0 1 0 257 0 0 0 0 0 0 0 0 0 0 0 0 0 0 0 0 0 0 0 0 92 580 46 400 175 338 565 299 1489 513 830 528 343 806 905 450 581 812 526 1764 226 2553 1527 2865 1634 0 0 0 0 33 187 580 14 1280 721 304 698 711 541 10356 3700 0 0 16 12379 2 0 25584 1377 4321 1836 4786 2421 7770 2242 2127 6029 3342 4948 3784 1927 1747 4856 8747 2699 4741 7597 6791 4958 1203 1646 3381 1259 2307 1912 271336 8279 3337 4875 1952 2768 8122 5315 0 17 7954 1 0 0 0 0 0 0 0 0 0 0 0 0 0 0 0 0 0 0 0 0 0 0 0 0 0 0 0 0 0 0 0 0 0 0 0 0 0 22 0 0 0 0 0 0 0 0 0 0 0 0 0 0 0 0 0 0 0 0 0 0 0 0 0 0 0 0 0 0 0 0 0 0 0 0 0 0 0 0 0 0 0 0 0 0 0 0 0 0 0 0 0 0 0 0 0 0 0 0 0 0 0 0 0 0 0 0 0 0 0 0 0 0 0 0 0 0 0 0 0 0 0 0 0 0 0 0 0 0 0 0 0 0 0 0 0 0 0 0 0 0 0 0 0 0 0 0 0 0 0 0 0 0 0 0 0 0 0 0 0 0 0 0 0 0 0 0 0 0 0 0 0 0 0 0 0 0 0 0 0 0 0 0 0 0 0 0 0 0 0 0 0 0 0 0 0 0 0 0 0 0 0 0 0 0 0 0 0 0 0 0 0 0 0 0 0 0 0 0 0 0 0 0 0 0 0 0 0 0 0 0 0 0 0 0 0 0 0 0 0 0 0 0 0 0 0 0 0 0 0 0 0 0 0 0 0 0 0 0 0 0 0 0 0 0 0 0 0 0 0 0 0 0 0 0 0 0 0 0 0 0 0 0 0 0 0 0 0 0 0 0 0 0 0 0 0 0 0 0 0 0 0 0 0 0 0 0 0 0 0 0 0 0 0 0 0 0 0 0 0 0 0 0 0 0 0 0 0 0 0 0 0 0 0 0 0 0 0 0 0 0 0 0 0 0 0 0 0 0 0 0 0 0 0 0 0 0 0 0 0 0 0 0 0 0 0 0 0 0 0 0 0 0 0 0 0 0 0 0 0 0 0 0 0 0 0 0 0 0 0 0 0 0 0 0 0 0 0 0 0 0 0 0 0 0 0 0 0 0 0 0 0 0 0 0 0 0 0 0 0 0 0 0 0 0 0 0 0 0 0 0 0 0 0 0 0 0 0 0 0 0 0 0 0 0 0 0 0 0 0 0 0 0 0 0 0 0 0 0 0 0 0 0 0 0 0 0 0 0 0 0 0 0 0 0 0 0 0 0 0 0 0 0 0 0 0 0 0 0 0 0 0 0 0 0 0 0 0 0 0 0 0 0 0 0 0 0 0 0 0 0 0 0 0 0 0 0 0 0 0 0 0 0 0 0 0 0 0 0 0 0 0 0 0 0 0 0 0 0 0 0 0 0 0 0 0 0 0 0 0 0 0 0 0 0 0 0 0 0 0 0 0 0 0 0 0 0 0 0 0 0 0 0 0 0 0 0 0 0 0 0 0 0 0 0 0 0 0 0 0 0 0 0 0 0 0 0 0 0 0 0 0 0 0 0 0 0 0 0 0 0 0 0 0 0 0 0 0 0 0 0 0 0 0 0 0 0 0 0 0 0 0 0 0 0 0 0 0 0 0 0 0 0 0 0 0 0 0 0 0 0 0 0 0 0 0 0 0 0 0 0 0 0 0 0 0 0 0 0 0 0 0 0 0 0 0 0 0 0 0 0 0 0 0 0 0 0 0 0 0 0 0 0 0 0 0 0 0 0 0 0 0 0 0 0 0 0 0 0 0 0 0 0 0 0 0 0 0 0 0 0 0 0 0 0 0 0 0 0 0 0 0 0 0 0 0 0 0 0 0 0 0 0 0 0 0 0 0 0 0 0 0 0 0 0 0 0 0 0 0 0 0 0 0 0 0 0 0 0 0 0 0 0 0 0 0 0 0 0 0 0 0 0 0 0 0 0 0 0 0 0 0 0 0 0 0 0 0 0 0 0 0 0 0 0 0 0 0 0 0 0 0 0 0 0 0 0 0 0 0 0 0 0 0 0 0 0 0 0 0 0 0 0 0 0 0 0 0 0 0 0 0 0 0 0 0 0 0 0 0 0 0 0 0 0 0 0 0 0 0 0 0 0 0 0 0 0 0 0 0 0 0 0 0 0 0 0 0 0 0 0 0 0 0 0 0 0 0 0 0 0 0 0 0 0 0 0 0 0 0 0 0 0 0 0 0 0 0 0 0 0 0 0 0 0 0 0 0 0 0 0 0 0 0 0 0 0 0 0 0 0 0 0 0 0 0 0 0 0 0 0 0 0 0 0 0 0 0 0 0 0 0 0 0 0 0 0 0 0 0 0 0 0 0 0 0 0 0 0 0 0 0 0 0 0 0 0 0 0 0 0 0 0 0 0 0 0 0 0 0 0 0 0 0 0 0 0 0 0 0 0 0 0 0 0 0 0 0 0 0 0 0 0 0 0 0 0 0 0 0 0 0 0 0 0 0 0 0 0 0 0 0 0 0 0 0 0 0 0 0 0 0 0 0 0 0 0 0 0 0 0 0 0 0 0 0 0 0 0 0 0 0 0 0 0 0 0 0 0 0 0 0 0 0 0 0 0 0 0 0 0 0 0 0 0 0 0 0 0 0 0 0 0 0 0 0 0 0 0 0 0 0 0 0 0 0 0 0 0 0 0 0 0 0 0 0 0 0 0 0 0 0 0 0 0 0 0 0 0 0 0 0 0 0 0 0 0 0 0
ctxt 23658049
btime 1613124388
processes 592464
procs_running 1
procs_blocked 0
softirq 119974890 1 69362335 967 4489590 0 0 429854 3124079 0 42568064
