cpu  6281407 6 9565 2077676 145 0 602 0 0 0
cpu0 98170 0 318 32075 0 0 140 0 0 0
cpu1 98087 0 134 32523 11 0 18 0 0 0
cpu2 98058 0 254 32345 0 0 83 0 0 0
cpu3 97892 0 268 32584 0 0 45 0 0 0
cpu4 98145 0 180 32446 0 0 3 0 0 0
cpu5 98150 0 49 32584 1 0 0 0 0 0
cpu6 98308 0 197 32272 0 0 1 0 0 0
cpu7 97612 0 530 32579 1 0 66 0 0 0
cpu8 98294 0 197 32287 1 0 2 0 0 0
cpu9 97903 0 253 32591 0 0 38 0 0 0
cpu10 98243 0 145 32398 1 0 1 0 0 0
cpu11 98155 0 32 32593 4 0 0 0 0 0
cpu12 98195 0 112 32472 0 0 0 0 0 0
cpu13 98107 0 86 32589 0 0 2 0 0 0
cpu14 98374 0 170 32235 0 0 3 0 0 0
cpu15 98159 0 36 32586 0 0 0 0 0 0
cpu16 99127 2 322 31315 7 0 1 0 0 0
cpu17 98156 0 37 32590 0 0 0 0 0 0
cpu18 98110 0 176 32491 0 0 0 0 0 0
cpu19 98156 0 44 32581 0 0 0 0 0 0
cpu20 98273 0 264 32106 80 0 6 0 0 0
cpu21 97940 0 225 32586 0 0 28 0 0 0
cpu22 97894 0 325 32559 2 0 4 0 0 0
cpu23 98092 0 99 32581 0 0 6 0 0 0
cpu24 98054 0 251 32459 4 0 6 0 0 0
cpu25 98151 0 44 32582 2 0 0 0 0 0
cpu26 97935 0 391 32443 0 0 5 0 0 0
cpu27 98153 0 38 32588 0 0 0 0 0 0
cpu28 98040 0 189 32544 0 0 3 0 0 0
cpu29 98150 0 42 32587 0 0 0 0 0 0
cpu30 98175 0 205 32380 2 0 5 0 0 0
cpu31 98116 0 82 32577 0 0 4 0 0 0
cpu32 98294 0 178 32288 0 0 0 0 0 0
cpu33 98028 0 165 32579 0 0 6 0 0 0
cpu34 98179 0 182 32374 0 0 0 0 0 0
cpu35 98156 0 44 32575 0 0 0 0 0 0
cpu36 98189 0 181 32393 0 0 0 0 0 0
cpu37 98152 0 38 32583 0 0 0 0 0 0
cpu38 98355 0 254 32147 0 0 0 0 0 0
cpu39 97816 0 343 32580 0 0 36 0 0 0
cpu40 98270 0 194 32298 1 0 0 0 0 0
cpu41 98131 0 62 32578 0 0 1 0 0 0
cpu42 98232 0 148 32398 0 0 0 0 0 0
cpu43 98158 0 47 32561 0 0 0 0 0 0
cpu44 98207 1 100 32457 0 0 1 0 0 0
cpu45 97991 0 182 32570 0 0 28 0 0 0
cpu46 98382 0 108 32274 0 0 0 0 0 0
cpu47 98155 0 40 32569 0 0 0 0 0 0
cpu48 98151 0 68 32550 0 0 0 0 0 0
cpu49 98152 0 34 32587 0 0 0 0 0 0
cpu50 98152 0 138 32471 0 0 0 0 0 0
cpu51 98151 0 43 32574 0 0 0 0 0 0
cpu52 98389 0 137 32228 2 0 1 0 0 0
cpu53 97996 0 180 32577 0 0 17 0 0 0
cpu54 98103 0 135 32522 0 0 2 0 0 0
cpu55 98075 0 106 32572 0 0 10 0 0 0
cpu56 98150 0 112 32507 0 0 0 0 0 0
cpu57 98151 0 41 32567 7 0 0 0 0 0
cpu58 98079 0 135 32551 0 0 1 0 0 0
cpu59 98148 0 43 32575 0 0 0 0 0 0
cpu60 98135 0 88 32543 0 0 1 0 0 0
cpu61 98155 0 48 32562 0 0 0 0 0 0
cpu62 98204 0 183 32358 0 0 1 0 0 0
cpu63 98121 0 90 32548 0 0 5 0 0 0
intr 18287440 83 0 0 0 612 0 0 0 1 0 285 0 0 0 0 0 0 0 0 0 0 0 0 0 0 0 0 0 0 0 0 0 0 0 0 0 0 0 5 954 26943 0 30 0 1 10735 0 12358 1196 0 2 1339 1077 0 17 0 2 0 2806 5736 20 4269 3 23 2 235 1 24 4 2545 7 7351 0 65 1 0 0 5527 57 0 0 0 140 1470 4 0 6 0 0 0 51 7571 3017 5756 4 0 880 252 2522 0 2 2272 0 0 0 0 0 0 0 0 0 0 0 0 0 0 0 0 0 31172 94 0 0 0 0 0 0 0 0 0 0 0 0 0 0 0 0 0 0 0 0 0 0 0 0 0 0 0 0 0 0 0 0 0 0 0 0 0 0 0 0 0 0 0 0 0 0 0 0 0 0 0 0 0 0 0 0 0 0 0 0 0 0 0 0 0 0 0 0 0 0 0 0 0 0 0 20 0 0 0 0 0 0 0 0 0 0 0 0 0 0 0 0 0 0 0 0 0 0 0 0 0 0 0 0 0 0 0 0 0 0 0 0 0 0 0 0 0 0 0 0 0 0 0 0 0 0 0 0 0 0 0 0 0 0 0 0 0 0 0 0 0 0 0 0 0 0 0 0 0 0 0 0 0 0 0 0 0 0 0 0 0 0 0 0 0 0 0 0 0 0 0 0 0 0 0 0 0 0 0 0 0 0 0 0 0 0 0 0 0 0 0 0 0 0 0 0 0 0 0 0 0 0 0 0 0 0 0 0 0 0 0 0 0 0 0 0 0 0 0 0 0 0 0 0 0 0 0 0 0 0 0 0 0 0 0 0 0 0 0 0 0 0 0 0 0 0 0 0 0 0 0 0 0 0 0 0 0 0 0 0 0 0 0 0 0 0 0 0 0 0 0 0 0 0 0 0 0 0 0 0 0 0 0 0 0 0 0 0 0 0 0 0 0 0 0 0 0 0 0 0 0 0 0 0 0 0 0 0 0 0 0 0 0 0 0 0 0 0 0 0 0 0 0 0 0 0 0 0 0 0 0 0 0 0 0 0 0 0 0 0 0 0 0 0 0 0 0 0 0 0 0 0 0 0 0 0 0 0 0 0 0 0 0 0 0 0 0 0 0 0 0 0 0 0 0 0 0 0 0 0 0 0 0 0 0 0 0 0 0 0 0 0 0 0 0 0 0 0 0 0 0 0 0 0 0 0 0 0 0 0 0 0 0 0 0 0 0 0 0 0 0 0 0 0 0 0 0 0 0 0 0 0 0 0 0 0 0 0 0 0 0 0 0 0 0 0 0 0 0 0 0 0 0 0 0 0 0 0 0 0 0 0 0 0 0 0 0 0 0 0 0 0 0 0 0 0 0 0 0 0 0 0 0 0 0 0 0 0 0 0 0 0 0 0 0 0 0 0 0 0 0 0 0 0 0 0 0 0 0 0 0 0 0 0 0 0 0 0 0 0 0 0 0 0 0 0 0 0 0 0 0 0 0 0 0 0 0 0 0 0 0 0 0 0 0 0 0 0 0 0 0 0 0 0 0 0 0 0 0 0 0 0 0 0 0 0 0 0 0 0 0 0 0 0 0 0 0 0 0 0 0 0 0 0 0 0 0 0 0 0 0 0 0 0 0 0 0 0 0 0 0 0 0 0 0 0 0 0 0 0 0 0 0 0 0 0 0 0 0 0 0 0 0 0 0 0 0 0 0 0 0 0 0 0 0 0 0 0 0 0 0 0 0 0 0 0 0 0 0 0 0 0 0 0 0 0 0 0 0 0 0 0 0 0 0 0 0 0 0 0 0 0 0 0 0 0 0 0 0 0 0 0 0 0 0 0 0 0 0 0 0 0 0 0 0 0 0 0 0 0 0 0 0 0 0 0 0 0 0 0 0 0 0 0 0 0 0 0 0 0 0 0 0 0 0 0 0 0 0 0 0 0 0 0 0 0 0 0 0 0 0 0 0 0 0 0 0 0 0 0 0 0 0 0 0 0 0 0 0 0 0 0 0 0 0 0 0 0 0 0 0 0 0 0 0 0 0 0 0 0 0 0 0 0 0 0 0 0 0 0 0 0 0 0 0 0 0 0 0 0 0 0 0 0 0 0 0 0 0 0 0 0 0 0 0 0 0 0 0 0 0 0 0 0 0 0 0 0 0 0 0 0 0 0 0 0 0 0 0 0 0 0 0 0 0 0 0 0 0 0 0 0 0 0 0 0 0 0 0 0 0 0 0 0 0 0 0 0 0 0 0 0 0 0 0 0 0 0 0 0 0 0 0 0 0 0 0 0 0 0 0 0 0 0 0 0 0 0 0 0 0 0 0 0 0 0 0 0 0 0 0 0 0 0 0 0 0 0 0 0 0 0 0 0 0 0 0 0 0 0 0 0 0 0 0 0 0 0 0 0 0 0 0 0 0 0 0 0 0 0 0 0 0 0 0 0 0 0 0 0 0 0 0 0 0 0 0 0 0 0 0 0 0 0 0 0 0 0 0 0 0 0 0 0 0 0 0 0 0 0 0 0 0 0 0 0 0 0 0 0 0 0 0 0 0 0 0 0 0 0 0 0 0 0 0 0 0 0 0 0 0 0 0 0 0 0 0 0 0 0 0 0 0 0 0 0 0 0 0 0 0 0 0 0 0 0 0 0 0 0 0 0 0 0 0 0 0 0 0 0 0 0 0 0 0 0 0 0 0 0 0 0 0 0 0 0 0 0 0 0 0 0 0 0 0 0 0 0 0 0 0 0 0 0 0 0 0 0 0 0 0 0 0 0 0 0 0 0 0 0 0 0 0 0 0 0 0 0 0 0 0 0 0 0 0 0 0 0 0 0 0 0 0 0 0 0 0 0 0 0 0 0 0 0 0 0 0 0 0 0 0 0 0 0 0 0 0 0 0 0 0 0 0 0 0 0 0 0 0 0 0 0 0 0 0 0 0 0 0 0 0 0 0 0 0 0 0 0 0 0 0 0 0 0 0 0 0 0 0 0 0 0 0 0 0 0 0 0 0 0 0 0 0 0 0 0 0 0 0 0 0 0 0 0 0 0 0 0 0 0 0 0 0 0 0 0 0 0 0 0 0 0 0 0 0 0 0 0 0 0 0 0 0 0 0 0 0 0 0 0 0 0 0 0 0 0 0 0 0 0 0 0 0 0 0 0 0 0 0 0 0 0 0 0 0 0 0 0 0 0 0 0 0 0 0 0 0 0 0 0 0 0 0 0 0 0 0 0 0 0 0 0 0 0 0 0 0 0 0 0 0 0 0 0 0 0 0 0 0 0 0 0 0 0 0 0 0 0 0 0 0 0 0 0 0 0 0 0 0 0 0 0 0 0 0 0 0 0 0 0 0 0 0 0 0 0 0 0 0 0 0 0 0 0 0 0 0 0 0 0 0 0 0 0 0 0 0 0 0 0 0 0 0 0 0 0 0 0 0 0 0 0 0 0 0 0 0 0 0 0 0 0 0 0 0 0 0 0 0 0 0 0 0 0 0 0 0 0 0 0 0 0 0 0 0 0 0 0 0 0 0 0 0 0 0 0 0 0 0 0 0 0 0 0 0 0 0 0 0 0 0 0 0 0 0 0 0 0 0 0 0 0 0 0 0 0 0 0 0 0 0 0 0 0 0 0 0 0 0 0 0 0 0 0 0 0 0 0 0 0 0 0 0 0 0 0 0 0 0 0 0 0 0 0 0 0 0 0 0 0 0 0 0 0 0 0 0 0 0 0 0 0 0 0 0 0 0 0 0 0 0 0 0 0 0 0 0 0 0 0 0 0 0 0 0 0 0 0 0 0 0 0 0 0 0 0 0 0 0 0 0 0 0 0 0 0 0 0 0 0 0 0 0 0 0 0 0 0 0 0 0 0 0 0 0 0 0 0 0 0 0 0 0 0 0 0 0 0 0 0 0 0 0 0 0 0 0 0 0 0 0 0 0 0 0 0 0 0 0 0 0 0 0 0 0 0 0 0 0 0 0 0 0 0 0 0 0 0 0 0 0 0 0 0 0 0 0 0 0 0 0 0 0 0 0 0 0 0 0 0 0 0 0 0 0 0 0 0 0 0 0 0 0 0 0 0 0 0 0 0 0 0 0 0 0 0 0 0 0 0 0 0 0 0 0 0 0 0 0 0 0 0 0 0 0 0 0 0 0 0 0 0 0 0 0 0 0 0 0 0 0 0 0 0 0 0 0 0 0 0 0 0 0 0 0 0 0 0 0 0 0 0 0 0 0 0 0 0 0 0 0 0 0 0 0 0 0 0 0 0 0 0 0 0 0 0 0 0 0 0 0 0 0 0 0 0 0 0 0 0 0 0 0 0 0 0 0 0 0 0 0 0 0 0 0 0 0 0 0 0 0 0 0 0 0 0 0 0 0 0 0 0 0 0 0 0 0 0 0 0 0 0 0 0 0 0 0 0 0 0 0 0 0 0 0 0 0 0 0 0 0 0 0 0 0 0 0 0 0 0 0 0 0 0 0 0 0 0 0 0 0 0 0 0 0 0 0 0 0 0 0 0 0 0 0 0 0 0 0 0 0 0 0 0 0 0 0 0 0 0 0 0 0 0 0 0 0 0 0 0 0 0 0 0 0 0 0 0 0 0 0 0 0 0 0 0 0 0 0 0 0 0 0 0 0 0 0 0 0 0 0 0 0 0 0 0 0 0 0 0 0 0 0 0 0 0 0 0 0 0 0 0 0 0 0 0 0 0 0 0 0 0 0 0 0 0 0 0 0 0 0 0 0 0 0 0 0 0 0 0 0 0 0 0 0 0 0 0 0 0 0 0 0 0 0 0 0 0 0 0 0 0 0 0 0 0 0 0 0 0 0 0 0 0 0 0 0 0 0 0 0 0 0 0 0 0 0 0 0 0 0 0 0 0 0 0 0 0 0 0 0 0 0 0 0 0 0 0 0 0 0 0 0 0 0 0 0 0 0 0 0 0 0 0 0 0 0 0 0 0 0 0 0 0 0 0 0 0 0 0 0 0 0 0 0 0 0 0 0 0 0 0 0 0 0 0 0 0 0 0 0 0 0 0 0 0 0 0 0 0 0 0 0 0 0 0 0 0 0 0 0 0 0 0 0 0 0 0 0 0 0 0 0 0 0 0 0 0 0 0 0 0 0 0 0 0 0 0 0 0 0 0 0 0 0 0 0 0 0 0 0 0 0 0 0
ctxt 3041194
btime 1613144793
processes 69720
procs_running 1
procs_blocked 0
softirq 20091041 1 11291767 826 572969 0 0 150 712902 0 7512426
