cpu  29693823 4 42953 7197671 497 0 4334 0 0 0
cpu0 824187 0 1682 199773 13 0 672 0 0 0
cpu1 826859 0 1330 197817 1 0 140 0 0 0
cpu2 823506 0 2021 199399 2 0 1124 0 0 0
cpu3 823832 0 2012 200149 4 0 100 0 0 0
cpu4 824824 0 1391 199772 44 0 62 0 0 0
cpu5 825162 0 1292 199574 29 0 30 0 0 0
cpu6 824585 0 1188 200226 16 0 60 0 0 0
cpu7 824680 0 1065 200280 13 0 48 0 0 0
cpu8 824790 0 980 200215 72 0 33 0 0 0
cpu9 824602 0 1095 200323 2 0 77 0 0 0
cpu10 824167 0 1477 200287 4 0 159 0 0 0
cpu11 824812 0 1044 200184 0 0 46 0 0 0
cpu12 822851 0 2726 200183 9 0 309 0 0 0
cpu13 824867 0 1164 199961 1 0 93 0 0 0
cpu14 824628 0 1067 200361 2 0 31 0 0 0
cpu15 824322 0 1433 200128 5 0 205 0 0 0
cpu16 823876 0 1715 200286 2 0 208 0 0 0
cpu17 824580 0 1249 200208 7 0 31 0 0 0
cpu18 825273 0 1010 199786 4 0 15 0 0 0
cpu19 826320 0 964 198700 48 0 30 0 0 0
cpu20 826086 0 1113 198802 2 0 53 0 0 0
cpu21 824982 0 1786 199220 2 0 80 0 0 0
cpu22 824810 0 1496 199674 62 0 42 0 0 0
cpu23 825238 0 814 199924 70 0 14 0 0 0
cpu24 825169 0 736 200093 4 0 80 0 0 0
cpu25 825001 0 860 200207 1 0 14 0 0 0
cpu26 824827 0 816 200369 0 0 73 0 0 0
cpu27 824649 0 966 200348 1 0 121 0 0 0
cpu28 825047 0 748 200255 1 0 30 0 0 0
cpu29 825169 0 557 200337 0 0 20 0 0 0
cpu30 825154 0 715 200191 10 0 13 0 0 0
cpu31 825559 0 461 200032 1 0 29 0 0 0
cpu32 825113 2 628 200314 8 0 10 0 0 0
cpu33 825106 0 802 200078 20 0 61 0 0 0
cpu34 824340 0 1436 200142 19 0 135 0 0 0
cpu35 824834 0 1098 200054 2 0 72 0 0 0
intr 81820972 56 0 0 0 614 0 0 0 1 0 263 0 0 0 0 0 0 0 0 0 0 0 0 0 0 0 0 0 0 0 0 0 742 197 607 522 4765 2539 590 413 3010 1162 175 127 2455 286 672 277 670 480 297 6192 837 265 2204 3248 0 0 0 0 389 128 442 473 70 128 614 119 1019 1858 1372 354 93 0 16 16106 4035 0 20995 1026 197749 2708 584 1062 1458 1949 1933 1597 1467 2129 88325 8749 4021 3232 2747 1111 1929 706 5729 5345 626 1337 479 786 2035 1583 1192 3138 974 909 1665 2444 1905 1416 0 18 7975 1 0 0 0 0 0 0 0 0 0 0 0 0 0 0 0 0 0 0 0 0 0 0 0 0 0 0 0 0 0 0 0 0 0 0 0 0 0 21 0 0 0 0 0 0 0 0 0 0 0 0 0 0 0 0 0 0 0 0 0 0 0 0 0 0 0 0 0 0 0 0 0 0 0 0 0 0 0 0 0 0 0 0 0 0 0 0 0 0 0 0 0 0 0 0 0 0 0 0 0 0 0 0 0 0 0 0 0 0 0 0 0 0 0 0 0 0 0 0 0 0 0 0 0 0 0 0 0 0 0 0 0 0 0 0 0 0 0 0 0 0 0 0 0 0 0 0 0 0 0 0 0 0 0 0 0 0 0 0 0 0 0 0 0 0 0 0 0 0 0 0 0 0 0 0 0 0 0 0 0 0 0 0 0 0 0 0 0 0 0 0 0 0 0 0 0 0 0 0 0 0 0 0 0 0 0 0 0 0 0 0 0 0 0 0 0 0 0 0 0 0 0 0 0 0 0 0 0 0 0 0 0 0 0 0 0 0 0 0 0 0 0 0 0 0 0 0 0 0 0 0 0 0 0 0 0 0 0 0 0 0 0 0 0 0 0 0 0 0 0 0 0 0 0 0 0 0 0 0 0 0 0 0 0 0 0 0 0 0 0 0 0 0 0 0 0 0 0 0 0 0 0 0 0 0 0 0 0 0 0 0 0 0 0 0 0 0 0 0 0 0 0 0 0 0 0 0 0 0 0 0 0 0 0 0 0 0 0 0 0 0 0 0 0 0 0 0 0 0 0 0 0 0 0 0 0 0 0 0 0 0 0 0 0 0 0 0 0 0 0 0 0 0 0 0 0 0 0 0 0 0 0 0 0 0 0 0 0 0 0 0 0 0 0 0 0 0 0 0 0 0 0 0 0 0 0 0 0 0 0 0 0 0 0 0 0 0 0 0 0 0 0 0 0 0 0 0 0 0 0 0 0 0 0 0 0 0 0 0 0 0 0 0 0 0 0 0 0 0 0 0 0 0 0 0 0 0 0 0 0 0 0 0 0 0 0 0 0 0 0 0 0 0 0 0 0 0 0 0 0 0 0 0 0 0 0 0 0 0 0 0 0 0 0 0 0 0 0 0 0 0 0 0 0 0 0 0 0 0 0 0 0 0 0 0 0 0 0 0 0 0 0 0 0 0 0 0 0 0 0 0 0 0 0 0 0 0 0 0 0 0 0 0 0 0 0 0 0 0 0 0 0 0 0 0 0 0 0 0 0 0 0 0 0 0 0 0 0 0 0 0 0 0 0 0 0 0 0 0 0 0 0 0 0 0 0 0 0 0 0 0 0 0 0 0 0 0 0 0 0 0 0 0 0 0 0 0 0 0 0 0 0 0 0 0 0 0 0 0 0 0 0 0 0 0 0 0 0 0 0 0 0 0 0 0 0 0 0 0 0 0 0 0 0 0 0 0 0 0 0 0 0 0 0 0 0 0 0 0 0 0 0 0 0 0 0 0 0 0 0 0 0 0 0 0 0 0 0 0 0 0 0 0 0 0 0 0 0 0 0 0 0 0 0 0 0 0 0 0 0 0 0 0 0 0 0 0 0 0 0 0 0 0 0 0 0 0 0 0 0 0 0 0 0 0 0 0 0 0 0 0 0 0 0 0 0 0 0 0 0 0 0 0 0 0 0 0 0 0 0 0 0 0 0 0 0 0 0 0 0 0 0 0 0 0 0 0 0 0 0 0 0 0 0 0 0 0 0 0 0 0 0 0 0 0 0 0 0 0 0 0 0 0 0 0 0 0 0 0 0 0 0 0 0 0 0 0 0 0 0 0 0 0 0 0 0 0 0 0 0 0 0 0 0 0 0 0 0 0 0 0 0 0 0 0 0 0 0 0 0 0 0 0 0 0 0 0 0 0 0 0 0 0 0 0 0 0 0 0 0 0 0 0 0 0 0 0 0 0 0 0 0 0 0 0 0 0 0 0 0 0 0 0 0 0 0 0 0 0 0 0 0 0 0 0 0 0 0 0 0 0 0 0 0 0 0 0 0 0 0 0 0 0 0 0 0 0 0 0 0 0 0 0 0 0 0 0 0 0 0 0 0 0 0 0 0 0 0 0 0 0 0 0 0 0 0 0 0 0 0 0 0 0 0 0 0 0 0 0 0 0 0 0 0 0 0 0 0 0 0 0 0 0 0 0 0 0 0 0 0 0 0 0 0 0 0 0 0 0 0 0 0 0 0 0 0 0 0 0 0 0 0 0 0 0 0 0 0 0 0 0 0 0 0 0 0 0 0 0 0 0 0 0 0 0 0 0 0 0 0 0 0 0 0 0 0 0 0 0 0 0 0 0 0 0 0 0 0 0 0 0 0 0 0 0 0 0 0 0 0 0 0 0 0 0 0 0 0 0 0 0 0 0 0 0 0 0 0 0 0 0 0 0 0 0 0 0 0 0 0 0 0 0 0 0 0 0 0 0 0 0 0 0 0 0 0 0 0 0 0 0 0 0 0 0 0 0 0 0 0 0 0 0 0 0 0 0 0 0 0 0 0 0 0 0 0 0 0 0
ctxt 21183071
btime 1613124388
processes 530934
procs_running 1
procs_blocked 0
softirq 106707042 1 61703710 860 3995150 0 0 374773 2770514 0 37862034
