cpu  19945904 8 44080 4025155 179 0 4053 0 0 0
cpu0 310397 0 2052 62534 0 0 245 0 0 0
cpu1 311672 0 622 62947 9 0 86 0 0 0
cpu2 310986 0 1350 62873 1 0 108 0 0 0
cpu3 311016 0 1094 63045 4 0 154 0 0 0
cpu4 311710 0 1258 62170 8 0 98 0 0 0
cpu5 311944 0 315 63031 4 0 21 0 0 0
cpu6 311387 0 820 62978 1 0 121 0 0 0
cpu7 311665 0 640 62931 2 0 78 0 0 0
cpu8 311114 0 1184 62955 0 0 56 0 0 0
cpu9 311999 0 303 62978 3 0 35 0 0 0
cpu10 311470 0 851 62901 3 0 78 0 0 0
cpu11 312056 0 235 63009 2 0 10 0 0 0
cpu12 311023 0 1285 62939 1 0 65 0 0 0
cpu13 312006 0 362 62893 1 0 41 0 0 0
cpu14 311199 0 1173 62859 0 0 84 0 0 0
cpu15 311853 0 593 62762 2 0 90 0 0 0
cpu16 310325 0 1820 62977 0 0 186 0 0 0
cpu17 311879 0 411 62838 1 0 165 0 0 0
cpu18 310556 0 1669 62931 0 0 159 0 0 0
cpu19 311916 0 408 62928 1 0 51 0 0 0
cpu20 311224 0 1047 62847 48 0 99 0 0 0
cpu21 312022 0 304 62959 11 0 16 0 0 0
cpu22 311290 0 934 62984 1 0 100 0 0 0
cpu23 311963 0 306 63010 8 0 25 0 0 0
cpu24 311603 0 738 62931 1 0 31 0 0 0
cpu25 312010 0 241 63054 1 0 10 0 0 0
cpu26 311078 0 1133 62944 0 0 145 0 0 0
cpu27 311846 0 400 63018 1 0 47 0 0 0
cpu28 311283 0 960 62990 0 0 76 0 0 0
cpu29 312027 0 233 63034 2 0 16 0 0 0
cpu30 311016 0 1102 62980 0 0 202 0 0 0
cpu31 311884 0 348 63044 1 0 28 0 0 0
cpu32 311656 0 881 62722 1 0 36 0 0 0
cpu33 311810 0 419 63048 1 0 26 0 0 0
cpu34 311285 2 970 63020 0 0 29 0 0 0
cpu35 311840 0 386 63052 0 0 29 0 0 0
cpu36 312278 0 650 62333 0 0 34 0 0 0
cpu37 311914 0 330 63040 5 0 16 0 0 0
cpu38 313389 0 559 61311 1 0 35 0 0 0
cpu39 311720 0 519 63022 1 0 42 0 0 0
cpu40 311797 0 610 62862 5 0 26 0 0 0
cpu41 312075 0 276 62920 1 0 18 0 0 0
cpu42 311228 0 977 62942 0 0 152 0 0 0
cpu43 312133 0 180 62982 0 0 10 0 0 0
cpu44 311579 0 939 62767 0 0 18 0 0 0
cpu45 312079 0 270 62929 0 0 22 0 0 0
cpu46 310990 0 1471 62683 0 0 148 0 0 0
cpu47 312189 0 270 62815 2 0 18 0 0 0
cpu48 311290 0 1165 62788 0 0 57 0 0 0
cpu49 312097 0 369 62816 2 0 12 0 0 0
cpu50 311279 0 934 63008 0 0 77 0 0 0
cpu51 312105 0 250 62933 2 0 11 0 0 0
cpu52 311863 0 398 63001 0 0 40 0 0 0
cpu53 312053 0 261 62968 3 0 16 0 0 0
cpu54 311728 0 511 63012 1 0 41 0 0 0
cpu55 311929 0 334 63012 0 0 22 0 0 0
cpu56 311787 0 617 62879 0 0 11 0 0 0
cpu57 312084 0 182 63019 0 0 8 0 0 0
cpu58 311804 0 462 62994 0 0 34 0 0 0
cpu59 311702 1 482 63030 1 0 83 0 0 0
cpu60 311745 0 587 62925 0 0 20 0 0 0
cpu61 312061 0 192 63022 1 0 17 0 0 0
cpu62 310930 0 1147 63026 0 0 186 0 0 0
cpu63 312040 0 271 62966 7 0 6 0 0 0
intr 55189593 83 0 0 0 639 0 0 0 1 0 282 0 0 0 0 0 0 0 0 0 0 0 0 0 0 0 0 0 0 0 0 0 0 0 0 0 0 0 832 6491 1420 12469 4 7090 1250 4778 616 8711 11 1394 2 3209 245 3690 149 35519 8 3932 71 2072 0 6916 528 1177 12 3328 0 607 0 3235 2 7585 3 8833 104 7000 0 5544 80 2734 1 1188 40 1495 12 2162 391 2865 2 3136 2701 1865 1819 4656 0 822 111 2749 7 1567 47 1967 0 0 0 0 0 0 0 0 0 0 0 0 0 0 0 0 0 30971 93 0 0 0 0 0 0 0 0 0 0 0 0 0 0 0 0 0 0 0 0 0 0 0 0 0 0 0 0 0 0 0 0 0 0 0 0 0 0 0 0 0 0 0 0 0 0 0 0 0 0 0 0 0 0 0 0 0 0 0 0 0 0 0 0 0 0 0 0 0 0 0 0 0 0 0 15 0 0 0 0 0 0 0 0 0 0 0 0 0 0 0 0 0 0 0 0 0 0 0 0 0 0 0 0 0 0 0 0 0 0 0 0 0 0 0 0 0 0 0 0 0 0 0 0 0 0 0 0 0 0 0 0 0 0 0 0 0 0 0 0 0 0 0 0 0 0 0 0 0 0 0 0 0 0 0 0 0 0 0 0 0 0 0 0 0 0 0 0 0 0 0 0 0 0 0 0 0 0 0 0 0 0 0 0 0 0 0 0 0 0 0 0 0 0 0 0 0 0 0 0 0 0 0 0 0 0 0 0 0 0 0 0 0 0 0 0 0 0 0 0 0 0 0 0 0 0 0 0 0 0 0 0 0 0 0 0 0 0 0 0 0 0 0 0 0 0 0 0 0 0 0 0 0 0 0 0 0 0 0 0 0 0 0 0 0 0 0 0 0 0 0 0 0 0 0 0 0 0 0 0 0 0 0 0 0 0 0 0 0 0 0 0 0 0 0 0 0 0 0 0 0 0 0 0 0 0 0 0 0 0 0 0 0 0 0 0 0 0 0 0 0 0 0 0 0 0 0 0 0 0 0 0 0 0 0 0 0 0 0 0 0 0 0 0 0 0 0 0 0 0 0 0 0 0 0 0 0 0 0 0 0 0 0 0 0 0 0 0 0 0 0 0 0 0 0 0 0 0 0 0 0 0 0 0 0 0 0 0 0 0 0 0 0 0 0 0 0 0 0 0 0 0 0 0 0 0 0 0 0 0 0 0 0 0 0 0 0 0 0 0 0 0 0 0 0 0 0 0 0 0 0 0 0 0 0 0 0 0 0 0 0 0 0 0 0 0 0 0 0 0 0 0 0 0 0 0 0 0 0 0 0 0 0 0 0 0 0 0 0 0 0 0 0 0 0 0 0 0 0 0 0 0 0 0 0 0 0 0 0 0 0 0 0 0 0 0 0 0 0 0 0 0 0 0 0 0 0 0 0 0 0 0 0 0 0 0 0 0 0 0 0 0 0 0 0 0 0 0 0 0 0 0 0 0 0 0 0 0 0 0 0 0 0 0 0 0 0 0 0 0 0 0 0 0 0 0 0 0 0 0 0 0 0 0 0 0 0 0 0 0 0 0 0 0 0 0 0 0 0 0 0 0 0 0 0 0 0 0 0 0 0 0 0 0 0 0 0 0 0 0 0 0 0 0 0 0 0 0 0 0 0 0 0 0 0 0 0 0 0 0 0 0 0 0 0 0 0 0 0 0 0 0 0 0 0 0 0 0 0 0 0 0 0 0 0 0 0 0 0 0 0 0 0 0 0 0 0 0 0 0 0 0 0 0 0 0 0 0 0 0 0 0 0 0 0 0 0 0 0 0 0 0 0 0 0 0 0 0 0 0 0 0 0 0 0 0 0 0 0 0 0 0 0 0 0 0 0 0 0 0 0 0 0 0 0 0 0 0 0 0 0 0 0 0 0 0 0 0 0 0 0 0 0 0 0 0 0 0 0 0 0 0 0 0 0 0 0 0 0 0 0 0 0 0 0 0 0 0 0 0 0 0 0 0 0 0 0 0 0 0 0 0 0 0 0 0 0 0 0 0 0 0 0 0 0 0 0 0 0 0 0 0 0 0 0 0 0 0 0 0 0 0 0 0 0 0 0 0 0 0 0 0 0 0 0 0 0 0 0 0 0 0 0 0 0 0 0 0 0 0 0 0 0 0 0 0 0 0 0 0 0 0 0 0 0 0 0 0 0 0 0 0 0 0 0 0 0 0 0 0 0 0 0 0 0 0 0 0 0 0 0 0 0 0 0 0 0 0 0 0 0 0 0 0 0 0 0 0 0 0 0 0 0 0 0 0 0 0 0 0 0 0 0 0 0 0 0 0 0 0 0 0 0 0 0 0 0 0 0 0 0 0 0 0 0 0 0 0 0 0 0 0 0 0 0 0 0 0 0 0 0 0 0 0 0 0 0 0 0 0 0 0 0 0 0 0 0 0 0 0 0 0 0 0 0 0 0 0 0 0 0 0 0 0 0 0 0 0 0 0 0 0 0 0 0 0 0 0 0 0 0 0 0 0 0 0 0 0 0 0 0 0 0 0 0 0 0 0 0 0 0 0 0 0 0 0 0 0 0 0 0 0 0 0 0 0 0 0 0 0 0 0 0 0 0 0 0 0 0 0 0 0 0 0 0 0 0 0 0 0 0 0 0 0 0 0 0 0 0 0 0 0 0 0 0 0 0 0 0 0 0 0 0 0 0 0 0 0 0 0 0 0 0 0 0 0 0 0 0 0 0 0 0 0 0 0 0 0 0 0 0 0 0 0 0 0 0 0 0 0 0 0 0 0 0 0 0 0 0 0 0 0 0 0 0 0 0 0 0 0 0 0 0 0 0 0 0 0 0 0 0 0 0 0 0 0 0 0 0 0 0 0 0 0 0 0 0 0 0 0 0 0 0 0 0 0 0 0 0 0 0 0 0 0 0 0 0 0 0 0 0 0 0 0 0 0 0 0 0 0 0 0 0 0 0 0 0 0 0 0 0 0 0 0 0 0 0 0 0 0 0 0 0 0 0 0 0 0 0 0 0 0 0 0 0 0 0 0 0 0 0 0 0 0 0 0 0 0 0 0 0 0 0 0 0 0 0 0 0 0 0 0 0 0 0 0 0 0 0 0 0 0 0 0 0 0 0 0 0 0 0 0 0 0 0 0 0 0 0 0 0 0 0 0 0 0 0 0 0 0 0 0 0 0 0 0 0 0 0 0 0 0 0 0 0 0 0 0 0 0 0 0 0 0 0 0 0 0 0 0 0 0 0 0 0 0 0 0 0 0 0 0 0 0 0 0 0 0 0 0 0 0 0 0 0 0 0 0 0 0 0 0 0 0 0 0 0 0 0 0 0 0 0 0 0 0 0 0 0 0 0 0 0 0 0 0 0 0 0 0 0 0 0 0 0 0 0 0 0 0 0 0 0 0 0 0 0 0 0 0 0 0 0 0 0 0 0 0 0 0 0 0 0 0 0 0 0 0 0 0 0 0 0 0 0 0 0 0 0 0 0 0 0 0 0 0 0 0 0 0 0 0 0 0 0 0 0 0 0 0 0 0 0 0 0 0 0 0 0 0 0 0 0 0 0 0 0 0 0 0 0 0 0 0 0 0 0 0 0 0 0 0 0 0 0 0 0 0 0 0 0 0 0 0 0 0 0 0 0 0 0 0 0 0 0 0 0 0 0 0 0 0 0 0 0 0 0 0 0 0 0 0 0 0 0 0 0 0 0 0 0 0 0 0 0 0 0 0 0 0 0 0 0 0 0 0 0 0 0 0 0 0 0 0 0 0 0 0 0 0 0 0 0 0 0 0 0 0 0 0 0 0 0 0 0 0 0 0 0 0 0 0 0 0 0 0 0 0 0 0 0 0 0 0 0 0 0 0 0 0 0 0 0 0 0 0 0 0 0 0 0 0 0 0 0 0 0 0 0 0 0 0 0 0 0 0 0 0 0 0 0 0 0 0 0 0 0 0 0 0 0 0 0 0 0 0 0 0 0 0 0 0 0 0 0 0 0 0 0 0 0 0 0 0 0 0 0 0 0 0 0 0 0 0 0 0 0 0 0 0 0 0 0 0 0 0 0 0 0 0 0 0 0 0 0 0 0 0 0 0 0 0 0 0 0 0 0 0 0 0 0 0 0 0 0 0 0 0 0 0 0 0 0 0 0 0 0 0 0 0 0 0 0 0 0 0 0 0 0 0 0 0 0 0 0 0 0 0 0 0 0 0 0 0 0 0 0 0 0 0 0 0 0 0 0 0 0 0 0 0 0 0 0 0 0 0 0 0 0 0 0 0 0 0 0 0 0 0 0 0 0 0 0 0 0 0 0 0 0 0 0 0 0 0 0 0 0 0 0 0 0 0 0 0 0 0 0 0 0 0 0 0 0 0 0 0 0 0 0 0 0 0 0 0 0 0 0 0 0 0 0 0 0 0 0 0 0 0 0 0 0 0 0 0 0 0 0 0 0 0 0 0 0 0 0 0 0 0 0 0 0 0 0 0 0 0 0 0 0 0 0 0 0 0 0 0 0 0 0 0 0 0 0 0 0 0 0 0 0 0 0 0 0 0 0 0 0 0 0 0 0 0 0 0 0 0 0 0 0 0 0 0 0 0 0 0 0 0 0 0 0 0 0 0 0 0 0 0 0 0 0 0 0 0 0 0 0 0 0 0 0 0 0 0 0 0 0 0 0 0 0 0 0 0 0 0 0 0 0 0 0 0 0 0 0 0 0 0 0 0 0 0 0 0 0 0 0 0 0 0 0 0 0 0 0 0 0 0 0 0 0 0 0 0 0 0 0 0 0 0 0 0 0 0 0 0 0 0 0 0 0 0 0 0 0 0 0 0 0 0 0 0 0 0 0 0 0 0 0 0 0 0 0 0 0 0 0 0 0 0 0 0 0 0 0 0 0 0 0 0 0 0 0 0 0 0 0 0 0 0 0 0 0 0 0 0 0 0 0 0 0 0 0 0 0 0 0 0 0 0 0 0 0 0 0 0 0 0 0 0 0 0 0 0 0 0 0 0 0 0 0 0 0 0 0 0 0 0 0 0 0 0 0 0 0 0 0 0 0 0 0 0 0 0 0 0 0 0 0 0 0 0 0 0 0 0 0 0 0 0 0 0 0 0 0 0 0 0 0 0 0 0 0 0 0 0 0 0 0 0 0 0 0 0 0
ctxt 5960066
btime 1613123985
processes 121131
procs_running 1
procs_blocked 0
softirq 62327417 1 36336931 984 989823 0 0 143 1927779 0 23071756
