cpu  20004666 6 20034 28340902 401 0 1064 0 0 0
cpu0 156169 0 713 220645 0 0 190 0 0 0
cpu1 156209 0 184 221478 0 0 19 0 0 0
cpu2 156260 0 318 221293 0 0 1 0 0 0
cpu3 156122 0 256 221466 2 0 23 0 0 0
cpu4 156238 0 136 221520 0 0 2 0 0 0
cpu5 156256 0 146 221484 0 0 11 0 0 0
cpu6 155853 0 469 221556 2 0 12 0 0 0
cpu7 156165 0 233 221487 0 0 11 0 0 0
cpu8 156199 0 133 221560 0 0 5 0 0 0
cpu9 156268 0 135 221489 0 0 6 0 0 0
cpu10 156258 0 282 221335 2 0 9 0 0 0
cpu11 155977 0 174 221704 0 0 12 0 0 0
cpu12 156216 0 157 221508 0 0 0 0 0 0
cpu13 156312 0 90 221484 0 0 4 0 0 0
cpu14 156440 0 178 221270 0 0 2 0 0 0
cpu15 155574 0 776 221488 0 0 48 0 0 0
cpu16 156220 0 121 221554 0 0 0 0 0 0
cpu17 156261 0 134 221482 0 0 13 0 0 0
cpu18 156340 0 158 221382 1 0 2 0 0 0
cpu19 156086 0 220 221561 0 0 15 0 0 0
cpu20 156096 0 114 221657 0 0 3 0 0 0
cpu21 156303 0 93 221481 0 0 10 0 0 0
cpu22 156840 0 179 220868 0 0 2 0 0 0
cpu23 155990 0 218 221634 0 0 18 0 0 0
cpu24 156334 0 77 221481 0 0 1 0 0 0
cpu25 156058 0 255 221543 0 0 30 0 0 0
cpu26 157332 0 322 220124 4 0 40 0 0 0
cpu27 156245 0 124 221514 0 0 2 0 0 0
cpu28 156337 0 91 221455 0 0 0 0 0 0
cpu29 156185 0 191 221488 0 0 18 0 0 0
cpu30 156393 0 153 221330 2 0 0 0 0 0
cpu31 156170 0 102 221606 0 0 4 0 0 0
cpu32 156334 0 78 221459 0 0 0 0 0 0
cpu33 156166 0 208 221476 0 0 35 0 0 0
cpu34 156379 0 104 221320 69 0 3 0 0 0
cpu35 156069 0 281 221481 0 0 50 0 0 0
cpu36 156344 0 64 221478 0 0 0 0 0 0
cpu37 156294 0 106 221476 0 0 7 0 0 0
cpu38 156304 0 138 221438 0 0 1 0 0 0
cpu39 156226 0 131 221516 0 0 6 0 0 0
cpu40 156380 0 83 221422 0 0 0 0 0 0
cpu41 156261 0 88 221525 0 0 3 0 0 0
cpu42 156364 0 119 221385 3 0 2 0 0 0
cpu43 156168 0 114 221588 0 0 6 0 0 0
cpu44 156346 0 103 221433 0 0 0 0 0 0
cpu45 156064 0 246 221532 0 0 18 0 0 0
cpu46 156595 0 193 221086 0 0 2 0 0 0
cpu47 156116 0 252 221506 0 0 7 0 0 0
cpu48 156317 0 103 221460 1 0 1 0 0 0
cpu49 156264 0 132 221472 0 0 14 0 0 0
cpu50 156357 0 176 221345 0 0 0 0 0 0
cpu51 156062 0 161 221644 0 0 12 0 0 0
cpu52 156339 0 81 221439 16 0 0 0 0 0
cpu53 156299 0 106 221472 0 0 2 0 0 0
cpu54 156322 0 136 221389 4 0 2 0 0 0
cpu55 156174 0 152 221546 1 0 7 0 0 0
cpu56 156300 0 78 221492 0 0 2 0 0 0
cpu57 156196 0 170 221475 0 0 36 0 0 0
cpu58 156372 0 163 221328 1 0 0 0 0 0
cpu59 156175 0 111 221575 0 0 5 0 0 0
cpu60 156332 0 73 221471 0 0 0 0 0 0
cpu61 156218 0 145 221499 0 0 12 0 0 0
cpu62 156336 0 200 221317 4 0 0 0 0 0
cpu63 156295 0 106 221470 0 0 3 0 0 0
cpu64 156216 0 94 221562 1 0 0 0 0 0
cpu65 156186 0 116 221570 0 0 4 0 0 0
cpu66 156582 0 316 220930 1 0 1 0 0 0
cpu67 156230 0 120 221515 0 0 5 0 0 0
cpu68 156196 0 167 221500 0 0 0 0 0 0
cpu69 156136 0 152 221556 1 0 24 0 0 0
cpu70 156474 0 327 220986 81 0 2 0 0 0
cpu71 156305 0 114 221444 0 0 4 0 0 0
cpu72 156139 0 102 221621 1 0 2 0 0 0
cpu73 156193 0 146 221531 0 0 8 0 0 0
cpu74 156455 0 203 221147 46 0 3 0 0 0
cpu75 156210 0 139 221514 0 0 7 0 0 0
cpu76 156305 0 101 221437 8 0 0 0 0 0
cpu77 156314 0 65 221490 0 0 0 0 0 0
cpu78 156434 2 142 221268 16 0 3 0 0 0
cpu79 155708 0 617 221488 0 0 53 0 0 0
cpu80 156328 0 80 221454 0 0 0 0 0 0
cpu81 156329 0 76 221459 0 0 2 0 0 0
cpu82 156420 0 118 221316 4 0 0 0 0 0
cpu83 156234 0 117 221506 0 0 6 0 0 0
cpu84 156306 0 84 221467 0 0 0 0 0 0
cpu85 156270 0 121 221453 0 0 15 0 0 0
cpu86 156894 0 160 220802 0 0 2 0 0 0
cpu87 156063 0 178 221588 0 0 15 0 0 0
cpu88 156180 0 117 221566 0 0 0 0 0 0
cpu89 156279 0 117 221461 0 0 3 0 0 0
cpu90 156370 0 88 221385 10 0 0 0 0 0
cpu91 156170 0 166 221515 0 0 8 0 0 0
cpu92 156288 0 80 221497 0 0 0 0 0 0
cpu93 156283 0 119 221446 0 0 8 0 0 0
cpu94 156839 0 263 220748 1 0 4 0 0 0
cpu95 156320 0 98 221446 0 0 2 0 0 0
cpu96 156344 0 77 221444 0 0 0 0 0 0
cpu97 156281 0 113 221450 0 0 14 0 0 0
cpu98 157086 0 193 220502 59 0 5 0 0 0
cpu99 156262 0 111 221479 0 0 1 0 0 0
cpu100 156229 0 102 221521 1 0 2 0 0 0
cpu101 156321 0 88 221445 0 0 1 0 0 0
cpu102 156464 0 158 221236 1 0 0 0 0 0
cpu103 156239 0 116 221498 0 0 4 0 0 0
cpu104 156246 0 105 221495 0 0 4 0 0 0
cpu105 156291 0 114 221442 0 0 9 0 0 0
cpu106 156335 0 89 221422 2 0 0 0 0 0
cpu107 156297 0 105 221448 0 0 2 0 0 0
cpu108 156332 0 78 221442 0 0 0 0 0 0
cpu109 155920 0 256 221612 0 0 22 0 0 0
cpu110 156524 0 108 221218 1 0 0 0 0 0
cpu111 156147 0 204 221499 0 0 2 0 0 0
cpu112 156246 0 87 221508 10 0 0 0 0 0
cpu113 156320 0 88 221440 0 0 1 0 0 0
cpu114 156444 0 123 221276 4 0 0 0 0 0
cpu115 156176 0 89 221574 0 0 2 0 0 0
cpu116 156356 0 74 221420 0 0 0 0 0 0
cpu117 156326 0 81 221441 0 0 4 0 0 0
cpu118 156436 0 143 221260 1 0 3 0 0 0
cpu119 156120 0 148 221558 0 0 5 0 0 0
cpu120 156290 0 68 221489 0 0 0 0 0 0
cpu121 156304 0 104 221442 0 0 1 0 0 0
cpu122 156488 0 146 221191 2 0 0 0 0 0
cpu123 156313 0 97 221439 0 0 0 0 0 0
cpu124 156278 0 84 221484 0 0 1 0 0 0
cpu125 156318 0 112 221416 0 0 1 0 0 0
cpu126 156444 0 127 221270 1 0 0 0 0 0
cpu127 156311 0 160 221368 0 0 2 0 0 0
intr 57889265 129 0 0 0 678 0 0 0 1 0 254 0 0 0 0 0 0 0 0 0 0 0 0 0 0 0 0 0 0 0 0 0 0 0 0 260 0 5 1815 0 2543 0 799 3 4998 303 2125 0 2648 0 752 4 8717 0 424 0 3538 135 573 2 2752 2 4657 45089 914 0 1378 0 1555 11 1341 3 2843 4 1057 2 1193 0 826 2 2158 3 5318 9 5985 0 416 2 2016 177 1067 0 1335 54 10803 2 1509 3 1205 1 1596 20 543 59 1544 0 672 0 2392 0 2154 15 2962 0 152 0 8344 0 258 11 3429 18 802 0 3007 0 1014 6 2934 0 835 6726 1875 0 719 5240 1770 16 890 3 801 52 676 0 3065 0 6369 5 1830 0 307 6 1178 0 352 67 0 0 0 0 0 0 0 0 0 0 160 168 32 32 866 10 198 12 67 5 4 52 7 111 480 26 26 14 98 15 227 67 10 4 20 6 90 27 6 6 0 87 17 6 0 0 0 0 0 0 0 0 0 0 0 0 0 0 0 0 1 3 2 0 23 29 1 39 17 1 11 24 24 28 6 701 4212 1559 639 661 85 10011 3355 1305 16 1633 30 37 367 87 132 2293 82 200 32 332 68 178 107 268 63 239 206 33 59 216 14 12 9 39 3 14 31 8 13 72 11 14 3 5 96 11 10 0 0 0 0 0 0 0 0 0 0 0 0 0 0 0 0 0 0 0 0 0 0 0 0 0 0 0 0 0 0 0 0 0 0 0 0 0 0 0 0 0 0 0 0 0 0 0 0 0 0 0 0 0 0 0 0 0 0 0 0 0 0 0 0 0 0 0 0 0 0 0 0 0 0 0 0 0 0 0 0 0 0 0 0 0 0 0 0 0 0 0 0 0 0 0 0 0 0 0 0 0 0 0 0 0 0 0 0 0 0 0 0 0 0 0 0 0 0 0 0 0 0 0 0 0 0 0 0 0 0 0 0 0 0 0 0 0 0 0 0 0 0 0 0 0 0 0 0 0 0 0 0 0 0 0 0 0 0 0 0 0 0 0 0 0 0 0 0 0 0 0 0 0 0 0 0 0 0 0 0 0 0 0 0 0 0 0 0 0 0 0 0 0 0 0 0 0 0 0 0 0 0 0 0 0 0 0 0 0 0 0 0 0 0 0 0 0 0 0 0 0 0 0 0 0 0 0 0 0 0 0 0 0 0 0 0 0 0 0 0 0 0 0 0 0 0 0 0 0 0 0 0 0 0 0 0 0 0 0 0 0 0 0 0 0 0 0 0 0 0 0 0 0 0 0 0 0 0 0 0 0 0 0 0 0 0 0 0 0 0 0 0 0 0 0 0 0 0 0 0 0 0 0 0 0 0 0 0 0 0 0 0 0 0 0 0 0 0 0 0 0 0 0 0 0 0 0 0 0 0 0 0 0 0 0 0 0 0 0 0 0 0 0 0 0 0 0 0 0 0 0 0 0 0 0 0 0 0 0 0 0 0 0 0 0 0 0 0 0 0 0 0 0 0 0 0 0 0 0 0 0 0 0 0 0 0 0 0 0 0 0 0 0 0 0 0 0 0 0 0 0 0 0 0 0 0 0 0 0 0 0 0 0 0 0 0 0 0 0 0 0 0 0 0 0 0 0 0 0 0 0 0 0 0 0 0 0 0 0 0 0 0 0 0 3 0 0 0 0 0 0 0 0 0 0 0 0 0 0 0 49 0 0 0 0 0 0 0 0 0 0 0 0 49 0 0 0 0 0 0 0 0 0 0 0 0 0 0 0 0 0 0 0 0 0 0 0 0 0 0 0 0 0 0 0 0 0 0 0 0 0 0 0 0 0 0 0 16 0 0 0 0 0 0 0 0 0 0 0 0 0 0 0 0 0 0 0 0 0 0 0 0 0 0 0 0 0 0 0 0 0 0 0 0 0 0 0 0 0 0 0 0 0 0 0 0 0 0 0 0 0 0 0 0 0 0 0 0 0 0 0 0 0 0 0 0 0 0 0 0 0 0 0 0 0 0 0 0 0 0 0 0 0 0 0 0 0 0 0 0 0 0 0 0 0 0 0 0 0 0 0 0 0 0 0 0 0 0 0 0 0 0 0 0 0 0 0 0 0 0 0 0 0 0 0 0 0 0 0 0 0 0 0 0 0 0 0 0 0 0 0 0 0 0 0 0 0 0 0 0 0 0 0 0 0 0 0 0 0 0 0 0 0 0 0 0 0 0 0 0 0 0 0 0 0 0 0 0 0 0 0 0 0 0 0 0 0 0 0 0 0 0 0 0 0 0 0 0 0 0 0 0 0 0 0 0 0 0 0 0 0 0 0 0 0 0 0 0 0 0 0 0 0 0 0 0 0 0 0 0 0 0 0 0 0 0 0 0 0 0 0 0 0 0 0 0 0 0 0 0 0 0 0 0 0 0 0 0 0 0 0 0 0 0 0 0 0 0 0 0 0 0 0 0 0 0 0 0 0 0 0 0 0 0 0 0 0 0 0 0 0 0 0 0 0 0 0 0 0 0 0 0 0 0 0 0 0 0 0 0 0 0 0 0 0 0 0 0 0 0 0 0 0 0 0 0 0 0 0 0 0 0 0 0 0 0 0 0 0 0 0 0 0 0 0 0 0 0 0 0 0 0 0 0 0 0 0 0 0 0 0 0 0 0 0 0 0 0 0 0 0 0 0 0 0 0 0 0 0 0 0 0 0 0 0 0 0 0 0 0 0 0 0 0 0 0 0 0 0 0 0 0 0 0 0 0 0 0 0 0 0 0 0 0 0 0 0 0 0 0 0 0 0 0 0 0 0 0 0 0 0 0 0 0 0 0 0 0 0 0 0 0 0 0 0 0 0 0 0 0 0 0 0 0 0 0 0 0 0 0 0 0 0 0 0 0 0 0 0 0 0 0 0 0 0 0 0 0 0 0 0 0 0 0 0 0 0 0 0 0 0 0 0 0 0 0 0 0 0 0 0 0 0 0 0 0 0 0 0 0 0 0 0 0 0 0 0 0 0 0 0 0 0 0 0 0 0 0 0 0 0 0 0 0 0 0 0 0 0 0 0 0 0 0 0 0 0 0 0 0 0 0 0 0 0 0 0 0 0 0 0 0 0 0 0 0 0 0 0 0 0 0 0 0 0 0 0 0 0 0 0 0 0 0 0 0 0 0 0 0 0 0 0 0 0 0 0 0 0 0 0 0 0 0 0 0 0 0 0 0 0 0 0 0 0 0 0 0 0 0 0 0 0 0 0 0 0 0 0 0 0 0 0 0 0 0 0 0 0 0 0 0 0 0 0 0 0 0 0 0 0 0 0 0 0 0 0 0 0 0 0 0 0 0 0 0 0 0 0 0 0 0 0 0 0 0 0 0 0 0 0 0 0 0 0 0 0 0 0 0 0 0 0 0 0 0 0 0 0 0 0 0 0 0 0 0 0 0 0 0 0 0 0 0 0 0 0 0 0 0 0 0 0 0 0 0 0 0 0 0 0 0 0 0 0 0 0 0 0 0 0 0 0 0 0 0 0 0 0 0 0 0 0 0 0 0 0 0 0 0 0 0 0 0 0 0 0 0 0 0 0 0 0 0 0 0 0 0 0 0 0 0 0 0 0 0 0 0 0 0 0 0 0 0 0 0 0 0 0 0 0 0 0 0 0 0 0 0 0 0 0 0 0 0 0 0 0 0 0 0 0 0 0 0 0 0 0 0 0 0 0 0 0 0 0 0 0 0 0 0 0 0 0 0 0 0 0 0 0 0 0 0 0 0 0 0 0 0 0 0 0 0 0 0 0 0 0 0 0 0 0 0 0 0 0 0 0 0 0 0 0 0 0 0 0 0 0 0 0 0 0 0 0 0 0 0 0 0 0 0 0 0 0 0 0 0 0 0 0 0 0 0 0 0 0 0 0 0 0 0 0 0 0 0 0 0 0 0 0 0 0 0 0 0 0 0 0 0 0 0 0 0 0 0 0 0 0 0 0 0 0 0 0 0 0 0 0 0 0 0 0 0 0 0 0 0 0 0 0 0 0 0 0 0 0 0 0 0 0 0 0 0 0 0 0 0 0 0 0 0 0 0 0 0 0 0 0 0 0 0 0 0 0 0 0 0 0 0 0 0 0 0 0 0 0 0 0 0 0 0 0 0 0 0 0 0 0 0 0 0 0 0 0 0 0 0 0 0 0 0 0 0 0 0 0 0 0 0 0 0 0 0 0 0 0 0 0 0 0 0 0 0 0 0 0 0 0 0 0 0 0 0 0 0 0 0 0 0 0 0 0 0 0 0 0 0 0 0 0 0 0 0 0 0 0 0 0 0 0 0 0 0 0 0 0 0 0 0 0 0 0 0 0 0 0 0 0 0 0 0 0 0 0 0 0 0 0 0 0 0 0 0 0 0 0 0 0 0 0 0 0 0 0 0 0 0 0 0 0 0 0 0 0 0 0 0 0 0 0 0 0 0 0 0 0 0 0 0 0 0 0 0 0 0 0 0 0 0 0 0 0 0 0 0 0 0 0 0 0 0 0 0 0 0 0 0 0 0 0 0 0 0 0 0 0 0 0 0 0 0 0 0 0 0 0 0 0 0 0 0 0 0 0 0 0 0 0 0 0 0 0 0 0 0 0 0 0 0 0 0 0 0 0 0 0 0 0 0 0 0 0 0 0 0 0 0 0 0 0 0 0 0 0 0 0 0 0 0 0 0 0 0 0 0 0 0 0 0 0 0 0 0 0 0 0 0 0 0 0 0 0 0 0 0 0 0 0 0 0 0 0 0 0 0 0 0 0 0 0 0 0 0 0 0 0 0 0 0 0 0 0 0 0 0 0 0 0 0 0 0 0 0 0 0 0 0 0 0 0 0 0 0 0 0 0 0 0 0 0 0 0 0 0 0 0 0 0 0 0 0 0 0 0 0 0 0 0 0 0 0 0 0 0 0 0 0 0 0 0 0 0 0 0 0 0 0 0 0 0 0 0 0 0 0 0 0 0 0 0 0 0 0 0 0 0 0 0 0 0 0 0 0 0 0 0 0 0 0 0 0 0 0 0 0 0 0 0 0 0 0 0 0 0 0 0 0 0 0 0 0 0 0 0 0 0 0 0 0 0 0 0 0 0 0 0 0 0 0 0 0 0 0 0 0 0 0 0 0 0 0 0 0 0 0 0 0 0 0 0 0 0 0 0 0 0 0 0 0 0 0 0 0 0 0 0 0 0 0 0 0 0 0 0 0 0 0 0 0 0 0 0 0 0 0 0 0 0 0 0 0 0 0 0 0 0 0 0 0 0 0 0 0 0 0 0 0 0 0 0 0 0 0 0 0 0 0 0 0 0 0 0 0 0 0 0 0 0 0 0 0 0 0 0 0 0 0 0 0 0 0 0 0 0 0 0 0 0 0 0 0 0 0 0 0 0 0 0 0 0 0 0 0 0 0 0 0 0 0 0 0 0 0 0 0 0 0 0 0 0 0 0 0 0 0 0 0 0 0 0 0 0 0 0 0 0 0 0 0 0 0 0 0 0 0 0 0 0 0 0 0 0 0 0 0 0 0 0 0 0 0 0 0 0 0 0 0 0 0 0 0 0 0 0 0 0 0 0 0 0 0 0 0 0 0 0 0 0 0 0 0 0 0 0 0 0 0 0 0 0 0 0 0 0 0 0 0 0 0 0 0 0 0 0 0 0 0 0 0 0 0 0 0 0 0 0 0 0 0 0 0 0 0 0 0 0 0 0 0 0 0 0 0 0 0 0 0 0 0 0 0 0 0 0 0 0 0 0 0 0 0 0 0 0 0 0 0 0 0 0 0 0 0 0 0 0 0 0 0 0 0 0 0 0 0 0 0 0 0 0 0 0 0 0 0 0 0 0 0 0 0 0 0 0 0 0 0 0 0 0 0 0 0 0 0 0 0 0 0 0 0 0 0 0 0 0 0 0 0 0 0 0 0 0 0 0 0 0 0 0 0 0 0 0 0 0 0 0 0 0 0 0 0 0 0 0 0 0 0 0 0 0 0 0 0 0 0 0 0 0 0 0 0 0 0 0 0 0 0 0 0 0 0 0 0 0 0 0 0 0 0 0 0 0 0 0 0 0 0 0 0 0 0 0 0 0 0 0 0 0 0 0 0 0 0 0 0 0 0 0 0 0 0 0 0 0 0 0 0 0 0 0 0 0 0 0 0 0 0 0 0 0 0 0 0 0 0 0 0 0 0 0 0 0 0 0 0 0 0 0 0 0 0 0 0 0 0 0 0 0 0 0 0 0 0 0 0 0 0 0 0 0 0 0 0 0 0 0 0 0 0 0 0 0 0 0 0 0 0 0 0 0 0 0 0 0 0 0 0 0 0 0 0 0 0 0 0 0 0 0 0 0 0 0 0 0 0 0 0 0 0 0 0 0 0 0 0 0 0 0 0 0 0 0 0 0 0 0 0 0 0 0 0 0 0 0 0 0 0 0 0 0 0 0 0 0 0 0 0 0 0 0 0 0 0 0 0 0 0 0 0 0 0 0 0 0 0 0 0 0 0 0 0 0 0 0 0 0 0 0 0 0 0 0 0 0 0 0 0 0 0 0 0 0 0 0 0 0 0 0 0 0 0 0 0 0 0 0 0 0 0 0 0 0 0 0 0 0 0 0 0 0 0 0 0 0 0 0 0 0 0 0 0 0 0 0 0 0 0 0 0 0 0 0 0 0 0 0 0 0 0 0 0 0 0 0 0 0 0 0 0 0 0 0 0 0 0 0 0 0 0 0 0 0 0 0 0 0 0 0 0 0 0 0 0 0 0 0 0 0 0 0 0 0 0 0 0 0 0 0 0 0 0 0 0 0 0 0 0 0 0 0 0 0 0 0 0 0 0 0 0 0 0 0 0 0 0 0 0 0 0 0 0 0 0 0 0 0 0 0 0 0 0 0 0 0 0 0 0 0 0 0 0 0 0 0 0 0 0 0 0 0 0 0 0 0 0 0 0 0 0 0 0 0 0 0 0 0 0 0 0 0 0 0 0 0 0 0 0 0 0 0 0 0 0 0 0 0 0 0 0 0 0 0 0 0 0 0 0 0 0 0 0 0 0 0 0 0 0 0 0 0 0 0 0 0 0 0 0 0 0 0 0 0 0 0 0 0 0 0 0 0 0 0 0 0 0 0 0 0 0 0 0 0 0 0 0 0 0 0 0 0 0 0 0 0 0 0 0 0 0 0 0 0 0 0 0 0 0 0 0 0 0 0 0 0 0 0 0 0 0 0 0 0 0 0 0 0 0 0 0 0 0 0 0 0 0 0 0 0 0 0 0 0 0 0 0 0 0 0 0 0 0 0 0 0 0 0 0 0 0 0 0 0 0 0 0 0 0 0 0 0 0 0 0 0 0 0 0 0 0 0 0 0 0 0 0 0 0 0 0 0 0 0 0 0 0 0 0 0 0 0 0 0 0 0 0 0 0 0 0 0 0 0 0 0 0 0 0 0 0 0 0 0 0 0 0 0 0 0 0 0 0 0 0 0 0 0 0 0 0 0 0 0 0 0 0 0 0 0 0 0 0 0 0 0 0 0 0 0 0 0 0 0 0 0 0 0 0 0 0 0 0 0 0 0 0 0 0 0 0 0 0 0 0 0 0 0 0 0 0 0 0 0 0 0 0 0 0 0 0 0 0 0 0 0 0 0 0 0 0 0 0 0 0 0 0 0 0 0 0 0 0 0 0 0 0 0 0 0 0 0 0 0 0 0 0 0 0 0 0 0 0 0 0 0 0 0 0 0 0 0 0 0 0 0 0 0 0 0 0 0 0 0 0 0 0 0 0 0 0 0 0 0 0 0 0 0 0 0 0 0 0 0 0 0 0 0 0 0 0 0 0 0 0 0 0 0 0 0 0 0 0 0 0 0 0 0 0 0 0 0 0 0 0 0 0 0 0 0 0 0 0 0 0 0 0 0 0 0 0 0 0 0 0 0 0 0 0 0 0 0 0 0 0 0 0 0 0 0 0 0 0 0 0 0 0 0 0 0 0 0 0 0 0 0 0 0 0 0 0 0 0 0 0 0 0 0 0 0 0 0 0 0 0 0 0 0 0 0 0 0 0 0 0 0 0 0 0 0 0 0 0 0 0 0 0 0 0 0 0 0 0 0 0 0 0 0 0 0 0 0 0 0 0 0 0 0 0 0 0 0 0 0 0 0 0 0 0 0 0 0 0 0 0 0 0 0 0 0 0 0 0 0 0 0 0 0 0 0 0 0 0 0 0 0 0 0 0 0 0 0 0 0 0 0 0 0 0 0 0 0 0 0 0 0 0 0 0 0 0 0 0 0 0 0 0 0 0 0 0 0 0 0 0 0 0 0 0 0 0 0 0 0 0 0 0 0 0 0 0 0 0 0 0 0 0 0 0 0 0 0 0 0 0 0 0 0 0 0 0 0 0 0 0 0 0 0 0 0 0 0 0 0 0 0 0 0 0 0 0 0 0 0 0 0 0 0 0 0 0 0 0 0 0 0 0 0 0 0 0 0 0 0 0 0 0 0 0 0 0 0 0 0 0 0 0 0 0 0 0 0 0 0 0 0 0 0 0 0 0 0 0 0 0 0 0 0 0 0 0 0 0 0 0 0 0 0 0 0 0 0 0 0 0 0 0 0 0 0 0 0 0 0 0 0 0 0 0 0 0 0 0 0 0 0 0 0 0 0 0 0 0 0 0 0 0 0 0 0 0 0 0 0 0 0 0 0 0 0 0 0 0 0 0 0 0 0 0 0 0 0 0 0 0 0 0 0 0 0 0 0 0 0 0 0 0 0 0 0 0 0 0 0 0 0 0 0 0 0 0 0 0 0 0 0 0 0 0 0 0 0 0 0 0 0 0 0 0 0 0 0 0 0 0 0 0 0 0 0 0 0 0 0 0 0 0 0 0 0 0 0 0 0 0 0 0 0 0 0 0 0 0 0 0 0 0 0 0 0 0 0 0 0 0 0 0 0 0 0 0 0 0 0 0 0 0 0 0 0 0 0 0 0 0 0 0 0 0 0 0 0 0 0 0 0 0 0 0 0 0 0 0 0 0 0 0 0 0 0 0 0 0 0 0 0 0 0 0 0 0 0 0 0 0 0 0 0 0 0 0 0 0 0 0 0 0 0 0 0 0 0 0 0 0 0 0 0 0 0 0 0 0 0 0 0 0 0 0 0 0 0 0 0 0 0 0 0 0 0 0 0 0 0 0 0 0 0 0 0 0 0 0 0 0 0 0 0 0 0 0 0 0 0 0 0 0 0 0 0 0 0 0 0 0 0 0 0 0 0 0 0 0 0 0 0 0 0 0 0 0 0 0 0 0 0 0 0 0 0 0 0 0 0 0 0 0 0 0 0 0 0 0 0 0 0 0 0 0 0 0 0 0 0 0 0 0 0 0 0 0 0 0 0 0 0 0 0 0 0 0 0 0 0 0 0 0 0 0 0 0 0 0 0 0 0 0 0 0 0 0 0 0 0 0 0 0 0 0 0 0 0 0 0 0 0 0 0 0 0 0 0 0 0 0 0 0 0 0 0 0 0 0 0 0 0 0 0 0 0 0 0 0 0 0 0 0 0 0 0 0 0 0 0 0 0 0 0 0 0 0 0 0 0 0 0 0 0 0 0 0 0 0 0 0 0 0 0 0 0 0 0 0 0 0 0 0 0 0 0 0 0 0 0 0 0 0 0 0 0 0 0 0 0 0 0 0 0 0 0 0 0 0 0 0 0 0 0 0 0 0 0 0 0 0 0 0 0 0 0 0 0 0 0 0 0 0 0 0 0 0 0 0 0 0 0 0 0 0 0 0 0 0 0 0 0 0 0 0 0 0 0 0 0 0 0 0 0 0 0 0 0 0 0 0 0 0 0 0 0 0 0 0 0 0 0 0 0 0 0 0 0 0 0 0 0 0 0 0 0 0 0 0 0 0 0 0 0 0 0 0 0 0 0 0 0 0 0 0 0 0 0 0 0 0 0 0 0 0 0 0 0 0 0 0 0 0 0 0 0 0 0 0 0 0 0 0 0 0 0 0 0
ctxt 4662372
btime 1613064758
processes 101592
procs_running 1
procs_blocked 0
softirq 62324213 1 36390061 1675 902593 0 0 169 2045855 0 22983859
