cpu  13592977 5 25783 5123964 385 0 2353 0 0 0
cpu0 212126 0 756 79765 0 0 172 0 0 0
cpu1 212161 0 533 80172 12 0 24 0 0 0
cpu2 212026 0 683 80202 0 0 2 0 0 0
cpu3 212608 0 280 80007 2 0 13 0 0 0
cpu4 211850 0 775 80183 0 0 98 0 0 0
cpu5 212875 0 168 79838 21 0 8 0 0 0
cpu6 212482 0 334 80030 0 0 9 0 0 0
cpu7 212374 0 392 80103 8 0 30 0 0 0
cpu8 212245 0 424 80199 0 0 39 0 0 0
cpu9 212520 0 327 79995 65 0 6 0 0 0
cpu10 211270 0 1262 80131 0 0 241 0 0 0
cpu11 212137 0 586 80163 3 0 17 0 0 0
cpu12 212157 0 603 80132 0 0 12 0 0 0
cpu13 212248 0 480 80147 3 0 23 0 0 0
cpu14 211651 0 1000 80184 3 0 73 0 0 0
cpu15 212737 0 268 79893 1 0 12 0 0 0
cpu16 211755 0 970 80171 5 0 5 0 0 0
cpu17 212470 0 336 80051 27 0 6 0 0 0
cpu18 212025 0 642 80201 0 0 44 0 0 0
cpu19 212478 0 355 80040 4 0 19 0 0 0
cpu20 211906 0 680 80205 1 0 119 0 0 0
cpu21 212210 0 598 79982 2 0 92 0 0 0
cpu22 212394 0 293 80177 0 0 42 0 0 0
cpu23 212783 0 270 79796 28 0 12 0 0 0
cpu24 212630 0 103 80115 24 0 2 0 0 0
cpu25 212660 0 156 80069 10 0 5 0 0 0
cpu26 212166 0 571 80167 0 0 1 0 0 0
cpu27 212966 0 347 79568 9 0 6 0 0 0
cpu28 212548 0 126 80167 0 0 50 0 0 0
cpu29 212470 0 310 80114 2 0 8 0 0 0
cpu30 212530 0 194 80170 0 0 0 0 0 0
cpu31 212688 0 483 79621 1 0 96 0 0 0
cpu32 212082 0 608 80189 0 0 16 0 0 0
cpu33 212960 0 416 79507 4 0 11 0 0 0
cpu34 212228 0 489 80187 0 0 0 0 0 0
cpu35 212721 0 244 79915 1 0 10 0 0 0
cpu36 212453 0 228 80196 0 0 25 0 0 0
cpu37 212623 0 120 80153 1 0 2 0 0 0
cpu38 212497 0 216 80185 0 0 2 0 0 0
cpu39 212205 0 608 79960 1 0 122 0 0 0
cpu40 212581 0 128 80185 0 0 5 0 0 0
cpu41 212430 0 363 80016 40 0 44 0 0 0
cpu42 209740 0 2333 80196 0 0 631 0 0 0
cpu43 212378 0 335 80182 0 0 5 0 0 0
cpu44 212564 0 158 80176 0 0 3 0 0 0
cpu45 212540 0 412 79905 12 0 28 0 0 0
cpu46 212440 0 294 80140 0 0 17 0 0 0
cpu47 212688 0 164 80037 2 0 5 0 0 0
cpu48 212306 0 407 80177 0 0 0 0 0 0
cpu49 212501 0 288 80089 0 0 8 0 0 0
cpu50 212506 0 198 80183 0 0 10 0 0 0
cpu51 212600 0 226 80059 2 0 4 0 0 0
cpu52 212444 0 238 80188 0 0 26 0 0 0
cpu53 212826 0 236 79823 0 0 6 0 0 0
cpu54 212582 0 108 80186 0 0 17 0 0 0
cpu55 212596 1 337 79919 6 0 31 0 0 0
cpu56 212432 0 278 80181 0 0 0 0 0 0
cpu57 212861 2 146 79866 7 0 0 0 0 0
cpu58 212635 0 72 80184 0 0 1 0 0 0
cpu59 212588 0 213 80083 4 0 4 0 0 0
cpu60 212649 0 61 80182 0 0 1 0 0 0
cpu61 212917 0 232 79689 46 0 2 0 0 0
cpu62 212631 0 87 80174 0 0 0 0 0 0
cpu63 212602 0 212 80065 4 0 4 0 0 0
intr 38117512 82 0 0 0 630 0 0 0 1 0 285 0 0 0 0 0 0 0 0 0 0 0 0 0 0 0 0 0 0 0 0 0 0 0 0 0 0 0 105 11767 301 3159 0 3019 5 8305 0 838 50 625 0 2692 0 1063 1 64 2 393 4 1384 0 1853 165 4179 105 2742 21643 300 8 538 8 930 40 2022 8 171 0 6466 2 16465 49 146 70 14691 0 441 0 2946 2 1052 0 877 0 309 2 270 2 2198 18 236 1 197 0 0 0 0 0 0 0 0 0 0 0 0 0 0 0 0 0 93 30733 0 0 0 0 0 0 0 0 0 0 0 0 0 0 0 0 0 0 0 0 0 0 0 0 0 0 0 0 0 0 0 0 0 0 0 0 0 0 0 0 0 0 0 0 0 0 0 0 0 0 0 0 0 0 0 0 0 0 0 0 0 0 0 0 0 0 0 0 0 0 0 0 0 0 0 17 0 0 0 0 0 0 0 0 0 0 0 0 0 0 0 0 0 0 0 0 0 0 0 0 0 0 0 0 0 0 0 0 0 0 0 0 0 0 0 0 0 0 0 0 0 0 0 0 0 0 0 0 0 0 0 0 0 0 0 0 0 0 0 0 0 0 0 0 0 0 0 0 0 0 0 0 0 0 0 0 0 0 0 0 0 0 0 0 0 0 0 0 0 0 0 0 0 0 0 0 0 0 0 0 0 0 0 0 0 0 0 0 0 0 0 0 0 0 0 0 0 0 0 0 0 0 0 0 0 0 0 0 0 0 0 0 0 0 0 0 0 0 0 0 0 0 0 0 0 0 0 0 0 0 0 0 0 0 0 0 0 0 0 0 0 0 0 0 0 0 0 0 0 0 0 0 0 0 0 0 0 0 0 0 0 0 0 0 0 0 0 0 0 0 0 0 0 0 0 0 0 0 0 0 0 0 0 0 0 0 0 0 0 0 0 0 0 0 0 0 0 0 0 0 0 0 0 0 0 0 0 0 0 0 0 0 0 0 0 0 0 0 0 0 0 0 0 0 0 0 0 0 0 0 0 0 0 0 0 0 0 0 0 0 0 0 0 0 0 0 0 0 0 0 0 0 0 0 0 0 0 0 0 0 0 0 0 0 0 0 0 0 0 0 0 0 0 0 0 0 0 0 0 0 0 0 0 0 0 0 0 0 0 0 0 0 0 0 0 0 0 0 0 0 0 0 0 0 0 0 0 0 0 0 0 0 0 0 0 0 0 0 0 0 0 0 0 0 0 0 0 0 0 0 0 0 0 0 0 0 0 0 0 0 0 0 0 0 0 0 0 0 0 0 0 0 0 0 0 0 0 0 0 0 0 0 0 0 0 0 0 0 0 0 0 0 0 0 0 0 0 0 0 0 0 0 0 0 0 0 0 0 0 0 0 0 0 0 0 0 0 0 0 0 0 0 0 0 0 0 0 0 0 0 0 0 0 0 0 0 0 0 0 0 0 0 0 0 0 0 0 0 0 0 0 0 0 0 0 0 0 0 0 0 0 0 0 0 0 0 0 0 0 0 0 0 0 0 0 0 0 0 0 0 0 0 0 0 0 0 0 0 0 0 0 0 0 0 0 0 0 0 0 0 0 0 0 0 0 0 0 0 0 0 0 0 0 0 0 0 0 0 0 0 0 0 0 0 0 0 0 0 0 0 0 0 0 0 0 0 0 0 0 0 0 0 0 0 0 0 0 0 0 0 0 0 0 0 0 0 0 0 0 0 0 0 0 0 0 0 0 0 0 0 0 0 0 0 0 0 0 0 0 0 0 0 0 0 0 0 0 0 0 0 0 0 0 0 0 0 0 0 0 0 0 0 0 0 0 0 0 0 0 0 0 0 0 0 0 0 0 0 0 0 0 0 0 0 0 0 0 0 0 0 0 0 0 0 0 0 0 0 0 0 0 0 0 0 0 0 0 0 0 0 0 0 0 0 0 0 0 0 0 0 0 0 0 0 0 0 0 0 0 0 0 0 0 0 0 0 0 0 0 0 0 0 0 0 0 0 0 0 0 0 0 0 0 0 0 0 0 0 0 0 0 0 0 0 0 0 0 0 0 0 0 0 0 0 0 0 0 0 0 0 0 0 0 0 0 0 0 0 0 0 0 0 0 0 0 0 0 0 0 0 0 0 0 0 0 0 0 0 0 0 0 0 0 0 0 0 0 0 0 0 0 0 0 0 0 0 0 0 0 0 0 0 0 0 0 0 0 0 0 0 0 0 0 0 0 0 0 0 0 0 0 0 0 0 0 0 0 0 0 0 0 0 0 0 0 0 0 0 0 0 0 0 0 0 0 0 0 0 0 0 0 0 0 0 0 0 0 0 0 0 0 0 0 0 0 0 0 0 0 0 0 0 0 0 0 0 0 0 0 0 0 0 0 0 0 0 0 0 0 0 0 0 0 0 0 0 0 0 0 0 0 0 0 0 0 0 0 0 0 0 0 0 0 0 0 0 0 0 0 0 0 0 0 0 0 0 0 0 0 0 0 0 0 0 0 0 0 0 0 0 0 0 0 0 0 0 0 0 0 0 0 0 0 0 0 0 0 0 0 0 0 0 0 0 0 0 0 0 0 0 0 0 0 0 0 0 0 0 0 0 0 0 0 0 0 0 0 0 0 0 0 0 0 0 0 0 0 0 0 0 0 0 0 0 0 0 0 0 0 0 0 0 0 0 0 0 0 0 0 0 0 0 0 0 0 0 0 0 0 0 0 0 0 0 0 0 0 0 0 0 0 0 0 0 0 0 0 0 0 0 0 0 0 0 0 0 0 0 0 0 0 0 0 0 0 0 0 0 0 0 0 0 0 0 0 0 0 0 0 0 0 0 0 0 0 0 0 0 0 0 0 0 0 0 0 0 0 0 0 0 0 0 0 0 0 0 0 0 0 0 0 0 0 0 0 0 0 0 0 0 0 0 0 0 0 0 0 0 0 0 0 0 0 0 0 0 0 0 0 0 0 0 0 0 0 0 0 0 0 0 0 0 0 0 0 0 0 0 0 0 0 0 0 0 0 0 0 0 0 0 0 0 0 0 0 0 0 0 0 0 0 0 0 0 0 0 0 0 0 0 0 0 0 0 0 0 0 0 0 0 0 0 0 0 0 0 0 0 0 0 0 0 0 0 0 0 0 0 0 0 0 0 0 0 0 0 0 0 0 0 0 0 0 0 0 0 0 0 0 0 0 0 0 0 0 0 0 0 0 0 0 0 0 0 0 0 0 0 0 0 0 0 0 0 0 0 0 0 0 0 0 0 0 0 0 0 0 0 0 0 0 0 0 0 0 0 0 0 0 0 0 0 0 0 0 0 0 0 0 0 0 0 0 0 0 0 0 0 0 0 0 0 0 0 0 0 0 0 0 0 0 0 0 0 0 0 0 0 0 0 0 0 0 0 0 0 0 0 0 0 0 0 0 0 0 0 0 0 0 0 0 0 0 0 0 0 0 0 0 0 0 0 0 0 0 0 0 0 0 0 0 0 0 0 0 0 0 0 0 0 0 0 0 0 0 0 0 0 0 0 0 0 0 0 0 0 0 0 0 0 0 0 0 0 0 0 0 0 0 0 0 0 0 0 0 0 0 0 0 0 0 0 0 0 0 0 0 0 0 0 0 0 0 0 0 0 0 0 0 0 0 0 0 0 0 0 0 0 0 0 0 0 0 0 0 0 0 0 0 0 0 0 0 0 0 0 0 0 0 0 0 0 0 0 0 0 0 0 0 0 0 0 0 0 0 0 0 0 0 0 0 0 0 0 0 0 0 0 0 0 0 0 0 0 0 0 0 0 0 0 0 0 0 0 0 0 0 0 0 0 0 0 0 0 0 0 0 0 0 0 0 0 0 0 0 0 0 0 0 0 0 0 0 0 0 0 0 0 0 0 0 0 0 0 0 0 0 0 0 0 0 0 0 0 0 0 0 0 0 0 0 0 0 0 0 0 0 0 0 0 0 0 0 0 0 0 0 0 0 0 0 0 0 0 0 0 0 0 0 0 0 0 0 0 0 0 0 0 0 0 0 0 0 0 0 0 0 0 0 0 0 0 0 0 0 0 0 0 0 0 0 0 0 0 0 0 0 0 0 0 0 0 0 0 0 0 0 0 0 0 0 0 0 0 0 0 0 0 0 0 0 0 0 0 0 0 0 0 0 0 0 0 0 0 0 0 0 0 0 0 0 0 0 0 0 0 0 0 0 0 0 0 0 0 0 0 0 0 0 0 0 0 0 0 0 0 0 0 0 0 0 0 0 0 0 0 0 0 0 0 0 0 0 0 0 0 0 0 0 0 0 0 0 0 0 0 0 0 0 0 0 0 0 0 0 0 0 0 0 0 0 0 0 0 0 0 0 0 0 0 0 0 0 0 0 0 0 0 0 0 0 0 0 0 0 0 0 0 0 0 0 0 0 0 0 0 0 0 0 0 0 0 0 0 0 0 0 0 0 0 0 0 0 0 0 0 0 0 0 0 0 0 0 0 0 0 0 0 0 0 0 0 0 0 0 0 0 0 0 0 0 0 0 0 0 0 0 0 0 0 0 0 0 0 0 0 0 0 0 0 0 0 0 0 0 0 0 0 0 0 0 0 0 0 0 0 0 0 0 0 0 0 0 0 0 0 0 0 0 0 0 0 0 0 0 0 0 0 0 0 0 0 0 0 0 0 0 0 0 0 0 0 0 0 0 0 0 0 0 0 0 0 0 0 0 0 0 0 0 0 0 0 0 0 0 0 0 0 0 0 0 0 0 0 0 0 0 0 0 0 0 0 0 0 0 0 0 0 0 0 0 0 0 0 0 0 0 0 0 0 0 0 0 0 0 0 0 0 0 0 0 0 0 0 0 0 0 0 0 0 0 0 0 0 0 0 0 0 0 0 0 0 0 0 0 0 0 0 0 0 0 0 0 0 0 0 0 0 0 0 0 0 0 0 0 0 0 0 0 0 0 0 0 0 0 0 0 0 0 0 0 0 0 0 0 0 0 0 0 0 0 0 0 0 0 0 0 0 0 0 0 0 0 0 0 0 0 0 0 0 0 0 0 0 0 0 0 0 0 0 0 0 0 0 0 0 0 0 0 0 0 0 0 0 0 0 0 0 0 0 0 0 0 0 0 0 0 0 0 0 0 0 0 0 0 0 0 0 0 0 0 0 0 0 0 0 0 0 0 0 0 0 0 0 0
ctxt 5437927
btime 1613123985
processes 124906
procs_running 1
procs_blocked 0
softirq 45903191 1 27299105 1313 928124 0 0 146 1360688 0 16313814
