cpu  6203994 8 13853 11332787 423 0 466 0 0 0
cpu0 48364 0 656 87890 0 0 170 0 0 0
cpu1 48469 0 58 88617 0 0 24 0 0 0
cpu2 48308 0 122 88690 1 0 2 0 0 0
cpu3 48254 0 224 88638 2 0 17 0 0 0
cpu4 48426 0 156 88550 8 0 1 0 0 0
cpu5 48470 0 53 88621 0 0 0 0 0 0
cpu6 48413 0 114 88617 0 0 1 0 0 0
cpu7 48389 0 101 88642 0 0 4 0 0 0
cpu8 48954 0 223 87950 0 0 4 0 0 0
cpu9 48349 0 64 88721 0 0 1 0 0 0
cpu10 48350 0 155 88620 8 0 4 0 0 0
cpu11 48454 0 85 88604 0 0 0 0 0 0
cpu12 48591 0 208 88320 0 0 2 0 0 0
cpu13 48473 0 58 88614 0 0 0 0 0 0
cpu14 48423 0 100 88617 0 0 2 0 0 0
cpu15 48169 0 336 88601 0 0 37 0 0 0
cpu16 48482 0 188 88453 0 0 4 0 0 0
cpu17 48468 0 60 88615 0 0 0 0 0 0
cpu18 48384 0 100 88662 0 0 1 0 0 0
cpu19 48404 0 107 88624 0 0 3 0 0 0
cpu20 48515 5 185 88411 5 0 6 0 0 0
cpu21 48470 0 63 88608 0 0 0 0 0 0
cpu22 48438 0 96 88606 0 0 3 0 0 0
cpu23 48427 0 111 88599 0 0 1 0 0 0
cpu24 48620 0 168 88334 2 0 2 0 0 0
cpu25 48469 0 57 88613 0 0 0 0 0 0
cpu26 48456 0 73 88609 0 0 1 0 0 0
cpu27 48461 0 74 88602 0 0 0 0 0 0
cpu28 48723 0 224 88178 0 0 1 0 0 0
cpu29 48470 0 54 88615 0 0 0 0 0 0
cpu30 48455 0 78 88604 0 0 2 0 0 0
cpu31 48462 0 71 88601 0 0 0 0 0 0
cpu32 48551 0 178 88366 19 0 1 0 0 0
cpu33 48469 0 56 88611 0 0 0 0 0 0
cpu34 48462 0 58 88612 0 0 0 0 0 0
cpu35 48461 0 72 88602 0 0 0 0 0 0
cpu36 48528 0 197 88381 17 0 0 0 0 0
cpu37 48470 0 59 88606 0 0 0 0 0 0
cpu38 48454 0 79 88587 0 0 0 0 0 0
cpu39 48452 0 81 88598 0 0 2 0 0 0
cpu40 48510 0 128 88483 4 0 0 0 0 0
cpu41 48471 0 57 88605 0 0 0 0 0 0
cpu42 48448 0 79 88604 0 0 0 0 0 0
cpu43 48423 0 80 88620 0 0 1 0 0 0
cpu44 48446 0 127 88547 1 0 6 0 0 0
cpu45 48469 0 58 88608 0 0 0 0 0 0
cpu46 48392 0 123 88609 2 0 4 0 0 0
cpu47 48423 0 92 88610 0 0 1 0 0 0
cpu48 48506 0 138 88514 1 0 0 0 0 0
cpu49 48498 0 55 88574 0 0 0 0 0 0
cpu50 48417 0 68 88642 2 0 1 0 0 0
cpu51 48254 0 109 88771 0 0 10 0 0 0
cpu52 48399 0 140 88579 0 0 8 0 0 0
cpu53 48470 0 58 88600 0 0 0 0 0 0
cpu54 48380 0 72 88666 1 0 2 0 0 0
cpu55 48415 0 112 88599 0 0 1 0 0 0
cpu56 48384 0 124 88554 1 0 21 0 0 0
cpu57 48469 0 56 88597 0 0 0 0 0 0
cpu58 48398 0 73 88654 0 0 0 0 0 0
cpu59 48459 0 75 88593 0 0 0 0 0 0
cpu60 48741 0 128 88254 1 0 0 0 0 0
cpu61 48452 0 66 88601 0 0 2 0 0 0
cpu62 48469 0 68 88585 0 0 0 0 0 0
cpu63 48465 0 70 88594 0 0 0 0 0 0
cpu64 48384 0 146 88577 7 0 2 0 0 0
cpu65 48458 0 60 88604 0 0 0 0 0 0
cpu66 48440 0 73 88609 1 0 0 0 0 0
cpu67 48347 0 131 88638 0 0 5 0 0 0
cpu68 48891 0 172 88048 2 0 2 0 0 0
cpu69 48458 0 62 88603 0 0 0 0 0 0
cpu70 48444 0 86 88591 0 0 1 0 0 0
cpu71 48359 0 120 88624 0 0 10 0 0 0
cpu72 48465 0 94 88550 4 0 0 0 0 0
cpu73 48464 0 56 88595 1 0 0 0 0 0
cpu74 48420 0 94 88585 0 0 0 0 0 0
cpu75 48434 0 103 88580 1 0 3 0 0 0
cpu76 49002 0 276 87705 116 0 0 0 0 0
cpu77 48473 0 55 88591 0 0 0 0 0 0
cpu78 48438 0 84 88591 0 0 0 0 0 0
cpu79 48184 0 298 88586 0 0 44 0 0 0
cpu80 48603 0 158 88336 12 0 2 0 0 0
cpu81 48469 0 69 88580 0 0 0 0 0 0
cpu82 48430 0 98 88569 0 0 1 0 0 0
cpu83 48314 0 156 88618 1 0 10 0 0 0
cpu84 48716 0 210 88060 106 0 4 0 0 0
cpu85 48470 0 87 88546 6 0 0 0 0 0
cpu86 48396 0 75 88641 0 0 0 0 0 0
cpu87 48428 0 109 88575 0 0 1 0 0 0
cpu88 48644 0 150 88318 1 0 0 0 0 0
cpu89 48472 0 64 88577 0 0 0 0 0 0
cpu90 48478 0 80 88543 8 0 0 0 0 0
cpu91 48464 0 74 88576 0 0 0 0 0 0
cpu92 48594 0 162 88352 1 0 0 0 0 0
cpu93 48469 0 61 88584 0 0 0 0 0 0
cpu94 48468 0 82 88556 0 0 0 0 0 0
cpu95 48430 0 103 88572 1 0 0 0 0 0
cpu96 48515 0 222 88369 2 0 0 0 0 0
cpu97 48470 0 63 88576 0 0 0 0 0 0
cpu98 48478 0 75 88555 0 0 0 0 0 0
cpu99 48438 0 80 88583 0 0 0 0 0 0
cpu100 48586 0 172 88334 2 0 0 0 0 0
cpu101 48470 0 55 88586 0 0 0 0 0 0
cpu102 48481 0 86 88540 0 0 0 0 0 0
cpu103 48418 0 76 88614 0 0 0 0 0 0
cpu104 48605 0 132 88369 2 0 0 0 0 0
cpu105 48471 0 60 88578 0 0 0 0 0 0
cpu106 48456 0 74 88581 0 0 0 0 0 0
cpu107 48436 0 70 88593 0 0 0 0 0 0
cpu108 48497 0 78 88516 9 0 0 0 0 0
cpu109 48468 0 75 88563 0 0 0 0 0 0
cpu110 48471 0 67 88564 0 0 0 0 0 0
cpu111 48420 0 102 88580 0 0 0 0 0 0
cpu112 48463 0 76 88563 0 0 0 0 0 0
cpu113 48470 0 65 88572 0 0 0 0 0 0
cpu114 48431 0 63 88608 1 0 0 0 0 0
cpu115 48451 0 85 88569 0 0 0 0 0 0
cpu116 48468 0 91 88538 0 0 0 0 0 0
cpu117 48468 0 75 88548 11 0 0 0 0 0
cpu118 48456 0 80 88563 1 0 0 0 0 0
cpu119 48409 0 113 88575 0 0 0 0 0 0
cpu120 48522 0 99 88476 0 0 0 0 0 0
cpu121 48469 0 59 88575 0 0 0 0 0 0
cpu122 48464 0 69 88568 3 0 0 0 0 0
cpu123 48465 0 75 88557 0 0 0 0 0 0
cpu124 48679 0 120 88292 4 0 0 0 0 0
cpu125 48472 0 58 88569 0 0 0 0 0 0
cpu126 48428 0 80 88579 0 0 0 0 0 0
cpu127 48476 0 104 88517 1 0 0 0 0 0
intr 19586665 130 0 0 0 681 0 0 0 1 0 285 0 0 0 0 0 0 0 0 0 0 0 0 0 0 0 0 0 0 0 0 0 0 0 0 260 0 3292 1 107 3754 295 0 1 679 3 7 3 2 1239 0 0 5723 582 2 0 1848 4370 0 0 1007 1861 0 1 0 5648 0 0 2 6 0 0 39 0 0 0 3178 211 2 4 10 248 0 23 106 4 126 168 668 0 0 741 490 35529 0 1 2 11 92 12 0 4008 0 0 533 424 0 0 1372 0 0 92 0 748 0 0 7998 446 0 2 2927 4689 0 0 1386 0 0 0 0 173 0 14 263 1 0 0 7 3 6 0 936 4 0 0 0 22 0 0 639 0 0 0 333 0 0 0 0 0 0 0 0 0 0 0 0 0 157 737 475 348 10759 2027 6255 130 466 333 280 824 64 143 26 215 731 128 486 132 151 25 10 25 164 1 2 46 5 0 293 9 0 0 0 0 0 0 0 0 0 0 0 0 0 0 0 0 0 0 0 6 0 0 0 20 0 20 2 5 10 0 334 2 5 84 12 3928 13 6 13 184 18 1 5 4 51 89 8 12 4 8 3 1 0 4 9 61 5 263 15 75 359 79 6 2 0 10 1 10 7 5 0 0 2 9 11 15 4 1 4 18 49 0 0 0 0 0 0 0 0 0 0 0 0 0 0 0 0 0 0 0 0 0 0 0 0 0 0 0 0 0 0 0 0 0 0 0 0 0 0 0 0 0 0 0 0 0 0 0 0 0 0 0 0 0 0 0 0 0 0 0 0 0 0 0 0 0 0 0 0 0 0 0 0 0 0 0 0 0 0 0 0 0 0 0 0 0 0 0 0 0 0 0 0 0 0 0 0 0 0 0 0 0 0 0 0 0 0 0 0 0 0 0 0 0 0 0 0 0 0 0 0 0 0 0 0 0 0 0 0 0 0 0 0 0 0 0 0 0 0 0 0 0 0 0 0 0 0 0 0 0 0 0 0 0 0 0 0 0 0 0 0 0 0 0 0 0 0 0 0 0 0 0 0 0 0 0 0 0 0 0 0 0 0 0 0 0 0 0 0 0 0 0 0 0 0 0 0 0 0 0 0 0 0 0 0 0 0 0 0 0 0 0 0 0 0 0 0 0 0 0 0 0 0 0 0 0 0 0 0 0 0 0 0 0 0 0 0 0 0 0 0 0 0 0 0 0 0 0 0 0 0 0 0 0 0 0 0 0 0 0 0 0 0 0 0 0 0 0 0 0 0 0 0 0 0 0 0 0 0 0 0 0 0 0 0 0 0 0 0 0 0 0 0 0 0 0 0 0 0 0 0 0 0 0 0 0 0 0 0 0 0 0 0 0 0 0 0 0 0 0 0 0 0 0 0 0 0 0 0 0 0 0 0 0 0 0 0 0 0 0 0 0 0 0 0 0 0 0 0 0 0 0 0 0 0 0 0 0 0 0 0 0 0 0 0 0 0 0 0 0 0 0 0 0 0 0 0 0 0 0 0 0 0 0 0 0 0 0 0 0 0 0 0 0 0 0 0 0 0 0 0 0 0 0 0 0 0 0 0 0 0 0 0 0 0 0 0 0 0 0 0 0 0 0 3 0 0 0 0 0 0 0 0 0 0 0 0 0 0 0 0 0 0 0 0 0 0 0 21 1 0 0 27 0 0 0 0 0 0 0 0 0 0 0 0 0 0 0 0 0 0 0 0 0 0 0 0 0 0 0 0 0 0 0 49 0 0 0 0 0 0 0 0 0 0 0 0 0 0 0 0 0 0 0 0 0 0 0 0 0 0 0 0 0 0 0 0 0 19 0 0 0 0 0 0 0 0 0 0 0 0 0 0 0 0 0 0 0 0 0 0 0 0 0 0 0 0 0 0 0 0 0 0 0 0 0 0 0 0 0 0 0 0 0 0 0 0 0 0 0 0 0 0 0 0 0 0 0 0 0 0 0 0 0 0 0 0 0 0 0 0 0 0 0 0 0 0 0 0 0 0 0 0 0 0 0 0 0 0 0 0 0 0 0 0 0 0 0 0 0 0 0 0 0 0 0 0 0 0 0 0 0 0 0 0 0 0 0 0 0 0 0 0 0 0 0 0 0 0 0 0 0 0 0 0 0 0 0 0 0 0 0 0 0 0 0 0 0 0 0 0 0 0 0 0 0 0 0 0 0 0 0 0 0 0 0 0 0 0 0 0 0 0 0 0 0 0 0 0 0 0 0 0 0 0 0 0 0 0 0 0 0 0 0 0 0 0 0 0 0 0 0 0 0 0 0 0 0 0 0 0 0 0 0 0 0 0 0 0 0 0 0 0 0 0 0 0 0 0 0 0 0 0 0 0 0 0 0 0 0 0 0 0 0 0 0 0 0 0 0 0 0 0 0 0 0 0 0 0 0 0 0 0 0 0 0 0 0 0 0 0 0 0 0 0 0 0 0 0 0 0 0 0 0 0 0 0 0 0 0 0 0 0 0 0 0 0 0 0 0 0 0 0 0 0 0 0 0 0 0 0 0 0 0 0 0 0 0 0 0 0 0 0 0 0 0 0 0 0 0 0 0 0 0 0 0 0 0 0 0 0 0 0 0 0 0 0 0 0 0 0 0 0 0 0 0 0 0 0 0 0 0 0 0 0 0 0 0 0 0 0 0 0 0 0 0 0 0 0 0 0 0 0 0 0 0 0 0 0 0 0 0 0 0 0 0 0 0 0 0 0 0 0 0 0 0 0 0 0 0 0 0 0 0 0 0 0 0 0 0 0 0 0 0 0 0 0 0 0 0 0 0 0 0 0 0 0 0 0 0 0 0 0 0 0 0 0 0 0 0 0 0 0 0 0 0 0 0 0 0 0 0 0 0 0 0 0 0 0 0 0 0 0 0 0 0 0 0 0 0 0 0 0 0 0 0 0 0 0 0 0 0 0 0 0 0 0 0 0 0 0 0 0 0 0 0 0 0 0 0 0 0 0 0 0 0 0 0 0 0 0 0 0 0 0 0 0 0 0 0 0 0 0 0 0 0 0 0 0 0 0 0 0 0 0 0 0 0 0 0 0 0 0 0 0 0 0 0 0 0 0 0 0 0 0 0 0 0 0 0 0 0 0 0 0 0 0 0 0 0 0 0 0 0 0 0 0 0 0 0 0 0 0 0 0 0 0 0 0 0 0 0 0 0 0 0 0 0 0 0 0 0 0 0 0 0 0 0 0 0 0 0 0 0 0 0 0 0 0 0 0 0 0 0 0 0 0 0 0 0 0 0 0 0 0 0 0 0 0 0 0 0 0 0 0 0 0 0 0 0 0 0 0 0 0 0 0 0 0 0 0 0 0 0 0 0 0 0 0 0 0 0 0 0 0 0 0 0 0 0 0 0 0 0 0 0 0 0 0 0 0 0 0 0 0 0 0 0 0 0 0 0 0 0 0 0 0 0 0 0 0 0 0 0 0 0 0 0 0 0 0 0 0 0 0 0 0 0 0 0 0 0 0 0 0 0 0 0 0 0 0 0 0 0 0 0 0 0 0 0 0 0 0 0 0 0 0 0 0 0 0 0 0 0 0 0 0 0 0 0 0 0 0 0 0 0 0 0 0 0 0 0 0 0 0 0 0 0 0 0 0 0 0 0 0 0 0 0 0 0 0 0 0 0 0 0 0 0 0 0 0 0 0 0 0 0 0 0 0 0 0 0 0 0 0 0 0 0 0 0 0 0 0 0 0 0 0 0 0 0 0 0 0 0 0 0 0 0 0 0 0 0 0 0 0 0 0 0 0 0 0 0 0 0 0 0 0 0 0 0 0 0 0 0 0 0 0 0 0 0 0 0 0 0 0 0 0 0 0 0 0 0 0 0 0 0 0 0 0 0 0 0 0 0 0 0 0 0 0 0 0 0 0 0 0 0 0 0 0 0 0 0 0 0 0 0 0 0 0 0 0 0 0 0 0 0 0 0 0 0 0 0 0 0 0 0 0 0 0 0 0 0 0 0 0 0 0 0 0 0 0 0 0 0 0 0 0 0 0 0 0 0 0 0 0 0 0 0 0 0 0 0 0 0 0 0 0 0 0 0 0 0 0 0 0 0 0 0 0 0 0 0 0 0 0 0 0 0 0 0 0 0 0 0 0 0 0 0 0 0 0 0 0 0 0 0 0 0 0 0 0 0 0 0 0 0 0 0 0 0 0 0 0 0 0 0 0 0 0 0 0 0 0 0 0 0 0 0 0 0 0 0 0 0 0 0 0 0 0 0 0 0 0 0 0 0 0 0 0 0 0 0 0 0 0 0 0 0 0 0 0 0 0 0 0 0 0 0 0 0 0 0 0 0 0 0 0 0 0 0 0 0 0 0 0 0 0 0 0 0 0 0 0 0 0 0 0 0 0 0 0 0 0 0 0 0 0 0 0 0 0 0 0 0 0 0 0 0 0 0 0 0 0 0 0 0 0 0 0 0 0 0 0 0 0 0 0 0 0 0 0 0 0 0 0 0 0 0 0 0 0 0 0 0 0 0 0 0 0 0 0 0 0 0 0 0 0 0 0 0 0 0 0 0 0 0 0 0 0 0 0 0 0 0 0 0 0 0 0 0 0 0 0 0 0 0 0 0 0 0 0 0 0 0 0 0 0 0 0 0 0 0 0 0 0 0 0 0 0 0 0 0 0 0 0 0 0 0 0 0 0 0 0 0 0 0 0 0 0 0 0 0 0 0 0 0 0 0 0 0 0 0 0 0 0 0 0 0 0 0 0 0 0 0 0 0 0 0 0 0 0 0 0 0 0 0 0 0 0 0 0 0 0 0 0 0 0 0 0 0 0 0 0 0 0 0 0 0 0 0 0 0 0 0 0 0 0 0 0 0 0 0 0 0 0 0 0 0 0 0 0 0 0 0 0 0 0 0 0 0 0 0 0 0 0 0 0 0 0 0 0 0 0 0 0 0 0 0 0 0 0 0 0 0 0 0 0 0 0 0 0 0 0 0 0 0 0 0 0 0 0 0 0 0 0 0 0 0 0 0 0 0 0 0 0 0 0 0 0 0 0 0 0 0 0 0 0 0 0 0 0 0 0 0 0 0 0 0 0 0 0 0 0 0 0 0 0 0 0 0 0 0 0 0 0 0 0 0 0 0 0 0 0 0 0 0 0 0 0 0 0 0 0 0 0 0 0 0 0 0 0 0 0 0 0 0 0 0 0 0 0 0 0 0 0 0 0 0 0 0 0 0 0 0 0 0 0 0 0 0 0 0 0 0 0 0 0 0 0 0 0 0 0 0 0 0 0 0 0 0 0 0 0 0 0 0 0 0 0 0 0 0 0 0 0 0 0 0 0 0 0 0 0 0 0 0 0 0 0 0 0 0 0 0 0 0 0 0 0 0 0 0 0 0 0 0 0 0 0 0 0 0 0 0 0 0 0 0 0 0 0 0 0 0 0 0 0 0 0 0 0 0 0 0 0 0 0 0 0 0 0 0 0 0 0 0 0 0 0 0 0 0 0 0 0 0 0 0 0 0 0 0 0 0 0 0 0 0 0 0 0 0 0 0 0 0 0 0 0 0 0 0 0 0 0 0 0 0 0 0 0 0 0 0 0 0 0 0 0 0 0 0 0 0 0 0 0 0 0 0 0 0 0 0 0 0 0 0 0 0 0 0 0 0 0 0 0 0 0 0 0 0 0 0 0 0 0 0 0 0 0 0 0 0 0 0 0 0 0 0 0 0 0 0 0 0 0 0 0 0 0 0 0 0 0 0 0 0 0 0 0 0 0 0 0 0 0 0 0 0 0 0 0 0 0 0 0 0 0 0 0 0 0 0 0 0 0 0 0 0 0 0 0 0 0 0 0 0 0 0 0 0 0 0 0 0 0 0 0 0 0 0 0 0 0 0 0 0 0 0 0 0 0 0 0 0 0 0 0 0 0 0 0 0 0 0 0 0 0 0 0 0 0 0 0 0 0 0 0 0 0 0 0 0 0 0 0 0 0 0 0 0 0 0 0 0 0 0 0 0 0 0 0 0 0 0 0 0 0 0 0 0 0 0 0 0 0 0 0 0 0 0 0 0 0 0 0 0 0 0 0 0 0 0 0 0 0 0 0 0 0 0 0 0 0 0 0 0 0 0 0 0 0 0 0 0 0 0 0 0 0 0 0 0 0 0 0 0 0 0 0 0 0 0 0 0 0 0 0 0 0 0 0 0 0 0 0 0 0 0 0 0 0 0 0 0 0 0 0 0 0 0 0 0 0 0 0 0 0 0 0 0 0 0 0 0 0 0 0 0 0 0 0 0 0 0 0 0 0 0 0 0 0 0 0 0 0 0 0 0 0 0 0 0 0 0 0 0 0 0 0 0 0 0 0 0 0 0 0 0 0 0 0 0 0 0 0 0 0 0 0 0 0 0 0 0 0 0 0 0 0 0 0 0 0 0 0 0 0 0 0 0 0 0 0 0 0 0 0 0 0 0 0 0 0 0 0 0 0 0 0 0 0 0 0 0 0 0 0 0 0 0 0 0 0 0 0 0 0 0 0 0 0 0 0 0 0 0 0 0 0 0 0 0 0 0 0 0 0 0 0 0 0 0 0 0 0 0 0 0 0 0 0 0 0 0 0 0 0 0 0 0 0 0 0 0 0 0 0 0 0 0 0 0 0 0 0 0 0 0 0 0 0 0 0 0 0 0 0 0 0 0 0 0 0 0 0 0 0 0 0 0 0 0 0 0 0 0 0 0 0 0 0 0 0 0 0 0 0 0 0 0 0 0 0 0 0 0 0 0 0 0 0 0 0 0 0 0 0 0 0 0 0 0 0 0 0 0 0 0 0 0 0 0 0 0 0 0 0 0 0 0 0 0 0 0 0 0 0 0 0 0 0 0 0 0 0 0 0 0 0 0 0 0 0 0 0 0 0 0 0 0 0 0 0 0 0 0 0 0 0 0 0 0 0 0 0 0 0 0 0 0 0 0 0 0 0 0 0 0 0 0 0 0 0 0 0 0 0 0 0 0 0 0 0 0 0 0 0 0 0 0 0 0 0 0 0 0 0 0 0 0 0 0 0 0 0 0 0 0 0 0 0 0 0 0 0 0 0 0 0 0 0 0 0 0 0 0 0 0 0 0 0 0 0 0 0 0 0 0 0 0 0 0 0 0 0 0 0 0 0 0 0 0 0 0 0 0 0 0 0 0 0 0 0 0 0 0 0 0 0 0 0 0 0 0 0 0 0 0 0 0 0 0 0 0 0 0 0 0 0 0 0 0 0 0 0 0 0 0 0 0 0 0 0 0 0 0 0 0 0 0 0 0 0 0 0 0 0 0 0 0 0 0 0 0 0 0 0 0 0 0 0 0 0 0 0 0 0 0 0 0 0 0 0 0 0 0 0 0 0 0 0 0 0 0 0 0 0 0 0 0 0 0 0 0 0 0 0 0 0 0 0 0 0 0 0 0 0 0 0 0 0 0 0 0 0 0 0 0 0 0 0 0 0 0 0 0 0 0 0 0 0 0 0 0 0 0 0 0 0 0 0 0 0 0 0 0 0 0 0 0 0 0 0 0 0 0 0 0 0 0 0 0 0 0 0 0 0 0 0 0 0 0 0 0 0 0 0 0 0 0 0 0 0 0 0 0 0 0 0 0 0 0 0 0 0 0 0 0 0 0 0 0 0 0 0 0 0 0 0 0 0 0 0 0 0 0 0 0 0 0 0 0 0 0 0 0 0 0 0 0 0 0 0 0 0 0 0 0 0 0 0 0 0 0 0 0 0 0 0 0 0 0 0 0 0 0 0 0 0 0 0 0 0 0 0 0 0 0 0 0 0 0 0 0 0 0 0 0 0 0 0 0 0 0 0 0 0 0 0 0 0 0 0 0 0 0 0 0 0 0 0 0 0 0 0 0 0 0 0 0 0 0 0 0 0 0 0 0 0 0 0 0 0 0 0 0 0 0 0 0 0 0 0 0 0 0 0 0 0 0 0 0 0 0 0 0 0 0 0 0 0 0 0 0 0 0 0 0 0 0 0 0 0 0 0 0 0 0 0 0 0 0 0 0 0 0 0 0 0 0 0 0 0 0 0 0 0 0 0 0 0 0 0 0 0 0 0 0 0 0 0 0 0 0 0 0 0 0 0 0 0 0 0 0 0 0 0 0 0 0 0 0 0 0 0 0 0 0 0 0 0 0 0 0 0 0 0 0 0 0 0 0 0 0 0 0 0 0 0 0 0 0 0 0 0 0 0 0 0 0 0 0 0 0 0 0 0 0 0 0 0 0 0 0 0 0 0 0 0 0 0 0 0 0 0 0 0 0 0 0 0 0 0 0 0 0 0 0 0 0 0 0 0 0 0 0 0 0 0 0 0 0 0 0 0 0 0 0 0 0 0 0 0 0 0 0 0 0 0 0 0 0 0 0 0 0 0 0 0 0 0 0 0 0 0 0 0 0 0 0 0 0 0 0 0 0 0 0 0 0 0 0 0 0 0 0 0 0 0 0 0 0 0 0 0 0 0 0 0 0 0 0 0 0 0 0 0 0 0 0 0 0 0 0 0 0 0 0 0 0 0 0 0 0 0 0 0 0 0 0 0 0 0 0 0 0 0 0 0 0 0 0 0 0 0 0 0 0 0 0 0 0 0 0 0 0 0 0 0 0 0 0 0 0 0 0 0 0 0 0 0 0 0 0 0 0 0 0 0 0 0 0 0 0 0 0 0 0 0 0 0 0 0 0 0 0 0 0 0 0 0 0 0 0 0 0 0 0 0 0 0 0 0 0 0 0 0 0 0 0 0 0 0 0 0 0 0 0 0 0 0 0 0 0 0 0 0 0 0 0 0 0 0 0 0 0 0 0 0 0 0 0 0 0 0 0 0 0 0 0 0 0 0 0 0 0 0 0 0 0 0 0 0 0 0 0 0 0 0 0 0 0 0 0 0 0 0 0 0 0 0 0 0 0 0 0 0 0 0 0 0 0 0 0 0 0 0 0 0 0 0 0 0 0 0 0 0 0 0 0 0 0 0 0 0 0 0 0 0 0 0 0 0 0 0 0 0 0 0 0 0 0 0 0 0 0 0 0 0 0 0 0 0 0 0 0 0 0 0 0 0 0 0 0 0 0 0 0 0 0 0 0 0 0 0 0 0 0 0 0 0 0 0 0 0 0 0 0 0 0 0 0 0 0 0 0 0 0 0 0 0 0 0 0 0 0 0 0 0 0 0 0 0 0 0 0 0 0 0 0 0 0 0 0 0 0 0 0 0 0 0 0 0 0 0 0 0 0 0 0 0 0 0 0 0 0 0 0 0 0 0 0 0 0 0 0 0 0 0 0 0 0 0 0 0 0 0 0 0 0 0 0 0 0 0 0 0 0 0 0 0 0 0 0 0 0 0 0 0 0 0 0 0 0 0 0 0 0 0 0 0 0 0 0 0 0 0 0 0 0 0 0 0 0 0 0 0 0 0 0 0 0 0 0 0 0 0 0 0 0 0 0 0 0 0 0 0 0 0 0 0 0 0 0 0 0 0 0 0 0 0 0 0 0 0 0 0 0 0 0 0 0 0 0 0 0 0 0 0 0 0 0 0 0 0 0 0 0 0 0 0 0 0 0 0 0 0 0 0 0 0 0 0 0 0 0 0 0 0 0 0 0 0 0 0 0 0 0 0 0 0 0 0 0 0 0 0 0 0 0 0 0 0 0 0 0 0 0 0 0 0 0 0 0 0 0 0 0 0 0 0 0 0 0 0 0 0 0 0 0 0 0 0 0 0 0 0 0 0 0 0 0 0 0 0 0 0 0 0 0 0 0 0 0 0 0 0 0 0 0 0 0 0 0 0 0 0 0 0 0 0 0 0 0 0 0 0 0 0 0 0 0 0 0 0 0 0 0 0 0 0 0 0 0 0 0 0 0 0 0 0 0 0 0 0 0 0 0 0 0 0 0 0 0 0 0 0 0 0 0 0 0 0 0 0 0 0 0 0 0 0 0 0 0 0 0 0 0 0 0 0 0 0 0 0 0 0 0 0 0
ctxt 2340611
btime 1613122782
processes 50865
procs_running 1
procs_blocked 0
softirq 20119598 1 11701346 964 419736 0 0 168 786206 0 7211177
