cpu  3613602 6 7516 1993642 126 0 384 0 0 0
cpu0 56381 0 309 30842 0 0 124 0 0 0
cpu1 56417 0 91 31211 8 0 13 0 0 0
cpu2 56436 0 132 31177 0 0 2 0 0 0
cpu3 56440 0 48 31266 0 0 0 0 0 0
cpu4 56418 0 161 31160 0 0 4 0 0 0
cpu5 56418 0 70 31264 0 0 2 0 0 0
cpu6 56576 0 272 30851 0 0 1 0 0 0
cpu7 55836 0 560 31239 0 0 119 0 0 0
cpu8 56473 0 158 31107 0 0 1 0 0 0
cpu9 56263 0 210 31254 0 0 18 0 0 0
cpu10 56552 0 204 30973 1 0 0 0 0 0
cpu11 56372 0 114 31262 0 0 3 0 0 0
cpu12 56572 2 305 30843 13 0 6 0 0 0
cpu13 56438 0 61 31251 0 0 1 0 0 0
cpu14 56568 1 168 31006 2 0 2 0 0 0
cpu15 56395 0 89 31267 0 0 0 0 0 0
cpu16 56566 0 138 31033 0 0 1 0 0 0
cpu17 56451 0 40 31259 0 0 0 0 0 0
cpu18 56482 0 153 31113 0 0 0 0 0 0
cpu19 56454 0 42 31251 0 0 0 0 0 0
cpu20 56424 0 128 31185 0 0 1 0 0 0
cpu21 56462 0 50 31228 7 0 0 0 0 0
cpu22 56420 0 113 31210 0 0 4 0 0 0
cpu23 56444 0 43 31257 0 0 0 0 0 0
cpu24 56583 0 128 31002 6 0 1 0 0 0
cpu25 56447 0 38 31259 0 0 0 0 0 0
cpu26 56660 0 138 30951 0 0 1 0 0 0
cpu27 56444 0 38 31261 0 0 0 0 0 0
cpu28 56383 0 150 31204 0 0 4 0 0 0
cpu29 56445 0 52 31235 9 0 0 0 0 0
cpu30 56380 0 135 31228 0 0 2 0 0 0
cpu31 56444 0 48 31227 20 0 0 0 0 0
cpu32 56410 0 115 31223 0 0 0 0 0 0
cpu33 56443 0 45 31256 1 0 0 0 0 0
cpu34 56447 0 107 31189 0 0 0 0 0 0
cpu35 56428 0 53 31226 7 0 17 0 0 0
cpu36 56394 0 116 31234 0 0 0 0 0 0
cpu37 56425 0 61 31248 3 0 2 0 0 0
cpu38 56942 0 128 30667 0 0 0 0 0 0
cpu39 56389 0 102 31233 7 0 9 0 0 0
cpu40 57044 0 287 30391 2 0 0 0 0 0
cpu41 56235 0 236 31239 10 0 19 0 0 0
cpu42 56575 0 142 30994 2 0 0 0 0 0
cpu43 56388 0 93 31247 6 0 3 0 0 0
cpu44 56486 0 162 31081 0 0 1 0 0 0
cpu45 56426 0 62 31252 0 0 0 0 0 0
cpu46 56609 0 151 30972 0 0 0 0 0 0
cpu47 56379 0 98 31255 0 0 4 0 0 0
cpu48 56580 0 138 31007 1 0 0 0 0 0
cpu49 56464 0 54 31216 0 0 0 0 0 0
cpu50 56516 0 107 31107 0 0 0 0 0 0
cpu51 56448 0 50 31237 0 0 0 0 0 0
cpu52 56457 0 93 31178 0 0 0 0 0 0
cpu53 56445 0 41 31246 0 0 0 0 0 0
cpu54 56450 0 88 31193 0 0 0 0 0 0
cpu55 56445 0 56 31229 2 0 0 0 0 0
cpu56 56529 0 83 31122 0 0 0 0 0 0
cpu57 56445 0 44 31247 0 0 0 0 0 0
cpu58 56514 0 91 31126 0 0 0 0 0 0
cpu59 56446 0 49 31240 0 0 0 0 0 0
cpu60 56444 0 73 31207 0 0 0 0 0 0
cpu61 56444 0 50 31240 0 0 0 0 0 0
cpu62 56436 0 76 31216 0 0 0 0 0 0
cpu63 56451 0 56 31218 0 0 0 0 0 0
intr 10900901 84 0 0 0 630 0 0 0 1 0 282 0 0 0 0 0 0 0 0 0 0 0 0 0 0 0 0 0 0 0 0 0 0 0 0 0 0 0 5 0 592 0 1994 1218 4 2104 28 14949 2 3184 263 782 0 1412 4 0 393 4 510 2 1302 0 6 0 337 14 5734 57 0 131 0 5 0 21385 0 1085 3 2466 5 14078 2 1420 31 456 3 2565 0 0 0 0 0 0 2 0 789 4 5 0 7 89 24 20 0 0 0 0 0 0 0 0 0 0 0 0 0 0 0 0 0 92 29798 0 0 0 0 0 0 0 0 0 0 0 0 0 0 0 0 0 0 0 0 0 0 0 0 0 0 0 0 0 0 0 0 0 0 0 0 0 0 0 0 0 0 0 0 0 0 0 0 0 0 0 0 0 0 0 0 0 0 0 0 0 0 0 0 0 0 0 0 0 0 0 0 0 0 0 23 0 0 0 0 0 0 0 0 0 0 0 0 0 0 0 0 0 0 0 0 0 0 0 0 0 0 0 0 0 0 0 0 0 0 0 0 0 0 0 0 0 0 0 0 0 0 0 0 0 0 0 0 0 0 0 0 0 0 0 0 0 0 0 0 0 0 0 0 0 0 0 0 0 0 0 0 0 0 0 0 0 0 0 0 0 0 0 0 0 0 0 0 0 0 0 0 0 0 0 0 0 0 0 0 0 0 0 0 0 0 0 0 0 0 0 0 0 0 0 0 0 0 0 0 0 0 0 0 0 0 0 0 0 0 0 0 0 0 0 0 0 0 0 0 0 0 0 0 0 0 0 0 0 0 0 0 0 0 0 0 0 0 0 0 0 0 0 0 0 0 0 0 0 0 0 0 0 0 0 0 0 0 0 0 0 0 0 0 0 0 0 0 0 0 0 0 0 0 0 0 0 0 0 0 0 0 0 0 0 0 0 0 0 0 0 0 0 0 0 0 0 0 0 0 0 0 0 0 0 0 0 0 0 0 0 0 0 0 0 0 0 0 0 0 0 0 0 0 0 0 0 0 0 0 0 0 0 0 0 0 0 0 0 0 0 0 0 0 0 0 0 0 0 0 0 0 0 0 0 0 0 0 0 0 0 0 0 0 0 0 0 0 0 0 0 0 0 0 0 0 0 0 0 0 0 0 0 0 0 0 0 0 0 0 0 0 0 0 0 0 0 0 0 0 0 0 0 0 0 0 0 0 0 0 0 0 0 0 0 0 0 0 0 0 0 0 0 0 0 0 0 0 0 0 0 0 0 0 0 0 0 0 0 0 0 0 0 0 0 0 0 0 0 0 0 0 0 0 0 0 0 0 0 0 0 0 0 0 0 0 0 0 0 0 0 0 0 0 0 0 0 0 0 0 0 0 0 0 0 0 0 0 0 0 0 0 0 0 0 0 0 0 0 0 0 0 0 0 0 0 0 0 0 0 0 0 0 0 0 0 0 0 0 0 0 0 0 0 0 0 0 0 0 0 0 0 0 0 0 0 0 0 0 0 0 0 0 0 0 0 0 0 0 0 0 0 0 0 0 0 0 0 0 0 0 0 0 0 0 0 0 0 0 0 0 0 0 0 0 0 0 0 0 0 0 0 0 0 0 0 0 0 0 0 0 0 0 0 0 0 0 0 0 0 0 0 0 0 0 0 0 0 0 0 0 0 0 0 0 0 0 0 0 0 0 0 0 0 0 0 0 0 0 0 0 0 0 0 0 0 0 0 0 0 0 0 0 0 0 0 0 0 0 0 0 0 0 0 0 0 0 0 0 0 0 0 0 0 0 0 0 0 0 0 0 0 0 0 0 0 0 0 0 0 0 0 0 0 0 0 0 0 0 0 0 0 0 0 0 0 0 0 0 0 0 0 0 0 0 0 0 0 0 0 0 0 0 0 0 0 0 0 0 0 0 0 0 0 0 0 0 0 0 0 0 0 0 0 0 0 0 0 0 0 0 0 0 0 0 0 0 0 0 0 0 0 0 0 0 0 0 0 0 0 0 0 0 0 0 0 0 0 0 0 0 0 0 0 0 0 0 0 0 0 0 0 0 0 0 0 0 0 0 0 0 0 0 0 0 0 0 0 0 0 0 0 0 0 0 0 0 0 0 0 0 0 0 0 0 0 0 0 0 0 0 0 0 0 0 0 0 0 0 0 0 0 0 0 0 0 0 0 0 0 0 0 0 0 0 0 0 0 0 0 0 0 0 0 0 0 0 0 0 0 0 0 0 0 0 0 0 0 0 0 0 0 0 0 0 0 0 0 0 0 0 0 0 0 0 0 0 0 0 0 0 0 0 0 0 0 0 0 0 0 0 0 0 0 0 0 0 0 0 0 0 0 0 0 0 0 0 0 0 0 0 0 0 0 0 0 0 0 0 0 0 0 0 0 0 0 0 0 0 0 0 0 0 0 0 0 0 0 0 0 0 0 0 0 0 0 0 0 0 0 0 0 0 0 0 0 0 0 0 0 0 0 0 0 0 0 0 0 0 0 0 0 0 0 0 0 0 0 0 0 0 0 0 0 0 0 0 0 0 0 0 0 0 0 0 0 0 0 0 0 0 0 0 0 0 0 0 0 0 0 0 0 0 0 0 0 0 0 0 0 0 0 0 0 0 0 0 0 0 0 0 0 0 0 0 0 0 0 0 0 0 0 0 0 0 0 0 0 0 0 0 0 0 0 0 0 0 0 0 0 0 0 0 0 0 0 0 0 0 0 0 0 0 0 0 0 0 0 0 0 0 0 0 0 0 0 0 0 0 0 0 0 0 0 0 0 0 0 0 0 0 0 0 0 0 0 0 0 0 0 0 0 0 0 0 0 0 0 0 0 0 0 0 0 0 0 0 0 0 0 0 0 0 0 0 0 0 0 0 0 0 0 0 0 0 0 0 0 0 0 0 0 0 0 0 0 0 0 0 0 0 0 0 0 0 0 0 0 0 0 0 0 0 0 0 0 0 0 0 0 0 0 0 0 0 0 0 0 0 0 0 0 0 0 0 0 0 0 0 0 0 0 0 0 0 0 0 0 0 0 0 0 0 0 0 0 0 0 0 0 0 0 0 0 0 0 0 0 0 0 0 0 0 0 0 0 0 0 0 0 0 0 0 0 0 0 0 0 0 0 0 0 0 0 0 0 0 0 0 0 0 0 0 0 0 0 0 0 0 0 0 0 0 0 0 0 0 0 0 0 0 0 0 0 0 0 0 0 0 0 0 0 0 0 0 0 0 0 0 0 0 0 0 0 0 0 0 0 0 0 0 0 0 0 0 0 0 0 0 0 0 0 0 0 0 0 0 0 0 0 0 0 0 0 0 0 0 0 0 0 0 0 0 0 0 0 0 0 0 0 0 0 0 0 0 0 0 0 0 0 0 0 0 0 0 0 0 0 0 0 0 0 0 0 0 0 0 0 0 0 0 0 0 0 0 0 0 0 0 0 0 0 0 0 0 0 0 0 0 0 0 0 0 0 0 0 0 0 0 0 0 0 0 0 0 0 0 0 0 0 0 0 0 0 0 0 0 0 0 0 0 0 0 0 0 0 0 0 0 0 0 0 0 0 0 0 0 0 0 0 0 0 0 0 0 0 0 0 0 0 0 0 0 0 0 0 0 0 0 0 0 0 0 0 0 0 0 0 0 0 0 0 0 0 0 0 0 0 0 0 0 0 0 0 0 0 0 0 0 0 0 0 0 0 0 0 0 0 0 0 0 0 0 0 0 0 0 0 0 0 0 0 0 0 0 0 0 0 0 0 0 0 0 0 0 0 0 0 0 0 0 0 0 0 0 0 0 0 0 0 0 0 0 0 0 0 0 0 0 0 0 0 0 0 0 0 0 0 0 0 0 0 0 0 0 0 0 0 0 0 0 0 0 0 0 0 0 0 0 0 0 0 0 0 0 0 0 0 0 0 0 0 0 0 0 0 0 0 0 0 0 0 0 0 0 0 0 0 0 0 0 0 0 0 0 0 0 0 0 0 0 0 0 0 0 0 0 0 0 0 0 0 0 0 0 0 0 0 0 0 0 0 0 0 0 0 0 0 0 0 0 0 0 0 0 0 0 0 0 0 0 0 0 0 0 0 0 0 0 0 0 0 0 0 0 0 0 0 0 0 0 0 0 0 0 0 0 0 0 0 0 0 0 0 0 0 0 0 0 0 0 0 0 0 0 0 0 0 0 0 0 0 0 0 0 0 0 0 0 0 0 0 0 0 0 0 0 0 0 0 0 0 0 0 0 0 0 0 0 0 0 0 0 0 0 0 0 0 0 0 0 0 0 0 0 0 0 0 0 0 0 0 0 0 0 0 0 0 0 0 0 0 0 0 0 0 0 0 0 0 0 0 0 0 0 0 0 0 0 0 0 0 0 0 0 0 0 0 0 0 0 0 0 0 0 0 0 0 0 0 0 0 0 0 0 0 0 0 0 0 0 0 0 0 0 0 0 0 0 0 0 0 0 0 0 0 0 0 0 0 0 0 0 0 0 0 0 0 0 0 0 0 0 0 0 0 0 0 0 0 0 0 0 0 0 0 0 0 0 0 0 0 0 0 0 0 0 0 0 0 0 0 0 0 0 0 0 0 0 0 0 0 0 0 0 0 0 0 0 0 0 0 0 0 0 0 0 0 0 0 0 0 0 0 0 0 0 0 0 0 0 0 0 0 0 0 0 0 0 0 0 0 0 0 0 0 0 0 0 0 0 0 0 0 0 0 0 0 0 0 0 0 0 0 0 0 0 0 0 0 0 0 0 0 0 0 0 0 0 0 0 0 0 0 0 0 0 0 0 0 0 0 0 0 0 0 0 0 0 0 0 0 0 0 0 0 0 0 0 0 0 0 0 0 0 0 0 0 0 0 0 0 0 0 0 0 0 0 0 0 0 0 0 0 0 0 0 0 0 0 0 0 0 0 0 0 0 0 0 0 0 0 0 0 0 0 0 0 0 0 0 0 0 0 0 0 0 0 0 0 0 0 0 0 0 0 0 0 0 0 0 0 0 0 0 0 0 0 0 0 0 0 0 0 0 0 0 0 0 0 0 0 0 0 0 0 0 0 0 0 0 0 0 0 0 0 0 0 0 0 0 0 0 0 0 0 0 0 0 0 0 0 0 0 0 0 0 0 0 0 0 0 0 0 0 0 0 0 0 0 0 0 0 0 0 0 0 0 0 0 0 0 0 0 0
ctxt 1999069
btime 1613144793
processes 45329
procs_running 1
procs_blocked 0
softirq 11425661 1 6287713 809 360341 0 0 140 472326 0 4304331
