cpu  2066594 6 10593 27657332 400 0 253 0 0 0
cpu0 16123 0 563 215329 0 0 121 0 0 0
cpu1 16134 0 49 216137 0 0 4 0 0 0
cpu2 16220 0 135 215956 0 0 0 0 0 0
cpu3 16060 0 75 216171 2 0 3 0 0 0
cpu4 16095 0 95 216144 0 0 0 0 0 0
cpu5 16137 0 52 216143 0 0 0 0 0 0
cpu6 16247 0 210 215875 2 0 0 0 0 0
cpu7 16070 0 112 216149 0 0 1 0 0 0
cpu8 16098 0 101 216133 0 0 1 0 0 0
cpu9 16138 0 47 216151 0 0 0 0 0 0
cpu10 16285 0 143 215898 2 0 0 0 0 0
cpu11 16135 0 56 216131 0 0 0 0 0 0
cpu12 16113 0 128 216076 0 0 0 0 0 0
cpu13 16137 0 44 216146 0 0 0 0 0 0
cpu14 16208 0 97 216020 0 0 0 0 0 0
cpu15 15744 0 438 216133 0 0 8 0 0 0
cpu16 16120 0 84 216128 0 0 0 0 0 0
cpu17 16137 0 46 216143 0 0 0 0 0 0
cpu18 16182 0 63 216074 1 0 0 0 0 0
cpu19 16137 0 46 216146 0 0 0 0 0 0
cpu20 16000 0 90 216221 0 0 2 0 0 0
cpu21 16135 0 45 216149 0 0 0 0 0 0
cpu22 16162 0 66 216100 0 0 0 0 0 0
cpu23 16138 0 52 216135 0 0 0 0 0 0
cpu24 16128 0 65 216135 0 0 1 0 0 0
cpu25 16137 0 46 216144 0 0 0 0 0 0
cpu26 16699 0 212 215326 4 0 16 0 0 0
cpu27 16111 0 77 216131 0 0 2 0 0 0
cpu28 16136 0 74 216109 0 0 0 0 0 0
cpu29 16137 0 46 216141 0 0 0 0 0 0
cpu30 16225 0 86 216003 2 0 0 0 0 0
cpu31 16138 0 50 216138 0 0 0 0 0 0
cpu32 16130 0 64 216113 0 0 0 0 0 0
cpu33 16137 0 48 216139 0 0 0 0 0 0
cpu34 16198 0 62 215984 69 0 0 0 0 0
cpu35 15931 0 219 216124 0 0 44 0 0 0
cpu36 16136 0 54 216132 0 0 0 0 0 0
cpu37 16136 0 49 216135 0 0 0 0 0 0
cpu38 16149 0 57 216112 0 0 0 0 0 0
cpu39 16134 0 53 216129 0 0 1 0 0 0
cpu40 16174 0 71 216076 0 0 0 0 0 0
cpu41 16137 0 42 216137 0 0 0 0 0 0
cpu42 16148 0 57 216103 3 0 0 0 0 0
cpu43 16137 0 47 216133 0 0 0 0 0 0
cpu44 16137 0 94 216087 0 0 0 0 0 0
cpu45 16136 0 45 216138 0 0 0 0 0 0
cpu46 16354 0 77 215882 0 0 0 0 0 0
cpu47 16023 0 172 216123 0 0 4 0 0 0
cpu48 16110 0 93 216113 1 0 1 0 0 0
cpu49 16136 0 49 216133 0 0 0 0 0 0
cpu50 16144 0 57 216114 0 0 0 0 0 0
cpu51 16140 0 50 216127 0 0 0 0 0 0
cpu52 16134 0 69 216092 16 0 0 0 0 0
cpu53 16135 0 46 216133 0 0 0 0 0 0
cpu54 16145 0 68 216075 4 0 0 0 0 0
cpu55 16139 0 55 216124 1 0 0 0 0 0
cpu56 16111 0 67 216131 0 0 2 0 0 0
cpu57 16137 0 45 216134 0 0 0 0 0 0
cpu58 16200 0 98 216006 1 0 0 0 0 0
cpu59 16136 0 43 216131 0 0 0 0 0 0
cpu60 16138 0 50 216124 0 0 0 0 0 0
cpu61 16137 0 49 216125 0 0 0 0 0 0
cpu62 16186 0 89 216014 4 0 0 0 0 0
cpu63 16136 0 46 216127 0 0 0 0 0 0
cpu64 16134 0 59 216115 1 0 0 0 0 0
cpu65 16131 0 47 216134 0 0 0 0 0 0
cpu66 16293 0 144 215840 1 0 0 0 0 0
cpu67 16137 0 50 216123 0 0 0 0 0 0
cpu68 16108 0 90 216103 0 0 0 0 0 0
cpu69 16128 0 50 216126 1 0 0 0 0 0
cpu70 16317 0 244 215664 81 0 0 0 0 0
cpu71 16119 0 62 216122 0 0 1 0 0 0
cpu72 16110 0 81 216112 1 0 1 0 0 0
cpu73 16135 0 52 216127 0 0 0 0 0 0
cpu74 16270 0 157 215817 46 0 0 0 0 0
cpu75 16137 0 44 216125 0 0 0 0 0 0
cpu76 16129 0 88 216063 8 0 0 0 0 0
cpu77 16135 0 48 216123 0 0 0 0 0 0
cpu78 16226 2 100 215958 16 0 2 0 0 0
cpu79 15828 0 345 216120 0 0 8 0 0 0
cpu80 16130 0 63 216109 0 0 0 0 0 0
cpu81 16136 0 49 216118 0 0 0 0 0 0
cpu82 16202 0 68 216022 4 0 0 0 0 0
cpu83 16136 0 46 216120 0 0 0 0 0 0
cpu84 16105 0 70 216119 0 0 0 0 0 0
cpu85 16136 0 48 216113 0 0 0 0 0 0
cpu86 16221 0 64 216015 0 0 0 0 0 0
cpu87 16139 0 50 216110 0 0 0 0 0 0
cpu88 16133 0 106 216061 0 0 0 0 0 0
cpu89 16136 0 49 216112 0 0 0 0 0 0
cpu90 16163 0 57 216059 10 0 0 0 0 0
cpu91 16089 0 97 216115 0 0 1 0 0 0
cpu92 16143 0 63 216094 0 0 0 0 0 0
cpu93 16136 0 52 216106 0 0 0 0 0 0
cpu94 16176 0 124 215984 1 0 4 0 0 0
cpu95 16142 0 60 216100 0 0 0 0 0 0
cpu96 16138 0 68 216095 0 0 0 0 0 0
cpu97 16135 0 49 216109 0 0 0 0 0 0
cpu98 16206 0 76 215938 59 0 4 0 0 0
cpu99 16135 0 50 216109 0 0 0 0 0 0
cpu100 16064 0 88 216139 1 0 2 0 0 0
cpu101 16136 0 50 216104 0 0 0 0 0 0
cpu102 16132 0 63 216100 1 0 0 0 0 0
cpu103 16136 0 54 216101 0 0 0 0 0 0
cpu104 16038 0 98 216148 0 0 4 0 0 0
cpu105 16135 0 56 216101 0 0 0 0 0 0
cpu106 16137 0 50 216097 2 0 0 0 0 0
cpu107 16137 0 50 216101 0 0 0 0 0 0
cpu108 16118 0 68 216104 0 0 0 0 0 0
cpu109 16137 0 48 216101 0 0 0 0 0 0
cpu110 16334 0 73 215879 0 0 0 0 0 0
cpu111 16038 0 145 216102 0 0 0 0 0 0
cpu112 16140 0 73 216065 10 0 0 0 0 0
cpu113 16136 0 49 216101 0 0 0 0 0 0
cpu114 16250 0 71 215958 4 0 0 0 0 0
cpu115 16136 0 46 216105 0 0 0 0 0 0
cpu116 16135 0 62 216090 0 0 0 0 0 0
cpu117 16136 0 50 216102 0 0 0 0 0 0
cpu118 16232 0 104 215942 1 0 0 0 0 0
cpu119 16136 0 50 216090 0 0 0 0 0 0
cpu120 16137 0 56 216091 0 0 0 0 0 0
cpu121 16135 0 49 216103 0 0 0 0 0 0
cpu122 16263 0 107 215890 2 0 0 0 0 0
cpu123 16137 0 56 216092 0 0 0 0 0 0
cpu124 16136 0 58 216093 0 0 0 0 0 0
cpu125 16137 0 64 216080 0 0 0 0 0 0
cpu126 16218 0 93 215967 1 0 0 0 0 0
cpu127 16141 0 62 216076 0 0 0 0 0 0
intr 7297488 129 0 0 0 678 0 0 0 1 0 254 0 0 0 0 0 0 0 0 0 0 0 0 0 0 0 0 0 0 0 0 0 0 0 0 260 0 5 2 0 103 0 7 3 1153 6 0 0 0 0 1 4 5451 0 0 0 41 61 0 2 1 2 0 32053 213 0 0 0 0 11 0 3 303 4 0 2 157 0 0 2 38 3 0 9 3578 0 0 2 177 118 0 0 0 10 0 2 3 3 0 1 0 20 0 33 0 0 0 0 391 0 0 15 0 0 0 0 5586 0 0 0 0 0 0 0 1 0 0 0 1017 0 0 6726 0 0 0 5240 0 12 0 3 0 52 0 0 0 0 0 5 367 0 0 6 0 0 0 67 0 0 0 0 0 0 0 0 0 0 160 168 32 32 866 10 198 12 67 5 4 52 7 111 477 26 11 14 98 15 227 67 10 4 20 6 87 9 6 6 0 3 2 0 0 0 0 0 0 0 0 0 0 0 0 0 0 0 0 0 1 3 2 0 5 0 1 39 5 1 8 0 0 4 6 667 4197 1559 623 656 82 10010 3354 1305 16 1633 28 37 364 87 128 2289 82 200 32 269 68 178 107 256 3 4 98 3 3 0 3 3 9 0 3 5 31 8 1 5 11 14 3 2 3 11 1 0 0 0 0 0 0 0 0 0 0 0 0 0 0 0 0 0 0 0 0 0 0 0 0 0 0 0 0 0 0 0 0 0 0 0 0 0 0 0 0 0 0 0 0 0 0 0 0 0 0 0 0 0 0 0 0 0 0 0 0 0 0 0 0 0 0 0 0 0 0 0 0 0 0 0 0 0 0 0 0 0 0 0 0 0 0 0 0 0 0 0 0 0 0 0 0 0 0 0 0 0 0 0 0 0 0 0 0 0 0 0 0 0 0 0 0 0 0 0 0 0 0 0 0 0 0 0 0 0 0 0 0 0 0 0 0 0 0 0 0 0 0 0 0 0 0 0 0 0 0 0 0 0 0 0 0 0 0 0 0 0 0 0 0 0 0 0 0 0 0 0 0 0 0 0 0 0 0 0 0 0 0 0 0 0 0 0 0 0 0 0 0 0 0 0 0 0 0 0 0 0 0 0 0 0 0 0 0 0 0 0 0 0 0 0 0 0 0 0 0 0 0 0 0 0 0 0 0 0 0 0 0 0 0 0 0 0 0 0 0 0 0 0 0 0 0 0 0 0 0 0 0 0 0 0 0 0 0 0 0 0 0 0 0 0 0 0 0 0 0 0 0 0 0 0 0 0 0 0 0 0 0 0 0 0 0 0 0 0 0 0 0 0 0 0 0 0 0 0 0 0 0 0 0 0 0 0 0 0 0 0 0 0 0 0 0 0 0 0 0 0 0 0 0 0 0 0 0 0 0 0 0 0 0 0 0 0 0 0 0 0 0 0 0 0 0 0 0 0 0 0 0 0 0 0 0 0 0 0 0 0 0 0 0 0 0 0 0 0 0 0 0 0 0 0 0 0 0 0 0 0 0 0 0 0 0 0 0 0 0 0 0 0 0 0 0 0 0 0 0 0 0 0 0 0 0 0 0 0 0 0 0 0 0 0 0 0 0 0 0 0 0 0 0 0 0 0 0 0 0 0 0 0 0 0 0 0 0 0 0 0 0 0 0 3 0 0 0 0 0 0 0 0 0 0 0 0 0 0 0 49 0 0 0 0 0 0 0 0 0 0 0 0 49 0 0 0 0 0 0 0 0 0 0 0 0 0 0 0 0 0 0 0 0 0 0 0 0 0 0 0 0 0 0 0 0 0 0 0 0 0 0 0 0 0 0 0 16 0 0 0 0 0 0 0 0 0 0 0 0 0 0 0 0 0 0 0 0 0 0 0 0 0 0 0 0 0 0 0 0 0 0 0 0 0 0 0 0 0 0 0 0 0 0 0 0 0 0 0 0 0 0 0 0 0 0 0 0 0 0 0 0 0 0 0 0 0 0 0 0 0 0 0 0 0 0 0 0 0 0 0 0 0 0 0 0 0 0 0 0 0 0 0 0 0 0 0 0 0 0 0 0 0 0 0 0 0 0 0 0 0 0 0 0 0 0 0 0 0 0 0 0 0 0 0 0 0 0 0 0 0 0 0 0 0 0 0 0 0 0 0 0 0 0 0 0 0 0 0 0 0 0 0 0 0 0 0 0 0 0 0 0 0 0 0 0 0 0 0 0 0 0 0 0 0 0 0 0 0 0 0 0 0 0 0 0 0 0 0 0 0 0 0 0 0 0 0 0 0 0 0 0 0 0 0 0 0 0 0 0 0 0 0 0 0 0 0 0 0 0 0 0 0 0 0 0 0 0 0 0 0 0 0 0 0 0 0 0 0 0 0 0 0 0 0 0 0 0 0 0 0 0 0 0 0 0 0 0 0 0 0 0 0 0 0 0 0 0 0 0 0 0 0 0 0 0 0 0 0 0 0 0 0 0 0 0 0 0 0 0 0 0 0 0 0 0 0 0 0 0 0 0 0 0 0 0 0 0 0 0 0 0 0 0 0 0 0 0 0 0 0 0 0 0 0 0 0 0 0 0 0 0 0 0 0 0 0 0 0 0 0 0 0 0 0 0 0 0 0 0 0 0 0 0 0 0 0 0 0 0 0 0 0 0 0 0 0 0 0 0 0 0 0 0 0 0 0 0 0 0 0 0 0 0 0 0 0 0 0 0 0 0 0 0 0 0 0 0 0 0 0 0 0 0 0 0 0 0 0 0 0 0 0 0 0 0 0 0 0 0 0 0 0 0 0 0 0 0 0 0 0 0 0 0 0 0 0 0 0 0 0 0 0 0 0 0 0 0 0 0 0 0 0 0 0 0 0 0 0 0 0 0 0 0 0 0 0 0 0 0 0 0 0 0 0 0 0 0 0 0 0 0 0 0 0 0 0 0 0 0 0 0 0 0 0 0 0 0 0 0 0 0 0 0 0 0 0 0 0 0 0 0 0 0 0 0 0 0 0 0 0 0 0 0 0 0 0 0 0 0 0 0 0 0 0 0 0 0 0 0 0 0 0 0 0 0 0 0 0 0 0 0 0 0 0 0 0 0 0 0 0 0 0 0 0 0 0 0 0 0 0 0 0 0 0 0 0 0 0 0 0 0 0 0 0 0 0 0 0 0 0 0 0 0 0 0 0 0 0 0 0 0 0 0 0 0 0 0 0 0 0 0 0 0 0 0 0 0 0 0 0 0 0 0 0 0 0 0 0 0 0 0 0 0 0 0 0 0 0 0 0 0 0 0 0 0 0 0 0 0 0 0 0 0 0 0 0 0 0 0 0 0 0 0 0 0 0 0 0 0 0 0 0 0 0 0 0 0 0 0 0 0 0 0 0 0 0 0 0 0 0 0 0 0 0 0 0 0 0 0 0 0 0 0 0 0 0 0 0 0 0 0 0 0 0 0 0 0 0 0 0 0 0 0 0 0 0 0 0 0 0 0 0 0 0 0 0 0 0 0 0 0 0 0 0 0 0 0 0 0 0 0 0 0 0 0 0 0 0 0 0 0 0 0 0 0 0 0 0 0 0 0 0 0 0 0 0 0 0 0 0 0 0 0 0 0 0 0 0 0 0 0 0 0 0 0 0 0 0 0 0 0 0 0 0 0 0 0 0 0 0 0 0 0 0 0 0 0 0 0 0 0 0 0 0 0 0 0 0 0 0 0 0 0 0 0 0 0 0 0 0 0 0 0 0 0 0 0 0 0 0 0 0 0 0 0 0 0 0 0 0 0 0 0 0 0 0 0 0 0 0 0 0 0 0 0 0 0 0 0 0 0 0 0 0 0 0 0 0 0 0 0 0 0 0 0 0 0 0 0 0 0 0 0 0 0 0 0 0 0 0 0 0 0 0 0 0 0 0 0 0 0 0 0 0 0 0 0 0 0 0 0 0 0 0 0 0 0 0 0 0 0 0 0 0 0 0 0 0 0 0 0 0 0 0 0 0 0 0 0 0 0 0 0 0 0 0 0 0 0 0 0 0 0 0 0 0 0 0 0 0 0 0 0 0 0 0 0 0 0 0 0 0 0 0 0 0 0 0 0 0 0 0 0 0 0 0 0 0 0 0 0 0 0 0 0 0 0 0 0 0 0 0 0 0 0 0 0 0 0 0 0 0 0 0 0 0 0 0 0 0 0 0 0 0 0 0 0 0 0 0 0 0 0 0 0 0 0 0 0 0 0 0 0 0 0 0 0 0 0 0 0 0 0 0 0 0 0 0 0 0 0 0 0 0 0 0 0 0 0 0 0 0 0 0 0 0 0 0 0 0 0 0 0 0 0 0 0 0 0 0 0 0 0 0 0 0 0 0 0 0 0 0 0 0 0 0 0 0 0 0 0 0 0 0 0 0 0 0 0 0 0 0 0 0 0 0 0 0 0 0 0 0 0 0 0 0 0 0 0 0 0 0 0 0 0 0 0 0 0 0 0 0 0 0 0 0 0 0 0 0 0 0 0 0 0 0 0 0 0 0 0 0 0 0 0 0 0 0 0 0 0 0 0 0 0 0 0 0 0 0 0 0 0 0 0 0 0 0 0 0 0 0 0 0 0 0 0 0 0 0 0 0 0 0 0 0 0 0 0 0 0 0 0 0 0 0 0 0 0 0 0 0 0 0 0 0 0 0 0 0 0 0 0 0 0 0 0 0 0 0 0 0 0 0 0 0 0 0 0 0 0 0 0 0 0 0 0 0 0 0 0 0 0 0 0 0 0 0 0 0 0 0 0 0 0 0 0 0 0 0 0 0 0 0 0 0 0 0 0 0 0 0 0 0 0 0 0 0 0 0 0 0 0 0 0 0 0 0 0 0 0 0 0 0 0 0 0 0 0 0 0 0 0 0 0 0 0 0 0 0 0 0 0 0 0 0 0 0 0 0 0 0 0 0 0 0 0 0 0 0 0 0 0 0 0 0 0 0 0 0 0 0 0 0 0 0 0 0 0 0 0 0 0 0 0 0 0 0 0 0 0 0 0 0 0 0 0 0 0 0 0 0 0 0 0 0 0 0 0 0 0 0 0 0 0 0 0 0 0 0 0 0 0 0 0 0 0 0 0 0 0 0 0 0 0 0 0 0 0 0 0 0 0 0 0 0 0 0 0 0 0 0 0 0 0 0 0 0 0 0 0 0 0 0 0 0 0 0 0 0 0 0 0 0 0 0 0 0 0 0 0 0 0 0 0 0 0 0 0 0 0 0 0 0 0 0 0 0 0 0 0 0 0 0 0 0 0 0 0 0 0 0 0 0 0 0 0 0 0 0 0 0 0 0 0 0 0 0 0 0 0 0 0 0 0 0 0 0 0 0 0 0 0 0 0 0 0 0 0 0 0 0 0 0 0 0 0 0 0 0 0 0 0 0 0 0 0 0 0 0 0 0 0 0 0 0 0 0 0 0 0 0 0 0 0 0 0 0 0 0 0 0 0 0 0 0 0 0 0 0 0 0 0 0 0 0 0 0 0 0 0 0 0 0 0 0 0 0 0 0 0 0 0 0 0 0 0 0 0 0 0 0 0 0 0 0 0 0 0 0 0 0 0 0 0 0 0 0 0 0 0 0 0 0 0 0 0 0 0 0 0 0 0 0 0 0 0 0 0 0 0 0 0 0 0 0 0 0 0 0 0 0 0 0 0 0 0 0 0 0 0 0 0 0 0 0 0 0 0 0 0 0 0 0 0 0 0 0 0 0 0 0 0 0 0 0 0 0 0 0 0 0 0 0 0 0 0 0 0 0 0 0 0 0 0 0 0 0 0 0 0 0 0 0 0 0 0 0 0 0 0 0 0 0 0 0 0 0 0 0 0 0 0 0 0 0 0 0 0 0 0 0 0 0 0 0 0 0 0 0 0 0 0 0 0 0 0 0 0 0 0 0 0 0 0 0 0 0 0 0 0 0 0 0 0 0 0 0 0 0 0 0 0 0 0 0 0 0 0 0 0 0 0 0 0 0 0 0 0 0 0 0 0 0 0 0 0 0 0 0 0 0 0 0 0 0 0 0 0 0 0 0 0 0 0 0 0 0 0 0 0 0 0 0 0 0 0 0 0 0 0 0 0 0 0 0 0 0 0 0 0 0 0 0 0 0 0 0 0 0 0 0 0 0 0 0 0 0 0 0 0 0 0 0 0 0 0 0 0 0 0 0 0 0 0 0 0 0 0 0 0 0 0 0 0 0 0 0 0 0 0 0 0 0 0 0 0 0 0 0 0 0 0 0 0 0 0 0 0 0 0 0 0 0 0 0 0 0 0 0 0 0 0 0 0 0 0 0 0 0 0 0 0 0 0 0 0 0 0 0 0 0 0 0 0 0 0 0 0 0 0 0 0 0 0 0 0 0 0 0 0 0 0 0 0 0 0 0 0 0 0 0 0 0 0 0 0 0 0 0 0 0 0 0 0 0 0 0 0 0 0 0 0 0 0 0 0 0 0 0 0 0 0 0 0 0 0 0 0 0 0 0 0 0 0 0 0 0 0 0 0 0 0 0 0 0 0 0 0 0 0 0 0 0 0 0 0 0 0 0 0 0 0 0 0 0 0 0 0 0 0 0 0 0 0 0 0 0 0 0 0 0 0 0 0 0 0 0 0 0 0 0 0 0 0 0 0 0 0 0 0 0 0 0 0 0 0 0 0 0 0 0 0 0 0 0 0 0 0 0 0 0 0 0 0 0 0 0 0 0 0 0 0 0 0 0 0 0 0 0 0 0 0 0 0 0 0 0 0 0 0 0 0 0 0 0 0 0 0 0 0 0 0 0 0 0 0 0 0 0 0 0 0 0 0 0 0 0 0 0 0 0 0 0 0 0 0 0 0 0 0 0 0 0 0 0 0 0 0 0 0 0 0 0 0 0 0 0 0 0 0 0 0 0 0 0 0 0 0 0 0 0 0 0 0 0 0 0 0 0 0 0 0 0 0 0 0 0 0 0 0 0 0 0 0 0 0 0 0 0 0 0 0 0 0 0 0 0 0 0 0 0 0 0 0 0 0 0 0 0 0 0 0 0 0 0 0 0 0 0 0 0 0 0 0 0 0 0 0 0 0 0 0 0 0 0 0 0 0 0 0 0 0 0 0 0 0 0 0 0 0 0 0 0 0 0 0 0 0 0 0 0 0 0 0 0 0 0 0 0 0 0 0 0 0 0 0 0 0 0 0 0 0 0 0 0 0 0 0 0 0 0 0 0 0 0 0 0 0 0 0 0 0 0 0 0 0 0 0 0 0 0 0 0 0 0 0 0 0 0 0 0 0 0 0 0 0 0 0 0 0 0 0 0 0 0 0 0 0 0 0 0 0 0 0 0 0 0 0 0 0 0 0 0 0 0 0 0 0 0 0 0 0 0 0 0 0 0 0 0 0 0 0 0 0 0 0 0 0 0 0 0 0 0 0 0 0 0 0 0 0 0 0 0 0 0 0 0 0 0 0 0 0 0 0 0 0 0 0 0 0 0 0 0 0 0 0 0 0 0 0 0 0 0 0 0 0 0 0 0 0 0 0 0 0 0 0 0 0 0 0 0 0 0 0 0 0 0 0 0 0 0 0 0 0 0 0 0 0 0 0 0 0 0 0 0 0 0 0 0 0 0 0 0 0 0 0 0 0 0 0 0 0 0 0 0 0 0 0 0 0 0 0 0 0 0 0 0 0 0 0 0 0 0 0 0 0 0 0 0 0 0 0 0 0 0 0 0 0 0 0 0 0 0 0 0 0 0 0 0 0 0 0 0 0 0 0 0 0 0 0 0 0 0 0 0 0 0 0 0 0 0 0 0 0 0 0 0 0 0 0 0 0 0 0 0 0 0 0 0 0 0 0 0 0 0 0 0 0 0 0 0 0 0 0 0 0 0 0 0 0 0 0 0 0 0 0 0 0 0 0 0 0 0 0 0 0 0 0 0 0 0 0 0 0 0 0 0 0 0 0 0 0 0 0 0 0 0 0 0 0 0 0 0 0 0 0 0 0 0 0 0 0 0 0 0 0 0 0 0 0 0 0 0 0 0 0 0 0 0 0 0 0 0 0 0 0 0 0 0 0 0 0 0 0 0 0 0 0 0 0 0 0 0 0 0 0 0 0 0 0 0 0 0 0 0 0 0 0 0 0 0 0 0 0 0 0 0 0 0 0 0 0 0 0 0 0 0 0 0 0 0 0 0 0 0 0 0 0 0 0 0 0 0 0 0 0 0 0 0 0 0 0 0 0 0 0 0 0 0 0 0 0 0 0 0 0 0 0 0 0 0 0 0 0 0 0 0 0 0 0 0 0 0 0 0 0 0 0 0 0 0 0 0 0 0 0 0 0 0 0 0 0 0 0 0 0 0 0 0 0 0 0 0 0 0 0 0 0 0 0 0 0 0 0 0 0 0 0 0 0 0 0 0 0 0 0 0 0 0 0 0 0 0 0 0 0 0 0 0 0 0 0 0 0 0 0 0 0 0 0 0 0 0 0 0 0 0 0 0 0 0 0 0 0 0 0 0 0 0 0 0 0 0 0 0 0 0 0 0 0 0 0 0 0 0 0 0 0 0 0 0 0 0 0 0 0 0 0 0 0 0 0 0 0 0 0 0 0 0 0 0 0 0 0 0 0 0 0 0 0 0 0 0 0 0 0 0 0 0 0 0 0 0 0 0 0 0 0 0 0 0 0 0 0 0 0 0 0 0 0 0 0 0 0 0 0 0 0 0 0 0 0 0 0 0 0 0 0 0 0 0 0 0 0 0 0 0 0 0 0 0 0 0 0 0 0 0 0 0 0 0 0 0 0 0 0 0 0 0 0 0 0 0 0 0 0 0 0 0 0 0 0 0 0 0 0 0 0 0 0 0 0 0 0 0 0 0 0 0 0 0 0 0 0 0 0 0 0 0 0 0 0 0 0 0 0 0 0 0 0 0 0 0 0 0 0 0 0 0 0 0 0 0 0 0 0 0 0 0 0 0 0 0 0 0 0 0 0 0 0 0 0 0 0 0 0 0 0 0 0 0 0 0 0 0 0 0 0 0 0 0 0 0 0 0 0 0 0 0 0 0 0 0 0 0 0 0 0 0 0 0 0 0 0 0 0 0 0 0 0 0 0 0 0 0 0 0 0 0 0 0 0 0 0 0 0 0 0 0 0 0 0 0 0 0 0 0 0 0 0 0 0 0 0 0 0 0 0 0 0 0 0 0 0 0 0 0 0 0 0 0 0 0 0 0 0 0 0 0 0 0 0 0 0 0 0 0 0 0 0 0 0 0 0 0 0 0 0 0 0 0 0 0 0 0 0 0 0 0 0 0 0 0 0 0 0 0 0 0 0 0 0 0 0 0 0 0 0 0 0 0 0 0 0 0 0 0 0 0 0 0 0 0 0 0 0 0 0 0 0 0 0 0 0 0 0 0 0 0 0 0 0 0 0 0 0 0 0 0 0 0 0 0 0 0 0 0 0 0 0 0 0 0 0 0 0 0 0 0 0 0 0 0 0 0 0 0 0 0 0 0 0 0 0 0 0 0 0 0 0 0 0 0 0 0 0 0 0 0 0 0 0 0 0 0 0 0 0 0 0 0 0 0 0 0 0 0 0 0 0 0 0 0 0 0 0 0 0 0 0 0 0 0 0 0 0 0 0 0 0 0 0 0 0 0 0 0 0 0 0 0 0 0 0 0 0 0 0 0 0 0 0 0 0 0 0 0 0 0 0 0 0 0 0 0 0 0 0 0 0 0 0 0 0 0 0 0 0 0 0 0 0 0 0 0 0 0 0 0 0 0 0 0 0 0 0 0 0 0 0 0 0 0 0 0 0 0 0 0 0 0 0 0 0 0 0 0 0 0 0 0 0 0 0 0 0 0 0 0 0 0 0 0 0 0 0 0 0 0 0 0 0 0 0 0 0 0 0 0 0 0 0 0 0 0 0 0 0 0 0 0 0 0 0 0 0 0 0 0 0 0 0 0 0 0 0 0 0 0 0 0 0 0 0 0 0 0 0 0 0 0 0 0 0 0 0 0 0 0
ctxt 1205833
btime 1613064758
processes 21052
procs_running 1
procs_blocked 0
softirq 7008021 1 3895200 1290 165039 0 0 166 443727 0 2502598
