cpu  5430855 5 11246 10740615 670 0 302 0 0 0
cpu0 42398 0 620 83217 0 0 106 0 0 0
cpu1 42508 0 205 83731 7 0 3 0 0 0
cpu2 42420 0 57 83992 0 0 0 0 0 0
cpu3 42434 0 68 83945 1 0 1 0 0 0
cpu4 42426 0 59 83971 0 0 0 0 0 0
cpu5 42482 0 140 83824 0 0 2 0 0 0
cpu6 42426 0 47 83987 0 0 0 0 0 0
cpu7 42397 0 78 83982 0 0 0 0 0 0
cpu8 42361 0 46 84051 0 0 0 0 0 0
cpu9 42627 0 181 83633 0 0 4 0 0 0
cpu10 42424 0 58 83978 0 0 0 0 0 0
cpu11 42340 0 124 83981 0 0 10 0 0 0
cpu12 42437 0 59 83951 0 0 0 0 0 0
cpu13 42594 0 210 83644 1 0 0 0 0 0
cpu14 42431 0 56 83959 0 0 1 0 0 0
cpu15 42377 0 108 83965 0 0 4 0 0 0
cpu16 42432 0 77 83944 0 0 0 0 0 0
cpu17 42465 1 191 83788 0 0 0 0 0 0
cpu18 42378 0 94 83978 0 0 4 0 0 0
cpu19 42260 0 137 84045 0 0 13 0 0 0
cpu20 42427 0 63 83962 0 0 0 0 0 0
cpu21 42387 0 120 83941 0 0 1 0 0 0
cpu22 42423 0 47 83985 0 0 0 0 0 0
cpu23 42274 0 108 84009 0 0 25 0 0 0
cpu24 42448 0 63 83941 0 0 0 0 0 0
cpu25 42890 0 129 83430 0 0 0 0 0 0
cpu26 42424 0 48 83985 0 0 0 0 0 0
cpu27 42384 0 88 83976 0 0 2 0 0 0
cpu28 42407 0 58 83985 0 0 0 0 0 0
cpu29 42444 0 81 83925 0 0 0 0 0 0
cpu30 42427 0 53 83972 0 0 0 0 0 0
cpu31 42397 0 79 83970 0 0 2 0 0 0
cpu32 42454 0 87 83935 0 0 0 0 0 0
cpu33 42433 0 70 83939 2 0 0 0 0 0
cpu34 42389 0 61 83998 0 0 1 0 0 0
cpu35 42404 0 66 83982 0 0 0 0 0 0
cpu36 42336 0 60 84050 0 0 0 0 0 0
cpu37 42958 0 216 83201 66 0 0 0 0 0
cpu38 42289 0 92 84048 0 0 3 0 0 0
cpu39 42390 0 82 83970 0 0 2 0 0 0
cpu40 42179 0 104 84156 0 0 1 0 0 0
cpu41 42492 0 83 83837 30 0 0 0 0 0
cpu42 42425 0 47 83975 0 0 0 0 0 0
cpu43 42396 0 77 83967 0 0 2 0 0 0
cpu44 42351 0 63 84029 1 0 1 0 0 0
cpu45 42631 0 104 83592 112 0 0 0 0 0
cpu46 42426 0 46 83976 0 0 0 0 0 0
cpu47 42353 0 88 83997 0 0 5 0 0 0
cpu48 42308 0 98 84035 0 0 0 0 0 0
cpu49 42426 0 65 83957 0 0 1 0 0 0
cpu50 42258 0 84 84085 0 0 4 0 0 0
cpu51 42408 0 59 83975 0 0 2 0 0 0
cpu52 42394 0 81 83966 0 0 0 0 0 0
cpu53 42523 0 92 83725 91 0 0 0 0 0
cpu54 42426 0 50 83966 0 0 0 0 0 0
cpu55 42408 0 63 83970 1 0 1 0 0 0
cpu56 42255 0 83 84096 0 0 2 0 0 0
cpu57 42594 0 75 83770 1 0 0 0 0 0
cpu58 42414 0 73 83957 0 0 1 0 0 0
cpu59 42410 0 68 83960 0 0 1 0 0 0
cpu60 42298 0 79 84054 0 0 0 0 0 0
cpu61 42553 0 79 83795 5 0 0 0 0 0
cpu62 42424 0 52 83960 0 0 0 0 0 0
cpu63 42262 0 192 83959 0 0 25 0 0 0
cpu64 42423 0 65 83745 185 0 0 0 0 0
cpu65 42478 0 103 83836 1 0 0 0 0 0
cpu66 42415 0 52 83965 1 0 0 0 0 0
cpu67 42377 0 94 83956 0 0 6 0 0 0
cpu68 42424 0 60 83950 0 0 0 0 0 0
cpu69 42588 0 136 83665 32 0 0 0 0 0
cpu70 42415 0 51 83966 0 0 0 0 0 0
cpu71 42397 0 72 83956 0 0 2 0 0 0
cpu72 42434 0 70 83921 1 0 0 0 0 0
cpu73 42578 0 162 83680 3 0 0 0 0 0
cpu74 42415 0 49 83973 1 0 0 0 0 0
cpu75 42366 0 110 83930 0 0 4 0 0 0
cpu76 42426 0 51 83959 1 0 0 0 0 0
cpu77 42563 0 225 83625 14 0 0 0 0 0
cpu78 42422 0 55 83956 0 0 0 0 0 0
cpu79 42393 0 90 83933 0 0 1 0 0 0
cpu80 42426 0 53 83950 0 0 0 0 0 0
cpu81 42548 0 171 83681 28 0 0 0 0 0
cpu82 42332 0 97 83992 0 0 5 0 0 0
cpu83 42343 0 149 83933 1 0 7 0 0 0
cpu84 42434 0 75 83920 0 0 0 0 0 0
cpu85 42458 0 81 83891 1 0 0 0 0 0
cpu86 42426 0 52 83953 0 0 0 0 0 0
cpu87 42258 0 142 84009 1 0 8 0 0 0
cpu88 42443 0 54 83932 0 0 0 0 0 0
cpu89 42461 2 74 83878 6 0 0 0 0 0
cpu90 42425 0 54 83949 0 0 0 0 0 0
cpu91 42400 0 78 83948 0 0 2 0 0 0
cpu92 42421 0 59 83935 0 0 4 0 0 0
cpu93 42473 0 70 83882 1 0 0 0 0 0
cpu94 42425 0 53 83950 0 0 0 0 0 0
cpu95 42407 0 77 83942 0 0 1 0 0 0
cpu96 42426 0 69 83918 6 0 0 0 0 0
cpu97 42480 0 80 83861 1 0 0 0 0 0
cpu98 42426 0 49 83949 0 0 0 0 0 0
cpu99 42417 0 63 83943 0 0 0 0 0 0
cpu100 42372 0 70 83964 12 0 0 0 0 0
cpu101 42423 0 65 83927 1 0 0 0 0 0
cpu102 42421 0 60 83945 1 0 0 0 0 0
cpu103 42392 0 86 83946 0 0 0 0 0 0
cpu104 42335 0 97 83985 0 0 0 0 0 0
cpu105 42439 0 104 83874 0 0 0 0 0 0
cpu106 42424 0 51 83945 0 0 0 0 0 0
cpu107 42411 0 65 83947 0 0 0 0 0 0
cpu108 42327 0 76 84008 1 0 2 0 0 0
cpu109 42746 0 88 83583 0 0 0 0 0 0
cpu110 42425 0 53 83944 0 0 0 0 0 0
cpu111 42436 0 74 83908 0 0 0 0 0 0
cpu112 42417 0 59 83938 0 0 0 0 0 0
cpu113 42498 0 90 83817 3 0 0 0 0 0
cpu114 42422 0 52 83947 0 0 0 0 0 0
cpu115 42413 0 56 83949 0 0 0 0 0 0
cpu116 42407 0 76 83921 0 0 0 0 0 0
cpu117 42420 0 56 83930 4 0 0 0 0 0
cpu118 42424 0 52 83939 0 0 0 0 0 0
cpu119 42408 0 65 83943 0 0 1 0 0 0
cpu120 42413 0 67 83928 0 0 0 0 0 0
cpu121 42477 0 69 83866 4 0 0 0 0 0
cpu122 42393 0 80 83942 0 0 0 0 0 0
cpu123 42411 0 61 83939 0 0 0 0 0 0
cpu124 42416 0 58 83939 0 0 0 0 0 0
cpu125 42538 0 97 83776 0 0 0 0 0 0
cpu126 42426 0 49 83936 0 0 0 0 0 0
cpu127 42414 0 86 83909 0 0 0 0 0 0
intr 16592015 129 0 0 0 680 0 0 0 1 0 285 0 0 0 0 0 0 0 0 0 0 0 0 0 0 0 0 0 0 0 0 0 0 0 0 260 0 5 199 656 679 4 1808 3 425 0 5046 449 1208 0 3 4822 1478 0 0 1511 1889 23 3 3 35500 0 0 328 719 30 0 0 1364 2 1 13 897 7 3 1549 818 2 285 0 672 2 5 0 383 0 438 83 967 0 314 0 464 4 0 1036 552 143 46 2 1741 0 0 0 112 0 6 0 1167 0 0 0 1127 0 0 0 1225 0 0 2723 3372 0 2 0 1268 0 0 0 1448 4352 1 0 657 51 0 0 477 0 0 0 483 0 24 0 431 0 11 0 386 2 2 0 671 0 72 0 0 0 0 0 0 0 0 0 0 0 161 3603 3 385 63 107 29 16 104 13 0 236 26 9 1 7 7 318 338 5 146 3 1 7 79 273 3410 189 639 664 53 1112 73 78 0 0 0 0 0 0 0 0 0 0 0 0 0 0 0 0 10001 2158 4782 98 3297 156 141 127 145 31 51 246 127 141 73 29 1 32 11 0 1 0 0 0 0 5 2 119 3 2 3 0 10 4 1 0 2 0 0 269 0 74 59 78 120 13 27 0 0 0 1 0 28 2 15 0 5 3 9 18 2 0 4 0 0 0 0 0 0 0 0 0 0 0 0 0 0 0 0 0 0 0 0 0 0 0 0 0 0 0 0 0 0 0 0 0 0 0 0 0 0 0 0 0 0 0 0 0 0 0 0 0 0 0 0 0 0 0 0 0 0 0 0 0 0 0 0 0 0 0 0 0 0 0 0 0 0 0 0 0 0 0 0 0 0 0 0 0 0 0 0 0 0 0 0 0 0 0 0 0 0 0 0 0 0 0 0 0 0 0 0 0 0 0 0 0 0 0 0 0 0 0 0 0 0 0 0 0 0 0 0 0 0 0 0 0 0 0 0 0 0 0 0 0 0 0 0 0 0 0 0 0 0 0 0 0 0 0 0 0 0 0 0 0 0 0 0 0 0 0 0 0 0 0 0 0 0 0 0 0 0 0 0 0 0 0 0 0 0 0 0 0 0 0 0 0 0 0 0 0 0 0 0 0 0 0 0 0 0 0 0 0 0 0 0 0 0 0 0 0 0 0 0 0 0 0 0 0 0 0 0 0 0 0 0 0 0 0 0 0 0 0 0 0 0 0 0 0 0 0 0 0 0 0 0 0 0 0 0 0 0 0 0 0 0 0 0 0 0 0 0 0 0 0 0 0 0 0 0 0 0 0 0 0 0 0 0 0 0 0 0 0 0 0 0 0 0 0 0 0 0 0 0 0 0 0 0 0 0 0 0 0 0 0 0 0 0 0 0 0 0 0 0 0 0 0 0 0 0 0 0 0 0 0 0 0 0 0 0 0 0 0 0 0 0 0 0 0 0 0 0 0 0 0 0 0 0 0 0 0 0 0 0 0 0 0 0 0 0 0 0 0 0 0 0 0 0 0 0 0 0 0 0 0 0 0 0 0 0 0 0 0 0 0 0 0 0 0 0 0 0 0 0 0 0 0 0 0 0 0 0 0 0 0 0 0 0 0 0 0 0 0 0 0 0 0 0 0 49 0 0 0 3 0 0 0 0 0 0 0 0 0 0 0 0 0 0 0 0 0 0 0 0 0 49 0 0 0 0 0 0 0 0 0 0 0 0 0 0 0 0 0 0 0 0 0 0 0 0 0 0 0 0 0 0 0 0 0 0 0 0 0 0 0 0 0 0 0 0 0 0 0 0 0 0 0 0 0 0 0 0 0 0 0 0 0 0 0 0 0 22 0 0 0 0 0 0 0 0 0 0 0 0 0 0 0 0 0 0 0 0 0 0 0 0 0 0 0 0 0 0 0 0 0 0 0 0 0 0 0 0 0 0 0 0 0 0 0 0 0 0 0 0 0 0 0 0 0 0 0 0 0 0 0 0 0 0 0 0 0 0 0 0 0 0 0 0 0 0 0 0 0 0 0 0 0 0 0 0 0 0 0 0 0 0 0 0 0 0 0 0 0 0 0 0 0 0 0 0 0 0 0 0 0 0 0 0 0 0 0 0 0 0 0 0 0 0 0 0 0 0 0 0 0 0 0 0 0 0 0 0 0 0 0 0 0 0 0 0 0 0 0 0 0 0 0 0 0 0 0 0 0 0 0 0 0 0 0 0 0 0 0 0 0 0 0 0 0 0 0 0 0 0 0 0 0 0 0 0 0 0 0 0 0 0 0 0 0 0 0 0 0 0 0 0 0 0 0 0 0 0 0 0 0 0 0 0 0 0 0 0 0 0 0 0 0 0 0 0 0 0 0 0 0 0 0 0 0 0 0 0 0 0 0 0 0 0 0 0 0 0 0 0 0 0 0 0 0 0 0 0 0 0 0 0 0 0 0 0 0 0 0 0 0 0 0 0 0 0 0 0 0 0 0 0 0 0 0 0 0 0 0 0 0 0 0 0 0 0 0 0 0 0 0 0 0 0 0 0 0 0 0 0 0 0 0 0 0 0 0 0 0 0 0 0 0 0 0 0 0 0 0 0 0 0 0 0 0 0 0 0 0 0 0 0 0 0 0 0 0 0 0 0 0 0 0 0 0 0 0 0 0 0 0 0 0 0 0 0 0 0 0 0 0 0 0 0 0 0 0 0 0 0 0 0 0 0 0 0 0 0 0 0 0 0 0 0 0 0 0 0 0 0 0 0 0 0 0 0 0 0 0 0 0 0 0 0 0 0 0 0 0 0 0 0 0 0 0 0 0 0 0 0 0 0 0 0 0 0 0 0 0 0 0 0 0 0 0 0 0 0 0 0 0 0 0 0 0 0 0 0 0 0 0 0 0 0 0 0 0 0 0 0 0 0 0 0 0 0 0 0 0 0 0 0 0 0 0 0 0 0 0 0 0 0 0 0 0 0 0 0 0 0 0 0 0 0 0 0 0 0 0 0 0 0 0 0 0 0 0 0 0 0 0 0 0 0 0 0 0 0 0 0 0 0 0 0 0 0 0 0 0 0 0 0 0 0 0 0 0 0 0 0 0 0 0 0 0 0 0 0 0 0 0 0 0 0 0 0 0 0 0 0 0 0 0 0 0 0 0 0 0 0 0 0 0 0 0 0 0 0 0 0 0 0 0 0 0 0 0 0 0 0 0 0 0 0 0 0 0 0 0 0 0 0 0 0 0 0 0 0 0 0 0 0 0 0 0 0 0 0 0 0 0 0 0 0 0 0 0 0 0 0 0 0 0 0 0 0 0 0 0 0 0 0 0 0 0 0 0 0 0 0 0 0 0 0 0 0 0 0 0 0 0 0 0 0 0 0 0 0 0 0 0 0 0 0 0 0 0 0 0 0 0 0 0 0 0 0 0 0 0 0 0 0 0 0 0 0 0 0 0 0 0 0 0 0 0 0 0 0 0 0 0 0 0 0 0 0 0 0 0 0 0 0 0 0 0 0 0 0 0 0 0 0 0 0 0 0 0 0 0 0 0 0 0 0 0 0 0 0 0 0 0 0 0 0 0 0 0 0 0 0 0 0 0 0 0 0 0 0 0 0 0 0 0 0 0 0 0 0 0 0 0 0 0 0 0 0 0 0 0 0 0 0 0 0 0 0 0 0 0 0 0 0 0 0 0 0 0 0 0 0 0 0 0 0 0 0 0 0 0 0 0 0 0 0 0 0 0 0 0 0 0 0 0 0 0 0 0 0 0 0 0 0 0 0 0 0 0 0 0 0 0 0 0 0 0 0 0 0 0 0 0 0 0 0 0 0 0 0 0 0 0 0 0 0 0 0 0 0 0 0 0 0 0 0 0 0 0 0 0 0 0 0 0 0 0 0 0 0 0 0 0 0 0 0 0 0 0 0 0 0 0 0 0 0 0 0 0 0 0 0 0 0 0 0 0 0 0 0 0 0 0 0 0 0 0 0 0 0 0 0 0 0 0 0 0 0 0 0 0 0 0 0 0 0 0 0 0 0 0 0 0 0 0 0 0 0 0 0 0 0 0 0 0 0 0 0 0 0 0 0 0 0 0 0 0 0 0 0 0 0 0 0 0 0 0 0 0 0 0 0 0 0 0 0 0 0 0 0 0 0 0 0 0 0 0 0 0 0 0 0 0 0 0 0 0 0 0 0 0 0 0 0 0 0 0 0 0 0 0 0 0 0 0 0 0 0 0 0 0 0 0 0 0 0 0 0 0 0 0 0 0 0 0 0 0 0 0 0 0 0 0 0 0 0 0 0 0 0 0 0 0 0 0 0 0 0 0 0 0 0 0 0 0 0 0 0 0 0 0 0 0 0 0 0 0 0 0 0 0 0 0 0 0 0 0 0 0 0 0 0 0 0 0 0 0 0 0 0 0 0 0 0 0 0 0 0 0 0 0 0 0 0 0 0 0 0 0 0 0 0 0 0 0 0 0 0 0 0 0 0 0 0 0 0 0 0 0 0 0 0 0 0 0 0 0 0 0 0 0 0 0 0 0 0 0 0 0 0 0 0 0 0 0 0 0 0 0 0 0 0 0 0 0 0 0 0 0 0 0 0 0 0 0 0 0 0 0 0 0 0 0 0 0 0 0 0 0 0 0 0 0 0 0 0 0 0 0 0 0 0 0 0 0 0 0 0 0 0 0 0 0 0 0 0 0 0 0 0 0 0 0 0 0 0 0 0 0 0 0 0 0 0 0 0 0 0 0 0 0 0 0 0 0 0 0 0 0 0 0 0 0 0 0 0 0 0 0 0 0 0 0 0 0 0 0 0 0 0 0 0 0 0 0 0 0 0 0 0 0 0 0 0 0 0 0 0 0 0 0 0 0 0 0 0 0 0 0 0 0 0 0 0 0 0 0 0 0 0 0 0 0 0 0 0 0 0 0 0 0 0 0 0 0 0 0 0 0 0 0 0 0 0 0 0 0 0 0 0 0 0 0 0 0 0 0 0 0 0 0 0 0 0 0 0 0 0 0 0 0 0 0 0 0 0 0 0 0 0 0 0 0 0 0 0 0 0 0 0 0 0 0 0 0 0 0 0 0 0 0 0 0 0 0 0 0 0 0 0 0 0 0 0 0 0 0 0 0 0 0 0 0 0 0 0 0 0 0 0 0 0 0 0 0 0 0 0 0 0 0 0 0 0 0 0 0 0 0 0 0 0 0 0 0 0 0 0 0 0 0 0 0 0 0 0 0 0 0 0 0 0 0 0 0 0 0 0 0 0 0 0 0 0 0 0 0 0 0 0 0 0 0 0 0 0 0 0 0 0 0 0 0 0 0 0 0 0 0 0 0 0 0 0 0 0 0 0 0 0 0 0 0 0 0 0 0 0 0 0 0 0 0 0 0 0 0 0 0 0 0 0 0 0 0 0 0 0 0 0 0 0 0 0 0 0 0 0 0 0 0 0 0 0 0 0 0 0 0 0 0 0 0 0 0 0 0 0 0 0 0 0 0 0 0 0 0 0 0 0 0 0 0 0 0 0 0 0 0 0 0 0 0 0 0 0 0 0 0 0 0 0 0 0 0 0 0 0 0 0 0 0 0 0 0 0 0 0 0 0 0 0 0 0 0 0 0 0 0 0 0 0 0 0 0 0 0 0 0 0 0 0 0 0 0 0 0 0 0 0 0 0 0 0 0 0 0 0 0 0 0 0 0 0 0 0 0 0 0 0 0 0 0 0 0 0 0 0 0 0 0 0 0 0 0 0 0 0 0 0 0 0 0 0 0 0 0 0 0 0 0 0 0 0 0 0 0 0 0 0 0 0 0 0 0 0 0 0 0 0 0 0 0 0 0 0 0 0 0 0 0 0 0 0 0 0 0 0 0 0 0 0 0 0 0 0 0 0 0 0 0 0 0 0 0 0 0 0 0 0 0 0 0 0 0 0 0 0 0 0 0 0 0 0 0 0 0 0 0 0 0 0 0 0 0 0 0 0 0 0 0 0 0 0 0 0 0 0 0 0 0 0 0 0 0 0 0 0 0 0 0 0 0 0 0 0 0 0 0 0 0 0 0 0 0 0 0 0 0 0 0 0 0 0 0 0 0 0 0 0 0 0 0 0 0 0 0 0 0 0 0 0 0 0 0 0 0 0 0 0 0 0 0 0 0 0 0 0 0 0 0 0 0 0 0 0 0 0 0 0 0 0 0 0 0 0 0 0 0 0 0 0 0 0 0 0 0 0 0 0 0 0 0 0 0 0 0 0 0 0 0 0 0 0 0 0 0 0 0 0 0 0 0 0 0 0 0 0 0 0 0 0 0 0 0 0 0 0 0 0 0 0 0 0 0 0 0 0 0 0 0 0 0 0 0 0 0 0 0 0 0 0 0 0 0 0 0 0 0 0 0 0 0 0 0 0 0 0 0 0 0 0 0 0 0 0 0 0 0 0 0 0 0 0 0 0 0 0 0 0 0 0 0 0 0 0 0 0 0 0 0 0 0 0 0 0 0 0 0 0 0 0 0 0 0 0 0 0 0 0 0 0 0 0 0 0 0 0 0 0 0 0 0 0 0 0 0 0 0 0 0 0 0 0 0 0 0 0 0 0 0 0 0 0 0 0 0 0 0 0 0 0 0 0 0 0 0 0 0 0 0 0 0 0 0 0 0 0 0 0 0 0 0 0 0 0 0 0 0 0 0 0 0 0 0 0 0 0 0 0 0 0 0 0 0 0 0 0 0 0 0 0 0 0 0 0 0 0 0 0 0 0 0 0 0 0 0 0 0 0 0 0 0 0 0 0 0 0 0 0 0 0 0 0 0 0 0 0 0 0 0 0 0 0 0 0 0 0 0 0 0 0 0 0 0 0 0 0 0 0 0 0 0 0 0 0 0 0 0 0 0 0 0 0 0 0 0 0 0 0 0 0 0 0 0 0 0 0 0 0 0 0 0 0 0 0 0 0 0 0 0 0 0 0 0 0 0 0 0 0 0 0 0 0 0 0 0 0 0 0 0 0 0 0 0 0 0 0 0 0 0 0 0 0 0 0 0 0 0 0 0 0 0 0 0 0 0 0 0 0 0 0 0 0 0 0 0 0 0 0 0 0 0 0 0 0 0 0 0 0 0 0 0 0 0 0 0 0 0 0 0 0 0 0 0 0 0 0 0 0 0 0 0 0 0 0 0 0 0 0 0 0 0 0 0 0 0 0 0 0 0 0 0 0 0 0 0 0 0 0 0 0 0 0 0 0 0 0 0 0 0 0 0 0 0 0 0 0 0 0 0 0 0 0 0 0 0 0 0 0 0 0 0 0 0 0 0 0 0 0 0 0 0 0 0 0 0 0 0 0 0 0 0 0 0 0 0 0 0 0 0 0 0 0 0 0 0 0 0 0 0 0 0 0 0 0 0 0 0 0 0 0 0 0 0 0 0 0 0 0 0 0 0 0 0 0 0 0 0 0 0 0 0 0 0 0 0 0 0 0 0 0 0 0 0 0 0 0 0 0 0 0 0 0 0 0 0 0 0 0 0 0 0 0 0 0 0 0 0 0 0 0 0 0 0 0 0 0 0 0 0 0 0 0 0 0 0 0 0 0 0 0 0 0 0 0 0 0 0 0 0 0 0 0 0 0 0 0 0 0 0 0 0 0 0 0 0 0 0 0 0 0 0 0 0 0 0 0 0 0 0 0 0 0 0 0 0 0 0 0 0 0 0 0 0 0 0 0 0 0 0 0 0 0 0 0 0 0 0 0 0 0 0 0 0 0 0 0 0 0 0 0 0 0 0 0 0 0 0 0 0 0 0 0 0 0 0 0 0 0 0 0 0 0 0 0 0 0 0 0 0 0 0 0 0 0 0 0 0 0 0 0 0 0 0 0 0 0 0 0 0 0 0 0 0 0 0 0 0 0 0 0 0 0 0 0 0 0 0 0 0 0 0 0 0 0 0 0 0 0 0 0 0 0 0 0 0 0 0 0 0 0 0 0 0 0 0 0 0 0 0 0 0 0 0 0 0 0 0 0 0 0 0 0 0 0 0 0 0 0 0 0 0 0 0 0 0 0 0 0 0 0 0 0 0 0 0 0 0 0 0 0 0 0 0 0 0 0 0 0 0 0 0 0 0 0 0 0 0 0 0 0 0 0 0 0 0 0 0 0 0 0 0 0 0 0 0 0 0 0 0 0 0 0 0 0 0 0 0 0 0 0 0 0 0 0 0 0 0 0 0 0 0 0 0 0 0 0 0 0 0 0 0 0 0 0 0 0 0 0 0 0 0 0 0 0 0 0 0 0 0 0 0 0 0 0 0 0 0 0 0 0 0 0 0 0 0 0 0 0 0 0 0 0 0 0 0 0 0 0 0 0 0 0 0 0 0 0 0 0 0 0 0 0 0 0 0 0 0 0 0 0 0 0 0 0 0 0 0 0 0 0 0 0 0 0 0 0 0 0 0 0 0 0 0 0 0 0 0 0 0 0 0 0 0 0 0 0 0 0 0 0 0 0 0 0 0 0 0 0 0 0 0 0 0 0 0 0 0 0 0 0 0 0 0 0 0 0 0 0 0 0 0 0 0 0 0 0 0 0 0 0 0 0 0 0 0 0 0 0 0 0 0 0 0 0 0 0 0 0 0 0 0 0 0 0 0 0 0 0 0 0 0 0 0 0 0 0 0 0 0 0 0 0 0 0 0 0 0 0 0 0 0 0 0 0 0 0 0 0 0 0 0 0 0 0 0 0 0 0 0 0 0 0 0 0 0 0 0 0 0 0 0 0 0 0 0 0 0 0 0 0 0 0 0 0 0 0 0 0 0 0 0 0 0 0 0 0 0 0 0 0 0 0 0 0 0 0 0 0 0 0 0 0 0 0 0 0 0 0 0 0 0 0 0 0 0 0 0 0 0 0 0 0 0 0 0 0 0 0 0 0 0 0 0 0 0 0 0 0 0 0 0 0 0 0 0 0 0 0 0 0 0 0 0 0 0 0 0 0 0 0 0 0 0 0 0 0 0 0 0 0 0 0 0 0 0 0 0 0 0 0 0 0 0 0 0 0 0 0 0 0 0 0 0 0 0 0 0 0 0 0 0 0 0 0 0 0 0 0 0 0 0 0 0 0 0 0 0 0 0 0 0 0 0 0 0 0 0 0 0 0 0 0 0 0 0 0 0 0 0 0 0 0 0 0 0 0 0 0 0 0 0 0 0 0 0 0 0 0 0 0 0 0 0 0 0 0 0 0 0 0 0 0 0 0 0 0 0 0 0 0 0 0 0 0 0 0 0 0 0 0 0 0 0 0 0 0 0 0 0 0 0 0 0 0 0 0 0 0 0 0 0 0 0 0 0 0 0 0 0 0 0 0 0 0 0 0 0 0 0 0 0 0 0 0 0 0 0 0 0 0 0 0 0 0 0 0 0 0 0 0 0 0 0 0 0 0 0 0 0 0 0 0 0 0 0 0 0 0 0 0 0 0 0 0 0 0 0 0 0 0 0 0 0 0 0 0 0 0 0 0 0 0 0 0 0 0 0 0 0 0 0 0 0 0 0 0 0 0 0 0 0 0 0 0 0 0 0 0 0 0 0 0 0 0 0 0 0 0 0 0 0 0 0 0 0 0 0 0 0 0 0 0 0 0 0 0 0 0 0 0 0 0 0 0 0 0 0 0 0 0 0 0 0 0 0 0 0 0 0 0 0 0 0 0 0 0 0 0 0 0 0 0 0 0 0 0 0 0 0 0 0 0 0 0 0 0 0 0 0 0 0 0 0 0 0 0 0 0 0 0 0 0 0 0 0 0 0 0 0 0 0 0 0 0 0 0 0 0 0 0 0 0 0 0 0 0 0 0 0 0 0 0 0 0 0 0 0 0 0 0 0 0 0 0 0 0 0 0 0 0 0 0 0 0 0 0 0 0 0 0 0 0 0 0 0 0 0 0 0 0 0 0 0 0 0 0 0 0 0 0 0 0 0 0 0 0 0 0 0 0 0 0 0 0 0 0 0 0 0 0 0 0 0 0 0 0 0 0 0 0 0 0 0 0 0 0 0 0 0 0 0
ctxt 1818157
btime 1613122782
processes 40929
procs_running 1
procs_blocked 0
softirq 17241742 1 9914400 753 347121 0 0 174 720949 0 6258344
