cpu  30399040 4 62452 7026479 419 0 4520 0 0 0
cpu0 845161 1 2302 193612 0 0 502 0 0 0
cpu1 843693 0 2519 195145 1 0 95 0 0 0
cpu2 844552 0 2114 194654 79 0 60 0 0 0
cpu3 843265 0 2603 195533 1 0 75 0 0 0
cpu4 844131 0 1763 195542 1 0 39 0 0 0
cpu5 843801 0 1990 195639 0 0 52 0 0 0
cpu6 844642 0 1478 195158 72 0 115 0 0 0
cpu7 844891 0 1170 195340 3 0 56 0 0 0
cpu8 844650 0 1545 195237 6 0 24 0 0 0
cpu9 844926 0 1172 195316 1 0 57 0 0 0
cpu10 844280 0 1606 195495 5 0 90 0 0 0
cpu11 843670 0 2130 195472 3 0 191 0 0 0
cpu12 841863 0 3802 195403 4 0 384 0 0 0
cpu13 843716 0 2385 195261 1 0 84 0 0 0
cpu14 843555 0 2743 195066 8 0 92 0 0 0
cpu15 843412 0 2609 195398 2 0 42 0 0 0
cpu16 846021 0 2474 192903 0 0 81 0 0 0
cpu17 844368 0 1505 195517 22 0 48 0 0 0
cpu18 845136 0 1287 195009 13 0 18 0 0 0
cpu19 844248 0 1786 195300 9 0 129 0 0 0
cpu20 844915 0 1163 195321 45 0 17 0 0 0
cpu21 844026 0 2037 195377 10 0 13 0 0 0
cpu22 844887 0 1036 195446 50 0 45 0 0 0
cpu23 844876 0 1009 195512 4 0 69 0 0 0
cpu24 845373 0 603 195469 1 0 20 0 0 0
cpu25 844646 0 1268 195448 1 0 100 0 0 0
cpu26 845021 0 977 195405 13 0 52 0 0 0
cpu27 844293 0 1403 195541 4 0 220 0 0 0
cpu28 844509 0 1444 195490 4 0 18 0 0 0
cpu29 841296 0 3162 195445 2 0 1552 0 0 0
cpu30 844976 0 1225 195246 3 0 10 0 0 0
cpu31 844833 0 1439 195113 14 0 71 0 0 0
cpu32 845253 0 808 195396 1 0 16 0 0 0
cpu33 845000 0 1331 195110 3 0 18 0 0 0
cpu34 845298 0 1096 195025 8 0 33 0 0 0
cpu35 845844 0 1451 194119 7 0 16 0 0 0
intr 83734309 56 0 0 0 611 0 0 0 1 0 250 0 0 0 0 0 0 0 0 0 0 0 0 0 0 0 0 0 0 0 0 93 186 220 9804 104 3113 151 3148 509 352 158 581 322 1194 936 682 417 294 601 2562 551 3452 1141 1832 416 0 0 0 0 158 99 375 350 362 1135 749 1005 161 331 608 818 0 0 16 16100 4096 0 21043 1217 1442 912 1853 1322 1078 1380 2072 1256 3376 3259 84896 19588 3884 1607 2271 1058 1381 1116 970 860 1971 921 1073 871 2854 1849 3417 194993 907 1592 1288 1190 4951 2415 0 16 7809 1 0 0 0 0 0 0 0 0 0 0 0 0 0 0 0 0 0 0 0 0 0 0 0 0 0 0 0 0 0 0 0 0 0 0 0 0 0 25 0 0 0 0 0 0 0 0 0 0 0 0 0 0 0 0 0 0 0 0 0 0 0 0 0 0 0 0 0 0 0 0 0 0 0 0 0 0 0 0 0 0 0 0 0 0 0 0 0 0 0 0 0 0 0 0 0 0 0 0 0 0 0 0 0 0 0 0 0 0 0 0 0 0 0 0 0 0 0 0 0 0 0 0 0 0 0 0 0 0 0 0 0 0 0 0 0 0 0 0 0 0 0 0 0 0 0 0 0 0 0 0 0 0 0 0 0 0 0 0 0 0 0 0 0 0 0 0 0 0 0 0 0 0 0 0 0 0 0 0 0 0 0 0 0 0 0 0 0 0 0 0 0 0 0 0 0 0 0 0 0 0 0 0 0 0 0 0 0 0 0 0 0 0 0 0 0 0 0 0 0 0 0 0 0 0 0 0 0 0 0 0 0 0 0 0 0 0 0 0 0 0 0 0 0 0 0 0 0 0 0 0 0 0 0 0 0 0 0 0 0 0 0 0 0 0 0 0 0 0 0 0 0 0 0 0 0 0 0 0 0 0 0 0 0 0 0 0 0 0 0 0 0 0 0 0 0 0 0 0 0 0 0 0 0 0 0 0 0 0 0 0 0 0 0 0 0 0 0 0 0 0 0 0 0 0 0 0 0 0 0 0 0 0 0 0 0 0 0 0 0 0 0 0 0 0 0 0 0 0 0 0 0 0 0 0 0 0 0 0 0 0 0 0 0 0 0 0 0 0 0 0 0 0 0 0 0 0 0 0 0 0 0 0 0 0 0 0 0 0 0 0 0 0 0 0 0 0 0 0 0 0 0 0 0 0 0 0 0 0 0 0 0 0 0 0 0 0 0 0 0 0 0 0 0 0 0 0 0 0 0 0 0 0 0 0 0 0 0 0 0 0 0 0 0 0 0 0 0 0 0 0 0 0 0 0 0 0 0 0 0 0 0 0 0 0 0 0 0 0 0 0 0 0 0 0 0 0 0 0 0 0 0 0 0 0 0 0 0 0 0 0 0 0 0 0 0 0 0 0 0 0 0 0 0 0 0 0 0 0 0 0 0 0 0 0 0 0 0 0 0 0 0 0 0 0 0 0 0 0 0 0 0 0 0 0 0 0 0 0 0 0 0 0 0 0 0 0 0 0 0 0 0 0 0 0 0 0 0 0 0 0 0 0 0 0 0 0 0 0 0 0 0 0 0 0 0 0 0 0 0 0 0 0 0 0 0 0 0 0 0 0 0 0 0 0 0 0 0 0 0 0 0 0 0 0 0 0 0 0 0 0 0 0 0 0 0 0 0 0 0 0 0 0 0 0 0 0 0 0 0 0 0 0 0 0 0 0 0 0 0 0 0 0 0 0 0 0 0 0 0 0 0 0 0 0 0 0 0 0 0 0 0 0 0 0 0 0 0 0 0 0 0 0 0 0 0 0 0 0 0 0 0 0 0 0 0 0 0 0 0 0 0 0 0 0 0 0 0 0 0 0 0 0 0 0 0 0 0 0 0 0 0 0 0 0 0 0 0 0 0 0 0 0 0 0 0 0 0 0 0 0 0 0 0 0 0 0 0 0 0 0 0 0 0 0 0 0 0 0 0 0 0 0 0 0 0 0 0 0 0 0 0 0 0 0 0 0 0 0 0 0 0 0 0 0 0 0 0 0 0 0 0 0 0 0 0 0 0 0 0 0 0 0 0 0 0 0 0 0 0 0 0 0 0 0 0 0 0 0 0 0 0 0 0 0 0 0 0 0 0 0 0 0 0 0 0 0 0 0 0 0 0 0 0 0 0 0 0 0 0 0 0 0 0 0 0 0 0 0 0 0 0 0 0 0 0 0 0 0 0 0 0 0 0 0 0 0 0 0 0 0 0 0 0 0 0 0 0 0 0 0 0 0 0 0 0 0 0 0 0 0 0 0 0 0 0 0 0 0 0 0 0 0 0 0 0 0 0 0 0 0 0 0 0 0 0 0 0 0 0 0 0 0 0 0 0 0 0 0 0 0 0 0 0 0 0 0 0 0 0 0 0 0 0 0 0 0 0 0 0 0 0 0 0 0 0 0 0 0 0 0 0 0 0 0 0 0 0 0 0 0 0 0 0 0 0 0 0 0 0 0 0 0 0 0 0 0 0 0 0 0 0 0 0 0 0 0 0 0 0 0 0 0 0 0 0 0 0 0 0 0 0 0 0 0 0 0 0 0 0 0 0 0 0 0 0 0 0 0 0 0 0 0 0 0 0 0 0 0 0 0 0 0 0 0 0 0 0 0 0 0 0 0 0 0 0 0 0 0 0 0 0 0 0 0 0 0 0 0 0 0 0 0 0 0 0 0 0 0 0 0 0 0 0 0 0 0 0 0 0 0 0 0 0 0 0 0 0 0 0 0 0 0 0 0 0 0 0 0 0 0 0 0 0 0 0 0 0 0 0 0 0 0 0 0 0 0 0 0 0 0 0 0 0 0 0 0 0 0
ctxt 21310838
btime 1613124388
processes 530939
procs_running 1
procs_blocked 0
softirq 109629911 1 63901004 878 3988273 0 0 375667 2828281 0 38535807
