cpu  1623696 5 5278 1782060 385 0 209 0 0 0
cpu0 25316 0 243 27543 0 0 103 0 0 0
cpu1 25208 0 197 27887 12 0 10 0 0 0
cpu2 25296 0 83 27944 0 0 0 0 0 0
cpu3 25386 0 101 27824 2 0 4 0 0 0
cpu4 25296 0 94 27922 0 0 1 0 0 0
cpu5 25614 0 93 27586 21 0 4 0 0 0
cpu6 25298 0 193 27771 0 0 4 0 0 0
cpu7 25420 0 47 27842 8 0 1 0 0 0
cpu8 25308 0 70 27938 0 0 0 0 0 0
cpu9 25431 0 93 27733 65 0 2 0 0 0
cpu10 25321 0 110 27884 0 0 0 0 0 0
cpu11 25359 0 51 27904 3 0 0 0 0 0
cpu12 25323 0 92 27891 0 0 2 0 0 0
cpu13 25322 0 91 27893 3 0 2 0 0 0
cpu14 25331 0 44 27940 3 0 0 0 0 0
cpu15 25469 0 54 27795 1 0 0 0 0 0
cpu16 25332 0 54 27922 5 0 0 0 0 0
cpu17 25391 0 92 27791 27 0 0 0 0 0
cpu18 25339 0 41 27940 0 0 0 0 0 0
cpu19 25373 0 136 27786 4 0 6 0 0 0
cpu20 25342 0 32 27944 1 0 0 0 0 0
cpu21 25448 0 120 27726 2 0 1 0 0 0
cpu22 25344 0 52 27918 0 0 0 0 0 0
cpu23 25534 0 172 27561 28 0 4 0 0 0
cpu24 25347 0 56 27853 24 0 0 0 0 0
cpu25 25395 0 74 27827 10 0 1 0 0 0
cpu26 25344 0 64 27906 0 0 0 0 0 0
cpu27 25295 0 177 27829 9 0 2 0 0 0
cpu28 25334 0 44 27918 0 0 11 0 0 0
cpu29 25376 0 65 27865 2 0 0 0 0 0
cpu30 25342 0 53 27909 0 0 0 0 0 0
cpu31 25362 0 43 27901 1 0 0 0 0 0
cpu32 25344 0 32 27933 0 0 0 0 0 0
cpu33 25366 0 63 27875 4 0 2 0 0 0
cpu34 25328 0 60 27925 0 0 0 0 0 0
cpu35 25480 0 97 27722 1 0 2 0 0 0
cpu36 25322 0 61 27927 0 0 0 0 0 0
cpu37 25364 0 48 27891 1 0 0 0 0 0
cpu38 25334 0 50 27923 0 0 0 0 0 0
cpu39 25541 0 60 27701 1 0 0 0 0 0
cpu40 25321 0 63 27923 0 0 0 0 0 0
cpu41 25369 0 53 27844 40 0 0 0 0 0
cpu42 25337 0 38 27933 0 0 0 0 0 0
cpu43 25344 0 42 27922 0 0 0 0 0 0
cpu44 25339 0 56 27914 0 0 0 0 0 0
cpu45 25484 0 70 27740 12 0 0 0 0 0
cpu46 25314 0 79 27906 0 0 0 0 0 0
cpu47 25430 0 82 27793 2 0 0 0 0 0
cpu48 25342 0 46 27916 0 0 0 0 0 0
cpu49 25384 0 82 27829 0 0 0 0 0 0
cpu50 25344 0 38 27921 0 0 0 0 0 0
cpu51 25407 0 85 27804 2 0 0 0 0 0
cpu52 25341 0 36 27927 0 0 0 0 0 0
cpu53 25455 0 110 27738 0 0 0 0 0 0
cpu54 25343 0 35 27924 0 0 0 0 0 0
cpu55 25309 1 294 27660 6 0 30 0 0 0
cpu56 25342 0 39 27919 0 0 0 0 0 0
cpu57 25444 2 78 27763 7 0 0 0 0 0
cpu58 25341 0 37 27922 0 0 0 0 0 0
cpu59 25307 0 147 27841 4 0 3 0 0 0
cpu60 25341 0 41 27920 0 0 0 0 0 0
cpu61 25644 0 159 27446 46 0 0 0 0 0
cpu62 25344 0 42 27914 0 0 0 0 0 0
cpu63 25367 0 101 27823 4 0 0 0 0 0
intr 5195841 82 0 0 0 630 0 0 0 1 0 285 0 0 0 0 0 0 0 0 0 0 0 0 0 0 0 0 0 0 0 0 0 0 0 0 0 0 0 18 10004 131 2030 0 2757 5 1357 0 473 0 555 0 2131 0 28 1 30 2 2 0 317 0 1720 95 3523 105 2553 11176 0 8 0 8 6 0 306 0 1 0 6 2 3 0 0 42 2 0 11 0 53 2 13 0 258 0 289 2 2 2 1814 0 6 1 0 0 0 0 0 0 0 0 0 0 0 0 0 0 0 0 0 0 93 29581 0 0 0 0 0 0 0 0 0 0 0 0 0 0 0 0 0 0 0 0 0 0 0 0 0 0 0 0 0 0 0 0 0 0 0 0 0 0 0 0 0 0 0 0 0 0 0 0 0 0 0 0 0 0 0 0 0 0 0 0 0 0 0 0 0 0 0 0 0 0 0 0 0 0 0 17 0 0 0 0 0 0 0 0 0 0 0 0 0 0 0 0 0 0 0 0 0 0 0 0 0 0 0 0 0 0 0 0 0 0 0 0 0 0 0 0 0 0 0 0 0 0 0 0 0 0 0 0 0 0 0 0 0 0 0 0 0 0 0 0 0 0 0 0 0 0 0 0 0 0 0 0 0 0 0 0 0 0 0 0 0 0 0 0 0 0 0 0 0 0 0 0 0 0 0 0 0 0 0 0 0 0 0 0 0 0 0 0 0 0 0 0 0 0 0 0 0 0 0 0 0 0 0 0 0 0 0 0 0 0 0 0 0 0 0 0 0 0 0 0 0 0 0 0 0 0 0 0 0 0 0 0 0 0 0 0 0 0 0 0 0 0 0 0 0 0 0 0 0 0 0 0 0 0 0 0 0 0 0 0 0 0 0 0 0 0 0 0 0 0 0 0 0 0 0 0 0 0 0 0 0 0 0 0 0 0 0 0 0 0 0 0 0 0 0 0 0 0 0 0 0 0 0 0 0 0 0 0 0 0 0 0 0 0 0 0 0 0 0 0 0 0 0 0 0 0 0 0 0 0 0 0 0 0 0 0 0 0 0 0 0 0 0 0 0 0 0 0 0 0 0 0 0 0 0 0 0 0 0 0 0 0 0 0 0 0 0 0 0 0 0 0 0 0 0 0 0 0 0 0 0 0 0 0 0 0 0 0 0 0 0 0 0 0 0 0 0 0 0 0 0 0 0 0 0 0 0 0 0 0 0 0 0 0 0 0 0 0 0 0 0 0 0 0 0 0 0 0 0 0 0 0 0 0 0 0 0 0 0 0 0 0 0 0 0 0 0 0 0 0 0 0 0 0 0 0 0 0 0 0 0 0 0 0 0 0 0 0 0 0 0 0 0 0 0 0 0 0 0 0 0 0 0 0 0 0 0 0 0 0 0 0 0 0 0 0 0 0 0 0 0 0 0 0 0 0 0 0 0 0 0 0 0 0 0 0 0 0 0 0 0 0 0 0 0 0 0 0 0 0 0 0 0 0 0 0 0 0 0 0 0 0 0 0 0 0 0 0 0 0 0 0 0 0 0 0 0 0 0 0 0 0 0 0 0 0 0 0 0 0 0 0 0 0 0 0 0 0 0 0 0 0 0 0 0 0 0 0 0 0 0 0 0 0 0 0 0 0 0 0 0 0 0 0 0 0 0 0 0 0 0 0 0 0 0 0 0 0 0 0 0 0 0 0 0 0 0 0 0 0 0 0 0 0 0 0 0 0 0 0 0 0 0 0 0 0 0 0 0 0 0 0 0 0 0 0 0 0 0 0 0 0 0 0 0 0 0 0 0 0 0 0 0 0 0 0 0 0 0 0 0 0 0 0 0 0 0 0 0 0 0 0 0 0 0 0 0 0 0 0 0 0 0 0 0 0 0 0 0 0 0 0 0 0 0 0 0 0 0 0 0 0 0 0 0 0 0 0 0 0 0 0 0 0 0 0 0 0 0 0 0 0 0 0 0 0 0 0 0 0 0 0 0 0 0 0 0 0 0 0 0 0 0 0 0 0 0 0 0 0 0 0 0 0 0 0 0 0 0 0 0 0 0 0 0 0 0 0 0 0 0 0 0 0 0 0 0 0 0 0 0 0 0 0 0 0 0 0 0 0 0 0 0 0 0 0 0 0 0 0 0 0 0 0 0 0 0 0 0 0 0 0 0 0 0 0 0 0 0 0 0 0 0 0 0 0 0 0 0 0 0 0 0 0 0 0 0 0 0 0 0 0 0 0 0 0 0 0 0 0 0 0 0 0 0 0 0 0 0 0 0 0 0 0 0 0 0 0 0 0 0 0 0 0 0 0 0 0 0 0 0 0 0 0 0 0 0 0 0 0 0 0 0 0 0 0 0 0 0 0 0 0 0 0 0 0 0 0 0 0 0 0 0 0 0 0 0 0 0 0 0 0 0 0 0 0 0 0 0 0 0 0 0 0 0 0 0 0 0 0 0 0 0 0 0 0 0 0 0 0 0 0 0 0 0 0 0 0 0 0 0 0 0 0 0 0 0 0 0 0 0 0 0 0 0 0 0 0 0 0 0 0 0 0 0 0 0 0 0 0 0 0 0 0 0 0 0 0 0 0 0 0 0 0 0 0 0 0 0 0 0 0 0 0 0 0 0 0 0 0 0 0 0 0 0 0 0 0 0 0 0 0 0 0 0 0 0 0 0 0 0 0 0 0 0 0 0 0 0 0 0 0 0 0 0 0 0 0 0 0 0 0 0 0 0 0 0 0 0 0 0 0 0 0 0 0 0 0 0 0 0 0 0 0 0 0 0 0 0 0 0 0 0 0 0 0 0 0 0 0 0 0 0 0 0 0 0 0 0 0 0 0 0 0 0 0 0 0 0 0 0 0 0 0 0 0 0 0 0 0 0 0 0 0 0 0 0 0 0 0 0 0 0 0 0 0 0 0 0 0 0 0 0 0 0 0 0 0 0 0 0 0 0 0 0 0 0 0 0 0 0 0 0 0 0 0 0 0 0 0 0 0 0 0 0 0 0 0 0 0 0 0 0 0 0 0 0 0 0 0 0 0 0 0 0 0 0 0 0 0 0 0 0 0 0 0 0 0 0 0 0 0 0 0 0 0 0 0 0 0 0 0 0 0 0 0 0 0 0 0 0 0 0 0 0 0 0 0 0 0 0 0 0 0 0 0 0 0 0 0 0 0 0 0 0 0 0 0 0 0 0 0 0 0 0 0 0 0 0 0 0 0 0 0 0 0 0 0 0 0 0 0 0 0 0 0 0 0 0 0 0 0 0 0 0 0 0 0 0 0 0 0 0 0 0 0 0 0 0 0 0 0 0 0 0 0 0 0 0 0 0 0 0 0 0 0 0 0 0 0 0 0 0 0 0 0 0 0 0 0 0 0 0 0 0 0 0 0 0 0 0 0 0 0 0 0 0 0 0 0 0 0 0 0 0 0 0 0 0 0 0 0 0 0 0 0 0 0 0 0 0 0 0 0 0 0 0 0 0 0 0 0 0 0 0 0 0 0 0 0 0 0 0 0 0 0 0 0 0 0 0 0 0 0 0 0 0 0 0 0 0 0 0 0 0 0 0 0 0 0 0 0 0 0 0 0 0 0 0 0 0 0 0 0 0 0 0 0 0 0 0 0 0 0 0 0 0 0 0 0 0 0 0 0 0 0 0 0 0 0 0 0 0 0 0 0 0 0 0 0 0 0 0 0 0 0 0 0 0 0 0 0 0 0 0 0 0 0 0 0 0 0 0 0 0 0 0 0 0 0 0 0 0 0 0 0 0 0 0 0 0 0 0 0 0 0 0 0 0 0 0 0 0 0 0 0 0 0 0 0 0 0 0 0 0 0 0 0 0 0 0 0 0 0 0 0 0 0 0 0 0 0 0 0 0 0 0 0 0 0 0 0 0 0 0 0 0 0 0 0 0 0 0 0 0 0 0 0 0 0 0 0 0 0 0 0 0 0 0 0 0 0 0 0 0 0 0 0 0 0 0 0 0 0 0 0 0 0 0 0 0 0 0 0 0 0 0 0 0 0 0 0 0 0 0 0 0 0 0 0 0 0 0 0 0 0 0 0 0 0 0 0 0 0 0 0 0 0 0 0 0 0 0 0 0 0 0 0 0 0 0 0 0 0 0 0 0 0 0 0 0 0 0 0 0 0 0 0 0 0 0 0 0 0 0 0 0 0 0 0 0 0 0 0 0 0 0 0 0 0 0 0 0 0 0 0 0 0 0 0 0 0 0 0 0 0 0 0 0 0 0 0 0 0 0 0 0 0 0 0 0 0 0 0 0 0 0 0 0 0 0 0 0 0 0 0 0 0 0 0 0 0 0 0 0 0 0 0 0 0 0 0 0 0 0 0 0 0 0 0 0 0 0 0 0 0 0 0 0 0 0 0 0 0 0 0 0 0 0 0 0 0 0 0 0 0 0 0 0 0 0 0 0 0 0 0 0 0 0 0 0 0 0 0 0 0 0 0 0 0 0 0 0 0 0 0 0 0 0 0 0 0 0 0 0 0 0 0 0 0 0 0 0 0 0 0 0 0 0 0 0 0 0 0 0 0 0 0 0 0 0 0 0 0 0 0 0 0 0 0 0 0 0 0 0 0 0 0 0 0 0 0 0 0 0 0 0 0 0 0 0 0 0 0 0 0 0 0 0 0 0 0 0 0 0 0 0 0 0 0 0 0 0 0 0 0 0 0 0 0 0 0 0 0 0 0 0 0 0 0 0 0 0 0 0 0 0 0 0 0 0 0 0 0 0 0 0 0 0 0 0 0 0 0 0 0 0 0 0 0 0 0 0 0 0 0 0 0 0 0 0 0 0 0 0 0 0 0 0 0 0 0 0 0 0 0 0 0 0 0 0 0 0 0 0 0 0 0 0 0 0 0 0 0 0 0 0 0 0 0 0 0 0 0 0 0 0 0 0 0 0 0 0 0 0 0 0 0 0 0 0 0 0 0 0 0 0 0 0 0 0 0 0 0 0 0 0 0 0 0 0 0 0 0 0 0 0 0 0 0 0 0 0 0 0 0 0 0 0 0 0 0 0 0 0 0 0 0 0 0 0 0 0 0 0 0 0 0 0 0 0 0 0 0 0 0 0 0 0 0 0 0 0 0 0 0 0 0 0 0 0 0 0 0 0 0 0 0 0 0 0 0 0 0 0 0 0 0 0 0 0 0 0 0 0
ctxt 1140962
btime 1613123985
processes 25419
procs_running 1
procs_blocked 0
softirq 6198155 1 3708530 788 182390 0 0 142 285346 0 2020958
