cpu  520 6 7981 6215048 131 0 16 0 0 0
cpu0 0 0 555 47992 0 0 3 0 0 0
cpu1 0 0 54 48603 0 0 3 0 0 0
cpu2 2 0 59 48594 0 0 0 0 0 0
cpu3 1 0 52 48596 0 0 0 0 0 0
cpu4 6 0 80 48553 8 0 0 0 0 0
cpu5 3 0 63 48583 1 0 0 0 0 0
cpu6 2 0 60 48574 0 0 0 0 0 0
cpu7 0 0 57 48586 0 0 0 0 0 0
cpu8 2 0 95 48539 0 0 0 0 0 0
cpu9 2 0 58 48570 2 0 0 0 0 0
cpu10 2 0 56 48585 0 0 0 0 0 0
cpu11 1 0 54 48594 0 0 0 0 0 0
cpu12 4 0 62 48575 0 0 0 0 0 0
cpu13 1 0 60 48581 0 0 0 0 0 0
cpu14 6 0 61 48564 1 0 0 0 0 0
cpu15 2 0 57 48583 0 0 0 0 0 0
cpu16 2 0 73 48565 0 0 0 0 0 0
cpu17 2 0 60 48583 0 0 0 0 0 0
cpu18 8 0 59 48576 0 0 0 0 0 0
cpu19 3 0 59 48579 3 0 0 0 0 0
cpu20 0 0 61 48579 0 0 0 0 0 0
cpu21 0 0 58 48580 2 0 0 0 0 0
cpu22 4 0 54 48576 1 0 0 0 0 0
cpu23 2 0 56 48583 0 0 0 0 0 0
cpu24 14 0 90 48535 0 0 0 0 0 0
cpu25 0 0 50 48586 0 0 2 0 0 0
cpu26 22 0 61 48556 0 0 0 0 0 0
cpu27 3 0 53 48582 0 0 0 0 0 0
cpu28 26 0 99 48533 0 0 0 0 0 0
cpu29 2 0 53 48580 0 0 0 0 0 0
cpu30 8 0 57 48570 0 0 0 0 0 0
cpu31 0 0 55 48582 0 0 0 0 0 0
cpu32 17 0 72 48542 1 0 0 0 0 0
cpu33 4 0 63 48556 0 0 0 0 0 0
cpu34 6 0 58 48568 0 0 0 0 0 0
cpu35 2 0 56 48576 1 0 0 0 0 0
cpu36 3 0 58 48574 0 0 0 0 0 0
cpu37 0 0 51 48563 0 0 3 0 0 0
cpu38 6 0 59 48559 6 0 0 0 0 0
cpu39 2 0 50 48576 2 0 0 0 0 0
cpu40 3 0 58 48570 0 0 0 0 0 0
cpu41 1 0 48 48584 0 0 0 0 0 0
cpu42 6 1 57 48569 0 0 0 0 0 0
cpu43 0 0 52 48578 0 0 0 0 0 0
cpu44 1 0 60 48566 0 0 0 0 0 0
cpu45 0 0 56 48574 0 0 0 0 0 0
cpu46 22 0 58 48549 1 0 0 0 0 0
cpu47 1 0 50 48575 1 0 0 0 0 0
cpu48 10 0 60 48554 1 0 0 0 0 0
cpu49 2 0 53 48571 0 0 0 0 0 0
cpu50 7 0 59 48563 2 0 0 0 0 0
cpu51 0 0 50 48577 0 0 0 0 0 0
cpu52 2 0 59 48564 1 0 0 0 0 0
cpu53 1 0 55 48568 1 0 0 0 0 0
cpu54 12 0 57 48554 0 0 0 0 0 0
cpu55 1 0 52 48574 0 0 0 0 0 0
cpu56 2 0 64 48560 1 0 0 0 0 0
cpu57 0 0 51 48573 0 0 0 0 0 0
cpu58 3 0 62 48554 1 0 0 0 0 0
cpu59 1 0 50 48571 0 0 0 0 0 0
cpu60 2 0 66 48554 0 0 0 0 0 0
cpu61 2 0 58 48563 0 0 0 0 0 0
cpu62 2 0 58 48565 0 0 0 0 0 0
cpu63 2 0 53 48570 0 0 0 0 0 0
cpu64 20 0 66 48536 1 0 0 0 0 0
cpu65 1 0 56 48567 0 0 0 0 0 0
cpu66 2 0 54 48562 0 0 0 0 0 0
cpu67 0 0 52 48563 3 0 0 0 0 0
cpu68 1 0 56 48561 0 0 0 0 0 0
cpu69 1 0 50 48572 0 0 0 0 0 0
cpu70 1 0 51 48564 0 0 0 0 0 0
cpu71 1 0 50 48569 0 0 0 0 0 0
cpu72 0 0 61 48558 0 0 0 0 0 0
cpu73 1 0 48 48570 0 0 0 0 0 0
cpu74 1 0 55 48560 0 0 0 0 0 0
cpu75 2 0 50 48568 0 0 0 0 0 0
cpu76 5 0 75 48518 8 0 0 0 0 0
cpu77 1 0 55 48556 1 0 0 0 0 0
cpu78 7 0 64 48544 2 0 0 0 0 0
cpu79 6 0 61 48545 0 0 0 0 0 0
cpu80 3 0 51 48557 1 0 0 0 0 0
cpu81 0 0 49 48565 0 0 0 0 0 0
cpu82 3 1 57 48547 3 0 0 0 0 0
cpu83 2 0 51 48563 0 0 0 0 0 0
cpu84 2 0 62 48547 0 0 0 0 0 0
cpu85 5 0 56 48548 2 0 0 0 0 0
cpu86 6 0 53 48553 0 0 0 0 0 0
cpu87 1 0 57 48554 0 0 0 0 0 0
cpu88 4 0 63 48543 0 0 0 0 0 0
cpu89 2 0 59 48553 0 0 0 0 0 0
cpu90 2 0 59 48548 1 0 0 0 0 0
cpu91 0 0 62 48547 0 0 0 0 0 0
cpu92 2 0 59 48548 2 0 0 0 0 0
cpu93 2 0 59 48545 0 0 0 0 0 0
cpu94 20 0 58 48523 1 0 0 0 0 0
cpu95 1 0 60 48551 0 0 0 0 0 0
cpu96 1 0 64 48547 0 0 0 0 0 0
cpu97 4 0 60 48545 0 0 0 0 0 0
cpu98 2 0 60 48544 2 0 0 0 0 0
cpu99 2 0 50 48555 0 0 0 0 0 0
cpu100 40 0 61 48507 1 0 0 0 0 0
cpu101 0 0 54 48551 0 0 0 0 0 0
cpu102 5 0 59 48542 0 0 0 0 0 0
cpu103 1 0 53 48553 0 0 0 0 0 0
cpu104 3 0 63 48539 1 0 0 0 0 0
cpu105 3 0 55 48552 0 0 0 0 0 0
cpu106 4 0 58 48540 1 0 0 0 0 0
cpu107 1 0 52 48553 0 0 0 0 0 0
cpu108 0 0 56 48549 0 0 0 0 0 0
cpu109 1 0 58 48542 1 0 0 0 0 0
cpu110 5 0 59 48538 3 0 0 0 0 0
cpu111 1 0 49 48554 0 0 0 0 0 0
cpu112 1 0 61 48542 0 0 0 0 0 0
cpu113 4 0 58 48540 1 0 0 0 0 0
cpu114 4 0 62 48534 3 0 0 0 0 0
cpu115 1 0 54 48547 2 0 0 0 0 0
cpu116 3 0 59 48537 2 0 0 0 0 0
cpu117 1 0 49 48549 0 0 0 0 0 0
cpu118 1 0 56 48543 1 0 0 0 0 0
cpu119 2 0 59 48542 0 0 0 0 0 0
cpu120 2 0 53 48544 1 0 0 0 0 0
cpu121 2 0 52 48545 0 0 0 0 0 0
cpu122 3 0 55 48541 0 0 0 0 0 0
cpu123 5 0 53 48537 1 0 0 0 0 0
cpu124 2 0 67 48529 0 0 0 0 0 0
cpu125 2 0 47 48546 0 0 0 0 0 0
cpu126 1 0 58 48536 0 0 0 0 0 0
cpu127 4 0 61 48527 2 0 0 0 0 0
intr 941003 130 0 0 0 691 0 0 0 1 0 249 0 0 0 0 0 0 0 0 0 0 0 0 0 0 0 0 0 0 0 0 0 0 0 0 260 0 1 0 0 0 0 0 0 1 1 8 0 57 0 0 3 0 0 0 0 0 42 7 0 0 1 1 51 0 15 2 170 87 0 8 15 2 1 13569 0 7 2 0 0 0 3 66 0 0 0 0 0 0 0 0 0 2 0 0 6 0 0 0 70 0 0 0 0 0 0 0 0 0 0 0 6 0 0 0 0 0 0 0 0 0 0 0 0 0 0 0 0 0 0 0 5 0 0 0 3 0 0 0 0 0 0 0 0 0 0 0 0 0 0 0 2 0 0 0 0 0 0 0 0 0 0 0 0 0 0 159 313 54 71 769 174 56 18 25 229 1 1 1 21 1 76 33 2 56 21 3 4 13 0 17 19 5 2 151 33 63 6 70 3 0 0 0 0 0 0 0 0 0 0 0 0 0 0 0 0 3 6 1 0 21 0 0 0 0 7 3 55 0 1 63 30 22 22 129 400 13 327 45 22 146 11 26 2 39 16 42 45 6 16 150 39 0 7 11 37 15 1 4 31 74 21 9 5 37 2 1 0 0 1 1 4 36 4 2 2 1 33 3 0 0 0 0 0 0 0 0 0 0 0 0 0 0 0 0 0 0 0 0 0 0 0 0 0 0 0 0 0 0 0 0 0 0 0 0 0 0 0 0 0 0 0 0 0 0 0 0 0 0 0 0 0 0 0 0 0 0 0 0 0 0 0 0 0 0 0 0 0 0 0 0 0 0 0 0 0 0 0 0 0 0 0 0 0 0 0 0 0 0 0 0 0 0 0 0 0 0 0 0 0 0 0 0 0 0 0 0 0 0 0 0 0 0 0 0 0 0 0 0 0 0 0 0 0 0 0 0 0 0 0 0 0 0 0 0 0 0 0 0 0 0 0 0 0 0 0 0 0 0 0 0 0 0 0 0 0 0 0 0 0 0 0 0 0 0 0 0 0 0 0 0 0 0 0 0 0 0 0 0 0 0 0 0 0 0 0 0 0 0 0 0 0 0 0 0 0 0 0 0 0 0 0 0 0 0 0 0 0 0 0 0 0 0 0 0 0 0 0 0 0 0 0 0 0 0 0 0 0 0 0 0 0 0 0 0 0 0 0 0 0 0 0 0 0 0 0 0 0 0 0 0 0 0 0 0 0 0 0 0 0 0 0 0 0 0 0 0 0 0 0 0 0 0 0 0 0 0 0 0 0 0 0 0 0 0 0 0 0 0 0 0 0 0 0 0 0 0 0 0 0 0 0 0 0 0 0 0 0 0 0 0 0 0 0 0 0 0 0 0 0 0 0 0 0 0 0 0 0 0 0 0 0 0 0 0 0 0 0 0 0 0 0 0 0 0 0 0 0 0 0 0 0 0 0 0 0 0 0 0 0 0 0 0 0 0 0 0 0 0 0 0 0 0 0 0 0 0 0 0 0 0 0 0 0 0 0 0 0 0 0 0 0 0 0 0 0 0 0 0 0 0 0 0 0 0 0 0 0 0 0 0 0 0 0 0 0 0 0 0 0 0 49 3 0 0 0 0 0 0 0 0 0 0 0 0 0 0 0 0 0 0 49 0 0 0 0 0 0 0 0 0 0 0 0 0 0 0 0 0 0 0 0 0 0 0 0 0 0 0 0 0 0 0 0 0 0 0 0 0 0 0 0 0 0 0 0 0 0 0 0 0 0 0 0 0 0 0 0 0 0 0 0 0 0 0 0 0 0 0 0 0 0 0 0 0 0 15 0 0 0 0 0 0 0 0 0 0 0 0 0 0 0 0 0 0 0 0 0 0 0 0 0 0 0 0 0 0 0 0 0 0 0 0 0 0 0 0 0 0 0 0 0 0 0 0 0 0 0 0 0 0 0 0 0 0 0 0 0 0 0 0 0 0 0 0 0 0 0 0 0 0 0 0 0 0 0 0 0 0 0 0 0 0 0 0 0 0 0 0 0 0 0 0 0 0 0 0 0 0 0 0 0 0 0 0 0 0 0 0 0 0 0 0 0 0 0 0 0 0 0 0 0 0 0 0 0 0 0 0 0 0 0 0 0 0 0 0 0 0 0 0 0 0 0 0 0 0 0 0 0 0 0 0 0 0 0 0 0 0 0 0 0 0 0 0 0 0 0 0 0 0 0 0 0 0 0 0 0 0 0 0 0 0 0 0 0 0 0 0 0 0 0 0 0 0 0 0 0 0 0 0 0 0 0 0 0 0 0 0 0 0 0 0 0 0 0 0 0 0 0 0 0 0 0 0 0 0 0 0 0 0 0 0 0 0 0 0 0 0 0 0 0 0 0 0 0 0 0 0 0 0 0 0 0 0 0 0 0 0 0 0 0 0 0 0 0 0 0 0 0 0 0 0 0 0 0 0 0 0 0 0 0 0 0 0 0 0 0 0 0 0 0 0 0 0 0 0 0 0 0 0 0 0 0 0 0 0 0 0 0 0 0 0 0 0 0 0 0 0 0 0 0 0 0 0 0 0 0 0 0 0 0 0 0 0 0 0 0 0 0 0 0 0 0 0 0 0 0 0 0 0 0 0 0 0 0 0 0 0 0 0 0 0 0 0 0 0 0 0 0 0 0 0 0 0 0 0 0 0 0 0 0 0 0 0 0 0 0 0 0 0 0 0 0 0 0 0 0 0 0 0 0 0 0 0 0 0 0 0 0 0 0 0 0 0 0 0 0 0 0 0 0 0 0 0 0 0 0 0 0 0 0 0 0 0 0 0 0 0 0 0 0 0 0 0 0 0 0 0 0 0 0 0 0 0 0 0 0 0 0 0 0 0 0 0 0 0 0 0 0 0 0 0 0 0 0 0 0 0 0 0 0 0 0 0 0 0 0 0 0 0 0 0 0 0 0 0 0 0 0 0 0 0 0 0 0 0 0 0 0 0 0 0 0 0 0 0 0 0 0 0 0 0 0 0 0 0 0 0 0 0 0 0 0 0 0 0 0 0 0 0 0 0 0 0 0 0 0 0 0 0 0 0 0 0 0 0 0 0 0 0 0 0 0 0 0 0 0 0 0 0 0 0 0 0 0 0 0 0 0 0 0 0 0 0 0 0 0 0 0 0 0 0 0 0 0 0 0 0 0 0 0 0 0 0 0 0 0 0 0 0 0 0 0 0 0 0 0 0 0 0 0 0 0 0 0 0 0 0 0 0 0 0 0 0 0 0 0 0 0 0 0 0 0 0 0 0 0 0 0 0 0 0 0 0 0 0 0 0 0 0 0 0 0 0 0 0 0 0 0 0 0 0 0 0 0 0 0 0 0 0 0 0 0 0 0 0 0 0 0 0 0 0 0 0 0 0 0 0 0 0 0 0 0 0 0 0 0 0 0 0 0 0 0 0 0 0 0 0 0 0 0 0 0 0 0 0 0 0 0 0 0 0 0 0 0 0 0 0 0 0 0 0 0 0 0 0 0 0 0 0 0 0 0 0 0 0 0 0 0 0 0 0 0 0 0 0 0 0 0 0 0 0 0 0 0 0 0 0 0 0 0 0 0 0 0 0 0 0 0 0 0 0 0 0 0 0 0 0 0 0 0 0 0 0 0 0 0 0 0 0 0 0 0 0 0 0 0 0 0 0 0 0 0 0 0 0 0 0 0 0 0 0 0 0 0 0 0 0 0 0 0 0 0 0 0 0 0 0 0 0 0 0 0 0 0 0 0 0 0 0 0 0 0 0 0 0 0 0 0 0 0 0 0 0 0 0 0 0 0 0 0 0 0 0 0 0 0 0 0 0 0 0 0 0 0 0 0 0 0 0 0 0 0 0 0 0 0 0 0 0 0 0 0 0 0 0 0 0 0 0 0 0 0 0 0 0 0 0 0 0 0 0 0 0 0 0 0 0 0 0 0 0 0 0 0 0 0 0 0 0 0 0 0 0 0 0 0 0 0 0 0 0 0 0 0 0 0 0 0 0 0 0 0 0 0 0 0 0 0 0 0 0 0 0 0 0 0 0 0 0 0 0 0 0 0 0 0 0 0 0 0 0 0 0 0 0 0 0 0 0 0 0 0 0 0 0 0 0 0 0 0 0 0 0 0 0 0 0 0 0 0 0 0 0 0 0 0 0 0 0 0 0 0 0 0 0 0 0 0 0 0 0 0 0 0 0 0 0 0 0 0 0 0 0 0 0 0 0 0 0 0 0 0 0 0 0 0 0 0 0 0 0 0 0 0 0 0 0 0 0 0 0 0 0 0 0 0 0 0 0 0 0 0 0 0 0 0 0 0 0 0 0 0 0 0 0 0 0 0 0 0 0 0 0 0 0 0 0 0 0 0 0 0 0 0 0 0 0 0 0 0 0 0 0 0 0 0 0 0 0 0 0 0 0 0 0 0 0 0 0 0 0 0 0 0 0 0 0 0 0 0 0 0 0 0 0 0 0 0 0 0 0 0 0 0 0 0 0 0 0 0 0 0 0 0 0 0 0 0 0 0 0 0 0 0 0 0 0 0 0 0 0 0 0 0 0 0 0 0 0 0 0 0 0 0 0 0 0 0 0 0 0 0 0 0 0 0 0 0 0 0 0 0 0 0 0 0 0 0 0 0 0 0 0 0 0 0 0 0 0 0 0 0 0 0 0 0 0 0 0 0 0 0 0 0 0 0 0 0 0 0 0 0 0 0 0 0 0 0 0 0 0 0 0 0 0 0 0 0 0 0 0 0 0 0 0 0 0 0 0 0 0 0 0 0 0 0 0 0 0 0 0 0 0 0 0 0 0 0 0 0 0 0 0 0 0 0 0 0 0 0 0 0 0 0 0 0 0 0 0 0 0 0 0 0 0 0 0 0 0 0 0 0 0 0 0 0 0 0 0 0 0 0 0 0 0 0 0 0 0 0 0 0 0 0 0 0 0 0 0 0 0 0 0 0 0 0 0 0 0 0 0 0 0 0 0 0 0 0 0 0 0 0 0 0 0 0 0 0 0 0 0 0 0 0 0 0 0 0 0 0 0 0 0 0 0 0 0 0 0 0 0 0 0 0 0 0 0 0 0 0 0 0 0 0 0 0 0 0 0 0 0 0 0 0 0 0 0 0 0 0 0 0 0 0 0 0 0 0 0 0 0 0 0 0 0 0 0 0 0 0 0 0 0 0 0 0 0 0 0 0 0 0 0 0 0 0 0 0 0 0 0 0 0 0 0 0 0 0 0 0 0 0 0 0 0 0 0 0 0 0 0 0 0 0 0 0 0 0 0 0 0 0 0 0 0 0 0 0 0 0 0 0 0 0 0 0 0 0 0 0 0 0 0 0 0 0 0 0 0 0 0 0 0 0 0 0 0 0 0 0 0 0 0 0 0 0 0 0 0 0 0 0 0 0 0 0 0 0 0 0 0 0 0 0 0 0 0 0 0 0 0 0 0 0 0 0 0 0 0 0 0 0 0 0 0 0 0 0 0 0 0 0 0 0 0 0 0 0 0 0 0 0 0 0 0 0 0 0 0 0 0 0 0 0 0 0 0 0 0 0 0 0 0 0 0 0 0 0 0 0 0 0 0 0 0 0 0 0 0 0 0 0 0 0 0 0 0 0 0 0 0 0 0 0 0 0 0 0 0 0 0 0 0 0 0 0 0 0 0 0 0 0 0 0 0 0 0 0 0 0 0 0 0 0 0 0 0 0 0 0 0 0 0 0 0 0 0 0 0 0 0 0 0 0 0 0 0 0 0 0 0 0 0 0 0 0 0 0 0 0 0 0 0 0 0 0 0 0 0 0 0 0 0 0 0 0 0 0 0 0 0 0 0 0 0 0 0 0 0 0 0 0 0 0 0 0 0 0 0 0 0 0 0 0 0 0 0 0 0 0 0 0 0 0 0 0 0 0 0 0 0 0 0 0 0 0 0 0 0 0 0 0 0 0 0 0 0 0 0 0 0 0 0 0 0 0 0 0 0 0 0 0 0 0 0 0 0 0 0 0 0 0 0 0 0 0 0 0 0 0 0 0 0 0 0 0 0 0 0 0 0 0 0 0 0 0 0 0 0 0 0 0 0 0 0 0 0 0 0 0 0 0 0 0 0 0 0 0 0 0 0 0 0 0 0 0 0 0 0 0 0 0 0 0 0 0 0 0 0 0 0 0 0 0 0 0 0 0 0 0 0 0 0 0 0 0 0 0 0 0 0 0 0 0 0 0 0 0 0 0 0 0 0 0 0 0 0 0 0 0 0 0 0 0 0 0 0 0 0 0 0 0 0 0 0 0 0 0 0 0 0 0 0 0 0 0 0 0 0 0 0 0 0 0 0 0 0 0 0 0 0 0 0 0 0 0 0 0 0 0 0 0 0 0 0 0 0 0 0 0 0 0 0 0 0 0 0 0 0 0 0 0 0 0 0 0 0 0 0 0 0 0 0 0 0 0 0 0 0 0 0 0 0 0 0 0 0 0 0 0 0 0 0 0 0 0 0 0 0 0 0 0 0 0 0 0 0 0 0 0 0 0 0 0 0 0 0 0 0 0 0 0 0 0 0 0 0 0 0 0 0 0 0 0 0 0 0 0 0 0 0 0 0 0 0 0 0 0 0 0 0 0 0 0 0 0 0 0 0 0 0 0 0 0 0 0 0 0 0 0 0 0 0 0 0 0 0 0 0 0 0 0 0 0 0 0 0 0 0 0 0 0 0 0 0 0 0 0 0 0 0 0 0 0 0 0 0 0 0 0 0 0 0 0 0 0 0 0 0 0 0 0 0 0 0 0 0 0 0 0 0 0 0 0 0 0 0 0 0 0 0 0 0 0 0 0 0 0 0 0 0 0 0 0 0 0 0 0 0 0 0 0 0 0 0 0 0 0 0 0 0 0 0 0 0 0 0 0 0 0 0 0 0 0 0 0 0 0 0 0 0 0 0 0 0 0 0 0 0 0 0 0 0 0 0 0 0 0 0 0 0 0 0 0 0 0 0 0 0 0 0 0 0 0 0 0 0 0 0 0 0 0 0 0 0 0 0 0 0 0 0 0 0 0 0 0 0 0 0 0 0 0 0 0 0 0 0 0 0 0 0 0 0 0 0 0 0 0 0 0 0 0 0 0 0 0 0 0 0 0 0 0 0 0 0 0 0 0 0 0 0 0 0 0 0 0 0 0 0 0 0 0 0 0 0 0 0 0 0 0 0 0 0 0 0 0 0 0 0 0 0 0 0 0 0 0 0 0 0 0 0 0 0 0 0 0 0 0 0 0 0 0 0 0 0 0 0 0 0 0 0 0 0 0 0 0 0 0 0 0 0 0 0 0 0 0 0 0 0 0 0 0 0 0 0 0 0 0 0 0 0 0 0 0 0 0 0 0 0 0 0 0 0 0 0 0 0 0 0 0 0 0 0 0 0 0 0 0 0 0 0 0 0 0 0 0 0 0 0 0 0 0 0 0 0 0 0 0 0 0 0 0 0 0 0 0 0 0 0 0 0 0 0 0 0 0 0 0 0 0 0 0 0 0 0 0 0 0 0 0 0 0 0 0 0 0 0 0 0 0 0 0 0 0 0 0 0 0 0 0 0 0 0 0 0 0 0 0 0 0 0 0 0 0 0 0 0 0 0 0 0 0 0 0 0 0 0 0 0 0 0 0 0 0 0 0 0 0 0 0 0 0 0 0 0 0 0 0 0 0 0 0 0 0 0 0 0 0 0 0 0 0 0 0 0 0 0 0 0 0 0 0 0 0 0 0 0 0 0 0 0 0 0 0 0 0 0 0 0 0 0 0 0 0 0 0 0 0 0 0 0 0 0 0 0 0 0 0 0 0 0 0 0 0 0 0 0 0 0 0 0 0 0 0 0 0 0 0 0 0 0 0 0 0 0 0 0 0 0 0 0 0 0 0 0 0 0 0 0 0 0 0 0 0 0 0 0 0 0 0 0 0 0 0 0 0 0 0 0 0 0 0 0 0 0 0 0 0 0 0 0 0 0 0 0 0 0 0 0 0 0 0 0 0 0 0 0 0 0 0 0 0 0 0 0 0 0 0 0 0 0 0 0 0 0 0 0 0 0 0 0 0 0 0 0 0 0 0 0 0 0 0 0 0 0 0 0 0 0 0 0 0 0 0 0 0 0 0 0 0 0 0 0 0 0 0 0 0 0 0 0 0 0 0 0 0 0 0 0 0 0 0 0 0 0 0 0 0 0 0 0 0 0 0 0 0 0 0 0 0 0 0 0 0 0 0 0 0 0 0 0 0 0 0 0 0 0 0 0 0 0 0 0 0 0 0 0 0 0 0 0 0 0 0 0 0 0 0 0 0 0 0 0 0 0 0 0 0 0 0 0 0 0 0 0 0 0 0 0 0 0 0 0 0 0 0 0 0 0 0 0 0 0 0 0 0 0 0 0 0 0 0 0 0 0 0 0 0 0 0 0 0 0 0 0 0 0 0 0 0 0 0 0 0 0 0 0 0 0 0 0 0 0 0 0 0 0 0 0 0 0 0 0 0 0 0 0 0 0 0 0 0 0 0 0 0 0 0 0 0 0 0 0 0 0 0 0 0 0 0 0 0 0 0 0 0 0 0 0 0 0 0 0 0 0 0 0 0 0 0 0 0 0 0 0 0 0 0 0 0 0 0 0 0 0 0 0 0 0 0 0 0 0 0 0 0 0 0 0 0 0 0 0 0 0 0 0 0 0 0 0 0 0 0 0 0 0 0 0 0 0 0 0 0 0 0 0 0 0 0 0 0 0 0 0 0 0 0 0 0 0 0 0 0 0 0 0 0 0 0 0 0 0 0 0 0 0 0 0 0 0 0 0 0 0 0 0 0 0 0 0 0 0 0 0 0 0 0 0 0 0 0 0 0 0 0 0 0 0 0 0 0 0 0 0 0 0 0 0 0 0 0 0 0 0 0 0 0 0 0 0 0 0 0 0 0 0 0 0 0 0 0 0 0 0 0 0 0 0 0 0 0 0 0 0 0 0 0 0 0 0 0 0 0 0 0 0 0 0 0 0 0 0 0 0 0 0 0 0 0 0 0 0 0 0 0 0 0 0 0 0 0 0 0 0 0 0 0 0 0 0 0 0 0 0 0 0 0 0 0 0 0 0 0 0 0 0 0 0 0 0 0 0 0 0 0 0 0 0 0 0 0 0 0 0 0 0 0 0 0 0 0 0 0 0 0 0 0 0 0 0 0 0 0 0 0 0 0 0 0 0 0 0 0 0 0 0 0 0 0 0 0 0 0 0 0 0 0 0 0 0 0 0 0 0 0 0 0 0 0 0 0 0 0 0 0 0 0 0 0 0 0 0 0 0 0 0 0 0 0 0 0 0 0 0 0 0 0 0 0 0 0 0 0 0 0 0 0 0 0 0 0 0 0 0 0 0 0 0 0 0 0 0 0 0 0 0 0 0 0 0 0 0 0 0 0 0 0 0 0 0 0 0 0 0 0 0 0 0 0 0 0 0 0 0 0 0 0 0 0 0 0 0 0 0 0 0 0 0 0 0 0 0 0 0 0 0 0 0 0 0 0 0 0 0 0 0 0 0 0 0 0 0 0 0 0 0 0 0 0 0 0 0 0 0 0 0 0 0 0 0 0 0 0 0 0 0 0 0 0 0 0 0 0 0 0 0 0 0 0 0 0 0 0 0 0 0 0 0 0 0 0 0 0 0 0 0 0 0 0 0 0 0 0 0 0 0 0 0 0 0 0 0 0 0 0 0 0 0 0 0 0 0 0 0 0 0 0 0 0 0 0 0 0 0 0 0 0 0 0 0 0 0 0 0 0 0 0 0 0 0 0 0 0 0 0 0 0 0 0 0 0 0 0 0 0 0 0 0 0 0 0 0 0 0 0 0 0 0 0 0 0 0 0 0 0 0 0 0 0 0 0 0 0 0 0 0 0 0 0 0 0 0 0 0 0 0 0 0 0 0 0 0 0 0 0 0 0 0 0 0 0 0 0 0 0 0 0 0 0 0 0 0 0 0 0 0 0
ctxt 258508
btime 1613122782
processes 2187
procs_running 1
procs_blocked 0
softirq 441616 1 159779 120 14215 0 0 149 157255 0 110097
