cpu  1602752 7 5228 2128983 148 0 312 0 0 0
cpu0 25032 0 255 32906 1 0 130 0 0 0
cpu1 24994 0 91 33301 10 0 52 0 0 0
cpu2 25001 1 95 33310 0 0 0 0 0 0
cpu3 25016 0 58 33336 0 0 0 0 0 0
cpu4 24986 0 105 33306 0 0 3 0 0 0
cpu5 24980 0 56 33370 0 0 5 0 0 0
cpu6 25529 0 340 32479 4 0 2 0 0 0
cpu7 24976 0 64 33366 2 0 5 0 0 0
cpu8 24995 0 80 33332 0 0 1 0 0 0
cpu9 25010 0 30 33364 6 0 0 0 0 0
cpu10 25030 0 157 33213 2 0 0 0 0 0
cpu11 25009 0 30 33370 0 0 0 0 0 0
cpu12 25137 0 140 33116 1 0 2 0 0 0
cpu13 25013 0 34 33359 0 0 25 0 0 0
cpu14 25077 2 74 33249 1 0 0 0 0 0
cpu15 25011 0 32 33366 0 0 0 0 0 0
cpu16 25071 0 114 33197 0 0 0 0 0 0
cpu17 25010 0 34 33363 0 0 0 0 0 0
cpu18 25102 1 102 33187 0 0 0 0 0 0
cpu19 24917 0 129 33341 1 0 1 0 0 0
cpu20 25153 0 110 33116 0 0 0 0 0 0
cpu21 25010 0 38 33360 0 0 0 0 0 0
cpu22 25050 0 106 33242 1 0 0 0 0 0
cpu23 25009 0 32 33366 0 0 0 0 0 0
cpu24 25148 0 160 33016 41 0 0 0 0 0
cpu25 25010 0 32 33362 0 0 0 0 0 0
cpu26 25148 0 140 33111 1 0 1 0 0 0
cpu27 25011 0 32 33359 0 0 0 0 0 0
cpu28 25065 0 97 33232 1 0 0 0 0 0
cpu29 25010 0 33 33361 0 0 0 0 0 0
cpu30 25050 0 85 33262 0 0 1 0 0 0
cpu31 25008 0 34 33361 0 0 0 0 0 0
cpu32 25116 0 79 33177 5 0 13 0 0 0
cpu33 24942 0 93 33359 1 0 6 0 0 0
cpu34 25022 0 56 33318 0 0 0 0 0 0
cpu35 25010 0 29 33357 3 0 0 0 0 0
cpu36 24984 0 82 33331 0 0 0 0 0 0
cpu37 25011 0 32 33359 0 0 0 0 0 0
cpu38 25005 0 57 33333 0 0 0 0 0 0
cpu39 24800 0 211 33346 0 0 42 0 0 0
cpu40 25018 0 78 33297 0 0 0 0 0 0
cpu41 25010 0 32 33355 1 0 0 0 0 0
cpu42 24985 0 97 33308 3 0 4 0 0 0
cpu43 25011 0 36 33348 0 0 0 0 0 0
cpu44 25300 0 69 33027 0 0 0 0 0 0
cpu45 25011 0 31 33348 0 0 0 0 0 0
cpu46 25126 0 110 33121 27 0 0 0 0 0
cpu47 25014 0 32 33350 0 0 0 0 0 0
cpu48 25011 0 67 33298 0 0 0 0 0 0
cpu49 25010 0 28 33352 0 0 0 0 0 0
cpu50 25164 0 120 33107 0 0 0 0 0 0
cpu51 24949 0 91 33354 0 0 0 0 0 0
cpu52 25109 0 96 33171 0 0 4 0 0 0
cpu53 25007 0 32 33350 2 0 0 0 0 0
cpu54 25064 0 100 33223 0 0 0 0 0 0
cpu55 25011 0 29 33343 1 0 0 0 0 0
cpu56 25169 0 146 33072 0 0 0 0 0 0
cpu57 25012 0 34 33342 2 0 0 0 0 0
cpu58 25138 0 115 33134 0 0 0 0 0 0
cpu59 25009 0 32 33348 0 0 0 0 0 0
cpu60 25068 0 110 33209 1 0 0 0 0 0
cpu61 25011 0 46 33334 0 0 0 0 0 0
cpu62 25049 0 74 33260 0 0 2 0 0 0
cpu63 25010 0 38 33339 0 0 0 0 0 0
intr 5085710 82 0 0 0 626 0 0 0 1 0 284 0 0 0 0 0 0 0 0 0 0 0 0 0 0 0 0 0 0 0 0 0 0 0 0 0 0 0 66 2643 2 2 0 6100 4 2448 5 0 17 0 49 0 2 0 35 0 47 1327 233 0 486 9 266 0 0 0 5 0 3 5 12436 4790 2 0 0 0 0 0 4 1 1483 0 15 0 36 58 1 0 64 26 6892 0 3 0 0 0 0 0 19 2 11 0 0 0 0 0 0 0 0 0 0 0 0 0 0 0 0 0 0 94 29811 0 0 0 0 0 0 0 0 0 0 0 0 0 0 0 0 0 0 0 0 0 0 0 0 0 0 0 0 0 0 0 0 0 0 0 0 0 0 0 0 0 0 0 0 0 0 0 0 0 0 0 0 0 0 0 0 0 0 0 0 0 0 0 0 0 0 0 0 0 0 0 0 0 0 0 22 0 0 0 0 0 0 0 0 0 0 0 0 0 0 0 0 0 0 0 0 0 0 0 0 0 0 0 0 0 0 0 0 0 0 0 0 0 0 0 0 0 0 0 0 0 0 0 0 0 0 0 0 0 0 0 0 0 0 0 0 0 0 0 0 0 0 0 0 0 0 0 0 0 0 0 0 0 0 0 0 0 0 0 0 0 0 0 0 0 0 0 0 0 0 0 0 0 0 0 0 0 0 0 0 0 0 0 0 0 0 0 0 0 0 0 0 0 0 0 0 0 0 0 0 0 0 0 0 0 0 0 0 0 0 0 0 0 0 0 0 0 0 0 0 0 0 0 0 0 0 0 0 0 0 0 0 0 0 0 0 0 0 0 0 0 0 0 0 0 0 0 0 0 0 0 0 0 0 0 0 0 0 0 0 0 0 0 0 0 0 0 0 0 0 0 0 0 0 0 0 0 0 0 0 0 0 0 0 0 0 0 0 0 0 0 0 0 0 0 0 0 0 0 0 0 0 0 0 0 0 0 0 0 0 0 0 0 0 0 0 0 0 0 0 0 0 0 0 0 0 0 0 0 0 0 0 0 0 0 0 0 0 0 0 0 0 0 0 0 0 0 0 0 0 0 0 0 0 0 0 0 0 0 0 0 0 0 0 0 0 0 0 0 0 0 0 0 0 0 0 0 0 0 0 0 0 0 0 0 0 0 0 0 0 0 0 0 0 0 0 0 0 0 0 0 0 0 0 0 0 0 0 0 0 0 0 0 0 0 0 0 0 0 0 0 0 0 0 0 0 0 0 0 0 0 0 0 0 0 0 0 0 0 0 0 0 0 0 0 0 0 0 0 0 0 0 0 0 0 0 0 0 0 0 0 0 0 0 0 0 0 0 0 0 0 0 0 0 0 0 0 0 0 0 0 0 0 0 0 0 0 0 0 0 0 0 0 0 0 0 0 0 0 0 0 0 0 0 0 0 0 0 0 0 0 0 0 0 0 0 0 0 0 0 0 0 0 0 0 0 0 0 0 0 0 0 0 0 0 0 0 0 0 0 0 0 0 0 0 0 0 0 0 0 0 0 0 0 0 0 0 0 0 0 0 0 0 0 0 0 0 0 0 0 0 0 0 0 0 0 0 0 0 0 0 0 0 0 0 0 0 0 0 0 0 0 0 0 0 0 0 0 0 0 0 0 0 0 0 0 0 0 0 0 0 0 0 0 0 0 0 0 0 0 0 0 0 0 0 0 0 0 0 0 0 0 0 0 0 0 0 0 0 0 0 0 0 0 0 0 0 0 0 0 0 0 0 0 0 0 0 0 0 0 0 0 0 0 0 0 0 0 0 0 0 0 0 0 0 0 0 0 0 0 0 0 0 0 0 0 0 0 0 0 0 0 0 0 0 0 0 0 0 0 0 0 0 0 0 0 0 0 0 0 0 0 0 0 0 0 0 0 0 0 0 0 0 0 0 0 0 0 0 0 0 0 0 0 0 0 0 0 0 0 0 0 0 0 0 0 0 0 0 0 0 0 0 0 0 0 0 0 0 0 0 0 0 0 0 0 0 0 0 0 0 0 0 0 0 0 0 0 0 0 0 0 0 0 0 0 0 0 0 0 0 0 0 0 0 0 0 0 0 0 0 0 0 0 0 0 0 0 0 0 0 0 0 0 0 0 0 0 0 0 0 0 0 0 0 0 0 0 0 0 0 0 0 0 0 0 0 0 0 0 0 0 0 0 0 0 0 0 0 0 0 0 0 0 0 0 0 0 0 0 0 0 0 0 0 0 0 0 0 0 0 0 0 0 0 0 0 0 0 0 0 0 0 0 0 0 0 0 0 0 0 0 0 0 0 0 0 0 0 0 0 0 0 0 0 0 0 0 0 0 0 0 0 0 0 0 0 0 0 0 0 0 0 0 0 0 0 0 0 0 0 0 0 0 0 0 0 0 0 0 0 0 0 0 0 0 0 0 0 0 0 0 0 0 0 0 0 0 0 0 0 0 0 0 0 0 0 0 0 0 0 0 0 0 0 0 0 0 0 0 0 0 0 0 0 0 0 0 0 0 0 0 0 0 0 0 0 0 0 0 0 0 0 0 0 0 0 0 0 0 0 0 0 0 0 0 0 0 0 0 0 0 0 0 0 0 0 0 0 0 0 0 0 0 0 0 0 0 0 0 0 0 0 0 0 0 0 0 0 0 0 0 0 0 0 0 0 0 0 0 0 0 0 0 0 0 0 0 0 0 0 0 0 0 0 0 0 0 0 0 0 0 0 0 0 0 0 0 0 0 0 0 0 0 0 0 0 0 0 0 0 0 0 0 0 0 0 0 0 0 0 0 0 0 0 0 0 0 0 0 0 0 0 0 0 0 0 0 0 0 0 0 0 0 0 0 0 0 0 0 0 0 0 0 0 0 0 0 0 0 0 0 0 0 0 0 0 0 0 0 0 0 0 0 0 0 0 0 0 0 0 0 0 0 0 0 0 0 0 0 0 0 0 0 0 0 0 0 0 0 0 0 0 0 0 0 0 0 0 0 0 0 0 0 0 0 0 0 0 0 0 0 0 0 0 0 0 0 0 0 0 0 0 0 0 0 0 0 0 0 0 0 0 0 0 0 0 0 0 0 0 0 0 0 0 0 0 0 0 0 0 0 0 0 0 0 0 0 0 0 0 0 0 0 0 0 0 0 0 0 0 0 0 0 0 0 0 0 0 0 0 0 0 0 0 0 0 0 0 0 0 0 0 0 0 0 0 0 0 0 0 0 0 0 0 0 0 0 0 0 0 0 0 0 0 0 0 0 0 0 0 0 0 0 0 0 0 0 0 0 0 0 0 0 0 0 0 0 0 0 0 0 0 0 0 0 0 0 0 0 0 0 0 0 0 0 0 0 0 0 0 0 0 0 0 0 0 0 0 0 0 0 0 0 0 0 0 0 0 0 0 0 0 0 0 0 0 0 0 0 0 0 0 0 0 0 0 0 0 0 0 0 0 0 0 0 0 0 0 0 0 0 0 0 0 0 0 0 0 0 0 0 0 0 0 0 0 0 0 0 0 0 0 0 0 0 0 0 0 0 0 0 0 0 0 0 0 0 0 0 0 0 0 0 0 0 0 0 0 0 0 0 0 0 0 0 0 0 0 0 0 0 0 0 0 0 0 0 0 0 0 0 0 0 0 0 0 0 0 0 0 0 0 0 0 0 0 0 0 0 0 0 0 0 0 0 0 0 0 0 0 0 0 0 0 0 0 0 0 0 0 0 0 0 0 0 0 0 0 0 0 0 0 0 0 0 0 0 0 0 0 0 0 0 0 0 0 0 0 0 0 0 0 0 0 0 0 0 0 0 0 0 0 0 0 0 0 0 0 0 0 0 0 0 0 0 0 0 0 0 0 0 0 0 0 0 0 0 0 0 0 0 0 0 0 0 0 0 0 0 0 0 0 0 0 0 0 0 0 0 0 0 0 0 0 0 0 0 0 0 0 0 0 0 0 0 0 0 0 0 0 0 0 0 0 0 0 0 0 0 0 0 0 0 0 0 0 0 0 0 0 0 0 0 0 0 0 0 0 0 0 0 0 0 0 0 0 0 0 0 0 0 0 0 0 0 0 0 0 0 0 0 0 0 0 0 0 0 0 0 0 0 0 0 0 0 0 0 0 0 0 0 0 0 0 0 0 0 0 0 0 0 0 0 0 0 0 0 0 0 0 0 0 0 0 0 0 0 0 0 0 0 0 0 0 0 0 0 0 0 0 0 0 0 0 0 0 0 0 0 0 0 0 0 0 0 0 0 0 0 0 0 0 0 0 0 0 0 0 0 0 0 0 0 0 0 0 0 0 0 0 0 0 0 0 0 0 0 0 0 0 0 0 0 0 0 0 0 0 0 0 0 0 0 0 0 0 0 0 0 0 0 0 0 0 0 0 0 0 0 0 0 0 0 0 0 0 0 0 0 0 0 0 0 0 0 0 0 0 0 0 0 0 0 0 0 0 0 0 0 0 0 0 0 0 0 0 0 0 0 0 0 0 0 0 0 0 0 0 0 0 0 0 0 0 0 0 0 0 0 0 0 0 0 0 0 0 0 0 0 0 0 0 0 0 0 0 0 0 0 0 0 0 0 0 0 0 0 0 0 0 0 0 0 0 0 0 0 0 0 0 0 0 0 0 0 0 0 0 0 0 0 0 0 0 0 0 0 0 0 0 0 0 0 0 0 0 0 0 0 0 0 0 0 0 0 0 0 0 0 0 0 0 0 0 0 0 0 0 0 0 0 0 0 0 0 0 0 0 0 0 0 0 0 0 0 0 0 0 0 0 0 0 0 0 0 0 0 0 0 0 0 0 0 0 0 0 0 0 0 0 0 0 0 0 0 0 0 0 0 0 0 0 0 0 0 0 0 0 0 0 0 0 0 0 0 0 0 0 0 0 0 0 0 0 0 0 0 0 0 0 0 0 0 0 0 0 0 0 0 0 0 0 0 0 0 0 0 0 0 0 0 0 0 0 0 0 0 0 0 0 0 0 0 0 0 0 0 0 0 0 0 0 0 0 0 0 0 0 0 0 0 0 0 0 0 0 0 0 0 0 0 0 0 0 0 0 0 0 0 0 0 0 0 0 0 0 0 0 0 0 0 0 0 0 0 0 0 0 0 0 0 0 0 0 0 0 0 0 0 0 0 0 0 0 0 0 0 0 0 0 0 0 0 0 0 0 0 0 0 0 0 0 0 0
ctxt 1148120
btime 1613144793
processes 24647
procs_running 1
procs_blocked 0
softirq 5937141 1 3476353 284 172971 0 0 140 288509 0 1998883
