cpu  28520328 5 38768 8707014 129 0 2556 0 0 0
cpu0 445340 0 1022 135622 0 0 385 0 0 0
cpu1 445446 0 637 136193 2 0 109 0 0 0
cpu2 445143 0 1011 136135 0 0 50 0 0 0
cpu3 445330 0 579 136377 7 0 50 0 0 0
cpu4 445094 0 999 136113 0 0 46 0 0 0
cpu5 445708 0 297 136321 0 0 22 0 0 0
cpu6 445690 0 664 135953 0 0 34 0 0 0
cpu7 444107 0 1627 136355 0 0 243 0 0 0
cpu8 445453 0 952 135896 0 0 29 0 0 0
cpu9 445674 0 293 136348 0 0 23 0 0 0
cpu10 445527 0 794 135985 0 0 24 0 0 0
cpu11 445925 0 176 136233 0 0 8 0 0 0
cpu12 445341 0 792 136178 0 0 27 0 0 0
cpu13 445851 0 166 136323 0 0 4 0 0 0
cpu14 446100 0 1235 134971 2 0 24 0 0 0
cpu15 445434 0 525 136310 0 0 74 0 0 0
cpu16 444614 0 1649 136033 3 0 29 0 0 0
cpu17 445385 0 600 136300 0 0 49 0 0 0
cpu18 445509 0 1050 135738 4 0 34 0 0 0
cpu19 445829 0 186 136313 0 0 14 0 0 0
cpu20 445222 0 1385 135578 59 0 42 0 0 0
cpu21 445855 0 185 136297 0 0 7 0 0 0
cpu22 444804 0 1276 136215 1 0 37 0 0 0
cpu23 445711 0 286 136303 0 0 37 0 0 0
cpu24 444905 1 1234 136167 0 0 29 0 0 0
cpu25 445920 0 118 136299 0 0 2 0 0 0
cpu26 445123 0 962 136218 0 0 28 0 0 0
cpu27 446292 0 231 135810 0 0 7 0 0 0
cpu28 445734 0 618 135967 0 0 18 0 0 0
cpu29 445702 0 294 136331 0 0 8 0 0 0
cpu30 445410 0 797 136080 2 0 41 0 0 0
cpu31 445714 0 293 136295 1 0 30 0 0 0
cpu32 445722 0 746 135838 0 0 15 0 0 0
cpu33 445368 0 588 136317 0 0 27 0 0 0
cpu34 445542 0 550 136201 0 0 19 0 0 0
cpu35 445372 0 524 136381 0 0 44 0 0 0
cpu36 445563 0 545 136172 0 0 16 0 0 0
cpu37 445784 0 219 136312 0 0 18 0 0 0
cpu38 445662 0 734 135915 2 0 21 0 0 0
cpu39 444198 0 1529 136319 0 0 275 0 0 0
cpu40 445559 0 843 135908 0 0 16 0 0 0
cpu41 445490 0 477 136285 1 0 79 0 0 0
cpu42 448355 0 864 133057 14 0 7 0 0 0
cpu43 445887 0 124 136308 1 0 4 0 0 0
cpu44 446924 0 496 134910 0 0 6 0 0 0
cpu45 445849 0 170 136299 1 0 8 0 0 0
cpu46 447030 0 848 134403 2 0 13 0 0 0
cpu47 445838 0 176 136303 1 0 10 0 0 0
cpu48 445242 0 959 136022 0 0 87 0 0 0
cpu49 445529 0 477 136310 0 0 14 0 0 0
cpu50 445763 1 622 135793 0 0 120 0 0 0
cpu51 445897 0 124 136303 0 0 2 0 0 0
cpu52 445727 0 466 136116 0 0 13 0 0 0
cpu53 445912 0 123 136276 0 0 4 0 0 0
cpu54 445708 0 465 136133 0 0 16 0 0 0
cpu55 445864 0 153 136297 0 0 12 0 0 0
cpu56 445425 0 663 136223 0 0 15 0 0 0
cpu57 445928 0 88 136311 0 0 2 0 0 0
cpu58 445549 0 491 136266 3 0 16 0 0 0
cpu59 445855 0 153 136309 0 0 6 0 0 0
cpu60 445785 0 361 136164 0 0 8 0 0 0
cpu61 445709 0 290 136294 0 0 32 0 0 0
cpu62 445631 0 523 135850 0 0 16 0 0 0
cpu63 445745 0 419 136131 0 0 28 0 0 0
intr 82104938 83 0 0 0 622 0 0 0 1 0 285 0 0 0 0 0 0 0 0 0 0 0 0 0 0 0 0 0 0 0 0 0 0 0 0 0 0 0 1975 17387 1111 14428 2161 5430 358 39301 854 3899 695 4533 640 1230 2342 18826 5067 7753 2174 2258 22955 2206 4857 1818 2689 793 1095 2125 913 2801 1063 4537 1242 8684 1077 19102 750 2688 2963 9529 1649 9550 961 346 584 3130 4787 3523 3356 8003 68049 2022 2544 2276 1189 3571 1302 969 1351 1039 1139 3369 626 8278 0 0 0 0 0 0 0 0 0 0 0 0 0 0 0 0 0 32673 93 0 0 0 0 0 0 0 0 0 0 0 0 0 0 0 0 0 0 0 0 0 0 0 0 0 0 0 0 0 0 0 0 0 0 0 0 0 0 0 0 0 0 0 0 0 0 0 0 0 0 0 0 0 0 0 0 0 0 0 0 0 0 0 0 0 0 0 0 0 0 0 0 0 0 0 25 0 0 0 0 0 0 0 0 0 0 0 0 0 0 0 0 0 0 0 0 0 0 0 0 0 0 0 0 0 0 0 0 0 0 0 0 0 0 0 0 0 0 0 0 0 0 0 0 0 0 0 0 0 0 0 0 0 0 0 0 0 0 0 0 0 0 0 0 0 0 0 0 0 0 0 0 0 0 0 0 0 0 0 0 0 0 0 0 0 0 0 0 0 0 0 0 0 0 0 0 0 0 0 0 0 0 0 0 0 0 0 0 0 0 0 0 0 0 0 0 0 0 0 0 0 0 0 0 0 0 0 0 0 0 0 0 0 0 0 0 0 0 0 0 0 0 0 0 0 0 0 0 0 0 0 0 0 0 0 0 0 0 0 0 0 0 0 0 0 0 0 0 0 0 0 0 0 0 0 0 0 0 0 0 0 0 0 0 0 0 0 0 0 0 0 0 0 0 0 0 0 0 0 0 0 0 0 0 0 0 0 0 0 0 0 0 0 0 0 0 0 0 0 0 0 0 0 0 0 0 0 0 0 0 0 0 0 0 0 0 0 0 0 0 0 0 0 0 0 0 0 0 0 0 0 0 0 0 0 0 0 0 0 0 0 0 0 0 0 0 0 0 0 0 0 0 0 0 0 0 0 0 0 0 0 0 0 0 0 0 0 0 0 0 0 0 0 0 0 0 0 0 0 0 0 0 0 0 0 0 0 0 0 0 0 0 0 0 0 0 0 0 0 0 0 0 0 0 0 0 0 0 0 0 0 0 0 0 0 0 0 0 0 0 0 0 0 0 0 0 0 0 0 0 0 0 0 0 0 0 0 0 0 0 0 0 0 0 0 0 0 0 0 0 0 0 0 0 0 0 0 0 0 0 0 0 0 0 0 0 0 0 0 0 0 0 0 0 0 0 0 0 0 0 0 0 0 0 0 0 0 0 0 0 0 0 0 0 0 0 0 0 0 0 0 0 0 0 0 0 0 0 0 0 0 0 0 0 0 0 0 0 0 0 0 0 0 0 0 0 0 0 0 0 0 0 0 0 0 0 0 0 0 0 0 0 0 0 0 0 0 0 0 0 0 0 0 0 0 0 0 0 0 0 0 0 0 0 0 0 0 0 0 0 0 0 0 0 0 0 0 0 0 0 0 0 0 0 0 0 0 0 0 0 0 0 0 0 0 0 0 0 0 0 0 0 0 0 0 0 0 0 0 0 0 0 0 0 0 0 0 0 0 0 0 0 0 0 0 0 0 0 0 0 0 0 0 0 0 0 0 0 0 0 0 0 0 0 0 0 0 0 0 0 0 0 0 0 0 0 0 0 0 0 0 0 0 0 0 0 0 0 0 0 0 0 0 0 0 0 0 0 0 0 0 0 0 0 0 0 0 0 0 0 0 0 0 0 0 0 0 0 0 0 0 0 0 0 0 0 0 0 0 0 0 0 0 0 0 0 0 0 0 0 0 0 0 0 0 0 0 0 0 0 0 0 0 0 0 0 0 0 0 0 0 0 0 0 0 0 0 0 0 0 0 0 0 0 0 0 0 0 0 0 0 0 0 0 0 0 0 0 0 0 0 0 0 0 0 0 0 0 0 0 0 0 0 0 0 0 0 0 0 0 0 0 0 0 0 0 0 0 0 0 0 0 0 0 0 0 0 0 0 0 0 0 0 0 0 0 0 0 0 0 0 0 0 0 0 0 0 0 0 0 0 0 0 0 0 0 0 0 0 0 0 0 0 0 0 0 0 0 0 0 0 0 0 0 0 0 0 0 0 0 0 0 0 0 0 0 0 0 0 0 0 0 0 0 0 0 0 0 0 0 0 0 0 0 0 0 0 0 0 0 0 0 0 0 0 0 0 0 0 0 0 0 0 0 0 0 0 0 0 0 0 0 0 0 0 0 0 0 0 0 0 0 0 0 0 0 0 0 0 0 0 0 0 0 0 0 0 0 0 0 0 0 0 0 0 0 0 0 0 0 0 0 0 0 0 0 0 0 0 0 0 0 0 0 0 0 0 0 0 0 0 0 0 0 0 0 0 0 0 0 0 0 0 0 0 0 0 0 0 0 0 0 0 0 0 0 0 0 0 0 0 0 0 0 0 0 0 0 0 0 0 0 0 0 0 0 0 0 0 0 0 0 0 0 0 0 0 0 0 0 0 0 0 0 0 0 0 0 0 0 0 0 0 0 0 0 0 0 0 0 0 0 0 0 0 0 0 0 0 0 0 0 0 0 0 0 0 0 0 0 0 0 0 0 0 0 0 0 0 0 0 0 0 0 0 0 0 0 0 0 0 0 0 0 0 0 0 0 0 0 0 0 0 0 0 0 0 0 0 0 0 0 0 0 0 0 0 0 0 0 0 0 0 0 0 0 0 0 0 0 0 0 0 0 0 0 0 0 0 0 0 0 0 0 0 0 0 0 0 0 0 0 0 0 0 0 0 0 0 0 0 0 0 0 0 0 0 0 0 0 0 0 0 0 0 0 0 0 0 0 0 0 0 0 0 0 0 0 0 0 0 0 0 0 0 0 0 0 0 0 0 0 0 0 0 0 0 0 0 0 0 0 0 0 0 0 0 0 0 0 0 0 0 0 0 0 0 0 0 0 0 0 0 0 0 0 0 0 0 0 0 0 0 0 0 0 0 0 0 0 0 0 0 0 0 0 0 0 0 0 0 0 0 0 0 0 0 0 0 0 0 0 0 0 0 0 0 0 0 0 0 0 0 0 0 0 0 0 0 0 0 0 0 0 0 0 0 0 0 0 0 0 0 0 0 0 0 0 0 0 0 0 0 0 0 0 0 0 0 0 0 0 0 0 0 0 0 0 0 0 0 0 0 0 0 0 0 0 0 0 0 0 0 0 0 0 0 0 0 0 0 0 0 0 0 0 0 0 0 0 0 0 0 0 0 0 0 0 0 0 0 0 0 0 0 0 0 0 0 0 0 0 0 0 0 0 0 0 0 0 0 0 0 0 0 0 0 0 0 0 0 0 0 0 0 0 0 0 0 0 0 0 0 0 0 0 0 0 0 0 0 0 0 0 0 0 0 0 0 0 0 0 0 0 0 0 0 0 0 0 0 0 0 0 0 0 0 0 0 0 0 0 0 0 0 0 0 0 0 0 0 0 0 0 0 0 0 0 0 0 0 0 0 0 0 0 0 0 0 0 0 0 0 0 0 0 0 0 0 0 0 0 0 0 0 0 0 0 0 0 0 0 0 0 0 0 0 0 0 0 0 0 0 0 0 0 0 0 0 0 0 0 0 0 0 0 0 0 0 0 0 0 0 0 0 0 0 0 0 0 0 0 0 0 0 0 0 0 0 0 0 0 0 0 0 0 0 0 0 0 0 0 0 0 0 0 0 0 0 0 0 0 0 0 0 0 0 0 0 0 0 0 0 0 0 0 0 0 0 0 0 0 0 0 0 0 0 0 0 0 0 0 0 0 0 0 0 0 0 0 0 0 0 0 0 0 0 0 0 0 0 0 0 0 0 0 0 0 0 0 0 0 0 0 0 0 0 0 0 0 0 0 0 0 0 0 0 0 0 0 0 0 0 0 0 0 0 0 0 0 0 0 0 0 0 0 0 0 0 0 0 0 0 0 0 0 0 0 0 0 0 0 0 0 0 0 0 0 0 0 0 0 0 0 0 0 0 0 0 0 0 0 0 0 0 0 0 0 0 0 0 0 0 0 0 0 0 0 0 0 0 0 0 0 0 0 0 0 0 0 0 0 0 0 0 0 0 0 0 0 0 0 0 0 0 0 0 0 0 0 0 0 0 0 0 0 0 0 0 0 0 0 0 0 0 0 0 0 0 0 0 0 0 0 0 0 0 0 0 0 0 0 0 0 0 0 0 0 0 0 0 0 0 0 0 0 0 0 0 0 0 0 0 0 0 0 0 0 0 0 0 0 0 0 0 0 0 0 0 0 0 0 0 0 0 0 0 0 0 0 0 0 0 0 0 0 0 0 0 0 0 0 0 0 0 0 0 0 0 0 0 0 0 0 0 0 0 0 0 0 0 0 0 0 0 0 0 0 0 0 0 0 0 0 0 0 0 0 0 0 0 0 0 0 0 0 0 0 0 0 0 0 0 0 0 0 0 0 0 0 0 0 0 0 0 0 0 0 0 0 0 0 0 0 0 0 0 0 0 0 0 0 0 0 0 0 0 0 0 0 0 0 0 0 0 0 0 0 0 0 0 0 0 0 0 0 0 0 0 0 0 0 0 0 0 0 0 0 0 0 0 0 0 0 0 0 0 0 0 0 0 0 0 0 0 0 0 0 0 0 0 0 0 0 0 0 0 0 0 0 0 0 0 0 0 0 0 0 0 0 0 0 0 0 0 0 0 0 0 0 0 0 0 0 0 0 0 0 0 0 0 0 0 0 0 0 0 0 0 0 0 0 0 0 0 0 0 0 0 0 0 0 0 0 0 0 0 0 0 0 0 0 0 0 0 0 0 0 0 0 0 0 0 0 0 0 0 0 0 0 0 0 0 0 0 0 0 0 0 0 0 0 0 0 0 0 0 0 0 0 0 0 0 0 0 0 0 0 0 0 0 0 0 0 0 0 0 0 0 0 0 0 0 0 0 0 0 0 0 0 0 0 0 0 0 0 0 0 0 0 0 0 0 0 0 0 0 0 0 0 0 0 0 0 0 0 0 0 0 0 0 0 0 0 0 0 0 0 0 0 0 0 0 0 0 0 0 0 0 0 0 0 0 0 0
ctxt 12680246
btime 1613123984
processes 300998
procs_running 1
procs_blocked 0
softirq 93022355 1 53953008 1961 2502174 0 0 147 2760386 0 33804678
