cpu  59018558 5 57802 12594913 698 0 4279 0 0 0
cpu0 459745 0 2226 97561 0 0 382 0 0 0
cpu1 460530 0 1130 98273 8 0 28 0 0 0
cpu2 460387 0 916 98582 0 0 80 0 0 0
cpu3 460599 0 760 98571 1 0 57 0 0 0
cpu4 460590 0 962 98372 0 0 86 0 0 0
cpu5 460697 0 732 98499 0 0 45 0 0 0
cpu6 460683 0 480 98797 0 0 30 0 0 0
cpu7 460865 0 482 98612 0 0 36 0 0 0
cpu8 460595 0 810 98512 0 0 85 0 0 0
cpu9 460673 0 840 98390 0 0 74 0 0 0
cpu10 460624 0 530 98762 0 0 63 0 0 0
cpu11 460966 0 377 98621 0 0 32 0 0 0
cpu12 460760 0 843 98306 0 0 75 0 0 0
cpu13 461254 0 716 97992 1 0 29 0 0 0
cpu14 460955 0 482 98498 0 0 35 0 0 0
cpu15 460632 0 508 98807 0 0 38 0 0 0
cpu16 460937 0 533 98485 0 0 36 0 0 0
cpu17 460979 1 815 98131 0 0 56 0 0 0
cpu18 461194 0 370 98405 0 0 32 0 0 0
cpu19 460974 0 359 98636 0 0 24 0 0 0
cpu20 460780 0 681 98448 0 0 76 0 0 0
cpu21 462000 0 671 97291 0 0 25 0 0 0
cpu22 461192 0 381 98395 0 0 29 0 0 0
cpu23 460638 0 357 98777 0 0 173 0 0 0
cpu24 461042 0 613 98292 0 0 47 0 0 0
cpu25 461477 0 571 97920 0 0 26 0 0 0
cpu26 461294 0 280 98407 0 0 21 0 0 0
cpu27 460561 0 492 98873 0 0 33 0 0 0
cpu28 461196 0 427 98343 0 0 28 0 0 0
cpu29 460990 0 484 98464 0 0 27 0 0 0
cpu30 461230 0 276 98474 0 0 12 0 0 0
cpu31 460601 0 724 98556 0 0 103 0 0 0
cpu32 459756 0 1758 98245 0 0 260 0 0 0
cpu33 461210 0 314 98442 4 0 16 0 0 0
cpu34 461227 0 268 98473 0 0 14 0 0 0
cpu35 460936 0 293 98737 1 0 22 0 0 0
cpu36 461118 0 423 98416 0 0 32 0 0 0
cpu37 461907 0 435 97559 66 0 11 0 0 0
cpu38 460668 0 453 98766 0 0 41 0 0 0
cpu39 461101 0 281 98593 0 0 16 0 0 0
cpu40 460383 0 727 98826 1 0 39 0 0 0
cpu41 461510 0 338 98089 30 0 14 0 0 0
cpu42 461118 0 285 98562 0 0 20 0 0 0
cpu43 461070 0 290 98596 1 0 30 0 0 0
cpu44 460932 0 502 98505 1 0 29 0 0 0
cpu45 461270 0 485 98073 112 0 24 0 0 0
cpu46 460900 0 527 98477 0 0 73 0 0 0
cpu47 461056 0 291 98615 0 0 20 0 0 0
cpu48 460699 0 651 98546 0 0 72 0 0 0
cpu49 461193 0 495 98276 0 0 22 0 0 0
cpu50 460426 0 493 99000 0 0 36 0 0 0
cpu51 461073 0 337 98545 0 0 32 0 0 0
cpu52 461224 0 332 98416 0 0 12 0 0 0
cpu53 461093 0 472 98261 92 0 35 0 0 0
cpu54 461308 0 212 98444 4 0 14 0 0 0
cpu55 461027 0 309 98623 2 0 26 0 0 0
cpu56 461245 0 254 98472 0 0 8 0 0 0
cpu57 460840 0 503 98574 1 0 33 0 0 0
cpu58 461115 0 296 98555 0 0 15 0 0 0
cpu59 461052 0 337 98562 0 0 29 0 0 0
cpu60 460770 0 633 98484 0 0 87 0 0 0
cpu61 461321 0 395 98224 8 0 28 0 0 0
cpu62 461036 0 381 98532 0 0 22 0 0 0
cpu63 460872 0 414 98649 0 0 43 0 0 0
cpu64 461133 0 493 98138 185 0 11 0 0 0
cpu65 460967 0 601 98374 1 0 11 0 0 0
cpu66 461039 0 392 98514 2 0 26 0 0 0
cpu67 460763 0 498 98674 0 0 42 0 0 0
cpu68 460661 0 869 98338 0 0 111 0 0 0
cpu69 461325 0 408 98178 32 0 11 0 0 0
cpu70 460848 0 437 98666 0 0 20 0 0 0
cpu71 460985 0 353 98611 0 0 20 0 0 0
cpu72 461255 0 397 98298 2 0 19 0 0 0
cpu73 461100 0 582 98243 3 0 29 0 0 0
cpu74 460857 0 330 98752 1 0 30 0 0 0
cpu75 461163 0 273 98506 0 0 13 0 0 0
cpu76 461085 0 408 98465 1 0 22 0 0 0
cpu77 461421 0 480 98039 15 0 9 0 0 0
cpu78 460965 0 312 98648 0 0 19 0 0 0
cpu79 460940 0 347 98647 0 0 24 0 0 0
cpu80 461351 0 296 98315 0 0 7 0 0 0
cpu81 461274 0 500 98146 28 0 15 0 0 0
cpu82 461176 0 358 98417 0 0 18 0 0 0
cpu83 461074 0 332 98553 1 0 15 0 0 0
cpu84 461107 0 408 98438 0 0 17 0 0 0
cpu85 462028 0 480 97436 1 0 13 0 0 0
cpu86 460963 0 284 98704 0 0 16 0 0 0
cpu87 461128 0 265 98554 1 0 13 0 0 0
cpu88 461140 0 297 98515 0 0 13 0 0 0
cpu89 464243 2 768 94903 6 0 10 0 0 0
cpu90 461162 0 228 98556 0 0 14 0 0 0
cpu91 460991 0 364 98594 0 0 26 0 0 0
cpu92 461063 0 337 98462 0 0 99 0 0 0
cpu93 462753 0 530 96643 1 0 9 0 0 0
cpu94 461301 0 199 98453 0 0 7 0 0 0
cpu95 461196 0 243 98515 0 0 15 0 0 0
cpu96 461139 0 436 98354 7 0 26 0 0 0
cpu97 461444 0 371 98117 1 0 8 0 0 0
cpu98 461129 0 243 98561 0 0 12 0 0 0
cpu99 461158 0 255 98538 0 0 11 0 0 0
cpu100 460957 0 502 98458 12 0 32 0 0 0
cpu101 461281 0 249 98393 1 0 5 0 0 0
cpu102 461066 0 232 98642 1 0 7 0 0 0
cpu103 460930 0 239 98760 0 0 8 0 0 0
cpu104 461162 0 385 98399 0 0 14 0 0 0
cpu105 461270 0 328 98346 0 0 6 0 0 0
cpu106 461302 0 178 98476 0 0 6 0 0 0
cpu107 461060 0 258 98610 0 0 16 0 0 0
cpu108 460989 0 316 98620 2 0 15 0 0 0
cpu109 461427 0 472 98042 0 0 14 0 0 0
cpu110 461014 0 332 98590 0 0 12 0 0 0
cpu111 461147 0 252 98555 0 0 8 0 0 0
cpu112 461280 0 291 98368 0 0 22 0 0 0
cpu113 461337 0 332 98274 3 0 6 0 0 0
cpu114 461253 0 262 98433 0 0 12 0 0 0
cpu115 461096 0 268 98583 0 0 17 0 0 0
cpu116 461460 0 165 98321 0 0 2 0 0 0
cpu117 460904 0 379 98631 5 0 15 0 0 0
cpu118 461276 0 205 98463 0 0 9 0 0 0
cpu119 460912 0 431 98574 0 0 42 0 0 0
cpu120 461357 0 211 98381 0 0 2 0 0 0
cpu121 461126 0 342 98473 4 0 6 0 0 0
cpu122 461257 0 286 98395 0 0 10 0 0 0
cpu123 461160 0 233 98560 0 0 3 0 0 0
cpu124 461388 0 202 98350 0 0 15 0 0 0
cpu125 461335 0 259 98337 0 0 9 0 0 0
cpu126 461095 0 383 98437 0 0 30 0 0 0
cpu127 461242 0 376 98329 0 0 5 0 0 0
intr 168282828 129 0 0 0 680 0 0 0 1 0 285 0 0 0 0 0 0 0 0 0 0 0 0 0 0 0 0 0 0 0 0 0 0 0 0 260 0 578 3477 8862 11794 226 1954 1080 7553 338 6496 2969 6104 581 128 5844 10982 514 613 2320 5946 481 345 1364 79773 345 911 1906 7308 735 1537 1390 5990 270 1 934 6737 644 80 3306 3792 429 642 1601 5459 1020 4630 1111 4546 0 585 5575 6131 282 2220 530 3656 453 2958 1885 5004 1661 99 4422 7315 358 3029 6089 13092 226 360 293 8605 409 3413 2749 4139 469 309 2266 6485 182 158 3294 7569 802 29 2607 3678 673 78 900 13149 26878 4472 1717 5393 295 99 1286 4692 757 422 1353 3407 422 670 1309 5186 594 2811 409 3399 2 175 3933 4623 354 1784 787 0 0 0 0 0 0 0 0 0 0 161 3642 3 385 63 107 40 172 106 13 0 260 26 9 1 7 10 405 341 5 149 3 1 55 79 401 3440 298 683 696 448 1121 80 78 0 0 0 0 0 0 0 0 0 0 0 0 0 0 0 0 10003 2164 5291 199 3435 258 142 127 145 33 71 322 136 322 78 95 76 47 33 27 37 21 12 42 21 86 74 133 6 2 39 9 13 7 13 21 56 33 0 377 321 74 209 174 135 100 72 21 3 144 55 0 28 32 15 3 17 3 9 18 5 24 17 0 0 0 0 0 0 0 0 0 0 0 0 0 0 0 0 0 0 0 0 0 0 0 0 0 0 0 0 0 0 0 0 0 0 0 0 0 0 0 0 0 0 0 0 0 0 0 0 0 0 0 0 0 0 0 0 0 0 0 0 0 0 0 0 0 0 0 0 0 0 0 0 0 0 0 0 0 0 0 0 0 0 0 0 0 0 0 0 0 0 0 0 0 0 0 0 0 0 0 0 0 0 0 0 0 0 0 0 0 0 0 0 0 0 0 0 0 0 0 0 0 0 0 0 0 0 0 0 0 0 0 0 0 0 0 0 0 0 0 0 0 0 0 0 0 0 0 0 0 0 0 0 0 0 0 0 0 0 0 0 0 0 0 0 0 0 0 0 0 0 0 0 0 0 0 0 0 0 0 0 0 0 0 0 0 0 0 0 0 0 0 0 0 0 0 0 0 0 0 0 0 0 0 0 0 0 0 0 0 0 0 0 0 0 0 0 0 0 0 0 0 0 0 0 0 0 0 0 0 0 0 0 0 0 0 0 0 0 0 0 0 0 0 0 0 0 0 0 0 0 0 0 0 0 0 0 0 0 0 0 0 0 0 0 0 0 0 0 0 0 0 0 0 0 0 0 0 0 0 0 0 0 0 0 0 0 0 0 0 0 0 0 0 0 0 0 0 0 0 0 0 0 0 0 0 0 0 0 0 0 0 0 0 0 0 0 0 0 0 0 0 0 0 0 0 0 0 0 0 0 0 0 0 0 0 0 0 0 0 0 0 0 0 0 0 0 0 0 0 0 0 0 0 0 0 0 0 0 0 0 0 0 0 0 0 0 0 0 0 0 0 0 0 0 0 0 0 0 0 0 0 0 0 0 0 0 0 0 0 0 0 0 0 0 0 0 0 0 0 0 0 0 0 0 0 0 0 0 0 0 0 0 0 0 0 0 0 0 0 0 0 0 0 0 0 49 0 0 0 3 0 0 0 0 0 0 0 0 0 0 0 0 0 0 0 0 0 0 0 0 0 49 0 0 0 0 0 0 0 0 0 0 0 0 0 0 0 0 0 0 0 0 0 0 0 0 0 0 0 0 0 0 0 0 0 0 0 0 0 0 0 0 0 0 0 0 0 0 0 0 0 0 0 0 0 0 0 0 0 0 0 0 0 0 0 0 0 22 0 0 0 0 0 0 0 0 0 0 0 0 0 0 0 0 0 0 0 0 0 0 0 0 0 0 0 0 0 0 0 0 0 0 0 0 0 0 0 0 0 0 0 0 0 0 0 0 0 0 0 0 0 0 0 0 0 0 0 0 0 0 0 0 0 0 0 0 0 0 0 0 0 0 0 0 0 0 0 0 0 0 0 0 0 0 0 0 0 0 0 0 0 0 0 0 0 0 0 0 0 0 0 0 0 0 0 0 0 0 0 0 0 0 0 0 0 0 0 0 0 0 0 0 0 0 0 0 0 0 0 0 0 0 0 0 0 0 0 0 0 0 0 0 0 0 0 0 0 0 0 0 0 0 0 0 0 0 0 0 0 0 0 0 0 0 0 0 0 0 0 0 0 0 0 0 0 0 0 0 0 0 0 0 0 0 0 0 0 0 0 0 0 0 0 0 0 0 0 0 0 0 0 0 0 0 0 0 0 0 0 0 0 0 0 0 0 0 0 0 0 0 0 0 0 0 0 0 0 0 0 0 0 0 0 0 0 0 0 0 0 0 0 0 0 0 0 0 0 0 0 0 0 0 0 0 0 0 0 0 0 0 0 0 0 0 0 0 0 0 0 0 0 0 0 0 0 0 0 0 0 0 0 0 0 0 0 0 0 0 0 0 0 0 0 0 0 0 0 0 0 0 0 0 0 0 0 0 0 0 0 0 0 0 0 0 0 0 0 0 0 0 0 0 0 0 0 0 0 0 0 0 0 0 0 0 0 0 0 0 0 0 0 0 0 0 0 0 0 0 0 0 0 0 0 0 0 0 0 0 0 0 0 0 0 0 0 0 0 0 0 0 0 0 0 0 0 0 0 0 0 0 0 0 0 0 0 0 0 0 0 0 0 0 0 0 0 0 0 0 0 0 0 0 0 0 0 0 0 0 0 0 0 0 0 0 0 0 0 0 0 0 0 0 0 0 0 0 0 0 0 0 0 0 0 0 0 0 0 0 0 0 0 0 0 0 0 0 0 0 0 0 0 0 0 0 0 0 0 0 0 0 0 0 0 0 0 0 0 0 0 0 0 0 0 0 0 0 0 0 0 0 0 0 0 0 0 0 0 0 0 0 0 0 0 0 0 0 0 0 0 0 0 0 0 0 0 0 0 0 0 0 0 0 0 0 0 0 0 0 0 0 0 0 0 0 0 0 0 0 0 0 0 0 0 0 0 0 0 0 0 0 0 0 0 0 0 0 0 0 0 0 0 0 0 0 0 0 0 0 0 0 0 0 0 0 0 0 0 0 0 0 0 0 0 0 0 0 0 0 0 0 0 0 0 0 0 0 0 0 0 0 0 0 0 0 0 0 0 0 0 0 0 0 0 0 0 0 0 0 0 0 0 0 0 0 0 0 0 0 0 0 0 0 0 0 0 0 0 0 0 0 0 0 0 0 0 0 0 0 0 0 0 0 0 0 0 0 0 0 0 0 0 0 0 0 0 0 0 0 0 0 0 0 0 0 0 0 0 0 0 0 0 0 0 0 0 0 0 0 0 0 0 0 0 0 0 0 0 0 0 0 0 0 0 0 0 0 0 0 0 0 0 0 0 0 0 0 0 0 0 0 0 0 0 0 0 0 0 0 0 0 0 0 0 0 0 0 0 0 0 0 0 0 0 0 0 0 0 0 0 0 0 0 0 0 0 0 0 0 0 0 0 0 0 0 0 0 0 0 0 0 0 0 0 0 0 0 0 0 0 0 0 0 0 0 0 0 0 0 0 0 0 0 0 0 0 0 0 0 0 0 0 0 0 0 0 0 0 0 0 0 0 0 0 0 0 0 0 0 0 0 0 0 0 0 0 0 0 0 0 0 0 0 0 0 0 0 0 0 0 0 0 0 0 0 0 0 0 0 0 0 0 0 0 0 0 0 0 0 0 0 0 0 0 0 0 0 0 0 0 0 0 0 0 0 0 0 0 0 0 0 0 0 0 0 0 0 0 0 0 0 0 0 0 0 0 0 0 0 0 0 0 0 0 0 0 0 0 0 0 0 0 0 0 0 0 0 0 0 0 0 0 0 0 0 0 0 0 0 0 0 0 0 0 0 0 0 0 0 0 0 0 0 0 0 0 0 0 0 0 0 0 0 0 0 0 0 0 0 0 0 0 0 0 0 0 0 0 0 0 0 0 0 0 0 0 0 0 0 0 0 0 0 0 0 0 0 0 0 0 0 0 0 0 0 0 0 0 0 0 0 0 0 0 0 0 0 0 0 0 0 0 0 0 0 0 0 0 0 0 0 0 0 0 0 0 0 0 0 0 0 0 0 0 0 0 0 0 0 0 0 0 0 0 0 0 0 0 0 0 0 0 0 0 0 0 0 0 0 0 0 0 0 0 0 0 0 0 0 0 0 0 0 0 0 0 0 0 0 0 0 0 0 0 0 0 0 0 0 0 0 0 0 0 0 0 0 0 0 0 0 0 0 0 0 0 0 0 0 0 0 0 0 0 0 0 0 0 0 0 0 0 0 0 0 0 0 0 0 0 0 0 0 0 0 0 0 0 0 0 0 0 0 0 0 0 0 0 0 0 0 0 0 0 0 0 0 0 0 0 0 0 0 0 0 0 0 0 0 0 0 0 0 0 0 0 0 0 0 0 0 0 0 0 0 0 0 0 0 0 0 0 0 0 0 0 0 0 0 0 0 0 0 0 0 0 0 0 0 0 0 0 0 0 0 0 0 0 0 0 0 0 0 0 0 0 0 0 0 0 0 0 0 0 0 0 0 0 0 0 0 0 0 0 0 0 0 0 0 0 0 0 0 0 0 0 0 0 0 0 0 0 0 0 0 0 0 0 0 0 0 0 0 0 0 0 0 0 0 0 0 0 0 0 0 0 0 0 0 0 0 0 0 0 0 0 0 0 0 0 0 0 0 0 0 0 0 0 0 0 0 0 0 0 0 0 0 0 0 0 0 0 0 0 0 0 0 0 0 0 0 0 0 0 0 0 0 0 0 0 0 0 0 0 0 0 0 0 0 0 0 0 0 0 0 0 0 0 0 0 0 0 0 0 0 0 0 0 0 0 0 0 0 0 0 0 0 0 0 0 0 0 0 0 0 0 0 0 0 0 0 0 0 0 0 0 0 0 0 0 0 0 0 0 0 0 0 0 0 0 0 0 0 0 0 0 0 0 0 0 0 0 0 0 0 0 0 0 0 0 0 0 0 0 0 0 0 0 0 0 0 0 0 0 0 0 0 0 0 0 0 0 0 0 0 0 0 0 0 0 0 0 0 0 0 0 0 0 0 0 0 0 0 0 0 0 0 0 0 0 0 0 0 0 0 0 0 0 0 0 0 0 0 0 0 0 0 0 0 0 0 0 0 0 0 0 0 0 0 0 0 0 0 0 0 0 0 0 0 0 0 0 0 0 0 0 0 0 0 0 0 0 0 0 0 0 0 0 0 0 0 0 0 0 0 0 0 0 0 0 0 0 0 0 0 0 0 0 0 0 0 0 0 0 0 0 0 0 0 0 0 0 0 0 0 0 0 0 0 0 0 0 0 0 0 0 0 0 0 0 0 0 0 0 0 0 0 0 0 0 0 0 0 0 0 0 0 0 0 0 0 0 0 0 0 0 0 0 0 0 0 0 0 0 0 0 0 0 0 0 0 0 0 0 0 0 0 0 0 0 0 0 0 0 0 0 0 0 0 0 0 0 0 0 0 0 0 0 0 0 0 0 0 0 0 0 0 0 0 0 0 0 0 0 0 0 0 0 0 0 0 0 0 0 0 0 0 0 0 0 0 0 0 0 0 0 0 0 0 0 0 0 0 0 0 0 0 0 0 0 0 0 0 0 0 0 0 0 0 0 0 0 0 0 0 0 0 0 0 0 0 0 0 0 0 0 0 0 0 0 0 0 0 0 0 0 0 0 0 0 0 0 0 0 0 0 0 0 0 0 0 0 0 0 0 0 0 0 0 0 0 0 0 0 0 0 0 0 0 0 0 0 0 0 0 0 0 0 0 0 0 0 0 0 0 0 0 0 0 0 0 0 0 0 0 0 0 0 0 0 0 0 0 0 0 0 0 0 0 0 0 0 0 0 0 0 0 0 0 0 0 0 0 0 0 0 0 0 0 0 0 0 0 0 0 0 0 0 0 0 0 0 0 0 0 0 0 0 0 0 0 0 0 0 0 0 0 0 0 0 0 0 0 0 0 0 0 0 0 0 0 0 0 0 0 0 0 0 0 0 0 0 0 0 0 0 0 0 0 0 0 0 0 0 0 0 0 0 0 0 0 0 0 0 0 0 0 0 0 0 0 0 0 0 0 0 0 0 0 0 0 0 0 0 0 0 0 0 0 0 0 0 0 0 0 0 0 0 0 0 0 0 0 0 0 0 0 0 0 0 0 0 0 0 0 0 0 0 0 0 0 0 0 0 0 0 0 0 0 0 0 0 0 0 0 0 0 0 0 0 0 0 0 0 0 0 0 0 0 0 0 0 0 0 0 0 0 0 0 0 0 0 0 0 0 0 0 0 0 0 0 0 0 0 0 0 0 0 0 0 0 0 0 0 0 0 0 0 0 0 0 0 0 0 0 0 0 0 0 0 0 0 0 0 0 0 0 0 0 0 0 0 0 0 0 0 0 0 0 0 0 0 0 0 0 0 0 0 0 0 0 0 0 0 0 0 0 0 0 0 0 0 0 0 0 0 0 0 0 0 0 0 0 0 0 0 0 0 0 0 0 0 0 0 0 0 0 0 0 0 0 0 0 0 0 0 0 0 0 0 0 0 0 0 0 0 0 0 0 0 0 0 0 0 0 0 0 0 0 0 0 0 0 0 0 0 0 0 0 0 0 0 0 0 0 0 0 0 0 0 0 0 0 0 0 0 0 0 0 0 0 0 0 0 0 0 0 0 0 0 0 0 0 0 0 0 0 0 0 0 0 0 0 0 0 0 0 0 0 0 0 0 0 0 0 0 0 0 0 0 0 0 0 0 0 0 0 0 0 0 0 0 0 0 0 0 0 0 0 0 0 0 0 0 0 0 0 0 0 0 0 0 0 0 0 0 0 0 0 0 0 0 0 0 0 0 0 0 0 0 0 0 0 0 0 0 0 0 0 0 0 0 0 0 0 0 0 0 0 0 0 0 0 0 0 0 0 0 0 0 0 0 0 0 0 0 0 0 0 0 0 0 0 0 0 0 0 0 0 0 0 0 0 0 0 0 0 0 0 0 0 0 0 0 0 0 0 0 0 0 0 0 0 0 0 0 0 0 0 0 0 0 0 0 0 0 0 0 0 0 0 0 0 0 0 0 0 0 0 0 0 0 0 0 0 0 0 0 0 0 0 0 0 0 0 0 0 0 0 0 0 0 0 0 0 0 0 0 0 0 0 0 0 0 0 0 0 0 0 0 0 0 0 0 0 0 0 0 0 0 0 0 0 0 0 0 0 0 0 0 0 0 0 0 0 0 0 0 0 0 0 0 0 0 0 0 0 0 0 0 0 0 0 0 0 0 0 0 0 0 0 0 0 0 0 0 0 0 0 0 0 0 0 0 0 0 0 0 0 0 0 0 0 0 0 0 0 0 0 0 0 0 0 0 0 0 0 0 0 0 0 0 0 0 0 0 0 0 0 0 0 0 0 0 0 0 0 0 0 0 0 0 0 0 0 0 0 0 0 0 0 0 0 0 0 0 0 0 0 0 0 0 0 0 0 0 0 0 0 0 0 0 0 0 0 0 0 0 0 0 0 0 0 0 0 0 0 0 0 0 0 0 0 0 0 0 0 0 0 0 0 0 0 0 0 0 0 0 0 0 0 0 0 0 0 0 0 0 0 0 0 0 0 0 0 0 0 0 0 0 0 0 0 0 0 0 0 0 0 0 0 0 0 0 0 0 0 0 0 0 0 0 0 0 0 0 0 0 0 0 0 0 0 0 0 0 0 0 0 0 0 0 0 0 0 0 0 0 0 0 0 0 0 0 0 0 0 0 0 0 0 0 0 0 0 0 0 0 0 0 0 0 0 0 0 0 0 0 0 0 0 0 0 0 0 0 0 0 0 0 0 0 0 0 0 0 0 0 0 0 0 0 0 0 0 0 0 0 0 0 0 0 0 0 0 0 0 0 0 0 0 0 0 0 0 0 0 0 0 0 0 0 0 0 0 0 0 0 0 0 0 0 0 0 0 0 0 0 0 0 0 0 0 0 0 0 0 0 0 0 0 0 0 0 0 0 0 0 0 0 0 0 0 0 0 0 0 0 0 0 0 0 0 0 0 0 0 0 0 0 0 0 0 0 0 0 0 0 0 0 0 0 0 0 0 0 0 0 0 0 0 0 0 0 0 0 0 0 0 0 0 0 0 0 0 0 0 0 0 0 0 0 0 0 0 0 0 0 0 0 0 0 0 0 0 0 0 0 0 0 0 0 0 0 0 0 0 0 0 0 0 0 0 0 0 0 0 0 0 0 0 0 0 0 0 0 0 0 0 0 0 0 0 0 0 0 0 0 0 0 0 0 0 0 0 0 0 0 0 0 0 0 0 0 0 0 0 0 0 0 0 0 0 0 0 0 0 0 0 0 0 0 0 0 0 0 0 0 0 0 0 0 0 0 0 0 0 0 0 0 0 0 0 0 0 0 0 0 0 0 0 0 0 0 0 0 0 0 0 0 0 0 0 0 0 0 0 0 0 0 0 0 0 0 0 0 0 0 0 0 0 0 0 0 0 0 0 0 0 0 0 0 0 0 0 0 0 0 0 0 0 0 0 0 0 0 0 0 0 0 0 0 0 0 0 0 0 0 0 0 0 0 0 0 0 0 0 0 0 0 0 0 0 0 0 0 0 0 0 0 0 0 0 0 0 0 0 0 0 0 0 0 0 0 0 0 0 0 0 0 0 0 0 0 0 0 0 0 0 0 0 0 0 0 0 0 0 0 0 0 0 0 0 0 0 0 0 0 0 0 0 0 0 0 0 0 0 0 0 0 0 0 0 0 0 0 0 0 0 0 0 0 0 0 0 0 0 0 0 0 0 0 0 0 0 0 0 0 0 0 0 0 0 0 0 0 0 0 0 0 0 0 0 0 0 0 0 0 0 0 0 0 0 0 0 0 0 0 0 0 0 0 0 0 0 0 0 0 0 0 0 0 0 0 0 0 0 0 0 0 0 0 0 0 0 0 0 0 0 0 0 0 0 0 0 0 0 0 0 0 0 0 0 0 0 0 0 0 0 0 0 0 0 0 0 0 0 0 0 0 0 0 0 0 0 0 0 0 0 0 0 0 0 0 0 0 0 0 0 0 0 0 0 0 0 0 0 0 0 0 0 0 0 0 0 0 0 0 0 0 0 0 0 0 0 0 0 0 0 0 0 0 0 0 0 0 0 0 0 0 0 0 0 0 0 0 0 0 0 0 0 0 0 0 0 0 0 0 0 0 0 0 0 0 0 0 0 0 0 0 0 0 0 0 0 0 0 0 0 0 0 0 0 0 0 0 0 0 0 0 0 0 0 0 0 0 0 0 0 0 0 0 0 0 0 0 0 0 0 0 0 0 0 0 0 0 0 0 0 0 0 0 0 0 0 0 0 0 0 0 0 0 0 0 0 0 0 0 0 0 0 0 0 0 0 0 0 0 0 0 0 0 0 0 0 0 0 0 0 0 0 0 0 0 0 0 0 0 0 0 0 0 0 0 0 0 0 0 0 0 0 0 0 0 0 0 0 0 0 0 0 0 0 0 0 0 0 0 0 0 0 0 0 0 0 0 0 0 0 0 0 0 0 0 0 0 0 0 0 0 0 0 0 0 0 0 0 0 0 0 0 0 0 0 0 0 0 0 0 0 0 0 0 0 0 0 0 0 0 0 0 0 0 0 0 0 0 0 0 0 0 0 0 0 0 0 0 0 0 0 0 0 0 0 0 0 0 0 0 0 0 0 0 0 0 0 0 0 0 0 0 0 0 0 0 0 0 0 0 0 0 0 0 0 0 0 0 0 0 0 0 0 0 0 0 0 0 0 0 0 0 0 0 0 0 0 0 0 0 0 0 0 0 0 0 0 0 0 0 0 0 0 0 0 0 0 0 0 0 0 0 0 0 0 0 0 0 0 0 0 0 0 0 0 0 0 0 0 0 0 0 0 0 0 0 0 0 0 0 0 0 0 0 0 0 0 0 0 0 0 0 0 0 0 0 0 0 0 0 0 0 0
ctxt 11135441
btime 1613122782
processes 243307
procs_running 1
procs_blocked 0
softirq 177451845 1 106685861 1782 2180272 0 0 247 5488946 0 63094736
