cpu  24918330 4 50738 6996054 514 0 3955 0 0 0
cpu0 691768 0 1399 194349 9 0 748 0 0 0
cpu1 690844 0 2691 194405 1 0 118 0 0 0
cpu2 691601 0 1834 194548 2 0 53 0 0 0
cpu3 692287 0 998 194643 17 0 100 0 0 0
cpu4 691623 0 1641 194713 2 0 67 0 0 0
cpu5 692064 0 1228 194713 2 0 40 0 0 0
cpu6 691747 0 1770 194463 1 0 58 0 0 0
cpu7 692388 0 980 194617 5 0 49 0 0 0
cpu8 692233 0 1482 194280 6 0 42 0 0 0
cpu9 690265 0 2977 194642 9 0 154 0 0 0
cpu10 691835 0 1604 194469 4 0 122 0 0 0
cpu11 691604 0 2032 194321 2 0 65 0 0 0
cpu12 692892 0 898 194162 11 0 66 0 0 0
cpu13 691132 0 2461 194399 4 0 43 0 0 0
cpu14 690335 0 3601 193884 4 0 207 0 0 0
cpu15 693209 0 2200 192573 14 0 37 0 0 0
cpu16 691258 0 2325 194269 2 0 172 0 0 0
cpu17 692142 0 1270 194549 2 0 72 0 0 0
cpu18 692888 0 509 194572 51 0 21 0 0 0
cpu19 692533 0 898 194477 4 0 121 0 0 0
cpu20 692532 0 937 194487 41 0 42 0 0 0
cpu21 692555 0 767 194627 42 0 58 0 0 0
cpu22 692775 0 513 194662 58 0 29 0 0 0
cpu23 691809 0 1484 194710 10 0 16 0 0 0
cpu24 692838 0 802 194357 0 0 35 0 0 0
cpu25 692750 0 540 194735 0 0 16 0 0 0
cpu26 692903 0 520 194593 1 0 22 0 0 0
cpu27 692375 0 1048 194584 0 0 31 0 0 0
cpu28 690642 0 1836 194537 0 0 1018 0 0 0
cpu29 692586 0 1048 194340 16 0 30 0 0 0
cpu30 692777 0 744 194475 2 0 26 0 0 0
cpu31 692990 0 1015 193971 4 0 45 0 0 0
cpu32 693168 1 1683 193115 7 0 62 0 0 0
cpu33 692538 2 952 194436 7 0 98 0 0 0
cpu34 694123 0 853 192884 122 0 37 0 0 0
cpu35 692304 0 1183 194477 34 0 20 0 0 0
intr 68614811 56 0 0 0 609 0 0 0 1 0 257 0 0 0 0 0 0 0 0 0 0 0 0 0 0 0 0 0 0 0 0 92 577 46 395 175 311 428 180 1489 468 800 459 337 497 727 449 579 701 526 1675 226 2547 1527 2844 1532 0 0 0 0 19 85 469 14 1020 589 304 627 663 533 10319 3592 0 0 16 11444 2 0 19237 1081 3919 1783 4564 2229 7254 1936 1952 2467 2384 3931 1344 1081 1416 4085 8210 2229 2850 7199 6646 4734 745 1417 1988 763 1771 1633 199215 5064 2738 1863 1394 2258 4223 682 0 17 7860 1 0 0 0 0 0 0 0 0 0 0 0 0 0 0 0 0 0 0 0 0 0 0 0 0 0 0 0 0 0 0 0 0 0 0 0 0 0 22 0 0 0 0 0 0 0 0 0 0 0 0 0 0 0 0 0 0 0 0 0 0 0 0 0 0 0 0 0 0 0 0 0 0 0 0 0 0 0 0 0 0 0 0 0 0 0 0 0 0 0 0 0 0 0 0 0 0 0 0 0 0 0 0 0 0 0 0 0 0 0 0 0 0 0 0 0 0 0 0 0 0 0 0 0 0 0 0 0 0 0 0 0 0 0 0 0 0 0 0 0 0 0 0 0 0 0 0 0 0 0 0 0 0 0 0 0 0 0 0 0 0 0 0 0 0 0 0 0 0 0 0 0 0 0 0 0 0 0 0 0 0 0 0 0 0 0 0 0 0 0 0 0 0 0 0 0 0 0 0 0 0 0 0 0 0 0 0 0 0 0 0 0 0 0 0 0 0 0 0 0 0 0 0 0 0 0 0 0 0 0 0 0 0 0 0 0 0 0 0 0 0 0 0 0 0 0 0 0 0 0 0 0 0 0 0 0 0 0 0 0 0 0 0 0 0 0 0 0 0 0 0 0 0 0 0 0 0 0 0 0 0 0 0 0 0 0 0 0 0 0 0 0 0 0 0 0 0 0 0 0 0 0 0 0 0 0 0 0 0 0 0 0 0 0 0 0 0 0 0 0 0 0 0 0 0 0 0 0 0 0 0 0 0 0 0 0 0 0 0 0 0 0 0 0 0 0 0 0 0 0 0 0 0 0 0 0 0 0 0 0 0 0 0 0 0 0 0 0 0 0 0 0 0 0 0 0 0 0 0 0 0 0 0 0 0 0 0 0 0 0 0 0 0 0 0 0 0 0 0 0 0 0 0 0 0 0 0 0 0 0 0 0 0 0 0 0 0 0 0 0 0 0 0 0 0 0 0 0 0 0 0 0 0 0 0 0 0 0 0 0 0 0 0 0 0 0 0 0 0 0 0 0 0 0 0 0 0 0 0 0 0 0 0 0 0 0 0 0 0 0 0 0 0 0 0 0 0 0 0 0 0 0 0 0 0 0 0 0 0 0 0 0 0 0 0 0 0 0 0 0 0 0 0 0 0 0 0 0 0 0 0 0 0 0 0 0 0 0 0 0 0 0 0 0 0 0 0 0 0 0 0 0 0 0 0 0 0 0 0 0 0 0 0 0 0 0 0 0 0 0 0 0 0 0 0 0 0 0 0 0 0 0 0 0 0 0 0 0 0 0 0 0 0 0 0 0 0 0 0 0 0 0 0 0 0 0 0 0 0 0 0 0 0 0 0 0 0 0 0 0 0 0 0 0 0 0 0 0 0 0 0 0 0 0 0 0 0 0 0 0 0 0 0 0 0 0 0 0 0 0 0 0 0 0 0 0 0 0 0 0 0 0 0 0 0 0 0 0 0 0 0 0 0 0 0 0 0 0 0 0 0 0 0 0 0 0 0 0 0 0 0 0 0 0 0 0 0 0 0 0 0 0 0 0 0 0 0 0 0 0 0 0 0 0 0 0 0 0 0 0 0 0 0 0 0 0 0 0 0 0 0 0 0 0 0 0 0 0 0 0 0 0 0 0 0 0 0 0 0 0 0 0 0 0 0 0 0 0 0 0 0 0 0 0 0 0 0 0 0 0 0 0 0 0 0 0 0 0 0 0 0 0 0 0 0 0 0 0 0 0 0 0 0 0 0 0 0 0 0 0 0 0 0 0 0 0 0 0 0 0 0 0 0 0 0 0 0 0 0 0 0 0 0 0 0 0 0 0 0 0 0 0 0 0 0 0 0 0 0 0 0 0 0 0 0 0 0 0 0 0 0 0 0 0 0 0 0 0 0 0 0 0 0 0 0 0 0 0 0 0 0 0 0 0 0 0 0 0 0 0 0 0 0 0 0 0 0 0 0 0 0 0 0 0 0 0 0 0 0 0 0 0 0 0 0 0 0 0 0 0 0 0 0 0 0 0 0 0 0 0 0 0 0 0 0 0 0 0 0 0 0 0 0 0 0 0 0 0 0 0 0 0 0 0 0 0 0 0 0 0 0 0 0 0 0 0 0 0 0 0 0 0 0 0 0 0 0 0 0 0 0 0 0 0 0 0 0 0 0 0 0 0 0 0 0 0 0 0 0 0 0 0 0 0 0 0 0 0 0 0 0 0 0 0 0 0 0 0 0 0 0 0 0 0 0 0 0 0 0 0 0 0 0 0 0 0 0 0 0 0 0 0 0 0 0 0 0 0 0 0 0 0 0 0 0 0 0 0 0 0 0 0 0 0 0 0 0 0 0 0 0 0 0 0 0 0 0 0 0 0 0 0 0 0 0 0 0 0 0 0 0 0 0 0 0 0 0 0 0 0 0 0 0 0 0 0 0 0 0 0 0 0 0 0 0 0 0 0 0 0 0 0 0 0 0 0 0 0 0 0 0 0 0 0 0 0 0 0 0 0 0 0 0 0 0 0 0 0 0 0 0 0 0 0 0 0 0 0 0 0 0 0 0 0 0 0 0 0 0
ctxt 17390832
btime 1613124388
processes 432893
procs_running 1
procs_blocked 0
softirq 88768549 1 51304122 772 3270861 0 0 315992 2343758 0 31533043
