cpu  44558573 7 50187 28616414 518 0 3572 0 0 0
cpu0 346953 0 1578 222920 0 0 276 0 0 0
cpu1 347891 0 415 223762 1 0 40 0 0 0
cpu2 347234 0 1100 223688 0 0 58 0 0 0
cpu3 346979 0 1122 223913 7 0 57 0 0 0
cpu4 347906 0 624 223564 1 0 44 0 0 0
cpu5 348155 0 215 223699 0 0 62 0 0 0
cpu6 347711 0 764 223595 0 0 29 0 0 0
cpu7 347456 0 892 223689 0 0 62 0 0 0
cpu8 348068 0 485 223542 0 0 36 0 0 0
cpu9 348348 0 227 223555 1 0 7 0 0 0
cpu10 347591 0 980 223476 0 0 85 0 0 0
cpu11 347956 0 461 223677 0 0 38 0 0 0
cpu12 347550 0 659 223824 0 0 70 0 0 0
cpu13 348099 0 358 223648 0 0 24 0 0 0
cpu14 347625 0 898 223543 0 0 66 0 0 0
cpu15 348017 0 427 223645 0 0 37 0 0 0
cpu16 348317 0 258 223547 0 0 8 0 0 0
cpu17 348078 0 217 223818 0 0 11 0 0 0
cpu18 347462 0 1054 223535 0 0 84 0 0 0
cpu19 348092 0 367 223638 2 0 24 0 0 0
cpu20 348404 0 208 223523 0 0 4 0 0 0
cpu21 348290 0 177 223657 0 0 14 0 0 0
cpu22 347867 0 657 223540 0 0 63 0 0 0
cpu23 347940 2 541 223603 0 0 30 0 0 0
cpu24 348353 0 295 223471 0 0 12 0 0 0
cpu25 348676 0 243 223198 1 0 9 0 0 0
cpu26 347455 0 804 223740 0 0 92 0 0 0
cpu27 347799 0 585 223630 0 0 58 0 0 0
cpu28 348451 0 298 223297 0 0 4 0 0 0
cpu29 348274 0 276 223554 0 0 12 0 0 0
cpu30 348148 0 420 223545 0 0 17 0 0 0
cpu31 348052 0 457 223567 1 0 28 0 0 0
cpu32 348080 0 313 223698 0 0 35 0 0 0
cpu33 348160 0 188 223548 0 0 177 0 0 0
cpu34 348006 0 523 223553 0 0 53 0 0 0
cpu35 348134 0 621 223313 3 0 43 0 0 0
cpu36 348330 0 262 223519 0 0 3 0 0 0
cpu37 348322 0 149 223643 0 0 8 0 0 0
cpu38 347904 0 555 223629 0 0 37 0 0 0
cpu39 348080 0 704 223276 6 0 55 0 0 0
cpu40 348455 0 174 223480 0 0 9 0 0 0
cpu41 348371 0 188 223558 1 0 10 0 0 0
cpu42 348005 0 441 223642 0 0 32 0 0 0
cpu43 347935 0 546 223544 28 0 44 0 0 0
cpu44 346425 0 442 225171 0 0 41 0 0 0
cpu45 348871 0 337 222887 1 0 18 0 0 0
cpu46 347933 0 530 223619 3 0 29 0 0 0
cpu47 348541 0 753 222719 2 0 56 0 0 0
cpu48 348472 0 160 223489 0 0 3 0 0 0
cpu49 348315 0 220 223550 0 0 19 0 0 0
cpu50 348070 0 506 223508 1 0 40 0 0 0
cpu51 348524 0 463 223072 2 0 34 0 0 0
cpu52 348346 0 172 223601 0 0 3 0 0 0
cpu53 348186 0 224 223686 2 0 15 0 0 0
cpu54 348110 0 310 223677 0 0 17 0 0 0
cpu55 348026 0 366 223693 5 0 16 0 0 0
cpu56 348365 0 212 223529 0 0 17 0 0 0
cpu57 348220 0 182 223701 0 0 11 0 0 0
cpu58 347946 0 538 223590 3 0 46 0 0 0
cpu59 347973 0 332 223698 77 0 19 0 0 0
cpu60 348152 0 388 223537 2 0 40 0 0 0
cpu61 348302 0 168 223638 0 0 11 0 0 0
cpu62 348240 0 306 223552 0 0 20 0 0 0
cpu63 348211 0 358 223518 0 0 17 0 0 0
cpu64 347593 0 886 223512 1 0 120 0 0 0
cpu65 347996 0 244 223821 0 0 20 0 0 0
cpu66 347513 0 726 223831 3 0 29 0 0 0
cpu67 348027 0 471 223492 88 0 17 0 0 0
cpu68 348030 0 305 223744 0 0 9 0 0 0
cpu69 348028 0 278 223782 1 0 8 0 0 0
cpu70 347959 0 576 223560 0 0 19 0 0 0
cpu71 348152 0 449 223461 31 0 11 0 0 0
cpu72 348293 0 281 223531 0 0 8 0 0 0
cpu73 348197 0 168 223737 0 0 9 0 0 0
cpu74 347966 0 604 223516 0 0 36 0 0 0
cpu75 348017 0 397 223641 2 0 24 0 0 0
cpu76 348069 0 217 223804 0 0 8 0 0 0
cpu77 348127 0 286 223679 1 0 12 0 0 0
cpu78 347892 0 552 223631 0 0 27 0 0 0
cpu79 348141 0 288 223638 4 0 12 0 0 0
cpu80 348394 0 170 223546 1 0 2 0 0 0
cpu81 348313 0 144 223638 0 0 5 0 0 0
cpu82 347817 0 605 223625 0 0 43 0 0 0
cpu83 348084 0 324 223663 1 0 27 0 0 0
cpu84 348459 0 170 223471 0 0 5 0 0 0
cpu85 348186 0 156 223752 0 0 8 0 0 0
cpu86 348117 0 477 223488 1 0 22 0 0 0
cpu87 347898 1 482 223661 4 0 50 0 0 0
cpu88 348092 0 395 223595 0 0 23 0 0 0
cpu89 348300 0 132 223665 0 0 8 0 0 0
cpu90 347835 0 510 223725 0 0 26 0 0 0
cpu91 347788 0 423 223825 1 0 30 0 0 0
cpu92 348374 0 178 223543 1 0 3 0 0 0
cpu93 348234 0 150 223701 0 0 9 0 0 0
cpu94 347991 0 279 223821 0 0 9 0 0 0
cpu95 348128 0 330 223606 1 0 12 0 0 0
cpu96 348319 0 191 223568 5 0 8 0 0 0
cpu97 348296 0 147 223652 0 0 4 0 0 0
cpu98 348308 0 247 223526 0 0 15 0 0 0
cpu99 348261 2 422 223410 2 0 18 0 0 0
cpu100 348474 0 120 223510 0 0 1 0 0 0
cpu101 348217 0 165 223710 1 0 5 0 0 0
cpu102 348276 0 262 223554 0 0 11 0 0 0
cpu103 348563 0 436 223084 5 0 11 0 0 0
cpu104 348392 0 139 223562 0 0 1 0 0 0
cpu105 348297 0 147 223643 1 0 9 0 0 0
cpu106 347861 0 338 223863 0 0 14 0 0 0
cpu107 348296 0 517 223227 8 0 47 0 0 0
cpu108 348358 0 182 223540 7 0 3 0 0 0
cpu109 348284 0 158 223641 1 0 12 0 0 0
cpu110 348286 0 232 223564 0 0 13 0 0 0
cpu111 349250 0 832 221899 1 0 79 0 0 0
cpu112 348458 0 162 223476 0 0 4 0 0 0
cpu113 348214 0 158 223704 0 0 12 0 0 0
cpu114 348093 0 426 223534 11 0 32 0 0 0
cpu115 348849 0 438 222702 70 0 9 0 0 0
cpu116 348316 0 202 223571 1 0 5 0 0 0
cpu117 348296 0 157 223624 0 0 8 0 0 0
cpu118 348306 0 191 223583 0 0 3 0 0 0
cpu119 347817 0 426 223791 4 0 43 0 0 0
cpu120 348480 0 156 223459 0 0 3 0 0 0
cpu121 348305 0 142 223645 2 0 4 0 0 0
cpu122 347979 0 373 223719 0 0 16 0 0 0
cpu123 348290 0 335 223402 54 0 6 0 0 0
cpu124 348221 0 210 223648 2 0 13 0 0 0
cpu125 348369 0 222 223490 0 0 5 0 0 0
cpu126 348373 0 200 223509 1 0 3 0 0 0
cpu127 348206 0 458 223393 1 0 14 0 0 0
intr 125869225 130 0 0 0 683 0 0 0 1 0 285 0 0 0 0 0 0 0 0 0 0 0 0 0 0 0 0 0 0 0 0 0 0 0 0 260 0 889 2109 917 10339 1979 16549 2539 6404 1847 536 97 5209 133 1801 4793 8037 157 559 20 4075 1186 1029 0 5538 446 522 651 2529 1406 1313 10 3063 554 53987 148 9973 482 509 13 3106 1366 928 1098 8707 1235 700 6 7268 473 1406 5 2793 376 1449 0 2459 299 1418 745 5290 153 1132 3031 3087 830 1278 2963 7372 2223 1461 466 6002 1005 578 2 5039 598 1997 5 3614 134 445 0 4866 1102 852 1 6845 567 514 140 4313 429 1768 167 2898 511 918 0 4019 369 568 0 2551 698 655 1693 2598 1129 1149 0 5966 200 1159 0 810 526 969 6 0 0 0 0 0 0 0 0 0 0 163 171 1 62 4 80 206 18 155 1 3 0 9 0 6 0 10 158 11 3 764 21 128 2 84 261 96 19 265 62 52 32 93 0 0 0 0 0 0 0 0 0 0 0 0 0 0 0 0 0 71 10 94 26 97 34 24 1 111 3 80 0 6 26 104 136 39 19 7 19 35 76 0 0 8 0 105 25 0 83 0 1 1 0 6 385 0 0 37 6303 5242 120 325 471 760 292 206 206 207 872 168 202 393 3008 71 121 225 580 60 9906 117 546 80 0 0 0 0 0 0 0 0 0 0 0 0 0 0 0 0 0 0 0 0 0 0 0 0 0 0 0 0 0 0 0 0 0 0 0 0 0 0 0 0 0 0 0 0 0 0 0 0 0 0 0 0 0 0 0 0 0 0 0 0 0 0 0 0 0 0 0 0 0 0 0 0 0 0 0 0 0 0 0 0 0 0 0 0 0 0 0 0 0 0 0 0 0 0 0 0 0 0 0 0 0 0 0 0 0 0 0 0 0 0 0 0 0 0 0 0 0 0 0 0 0 0 0 0 0 0 0 0 0 0 0 0 0 0 0 0 0 0 0 0 0 0 0 0 0 0 0 0 0 0 0 0 0 0 0 0 0 0 0 0 0 0 0 0 0 0 0 0 0 0 0 0 0 0 0 0 0 0 0 0 0 0 0 0 0 0 0 0 0 0 0 0 0 0 0 0 0 0 0 0 0 0 0 0 0 0 0 0 0 0 0 0 0 0 0 0 0 0 0 0 0 0 0 0 0 0 0 0 0 0 0 0 0 0 0 0 0 0 0 0 0 0 0 0 0 0 0 0 0 0 0 0 0 0 0 0 0 0 0 0 0 0 0 0 0 0 0 0 0 0 0 0 0 0 0 0 0 0 0 0 0 0 0 0 0 0 0 0 0 0 0 0 0 0 0 0 0 0 0 0 0 0 0 0 0 0 0 0 0 0 0 0 0 0 0 0 0 0 0 0 0 0 0 0 0 0 0 0 0 0 0 0 0 0 0 0 0 0 0 0 0 0 0 0 0 0 0 0 0 0 0 0 0 0 0 0 0 0 0 0 0 0 0 0 0 0 0 0 0 0 0 0 0 0 0 0 0 0 0 0 0 0 0 0 0 0 0 0 0 0 0 0 0 0 0 0 0 0 0 0 0 0 0 0 0 0 0 0 0 0 0 0 0 0 0 0 0 0 0 0 0 0 0 4 0 0 0 0 0 0 0 47 0 0 48 0 0 0 0 0 0 0 0 0 0 0 0 1 0 0 0 0 0 0 0 0 0 0 0 0 0 0 0 0 0 0 0 0 0 0 0 0 0 0 0 0 0 0 0 0 0 0 0 0 0 0 0 0 0 0 0 0 0 0 0 0 0 0 0 0 0 0 0 0 0 0 0 0 0 0 0 0 0 0 0 0 0 20 0 0 0 0 0 0 0 0 0 0 0 0 0 0 0 0 0 0 0 0 0 0 0 0 0 0 0 0 0 0 0 0 0 0 0 0 0 0 0 0 0 0 0 0 0 0 0 0 0 0 0 0 0 0 0 0 0 0 0 0 0 0 0 0 0 0 0 0 0 0 0 0 0 0 0 0 0 0 0 0 0 0 0 0 0 0 0 0 0 0 0 0 0 0 0 0 0 0 0 0 0 0 0 0 0 0 0 0 0 0 0 0 0 0 0 0 0 0 0 0 0 0 0 0 0 0 0 0 0 0 0 0 0 0 0 0 0 0 0 0 0 0 0 0 0 0 0 0 0 0 0 0 0 0 0 0 0 0 0 0 0 0 0 0 0 0 0 0 0 0 0 0 0 0 0 0 0 0 0 0 0 0 0 0 0 0 0 0 0 0 0 0 0 0 0 0 0 0 0 0 0 0 0 0 0 0 0 0 0 0 0 0 0 0 0 0 0 0 0 0 0 0 0 0 0 0 0 0 0 0 0 0 0 0 0 0 0 0 0 0 0 0 0 0 0 0 0 0 0 0 0 0 0 0 0 0 0 0 0 0 0 0 0 0 0 0 0 0 0 0 0 0 0 0 0 0 0 0 0 0 0 0 0 0 0 0 0 0 0 0 0 0 0 0 0 0 0 0 0 0 0 0 0 0 0 0 0 0 0 0 0 0 0 0 0 0 0 0 0 0 0 0 0 0 0 0 0 0 0 0 0 0 0 0 0 0 0 0 0 0 0 0 0 0 0 0 0 0 0 0 0 0 0 0 0 0 0 0 0 0 0 0 0 0 0 0 0 0 0 0 0 0 0 0 0 0 0 0 0 0 0 0 0 0 0 0 0 0 0 0 0 0 0 0 0 0 0 0 0 0 0 0 0 0 0 0 0 0 0 0 0 0 0 0 0 0 0 0 0 0 0 0 0 0 0 0 0 0 0 0 0 0 0 0 0 0 0 0 0 0 0 0 0 0 0 0 0 0 0 0 0 0 0 0 0 0 0 0 0 0 0 0 0 0 0 0 0 0 0 0 0 0 0 0 0 0 0 0 0 0 0 0 0 0 0 0 0 0 0 0 0 0 0 0 0 0 0 0 0 0 0 0 0 0 0 0 0 0 0 0 0 0 0 0 0 0 0 0 0 0 0 0 0 0 0 0 0 0 0 0 0 0 0 0 0 0 0 0 0 0 0 0 0 0 0 0 0 0 0 0 0 0 0 0 0 0 0 0 0 0 0 0 0 0 0 0 0 0 0 0 0 0 0 0 0 0 0 0 0 0 0 0 0 0 0 0 0 0 0 0 0 0 0 0 0 0 0 0 0 0 0 0 0 0 0 0 0 0 0 0 0 0 0 0 0 0 0 0 0 0 0 0 0 0 0 0 0 0 0 0 0 0 0 0 0 0 0 0 0 0 0 0 0 0 0 0 0 0 0 0 0 0 0 0 0 0 0 0 0 0 0 0 0 0 0 0 0 0 0 0 0 0 0 0 0 0 0 0 0 0 0 0 0 0 0 0 0 0 0 0 0 0 0 0 0 0 0 0 0 0 0 0 0 0 0 0 0 0 0 0 0 0 0 0 0 0 0 0 0 0 0 0 0 0 0 0 0 0 0 0 0 0 0 0 0 0 0 0 0 0 0 0 0 0 0 0 0 0 0 0 0 0 0 0 0 0 0 0 0 0 0 0 0 0 0 0 0 0 0 0 0 0 0 0 0 0 0 0 0 0 0 0 0 0 0 0 0 0 0 0 0 0 0 0 0 0 0 0 0 0 0 0 0 0 0 0 0 0 0 0 0 0 0 0 0 0 0 0 0 0 0 0 0 0 0 0 0 0 0 0 0 0 0 0 0 0 0 0 0 0 0 0 0 0 0 0 0 0 0 0 0 0 0 0 0 0 0 0 0 0 0 0 0 0 0 0 0 0 0 0 0 0 0 0 0 0 0 0 0 0 0 0 0 0 0 0 0 0 0 0 0 0 0 0 0 0 0 0 0 0 0 0 0 0 0 0 0 0 0 0 0 0 0 0 0 0 0 0 0 0 0 0 0 0 0 0 0 0 0 0 0 0 0 0 0 0 0 0 0 0 0 0 0 0 0 0 0 0 0 0 0 0 0 0 0 0 0 0 0 0 0 0 0 0 0 0 0 0 0 0 0 0 0 0 0 0 0 0 0 0 0 0 0 0 0 0 0 0 0 0 0 0 0 0 0 0 0 0 0 0 0 0 0 0 0 0 0 0 0 0 0 0 0 0 0 0 0 0 0 0 0 0 0 0 0 0 0 0 0 0 0 0 0 0 0 0 0 0 0 0 0 0 0 0 0 0 0 0 0 0 0 0 0 0 0 0 0 0 0 0 0 0 0 0 0 0 0 0 0 0 0 0 0 0 0 0 0 0 0 0 0 0 0 0 0 0 0 0 0 0 0 0 0 0 0 0 0 0 0 0 0 0 0 0 0 0 0 0 0 0 0 0 0 0 0 0 0 0 0 0 0 0 0 0 0 0 0 0 0 0 0 0 0 0 0 0 0 0 0 0 0 0 0 0 0 0 0 0 0 0 0 0 0 0 0 0 0 0 0 0 0 0 0 0 0 0 0 0 0 0 0 0 0 0 0 0 0 0 0 0 0 0 0 0 0 0 0 0 0 0 0 0 0 0 0 0 0 0 0 0 0 0 0 0 0 0 0 0 0 0 0 0 0 0 0 0 0 0 0 0 0 0 0 0 0 0 0 0 0 0 0 0 0 0 0 0 0 0 0 0 0 0 0 0 0 0 0 0 0 0 0 0 0 0 0 0 0 0 0 0 0 0 0 0 0 0 0 0 0 0 0 0 0 0 0 0 0 0 0 0 0 0 0 0 0 0 0 0 0 0 0 0 0 0 0 0 0 0 0 0 0 0 0 0 0 0 0 0 0 0 0 0 0 0 0 0 0 0 0 0 0 0 0 0 0 0 0 0 0 0 0 0 0 0 0 0 0 0 0 0 0 0 0 0 0 0 0 0 0 0 0 0 0 0 0 0 0 0 0 0 0 0 0 0 0 0 0 0 0 0 0 0 0 0 0 0 0 0 0 0 0 0 0 0 0 0 0 0 0 0 0 0 0 0 0 0 0 0 0 0 0 0 0 0 0 0 0 0 0 0 0 0 0 0 0 0 0 0 0 0 0 0 0 0 0 0 0 0 0 0 0 0 0 0 0 0 0 0 0 0 0 0 0 0 0 0 0 0 0 0 0 0 0 0 0 0 0 0 0 0 0 0 0 0 0 0 0 0 0 0 0 0 0 0 0 0 0 0 0 0 0 0 0 0 0 0 0 0 0 0 0 0 0 0 0 0 0 0 0 0 0 0 0 0 0 0 0 0 0 0 0 0 0 0 0 0 0 0 0 0 0 0 0 0 0 0 0 0 0 0 0 0 0 0 0 0 0 0 0 0 0 0 0 0 0 0 0 0 0 0 0 0 0 0 0 0 0 0 0 0 0 0 0 0 0 0 0 0 0 0 0 0 0 0 0 0 0 0 0 0 0 0 0 0 0 0 0 0 0 0 0 0 0 0 0 0 0 0 0 0 0 0 0 0 0 0 0 0 0 0 0 0 0 0 0 0 0 0 0 0 0 0 0 0 0 0 0 0 0 0 0 0 0 0 0 0 0 0 0 0 0 0 0 0 0 0 0 0 0 0 0 0 0 0 0 0 0 0 0 0 0 0 0 0 0 0 0 0 0 0 0 0 0 0 0 0 0 0 0 0 0 0 0 0 0 0 0 0 0 0 0 0 0 0 0 0 0 0 0 0 0 0 0 0 0 0 0 0 0 0 0 0 0 0 0 0 0 0 0 0 0 0 0 0 0 0 0 0 0 0 0 0 0 0 0 0 0 0 0 0 0 0 0 0 0 0 0 0 0 0 0 0 0 0 0 0 0 0 0 0 0 0 0 0 0 0 0 0 0 0 0 0 0 0 0 0 0 0 0 0 0 0 0 0 0 0 0 0 0 0 0 0 0 0 0 0 0 0 0 0 0 0 0 0 0 0 0 0 0 0 0 0 0 0 0 0 0 0 0 0 0 0 0 0 0 0 0 0 0 0 0 0 0 0 0 0 0 0 0 0 0 0 0 0 0 0 0 0 0 0 0 0 0 0 0 0 0 0 0 0 0 0 0 0 0 0 0 0 0 0 0 0 0 0 0 0 0 0 0 0 0 0 0 0 0 0 0 0 0 0 0 0 0 0 0 0 0 0 0 0 0 0 0 0 0 0 0 0 0 0 0 0 0 0 0 0 0 0 0 0 0 0 0 0 0 0 0 0 0 0 0 0 0 0 0 0 0 0 0 0 0 0 0 0 0 0 0 0 0 0 0 0 0 0 0 0 0 0 0 0 0 0 0 0 0 0 0 0 0 0 0 0 0 0 0 0 0 0 0 0 0 0 0 0 0 0 0 0 0 0 0 0 0 0 0 0 0 0 0 0 0 0 0 0 0 0 0 0 0 0 0 0 0 0 0 0 0 0 0 0 0 0 0 0 0 0 0 0 0 0 0 0 0 0 0 0 0 0 0 0 0 0 0 0 0 0 0 0 0 0 0 0 0 0 0 0 0 0 0 0 0 0 0 0 0 0 0 0 0 0 0 0 0 0 0 0 0 0 0 0 0 0 0 0 0 0 0 0 0 0 0 0 0 0 0 0 0 0 0 0 0 0 0 0 0 0 0 0 0 0 0 0 0 0 0 0 0 0 0 0 0 0 0 0 0 0 0 0 0 0 0 0 0 0 0 0 0 0 0 0 0 0 0 0 0 0 0 0 0 0 0 0 0 0 0 0 0 0 0 0 0 0 0 0 0 0 0 0 0 0 0 0 0 0 0 0 0 0 0 0 0 0 0 0 0 0 0 0 0 0 0 0 0 0 0 0 0 0 0 0 0 0 0 0 0 0 0 0 0 0 0 0 0 0 0 0 0 0 0 0 0 0 0 0 0 0 0 0 0 0 0 0 0 0 0 0 0 0 0 0 0 0 0 0 0 0 0 0 0 0 0 0 0 0 0 0 0 0 0 0 0 0 0 0 0 0 0 0 0 0 0 0 0 0 0 0 0 0 0 0 0 0 0 0 0 0 0 0 0 0 0 0 0 0 0 0 0 0 0 0 0 0 0 0 0 0 0 0 0 0 0 0 0 0 0 0 0 0 0 0 0 0 0 0 0 0 0 0 0 0 0 0 0 0 0 0 0 0 0 0 0 0 0 0 0 0 0 0 0 0 0 0 0 0 0 0 0 0 0 0 0 0 0 0 0 0 0 0 0 0 0 0 0 0 0 0 0 0 0 0 0 0 0 0 0 0 0 0 0 0 0 0 0 0 0 0 0 0 0 0 0 0 0 0 0 0 0 0 0 0 0 0 0 0 0 0 0 0 0 0 0 0 0 0 0 0 0 0 0 0 0 0 0 0 0 0 0 0 0 0 0 0 0 0 0 0 0 0 0 0 0 0 0 0 0 0 0 0 0 0 0 0 0 0 0 0 0 0 0 0 0 0 0 0 0 0 0 0 0 0 0 0 0 0 0 0 0 0 0 0 0 0 0 0 0 0 0 0 0 0 0 0 0 0 0 0 0 0 0 0 0 0 0 0 0 0 0 0 0 0 0 0 0 0 0 0 0 0 0 0 0 0 0 0 0 0 0 0 0 0 0 0 0 0 0 0 0 0 0 0 0 0 0 0 0 0 0 0 0 0 0 0 0 0 0 0 0 0 0 0 0 0 0 0 0 0 0 0 0 0 0 0 0 0 0 0 0 0 0 0 0 0 0 0 0 0 0 0 0 0 0 0 0 0 0 0 0 0 0 0 0 0 0 0 0 0 0 0 0 0 0 0 0 0 0 0 0 0 0 0 0 0 0 0 0 0 0 0 0 0 0 0 0 0 0 0 0 0 0 0 0 0 0 0 0 0 0 0 0 0 0 0 0 0 0 0 0 0 0 0 0 0 0 0 0 0 0 0 0 0 0 0 0 0 0 0 0 0 0 0 0 0 0 0 0 0 0 0 0 0 0 0 0 0 0 0 0 0 0 0 0 0 0 0 0 0 0 0 0 0 0 0 0 0 0 0 0 0 0 0 0 0 0 0 0 0 0 0 0 0 0 0 0 0 0 0 0 0 0 0 0 0 0 0 0 0 0 0 0 0 0 0 0 0 0 0 0 0 0 0 0 0 0 0 0 0 0 0 0 0 0 0 0 0 0 0 0 0 0 0 0 0 0 0 0 0 0 0 0 0 0 0 0 0 0 0 0 0 0 0 0 0 0 0 0 0 0 0 0 0 0 0 0 0 0 0 0 0 0 0 0 0 0 0 0 0 0 0 0 0 0 0 0 0 0 0 0 0 0 0 0 0 0 0 0 0 0 0 0 0 0 0 0 0 0 0 0 0 0 0 0 0 0 0 0 0 0 0 0 0 0 0 0 0 0 0 0 0 0 0 0 0 0 0 0 0 0 0 0 0 0 0 0 0 0 0 0 0 0 0 0 0 0 0 0 0 0 0 0 0 0 0 0 0 0 0 0 0 0 0 0 0 0 0 0 0 0 0 0 0 0 0 0 0 0 0 0 0 0 0 0 0 0 0 0 0 0 0 0 0 0 0 0 0 0 0 0 0 0 0 0 0 0 0 0 0 0 0 0 0 0 0 0 0 0 0 0 0 0 0 0 0 0 0 0 0 0 0 0 0 0 0 0 0 0 0 0 0 0 0 0 0 0 0 0 0 0 0 0 0 0 0 0 0 0 0 0 0 0 0 0 0 0 0 0 0 0 0 0 0 0 0 0 0 0 0 0 0 0 0 0 0 0 0 0 0 0 0 0 0 0 0 0 0 0 0 0 0 0 0 0 0 0 0 0 0 0 0 0 0 0 0 0 0 0 0 0 0 0 0 0 0 0 0 0 0 0 0 0 0 0 0 0 0 0 0 0 0 0 0 0 0 0 0 0 0 0 0 0 0 0 0 0 0 0 0 0 0 0 0 0 0 0 0 0 0 0 0 0 0 0 0 0 0 0 0 0 0 0 0 0 0 0 0 0 0 0 0 0 0 0 0 0 0 0 0 0 0 0 0 0 0 0 0 0 0 0 0 0 0 0 0 0 0 0 0 0 0 0 0 0 0 0 0 0 0 0 0 0 0 0 0 0 0 0 0 0 0 0 0 0 0 0 0 0 0 0 0 0 0 0 0 0 0 0 0 0 0 0 0 0 0 0 0 0 0 0 0 0 0 0 0 0 0 0 0 0 0 0 0 0 0 0 0 0 0 0 0 0 0 0 0 0 0 0 0 0 0 0 0 0 0 0 0 0 0 0 0 0 0 0 0 0 0 0 0 0 0 0 0 0 0 0 0 0 0 0 0 0 0 0 0 0 0 0 0 0 0 0 0 0 0 0 0 0 0 0 0 0 0 0 0 0 0 0 0 0 0 0 0 0 0 0 0 0 0 0 0 0 0 0 0 0 0 0 0 0 0 0 0 0 0 0 0 0 0 0 0 0 0 0 0 0 0 0 0 0 0 0 0 0 0 0 0 0 0 0 0 0 0 0 0 0 0 0 0 0 0 0 0 0 0 0 0 0 0 0 0 0 0 0 0 0 0 0 0 0 0 0 0 0 0 0 0 0 0 0 0 0 0 0 0 0 0 0 0 0 0 0 0 0 0 0 0 0 0 0 0 0 0 0 0 0 0 0 0 0 0 0 0 0 0 0 0 0 0 0 0 0 0 0 0 0 0 0 0 0 0 0 0 0 0 0 0 0 0 0 0 0 0 0 0 0 0 0 0 0 0 0 0 0 0 0 0 0 0 0 0 0 0 0 0 0 0 0 0 0 0 0 0 0 0 0 0 0 0 0 0 0 0 0 0 0 0 0 0 0 0 0 0 0 0 0 0 0 0 0 0 0 0 0 0 0 0 0 0 0 0 0 0 0 0 0 0 0 0 0 0 0 0 0 0 0 0 0 0 0 0 0 0 0 0 0 0 0 0 0 0 0 0 0 0 0 0 0 0 0 0 0 0 0 0 0 0 0 0 0 0 0 0 0 0 0 0 0 0 0 0 0 0 0 0 0 0 0 0 0 0 0 0 0 0 0 0 0 0 0 0 0 0 0 0 0 0 0 0 0 0 0 0 0 0 0
ctxt 8340916
btime 1613064757
processes 182268
procs_running 1
procs_blocked 0
softirq 135309883 1 81313562 1940 1604030 0 0 179 4252559 0 48137612
