cpu  5166607 4 7978 6606602 416 0 836 0 0 0
cpu0 143360 1 327 183368 0 0 145 0 0 0
cpu1 143494 0 303 183452 1 0 12 0 0 0
cpu2 143848 0 421 182906 79 0 19 0 0 0
cpu3 143492 0 172 183613 1 0 13 0 0 0
cpu4 143446 0 182 183667 0 0 5 0 0 0
cpu5 143486 0 122 183694 0 0 2 0 0 0
cpu6 143525 0 221 183454 72 0 22 0 0 0
cpu7 143506 0 243 183516 3 0 16 0 0 0
cpu8 143512 0 203 183566 6 0 6 0 0 0
cpu9 143481 0 221 183589 1 0 7 0 0 0
cpu10 143474 0 235 183572 5 0 12 0 0 0
cpu11 143524 0 190 183568 2 0 6 0 0 0
cpu12 142910 0 726 183523 4 0 123 0 0 0
cpu13 143456 0 268 183538 1 0 19 0 0 0
cpu14 143830 0 308 183144 8 0 6 0 0 0
cpu15 143558 0 185 183548 2 0 2 0 0 0
cpu16 143339 0 264 183667 0 0 25 0 0 0
cpu17 143514 0 101 183651 22 0 3 0 0 0
cpu18 143448 0 172 183648 13 0 9 0 0 0
cpu19 143768 0 148 183368 9 0 4 0 0 0
cpu20 143493 0 228 183518 45 0 3 0 0 0
cpu21 143556 0 78 183643 10 0 1 0 0 0
cpu22 143583 0 140 183514 50 0 2 0 0 0
cpu23 143582 0 120 183584 4 0 2 0 0 0
cpu24 143636 0 106 183550 1 0 0 0 0 0
cpu25 143505 0 192 183588 1 0 1 0 0 0
cpu26 143406 0 346 183487 13 0 41 0 0 0
cpu27 143532 0 132 183620 4 0 2 0 0 0
cpu28 143516 0 154 183614 4 0 4 0 0 0
cpu29 143104 0 385 183524 2 0 268 0 0 0
cpu30 143579 0 180 183525 3 0 2 0 0 0
cpu31 143561 0 200 183508 14 0 11 0 0 0
cpu32 143584 0 159 183551 1 0 2 0 0 0
cpu33 143937 0 156 183190 2 0 2 0 0 0
cpu34 143440 0 260 183551 8 0 20 0 0 0
cpu35 143609 0 116 183565 7 0 1 0 0 0
intr 14524395 56 0 0 0 611 0 0 0 1 0 250 0 0 0 0 0 0 0 0 0 0 0 0 0 0 0 0 0 0 0 0 93 163 59 9804 100 3011 47 3146 299 284 149 299 129 399 267 321 341 139 500 2537 551 3404 859 1775 304 0 0 0 0 68 87 350 207 325 880 166 490 81 104 382 609 0 0 16 10404 1287 0 5273 301 592 64 765 608 38 488 300 287 445 1132 14642 7747 1064 350 732 43 711 231 215 43 217 204 97 486 1532 234 455 36662 88 228 251 103 4221 1691 0 16 7549 1 0 0 0 0 0 0 0 0 0 0 0 0 0 0 0 0 0 0 0 0 0 0 0 0 0 0 0 0 0 0 0 0 0 0 0 0 0 25 0 0 0 0 0 0 0 0 0 0 0 0 0 0 0 0 0 0 0 0 0 0 0 0 0 0 0 0 0 0 0 0 0 0 0 0 0 0 0 0 0 0 0 0 0 0 0 0 0 0 0 0 0 0 0 0 0 0 0 0 0 0 0 0 0 0 0 0 0 0 0 0 0 0 0 0 0 0 0 0 0 0 0 0 0 0 0 0 0 0 0 0 0 0 0 0 0 0 0 0 0 0 0 0 0 0 0 0 0 0 0 0 0 0 0 0 0 0 0 0 0 0 0 0 0 0 0 0 0 0 0 0 0 0 0 0 0 0 0 0 0 0 0 0 0 0 0 0 0 0 0 0 0 0 0 0 0 0 0 0 0 0 0 0 0 0 0 0 0 0 0 0 0 0 0 0 0 0 0 0 0 0 0 0 0 0 0 0 0 0 0 0 0 0 0 0 0 0 0 0 0 0 0 0 0 0 0 0 0 0 0 0 0 0 0 0 0 0 0 0 0 0 0 0 0 0 0 0 0 0 0 0 0 0 0 0 0 0 0 0 0 0 0 0 0 0 0 0 0 0 0 0 0 0 0 0 0 0 0 0 0 0 0 0 0 0 0 0 0 0 0 0 0 0 0 0 0 0 0 0 0 0 0 0 0 0 0 0 0 0 0 0 0 0 0 0 0 0 0 0 0 0 0 0 0 0 0 0 0 0 0 0 0 0 0 0 0 0 0 0 0 0 0 0 0 0 0 0 0 0 0 0 0 0 0 0 0 0 0 0 0 0 0 0 0 0 0 0 0 0 0 0 0 0 0 0 0 0 0 0 0 0 0 0 0 0 0 0 0 0 0 0 0 0 0 0 0 0 0 0 0 0 0 0 0 0 0 0 0 0 0 0 0 0 0 0 0 0 0 0 0 0 0 0 0 0 0 0 0 0 0 0 0 0 0 0 0 0 0 0 0 0 0 0 0 0 0 0 0 0 0 0 0 0 0 0 0 0 0 0 0 0 0 0 0 0 0 0 0 0 0 0 0 0 0 0 0 0 0 0 0 0 0 0 0 0 0 0 0 0 0 0 0 0 0 0 0 0 0 0 0 0 0 0 0 0 0 0 0 0 0 0 0 0 0 0 0 0 0 0 0 0 0 0 0 0 0 0 0 0 0 0 0 0 0 0 0 0 0 0 0 0 0 0 0 0 0 0 0 0 0 0 0 0 0 0 0 0 0 0 0 0 0 0 0 0 0 0 0 0 0 0 0 0 0 0 0 0 0 0 0 0 0 0 0 0 0 0 0 0 0 0 0 0 0 0 0 0 0 0 0 0 0 0 0 0 0 0 0 0 0 0 0 0 0 0 0 0 0 0 0 0 0 0 0 0 0 0 0 0 0 0 0 0 0 0 0 0 0 0 0 0 0 0 0 0 0 0 0 0 0 0 0 0 0 0 0 0 0 0 0 0 0 0 0 0 0 0 0 0 0 0 0 0 0 0 0 0 0 0 0 0 0 0 0 0 0 0 0 0 0 0 0 0 0 0 0 0 0 0 0 0 0 0 0 0 0 0 0 0 0 0 0 0 0 0 0 0 0 0 0 0 0 0 0 0 0 0 0 0 0 0 0 0 0 0 0 0 0 0 0 0 0 0 0 0 0 0 0 0 0 0 0 0 0 0 0 0 0 0 0 0 0 0 0 0 0 0 0 0 0 0 0 0 0 0 0 0 0 0 0 0 0 0 0 0 0 0 0 0 0 0 0 0 0 0 0 0 0 0 0 0 0 0 0 0 0 0 0 0 0 0 0 0 0 0 0 0 0 0 0 0 0 0 0 0 0 0 0 0 0 0 0 0 0 0 0 0 0 0 0 0 0 0 0 0 0 0 0 0 0 0 0 0 0 0 0 0 0 0 0 0 0 0 0 0 0 0 0 0 0 0 0 0 0 0 0 0 0 0 0 0 0 0 0 0 0 0 0 0 0 0 0 0 0 0 0 0 0 0 0 0 0 0 0 0 0 0 0 0 0 0 0 0 0 0 0 0 0 0 0 0 0 0 0 0 0 0 0 0 0 0 0 0 0 0 0 0 0 0 0 0 0 0 0 0 0 0 0 0 0 0 0 0 0 0 0 0 0 0 0 0 0 0 0 0 0 0 0 0 0 0 0 0 0 0 0 0 0 0 0 0 0 0 0 0 0 0 0 0 0 0 0 0 0 0 0 0 0 0 0 0 0 0 0 0 0 0 0 0 0 0 0 0 0 0 0 0 0 0 0 0 0 0 0 0 0 0 0 0 0 0 0 0 0 0 0 0 0 0 0 0 0 0 0 0 0 0 0 0 0 0 0 0 0 0 0 0 0 0 0 0 0 0 0 0 0 0 0 0 0 0 0 0 0 0 0 0 0 0 0 0 0 0 0 0 0 0 0 0 0 0 0 0 0 0 0 0 0 0 0 0 0 0 0 0 0 0 0 0 0 0 0 0 0 0 0 0 0 0
ctxt 4167139
btime 1613124388
processes 100920
procs_running 1
procs_blocked 0
softirq 19048118 1 11040514 318 744317 0 0 80463 579348 0 6603157
