cpu  31153654 4 44662 7231646 497 0 4468 0 0 0
cpu0 864716 0 1730 200735 13 0 694 0 0 0
cpu1 867392 0 1376 198784 1 0 144 0 0 0
cpu2 863941 0 2112 200367 2 0 1175 0 0 0
cpu3 864362 0 2062 201114 4 0 101 0 0 0
cpu4 865369 0 1424 200739 44 0 63 0 0 0
cpu5 865733 0 1312 200528 29 0 30 0 0 0
cpu6 865143 0 1209 201191 16 0 60 0 0 0
cpu7 865238 0 1084 201248 13 0 49 0 0 0
cpu8 865310 0 1037 201183 72 0 34 0 0 0
cpu9 865156 0 1118 201291 2 0 77 0 0 0
cpu10 864644 0 1582 201248 4 0 162 0 0 0
cpu11 865366 0 1067 201152 0 0 46 0 0 0
cpu12 863351 0 2796 201150 9 0 318 0 0 0
cpu13 865419 0 1188 200929 1 0 95 0 0 0
cpu14 865187 0 1085 201329 2 0 32 0 0 0
cpu15 864476 0 1831 201088 5 0 238 0 0 0
cpu16 864443 0 1725 201254 2 0 208 0 0 0
cpu17 865187 0 1282 201113 7 0 32 0 0 0
cpu18 865900 0 1049 200666 4 0 15 0 0 0
cpu19 866860 0 1002 199666 48 0 30 0 0 0
cpu20 867025 0 1206 199320 2 0 53 0 0 0
cpu21 865571 0 1818 200135 2 0 80 0 0 0
cpu22 865416 0 1543 200566 62 0 42 0 0 0
cpu23 865808 0 823 200890 70 0 14 0 0 0
cpu24 865743 0 740 201061 4 0 80 0 0 0
cpu25 865564 0 884 201166 1 0 14 0 0 0
cpu26 865342 0 877 201337 0 0 75 0 0 0
cpu27 865219 0 974 201316 1 0 121 0 0 0
cpu28 865566 0 876 201154 1 0 31 0 0 0
cpu29 865736 0 567 201305 0 0 20 0 0 0
cpu30 865722 0 724 201160 10 0 13 0 0 0
cpu31 866123 0 474 201001 1 0 29 0 0 0
cpu32 865678 2 640 201282 8 0 10 0 0 0
cpu33 865678 0 806 201046 20 0 61 0 0 0
cpu34 864903 0 1457 201100 19 0 136 0 0 0
cpu35 865353 0 1168 201011 2 0 72 0 0 0
intr 85877348 56 0 0 0 614 0 0 0 1 0 263 0 0 0 0 0 0 0 0 0 0 0 0 0 0 0 0 0 0 0 0 0 742 197 614 522 4765 2539 731 413 3010 1162 175 127 2538 286 672 379 670 480 298 6192 838 265 2206 3248 0 0 0 0 389 128 471 476 70 128 614 119 1020 1858 1372 359 93 0 16 16483 4199 0 21839 1210 209983 2708 719 1062 1458 1953 2029 1597 1684 2129 93304 9454 4022 3544 2748 1111 2112 723 5790 5385 628 1337 479 786 3153 1583 1596 3232 974 919 1830 2448 1931 1567 0 18 8001 1 0 0 0 0 0 0 0 0 0 0 0 0 0 0 0 0 0 0 0 0 0 0 0 0 0 0 0 0 0 0 0 0 0 0 0 0 0 21 0 0 0 0 0 0 0 0 0 0 0 0 0 0 0 0 0 0 0 0 0 0 0 0 0 0 0 0 0 0 0 0 0 0 0 0 0 0 0 0 0 0 0 0 0 0 0 0 0 0 0 0 0 0 0 0 0 0 0 0 0 0 0 0 0 0 0 0 0 0 0 0 0 0 0 0 0 0 0 0 0 0 0 0 0 0 0 0 0 0 0 0 0 0 0 0 0 0 0 0 0 0 0 0 0 0 0 0 0 0 0 0 0 0 0 0 0 0 0 0 0 0 0 0 0 0 0 0 0 0 0 0 0 0 0 0 0 0 0 0 0 0 0 0 0 0 0 0 0 0 0 0 0 0 0 0 0 0 0 0 0 0 0 0 0 0 0 0 0 0 0 0 0 0 0 0 0 0 0 0 0 0 0 0 0 0 0 0 0 0 0 0 0 0 0 0 0 0 0 0 0 0 0 0 0 0 0 0 0 0 0 0 0 0 0 0 0 0 0 0 0 0 0 0 0 0 0 0 0 0 0 0 0 0 0 0 0 0 0 0 0 0 0 0 0 0 0 0 0 0 0 0 0 0 0 0 0 0 0 0 0 0 0 0 0 0 0 0 0 0 0 0 0 0 0 0 0 0 0 0 0 0 0 0 0 0 0 0 0 0 0 0 0 0 0 0 0 0 0 0 0 0 0 0 0 0 0 0 0 0 0 0 0 0 0 0 0 0 0 0 0 0 0 0 0 0 0 0 0 0 0 0 0 0 0 0 0 0 0 0 0 0 0 0 0 0 0 0 0 0 0 0 0 0 0 0 0 0 0 0 0 0 0 0 0 0 0 0 0 0 0 0 0 0 0 0 0 0 0 0 0 0 0 0 0 0 0 0 0 0 0 0 0 0 0 0 0 0 0 0 0 0 0 0 0 0 0 0 0 0 0 0 0 0 0 0 0 0 0 0 0 0 0 0 0 0 0 0 0 0 0 0 0 0 0 0 0 0 0 0 0 0 0 0 0 0 0 0 0 0 0 0 0 0 0 0 0 0 0 0 0 0 0 0 0 0 0 0 0 0 0 0 0 0 0 0 0 0 0 0 0 0 0 0 0 0 0 0 0 0 0 0 0 0 0 0 0 0 0 0 0 0 0 0 0 0 0 0 0 0 0 0 0 0 0 0 0 0 0 0 0 0 0 0 0 0 0 0 0 0 0 0 0 0 0 0 0 0 0 0 0 0 0 0 0 0 0 0 0 0 0 0 0 0 0 0 0 0 0 0 0 0 0 0 0 0 0 0 0 0 0 0 0 0 0 0 0 0 0 0 0 0 0 0 0 0 0 0 0 0 0 0 0 0 0 0 0 0 0 0 0 0 0 0 0 0 0 0 0 0 0 0 0 0 0 0 0 0 0 0 0 0 0 0 0 0 0 0 0 0 0 0 0 0 0 0 0 0 0 0 0 0 0 0 0 0 0 0 0 0 0 0 0 0 0 0 0 0 0 0 0 0 0 0 0 0 0 0 0 0 0 0 0 0 0 0 0 0 0 0 0 0 0 0 0 0 0 0 0 0 0 0 0 0 0 0 0 0 0 0 0 0 0 0 0 0 0 0 0 0 0 0 0 0 0 0 0 0 0 0 0 0 0 0 0 0 0 0 0 0 0 0 0 0 0 0 0 0 0 0 0 0 0 0 0 0 0 0 0 0 0 0 0 0 0 0 0 0 0 0 0 0 0 0 0 0 0 0 0 0 0 0 0 0 0 0 0 0 0 0 0 0 0 0 0 0 0 0 0 0 0 0 0 0 0 0 0 0 0 0 0 0 0 0 0 0 0 0 0 0 0 0 0 0 0 0 0 0 0 0 0 0 0 0 0 0 0 0 0 0 0 0 0 0 0 0 0 0 0 0 0 0 0 0 0 0 0 0 0 0 0 0 0 0 0 0 0 0 0 0 0 0 0 0 0 0 0 0 0 0 0 0 0 0 0 0 0 0 0 0 0 0 0 0 0 0 0 0 0 0 0 0 0 0 0 0 0 0 0 0 0 0 0 0 0 0 0 0 0 0 0 0 0 0 0 0 0 0 0 0 0 0 0 0 0 0 0 0 0 0 0 0 0 0 0 0 0 0 0 0 0 0 0 0 0 0 0 0 0 0 0 0 0 0 0 0 0 0 0 0 0 0 0 0 0 0 0 0 0 0 0 0 0 0 0 0 0 0 0 0 0 0 0 0 0 0 0 0 0 0 0 0 0 0 0 0 0 0 0 0 0 0 0 0 0 0 0 0 0 0 0 0 0 0 0 0 0 0 0 0 0 0 0 0 0 0 0 0 0 0 0 0 0 0 0 0 0 0 0 0 0 0 0 0 0 0 0 0 0 0 0 0 0 0 0 0 0 0 0 0 0 0 0 0 0 0 0 0 0 0 0 0 0 0 0 0 0 0 0 0 0 0 0 0 0 0 0 0 0 0 0 0 0 0 0 0 0 0 0 0
ctxt 22353715
btime 1613124388
processes 561727
procs_running 1
procs_blocked 0
softirq 112107798 1 64840392 889 4231196 0 0 396742 2902337 0 39736241
