cpu  28049810 4 53777 7058551 515 0 4309 0 0 0
cpu0 778718 0 1474 196123 9 0 810 0 0 0
cpu1 777878 0 2761 196115 1 0 119 0 0 0
cpu2 778563 0 1905 196328 2 0 54 0 0 0
cpu3 779258 0 1061 196419 17 0 102 0 0 0
cpu4 778623 0 1678 196490 2 0 71 0 0 0
cpu5 779140 0 1268 196413 2 0 40 0 0 0
cpu6 778810 0 1820 196165 1 0 59 0 0 0
cpu7 779444 0 1031 196324 5 0 49 0 0 0
cpu8 779209 0 1546 196049 6 0 46 0 0 0
cpu9 777092 0 3181 196419 9 0 161 0 0 0
cpu10 778799 0 1682 196237 4 0 127 0 0 0
cpu11 778441 0 2200 196092 2 0 104 0 0 0
cpu12 779839 0 987 195939 11 0 68 0 0 0
cpu13 777973 0 2669 196161 4 0 46 0 0 0
cpu14 777253 0 3716 195661 4 0 211 0 0 0
cpu15 780211 0 2232 194350 14 0 41 0 0 0
cpu16 778266 0 2354 196047 2 0 172 0 0 0
cpu17 779044 0 1411 196310 2 0 84 0 0 0
cpu18 779877 0 559 196348 51 0 22 0 0 0
cpu19 779521 0 944 196256 4 0 124 0 0 0
cpu20 779520 0 986 196264 41 0 42 0 0 0
cpu21 779546 0 812 196405 42 0 59 0 0 0
cpu22 779790 0 534 196441 58 0 30 0 0 0
cpu23 778838 0 1497 196482 10 0 16 0 0 0
cpu24 779853 0 824 196136 0 0 35 0 0 0
cpu25 779740 0 602 196496 0 0 16 0 0 0
cpu26 779886 0 573 196365 1 0 28 0 0 0
cpu27 779332 0 1123 196363 0 0 34 0 0 0
cpu28 777356 0 2046 196317 0 0 1130 0 0 0
cpu29 779629 0 1095 196058 16 0 35 0 0 0
cpu30 779766 0 792 196253 2 0 27 0 0 0
cpu31 779891 0 1162 195735 4 0 49 0 0 0
cpu32 780118 1 1772 194887 7 0 65 0 0 0
cpu33 780388 2 1045 195303 7 0 99 0 0 0
cpu34 781163 0 902 194606 122 0 38 0 0 0
cpu35 779021 0 1518 196179 34 0 82 0 0 0
intr 77262592 56 0 0 0 609 0 0 0 1 0 257 0 0 0 0 0 0 0 0 0 0 0 0 0 0 0 0 0 0 0 0 92 580 46 395 175 311 430 182 1489 468 825 459 338 779 728 449 579 812 526 1675 226 2547 1527 2844 1532 0 0 0 0 19 187 499 14 1137 679 304 628 663 538 10319 3606 0 0 16 11826 2 0 21839 1084 4003 1783 4579 2231 7285 1986 2026 5471 2605 3989 1507 1709 1638 4089 8227 2458 2850 7327 6646 4734 887 1488 2016 763 1957 1852 229320 7439 2941 3629 1655 2260 4228 2960 0 17 7894 1 0 0 0 0 0 0 0 0 0 0 0 0 0 0 0 0 0 0 0 0 0 0 0 0 0 0 0 0 0 0 0 0 0 0 0 0 0 22 0 0 0 0 0 0 0 0 0 0 0 0 0 0 0 0 0 0 0 0 0 0 0 0 0 0 0 0 0 0 0 0 0 0 0 0 0 0 0 0 0 0 0 0 0 0 0 0 0 0 0 0 0 0 0 0 0 0 0 0 0 0 0 0 0 0 0 0 0 0 0 0 0 0 0 0 0 0 0 0 0 0 0 0 0 0 0 0 0 0 0 0 0 0 0 0 0 0 0 0 0 0 0 0 0 0 0 0 0 0 0 0 0 0 0 0 0 0 0 0 0 0 0 0 0 0 0 0 0 0 0 0 0 0 0 0 0 0 0 0 0 0 0 0 0 0 0 0 0 0 0 0 0 0 0 0 0 0 0 0 0 0 0 0 0 0 0 0 0 0 0 0 0 0 0 0 0 0 0 0 0 0 0 0 0 0 0 0 0 0 0 0 0 0 0 0 0 0 0 0 0 0 0 0 0 0 0 0 0 0 0 0 0 0 0 0 0 0 0 0 0 0 0 0 0 0 0 0 0 0 0 0 0 0 0 0 0 0 0 0 0 0 0 0 0 0 0 0 0 0 0 0 0 0 0 0 0 0 0 0 0 0 0 0 0 0 0 0 0 0 0 0 0 0 0 0 0 0 0 0 0 0 0 0 0 0 0 0 0 0 0 0 0 0 0 0 0 0 0 0 0 0 0 0 0 0 0 0 0 0 0 0 0 0 0 0 0 0 0 0 0 0 0 0 0 0 0 0 0 0 0 0 0 0 0 0 0 0 0 0 0 0 0 0 0 0 0 0 0 0 0 0 0 0 0 0 0 0 0 0 0 0 0 0 0 0 0 0 0 0 0 0 0 0 0 0 0 0 0 0 0 0 0 0 0 0 0 0 0 0 0 0 0 0 0 0 0 0 0 0 0 0 0 0 0 0 0 0 0 0 0 0 0 0 0 0 0 0 0 0 0 0 0 0 0 0 0 0 0 0 0 0 0 0 0 0 0 0 0 0 0 0 0 0 0 0 0 0 0 0 0 0 0 0 0 0 0 0 0 0 0 0 0 0 0 0 0 0 0 0 0 0 0 0 0 0 0 0 0 0 0 0 0 0 0 0 0 0 0 0 0 0 0 0 0 0 0 0 0 0 0 0 0 0 0 0 0 0 0 0 0 0 0 0 0 0 0 0 0 0 0 0 0 0 0 0 0 0 0 0 0 0 0 0 0 0 0 0 0 0 0 0 0 0 0 0 0 0 0 0 0 0 0 0 0 0 0 0 0 0 0 0 0 0 0 0 0 0 0 0 0 0 0 0 0 0 0 0 0 0 0 0 0 0 0 0 0 0 0 0 0 0 0 0 0 0 0 0 0 0 0 0 0 0 0 0 0 0 0 0 0 0 0 0 0 0 0 0 0 0 0 0 0 0 0 0 0 0 0 0 0 0 0 0 0 0 0 0 0 0 0 0 0 0 0 0 0 0 0 0 0 0 0 0 0 0 0 0 0 0 0 0 0 0 0 0 0 0 0 0 0 0 0 0 0 0 0 0 0 0 0 0 0 0 0 0 0 0 0 0 0 0 0 0 0 0 0 0 0 0 0 0 0 0 0 0 0 0 0 0 0 0 0 0 0 0 0 0 0 0 0 0 0 0 0 0 0 0 0 0 0 0 0 0 0 0 0 0 0 0 0 0 0 0 0 0 0 0 0 0 0 0 0 0 0 0 0 0 0 0 0 0 0 0 0 0 0 0 0 0 0 0 0 0 0 0 0 0 0 0 0 0 0 0 0 0 0 0 0 0 0 0 0 0 0 0 0 0 0 0 0 0 0 0 0 0 0 0 0 0 0 0 0 0 0 0 0 0 0 0 0 0 0 0 0 0 0 0 0 0 0 0 0 0 0 0 0 0 0 0 0 0 0 0 0 0 0 0 0 0 0 0 0 0 0 0 0 0 0 0 0 0 0 0 0 0 0 0 0 0 0 0 0 0 0 0 0 0 0 0 0 0 0 0 0 0 0 0 0 0 0 0 0 0 0 0 0 0 0 0 0 0 0 0 0 0 0 0 0 0 0 0 0 0 0 0 0 0 0 0 0 0 0 0 0 0 0 0 0 0 0 0 0 0 0 0 0 0 0 0 0 0 0 0 0 0 0 0 0 0 0 0 0 0 0 0 0 0 0 0 0 0 0 0 0 0 0 0 0 0 0 0 0 0 0 0 0 0 0 0 0 0 0 0 0 0 0 0 0 0 0 0 0 0 0 0 0 0 0 0 0 0 0 0 0 0 0 0 0 0 0 0 0 0 0 0 0 0 0 0 0 0 0 0 0 0 0 0 0 0 0 0 0 0 0 0 0 0 0 0 0 0 0 0 0 0 0 0 0 0 0 0 0 0 0 0 0 0 0 0 0 0 0 0 0 0 0 0 0 0 0 0 0 0 0 0 0 0 0 0 0 0 0 0 0 0 0 0 0 0 0 0 0 0 0 0 0 0 0 0
ctxt 19765651
btime 1613124388
processes 494302
procs_running 1
procs_blocked 0
softirq 100094977 1 57904401 838 3740871 0 0 361110 2623683 0 35464073
