cpu  24476803 5 43928 25665830 413 0 3748 0 0 0
cpu0 189532 0 2452 199529 0 0 352 0 0 0
cpu1 191435 0 110 200531 0 0 14 0 0 0
cpu2 191434 0 147 200545 16 0 0 0 0 0
cpu3 190162 0 386 201521 3 0 26 0 0 0
cpu4 189801 0 1890 200246 0 0 165 0 0 0
cpu5 191470 0 104 200570 7 0 0 0 0 0
cpu6 191412 0 114 200615 0 0 5 0 0 0
cpu7 191135 0 165 200815 0 0 16 0 0 0
cpu8 190151 0 1443 200363 10 0 168 0 0 0
cpu9 191402 0 83 200655 0 0 0 0 0 0
cpu10 191372 0 81 200690 0 0 0 0 0 0
cpu11 191273 0 149 200700 0 0 10 0 0 0
cpu12 190278 0 1214 200502 0 0 109 0 0 0
cpu13 191465 0 78 200598 0 0 0 0 0 0
cpu14 191424 0 81 200640 0 0 2 0 0 0
cpu15 191411 0 141 200591 0 0 7 0 0 0
cpu16 191023 0 1406 199517 1 0 186 0 0 0
cpu17 191456 0 67 200614 1 0 0 0 0 0
cpu18 191161 0 101 200861 0 0 2 0 0 0
cpu19 191366 0 99 200659 0 0 2 0 0 0
cpu20 190394 0 1299 200312 0 0 118 0 0 0
cpu21 191407 0 106 200542 1 0 41 0 0 0
cpu22 191324 0 85 200726 0 0 3 0 0 0
cpu23 191446 0 80 200609 0 0 0 0 0 0
cpu24 190518 0 1136 200264 0 0 135 0 0 0
cpu25 191456 0 80 200601 0 0 0 0 0 0
cpu26 191510 0 80 200540 0 0 0 0 0 0
cpu27 191270 0 82 200773 0 0 4 0 0 0
cpu28 190395 1 1123 200488 0 0 128 0 0 0
cpu29 191458 0 82 200593 0 0 0 0 0 0
cpu30 191423 0 74 200638 1 0 0 0 0 0
cpu31 191456 0 78 200600 0 0 0 0 0 0
cpu32 190380 0 1116 200533 1 0 93 0 0 0
cpu33 191452 0 83 200599 0 0 0 0 0 0
cpu34 191482 0 75 200574 0 0 0 0 0 0
cpu35 191310 0 184 200615 0 0 23 0 0 0
cpu36 190343 0 1395 200244 4 0 137 0 0 0
cpu37 191467 0 79 200587 0 0 0 0 0 0
cpu38 191498 0 69 200568 0 0 0 0 0 0
cpu39 191273 0 95 200759 0 0 3 0 0 0
cpu40 190504 0 1255 200213 1 0 142 0 0 0
cpu41 191468 0 87 200575 0 0 0 0 0 0
cpu42 191419 0 73 200634 0 0 2 0 0 0
cpu43 191310 0 158 200644 0 0 15 0 0 0
cpu44 190635 0 1000 200366 5 0 115 0 0 0
cpu45 191455 0 72 200599 0 0 1 0 0 0
cpu46 191446 0 75 200607 0 0 0 0 0 0
cpu47 191431 0 94 200600 1 0 3 0 0 0
cpu48 190589 0 1002 200410 0 0 120 0 0 0
cpu49 191459 0 72 200593 1 0 2 0 0 0
cpu50 191410 0 66 200653 0 0 0 0 0 0
cpu51 191415 0 108 200600 0 0 0 0 0 0
cpu52 190743 0 1025 200250 1 0 85 0 0 0
cpu53 191481 0 66 200563 8 0 0 0 0 0
cpu54 191445 0 61 200613 1 0 0 0 0 0
cpu55 191420 0 99 200603 1 0 5 0 0 0
cpu56 190576 0 1099 200327 1 0 115 0 0 0
cpu57 191474 0 74 200582 0 0 0 0 0 0
cpu58 191374 0 96 200648 0 0 0 0 0 0
cpu59 191173 0 357 200564 0 0 33 0 0 0
cpu60 190471 0 1351 200152 1 0 125 0 0 0
cpu61 191473 0 80 200575 0 0 0 0 0 0
cpu62 191223 0 92 200797 0 0 5 0 0 0
cpu63 191396 0 132 200589 0 0 4 0 0 0
cpu64 190992 0 1186 199819 20 0 78 0 0 0
cpu65 191468 0 78 200564 5 0 0 0 0 0
cpu66 191261 0 92 200765 1 0 2 0 0 0
cpu67 191268 0 228 200610 2 0 8 0 0 0
cpu68 190933 2 898 200204 24 0 51 0 0 0
cpu69 191456 0 74 200583 0 0 0 0 0 0
cpu70 191464 0 78 200579 0 0 0 0 0 0
cpu71 191382 0 129 200602 1 0 6 0 0 0
cpu72 191206 0 916 199580 165 0 224 0 0 0
cpu73 191445 0 81 200595 1 0 0 0 0 0
cpu74 191443 0 78 200598 0 0 0 0 0 0
cpu75 191437 0 96 200579 3 0 0 0 0 0
cpu76 191785 0 718 199581 1 0 31 0 0 0
cpu77 191442 0 74 200607 0 0 0 0 0 0
cpu78 191448 0 72 200599 0 0 0 0 0 0
cpu79 191350 0 165 200591 1 0 10 0 0 0
cpu80 191044 0 761 200225 8 0 76 0 0 0
cpu81 191459 0 82 200585 0 0 0 0 0 0
cpu82 191419 0 79 200618 0 0 2 0 0 0
cpu83 191448 0 66 200599 0 0 0 0 0 0
cpu84 190694 0 855 200483 1 0 62 0 0 0
cpu85 191456 0 81 200575 0 0 0 0 0 0
cpu86 191490 0 68 200554 0 0 0 0 0 0
cpu87 191337 0 102 200662 0 0 3 0 0 0
cpu88 190882 0 717 200443 0 0 69 0 0 0
cpu89 191437 0 81 200594 0 0 0 0 0 0
cpu90 191482 0 77 200553 0 0 0 0 0 0
cpu91 191453 0 73 200584 0 0 1 0 0 0
cpu92 190881 0 828 200337 0 0 59 0 0 0
cpu93 191465 0 72 200567 1 0 0 0 0 0
cpu94 191428 0 80 200598 0 0 0 0 0 0
cpu95 191444 0 77 200583 3 0 0 0 0 0
cpu96 190812 0 747 200500 1 0 46 0 0 0
cpu97 191456 0 84 200566 0 0 0 0 0 0
cpu98 191470 0 83 200556 0 0 0 0 0 0
cpu99 191322 0 174 200590 0 0 18 0 0 0
cpu100 190893 0 807 200344 0 0 58 0 0 0
cpu101 191460 0 78 200575 0 0 0 0 0 0
cpu102 191422 0 82 200601 2 0 0 0 0 0
cpu103 191459 0 75 200568 0 0 0 0 0 0
cpu104 191072 0 768 200184 0 0 61 0 0 0
cpu105 191464 0 76 200565 0 0 0 0 0 0
cpu106 191450 0 76 200577 0 0 0 0 0 0
cpu107 191431 0 88 200581 0 0 0 0 0 0
cpu108 191200 0 548 200275 35 0 43 0 0 0
cpu109 191462 0 74 200564 0 0 0 0 0 0
cpu110 191438 0 96 200549 11 0 0 0 0 0
cpu111 191430 0 78 200594 0 0 2 0 0 0
cpu112 190929 0 702 200411 4 0 54 0 0 0
cpu113 191465 0 84 200516 1 0 0 0 0 0
cpu114 191496 0 66 200538 1 0 0 0 0 0
cpu115 191437 0 83 200572 0 0 0 0 0 0
cpu116 191092 0 710 200233 2 0 52 0 0 0
cpu117 191454 0 90 200548 0 0 0 0 0 0
cpu118 191492 0 72 200536 0 0 0 0 0 0
cpu119 191288 0 132 200671 0 0 7 0 0 0
cpu120 191014 0 676 200350 4 0 47 0 0 0
cpu121 191467 0 75 200556 0 0 0 0 0 0
cpu122 191276 0 116 200694 0 0 0 0 0 0
cpu123 190884 0 561 200571 0 0 77 0 0 0
cpu124 191051 0 854 200135 3 0 41 0 0 0
cpu125 191463 0 112 200487 0 0 0 0 0 0
cpu126 191456 0 102 200535 0 0 0 0 0 0
cpu127 191436 0 140 200520 0 0 1 0 0 0
intr 67547601 133 0 0 0 680 0 0 0 1 0 272 0 0 0 0 0 0 0 0 0 0 0 0 0 0 0 0 0 0 0 0 0 0 0 0 260 0 754 150 8 12292 3882 0 4 1020 452 0 0 3396 641 1 0 2363 115 3 41 1218 1121 46029 7 633 1061 0 0 298 773 54 0 0 16 1 12 2545 962 3 0 92 221 15 64 3675 297 0 28 1570 422 410 0 432 19 0 117 3817 43 0 15 4805 327 2 0 790 8062 40 0 4049 4831 0 0 1859 9908 0 1 1420 10 2 0 2478 3830 0 0 362 54 0 0 1825 9 8 0 0 12 0 0 5 1339 0 0 1327 373 1 0 115 67 0 0 717 2 16 0 1101 16 0 0 0 56 0 0 0 0 0 0 0 0 0 0 0 0 1894 889 13589 159 377 560 45 53 22 1669 190 252 13 153 59 130 122 2 9 3142 324 120 146 172 260 3913 82 7 14 2 478 226 4 34 0 0 0 0 0 0 0 0 0 0 0 0 0 0 0 0 21 7 3 177 18 0 0 2 3 4 11 3 0 4 49 51 10 29 9 13 53 20 14 3 6 9 5 1 14 8 4 67 4 285 4 4 2 14 426 717 221 43 43 3 30 65 24 6 4 22 9 9 38 36 26 2 11 1 2 3 115 12 161 0 0 0 0 0 0 0 0 0 0 0 0 0 0 0 0 0 0 0 0 0 0 0 0 0 0 0 0 0 0 0 0 0 0 0 0 0 0 0 0 0 0 0 0 0 0 0 0 0 0 0 0 0 0 0 0 0 0 0 0 0 0 0 0 0 0 0 0 0 0 0 0 0 0 0 0 0 0 0 0 0 0 0 0 0 0 0 0 0 0 0 0 0 0 0 0 0 0 0 0 0 0 0 0 0 0 0 0 0 0 0 0 0 0 0 0 0 0 0 0 0 0 0 0 0 0 0 0 0 0 0 0 0 0 0 0 0 0 0 0 0 0 0 0 0 0 0 0 0 0 0 0 0 0 0 0 0 0 0 0 0 0 0 0 0 0 0 0 0 0 0 0 0 0 0 0 0 0 0 0 0 0 0 0 0 0 0 0 0 0 0 0 0 0 0 0 0 0 0 0 0 0 0 0 0 0 0 0 0 0 0 0 0 0 0 0 0 0 0 0 0 0 0 0 0 0 0 0 0 0 0 0 0 0 0 0 0 0 0 0 0 0 0 0 0 0 0 0 0 0 0 0 0 0 0 0 0 0 0 0 0 0 0 0 0 0 0 0 0 0 0 0 0 0 0 0 0 0 0 0 0 0 0 0 0 0 0 0 0 0 0 0 0 0 0 0 0 0 0 0 0 0 0 0 0 0 0 0 0 0 0 0 0 0 0 0 0 0 0 0 0 0 0 0 0 0 0 0 0 0 0 0 0 0 0 0 0 0 0 0 0 0 0 0 0 0 0 0 0 0 0 0 0 0 0 0 0 0 0 0 0 0 0 0 0 0 0 0 0 0 0 0 0 0 0 0 0 0 0 0 0 0 0 0 0 0 0 0 0 0 0 0 0 0 0 0 0 0 0 0 0 0 0 0 0 0 0 0 0 0 0 0 0 0 0 0 0 0 0 0 0 0 0 0 0 0 0 0 0 0 0 0 0 0 0 0 0 0 0 0 0 48 0 0 0 0 0 0 0 3 0 0 0 0 0 0 0 0 0 0 0 0 0 0 0 0 0 0 0 0 0 0 0 0 0 0 0 0 0 0 0 0 0 0 0 0 0 0 0 0 0 0 0 0 0 0 0 0 0 0 0 0 0 0 0 0 0 0 48 0 0 0 0 0 0 0 0 23 0 0 0 0 0 0 0 0 0 0 0 0 0 0 0 0 0 0 0 0 0 0 0 0 0 0 0 0 0 0 0 0 0 0 0 0 0 0 0 0 0 0 0 0 0 0 0 0 0 0 0 0 0 0 0 0 0 0 0 0 0 0 0 0 0 0 0 0 0 0 0 0 0 0 0 0 0 0 0 0 0 0 0 0 0 0 0 0 0 0 0 0 0 0 0 0 0 0 0 0 0 0 0 0 0 0 0 0 0 0 0 0 0 0 0 0 0 0 0 0 0 0 0 0 0 0 0 0 0 0 0 0 0 0 0 0 0 0 0 0 0 0 0 0 0 0 0 0 0 0 0 0 0 0 0 0 0 0 0 0 0 0 0 0 0 0 0 0 0 0 0 0 0 0 0 0 0 0 0 0 0 0 0 0 0 0 0 0 0 0 0 0 0 0 0 0 0 0 0 0 0 0 0 0 0 0 0 0 0 0 0 0 0 0 0 0 0 0 0 0 0 0 0 0 0 0 0 0 0 0 0 0 0 0 0 0 0 0 0 0 0 0 0 0 0 0 0 0 0 0 0 0 0 0 0 0 0 0 0 0 0 0 0 0 0 0 0 0 0 0 0 0 0 0 0 0 0 0 0 0 0 0 0 0 0 0 0 0 0 0 0 0 0 0 0 0 0 0 0 0 0 0 0 0 0 0 0 0 0 0 0 0 0 0 0 0 0 0 0 0 0 0 0 0 0 0 0 0 0 0 0 0 0 0 0 0 0 0 0 0 0 0 0 0 0 0 0 0 0 0 0 0 0 0 0 0 0 0 0 0 0 0 0 0 0 0 0 0 0 0 0 0 0 0 0 0 0 0 0 0 0 0 0 0 0 0 0 0 0 0 0 0 0 0 0 0 0 0 0 0 0 0 0 0 0 0 0 0 0 0 0 0 0 0 0 0 0 0 0 0 0 0 0 0 0 0 0 0 0 0 0 0 0 0 0 0 0 0 0 0 0 0 0 0 0 0 0 0 0 0 0 0 0 0 0 0 0 0 0 0 0 0 0 0 0 0 0 0 0 0 0 0 0 0 0 0 0 0 0 0 0 0 0 0 0 0 0 0 0 0 0 0 0 0 0 0 0 0 0 0 0 0 0 0 0 0 0 0 0 0 0 0 0 0 0 0 0 0 0 0 0 0 0 0 0 0 0 0 0 0 0 0 0 0 0 0 0 0 0 0 0 0 0 0 0 0 0 0 0 0 0 0 0 0 0 0 0 0 0 0 0 0 0 0 0 0 0 0 0 0 0 0 0 0 0 0 0 0 0 0 0 0 0 0 0 0 0 0 0 0 0 0 0 0 0 0 0 0 0 0 0 0 0 0 0 0 0 0 0 0 0 0 0 0 0 0 0 0 0 0 0 0 0 0 0 0 0 0 0 0 0 0 0 0 0 0 0 0 0 0 0 0 0 0 0 0 0 0 0 0 0 0 0 0 0 0 0 0 0 0 0 0 0 0 0 0 0 0 0 0 0 0 0 0 0 0 0 0 0 0 0 0 0 0 0 0 0 0 0 0 0 0 0 0 0 0 0 0 0 0 0 0 0 0 0 0 0 0 0 0 0 0 0 0 0 0 0 0 0 0 0 0 0 0 0 0 0 0 0 0 0 0 0 0 0 0 0 0 0 0 0 0 0 0 0 0 0 0 0 0 0 0 0 0 0 0 0 0 0 0 0 0 0 0 0 0 0 0 0 0 0 0 0 0 0 0 0 0 0 0 0 0 0 0 0 0 0 0 0 0 0 0 0 0 0 0 0 0 0 0 0 0 0 0 0 0 0 0 0 0 0 0 0 0 0 0 0 0 0 0 0 0 0 0 0 0 0 0 0 0 0 0 0 0 0 0 0 0 0 0 0 0 0 0 0 0 0 0 0 0 0 0 0 0 0 0 0 0 0 0 0 0 0 0 0 0 0 0 0 0 0 0 0 0 0 0 0 0 0 0 0 0 0 0 0 0 0 0 0 0 0 0 0 0 0 0 0 0 0 0 0 0 0 0 0 0 0 0 0 0 0 0 0 0 0 0 0 0 0 0 0 0 0 0 0 0 0 0 0 0 0 0 0 0 0 0 0 0 0 0 0 0 0 0 0 0 0 0 0 0 0 0 0 0 0 0 0 0 0 0 0 0 0 0 0 0 0 0 0 0 0 0 0 0 0 0 0 0 0 0 0 0 0 0 0 0 0 0 0 0 0 0 0 0 0 0 0 0 0 0 0 0 0 0 0 0 0 0 0 0 0 0 0 0 0 0 0 0 0 0 0 0 0 0 0 0 0 0 0 0 0 0 0 0 0 0 0 0 0 0 0 0 0 0 0 0 0 0 0 0 0 0 0 0 0 0 0 0 0 0 0 0 0 0 0 0 0 0 0 0 0 0 0 0 0 0 0 0 0 0 0 0 0 0 0 0 0 0 0 0 0 0 0 0 0 0 0 0 0 0 0 0 0 0 0 0 0 0 0 0 0 0 0 0 0 0 0 0 0 0 0 0 0 0 0 0 0 0 0 0 0 0 0 0 0 0 0 0 0 0 0 0 0 0 0 0 0 0 0 0 0 0 0 0 0 0 0 0 0 0 0 0 0 0 0 0 0 0 0 0 0 0 0 0 0 0 0 0 0 0 0 0 0 0 0 0 0 0 0 0 0 0 0 0 0 0 0 0 0 0 0 0 0 0 0 0 0 0 0 0 0 0 0 0 0 0 0 0 0 0 0 0 0 0 0 0 0 0 0 0 0 0 0 0 0 0 0 0 0 0 0 0 0 0 0 0 0 0 0 0 0 0 0 0 0 0 0 0 0 0 0 0 0 0 0 0 0 0 0 0 0 0 0 0 0 0 0 0 0 0 0 0 0 0 0 0 0 0 0 0 0 0 0 0 0 0 0 0 0 0 0 0 0 0 0 0 0 0 0 0 0 0 0 0 0 0 0 0 0 0 0 0 0 0 0 0 0 0 0 0 0 0 0 0 0 0 0 0 0 0 0 0 0 0 0 0 0 0 0 0 0 0 0 0 0 0 0 0 0 0 0 0 0 0 0 0 0 0 0 0 0 0 0 0 0 0 0 0 0 0 0 0 0 0 0 0 0 0 0 0 0 0 0 0 0 0 0 0 0 0 0 0 0 0 0 0 0 0 0 0 0 0 0 0 0 0 0 0 0 0 0 0 0 0 0 0 0 0 0 0 0 0 0 0 0 0 0 0 0 0 0 0 0 0 0 0 0 0 0 0 0 0 0 0 0 0 0 0 0 0 0 0 0 0 0 0 0 0 0 0 0 0 0 0 0 0 0 0 0 0 0 0 0 0 0 0 0 0 0 0 0 0 0 0 0 0 0 0 0 0 0 0 0 0 0 0 0 0 0 0 0 0 0 0 0 0 0 0 0 0 0 0 0 0 0 0 0 0 0 0 0 0 0 0 0 0 0 0 0 0 0 0 0 0 0 0 0 0 0 0 0 0 0 0 0 0 0 0 0 0 0 0 0 0 0 0 0 0 0 0 0 0 0 0 0 0 0 0 0 0 0 0 0 0 0 0 0 0 0 0 0 0 0 0 0 0 0 0 0 0 0 0 0 0 0 0 0 0 0 0 0 0 0 0 0 0 0 0 0 0 0 0 0 0 0 0 0 0 0 0 0 0 0 0 0 0 0 0 0 0 0 0 0 0 0 0 0 0 0 0 0 0 0 0 0 0 0 0 0 0 0 0 0 0 0 0 0 0 0 0 0 0 0 0 0 0 0 0 0 0 0 0 0 0 0 0 0 0 0 0 0 0 0 0 0 0 0 0 0 0 0 0 0 0 0 0 0 0 0 0 0 0 0 0 0 0 0 0 0 0 0 0 0 0 0 0 0 0 0 0 0 0 0 0 0 0 0 0 0 0 0 0 0 0 0 0 0 0 0 0 0 0 0 0 0 0 0 0 0 0 0 0 0 0 0 0 0 0 0 0 0 0 0 0 0 0 0 0 0 0 0 0 0 0 0 0 0 0 0 0 0 0 0 0 0 0 0 0 0 0 0 0 0 0 0 0 0 0 0 0 0 0 0 0 0 0 0 0 0 0 0 0 0 0 0 0 0 0 0 0 0 0 0 0 0 0 0 0 0 0 0 0 0 0 0 0 0 0 0 0 0 0 0 0 0 0 0 0 0 0 0 0 0 0 0 0 0 0 0 0 0 0 0 0 0 0 0 0 0 0 0 0 0 0 0 0 0 0 0 0 0 0 0 0 0 0 0 0 0 0 0 0 0 0 0 0 0 0 0 0 0 0 0 0 0 0 0 0 0 0 0 0 0 0 0 0 0 0 0 0 0 0 0 0 0 0 0 0 0 0 0 0 0 0 0 0 0 0 0 0 0 0 0 0 0 0 0 0 0 0 0 0 0 0 0 0 0 0 0 0 0 0 0 0 0 0 0 0 0 0 0 0 0 0 0 0 0 0 0 0 0 0 0 0 0 0 0 0 0 0 0 0 0 0 0 0 0 0 0 0 0 0 0 0 0 0 0 0 0 0 0 0 0 0 0 0 0 0 0 0 0 0 0 0 0 0 0 0 0 0 0 0 0 0 0 0 0 0 0 0 0 0 0 0 0 0 0 0 0 0 0 0 0 0 0 0 0 0 0 0 0 0 0 0 0 0 0 0 0 0 0 0 0 0 0 0 0 0 0 0 0 0 0 0 0 0 0 0 0 0 0 0 0 0 0 0 0 0 0 0 0 0 0 0 0 0 0 0 0 0 0 0 0 0 0 0 0 0 0 0 0 0 0 0 0 0 0 0 0 0 0 0 0 0 0 0 0 0 0 0 0 0 0 0 0 0 0 0 0 0 0 0 0 0 0 0 0 0 0 0 0 0 0 0 0 0 0 0 0 0 0 0 0 0 0 0 0 0 0 0 0 0 0 0 0 0 0 0 0 0 0 0 0 0 0 0 0 0 0 0 0 0 0 0 0 0 0 0 0 0 0 0 0 0 0 0 0 0 0 0 0 0 0 0 0 0 0 0 0 0 0 0 0 0 0 0 0 0 0 0 0 0 0 0 0 0 0 0 0 0 0 0 0 0 0 0 0 0 0 0 0 0 0 0 0 0 0 0 0 0 0 0 0 0 0 0 0 0 0 0 0 0 0 0 0 0 0 0 0 0 0 0 0 0 0 0 0 0 0 0 0 0 0 0 0 0 0 0 0 0 0 0 0 0 0 0 0 0 0 0 0 0 0 0 0 0 0 0 0 0 0 0 0 0 0 0 0 0 0 0 0 0 0 0 0 0 0 0 0 0 0 0 0 0 0 0 0 0 0 0 0 0 0 0 0 0 0 0 0 0 0 0 0 0 0 0 0 0 0 0 0 0 0 0 0 0 0 0 0 0 0 0 0 0 0 0 0 0 0 0 0 0 0 0 0 0 0 0 0 0 0 0 0 0 0 0 0 0 0 0 0 0 0 0 0 0 0 0 0 0 0 0 0 0 0 0 0 0 0 0 0 0 0 0 0 0 0 0 0 0 0 0 0 0 0 0 0 0 0 0 0 0 0 0 0 0 0 0 0 0 0 0 0 0 0 0 0 0 0 0 0 0 0 0 0 0 0 0 0 0 0 0 0 0 0 0 0 0 0 0 0 0 0 0 0 0 0 0 0 0 0 0 0 0 0 0 0 0 0 0 0 0 0 0 0 0 0 0 0 0 0 0 0 0 0 0 0 0 0 0 0 0 0 0 0 0 0 0 0 0 0 0 0 0 0 0 0 0 0 0 0 0 0 0 0 0 0 0 0 0 0 0 0 0 0 0 0 0 0 0 0 0 0 0 0 0 0 0 0 0 0 0 0 0 0 0 0 0 0 0 0 0 0 0 0 0 0 0 0 0 0 0 0 0 0 0 0 0 0 0 0 0 0 0 0 0 0 0 0 0 0 0 0 0 0 0 0 0 0 0 0 0 0 0 0 0 0 0 0 0 0 0 0 0 0 0 0 0 0 0 0 0 0 0 0 0 0 0 0 0 0 0 0 0 0 0 0 0 0 0 0 0 0 0 0 0 0 0 0 0 0 0 0 0 0 0 0 0 0 0 0 0 0 0 0 0 0 0 0 0 0 0 0 0 0 0 0 0 0 0 0 0 0 0 0 0 0 0 0 0 0 0 0 0 0 0 0 0 0 0 0 0 0 0 0 0 0 0 0 0 0 0 0 0 0 0 0 0 0 0 0 0 0 0 0 0 0 0 0 0 0 0 0 0 0 0 0 0 0 0 0 0 0 0 0 0 0 0 0 0 0 0 0 0 0 0 0 0 0 0 0 0 0 0 0 0 0 0 0 0 0 0 0 0 0 0 0 0 0 0 0 0 0 0 0 0 0 0 0 0 0 0 0 0 0 0 0 0 0 0 0 0 0 0 0 0 0 0 0 0 0 0 0 0 0 0 0 0 0 0 0 0 0 0 0 0 0 0 0 0 0 0 0 0 0 0 0 0 0 0 0 0 0 0 0 0 0 0 0 0 0 0 0 0 0 0 0 0 0 0 0 0 0 0 0 0 0 0 0 0 0 0 0 0 0 0 0 0 0 0 0 0 0 0 0 0 0 0 0 0 0 0 0 0 0 0 0 0 0 0 0 0 0 0 0 0 0 0 0 0 0 0 0 0 0 0 0 0 0 0 0 0 0 0 0 0 0 0 0 0 0 0 0 0 0 0 0 0 0 0 0 0 0 0 0 0 0 0 0 0 0 0 0 0 0 0 0 0 0 0 0 0 0 0 0 0 0 0 0 0 0 0 0 0 0 0 0 0 0 0 0 0 0 0 0 0 0 0 0 0 0 0 0 0 0 0 0 0 0 0 0 0 0 0 0 0 0 0 0 0 0 0 0 0 0 0 0 0 0 0 0 0 0 0 0 0 0 0 0 0 0 0 0 0 0 0 0 0 0 0 0 0 0 0 0 0 0 0 0 0 0 0 0 0 0 0 0 0 0 0 0 0 0 0 0 0 0 0 0 0 0 0 0 0 0 0 0 0 0 0 0 0 0 0 0 0 0 0 0 0 0 0 0 0 0 0 0 0 0 0 0 0 0 0 0 0 0 0 0 0 0 0 0 0 0 0 0 0 0 0 0 0 0 0 0 0 0 0 0 0 0 0 0 0 0 0 0 0 0 0 0 0 0 0 0 0 0 0 0 0 0 0 0 0 0 0 0 0 0 0 0 0 0 0 0 0 0 0 0 0 0 0 0 0 0 0 0 0 0 0 0 0 0 0 0 0 0 0 0 0 0 0 0 0 0 0 0 0 0 0 0 0 0 0 0 0 0 0 0 0 0 0 0 0 0 0 0 0 0 0 0 0 0 0 0 0 0 0 0 0 0 0 0 0 0 0 0 0 0 0 0 0 0 0 0 0 0 0 0 0 0 0 0 0 0 0 0 0 0 0 0 0 0 0 0 0 0 0 0 0 0 0 0 0 0 0 0 0 0 0 0 0 0 0 0 0 0 0 0 0 0 0 0 0 0 0 0 0 0 0 0 0 0 0 0 0 0 0 0 0 0 0 0 0 0 0 0 0 0 0 0 0 0 0 0 0 0 0 0 0 0 0 0 0 0 0 0 0 0 0 0 0 0 0 0 0 0 0 0 0 0 0 0 0 0 0 0 0 0 0 0 0 0 0 0 0 0 0 0 0 0 0 0 0 0 0 0 0 0 0 0 0 0 0 0 0 0 0 0 0 0 0 0 0 0 0 0 0 0 0 0 0 0 0 0 0 0 0 0 0 0 0 0 0 0 0 0 0 0 0 0 0 0 0 0 0 0 0 0 0 0 0 0 0 0 0 0 0 0 0 0 0 0 0 0 0 0 0 0 0 0 0 0 0 0 0 0 0 0 0 0 0 0 0 0 0 0 0 0 0 0 0 0 0 0 0 0 0 0 0 0 0 0 0 0 0 0 0 0 0 0 0 0 0 0 0 0 0 0 0 0 0 0 0 0 0 0 0 0 0 0 0 0 0 0 0 0 0 0 0 0 0 0 0 0 0 0 0 0 0 0 0 0 0 0 0 0 0 0 0 0 0 0 0 0 0 0 0 0 0 0 0 0 0 0 0 0 0 0 0 0 0 0 0 0 0 0 0 0 0 0 0 0 0 0 0 0 0 0 0 0 0 0 0 0 0 0 0 0 0 0 0 0
ctxt 4309615
btime 1613064757
processes 79975
procs_running 1
procs_blocked 0
softirq 75800437 1 46752041 1484 689572 0 0 859 2436427 0 25920053
