cpu  16400250 4 22071 6900049 422 0 2526 0 0 0
cpu0 455264 0 814 191493 1 0 424 0 0 0
cpu1 455412 0 579 191897 1 0 135 0 0 0
cpu2 455506 0 544 191819 0 0 76 0 0 0
cpu3 455768 0 455 191661 4 0 22 0 0 0
cpu4 454630 0 1322 191700 2 0 263 0 0 0
cpu5 455312 0 758 191788 14 0 47 0 0 0
cpu6 455500 0 576 191814 2 0 24 0 0 0
cpu7 455352 0 670 191853 4 0 52 0 0 0
cpu8 455796 0 796 191302 1 0 27 0 0 0
cpu9 455407 0 767 191719 1 0 31 0 0 0
cpu10 455334 0 666 191895 4 0 25 0 0 0
cpu11 455493 0 572 191836 2 0 26 0 0 0
cpu12 455346 0 667 191876 4 0 28 0 0 0
cpu13 455652 0 648 191543 49 0 32 0 0 0
cpu14 454946 0 1036 191886 4 0 44 0 0 0
cpu15 455083 0 901 191878 5 0 65 0 0 0
cpu16 455265 0 718 191860 1 0 75 0 0 0
cpu17 455547 0 530 191785 5 0 47 0 0 0
cpu18 455722 0 341 191825 4 0 27 0 0 0
cpu19 455543 0 497 191841 1 0 36 0 0 0
cpu20 455774 0 321 191792 3 0 29 0 0 0
cpu21 455784 0 292 191835 9 0 1 0 0 0
cpu22 455680 0 332 191890 12 0 12 0 0 0
cpu23 455660 0 364 191881 2 0 6 0 0 0
cpu24 454334 0 1144 191718 13 0 694 0 0 0
cpu25 455681 0 346 191885 3 0 9 0 0 0
cpu26 455637 0 420 191840 7 0 10 0 0 0
cpu27 455802 0 708 191364 0 0 51 0 0 0
cpu28 456929 0 662 190211 81 0 8 0 0 0
cpu29 455657 0 394 191818 33 0 18 0 0 0
cpu30 456636 0 482 190712 54 0 8 0 0 0
cpu31 455932 3 622 191307 40 0 17 0 0 0
cpu32 455894 0 791 191178 6 0 46 0 0 0
cpu33 455486 0 690 191646 12 0 74 0 0 0
cpu34 455747 0 326 191812 15 0 13 0 0 0
cpu35 455725 0 306 191874 1 0 9 0 0 0
intr 45287459 56 0 0 0 610 0 0 0 1 0 275 0 0 0 0 0 0 0 0 0 0 0 0 0 0 0 0 0 0 0 0 0 94 730 233 45 198 842 609 131 266 84 222 324 207 255 1487 453 288 316 350 192 229 193 1367 3734 0 0 0 0 203 1588 418 399 110 10040 3471 3999 1769 545 724 306 164 0 16 10427 1 0 21815 2016 1238 602 1084 635 367 3309 1487 3964 1369 971 2814 1220 4348 2078 3769 595 1401 3066 5722 433 2896 975 134333 234 883 3186 502 2736 662 1116 5279 2650 928 1253 0 16 7787 1 0 0 0 0 0 0 0 0 0 0 0 0 0 0 0 0 0 0 0 0 0 0 0 0 0 0 0 0 0 0 0 0 0 0 0 0 0 24 0 0 0 0 0 0 0 0 0 0 0 0 0 0 0 0 0 0 0 0 0 0 0 0 0 0 0 0 0 0 0 0 0 0 0 0 0 0 0 0 0 0 0 0 0 0 0 0 0 0 0 0 0 0 0 0 0 0 0 0 0 0 0 0 0 0 0 0 0 0 0 0 0 0 0 0 0 0 0 0 0 0 0 0 0 0 0 0 0 0 0 0 0 0 0 0 0 0 0 0 0 0 0 0 0 0 0 0 0 0 0 0 0 0 0 0 0 0 0 0 0 0 0 0 0 0 0 0 0 0 0 0 0 0 0 0 0 0 0 0 0 0 0 0 0 0 0 0 0 0 0 0 0 0 0 0 0 0 0 0 0 0 0 0 0 0 0 0 0 0 0 0 0 0 0 0 0 0 0 0 0 0 0 0 0 0 0 0 0 0 0 0 0 0 0 0 0 0 0 0 0 0 0 0 0 0 0 0 0 0 0 0 0 0 0 0 0 0 0 0 0 0 0 0 0 0 0 0 0 0 0 0 0 0 0 0 0 0 0 0 0 0 0 0 0 0 0 0 0 0 0 0 0 0 0 0 0 0 0 0 0 0 0 0 0 0 0 0 0 0 0 0 0 0 0 0 0 0 0 0 0 0 0 0 0 0 0 0 0 0 0 0 0 0 0 0 0 0 0 0 0 0 0 0 0 0 0 0 0 0 0 0 0 0 0 0 0 0 0 0 0 0 0 0 0 0 0 0 0 0 0 0 0 0 0 0 0 0 0 0 0 0 0 0 0 0 0 0 0 0 0 0 0 0 0 0 0 0 0 0 0 0 0 0 0 0 0 0 0 0 0 0 0 0 0 0 0 0 0 0 0 0 0 0 0 0 0 0 0 0 0 0 0 0 0 0 0 0 0 0 0 0 0 0 0 0 0 0 0 0 0 0 0 0 0 0 0 0 0 0 0 0 0 0 0 0 0 0 0 0 0 0 0 0 0 0 0 0 0 0 0 0 0 0 0 0 0 0 0 0 0 0 0 0 0 0 0 0 0 0 0 0 0 0 0 0 0 0 0 0 0 0 0 0 0 0 0 0 0 0 0 0 0 0 0 0 0 0 0 0 0 0 0 0 0 0 0 0 0 0 0 0 0 0 0 0 0 0 0 0 0 0 0 0 0 0 0 0 0 0 0 0 0 0 0 0 0 0 0 0 0 0 0 0 0 0 0 0 0 0 0 0 0 0 0 0 0 0 0 0 0 0 0 0 0 0 0 0 0 0 0 0 0 0 0 0 0 0 0 0 0 0 0 0 0 0 0 0 0 0 0 0 0 0 0 0 0 0 0 0 0 0 0 0 0 0 0 0 0 0 0 0 0 0 0 0 0 0 0 0 0 0 0 0 0 0 0 0 0 0 0 0 0 0 0 0 0 0 0 0 0 0 0 0 0 0 0 0 0 0 0 0 0 0 0 0 0 0 0 0 0 0 0 0 0 0 0 0 0 0 0 0 0 0 0 0 0 0 0 0 0 0 0 0 0 0 0 0 0 0 0 0 0 0 0 0 0 0 0 0 0 0 0 0 0 0 0 0 0 0 0 0 0 0 0 0 0 0 0 0 0 0 0 0 0 0 0 0 0 0 0 0 0 0 0 0 0 0 0 0 0 0 0 0 0 0 0 0 0 0 0 0 0 0 0 0 0 0 0 0 0 0 0 0 0 0 0 0 0 0 0 0 0 0 0 0 0 0 0 0 0 0 0 0 0 0 0 0 0 0 0 0 0 0 0 0 0 0 0 0 0 0 0 0 0 0 0 0 0 0 0 0 0 0 0 0 0 0 0 0 0 0 0 0 0 0 0 0 0 0 0 0 0 0 0 0 0 0 0 0 0 0 0 0 0 0 0 0 0 0 0 0 0 0 0 0 0 0 0 0 0 0 0 0 0 0 0 0 0 0 0 0 0 0 0 0 0 0 0 0 0 0 0 0 0 0 0 0 0 0 0 0 0 0 0 0 0 0 0 0 0 0 0 0 0 0 0 0 0 0 0 0 0 0 0 0 0 0 0 0 0 0 0 0 0 0 0 0 0 0 0 0 0 0 0 0 0 0 0 0 0 0 0 0 0 0 0 0 0 0 0 0 0 0 0 0 0 0 0 0 0 0 0 0 0 0 0 0 0 0 0 0 0 0 0 0 0 0 0 0 0 0 0 0 0 0 0 0 0 0 0 0 0 0 0 0 0 0 0 0 0 0 0 0 0 0 0 0 0 0 0 0 0 0 0 0 0 0 0 0 0 0 0 0 0 0 0 0 0 0 0 0 0 0 0 0 0 0 0 0 0 0 0 0 0 0 0 0 0 0 0 0 0 0 0 0 0 0 0 0 0 0 0 0 0 0 0 0 0 0 0 0 0 0 0 0 0 0 0 0 0 0 0 0 0 0 0 0 0 0 0 0 0 0 0 0 0 0 0 0 0 0 0 0 0 0 0 0 0 0
ctxt 11833610
btime 1613124388
processes 293983
procs_running 1
procs_blocked 0
softirq 59111216 1 34037603 552 2210273 0 0 219955 1584312 0 21058520
