cpu  5589948 5 10958 2099193 112 0 633 0 0 0
cpu0 87355 0 300 32463 0 0 122 0 0 0
cpu1 87295 0 141 32879 8 0 32 0 0 0
cpu2 87032 0 424 32881 0 0 1 0 0 0
cpu3 87378 0 49 32913 0 0 0 0 0 0
cpu4 87201 0 320 32806 0 0 9 0 0 0
cpu5 87388 0 40 32911 0 0 0 0 0 0
cpu6 87130 0 562 32562 1 0 22 0 0 0
cpu7 87296 0 122 32901 0 0 10 0 0 0
cpu8 87182 0 377 32776 0 0 0 0 0 0
cpu9 87266 0 148 32918 0 0 8 0 0 0
cpu10 87734 0 552 31997 10 0 27 0 0 0
cpu11 87388 0 39 32893 1 0 0 0 0 0
cpu12 87257 0 404 32671 1 0 4 0 0 0
cpu13 87389 0 33 32916 0 0 3 0 0 0
cpu14 87365 0 320 32618 15 0 7 0 0 0
cpu15 87328 0 98 32905 0 0 4 0 0 0
cpu16 87327 0 238 32745 0 0 12 0 0 0
cpu17 86926 0 419 32903 0 0 86 0 0 0
cpu18 87158 0 334 32837 0 0 0 0 0 0
cpu19 87388 0 33 32915 0 0 0 0 0 0
cpu20 87248 0 274 32810 0 0 2 0 0 0
cpu21 87390 0 34 32912 0 0 0 0 0 0
cpu22 87199 0 365 32740 0 0 22 0 0 0
cpu23 87390 0 38 32909 0 0 0 0 0 0
cpu24 87274 0 234 32742 41 0 6 0 0 0
cpu25 87357 0 69 32907 0 0 1 0 0 0
cpu26 87319 0 133 32876 0 0 2 0 0 0
cpu27 87324 0 89 32911 1 0 7 0 0 0
cpu28 87278 0 189 32852 0 0 6 0 0 0
cpu29 87388 0 42 32901 2 0 0 0 0 0
cpu30 87490 0 163 32664 0 0 7 0 0 0
cpu31 87377 0 49 32902 7 0 0 0 0 0
cpu32 87324 0 156 32849 0 0 0 0 0 0
cpu33 87320 0 95 32904 0 0 6 0 0 0
cpu34 87369 0 92 32864 0 0 0 0 0 0
cpu35 87388 0 35 32906 0 0 0 0 0 0
cpu36 87345 0 109 32871 0 0 2 0 0 0
cpu37 87388 0 39 32901 0 0 0 0 0 0
cpu38 87270 0 346 32686 0 0 7 0 0 0
cpu39 87140 0 232 32906 0 0 50 0 0 0
cpu40 87344 0 239 32734 0 0 1 0 0 0
cpu41 87308 0 112 32904 0 0 5 0 0 0
cpu42 87723 0 377 32190 1 0 8 0 0 0
cpu43 87390 0 39 32899 0 0 0 0 0 0
cpu44 87476 0 287 32551 1 0 1 0 0 0
cpu45 87384 0 42 32901 0 0 0 0 0 0
cpu46 87603 0 210 32494 2 0 6 0 0 0
cpu47 87276 0 144 32895 0 0 10 0 0 0
cpu48 87544 0 172 32609 0 0 1 0 0 0
cpu49 87298 0 111 32902 0 0 14 0 0 0
cpu50 87346 2 194 32768 0 0 6 0 0 0
cpu51 87355 0 41 32881 0 0 36 0 0 0
cpu52 87361 0 142 32817 0 0 0 0 0 0
cpu53 87388 0 38 32897 0 0 0 0 0 0
cpu54 87338 0 144 32826 0 0 6 0 0 0
cpu55 87390 0 40 32892 0 0 0 0 0 0
cpu56 87358 0 93 32859 0 0 0 0 0 0
cpu57 87370 0 55 32892 1 0 0 0 0 0
cpu58 87300 0 160 32852 0 0 2 0 0 0
cpu59 87143 0 239 32886 0 0 50 0 0 0
cpu60 87378 0 90 32850 0 0 1 0 0 0
cpu61 87385 0 42 32893 0 0 0 0 0 0
cpu62 87718 0 134 32464 0 0 4 0 0 0
cpu63 87385 0 49 32884 0 0 0 0 0 0
intr 16033153 82 0 0 0 634 0 0 0 1 0 282 0 0 0 0 0 0 0 0 0 0 0 0 0 0 0 0 0 0 0 0 0 0 0 0 0 0 0 992 11532 1477 52 142 6 0 4386 15 3906 7 4 5 1 20 1862 4886 3775 0 0 0 1 727 19 74 1348 0 0 0 0 4 717 129 5149 51 0 52 0 25 409 0 2807 1133 0 66 6 940 5612 2 2598 57 25433 495 2 0 0 12 450 313 3 2 2 40 60 0 0 0 0 0 0 0 0 0 0 0 0 0 0 0 0 0 95 30763 0 0 0 0 0 0 0 0 0 0 0 0 0 0 0 0 0 0 0 0 0 0 0 0 0 0 0 0 0 0 0 0 0 0 0 0 0 0 0 0 0 0 0 0 0 0 0 0 0 0 0 0 0 0 0 0 0 0 0 0 0 0 0 0 0 0 0 0 0 0 0 0 0 0 0 20 0 0 0 0 0 0 0 0 0 0 0 0 0 0 0 0 0 0 0 0 0 0 0 0 0 0 0 0 0 0 0 0 0 0 0 0 0 0 0 0 0 0 0 0 0 0 0 0 0 0 0 0 0 0 0 0 0 0 0 0 0 0 0 0 0 0 0 0 0 0 0 0 0 0 0 0 0 0 0 0 0 0 0 0 0 0 0 0 0 0 0 0 0 0 0 0 0 0 0 0 0 0 0 0 0 0 0 0 0 0 0 0 0 0 0 0 0 0 0 0 0 0 0 0 0 0 0 0 0 0 0 0 0 0 0 0 0 0 0 0 0 0 0 0 0 0 0 0 0 0 0 0 0 0 0 0 0 0 0 0 0 0 0 0 0 0 0 0 0 0 0 0 0 0 0 0 0 0 0 0 0 0 0 0 0 0 0 0 0 0 0 0 0 0 0 0 0 0 0 0 0 0 0 0 0 0 0 0 0 0 0 0 0 0 0 0 0 0 0 0 0 0 0 0 0 0 0 0 0 0 0 0 0 0 0 0 0 0 0 0 0 0 0 0 0 0 0 0 0 0 0 0 0 0 0 0 0 0 0 0 0 0 0 0 0 0 0 0 0 0 0 0 0 0 0 0 0 0 0 0 0 0 0 0 0 0 0 0 0 0 0 0 0 0 0 0 0 0 0 0 0 0 0 0 0 0 0 0 0 0 0 0 0 0 0 0 0 0 0 0 0 0 0 0 0 0 0 0 0 0 0 0 0 0 0 0 0 0 0 0 0 0 0 0 0 0 0 0 0 0 0 0 0 0 0 0 0 0 0 0 0 0 0 0 0 0 0 0 0 0 0 0 0 0 0 0 0 0 0 0 0 0 0 0 0 0 0 0 0 0 0 0 0 0 0 0 0 0 0 0 0 0 0 0 0 0 0 0 0 0 0 0 0 0 0 0 0 0 0 0 0 0 0 0 0 0 0 0 0 0 0 0 0 0 0 0 0 0 0 0 0 0 0 0 0 0 0 0 0 0 0 0 0 0 0 0 0 0 0 0 0 0 0 0 0 0 0 0 0 0 0 0 0 0 0 0 0 0 0 0 0 0 0 0 0 0 0 0 0 0 0 0 0 0 0 0 0 0 0 0 0 0 0 0 0 0 0 0 0 0 0 0 0 0 0 0 0 0 0 0 0 0 0 0 0 0 0 0 0 0 0 0 0 0 0 0 0 0 0 0 0 0 0 0 0 0 0 0 0 0 0 0 0 0 0 0 0 0 0 0 0 0 0 0 0 0 0 0 0 0 0 0 0 0 0 0 0 0 0 0 0 0 0 0 0 0 0 0 0 0 0 0 0 0 0 0 0 0 0 0 0 0 0 0 0 0 0 0 0 0 0 0 0 0 0 0 0 0 0 0 0 0 0 0 0 0 0 0 0 0 0 0 0 0 0 0 0 0 0 0 0 0 0 0 0 0 0 0 0 0 0 0 0 0 0 0 0 0 0 0 0 0 0 0 0 0 0 0 0 0 0 0 0 0 0 0 0 0 0 0 0 0 0 0 0 0 0 0 0 0 0 0 0 0 0 0 0 0 0 0 0 0 0 0 0 0 0 0 0 0 0 0 0 0 0 0 0 0 0 0 0 0 0 0 0 0 0 0 0 0 0 0 0 0 0 0 0 0 0 0 0 0 0 0 0 0 0 0 0 0 0 0 0 0 0 0 0 0 0 0 0 0 0 0 0 0 0 0 0 0 0 0 0 0 0 0 0 0 0 0 0 0 0 0 0 0 0 0 0 0 0 0 0 0 0 0 0 0 0 0 0 0 0 0 0 0 0 0 0 0 0 0 0 0 0 0 0 0 0 0 0 0 0 0 0 0 0 0 0 0 0 0 0 0 0 0 0 0 0 0 0 0 0 0 0 0 0 0 0 0 0 0 0 0 0 0 0 0 0 0 0 0 0 0 0 0 0 0 0 0 0 0 0 0 0 0 0 0 0 0 0 0 0 0 0 0 0 0 0 0 0 0 0 0 0 0 0 0 0 0 0 0 0 0 0 0 0 0 0 0 0 0 0 0 0 0 0 0 0 0 0 0 0 0 0 0 0 0 0 0 0 0 0 0 0 0 0 0 0 0 0 0 0 0 0 0 0 0 0 0 0 0 0 0 0 0 0 0 0 0 0 0 0 0 0 0 0 0 0 0 0 0 0 0 0 0 0 0 0 0 0 0 0 0 0 0 0 0 0 0 0 0 0 0 0 0 0 0 0 0 0 0 0 0 0 0 0 0 0 0 0 0 0 0 0 0 0 0 0 0 0 0 0 0 0 0 0 0 0 0 0 0 0 0 0 0 0 0 0 0 0 0 0 0 0 0 0 0 0 0 0 0 0 0 0 0 0 0 0 0 0 0 0 0 0 0 0 0 0 0 0 0 0 0 0 0 0 0 0 0 0 0 0 0 0 0 0 0 0 0 0 0 0 0 0 0 0 0 0 0 0 0 0 0 0 0 0 0 0 0 0 0 0 0 0 0 0 0 0 0 0 0 0 0 0 0 0 0 0 0 0 0 0 0 0 0 0 0 0 0 0 0 0 0 0 0 0 0 0 0 0 0 0 0 0 0 0 0 0 0 0 0 0 0 0 0 0 0 0 0 0 0 0 0 0 0 0 0 0 0 0 0 0 0 0 0 0 0 0 0 0 0 0 0 0 0 0 0 0 0 0 0 0 0 0 0 0 0 0 0 0 0 0 0 0 0 0 0 0 0 0 0 0 0 0 0 0 0 0 0 0 0 0 0 0 0 0 0 0 0 0 0 0 0 0 0 0 0 0 0 0 0 0 0 0 0 0 0 0 0 0 0 0 0 0 0 0 0 0 0 0 0 0 0 0 0 0 0 0 0 0 0 0 0 0 0 0 0 0 0 0 0 0 0 0 0 0 0 0 0 0 0 0 0 0 0 0 0 0 0 0 0 0 0 0 0 0 0 0 0 0 0 0 0 0 0 0 0 0 0 0 0 0 0 0 0 0 0 0 0 0 0 0 0 0 0 0 0 0 0 0 0 0 0 0 0 0 0 0 0 0 0 0 0 0 0 0 0 0 0 0 0 0 0 0 0 0 0 0 0 0 0 0 0 0 0 0 0 0 0 0 0 0 0 0 0 0 0 0 0 0 0 0 0 0 0 0 0 0 0 0 0 0 0 0 0 0 0 0 0 0 0 0 0 0 0 0 0 0 0 0 0 0 0 0 0 0 0 0 0 0 0 0 0 0 0 0 0 0 0 0 0 0 0 0 0 0 0 0 0 0 0 0 0 0 0 0 0 0 0 0 0 0 0 0 0 0 0 0 0 0 0 0 0 0 0 0 0 0 0 0 0 0 0 0 0 0 0 0 0 0 0 0 0 0 0 0 0 0 0 0 0 0 0 0 0 0 0 0 0 0 0 0 0 0 0 0 0 0 0 0 0 0 0 0 0 0 0 0 0 0 0 0 0 0 0 0 0 0 0 0 0 0 0 0 0 0 0 0 0 0 0 0 0 0 0 0 0 0 0 0 0 0 0 0 0 0 0 0 0 0 0 0 0 0 0 0 0 0 0 0 0 0 0 0 0 0 0 0 0 0 0 0 0 0 0 0 0 0 0 0 0 0 0 0 0 0 0 0 0 0 0 0 0 0 0 0 0 0 0 0 0 0 0 0 0 0 0 0 0 0 0 0 0 0 0 0 0 0 0 0 0 0 0 0 0 0 0 0 0 0 0 0 0 0 0 0 0 0 0 0 0 0 0 0 0 0 0 0 0 0 0 0 0 0 0 0 0 0 0 0 0 0 0 0 0 0 0 0 0 0 0 0 0 0 0 0 0 0 0 0 0 0 0 0 0 0 0 0 0 0 0 0 0 0 0 0 0 0 0 0 0 0 0 0 0 0 0 0 0 0 0 0 0 0 0 0 0 0 0 0 0 0 0 0 0 0 0 0 0 0 0 0 0 0 0 0 0 0 0 0 0 0 0 0 0 0 0 0 0 0 0 0 0 0 0 0 0 0 0 0 0 0 0 0 0 0 0 0 0 0 0 0 0 0 0 0 0 0 0 0 0 0 0 0 0 0 0 0 0 0 0 0 0 0 0 0 0 0 0 0 0 0 0 0 0 0 0 0 0 0 0 0 0 0 0 0 0 0 0 0 0 0 0 0 0 0 0 0 0 0 0 0 0 0 0 0 0 0 0 0 0 0 0 0 0 0 0 0 0 0 0 0 0 0 0 0 0 0 0 0 0 0 0 0 0 0 0 0 0 0 0 0 0 0 0 0 0 0 0 0 0 0 0 0 0 0 0 0 0 0 0 0 0 0 0 0 0 0 0 0 0 0 0 0 0 0 0 0 0 0 0 0 0 0 0 0 0 0 0 0 0 0 0 0 0 0 0 0 0 0 0 0 0 0 0 0 0 0 0 0 0 0 0 0 0 0 0 0 0 0 0 0 0 0 0 0 0 0 0 0 0 0 0 0 0 0 0 0 0 0 0 0 0 0 0 0 0 0 0 0 0 0 0 0 0 0 0 0 0 0 0 0 0 0 0 0 0 0 0 0 0 0 0 0 0 0 0 0 0 0 0 0 0 0 0 0 0 0 0 0 0 0 0 0 0 0 0 0 0 0 0 0 0 0 0 0 0 0 0 0 0 0 0 0 0 0 0 0 0 0 0 0 0 0 0 0 0 0 0 0 0 0 0 0 0 0 0 0
ctxt 2593460
btime 1613144793
processes 58864
procs_running 1
procs_blocked 0
softirq 18932393 1 11057165 903 467745 0 0 143 642513 0 6763923
