cpu  33545687 6 65989 2731300 148 0 6339 0 0 0
cpu0 521223 0 3671 42447 0 0 542 0 0 0
cpu1 524373 0 624 42903 11 0 42 0 0 0
cpu2 520646 0 3076 42502 0 0 1678 0 0 0
cpu3 524426 0 423 43068 0 0 59 0 0 0
cpu4 522786 0 2466 42521 0 0 187 0 0 0
cpu5 524714 0 183 43069 1 0 4 0 0 0
cpu6 522636 0 2716 42379 0 0 202 0 0 0
cpu7 523725 0 1072 43061 1 0 116 0 0 0
cpu8 522924 0 2475 42396 1 0 176 0 0 0
cpu9 524477 0 370 43076 0 0 52 0 0 0
cpu10 523471 0 2430 41889 1 0 194 0 0 0
cpu11 524798 0 84 43079 4 0 5 0 0 0
cpu12 524110 0 1838 41905 0 0 129 0 0 0
cpu13 524638 0 230 43095 0 0 11 0 0 0
cpu14 523579 0 1983 42274 0 0 142 0 0 0
cpu15 524582 0 292 43082 0 0 15 0 0 0
cpu16 525278 2 1686 40875 7 0 116 0 0 0
cpu17 524471 0 361 43085 0 0 57 0 0 0
cpu18 523512 0 1898 42413 0 0 150 0 0 0
cpu19 524778 0 120 43067 0 0 2 0 0 0
cpu20 523912 0 1730 42051 80 0 131 0 0 0
cpu21 524572 0 291 43075 0 0 36 0 0 0
cpu22 523351 0 1889 42611 2 0 129 0 0 0
cpu23 524332 0 522 43068 0 0 50 0 0 0
cpu24 523556 0 1727 42532 4 0 113 0 0 0
cpu25 524823 0 72 43072 2 0 1 0 0 0
cpu26 523310 0 1887 42647 0 0 117 0 0 0
cpu27 524826 0 71 43069 0 0 1 0 0 0
cpu28 523167 0 1972 42673 0 0 143 0 0 0
cpu29 524736 0 135 43077 0 0 16 0 0 0
cpu30 523325 0 1898 42597 2 0 130 0 0 0
cpu31 524627 0 276 43054 0 0 12 0 0 0
cpu32 523478 0 1800 42545 0 0 104 0 0 0
cpu33 524078 0 770 43065 0 0 53 0 0 0
cpu34 523940 0 1472 42423 0 0 84 0 0 0
cpu35 524676 0 223 43063 0 0 3 0 0 0
cpu36 523933 0 1419 42509 0 0 96 0 0 0
cpu37 524508 0 329 43075 0 0 45 0 0 0
cpu38 523640 0 1954 42239 0 0 105 0 0 0
cpu39 524183 0 654 43069 0 0 58 0 0 0
cpu40 523860 0 1658 42350 1 0 88 0 0 0
cpu41 524750 0 134 43073 0 0 6 0 0 0
cpu42 524746 0 1498 41651 0 0 75 0 0 0
cpu43 524824 0 79 43050 0 0 1 0 0 0
cpu44 525364 1 1028 41482 0 0 77 0 0 0
cpu45 524538 0 326 43065 0 0 34 0 0 0
cpu46 524674 0 1385 41831 0 0 77 0 0 0
cpu47 524592 0 308 43045 0 0 6 0 0 0
cpu48 524740 0 1158 42000 0 0 64 0 0 0
cpu49 524546 0 308 43078 0 0 38 0 0 0
cpu50 523917 0 1320 42619 0 0 96 0 0 0
cpu51 524779 0 110 43071 0 0 2 0 0 0
cpu52 524904 0 765 42233 2 0 49 0 0 0
cpu53 524499 0 356 43066 0 0 44 0 0 0
cpu54 524536 0 774 42589 0 0 50 0 0 0
cpu55 524436 0 422 43072 0 0 25 0 0 0
cpu56 523996 0 1287 42633 0 0 47 0 0 0
cpu57 524822 0 74 43047 7 0 2 0 0 0
cpu58 524152 0 1071 42675 0 0 65 0 0 0
cpu59 524805 0 83 43067 0 0 1 0 0 0
cpu60 524353 0 908 42662 0 0 46 0 0 0
cpu61 524821 0 76 43058 2 0 1 0 0 0
cpu62 524418 0 1302 42162 0 0 62 0 0 0
cpu63 524470 0 445 42991 0 0 52 0 0 0
intr 93419038 83 0 0 0 612 0 0 0 1 0 285 0 0 0 0 0 0 0 0 0 0 0 0 0 0 0 0 0 0 0 0 0 0 0 0 0 0 0 4480 12597 111299 2404 1963 751 1468 17917 2572 14238 2809 0 652 2371 2151 10469 1338 5061 1240 471 8008 7283 775 9207 1791 26 1069 273 1203 10963 1478 4799 1554 13653 762 373 1710 12063 984 17745 2140 3758 1476 2 1088 2840 891 5518 1918 5561 1358 317 678 8779 3505 12328 517 35 1496 252 3165 0 1018 3469 0 0 0 0 0 0 0 0 0 0 0 0 0 0 0 0 0 33852 94 0 0 0 0 0 0 0 0 0 0 0 0 0 0 0 0 0 0 0 0 0 0 0 0 0 0 0 0 0 0 0 0 0 0 0 0 0 0 0 0 0 0 0 0 0 0 0 0 0 0 0 0 0 0 0 0 0 0 0 0 0 0 0 0 0 0 0 0 0 0 0 0 0 0 0 20 0 0 0 0 0 0 0 0 0 0 0 0 0 0 0 0 0 0 0 0 0 0 0 0 0 0 0 0 0 0 0 0 0 0 0 0 0 0 0 0 0 0 0 0 0 0 0 0 0 0 0 0 0 0 0 0 0 0 0 0 0 0 0 0 0 0 0 0 0 0 0 0 0 0 0 0 0 0 0 0 0 0 0 0 0 0 0 0 0 0 0 0 0 0 0 0 0 0 0 0 0 0 0 0 0 0 0 0 0 0 0 0 0 0 0 0 0 0 0 0 0 0 0 0 0 0 0 0 0 0 0 0 0 0 0 0 0 0 0 0 0 0 0 0 0 0 0 0 0 0 0 0 0 0 0 0 0 0 0 0 0 0 0 0 0 0 0 0 0 0 0 0 0 0 0 0 0 0 0 0 0 0 0 0 0 0 0 0 0 0 0 0 0 0 0 0 0 0 0 0 0 0 0 0 0 0 0 0 0 0 0 0 0 0 0 0 0 0 0 0 0 0 0 0 0 0 0 0 0 0 0 0 0 0 0 0 0 0 0 0 0 0 0 0 0 0 0 0 0 0 0 0 0 0 0 0 0 0 0 0 0 0 0 0 0 0 0 0 0 0 0 0 0 0 0 0 0 0 0 0 0 0 0 0 0 0 0 0 0 0 0 0 0 0 0 0 0 0 0 0 0 0 0 0 0 0 0 0 0 0 0 0 0 0 0 0 0 0 0 0 0 0 0 0 0 0 0 0 0 0 0 0 0 0 0 0 0 0 0 0 0 0 0 0 0 0 0 0 0 0 0 0 0 0 0 0 0 0 0 0 0 0 0 0 0 0 0 0 0 0 0 0 0 0 0 0 0 0 0 0 0 0 0 0 0 0 0 0 0 0 0 0 0 0 0 0 0 0 0 0 0 0 0 0 0 0 0 0 0 0 0 0 0 0 0 0 0 0 0 0 0 0 0 0 0 0 0 0 0 0 0 0 0 0 0 0 0 0 0 0 0 0 0 0 0 0 0 0 0 0 0 0 0 0 0 0 0 0 0 0 0 0 0 0 0 0 0 0 0 0 0 0 0 0 0 0 0 0 0 0 0 0 0 0 0 0 0 0 0 0 0 0 0 0 0 0 0 0 0 0 0 0 0 0 0 0 0 0 0 0 0 0 0 0 0 0 0 0 0 0 0 0 0 0 0 0 0 0 0 0 0 0 0 0 0 0 0 0 0 0 0 0 0 0 0 0 0 0 0 0 0 0 0 0 0 0 0 0 0 0 0 0 0 0 0 0 0 0 0 0 0 0 0 0 0 0 0 0 0 0 0 0 0 0 0 0 0 0 0 0 0 0 0 0 0 0 0 0 0 0 0 0 0 0 0 0 0 0 0 0 0 0 0 0 0 0 0 0 0 0 0 0 0 0 0 0 0 0 0 0 0 0 0 0 0 0 0 0 0 0 0 0 0 0 0 0 0 0 0 0 0 0 0 0 0 0 0 0 0 0 0 0 0 0 0 0 0 0 0 0 0 0 0 0 0 0 0 0 0 0 0 0 0 0 0 0 0 0 0 0 0 0 0 0 0 0 0 0 0 0 0 0 0 0 0 0 0 0 0 0 0 0 0 0 0 0 0 0 0 0 0 0 0 0 0 0 0 0 0 0 0 0 0 0 0 0 0 0 0 0 0 0 0 0 0 0 0 0 0 0 0 0 0 0 0 0 0 0 0 0 0 0 0 0 0 0 0 0 0 0 0 0 0 0 0 0 0 0 0 0 0 0 0 0 0 0 0 0 0 0 0 0 0 0 0 0 0 0 0 0 0 0 0 0 0 0 0 0 0 0 0 0 0 0 0 0 0 0 0 0 0 0 0 0 0 0 0 0 0 0 0 0 0 0 0 0 0 0 0 0 0 0 0 0 0 0 0 0 0 0 0 0 0 0 0 0 0 0 0 0 0 0 0 0 0 0 0 0 0 0 0 0 0 0 0 0 0 0 0 0 0 0 0 0 0 0 0 0 0 0 0 0 0 0 0 0 0 0 0 0 0 0 0 0 0 0 0 0 0 0 0 0 0 0 0 0 0 0 0 0 0 0 0 0 0 0 0 0 0 0 0 0 0 0 0 0 0 0 0 0 0 0 0 0 0 0 0 0 0 0 0 0 0 0 0 0 0 0 0 0 0 0 0 0 0 0 0 0 0 0 0 0 0 0 0 0 0 0 0 0 0 0 0 0 0 0 0 0 0 0 0 0 0 0 0 0 0 0 0 0 0 0 0 0 0 0 0 0 0 0 0 0 0 0 0 0 0 0 0 0 0 0 0 0 0 0 0 0 0 0 0 0 0 0 0 0 0 0 0 0 0 0 0 0 0 0 0 0 0 0 0 0 0 0 0 0 0 0 0 0 0 0 0 0 0 0 0 0 0 0 0 0 0 0 0 0 0 0 0 0 0 0 0 0 0 0 0 0 0 0 0 0 0 0 0 0 0 0 0 0 0 0 0 0 0 0 0 0 0 0 0 0 0 0 0 0 0 0 0 0 0 0 0 0 0 0 0 0 0 0 0 0 0 0 0 0 0 0 0 0 0 0 0 0 0 0 0 0 0 0 0 0 0 0 0 0 0 0 0 0 0 0 0 0 0 0 0 0 0 0 0 0 0 0 0 0 0 0 0 0 0 0 0 0 0 0 0 0 0 0 0 0 0 0 0 0 0 0 0 0 0 0 0 0 0 0 0 0 0 0 0 0 0 0 0 0 0 0 0 0 0 0 0 0 0 0 0 0 0 0 0 0 0 0 0 0 0 0 0 0 0 0 0 0 0 0 0 0 0 0 0 0 0 0 0 0 0 0 0 0 0 0 0 0 0 0 0 0 0 0 0 0 0 0 0 0 0 0 0 0 0 0 0 0 0 0 0 0 0 0 0 0 0 0 0 0 0 0 0 0 0 0 0 0 0 0 0 0 0 0 0 0 0 0 0 0 0 0 0 0 0 0 0 0 0 0 0 0 0 0 0 0 0 0 0 0 0 0 0 0 0 0 0 0 0 0 0 0 0 0 0 0 0 0 0 0 0 0 0 0 0 0 0 0 0 0 0 0 0 0 0 0 0 0 0 0 0 0 0 0 0 0 0 0 0 0 0 0 0 0 0 0 0 0 0 0 0 0 0 0 0 0 0 0 0 0 0 0 0 0 0 0 0 0 0 0 0 0 0 0 0 0 0 0 0 0 0 0 0 0 0 0 0 0 0 0 0 0 0 0 0 0 0 0 0 0 0 0 0 0 0 0 0 0 0 0 0 0 0 0 0 0 0 0 0 0 0 0 0 0 0 0 0 0 0 0 0 0 0 0 0 0 0 0 0 0 0 0 0 0 0 0 0 0 0 0 0 0 0 0 0 0 0 0 0 0 0 0 0 0 0 0 0 0 0 0 0 0 0 0 0 0 0 0 0 0 0 0 0 0 0 0 0 0 0 0 0 0 0 0 0 0 0 0 0 0 0 0 0 0 0 0 0 0 0 0 0 0 0 0 0 0 0 0 0 0 0 0 0 0 0 0 0 0 0 0 0 0 0 0 0 0 0 0 0 0 0 0 0 0 0 0 0 0 0 0 0 0 0 0 0 0 0 0 0 0 0 0 0 0 0 0 0 0 0 0 0 0 0 0 0 0 0 0 0 0 0 0 0 0 0 0 0 0 0 0 0 0 0 0 0 0 0 0 0 0 0 0 0 0 0 0 0 0 0 0 0 0 0 0 0 0 0 0 0 0 0 0 0 0 0 0 0 0 0 0 0 0 0 0 0 0 0 0 0 0 0 0 0 0 0 0 0 0 0 0 0 0 0 0 0 0 0 0 0 0 0 0 0 0 0 0 0 0 0 0 0 0 0 0 0 0 0 0 0 0 0 0 0 0 0 0 0 0 0 0 0 0 0 0 0 0 0 0 0 0 0 0 0 0 0 0 0 0 0 0 0 0 0 0 0 0 0 0 0 0 0 0 0 0 0 0 0 0 0 0 0 0 0 0 0 0 0 0 0 0 0 0 0 0 0 0 0 0 0 0 0 0 0 0 0 0 0 0 0 0 0 0 0 0 0 0 0 0 0 0 0 0 0 0 0 0 0 0 0 0 0 0 0 0 0 0 0 0 0 0 0 0 0 0 0 0 0 0 0 0 0 0 0 0 0 0 0 0 0 0 0 0 0 0 0 0 0 0 0 0 0 0 0 0 0 0 0 0 0 0 0 0 0 0 0 0 0 0 0 0 0 0 0 0 0 0 0 0 0 0 0 0 0 0 0 0 0 0 0 0 0 0 0 0 0 0 0 0 0 0 0 0 0 0 0 0 0 0 0 0 0 0 0 0 0 0 0 0 0 0 0 0 0 0 0 0 0 0 0 0 0 0 0 0 0 0 0 0 0 0 0 0 0 0 0 0 0 0 0 0 0 0 0 0 0 0 0 0 0 0 0 0 0 0 0 0 0 0 0 0 0 0 0 0 0 0 0 0 0 0 0 0 0 0 0 0 0 0 0 0 0 0 0 0 0 0 0 0 0 0 0 0 0 0 0 0 0 0 0 0 0 0 0 0 0 0 0 0 0 0 0 0 0 0 0 0 0 0 0 0 0 0 0 0 0 0 0 0 0 0 0 0 0 0 0 0 0 0 0 0 0 0 0 0 0 0 0 0 0 0 0 0 0 0 0 0 0 0 0 0 0 0 0 0 0 0 0 0 0 0 0 0 0
ctxt 10515651
btime 1613144793
processes 225625
procs_running 1
procs_blocked 0
softirq 103062898 1 63322583 1858 1943935 0 0 159 3216709 0 34577653
