cpu  29801739 4 38121 7158076 425 0 4548 0 0 0
cpu0 827497 0 1218 198705 1 0 670 0 0 0
cpu1 827632 0 934 199219 1 0 178 0 0 0
cpu2 827672 0 945 199163 0 0 107 0 0 0
cpu3 827971 0 818 199001 4 0 51 0 0 0
cpu4 826944 0 1707 198888 2 0 306 0 0 0
cpu5 827552 0 1087 199123 14 0 72 0 0 0
cpu6 827752 0 898 199142 2 0 50 0 0 0
cpu7 827361 0 1305 199046 4 0 145 0 0 0
cpu8 828217 0 1102 198489 1 0 37 0 0 0
cpu9 827700 0 1244 198853 1 0 55 0 0 0
cpu10 827513 0 1480 198646 4 0 202 0 0 0
cpu11 827452 0 1198 199146 2 0 65 0 0 0
cpu12 827882 0 1318 198589 4 0 53 0 0 0
cpu13 827744 0 1191 198813 49 0 54 0 0 0
cpu14 826895 0 1656 199202 4 0 88 0 0 0
cpu15 827077 0 1541 199140 5 0 94 0 0 0
cpu16 827297 0 1300 199131 1 0 120 0 0 0
cpu17 827589 0 1010 199126 5 0 113 0 0 0
cpu18 828078 0 566 199158 5 0 40 0 0 0
cpu19 827918 0 705 199181 1 0 44 0 0 0
cpu20 828144 0 534 199133 3 0 33 0 0 0
cpu21 828147 0 573 199107 9 0 12 0 0 0
cpu22 827903 0 661 199220 12 0 61 0 0 0
cpu23 828132 0 471 199229 2 0 9 0 0 0
cpu24 825724 0 1933 198914 15 0 1241 0 0 0
cpu25 827706 0 857 199211 3 0 75 0 0 0
cpu26 827909 0 753 199138 8 0 32 0 0 0
cpu27 828139 0 974 198677 0 0 64 0 0 0
cpu28 829090 0 1126 197425 81 0 95 0 0 0
cpu29 828589 0 944 198257 33 0 31 0 0 0
cpu30 829712 0 944 197099 54 0 16 0 0 0
cpu31 828361 3 1206 198183 40 0 57 0 0 0
cpu32 828517 0 1198 198063 6 0 64 0 0 0
cpu33 827861 0 1220 198637 12 0 87 0 0 0
cpu34 828179 0 718 198894 15 0 24 0 0 0
cpu35 827868 0 771 199109 1 0 88 0 0 0
intr 82238738 56 0 0 0 610 0 0 0 1 0 275 0 0 0 0 0 0 0 0 0 0 0 0 0 0 0 0 0 0 0 0 0 94 889 325 125 301 872 710 299 491 90 260 351 324 274 1495 461 412 331 398 307 229 193 1439 3734 0 0 0 0 345 2040 787 512 114 10339 3754 4165 1771 549 724 306 172 0 16 12168 1 0 31252 2831 4447 1564 2001 3938 985 5488 2354 4270 2610 7289 4347 1836 5156 3550 3964 1370 4501 4564 6165 3838 3781 1446 253574 6902 2344 3659 1235 7015 1227 1584 5978 3098 1359 2481 0 16 7955 1 0 0 0 0 0 0 0 0 0 0 0 0 0 0 0 0 0 0 0 0 0 0 0 0 0 0 0 0 0 0 0 0 0 0 0 0 0 24 0 0 0 0 0 0 0 0 0 0 0 0 0 0 0 0 0 0 0 0 0 0 0 0 0 0 0 0 0 0 0 0 0 0 0 0 0 0 0 0 0 0 0 0 0 0 0 0 0 0 0 0 0 0 0 0 0 0 0 0 0 0 0 0 0 0 0 0 0 0 0 0 0 0 0 0 0 0 0 0 0 0 0 0 0 0 0 0 0 0 0 0 0 0 0 0 0 0 0 0 0 0 0 0 0 0 0 0 0 0 0 0 0 0 0 0 0 0 0 0 0 0 0 0 0 0 0 0 0 0 0 0 0 0 0 0 0 0 0 0 0 0 0 0 0 0 0 0 0 0 0 0 0 0 0 0 0 0 0 0 0 0 0 0 0 0 0 0 0 0 0 0 0 0 0 0 0 0 0 0 0 0 0 0 0 0 0 0 0 0 0 0 0 0 0 0 0 0 0 0 0 0 0 0 0 0 0 0 0 0 0 0 0 0 0 0 0 0 0 0 0 0 0 0 0 0 0 0 0 0 0 0 0 0 0 0 0 0 0 0 0 0 0 0 0 0 0 0 0 0 0 0 0 0 0 0 0 0 0 0 0 0 0 0 0 0 0 0 0 0 0 0 0 0 0 0 0 0 0 0 0 0 0 0 0 0 0 0 0 0 0 0 0 0 0 0 0 0 0 0 0 0 0 0 0 0 0 0 0 0 0 0 0 0 0 0 0 0 0 0 0 0 0 0 0 0 0 0 0 0 0 0 0 0 0 0 0 0 0 0 0 0 0 0 0 0 0 0 0 0 0 0 0 0 0 0 0 0 0 0 0 0 0 0 0 0 0 0 0 0 0 0 0 0 0 0 0 0 0 0 0 0 0 0 0 0 0 0 0 0 0 0 0 0 0 0 0 0 0 0 0 0 0 0 0 0 0 0 0 0 0 0 0 0 0 0 0 0 0 0 0 0 0 0 0 0 0 0 0 0 0 0 0 0 0 0 0 0 0 0 0 0 0 0 0 0 0 0 0 0 0 0 0 0 0 0 0 0 0 0 0 0 0 0 0 0 0 0 0 0 0 0 0 0 0 0 0 0 0 0 0 0 0 0 0 0 0 0 0 0 0 0 0 0 0 0 0 0 0 0 0 0 0 0 0 0 0 0 0 0 0 0 0 0 0 0 0 0 0 0 0 0 0 0 0 0 0 0 0 0 0 0 0 0 0 0 0 0 0 0 0 0 0 0 0 0 0 0 0 0 0 0 0 0 0 0 0 0 0 0 0 0 0 0 0 0 0 0 0 0 0 0 0 0 0 0 0 0 0 0 0 0 0 0 0 0 0 0 0 0 0 0 0 0 0 0 0 0 0 0 0 0 0 0 0 0 0 0 0 0 0 0 0 0 0 0 0 0 0 0 0 0 0 0 0 0 0 0 0 0 0 0 0 0 0 0 0 0 0 0 0 0 0 0 0 0 0 0 0 0 0 0 0 0 0 0 0 0 0 0 0 0 0 0 0 0 0 0 0 0 0 0 0 0 0 0 0 0 0 0 0 0 0 0 0 0 0 0 0 0 0 0 0 0 0 0 0 0 0 0 0 0 0 0 0 0 0 0 0 0 0 0 0 0 0 0 0 0 0 0 0 0 0 0 0 0 0 0 0 0 0 0 0 0 0 0 0 0 0 0 0 0 0 0 0 0 0 0 0 0 0 0 0 0 0 0 0 0 0 0 0 0 0 0 0 0 0 0 0 0 0 0 0 0 0 0 0 0 0 0 0 0 0 0 0 0 0 0 0 0 0 0 0 0 0 0 0 0 0 0 0 0 0 0 0 0 0 0 0 0 0 0 0 0 0 0 0 0 0 0 0 0 0 0 0 0 0 0 0 0 0 0 0 0 0 0 0 0 0 0 0 0 0 0 0 0 0 0 0 0 0 0 0 0 0 0 0 0 0 0 0 0 0 0 0 0 0 0 0 0 0 0 0 0 0 0 0 0 0 0 0 0 0 0 0 0 0 0 0 0 0 0 0 0 0 0 0 0 0 0 0 0 0 0 0 0 0 0 0 0 0 0 0 0 0 0 0 0 0 0 0 0 0 0 0 0 0 0 0 0 0 0 0 0 0 0 0 0 0 0 0 0 0 0 0 0 0 0 0 0 0 0 0 0 0 0 0 0 0 0 0 0 0 0 0 0 0 0 0 0 0 0 0 0 0 0 0 0 0 0 0 0 0 0 0 0 0 0 0 0 0 0 0 0 0 0 0 0 0 0 0 0 0 0 0 0 0 0 0 0 0 0 0 0 0 0 0 0 0 0 0 0 0 0 0 0 0 0 0 0 0 0 0 0 0 0 0 0 0 0 0 0 0 0 0 0 0 0 0 0 0 0 0 0 0 0 0 0 0 0 0 0 0 0 0 0 0 0 0 0 0 0 0 0 0 0 0 0 0 0 0 0 0 0 0 0 0 0 0 0 0 0 0 0 0 0 0 0 0 0
ctxt 21680153
btime 1613124388
processes 546463
procs_running 1
procs_blocked 0
softirq 107542285 1 62021585 851 4128740 0 0 401796 2784284 0 38205028
