cpu  10357857 3 16069 6842004 457 0 1654 0 0 0
cpu0 287507 0 594 189868 1 0 304 0 0 0
cpu1 287890 0 504 189813 22 0 46 0 0 0
cpu2 287537 0 655 189999 17 0 104 0 0 0
cpu3 287712 0 464 190093 5 0 24 0 0 0
cpu4 287450 0 622 190186 3 0 28 0 0 0
cpu5 287664 0 391 190193 2 0 36 0 0 0
cpu6 287625 0 371 190244 6 0 36 0 0 0
cpu7 287708 0 373 190155 1 0 37 0 0 0
cpu8 287640 0 345 190275 1 0 23 0 0 0
cpu9 288076 0 380 189832 1 0 1 0 0 0
cpu10 287434 0 585 190230 6 0 21 0 0 0
cpu11 287672 0 327 190263 1 0 12 0 0 0
cpu12 287543 0 558 190120 38 0 8 0 0 0
cpu13 287894 0 386 189984 4 0 16 0 0 0
cpu14 287734 0 420 190036 88 0 11 0 0 0
cpu15 286719 0 978 190106 49 0 422 0 0 0
cpu16 287704 0 466 190089 2 0 10 0 0 0
cpu17 287474 0 566 190198 2 0 34 0 0 0
cpu18 287780 0 303 190147 4 0 16 0 0 0
cpu19 288024 0 356 189857 15 0 4 0 0 0
cpu20 287503 0 640 190050 5 0 82 0 0 0
cpu21 287878 0 250 190152 1 0 3 0 0 0
cpu22 287729 0 341 190176 23 0 4 0 0 0
cpu23 287275 0 613 190271 0 0 124 0 0 0
cpu24 287666 0 330 190250 7 0 27 0 0 0
cpu25 287729 0 322 190187 13 0 26 0 0 0
cpu26 287872 0 242 190158 2 0 2 0 0 0
cpu27 288096 0 376 189786 16 0 1 0 0 0
cpu28 288505 0 790 188896 2 0 90 0 0 0
cpu29 287764 0 224 190267 1 0 4 0 0 0
cpu30 288180 0 469 189523 77 0 16 0 0 0
cpu31 287946 0 394 189912 1 0 16 0 0 0
cpu32 287750 0 240 190277 1 0 6 0 0 0
cpu33 287755 1 368 190108 6 0 26 0 0 0
cpu34 287722 0 392 190135 13 0 6 0 0 0
cpu35 287686 0 421 190150 2 0 12 0 0 0
intr 28856145 56 0 0 0 610 0 0 0 1 0 250 0 0 0 0 0 0 0 0 0 0 0 0 0 0 0 0 0 0 0 0 94 378 395 749 2629 130 620 1086 55 122 63 447 64 4604 386 3578 2188 364 264 245 356 400 112 1340 31 0 0 0 0 329 534 181 840 152 44 10205 147 67 724 475 199 0 0 17 9949 2 0 12657 286 3871 416 1923 3010 384 1104 1178 263 2898 682 802 393 915 90598 1145 3364 5209 395 355 263 513 164 108 973 367 328 3318 1227 6229 3490 866 2500 1006 1398 0 16 7677 1 0 0 0 0 0 0 0 0 0 0 0 0 0 0 0 0 0 0 0 0 0 0 0 0 0 0 0 0 0 0 0 0 0 0 0 0 0 25 0 0 0 0 0 0 0 0 0 0 0 0 0 0 0 0 0 0 0 0 0 0 0 0 0 0 0 0 0 0 0 0 0 0 0 0 0 0 0 0 0 0 0 0 0 0 0 0 0 0 0 0 0 0 0 0 0 0 0 0 0 0 0 0 0 0 0 0 0 0 0 0 0 0 0 0 0 0 0 0 0 0 0 0 0 0 0 0 0 0 0 0 0 0 0 0 0 0 0 0 0 0 0 0 0 0 0 0 0 0 0 0 0 0 0 0 0 0 0 0 0 0 0 0 0 0 0 0 0 0 0 0 0 0 0 0 0 0 0 0 0 0 0 0 0 0 0 0 0 0 0 0 0 0 0 0 0 0 0 0 0 0 0 0 0 0 0 0 0 0 0 0 0 0 0 0 0 0 0 0 0 0 0 0 0 0 0 0 0 0 0 0 0 0 0 0 0 0 0 0 0 0 0 0 0 0 0 0 0 0 0 0 0 0 0 0 0 0 0 0 0 0 0 0 0 0 0 0 0 0 0 0 0 0 0 0 0 0 0 0 0 0 0 0 0 0 0 0 0 0 0 0 0 0 0 0 0 0 0 0 0 0 0 0 0 0 0 0 0 0 0 0 0 0 0 0 0 0 0 0 0 0 0 0 0 0 0 0 0 0 0 0 0 0 0 0 0 0 0 0 0 0 0 0 0 0 0 0 0 0 0 0 0 0 0 0 0 0 0 0 0 0 0 0 0 0 0 0 0 0 0 0 0 0 0 0 0 0 0 0 0 0 0 0 0 0 0 0 0 0 0 0 0 0 0 0 0 0 0 0 0 0 0 0 0 0 0 0 0 0 0 0 0 0 0 0 0 0 0 0 0 0 0 0 0 0 0 0 0 0 0 0 0 0 0 0 0 0 0 0 0 0 0 0 0 0 0 0 0 0 0 0 0 0 0 0 0 0 0 0 0 0 0 0 0 0 0 0 0 0 0 0 0 0 0 0 0 0 0 0 0 0 0 0 0 0 0 0 0 0 0 0 0 0 0 0 0 0 0 0 0 0 0 0 0 0 0 0 0 0 0 0 0 0 0 0 0 0 0 0 0 0 0 0 0 0 0 0 0 0 0 0 0 0 0 0 0 0 0 0 0 0 0 0 0 0 0 0 0 0 0 0 0 0 0 0 0 0 0 0 0 0 0 0 0 0 0 0 0 0 0 0 0 0 0 0 0 0 0 0 0 0 0 0 0 0 0 0 0 0 0 0 0 0 0 0 0 0 0 0 0 0 0 0 0 0 0 0 0 0 0 0 0 0 0 0 0 0 0 0 0 0 0 0 0 0 0 0 0 0 0 0 0 0 0 0 0 0 0 0 0 0 0 0 0 0 0 0 0 0 0 0 0 0 0 0 0 0 0 0 0 0 0 0 0 0 0 0 0 0 0 0 0 0 0 0 0 0 0 0 0 0 0 0 0 0 0 0 0 0 0 0 0 0 0 0 0 0 0 0 0 0 0 0 0 0 0 0 0 0 0 0 0 0 0 0 0 0 0 0 0 0 0 0 0 0 0 0 0 0 0 0 0 0 0 0 0 0 0 0 0 0 0 0 0 0 0 0 0 0 0 0 0 0 0 0 0 0 0 0 0 0 0 0 0 0 0 0 0 0 0 0 0 0 0 0 0 0 0 0 0 0 0 0 0 0 0 0 0 0 0 0 0 0 0 0 0 0 0 0 0 0 0 0 0 0 0 0 0 0 0 0 0 0 0 0 0 0 0 0 0 0 0 0 0 0 0 0 0 0 0 0 0 0 0 0 0 0 0 0 0 0 0 0 0 0 0 0 0 0 0 0 0 0 0 0 0 0 0 0 0 0 0 0 0 0 0 0 0 0 0 0 0 0 0 0 0 0 0 0 0 0 0 0 0 0 0 0 0 0 0 0 0 0 0 0 0 0 0 0 0 0 0 0 0 0 0 0 0 0 0 0 0 0 0 0 0 0 0 0 0 0 0 0 0 0 0 0 0 0 0 0 0 0 0 0 0 0 0 0 0 0 0 0 0 0 0 0 0 0 0 0 0 0 0 0 0 0 0 0 0 0 0 0 0 0 0 0 0 0 0 0 0 0 0 0 0 0 0 0 0 0 0 0 0 0 0 0 0 0 0 0 0 0 0 0 0 0 0 0 0 0 0 0 0 0 0 0 0 0 0 0 0 0 0 0 0 0 0 0 0 0 0 0 0 0 0 0 0 0 0 0 0 0 0 0 0 0 0 0 0 0 0 0 0 0 0 0 0 0 0 0 0 0 0 0 0 0 0 0 0 0 0 0 0 0 0 0 0 0 0 0 0 0 0 0 0 0 0 0 0 0 0 0 0 0 0 0 0 0 0 0 0 0 0 0 0 0 0 0 0 0 0 0 0 0 0 0 0 0 0 0 0 0 0 0 0 0 0 0 0 0 0 0 0 0 0 0 0 0 0 0 0 0 0 0 0 0 0 0
ctxt 7993101
btime 1613124388
processes 200043
procs_running 1
procs_blocked 0
softirq 37207377 1 21240999 576 1497514 0 0 152548 1044810 0 13270929
