cpu  12497440 7 15502 27735320 487 0 679 0 0 0
cpu0 97661 0 386 215917 0 0 121 0 0 0
cpu1 97686 0 69 216710 0 0 2 0 0 0
cpu2 97641 0 106 216708 0 0 0 0 0 0
cpu3 97149 0 410 216852 7 0 22 0 0 0
cpu4 97642 0 112 216726 0 0 2 0 0 0
cpu5 97669 0 59 216737 0 0 16 0 0 0
cpu6 97628 0 112 216697 0 0 9 0 0 0
cpu7 97279 0 358 216792 0 0 24 0 0 0
cpu8 97653 0 92 216730 0 0 2 0 0 0
cpu9 97688 0 57 216735 0 0 0 0 0 0
cpu10 97839 0 86 216549 0 0 0 0 0 0
cpu11 97596 0 162 216710 0 0 5 0 0 0
cpu12 97627 0 134 216716 0 0 2 0 0 0
cpu13 97684 0 58 216734 0 0 0 0 0 0
cpu14 97697 0 65 216708 0 0 3 0 0 0
cpu15 97587 0 212 216653 0 0 19 0 0 0
cpu16 97640 0 111 216722 0 0 1 0 0 0
cpu17 97675 0 56 216740 0 0 0 0 0 0
cpu18 97720 0 69 216686 0 0 0 0 0 0
cpu19 97670 0 138 216654 2 0 5 0 0 0
cpu20 97674 0 86 216718 0 0 1 0 0 0
cpu21 97691 0 54 216736 0 0 0 0 0 0
cpu22 97689 0 54 216724 0 0 0 0 0 0
cpu23 97708 2 216 216537 0 0 8 0 0 0
cpu24 97666 0 118 216686 0 0 2 0 0 0
cpu25 97687 0 43 216742 0 0 0 0 0 0
cpu26 97388 0 174 216857 0 0 12 0 0 0
cpu27 97538 0 258 216616 0 0 11 0 0 0
cpu28 97688 0 193 216512 0 0 0 0 0 0
cpu29 97690 0 52 216719 0 0 0 0 0 0
cpu30 97611 0 128 216729 0 0 2 0 0 0
cpu31 97614 0 236 216594 1 0 8 0 0 0
cpu32 97666 0 65 216738 0 0 1 0 0 0
cpu33 97676 0 60 216658 0 0 20 0 0 0
cpu34 97587 0 141 216733 0 0 13 0 0 0
cpu35 97761 0 291 216397 2 0 9 0 0 0
cpu36 97622 0 130 216707 0 0 0 0 0 0
cpu37 97691 0 55 216718 0 0 0 0 0 0
cpu38 97673 0 68 216728 0 0 1 0 0 0
cpu39 97802 0 314 216342 6 0 1 0 0 0
cpu40 97686 0 98 216674 0 0 0 0 0 0
cpu41 97689 0 50 216731 1 0 0 0 0 0
cpu42 97652 0 86 216723 0 0 4 0 0 0
cpu43 97673 0 277 216465 28 0 8 0 0 0
cpu44 95722 0 342 218322 0 0 35 0 0 0
cpu45 97693 0 49 216719 0 0 0 0 0 0
cpu46 97718 0 61 216684 0 0 0 0 0 0
cpu47 97604 0 485 216283 2 0 44 0 0 0
cpu48 97689 0 59 216715 0 0 0 0 0 0
cpu49 97692 0 50 216713 0 0 0 0 0 0
cpu50 97703 0 71 216690 1 0 0 0 0 0
cpu51 97629 0 152 216665 2 0 2 0 0 0
cpu52 97687 0 58 216721 0 0 0 0 0 0
cpu53 97694 0 58 216702 2 0 0 0 0 0
cpu54 97686 0 62 216709 0 0 0 0 0 0
cpu55 97524 0 202 216715 5 0 7 0 0 0
cpu56 97690 0 58 216719 0 0 0 0 0 0
cpu57 97628 0 52 216776 0 0 0 0 0 0
cpu58 97677 0 66 216719 1 0 2 0 0 0
cpu59 97480 0 174 216706 77 0 8 0 0 0
cpu60 97524 0 222 216686 2 0 29 0 0 0
cpu61 97682 0 50 216728 0 0 0 0 0 0
cpu62 97643 0 80 216731 0 0 3 0 0 0
cpu63 97674 0 167 216601 0 0 6 0 0 0
cpu64 97656 0 81 216720 0 0 0 0 0 0
cpu65 97676 0 65 216714 0 0 0 0 0 0
cpu66 97635 0 106 216713 1 0 2 0 0 0
cpu67 97636 0 206 216505 88 0 3 0 0 0
cpu68 97362 0 170 216894 0 0 6 0 0 0
cpu69 97678 0 57 216716 1 0 0 0 0 0
cpu70 97554 0 181 216706 0 0 14 0 0 0
cpu71 97772 0 181 216463 31 0 3 0 0 0
cpu72 97665 0 84 216703 0 0 0 0 0 0
cpu73 97674 0 43 216735 0 0 0 0 0 0
cpu74 97750 0 67 216644 0 0 0 0 0 0
cpu75 97545 0 214 216655 2 0 12 0 0 0
cpu76 97456 0 88 216892 0 0 4 0 0 0
cpu77 97690 0 40 216724 0 0 0 0 0 0
cpu78 97694 0 50 216699 0 0 0 0 0 0
cpu79 97616 0 138 216667 2 0 3 0 0 0
cpu80 97659 0 85 216710 1 0 0 0 0 0
cpu81 97668 0 42 216732 0 0 0 0 0 0
cpu82 97618 0 56 216766 0 0 0 0 0 0
cpu83 97654 0 122 216662 1 0 6 0 0 0
cpu84 97677 0 71 216700 0 0 0 0 0 0
cpu85 97660 0 44 216741 0 0 0 0 0 0
cpu86 97738 0 58 216653 1 0 0 0 0 0
cpu87 97662 1 139 216630 4 0 7 0 0 0
cpu88 97687 0 56 216707 0 0 0 0 0 0
cpu89 97689 0 48 216713 0 0 0 0 0 0
cpu90 97331 0 180 216924 0 0 2 0 0 0
cpu91 97390 0 173 216835 1 0 11 0 0 0
cpu92 97686 0 72 216683 1 0 0 0 0 0
cpu93 97683 0 46 216713 0 0 0 0 0 0
cpu94 97356 0 129 216955 0 0 2 0 0 0
cpu95 97612 0 189 216611 1 0 6 0 0 0
cpu96 97688 0 64 216690 5 0 0 0 0 0
cpu97 97686 0 52 216705 0 0 0 0 0 0
cpu98 97675 0 63 216698 0 0 0 0 0 0
cpu99 97760 2 214 216479 2 0 4 0 0 0
cpu100 97689 0 57 216700 0 0 0 0 0 0
cpu101 97680 0 64 216698 0 0 0 0 0 0
cpu102 97621 0 86 216731 0 0 4 0 0 0
cpu103 97851 0 271 216315 5 0 0 0 0 0
cpu104 97687 0 60 216688 0 0 0 0 0 0
cpu105 97685 0 64 216689 0 0 0 0 0 0
cpu106 97298 0 76 217039 0 0 2 0 0 0
cpu107 97914 0 201 216315 7 0 0 0 0 0
cpu108 97692 0 76 216660 7 0 0 0 0 0
cpu109 97686 0 46 216706 0 0 0 0 0 0
cpu110 97690 0 54 216693 0 0 0 0 0 0
cpu111 97864 0 564 215907 1 0 72 0 0 0
cpu112 97699 0 73 216668 0 0 0 0 0 0
cpu113 97689 0 47 216701 0 0 0 0 0 0
cpu114 97686 0 66 216672 11 0 0 0 0 0
cpu115 98200 0 316 215830 70 0 3 0 0 0
cpu116 97644 0 100 216688 0 0 4 0 0 0
cpu117 97688 0 51 216690 0 0 0 0 0 0
cpu118 97686 0 55 216684 0 0 0 0 0 0
cpu119 97357 0 150 216908 4 0 2 0 0 0
cpu120 97690 0 62 216684 0 0 1 0 0 0
cpu121 97690 0 55 216689 1 0 0 0 0 0
cpu122 97683 0 56 216698 0 0 0 0 0 0
cpu123 97791 0 167 216417 54 0 2 0 0 0
cpu124 97692 0 50 216691 1 0 0 0 0 0
cpu125 97690 0 62 216677 0 0 0 0 0 0
cpu126 97670 0 66 216692 1 0 0 0 0 0
cpu127 97546 0 166 216709 1 0 2 0 0 0
intr 36567544 130 0 0 0 683 0 0 0 1 0 285 0 0 0 0 0 0 0 0 0 0 0 0 0 0 0 0 0 0 0 0 0 0 0 0 260 0 5 2 838 3263 190 7308 2539 3329 0 3 97 3268 0 0 4782 6586 3 0 20 2211 17 0 0 2454 0 0 651 1671 838 1 2 2171 3 37812 148 1683 9 8 0 634 131 6 1098 4944 344 0 0 1985 0 326 5 1999 0 0 0 1470 0 0 743 4491 0 0 3031 1719 0 0 2963 1712 614 0 466 2367 0 0 2 3321 158 0 0 2715 0 0 0 3285 11 0 1 2399 0 0 140 2835 0 0 0 1901 0 0 0 1242 0 0 0 324 0 1 1693 802 0 0 0 2432 0 0 0 513 0 0 0 0 0 0 0 0 0 0 0 0 0 163 162 1 62 4 80 206 15 155 1 3 0 9 0 6 0 10 141 11 3 764 3 128 2 84 12 69 14 100 62 7 9 4 0 0 0 0 0 0 0 0 0 0 0 0 0 0 0 0 0 69 7 81 8 70 10 3 1 3 3 44 0 6 26 6 136 39 19 7 19 33 76 0 0 8 0 1 25 0 32 0 1 1 0 6 385 0 0 37 6200 5088 109 265 471 547 289 184 137 205 636 61 186 393 3008 20 74 221 532 31 9906 114 546 73 0 0 0 0 0 0 0 0 0 0 0 0 0 0 0 0 0 0 0 0 0 0 0 0 0 0 0 0 0 0 0 0 0 0 0 0 0 0 0 0 0 0 0 0 0 0 0 0 0 0 0 0 0 0 0 0 0 0 0 0 0 0 0 0 0 0 0 0 0 0 0 0 0 0 0 0 0 0 0 0 0 0 0 0 0 0 0 0 0 0 0 0 0 0 0 0 0 0 0 0 0 0 0 0 0 0 0 0 0 0 0 0 0 0 0 0 0 0 0 0 0 0 0 0 0 0 0 0 0 0 0 0 0 0 0 0 0 0 0 0 0 0 0 0 0 0 0 0 0 0 0 0 0 0 0 0 0 0 0 0 0 0 0 0 0 0 0 0 0 0 0 0 0 0 0 0 0 0 0 0 0 0 0 0 0 0 0 0 0 0 0 0 0 0 0 0 0 0 0 0 0 0 0 0 0 0 0 0 0 0 0 0 0 0 0 0 0 0 0 0 0 0 0 0 0 0 0 0 0 0 0 0 0 0 0 0 0 0 0 0 0 0 0 0 0 0 0 0 0 0 0 0 0 0 0 0 0 0 0 0 0 0 0 0 0 0 0 0 0 0 0 0 0 0 0 0 0 0 0 0 0 0 0 0 0 0 0 0 0 0 0 0 0 0 0 0 0 0 0 0 0 0 0 0 0 0 0 0 0 0 0 0 0 0 0 0 0 0 0 0 0 0 0 0 0 0 0 0 0 0 0 0 0 0 0 0 0 0 0 0 0 0 0 0 0 0 0 0 0 0 0 0 0 0 0 0 0 0 0 0 0 0 0 0 0 0 0 0 0 0 0 0 0 0 0 0 0 0 0 0 0 0 0 0 0 0 0 0 0 0 0 0 0 0 0 0 0 0 0 0 0 0 0 0 0 0 0 0 0 0 0 0 0 0 0 0 0 0 0 0 0 0 0 4 0 0 0 0 0 0 0 47 0 0 48 0 0 0 0 0 0 0 0 0 0 0 0 1 0 0 0 0 0 0 0 0 0 0 0 0 0 0 0 0 0 0 0 0 0 0 0 0 0 0 0 0 0 0 0 0 0 0 0 0 0 0 0 0 0 0 0 0 0 0 0 0 0 0 0 0 0 0 0 0 0 0 0 0 0 0 0 0 0 0 0 0 0 20 0 0 0 0 0 0 0 0 0 0 0 0 0 0 0 0 0 0 0 0 0 0 0 0 0 0 0 0 0 0 0 0 0 0 0 0 0 0 0 0 0 0 0 0 0 0 0 0 0 0 0 0 0 0 0 0 0 0 0 0 0 0 0 0 0 0 0 0 0 0 0 0 0 0 0 0 0 0 0 0 0 0 0 0 0 0 0 0 0 0 0 0 0 0 0 0 0 0 0 0 0 0 0 0 0 0 0 0 0 0 0 0 0 0 0 0 0 0 0 0 0 0 0 0 0 0 0 0 0 0 0 0 0 0 0 0 0 0 0 0 0 0 0 0 0 0 0 0 0 0 0 0 0 0 0 0 0 0 0 0 0 0 0 0 0 0 0 0 0 0 0 0 0 0 0 0 0 0 0 0 0 0 0 0 0 0 0 0 0 0 0 0 0 0 0 0 0 0 0 0 0 0 0 0 0 0 0 0 0 0 0 0 0 0 0 0 0 0 0 0 0 0 0 0 0 0 0 0 0 0 0 0 0 0 0 0 0 0 0 0 0 0 0 0 0 0 0 0 0 0 0 0 0 0 0 0 0 0 0 0 0 0 0 0 0 0 0 0 0 0 0 0 0 0 0 0 0 0 0 0 0 0 0 0 0 0 0 0 0 0 0 0 0 0 0 0 0 0 0 0 0 0 0 0 0 0 0 0 0 0 0 0 0 0 0 0 0 0 0 0 0 0 0 0 0 0 0 0 0 0 0 0 0 0 0 0 0 0 0 0 0 0 0 0 0 0 0 0 0 0 0 0 0 0 0 0 0 0 0 0 0 0 0 0 0 0 0 0 0 0 0 0 0 0 0 0 0 0 0 0 0 0 0 0 0 0 0 0 0 0 0 0 0 0 0 0 0 0 0 0 0 0 0 0 0 0 0 0 0 0 0 0 0 0 0 0 0 0 0 0 0 0 0 0 0 0 0 0 0 0 0 0 0 0 0 0 0 0 0 0 0 0 0 0 0 0 0 0 0 0 0 0 0 0 0 0 0 0 0 0 0 0 0 0 0 0 0 0 0 0 0 0 0 0 0 0 0 0 0 0 0 0 0 0 0 0 0 0 0 0 0 0 0 0 0 0 0 0 0 0 0 0 0 0 0 0 0 0 0 0 0 0 0 0 0 0 0 0 0 0 0 0 0 0 0 0 0 0 0 0 0 0 0 0 0 0 0 0 0 0 0 0 0 0 0 0 0 0 0 0 0 0 0 0 0 0 0 0 0 0 0 0 0 0 0 0 0 0 0 0 0 0 0 0 0 0 0 0 0 0 0 0 0 0 0 0 0 0 0 0 0 0 0 0 0 0 0 0 0 0 0 0 0 0 0 0 0 0 0 0 0 0 0 0 0 0 0 0 0 0 0 0 0 0 0 0 0 0 0 0 0 0 0 0 0 0 0 0 0 0 0 0 0 0 0 0 0 0 0 0 0 0 0 0 0 0 0 0 0 0 0 0 0 0 0 0 0 0 0 0 0 0 0 0 0 0 0 0 0 0 0 0 0 0 0 0 0 0 0 0 0 0 0 0 0 0 0 0 0 0 0 0 0 0 0 0 0 0 0 0 0 0 0 0 0 0 0 0 0 0 0 0 0 0 0 0 0 0 0 0 0 0 0 0 0 0 0 0 0 0 0 0 0 0 0 0 0 0 0 0 0 0 0 0 0 0 0 0 0 0 0 0 0 0 0 0 0 0 0 0 0 0 0 0 0 0 0 0 0 0 0 0 0 0 0 0 0 0 0 0 0 0 0 0 0 0 0 0 0 0 0 0 0 0 0 0 0 0 0 0 0 0 0 0 0 0 0 0 0 0 0 0 0 0 0 0 0 0 0 0 0 0 0 0 0 0 0 0 0 0 0 0 0 0 0 0 0 0 0 0 0 0 0 0 0 0 0 0 0 0 0 0 0 0 0 0 0 0 0 0 0 0 0 0 0 0 0 0 0 0 0 0 0 0 0 0 0 0 0 0 0 0 0 0 0 0 0 0 0 0 0 0 0 0 0 0 0 0 0 0 0 0 0 0 0 0 0 0 0 0 0 0 0 0 0 0 0 0 0 0 0 0 0 0 0 0 0 0 0 0 0 0 0 0 0 0 0 0 0 0 0 0 0 0 0 0 0 0 0 0 0 0 0 0 0 0 0 0 0 0 0 0 0 0 0 0 0 0 0 0 0 0 0 0 0 0 0 0 0 0 0 0 0 0 0 0 0 0 0 0 0 0 0 0 0 0 0 0 0 0 0 0 0 0 0 0 0 0 0 0 0 0 0 0 0 0 0 0 0 0 0 0 0 0 0 0 0 0 0 0 0 0 0 0 0 0 0 0 0 0 0 0 0 0 0 0 0 0 0 0 0 0 0 0 0 0 0 0 0 0 0 0 0 0 0 0 0 0 0 0 0 0 0 0 0 0 0 0 0 0 0 0 0 0 0 0 0 0 0 0 0 0 0 0 0 0 0 0 0 0 0 0 0 0 0 0 0 0 0 0 0 0 0 0 0 0 0 0 0 0 0 0 0 0 0 0 0 0 0 0 0 0 0 0 0 0 0 0 0 0 0 0 0 0 0 0 0 0 0 0 0 0 0 0 0 0 0 0 0 0 0 0 0 0 0 0 0 0 0 0 0 0 0 0 0 0 0 0 0 0 0 0 0 0 0 0 0 0 0 0 0 0 0 0 0 0 0 0 0 0 0 0 0 0 0 0 0 0 0 0 0 0 0 0 0 0 0 0 0 0 0 0 0 0 0 0 0 0 0 0 0 0 0 0 0 0 0 0 0 0 0 0 0 0 0 0 0 0 0 0 0 0 0 0 0 0 0 0 0 0 0 0 0 0 0 0 0 0 0 0 0 0 0 0 0 0 0 0 0 0 0 0 0 0 0 0 0 0 0 0 0 0 0 0 0 0 0 0 0 0 0 0 0 0 0 0 0 0 0 0 0 0 0 0 0 0 0 0 0 0 0 0 0 0 0 0 0 0 0 0 0 0 0 0 0 0 0 0 0 0 0 0 0 0 0 0 0 0 0 0 0 0 0 0 0 0 0 0 0 0 0 0 0 0 0 0 0 0 0 0 0 0 0 0 0 0 0 0 0 0 0 0 0 0 0 0 0 0 0 0 0 0 0 0 0 0 0 0 0 0 0 0 0 0 0 0 0 0 0 0 0 0 0 0 0 0 0 0 0 0 0 0 0 0 0 0 0 0 0 0 0 0 0 0 0 0 0 0 0 0 0 0 0 0 0 0 0 0 0 0 0 0 0 0 0 0 0 0 0 0 0 0 0 0 0 0 0 0 0 0 0 0 0 0 0 0 0 0 0 0 0 0 0 0 0 0 0 0 0 0 0 0 0 0 0 0 0 0 0 0 0 0 0 0 0 0 0 0 0 0 0 0 0 0 0 0 0 0 0 0 0 0 0 0 0 0 0 0 0 0 0 0 0 0 0 0 0 0 0 0 0 0 0 0 0 0 0 0 0 0 0 0 0 0 0 0 0 0 0 0 0 0 0 0 0 0 0 0 0 0 0 0 0 0 0 0 0 0 0 0 0 0 0 0 0 0 0 0 0 0 0 0 0 0 0 0 0 0 0 0 0 0 0 0 0 0 0 0 0 0 0 0 0 0 0 0 0 0 0 0 0 0 0 0 0 0 0 0 0 0 0 0 0 0 0 0 0 0 0 0 0 0 0 0 0 0 0 0 0 0 0 0 0 0 0 0 0 0 0 0 0 0 0 0 0 0 0 0 0 0 0 0 0 0 0 0 0 0 0 0 0 0 0 0 0 0 0 0 0 0 0 0 0 0 0 0 0 0 0 0 0 0 0 0 0 0 0 0 0 0 0 0 0 0 0 0 0 0 0 0 0 0 0 0 0 0 0 0 0 0 0 0 0 0 0 0 0 0 0 0 0 0 0 0 0 0 0 0 0 0 0 0 0 0 0 0 0 0 0 0 0 0 0 0 0 0 0 0 0 0 0 0 0 0 0 0 0 0 0 0 0 0 0 0 0 0 0 0 0 0 0 0 0 0 0 0 0 0 0 0 0 0 0 0 0 0 0 0 0 0 0 0 0 0 0 0 0 0 0 0 0 0 0 0 0 0 0 0 0 0 0 0 0 0 0 0 0 0 0 0 0 0 0 0 0 0 0 0 0 0 0 0 0 0 0 0 0 0 0 0 0 0 0 0 0 0 0 0 0 0 0 0 0 0 0 0 0 0 0 0 0 0 0 0 0 0 0 0 0 0 0 0 0 0 0 0 0 0 0 0 0 0 0 0 0 0 0 0 0 0 0 0 0 0 0 0 0 0 0 0 0 0 0 0 0 0 0 0 0 0 0 0 0 0 0 0 0 0 0 0 0 0 0 0 0 0 0 0 0 0 0 0 0 0 0 0 0 0 0 0 0 0 0 0 0 0 0 0 0 0 0 0 0 0 0 0 0 0 0 0 0 0 0 0 0 0 0 0 0 0 0 0 0 0 0 0 0 0 0 0 0 0 0 0 0 0 0 0 0 0 0 0 0 0 0 0 0 0 0 0 0 0 0 0 0 0 0 0 0 0 0 0 0 0 0 0 0 0 0 0 0 0 0 0 0 0 0 0 0 0 0 0 0 0 0 0 0 0 0 0 0 0 0 0 0 0 0 0 0 0 0 0 0 0 0 0 0 0 0 0 0 0 0 0 0 0 0 0 0 0 0 0 0 0 0 0 0 0 0 0 0 0 0 0 0 0 0 0 0 0 0 0 0 0 0 0 0 0 0 0 0 0 0 0 0 0 0 0 0 0 0 0 0 0 0 0 0 0 0 0 0 0 0 0 0 0 0 0 0 0 0 0 0 0 0 0 0 0 0 0 0 0 0 0 0 0 0 0 0 0 0 0 0 0 0 0 0 0 0 0 0 0 0 0 0 0 0 0 0 0 0 0 0 0 0 0 0 0 0 0 0 0 0 0 0 0 0 0 0 0 0 0 0 0 0 0 0 0 0 0 0 0 0 0 0 0 0 0 0 0 0 0 0 0 0 0 0 0 0 0 0 0 0 0 0 0 0 0 0 0 0 0 0 0 0 0 0 0 0 0 0 0 0 0 0 0 0 0 0 0 0 0 0 0 0 0 0 0 0 0 0 0 0 0 0 0 0 0 0 0 0 0 0 0 0 0 0 0 0 0 0 0 0 0 0 0 0 0 0 0 0 0 0 0 0 0 0 0 0 0 0 0 0 0 0 0 0 0 0 0 0 0 0 0 0 0 0 0 0 0 0 0 0 0 0 0 0 0 0 0 0 0 0 0 0 0 0 0 0 0 0 0 0 0 0 0 0 0 0 0 0 0 0 0 0 0 0 0 0 0 0 0 0 0 0 0 0 0 0 0 0 0 0 0 0 0 0 0 0 0 0 0 0 0 0 0 0 0 0 0 0 0 0 0 0 0 0 0 0 0 0 0 0 0 0 0 0 0 0 0 0 0 0 0 0 0 0 0 0 0 0 0 0 0 0 0 0 0 0 0 0 0 0 0 0 0 0 0 0 0 0 0 0 0 0 0 0 0 0 0 0 0 0 0 0 0 0 0 0 0 0 0 0 0 0 0 0 0 0 0 0 0 0 0 0 0 0 0 0 0 0 0 0 0 0 0 0 0 0 0 0 0 0 0 0 0 0 0 0 0 0 0 0 0 0 0 0 0 0 0 0 0 0 0 0 0 0 0 0 0 0 0 0 0 0 0 0 0 0 0 0 0 0 0 0 0 0 0 0 0 0 0 0 0 0 0 0 0 0 0 0 0 0 0 0 0 0 0 0 0 0 0 0 0 0 0 0 0 0 0 0 0 0 0 0 0 0 0 0 0 0 0 0 0 0 0 0 0 0 0 0 0 0 0 0 0 0 0 0 0 0 0 0 0 0 0 0 0 0 0 0 0 0 0 0 0 0 0 0 0 0 0 0 0 0 0 0 0 0 0 0 0 0 0 0 0 0 0 0 0 0 0 0 0 0 0 0 0 0 0 0 0 0 0 0 0 0 0 0 0 0 0 0 0 0 0 0 0 0 0 0 0 0 0 0 0 0 0 0 0 0 0 0 0 0 0 0 0 0 0 0 0 0 0 0 0 0 0 0 0 0 0 0 0 0 0 0 0 0 0 0 0 0 0 0 0 0 0 0 0 0 0 0 0 0 0 0 0 0 0 0 0 0 0 0 0 0 0 0 0 0 0 0 0 0 0 0 0 0 0 0 0 0 0 0 0 0 0 0 0 0 0 0 0 0 0 0 0 0 0 0 0 0 0 0 0 0 0 0 0 0 0 0 0 0 0 0 0 0 0 0 0 0 0 0 0 0 0 0 0 0 0 0 0 0 0 0 0 0 0 0 0 0 0 0 0 0 0 0 0 0 0 0 0 0 0 0 0 0 0 0 0 0 0 0 0 0 0 0 0 0 0 0 0 0 0 0 0 0 0 0 0 0 0 0 0 0 0 0 0 0 0 0 0 0 0 0 0 0 0 0 0 0 0 0 0 0 0 0 0 0 0 0 0 0 0 0 0 0 0 0 0 0 0 0 0 0 0 0 0 0 0 0 0 0 0 0 0 0 0 0 0 0 0 0 0 0 0 0 0 0 0 0 0 0 0 0 0 0 0 0 0 0 0 0 0 0 0 0 0 0 0 0 0 0 0 0 0 0 0 0 0 0 0 0 0 0 0 0 0 0 0 0 0 0 0 0 0 0 0 0 0 0 0 0 0 0 0 0 0 0 0 0 0 0 0 0 0 0 0 0 0 0 0 0 0 0 0 0 0 0 0 0 0 0 0 0 0 0 0 0 0 0 0 0 0 0 0 0 0 0 0 0 0 0 0 0 0 0 0 0 0 0 0 0 0 0 0 0 0 0 0 0 0 0 0 0 0 0 0 0 0 0 0 0 0 0 0 0 0 0 0 0 0 0 0 0 0 0 0 0 0 0 0 0 0 0 0 0 0 0 0 0 0 0 0 0 0 0 0 0 0 0 0 0 0 0 0 0 0 0 0 0 0 0 0 0 0 0 0 0 0 0 0 0 0 0 0 0 0 0 0 0 0 0 0 0 0 0 0 0 0 0 0 0 0 0 0 0 0 0 0 0 0 0 0 0 0 0 0 0 0 0 0 0 0 0 0 0 0 0 0 0 0 0 0 0 0 0 0 0 0 0 0 0 0 0 0 0 0 0 0 0 0 0 0 0 0 0 0 0 0 0 0 0 0 0 0 0 0 0 0 0 0 0 0 0 0 0 0 0 0 0 0 0 0 0 0 0 0 0 0 0 0 0 0 0 0 0 0 0 0 0 0 0 0 0 0 0 0 0 0 0 0 0 0 0 0 0 0 0 0 0 0 0 0 0 0 0 0 0 0 0 0 0 0 0 0 0 0 0 0 0 0 0 0 0 0 0 0 0 0 0 0 0 0 0 0 0 0 0 0 0 0 0 0 0 0 0 0 0 0 0 0 0 0 0 0 0 0 0 0 0 0 0 0 0 0 0 0 0 0 0 0 0 0 0 0 0 0 0 0 0 0 0 0 0 0 0 0 0 0 0 0 0 0 0 0 0 0 0 0 0 0 0 0 0 0 0 0 0 0 0 0 0 0 0 0 0 0 0 0 0 0 0 0 0 0 0 0 0 0 0 0 0 0 0 0 0 0 0 0 0 0 0 0 0 0 0 0 0 0 0 0 0 0 0 0 0 0 0 0 0 0 0 0 0 0 0 0 0 0 0 0 0 0 0 0 0 0 0 0 0 0 0 0 0 0 0 0 0 0 0 0 0 0 0 0 0 0 0 0 0 0 0 0 0 0 0 0 0 0 0 0 0 0 0 0 0 0 0 0 0 0 0 0 0 0 0 0 0 0 0 0 0 0 0 0 0 0 0 0 0 0 0 0 0 0 0 0 0 0 0 0 0 0 0 0 0 0 0 0 0 0 0 0 0 0 0 0 0 0 0 0 0 0 0 0 0 0 0 0 0 0 0 0 0 0 0 0 0 0 0 0 0 0 0 0 0 0 0 0 0 0 0 0 0 0 0 0 0 0 0 0 0 0 0 0 0 0 0 0 0 0 0 0 0 0 0 0 0 0 0 0 0 0 0 0 0 0 0 0 0 0 0 0 0 0 0 0 0 0 0 0 0 0 0 0 0 0 0 0 0
ctxt 3695707
btime 1613064757
processes 89683
procs_running 1
procs_blocked 0
softirq 40188688 1 23492929 1302 754760 0 0 163 1425048 0 14514485
