cpu  340 7 2890 1619809 34 0 15 0 0 0
cpu0 5 1 215 24975 0 0 8 0 0 0
cpu1 2 0 36 25331 1 0 4 0 0 0
cpu2 2 0 49 25317 1 0 0 0 0 0
cpu3 0 0 28 25348 0 0 0 0 0 0
cpu4 5 0 159 25151 0 0 0 0 0 0
cpu5 1 0 28 25345 0 0 0 0 0 0
cpu6 4 0 43 25325 0 0 0 0 0 0
cpu7 0 0 30 25344 0 0 0 0 0 0
cpu8 4 0 94 25264 0 0 0 0 0 0
cpu9 4 0 41 25329 0 0 0 0 0 0
cpu10 10 0 83 25272 0 0 0 0 0 0
cpu11 2 0 27 25344 0 0 0 0 0 0
cpu12 11 0 39 25321 0 0 0 0 0 0
cpu13 0 0 34 25338 0 0 0 0 0 0
cpu14 11 0 41 25318 0 0 0 0 0 0
cpu15 2 0 31 25340 0 0 0 0 0 0
cpu16 6 0 46 25297 0 0 0 0 0 0
cpu17 1 0 42 25323 1 0 1 0 0 0
cpu18 10 0 42 25319 0 0 0 0 0 0
cpu19 3 0 34 25332 0 0 0 0 0 0
cpu20 44 0 44 25281 0 0 0 0 0 0
cpu21 0 0 35 25333 0 0 0 0 0 0
cpu22 12 0 54 25303 0 0 0 0 0 0
cpu23 1 0 26 25340 0 0 0 0 0 0
cpu24 3 2 55 25297 3 0 0 0 0 0
cpu25 1 0 32 25333 3 0 0 0 0 0
cpu26 2 0 36 25331 0 0 0 0 0 0
cpu27 1 0 31 25334 0 0 0 0 0 0
cpu28 2 1 36 25328 0 0 0 0 0 0
cpu29 2 0 38 25328 0 0 0 0 0 0
cpu30 3 0 46 25318 0 0 0 0 0 0
cpu31 0 0 33 25334 0 0 0 0 0 0
cpu32 8 0 46 25309 0 0 0 0 0 0
cpu33 0 0 36 25327 0 0 0 0 0 0
cpu34 4 0 44 25315 0 0 0 0 0 0
cpu35 1 0 40 25319 2 0 0 0 0 0
cpu36 3 0 43 25317 0 0 0 0 0 0
cpu37 1 0 30 25329 0 0 0 0 0 0
cpu38 1 0 34 25319 0 0 0 0 0 0
cpu39 1 0 36 25325 0 0 0 0 0 0
cpu40 3 0 37 25321 0 0 0 0 0 0
cpu41 1 0 36 25323 1 0 0 0 0 0
cpu42 4 0 38 25319 0 0 0 0 0 0
cpu43 3 0 33 25322 2 0 0 0 0 0
cpu44 10 0 62 25280 0 0 0 0 0 0
cpu45 2 0 45 25308 0 0 0 0 0 0
cpu46 24 0 57 25270 0 0 0 0 0 0
cpu47 2 0 34 25325 0 0 0 0 0 0
cpu48 12 0 48 25299 0 0 0 0 0 0
cpu49 3 0 35 25317 1 0 0 0 0 0
cpu50 15 0 44 25295 0 0 0 0 0 0
cpu51 2 0 34 25322 0 0 0 0 0 0
cpu52 13 0 40 25304 0 0 0 0 0 0
cpu53 1 0 30 25316 0 0 0 0 0 0
cpu54 9 0 46 25299 0 0 0 0 0 0
cpu55 0 0 34 25320 0 0 0 0 0 0
cpu56 4 0 34 25315 1 0 0 0 0 0
cpu57 1 0 44 25311 0 0 0 0 0 0
cpu58 19 0 42 25294 0 0 0 0 0 0
cpu59 1 0 35 25314 0 0 0 0 0 0
cpu60 4 0 37 25312 0 0 0 0 0 0
cpu61 2 0 30 25322 0 0 0 0 0 0
cpu62 7 0 37 25299 4 0 0 0 0 0
cpu63 2 0 36 25313 0 0 0 0 0 0
intr 341971 82 0 0 0 625 0 0 0 1 0 262 0 0 0 0 0 0 0 0 0 0 0 0 0 0 0 0 0 0 0 0 0 0 0 0 0 0 0 1 0 4 0 1 0 0 0 0 7 2 11 12 4 105 0 37 2923 25 1 0 1 0 2 0 0 0 0 0 0 0 0 6 0 0 4 0 0 0 6 0 0 0 0 39 0 1 0 0 0 0 0 0 4 1 0 0 0 0 3 51 0 8 0 0 0 0 0 0 0 0 0 0 0 0 0 0 0 0 0 0 93 4231 0 0 0 0 0 0 0 0 0 0 0 0 0 0 0 0 0 0 0 0 0 0 0 0 0 0 0 0 0 0 0 0 0 0 0 0 0 0 0 0 0 0 0 0 0 0 0 0 0 0 0 0 0 0 0 0 0 0 0 0 0 0 0 0 0 0 0 0 0 0 0 0 0 0 0 17 0 0 0 0 0 0 0 0 0 0 0 0 0 0 0 0 0 0 0 0 0 0 0 0 0 0 0 0 0 0 0 0 0 0 0 0 0 0 0 0 0 0 0 0 0 0 0 0 0 0 0 0 0 0 0 0 0 0 0 0 0 0 0 0 0 0 0 0 0 0 0 0 0 0 0 0 0 0 0 0 0 0 0 0 0 0 0 0 0 0 0 0 0 0 0 0 0 0 0 0 0 0 0 0 0 0 0 0 0 0 0 0 0 0 0 0 0 0 0 0 0 0 0 0 0 0 0 0 0 0 0 0 0 0 0 0 0 0 0 0 0 0 0 0 0 0 0 0 0 0 0 0 0 0 0 0 0 0 0 0 0 0 0 0 0 0 0 0 0 0 0 0 0 0 0 0 0 0 0 0 0 0 0 0 0 0 0 0 0 0 0 0 0 0 0 0 0 0 0 0 0 0 0 0 0 0 0 0 0 0 0 0 0 0 0 0 0 0 0 0 0 0 0 0 0 0 0 0 0 0 0 0 0 0 0 0 0 0 0 0 0 0 0 0 0 0 0 0 0 0 0 0 0 0 0 0 0 0 0 0 0 0 0 0 0 0 0 0 0 0 0 0 0 0 0 0 0 0 0 0 0 0 0 0 0 0 0 0 0 0 0 0 0 0 0 0 0 0 0 0 0 0 0 0 0 0 0 0 0 0 0 0 0 0 0 0 0 0 0 0 0 0 0 0 0 0 0 0 0 0 0 0 0 0 0 0 0 0 0 0 0 0 0 0 0 0 0 0 0 0 0 0 0 0 0 0 0 0 0 0 0 0 0 0 0 0 0 0 0 0 0 0 0 0 0 0 0 0 0 0 0 0 0 0 0 0 0 0 0 0 0 0 0 0 0 0 0 0 0 0 0 0 0 0 0 0 0 0 0 0 0 0 0 0 0 0 0 0 0 0 0 0 0 0 0 0 0 0 0 0 0 0 0 0 0 0 0 0 0 0 0 0 0 0 0 0 0 0 0 0 0 0 0 0 0 0 0 0 0 0 0 0 0 0 0 0 0 0 0 0 0 0 0 0 0 0 0 0 0 0 0 0 0 0 0 0 0 0 0 0 0 0 0 0 0 0 0 0 0 0 0 0 0 0 0 0 0 0 0 0 0 0 0 0 0 0 0 0 0 0 0 0 0 0 0 0 0 0 0 0 0 0 0 0 0 0 0 0 0 0 0 0 0 0 0 0 0 0 0 0 0 0 0 0 0 0 0 0 0 0 0 0 0 0 0 0 0 0 0 0 0 0 0 0 0 0 0 0 0 0 0 0 0 0 0 0 0 0 0 0 0 0 0 0 0 0 0 0 0 0 0 0 0 0 0 0 0 0 0 0 0 0 0 0 0 0 0 0 0 0 0 0 0 0 0 0 0 0 0 0 0 0 0 0 0 0 0 0 0 0 0 0 0 0 0 0 0 0 0 0 0 0 0 0 0 0 0 0 0 0 0 0 0 0 0 0 0 0 0 0 0 0 0 0 0 0 0 0 0 0 0 0 0 0 0 0 0 0 0 0 0 0 0 0 0 0 0 0 0 0 0 0 0 0 0 0 0 0 0 0 0 0 0 0 0 0 0 0 0 0 0 0 0 0 0 0 0 0 0 0 0 0 0 0 0 0 0 0 0 0 0 0 0 0 0 0 0 0 0 0 0 0 0 0 0 0 0 0 0 0 0 0 0 0 0 0 0 0 0 0 0 0 0 0 0 0 0 0 0 0 0 0 0 0 0 0 0 0 0 0 0 0 0 0 0 0 0 0 0 0 0 0 0 0 0 0 0 0 0 0 0 0 0 0 0 0 0 0 0 0 0 0 0 0 0 0 0 0 0 0 0 0 0 0 0 0 0 0 0 0 0 0 0 0 0 0 0 0 0 0 0 0 0 0 0 0 0 0 0 0 0 0 0 0 0 0 0 0 0 0 0 0 0 0 0 0 0 0 0 0 0 0 0 0 0 0 0 0 0 0 0 0 0 0 0 0 0 0 0 0 0 0 0 0 0 0 0 0 0 0 0 0 0 0 0 0 0 0 0 0 0 0 0 0 0 0 0 0 0 0 0 0 0 0 0 0 0 0 0 0 0 0 0 0 0 0 0 0 0 0 0 0 0 0 0 0 0 0 0 0 0 0 0 0 0 0 0 0 0 0 0 0 0 0 0 0 0 0 0 0 0 0 0 0 0 0 0 0 0 0 0 0 0 0 0 0 0 0 0 0 0 0 0 0 0 0 0 0 0 0 0 0 0 0 0 0 0 0 0 0 0 0 0 0 0 0 0 0 0 0 0 0 0 0 0 0 0 0 0 0 0 0 0 0 0 0 0 0 0 0 0 0 0 0 0 0 0 0 0 0 0 0 0 0 0 0 0 0 0 0 0 0 0 0 0 0 0 0 0 0 0 0 0 0 0 0 0 0 0 0 0 0 0 0 0 0 0 0 0 0 0 0 0 0 0 0 0 0 0 0 0 0 0 0 0 0 0 0 0 0 0 0 0 0 0 0 0 0 0 0 0 0 0 0 0 0 0 0 0 0 0 0 0 0 0 0 0 0 0 0 0 0 0 0 0 0 0 0 0 0 0 0 0 0 0 0 0 0 0 0 0 0 0 0 0 0 0 0 0 0 0 0 0 0 0 0 0 0 0 0 0 0 0 0 0 0 0 0 0 0 0 0 0 0 0 0 0 0 0 0 0 0 0 0 0 0 0 0 0 0 0 0 0 0 0 0 0 0 0 0 0 0 0 0 0 0 0 0 0 0 0 0 0 0 0 0 0 0 0 0 0 0 0 0 0 0 0 0 0 0 0 0 0 0 0 0 0 0 0 0 0 0 0 0 0 0 0 0 0 0 0 0 0 0 0 0 0 0 0 0 0 0 0 0 0 0 0 0 0 0 0 0 0 0 0 0 0 0 0 0 0 0 0 0 0 0 0 0 0 0 0 0 0 0 0 0 0 0 0 0 0 0 0 0 0 0 0 0 0 0 0 0 0 0 0 0 0 0 0 0 0 0 0 0 0 0 0 0 0 0 0 0 0 0 0 0 0 0 0 0 0 0 0 0 0 0 0 0 0 0 0 0 0 0 0 0 0 0 0 0 0 0 0 0 0 0 0 0 0 0 0 0 0 0 0 0 0 0 0 0 0 0 0 0 0 0 0 0 0 0 0 0 0 0 0 0 0 0 0 0 0 0 0 0 0 0 0 0 0 0 0 0 0 0 0 0 0 0 0 0 0 0 0 0 0 0 0 0 0 0 0 0 0 0 0 0 0 0 0 0 0 0 0 0 0 0 0 0 0 0 0 0 0 0 0 0 0 0 0 0 0 0 0 0 0 0 0 0 0 0 0 0 0 0 0 0 0 0 0 0 0 0 0 0 0 0 0 0 0 0 0 0 0 0 0 0 0 0 0 0 0 0 0 0 0 0 0 0 0 0 0 0 0 0 0 0 0 0 0 0 0 0 0 0 0 0 0 0 0 0 0 0 0 0 0 0 0 0 0 0 0 0 0 0 0 0 0 0 0 0 0 0 0 0 0 0 0 0 0 0 0 0 0 0 0 0 0 0 0 0 0 0 0 0 0 0 0 0 0 0 0 0 0 0 0 0 0 0 0 0 0 0 0 0 0 0 0 0 0 0 0 0 0 0 0 0 0 0 0 0 0 0 0 0 0 0 0 0 0 0 0 0 0 0 0 0 0 0 0 0 0 0 0 0 0 0 0 0 0 0 0 0 0 0 0 0 0 0 0 0 0 0 0 0 0 0 0 0 0 0 0 0 0 0 0 0 0 0 0 0 0 0 0 0 0 0 0 0 0 0 0 0 0 0 0 0 0 0 0 0 0 0 0 0 0 0 0 0 0 0 0 0 0 0 0 0 0 0 0 0 0 0 0 0 0 0 0 0 0 0 0 0 0 0 0 0 0 0 0 0 0 0 0 0 0 0 0 0 0 0 0 0 0 0 0 0 0 0 0 0 0 0 0 0 0 0 0 0 0 0 0 0 0 0 0 0 0 0 0 0 0 0 0 0 0 0 0 0 0 0 0 0 0 0 0 0 0 0 0 0 0 0 0 0 0 0 0 0 0 0 0 0 0 0 0 0 0 0 0 0 0 0 0 0 0 0 0 0 0 0 0 0 0 0 0 0 0 0 0 0 0 0 0 0 0 0 0 0 0 0 0 0 0 0 0 0 0 0 0 0 0 0 0 0 0 0 0 0 0 0 0 0 0 0 0 0 0 0 0 0 0 0 0 0 0 0 0 0 0 0 0 0 0 0 0 0 0 0 0 0 0 0 0 0 0 0 0 0 0 0 0 0 0 0 0 0 0 0 0 0 0 0 0 0 0 0 0 0 0 0 0 0 0 0 0 0 0 0 0 0 0 0 0 0 0 0 0 0 0 0 0 0 0 0 0 0 0 0 0 0 0 0 0 0 0 0 0 0 0 0 0 0 0 0 0 0 0 0 0 0 0 0 0 0 0 0 0 0 0 0 0 0 0 0 0 0 0 0 0 0 0 0 0 0 0 0 0 0 0 0 0 0 0 0 0 0 0 0 0 0 0 0 0 0 0 0 0 0 0 0 0 0 0 0 0 0 0 0 0 0 0 0 0 0 0 0 0 0 0 0 0 0 0 0 0 0 0 0 0 0 0 0 0 0 0 0 0 0 0 0 0 0 0 0 0 0 0 0 0
ctxt 136894
btime 1613123985
processes 1402
procs_running 1
procs_blocked 0
softirq 225496 1 80372 72 3260 0 0 126 84369 0 57296
