cpu  54551248 7 57641 28946067 521 0 4292 0 0 0
cpu0 424964 0 1696 225465 0 0 315 0 0 0
cpu1 425814 0 517 226431 2 0 48 0 0 0
cpu2 425207 0 1215 226284 0 0 78 0 0 0
cpu3 424683 0 1420 226584 7 0 76 0 0 0
cpu4 425900 0 670 226229 1 0 48 0 0 0
cpu5 426249 0 255 226263 0 0 72 0 0 0
cpu6 425813 0 791 226172 0 0 30 0 0 0
cpu7 425438 0 1091 226199 0 0 70 0 0 0
cpu8 426148 0 536 226115 0 0 42 0 0 0
cpu9 426476 0 242 226119 1 0 7 0 0 0
cpu10 425634 0 1037 226080 0 0 88 0 0 0
cpu11 425804 0 718 226250 0 0 65 0 0 0
cpu12 425625 0 714 226388 0 0 84 0 0 0
cpu13 426174 0 419 226213 0 0 32 0 0 0
cpu14 425620 0 991 226163 0 0 68 0 0 0
cpu15 425834 0 731 226202 0 0 60 0 0 0
cpu16 426363 0 290 226178 0 0 9 0 0 0
cpu17 426184 0 245 226389 0 0 14 0 0 0
cpu18 425360 0 1278 226097 0 0 107 0 0 0
cpu19 425962 0 617 226197 2 0 44 0 0 0
cpu20 426465 0 238 226138 0 0 7 0 0 0
cpu21 426346 0 234 226253 0 0 16 0 0 0
cpu22 425821 0 812 226112 0 0 91 0 0 0
cpu23 425954 2 669 226150 0 0 48 0 0 0
cpu24 426450 0 337 226034 0 0 18 0 0 0
cpu25 426794 0 266 225763 1 0 12 0 0 0
cpu26 425372 0 960 226331 0 0 134 0 0 0
cpu27 425828 0 687 226196 0 0 68 0 0 0
cpu28 426574 0 309 225870 0 0 4 0 0 0
cpu29 426406 0 284 226123 0 0 12 0 0 0
cpu30 426278 0 435 226109 0 0 18 0 0 0
cpu31 426096 0 555 226128 1 0 34 0 0 0
cpu32 426204 0 324 226271 0 0 36 0 0 0
cpu33 426266 0 202 226118 0 0 197 0 0 0
cpu34 426121 0 543 226125 0 0 54 0 0 0
cpu35 426202 0 716 225849 3 0 51 0 0 0
cpu36 426451 0 281 226086 0 0 5 0 0 0
cpu37 426433 0 176 226212 0 0 11 0 0 0
cpu38 425987 0 582 226227 0 0 38 0 0 0
cpu39 426134 0 850 225769 6 0 70 0 0 0
cpu40 426545 0 186 226086 0 0 10 0 0 0
cpu41 426507 0 195 226119 1 0 10 0 0 0
cpu42 426051 0 467 226278 0 0 33 0 0 0
cpu43 426520 0 711 225488 29 0 57 0 0 0
cpu44 424498 0 460 227788 0 0 42 0 0 0
cpu45 427004 0 344 225456 1 0 18 0 0 0
cpu46 425970 0 564 226255 3 0 31 0 0 0
cpu47 427148 0 886 224681 2 0 61 0 0 0
cpu48 426545 0 222 226052 0 0 12 0 0 0
cpu49 426447 0 230 226115 0 0 20 0 0 0
cpu50 426202 0 516 226072 1 0 41 0 0 0
cpu51 426650 0 542 225561 2 0 42 0 0 0
cpu52 426449 0 189 226190 0 0 3 0 0 0
cpu53 426308 0 246 226251 2 0 15 0 0 0
cpu54 426240 0 323 226242 0 0 17 0 0 0
cpu55 426142 0 394 226256 5 0 18 0 0 0
cpu56 426467 0 229 226116 0 0 18 0 0 0
cpu57 426351 0 194 226266 0 0 11 0 0 0
cpu58 426077 0 548 226156 3 0 46 0 0 0
cpu59 426023 0 412 226264 77 0 32 0 0 0
cpu60 426289 0 396 226100 2 0 40 0 0 0
cpu61 426413 0 174 226229 0 0 11 0 0 0
cpu62 426334 0 326 226143 0 0 21 0 0 0
cpu63 426283 0 421 226084 0 0 24 0 0 0
cpu64 425731 0 910 226057 1 0 121 0 0 0
cpu65 426002 0 366 226393 0 0 26 0 0 0
cpu66 425518 0 758 226499 3 0 29 0 0 0
cpu67 426100 0 558 226034 88 0 22 0 0 0
cpu68 426122 0 358 226308 0 0 9 0 0 0
cpu69 426132 0 308 226355 1 0 10 0 0 0
cpu70 425955 0 598 226248 0 0 19 0 0 0
cpu71 426095 0 614 226041 31 0 22 0 0 0
cpu72 426410 0 307 226095 0 0 9 0 0 0
cpu73 426265 0 192 226353 0 0 9 0 0 0
cpu74 426017 0 657 226118 0 0 39 0 0 0
cpu75 426023 0 516 226210 2 0 36 0 0 0
cpu76 426210 0 240 226347 0 0 10 0 0 0
cpu77 426250 0 306 226244 1 0 12 0 0 0
cpu78 424710 0 769 227231 0 0 50 0 0 0
cpu79 426102 0 464 226203 4 0 18 0 0 0
cpu80 426519 0 189 226111 1 0 2 0 0 0
cpu81 426446 0 153 226203 0 0 7 0 0 0
cpu82 425602 0 856 226272 0 0 66 0 0 0
cpu83 426137 0 403 226231 1 0 34 0 0 0
cpu84 426583 0 191 226035 0 0 5 0 0 0
cpu85 426274 0 210 226318 0 0 9 0 0 0
cpu86 426198 0 534 226050 1 0 30 0 0 0
cpu87 425810 1 641 226270 4 0 80 0 0 0
cpu88 426213 0 410 226166 0 0 25 0 0 0
cpu89 426438 0 138 226231 0 0 8 0 0 0
cpu90 425912 0 565 226290 0 0 38 0 0 0
cpu91 425849 0 492 226391 1 0 42 0 0 0
cpu92 426455 0 189 226159 1 0 3 0 0 0
cpu93 426368 0 158 226267 0 0 9 0 0 0
cpu94 426111 0 289 226400 0 0 9 0 0 0
cpu95 426028 0 458 226265 1 0 19 0 0 0
cpu96 426397 0 203 226187 5 0 8 0 0 0
cpu97 426433 0 154 226218 0 0 4 0 0 0
cpu98 426425 0 269 226095 0 0 16 0 0 0
cpu99 426275 2 535 225968 2 0 38 0 0 0
cpu100 426537 0 140 226132 0 0 2 0 0 0
cpu101 426355 0 170 226276 1 0 5 0 0 0
cpu102 426344 0 282 226172 0 0 12 0 0 0
cpu103 426556 0 566 225646 5 0 35 0 0 0
cpu104 426522 0 150 226130 0 0 1 0 0 0
cpu105 426415 0 154 226226 1 0 10 0 0 0
cpu106 425933 0 355 226480 0 0 14 0 0 0
cpu107 426415 0 550 225782 8 0 48 0 0 0
cpu108 426491 0 189 226111 7 0 3 0 0 0
cpu109 426408 0 175 226207 1 0 13 0 0 0
cpu110 426205 0 290 226278 0 0 20 0 0 0
cpu111 427350 0 903 224436 1 0 80 0 0 0
cpu112 426596 0 168 226040 0 0 4 0 0 0
cpu113 426351 0 163 226270 0 0 12 0 0 0
cpu114 426170 0 460 226124 11 0 38 0 0 0
cpu115 426953 0 471 225270 70 0 11 0 0 0
cpu116 426454 0 209 226135 1 0 5 0 0 0
cpu117 426414 0 178 226193 0 0 8 0 0 0
cpu118 426442 0 197 226150 0 0 3 0 0 0
cpu119 425979 0 464 226294 4 0 44 0 0 0
cpu120 426616 0 163 226025 0 0 3 0 0 0
cpu121 426434 0 151 226214 2 0 4 0 0 0
cpu122 426100 0 384 226294 0 0 17 0 0 0
cpu123 426460 0 404 225869 54 0 8 0 0 0
cpu124 426318 0 222 226251 2 0 13 0 0 0
cpu125 426505 0 230 226055 0 0 5 0 0 0
cpu126 426485 0 217 226088 1 0 3 0 0 0
cpu127 426380 0 521 225862 1 0 14 0 0 0
intr 153940126 130 0 0 0 683 0 0 0 1 0 285 0 0 0 0 0 0 0 0 0 0 0 0 0 0 0 0 0 0 0 0 0 0 0 0 260 0 976 6933 922 12590 1992 19279 2539 7479 1847 578 101 5929 135 2452 4984 8547 157 653 37 5054 1186 2517 0 6126 446 522 681 3376 1422 1313 10 4055 554 59476 158 10425 483 509 14 5076 1385 928 1098 9545 1264 700 9 8375 473 1504 5 3777 380 1449 0 2726 299 1461 745 6423 153 1132 3080 4098 885 6136 2975 8305 2223 3260 466 6894 1005 715 2 5972 598 2134 49 3998 134 445 13 5133 1102 3144 52 7229 567 514 140 5537 429 1768 167 4096 511 918 20 4429 399 568 0 3431 698 664 1693 3041 1129 2212 7 6336 200 1159 0 1325 526 1119 6 0 0 0 0 0 0 0 0 0 0 163 189 1 62 4 80 206 18 155 1 3 0 9 0 6 0 10 158 11 3 764 21 128 2 86 329 103 19 271 62 333 32 93 0 0 0 0 0 0 0 0 0 0 0 0 0 0 0 0 0 71 10 94 26 97 34 24 1 111 3 85 0 6 26 104 136 39 19 7 19 35 76 0 0 8 0 105 28 0 83 0 1 1 0 6 385 0 0 37 6357 5242 120 424 471 760 388 245 211 248 872 172 202 402 3008 71 124 225 580 60 9906 117 546 82 0 0 0 0 0 0 0 0 0 0 0 0 0 0 0 0 0 0 0 0 0 0 0 0 0 0 0 0 0 0 0 0 0 0 0 0 0 0 0 0 0 0 0 0 0 0 0 0 0 0 0 0 0 0 0 0 0 0 0 0 0 0 0 0 0 0 0 0 0 0 0 0 0 0 0 0 0 0 0 0 0 0 0 0 0 0 0 0 0 0 0 0 0 0 0 0 0 0 0 0 0 0 0 0 0 0 0 0 0 0 0 0 0 0 0 0 0 0 0 0 0 0 0 0 0 0 0 0 0 0 0 0 0 0 0 0 0 0 0 0 0 0 0 0 0 0 0 0 0 0 0 0 0 0 0 0 0 0 0 0 0 0 0 0 0 0 0 0 0 0 0 0 0 0 0 0 0 0 0 0 0 0 0 0 0 0 0 0 0 0 0 0 0 0 0 0 0 0 0 0 0 0 0 0 0 0 0 0 0 0 0 0 0 0 0 0 0 0 0 0 0 0 0 0 0 0 0 0 0 0 0 0 0 0 0 0 0 0 0 0 0 0 0 0 0 0 0 0 0 0 0 0 0 0 0 0 0 0 0 0 0 0 0 0 0 0 0 0 0 0 0 0 0 0 0 0 0 0 0 0 0 0 0 0 0 0 0 0 0 0 0 0 0 0 0 0 0 0 0 0 0 0 0 0 0 0 0 0 0 0 0 0 0 0 0 0 0 0 0 0 0 0 0 0 0 0 0 0 0 0 0 0 0 0 0 0 0 0 0 0 0 0 0 0 0 0 0 0 0 0 0 0 0 0 0 0 0 0 0 0 0 0 0 0 0 0 0 0 0 0 0 0 0 0 0 0 0 0 0 0 0 0 0 0 0 0 0 0 0 0 0 0 0 0 0 0 0 0 0 0 0 0 0 0 0 0 0 0 0 0 0 0 0 0 0 0 0 0 0 0 0 0 0 4 0 0 0 0 0 0 0 47 0 0 48 0 0 0 0 0 0 0 0 0 0 0 0 1 0 0 0 0 0 0 0 0 0 0 0 0 0 0 0 0 0 0 0 0 0 0 0 0 0 0 0 0 0 0 0 0 0 0 0 0 0 0 0 0 0 0 0 0 0 0 0 0 0 0 0 0 0 0 0 0 0 0 0 0 0 0 0 0 0 0 0 0 0 20 0 0 0 0 0 0 0 0 0 0 0 0 0 0 0 0 0 0 0 0 0 0 0 0 0 0 0 0 0 0 0 0 0 0 0 0 0 0 0 0 0 0 0 0 0 0 0 0 0 0 0 0 0 0 0 0 0 0 0 0 0 0 0 0 0 0 0 0 0 0 0 0 0 0 0 0 0 0 0 0 0 0 0 0 0 0 0 0 0 0 0 0 0 0 0 0 0 0 0 0 0 0 0 0 0 0 0 0 0 0 0 0 0 0 0 0 0 0 0 0 0 0 0 0 0 0 0 0 0 0 0 0 0 0 0 0 0 0 0 0 0 0 0 0 0 0 0 0 0 0 0 0 0 0 0 0 0 0 0 0 0 0 0 0 0 0 0 0 0 0 0 0 0 0 0 0 0 0 0 0 0 0 0 0 0 0 0 0 0 0 0 0 0 0 0 0 0 0 0 0 0 0 0 0 0 0 0 0 0 0 0 0 0 0 0 0 0 0 0 0 0 0 0 0 0 0 0 0 0 0 0 0 0 0 0 0 0 0 0 0 0 0 0 0 0 0 0 0 0 0 0 0 0 0 0 0 0 0 0 0 0 0 0 0 0 0 0 0 0 0 0 0 0 0 0 0 0 0 0 0 0 0 0 0 0 0 0 0 0 0 0 0 0 0 0 0 0 0 0 0 0 0 0 0 0 0 0 0 0 0 0 0 0 0 0 0 0 0 0 0 0 0 0 0 0 0 0 0 0 0 0 0 0 0 0 0 0 0 0 0 0 0 0 0 0 0 0 0 0 0 0 0 0 0 0 0 0 0 0 0 0 0 0 0 0 0 0 0 0 0 0 0 0 0 0 0 0 0 0 0 0 0 0 0 0 0 0 0 0 0 0 0 0 0 0 0 0 0 0 0 0 0 0 0 0 0 0 0 0 0 0 0 0 0 0 0 0 0 0 0 0 0 0 0 0 0 0 0 0 0 0 0 0 0 0 0 0 0 0 0 0 0 0 0 0 0 0 0 0 0 0 0 0 0 0 0 0 0 0 0 0 0 0 0 0 0 0 0 0 0 0 0 0 0 0 0 0 0 0 0 0 0 0 0 0 0 0 0 0 0 0 0 0 0 0 0 0 0 0 0 0 0 0 0 0 0 0 0 0 0 0 0 0 0 0 0 0 0 0 0 0 0 0 0 0 0 0 0 0 0 0 0 0 0 0 0 0 0 0 0 0 0 0 0 0 0 0 0 0 0 0 0 0 0 0 0 0 0 0 0 0 0 0 0 0 0 0 0 0 0 0 0 0 0 0 0 0 0 0 0 0 0 0 0 0 0 0 0 0 0 0 0 0 0 0 0 0 0 0 0 0 0 0 0 0 0 0 0 0 0 0 0 0 0 0 0 0 0 0 0 0 0 0 0 0 0 0 0 0 0 0 0 0 0 0 0 0 0 0 0 0 0 0 0 0 0 0 0 0 0 0 0 0 0 0 0 0 0 0 0 0 0 0 0 0 0 0 0 0 0 0 0 0 0 0 0 0 0 0 0 0 0 0 0 0 0 0 0 0 0 0 0 0 0 0 0 0 0 0 0 0 0 0 0 0 0 0 0 0 0 0 0 0 0 0 0 0 0 0 0 0 0 0 0 0 0 0 0 0 0 0 0 0 0 0 0 0 0 0 0 0 0 0 0 0 0 0 0 0 0 0 0 0 0 0 0 0 0 0 0 0 0 0 0 0 0 0 0 0 0 0 0 0 0 0 0 0 0 0 0 0 0 0 0 0 0 0 0 0 0 0 0 0 0 0 0 0 0 0 0 0 0 0 0 0 0 0 0 0 0 0 0 0 0 0 0 0 0 0 0 0 0 0 0 0 0 0 0 0 0 0 0 0 0 0 0 0 0 0 0 0 0 0 0 0 0 0 0 0 0 0 0 0 0 0 0 0 0 0 0 0 0 0 0 0 0 0 0 0 0 0 0 0 0 0 0 0 0 0 0 0 0 0 0 0 0 0 0 0 0 0 0 0 0 0 0 0 0 0 0 0 0 0 0 0 0 0 0 0 0 0 0 0 0 0 0 0 0 0 0 0 0 0 0 0 0 0 0 0 0 0 0 0 0 0 0 0 0 0 0 0 0 0 0 0 0 0 0 0 0 0 0 0 0 0 0 0 0 0 0 0 0 0 0 0 0 0 0 0 0 0 0 0 0 0 0 0 0 0 0 0 0 0 0 0 0 0 0 0 0 0 0 0 0 0 0 0 0 0 0 0 0 0 0 0 0 0 0 0 0 0 0 0 0 0 0 0 0 0 0 0 0 0 0 0 0 0 0 0 0 0 0 0 0 0 0 0 0 0 0 0 0 0 0 0 0 0 0 0 0 0 0 0 0 0 0 0 0 0 0 0 0 0 0 0 0 0 0 0 0 0 0 0 0 0 0 0 0 0 0 0 0 0 0 0 0 0 0 0 0 0 0 0 0 0 0 0 0 0 0 0 0 0 0 0 0 0 0 0 0 0 0 0 0 0 0 0 0 0 0 0 0 0 0 0 0 0 0 0 0 0 0 0 0 0 0 0 0 0 0 0 0 0 0 0 0 0 0 0 0 0 0 0 0 0 0 0 0 0 0 0 0 0 0 0 0 0 0 0 0 0 0 0 0 0 0 0 0 0 0 0 0 0 0 0 0 0 0 0 0 0 0 0 0 0 0 0 0 0 0 0 0 0 0 0 0 0 0 0 0 0 0 0 0 0 0 0 0 0 0 0 0 0 0 0 0 0 0 0 0 0 0 0 0 0 0 0 0 0 0 0 0 0 0 0 0 0 0 0 0 0 0 0 0 0 0 0 0 0 0 0 0 0 0 0 0 0 0 0 0 0 0 0 0 0 0 0 0 0 0 0 0 0 0 0 0 0 0 0 0 0 0 0 0 0 0 0 0 0 0 0 0 0 0 0 0 0 0 0 0 0 0 0 0 0 0 0 0 0 0 0 0 0 0 0 0 0 0 0 0 0 0 0 0 0 0 0 0 0 0 0 0 0 0 0 0 0 0 0 0 0 0 0 0 0 0 0 0 0 0 0 0 0 0 0 0 0 0 0 0 0 0 0 0 0 0 0 0 0 0 0 0 0 0 0 0 0 0 0 0 0 0 0 0 0 0 0 0 0 0 0 0 0 0 0 0 0 0 0 0 0 0 0 0 0 0 0 0 0 0 0 0 0 0 0 0 0 0 0 0 0 0 0 0 0 0 0 0 0 0 0 0 0 0 0 0 0 0 0 0 0 0 0 0 0 0 0 0 0 0 0 0 0 0 0 0 0 0 0 0 0 0 0 0 0 0 0 0 0 0 0 0 0 0 0 0 0 0 0 0 0 0 0 0 0 0 0 0 0 0 0 0 0 0 0 0 0 0 0 0 0 0 0 0 0 0 0 0 0 0 0 0 0 0 0 0 0 0 0 0 0 0 0 0 0 0 0 0 0 0 0 0 0 0 0 0 0 0 0 0 0 0 0 0 0 0 0 0 0 0 0 0 0 0 0 0 0 0 0 0 0 0 0 0 0 0 0 0 0 0 0 0 0 0 0 0 0 0 0 0 0 0 0 0 0 0 0 0 0 0 0 0 0 0 0 0 0 0 0 0 0 0 0 0 0 0 0 0 0 0 0 0 0 0 0 0 0 0 0 0 0 0 0 0 0 0 0 0 0 0 0 0 0 0 0 0 0 0 0 0 0 0 0 0 0 0 0 0 0 0 0 0 0 0 0 0 0 0 0 0 0 0 0 0 0 0 0 0 0 0 0 0 0 0 0 0 0 0 0 0 0 0 0 0 0 0 0 0 0 0 0 0 0 0 0 0 0 0 0 0 0 0 0 0 0 0 0 0 0 0 0 0 0 0 0 0 0 0 0 0 0 0 0 0 0 0 0 0 0 0 0 0 0 0 0 0 0 0 0 0 0 0 0 0 0 0 0 0 0 0 0 0 0 0 0 0 0 0 0 0 0 0 0 0 0 0 0 0 0 0 0 0 0 0 0 0 0 0 0 0 0 0 0 0 0 0 0 0 0 0 0 0 0 0 0 0 0 0 0 0 0 0 0 0 0 0 0 0 0 0 0 0 0 0 0 0 0 0 0 0 0 0 0 0 0 0 0 0 0 0 0 0 0 0 0 0 0 0 0 0 0 0 0 0 0 0 0 0 0 0 0 0 0 0 0 0 0 0 0 0 0 0 0 0 0 0 0 0 0 0 0 0 0 0 0 0 0 0 0 0 0 0 0 0 0 0 0 0 0 0 0 0 0 0 0 0 0 0 0 0 0 0 0 0 0 0 0 0 0 0 0 0 0 0 0 0 0 0 0 0 0 0 0 0 0 0 0 0 0 0 0 0 0 0 0 0 0 0 0 0 0 0 0 0 0 0 0 0 0 0 0 0 0 0 0 0 0 0 0 0 0 0 0 0 0 0 0 0 0 0 0 0 0 0 0 0 0 0 0 0 0 0 0 0 0 0 0 0 0 0 0 0 0 0 0 0 0 0 0 0 0 0 0 0 0 0 0 0 0 0 0 0 0 0 0 0 0 0 0 0 0 0 0 0 0 0 0 0 0 0 0 0 0 0 0 0 0 0 0 0 0 0 0 0 0 0 0 0 0 0 0 0 0 0 0 0 0 0 0 0 0 0 0 0 0 0 0 0 0 0 0 0 0 0 0 0 0 0 0 0 0 0 0 0 0 0 0 0 0 0 0 0 0 0 0 0 0 0 0 0 0 0 0 0 0 0 0 0 0 0 0 0 0 0 0 0 0 0 0 0 0 0 0 0 0 0 0 0 0 0 0 0 0 0 0 0 0 0 0 0 0 0 0 0 0 0 0 0 0 0 0 0 0 0 0 0 0 0 0 0 0 0 0 0 0 0 0 0 0 0 0 0 0 0 0 0 0 0 0 0 0 0 0 0 0 0 0 0 0 0 0 0 0 0 0 0 0 0 0 0 0 0 0 0 0 0 0 0 0 0 0 0 0 0 0 0 0 0 0 0 0 0 0 0 0 0 0 0 0 0 0 0 0 0 0 0 0 0 0 0 0 0 0 0 0 0 0 0 0 0 0 0 0 0 0 0 0 0 0 0 0 0 0 0 0 0 0 0 0 0 0 0 0 0 0 0 0 0 0 0 0 0 0 0 0 0 0 0 0 0 0 0 0 0 0 0 0 0 0 0 0 0 0 0 0 0 0 0 0 0 0 0 0 0 0 0 0 0 0 0 0 0 0 0 0 0 0 0 0 0 0 0 0 0 0 0 0 0 0 0 0 0 0 0 0 0 0 0 0 0 0 0 0 0 0 0 0 0 0 0 0 0 0 0 0 0 0 0 0 0 0 0 0 0 0 0 0 0 0 0 0 0 0 0 0 0 0 0 0 0 0 0 0 0 0 0 0 0 0 0 0 0 0 0 0 0 0 0 0 0 0 0 0 0 0 0 0 0 0 0 0 0 0 0 0 0 0 0 0 0 0 0 0 0 0 0 0 0 0 0 0 0 0 0 0 0 0 0 0 0 0 0 0 0 0 0 0 0 0 0 0 0 0 0 0 0 0 0 0 0 0 0 0 0 0 0 0 0 0 0 0 0 0 0 0 0 0 0 0 0 0 0 0 0 0 0 0 0 0 0 0 0 0 0 0 0 0 0 0 0 0 0 0 0 0 0 0 0 0 0 0 0 0 0 0 0 0 0 0 0 0 0 0 0 0 0 0 0 0 0 0 0 0 0 0 0 0 0 0 0 0 0 0 0 0 0 0 0 0 0 0 0 0 0 0 0 0 0 0 0 0 0 0 0 0 0 0 0 0 0 0 0 0 0 0 0 0 0 0 0 0 0 0 0 0 0 0 0 0 0 0 0 0 0 0 0 0 0 0 0 0 0 0 0 0 0 0 0 0 0 0 0 0 0 0 0 0 0 0 0 0 0 0 0 0 0 0 0 0 0 0 0 0 0 0 0 0 0 0 0 0 0 0 0 0 0 0 0 0 0 0 0 0 0 0 0 0 0 0 0 0 0 0 0 0 0 0 0 0 0 0 0 0 0 0 0 0 0 0 0 0 0 0 0 0 0 0 0 0 0 0 0 0 0 0 0 0 0 0 0 0 0 0 0 0 0 0 0 0 0 0 0 0 0 0 0 0 0 0 0 0 0 0 0 0 0 0 0 0 0 0 0 0 0 0 0 0 0 0 0 0 0 0 0 0 0 0 0 0 0 0 0 0 0 0 0 0 0 0 0 0 0 0 0 0 0 0 0 0 0 0 0 0 0 0 0 0 0 0 0 0 0 0 0 0 0 0 0 0 0 0 0 0 0 0 0 0 0 0 0 0 0 0 0 0 0 0 0 0 0 0 0 0 0 0 0 0 0 0 0 0 0 0 0 0 0 0 0 0 0 0 0 0 0 0 0 0 0 0 0 0 0 0 0 0 0 0 0 0 0 0 0 0 0 0 0 0 0 0 0 0 0 0 0 0 0 0 0 0 0 0 0 0 0 0 0 0 0 0 0 0 0 0 0 0 0 0 0 0 0 0 0 0 0 0 0 0 0 0 0 0 0 0 0 0 0 0 0 0 0 0 0 0 0 0 0 0 0 0 0 0 0 0 0 0 0 0 0 0 0 0 0 0 0 0 0 0 0 0 0 0 0 0 0 0 0 0 0 0 0 0 0 0 0 0 0 0 0 0 0 0 0 0 0 0 0 0 0 0 0 0 0 0 0 0 0 0 0 0 0 0 0 0 0 0 0 0 0 0 0 0 0 0 0 0 0 0 0 0 0 0 0 0 0 0 0 0 0 0 0 0 0 0 0 0 0 0 0 0 0 0 0 0 0 0 0 0 0 0 0 0 0 0 0 0 0 0 0 0 0 0 0 0 0 0 0 0 0 0 0 0 0 0 0 0 0 0 0 0 0 0 0 0 0 0 0 0 0 0 0 0 0 0 0 0 0 0 0 0 0 0 0 0 0 0 0 0 0 0 0 0 0 0 0 0 0 0 0 0 0 0 0 0 0 0 0 0 0 0 0 0 0 0 0 0 0 0 0 0 0 0 0 0 0 0 0 0 0 0 0 0 0 0 0 0 0 0 0 0 0 0 0 0 0 0 0 0 0 0 0 0 0 0 0 0 0 0 0 0 0 0 0 0 0 0 0 0 0 0 0 0 0 0 0 0 0 0 0 0 0 0 0 0 0 0 0 0 0 0 0 0 0 0 0 0 0 0 0 0 0 0 0 0 0 0 0 0 0 0 0 0 0 0 0 0 0 0 0 0 0 0 0 0 0 0 0 0 0 0 0 0 0 0 0 0 0 0 0 0 0 0 0 0 0 0 0 0 0 0 0 0 0 0 0 0 0 0 0 0 0 0 0 0 0 0 0 0 0 0 0 0 0 0 0 0 0 0 0 0 0 0 0 0 0 0 0 0 0 0 0 0 0 0 0 0 0 0 0 0 0 0 0 0 0 0 0 0 0 0 0 0 0 0 0 0 0 0 0 0 0 0 0 0 0 0 0 0 0 0 0 0 0 0 0 0 0 0 0 0 0 0 0 0 0 0 0 0 0 0 0 0 0 0 0 0 0 0 0 0 0 0 0 0 0 0 0 0 0 0 0 0 0 0 0 0 0 0 0 0 0 0 0 0 0 0 0 0 0 0 0 0 0 0 0 0 0 0 0 0 0 0 0 0 0 0 0 0 0 0 0 0 0 0 0 0 0 0 0 0 0 0 0 0 0 0 0 0 0 0 0 0 0 0 0 0 0 0 0 0 0 0 0 0 0 0 0 0 0 0 0 0 0 0 0 0 0 0 0 0 0 0 0 0 0 0 0 0 0 0 0 0 0 0 0 0 0 0 0 0 0 0 0 0 0 0 0 0 0 0 0 0 0 0 0 0 0 0 0 0 0 0 0 0 0 0 0 0 0 0 0 0 0 0 0 0 0 0 0 0 0 0 0 0 0 0 0 0 0 0 0 0 0 0 0 0 0 0 0 0 0 0 0 0 0 0 0 0 0 0 0 0 0 0 0 0 0 0 0 0 0 0 0 0 0 0 0 0 0 0 0 0 0 0 0 0 0 0 0 0 0 0 0 0 0 0 0 0 0 0 0 0 0 0 0 0 0 0 0 0 0 0 0 0 0 0 0 0 0 0 0 0 0 0 0 0 0 0 0 0 0 0 0 0
ctxt 10242773
btime 1613064757
processes 229730
procs_running 1
procs_blocked 0
softirq 166984834 1 100162816 2115 1998609 0 0 188 5137715 0 59683390
