cpu  9703224 4 14153 6806479 422 0 1623 0 0 0
cpu0 269407 0 467 188909 1 0 266 0 0 0
cpu1 269470 0 334 189233 1 0 107 0 0 0
cpu2 269649 0 242 189156 0 0 29 0 0 0
cpu3 269626 0 316 189077 4 0 15 0 0 0
cpu4 268574 0 1106 189114 2 0 250 0 0 0
cpu5 269380 0 487 189129 14 0 38 0 0 0
cpu6 269516 0 347 189169 2 0 11 0 0 0
cpu7 269523 0 315 189211 4 0 10 0 0 0
cpu8 269933 0 456 188653 1 0 7 0 0 0
cpu9 269547 0 428 189066 1 0 14 0 0 0
cpu10 269416 0 390 189230 4 0 11 0 0 0
cpu11 269525 0 317 189200 2 0 15 0 0 0
cpu12 269394 0 424 189213 4 0 13 0 0 0
cpu13 269671 0 435 188882 49 0 17 0 0 0
cpu14 269013 0 765 189227 4 0 35 0 0 0
cpu15 269230 0 572 189218 5 0 34 0 0 0
cpu16 269262 0 523 189206 1 0 56 0 0 0
cpu17 269633 0 267 189129 5 0 9 0 0 0
cpu18 269690 0 189 189162 4 0 3 0 0 0
cpu19 269505 0 338 189178 1 0 26 0 0 0
cpu20 269752 0 149 189138 3 0 5 0 0 0
cpu21 269694 0 170 189178 9 0 0 0 0 0
cpu22 269564 0 231 189239 12 0 11 0 0 0
cpu23 269608 0 213 189220 2 0 2 0 0 0
cpu24 268554 0 888 189117 12 0 462 0 0 0
cpu25 269633 0 190 189224 3 0 4 0 0 0
cpu26 269527 0 315 189187 7 0 6 0 0 0
cpu27 270006 0 284 188757 0 0 9 0 0 0
cpu28 270844 0 478 187613 81 0 4 0 0 0
cpu29 269622 0 225 189161 33 0 9 0 0 0
cpu30 270086 0 343 188535 54 0 4 0 0 0
cpu31 269552 3 347 189095 40 0 8 0 0 0
cpu32 269321 0 615 189070 6 0 41 0 0 0
cpu33 269306 0 554 189105 12 0 66 0 0 0
cpu34 269560 0 230 189228 15 0 9 0 0 0
cpu35 269618 0 191 189232 1 0 2 0 0 0
intr 27083726 56 0 0 0 610 0 0 0 1 0 275 0 0 0 0 0 0 0 0 0 0 0 0 0 0 0 0 0 0 0 0 0 94 441 194 18 198 842 609 131 189 61 87 285 138 255 1472 453 279 249 339 191 148 151 1241 3734 0 0 0 0 203 1395 268 366 35 10039 3471 3978 1767 545 724 219 132 0 16 9782 1 0 12533 1581 162 532 974 176 163 442 923 2787 928 868 2566 384 4222 1427 2801 341 887 2200 5317 259 2783 723 92153 54 607 956 470 2444 443 326 4923 2294 786 419 0 16 7733 1 0 0 0 0 0 0 0 0 0 0 0 0 0 0 0 0 0 0 0 0 0 0 0 0 0 0 0 0 0 0 0 0 0 0 0 0 0 24 0 0 0 0 0 0 0 0 0 0 0 0 0 0 0 0 0 0 0 0 0 0 0 0 0 0 0 0 0 0 0 0 0 0 0 0 0 0 0 0 0 0 0 0 0 0 0 0 0 0 0 0 0 0 0 0 0 0 0 0 0 0 0 0 0 0 0 0 0 0 0 0 0 0 0 0 0 0 0 0 0 0 0 0 0 0 0 0 0 0 0 0 0 0 0 0 0 0 0 0 0 0 0 0 0 0 0 0 0 0 0 0 0 0 0 0 0 0 0 0 0 0 0 0 0 0 0 0 0 0 0 0 0 0 0 0 0 0 0 0 0 0 0 0 0 0 0 0 0 0 0 0 0 0 0 0 0 0 0 0 0 0 0 0 0 0 0 0 0 0 0 0 0 0 0 0 0 0 0 0 0 0 0 0 0 0 0 0 0 0 0 0 0 0 0 0 0 0 0 0 0 0 0 0 0 0 0 0 0 0 0 0 0 0 0 0 0 0 0 0 0 0 0 0 0 0 0 0 0 0 0 0 0 0 0 0 0 0 0 0 0 0 0 0 0 0 0 0 0 0 0 0 0 0 0 0 0 0 0 0 0 0 0 0 0 0 0 0 0 0 0 0 0 0 0 0 0 0 0 0 0 0 0 0 0 0 0 0 0 0 0 0 0 0 0 0 0 0 0 0 0 0 0 0 0 0 0 0 0 0 0 0 0 0 0 0 0 0 0 0 0 0 0 0 0 0 0 0 0 0 0 0 0 0 0 0 0 0 0 0 0 0 0 0 0 0 0 0 0 0 0 0 0 0 0 0 0 0 0 0 0 0 0 0 0 0 0 0 0 0 0 0 0 0 0 0 0 0 0 0 0 0 0 0 0 0 0 0 0 0 0 0 0 0 0 0 0 0 0 0 0 0 0 0 0 0 0 0 0 0 0 0 0 0 0 0 0 0 0 0 0 0 0 0 0 0 0 0 0 0 0 0 0 0 0 0 0 0 0 0 0 0 0 0 0 0 0 0 0 0 0 0 0 0 0 0 0 0 0 0 0 0 0 0 0 0 0 0 0 0 0 0 0 0 0 0 0 0 0 0 0 0 0 0 0 0 0 0 0 0 0 0 0 0 0 0 0 0 0 0 0 0 0 0 0 0 0 0 0 0 0 0 0 0 0 0 0 0 0 0 0 0 0 0 0 0 0 0 0 0 0 0 0 0 0 0 0 0 0 0 0 0 0 0 0 0 0 0 0 0 0 0 0 0 0 0 0 0 0 0 0 0 0 0 0 0 0 0 0 0 0 0 0 0 0 0 0 0 0 0 0 0 0 0 0 0 0 0 0 0 0 0 0 0 0 0 0 0 0 0 0 0 0 0 0 0 0 0 0 0 0 0 0 0 0 0 0 0 0 0 0 0 0 0 0 0 0 0 0 0 0 0 0 0 0 0 0 0 0 0 0 0 0 0 0 0 0 0 0 0 0 0 0 0 0 0 0 0 0 0 0 0 0 0 0 0 0 0 0 0 0 0 0 0 0 0 0 0 0 0 0 0 0 0 0 0 0 0 0 0 0 0 0 0 0 0 0 0 0 0 0 0 0 0 0 0 0 0 0 0 0 0 0 0 0 0 0 0 0 0 0 0 0 0 0 0 0 0 0 0 0 0 0 0 0 0 0 0 0 0 0 0 0 0 0 0 0 0 0 0 0 0 0 0 0 0 0 0 0 0 0 0 0 0 0 0 0 0 0 0 0 0 0 0 0 0 0 0 0 0 0 0 0 0 0 0 0 0 0 0 0 0 0 0 0 0 0 0 0 0 0 0 0 0 0 0 0 0 0 0 0 0 0 0 0 0 0 0 0 0 0 0 0 0 0 0 0 0 0 0 0 0 0 0 0 0 0 0 0 0 0 0 0 0 0 0 0 0 0 0 0 0 0 0 0 0 0 0 0 0 0 0 0 0 0 0 0 0 0 0 0 0 0 0 0 0 0 0 0 0 0 0 0 0 0 0 0 0 0 0 0 0 0 0 0 0 0 0 0 0 0 0 0 0 0 0 0 0 0 0 0 0 0 0 0 0 0 0 0 0 0 0 0 0 0 0 0 0 0 0 0 0 0 0 0 0 0 0 0 0 0 0 0 0 0 0 0 0 0 0 0 0 0 0 0 0 0 0 0 0 0 0 0 0 0 0 0 0 0 0 0 0 0 0 0 0 0 0 0 0 0 0 0 0 0 0 0 0 0 0 0 0 0 0 0 0 0 0 0 0 0 0 0 0 0 0 0 0 0 0 0 0 0 0 0 0 0 0 0 0 0 0 0 0 0 0 0 0 0 0 0 0 0 0 0 0 0 0 0 0 0 0 0 0 0 0 0 0 0 0 0 0 0 0 0 0 0 0 0 0 0 0 0 0 0 0 0 0 0 0 0 0 0 0 0 0 0 0 0 0 0 0 0 0 0 0 0 0 0 0 0 0 0 0 0 0 0 0 0 0
ctxt 7669539
btime 1613124388
processes 191399
procs_running 1
procs_blocked 0
softirq 35337003 1 20260583 401 1434891 0 0 149990 991168 0 12499969
