cpu  1656936 6 5263 1824265 145 0 219 0 0 0
cpu0 25920 0 269 28095 0 0 94 0 0 0
cpu1 25807 0 97 28555 11 0 16 0 0 0
cpu2 25910 0 164 28363 0 0 12 0 0 0
cpu3 25855 0 37 28607 0 0 0 0 0 0
cpu4 25880 0 135 28466 0 0 1 0 0 0
cpu5 25857 0 40 28598 1 0 0 0 0 0
cpu6 26033 0 146 28306 0 0 1 0 0 0
cpu7 25858 0 36 28602 1 0 0 0 0 0
cpu8 25969 0 170 28352 1 0 2 0 0 0
cpu9 25608 0 246 28604 0 0 38 0 0 0
cpu10 25945 0 118 28434 1 0 0 0 0 0
cpu11 25859 0 25 28606 4 0 0 0 0 0
cpu12 25913 0 89 28489 0 0 0 0 0 0
cpu13 25854 0 38 28602 0 0 0 0 0 0
cpu14 25874 0 92 28523 0 0 3 0 0 0
cpu15 25861 0 31 28599 0 0 0 0 0 0
cpu16 26390 2 235 27847 7 0 0 0 0 0
cpu17 25859 0 31 28603 0 0 0 0 0 0
cpu18 25859 0 118 28509 0 0 0 0 0 0
cpu19 25857 0 38 28596 0 0 0 0 0 0
cpu20 26130 0 106 28124 80 0 3 0 0 0
cpu21 25857 0 34 28599 0 0 0 0 0 0
cpu22 25857 0 65 28569 2 0 1 0 0 0
cpu23 25858 0 36 28594 0 0 0 0 0 0
cpu24 25923 0 88 28469 4 0 0 0 0 0
cpu25 25856 0 35 28596 2 0 0 0 0 0
cpu26 25866 0 89 28529 0 0 2 0 0 0
cpu27 25861 0 27 28601 0 0 0 0 0 0
cpu28 25861 0 68 28557 0 0 0 0 0 0
cpu29 25856 0 34 28599 0 0 0 0 0 0
cpu30 25923 0 90 28462 2 0 0 0 0 0
cpu31 25862 0 38 28590 0 0 0 0 0 0
cpu32 26011 0 160 28299 0 0 0 0 0 0
cpu33 25772 0 121 28592 0 0 3 0 0 0
cpu34 25916 0 140 28388 0 0 0 0 0 0
cpu35 25860 0 36 28588 0 0 0 0 0 0
cpu36 25933 0 128 28413 0 0 0 0 0 0
cpu37 25856 0 31 28596 0 0 0 0 0 0
cpu38 25974 0 176 28318 0 0 0 0 0 0
cpu39 25856 0 36 28593 0 0 0 0 0 0
cpu40 25970 0 175 28330 1 0 0 0 0 0
cpu41 25832 0 58 28591 0 0 1 0 0 0
cpu42 25928 0 128 28434 0 0 0 0 0 0
cpu43 25860 0 42 28574 0 0 0 0 0 0
cpu44 25911 1 81 28483 0 0 0 0 0 0
cpu45 25732 0 142 28583 0 0 25 0 0 0
cpu46 25892 0 66 28515 0 0 0 0 0 0
cpu47 25857 0 36 28582 0 0 0 0 0 0
cpu48 25859 0 60 28560 0 0 0 0 0 0
cpu49 25855 0 28 28600 0 0 0 0 0 0
cpu50 25862 0 53 28558 0 0 0 0 0 0
cpu51 25857 0 35 28587 0 0 0 0 0 0
cpu52 26135 0 91 28240 2 0 0 0 0 0
cpu53 25856 0 34 28590 0 0 0 0 0 0
cpu54 25871 0 58 28542 0 0 1 0 0 0
cpu55 25850 0 38 28585 0 0 0 0 0 0
cpu56 25882 0 81 28517 0 0 0 0 0 0
cpu57 25856 0 34 28579 7 0 0 0 0 0
cpu58 25851 0 64 28561 0 0 0 0 0 0
cpu59 25856 0 33 28587 0 0 0 0 0 0
cpu60 25864 0 58 28553 0 0 1 0 0 0
cpu61 25858 0 43 28574 0 0 0 0 0 0
cpu62 25903 0 66 28500 0 0 0 0 0 0
cpu63 25858 0 39 28578 0 0 0 0 0 0
intr 5190742 83 0 0 0 612 0 0 0 1 0 285 0 0 0 0 0 0 0 0 0 0 0 0 0 0 0 0 0 0 0 0 0 0 0 0 0 0 0 5 6 12358 0 30 0 1 0 0 12333 1196 0 2 0 1077 0 16 0 2 0 2806 2 20 772 3 1 2 12 1 11 4 420 5 4959 0 2 1 0 0 0 39 0 0 0 65 0 4 0 6 0 0 0 51 0 3003 981 4 0 880 2 2522 0 2 4 0 0 0 0 0 0 0 0 0 0 0 0 0 0 0 0 0 30660 94 0 0 0 0 0 0 0 0 0 0 0 0 0 0 0 0 0 0 0 0 0 0 0 0 0 0 0 0 0 0 0 0 0 0 0 0 0 0 0 0 0 0 0 0 0 0 0 0 0 0 0 0 0 0 0 0 0 0 0 0 0 0 0 0 0 0 0 0 0 0 0 0 0 0 0 20 0 0 0 0 0 0 0 0 0 0 0 0 0 0 0 0 0 0 0 0 0 0 0 0 0 0 0 0 0 0 0 0 0 0 0 0 0 0 0 0 0 0 0 0 0 0 0 0 0 0 0 0 0 0 0 0 0 0 0 0 0 0 0 0 0 0 0 0 0 0 0 0 0 0 0 0 0 0 0 0 0 0 0 0 0 0 0 0 0 0 0 0 0 0 0 0 0 0 0 0 0 0 0 0 0 0 0 0 0 0 0 0 0 0 0 0 0 0 0 0 0 0 0 0 0 0 0 0 0 0 0 0 0 0 0 0 0 0 0 0 0 0 0 0 0 0 0 0 0 0 0 0 0 0 0 0 0 0 0 0 0 0 0 0 0 0 0 0 0 0 0 0 0 0 0 0 0 0 0 0 0 0 0 0 0 0 0 0 0 0 0 0 0 0 0 0 0 0 0 0 0 0 0 0 0 0 0 0 0 0 0 0 0 0 0 0 0 0 0 0 0 0 0 0 0 0 0 0 0 0 0 0 0 0 0 0 0 0 0 0 0 0 0 0 0 0 0 0 0 0 0 0 0 0 0 0 0 0 0 0 0 0 0 0 0 0 0 0 0 0 0 0 0 0 0 0 0 0 0 0 0 0 0 0 0 0 0 0 0 0 0 0 0 0 0 0 0 0 0 0 0 0 0 0 0 0 0 0 0 0 0 0 0 0 0 0 0 0 0 0 0 0 0 0 0 0 0 0 0 0 0 0 0 0 0 0 0 0 0 0 0 0 0 0 0 0 0 0 0 0 0 0 0 0 0 0 0 0 0 0 0 0 0 0 0 0 0 0 0 0 0 0 0 0 0 0 0 0 0 0 0 0 0 0 0 0 0 0 0 0 0 0 0 0 0 0 0 0 0 0 0 0 0 0 0 0 0 0 0 0 0 0 0 0 0 0 0 0 0 0 0 0 0 0 0 0 0 0 0 0 0 0 0 0 0 0 0 0 0 0 0 0 0 0 0 0 0 0 0 0 0 0 0 0 0 0 0 0 0 0 0 0 0 0 0 0 0 0 0 0 0 0 0 0 0 0 0 0 0 0 0 0 0 0 0 0 0 0 0 0 0 0 0 0 0 0 0 0 0 0 0 0 0 0 0 0 0 0 0 0 0 0 0 0 0 0 0 0 0 0 0 0 0 0 0 0 0 0 0 0 0 0 0 0 0 0 0 0 0 0 0 0 0 0 0 0 0 0 0 0 0 0 0 0 0 0 0 0 0 0 0 0 0 0 0 0 0 0 0 0 0 0 0 0 0 0 0 0 0 0 0 0 0 0 0 0 0 0 0 0 0 0 0 0 0 0 0 0 0 0 0 0 0 0 0 0 0 0 0 0 0 0 0 0 0 0 0 0 0 0 0 0 0 0 0 0 0 0 0 0 0 0 0 0 0 0 0 0 0 0 0 0 0 0 0 0 0 0 0 0 0 0 0 0 0 0 0 0 0 0 0 0 0 0 0 0 0 0 0 0 0 0 0 0 0 0 0 0 0 0 0 0 0 0 0 0 0 0 0 0 0 0 0 0 0 0 0 0 0 0 0 0 0 0 0 0 0 0 0 0 0 0 0 0 0 0 0 0 0 0 0 0 0 0 0 0 0 0 0 0 0 0 0 0 0 0 0 0 0 0 0 0 0 0 0 0 0 0 0 0 0 0 0 0 0 0 0 0 0 0 0 0 0 0 0 0 0 0 0 0 0 0 0 0 0 0 0 0 0 0 0 0 0 0 0 0 0 0 0 0 0 0 0 0 0 0 0 0 0 0 0 0 0 0 0 0 0 0 0 0 0 0 0 0 0 0 0 0 0 0 0 0 0 0 0 0 0 0 0 0 0 0 0 0 0 0 0 0 0 0 0 0 0 0 0 0 0 0 0 0 0 0 0 0 0 0 0 0 0 0 0 0 0 0 0 0 0 0 0 0 0 0 0 0 0 0 0 0 0 0 0 0 0 0 0 0 0 0 0 0 0 0 0 0 0 0 0 0 0 0 0 0 0 0 0 0 0 0 0 0 0 0 0 0 0 0 0 0 0 0 0 0 0 0 0 0 0 0 0 0 0 0 0 0 0 0 0 0 0 0 0 0 0 0 0 0 0 0 0 0 0 0 0 0 0 0 0 0 0 0 0 0 0 0 0 0 0 0 0 0 0 0 0 0 0 0 0 0 0 0 0 0 0 0 0 0 0 0 0 0 0 0 0 0 0 0 0 0 0 0 0 0 0 0 0 0 0 0 0 0 0 0 0 0 0 0 0 0 0 0 0 0 0 0 0 0 0 0 0 0 0 0 0 0 0 0 0 0 0 0 0 0 0 0 0 0 0 0 0 0 0 0 0 0 0 0 0 0 0 0 0 0 0 0 0 0 0 0 0 0 0 0 0 0 0 0 0 0 0 0 0 0 0 0 0 0 0 0 0 0 0 0 0 0 0 0 0 0 0 0 0 0 0 0 0 0 0 0 0 0 0 0 0 0 0 0 0 0 0 0 0 0 0 0 0 0 0 0 0 0 0 0 0 0 0 0 0 0 0 0 0 0 0 0 0 0 0 0 0 0 0 0 0 0 0 0 0 0 0 0 0 0 0 0 0 0 0 0 0 0 0 0 0 0 0 0 0 0 0 0 0 0 0 0 0 0 0 0 0 0 0 0 0 0 0 0 0 0 0 0 0 0 0 0 0 0 0 0 0 0 0 0 0 0 0 0 0 0 0 0 0 0 0 0 0 0 0 0 0 0 0 0 0 0 0 0 0 0 0 0 0 0 0 0 0 0 0 0 0 0 0 0 0 0 0 0 0 0 0 0 0 0 0 0 0 0 0 0 0 0 0 0 0 0 0 0 0 0 0 0 0 0 0 0 0 0 0 0 0 0 0 0 0 0 0 0 0 0 0 0 0 0 0 0 0 0 0 0 0 0 0 0 0 0 0 0 0 0 0 0 0 0 0 0 0 0 0 0 0 0 0 0 0 0 0 0 0 0 0 0 0 0 0 0 0 0 0 0 0 0 0 0 0 0 0 0 0 0 0 0 0 0 0 0 0 0 0 0 0 0 0 0 0 0 0 0 0 0 0 0 0 0 0 0 0 0 0 0 0 0 0 0 0 0 0 0 0 0 0 0 0 0 0 0 0 0 0 0 0 0 0 0 0 0 0 0 0 0 0 0 0 0 0 0 0 0 0 0 0 0 0 0 0 0 0 0 0 0 0 0 0 0 0 0 0 0 0 0 0 0 0 0 0 0 0 0 0 0 0 0 0 0 0 0 0 0 0 0 0 0 0 0 0 0 0 0 0 0 0 0 0 0 0 0 0 0 0 0 0 0 0 0 0 0 0 0 0 0 0 0 0 0 0 0 0 0 0 0 0 0 0 0 0 0 0 0 0 0 0 0 0 0 0 0 0 0 0 0 0 0 0 0 0 0 0 0 0 0 0 0 0 0 0 0 0 0 0 0 0 0 0 0 0 0 0 0 0 0 0 0 0 0 0 0 0 0 0 0 0 0 0 0 0 0 0 0 0 0 0 0 0 0 0 0 0 0 0 0 0 0 0 0 0 0 0 0 0 0 0 0 0 0 0 0 0 0 0 0 0 0 0 0 0 0 0 0 0 0 0 0 0 0 0 0 0 0 0 0 0 0 0 0 0 0 0 0 0 0 0 0 0 0 0 0 0 0 0 0 0 0 0 0 0 0 0 0 0 0 0 0 0 0 0 0 0 0 0 0 0 0 0 0 0 0 0 0 0 0 0 0 0 0 0 0 0 0 0 0 0 0 0 0 0 0 0 0 0 0 0 0 0 0 0 0 0 0 0 0 0 0 0 0 0 0 0 0 0 0 0 0 0 0 0 0 0 0 0 0 0 0 0 0 0 0 0 0 0 0 0 0 0 0 0 0 0 0 0 0 0 0 0 0 0 0 0 0 0 0 0 0 0 0 0 0 0 0 0 0 0 0 0 0 0 0 0 0 0 0 0 0 0 0 0 0 0 0 0 0 0 0 0 0 0 0 0 0 0 0 0 0 0 0 0 0 0 0 0 0 0 0 0 0 0 0 0 0 0 0 0 0 0 0 0 0 0 0 0 0 0 0 0 0 0 0 0 0 0 0 0 0 0 0 0 0 0 0 0 0 0 0 0 0 0 0 0 0 0 0 0 0 0 0 0 0 0 0 0 0 0 0 0 0 0 0 0 0 0 0 0 0 0 0 0 0 0 0 0 0 0 0 0 0 0 0 0 0 0 0 0 0 0 0 0 0 0 0 0 0 0 0 0 0 0 0 0 0 0 0 0 0 0 0 0 0 0 0 0 0 0 0 0 0 0 0 0 0 0 0 0 0 0 0 0 0 0 0 0 0 0 0 0 0 0 0 0 0 0 0 0 0 0 0 0 0 0 0 0 0 0 0 0 0 0 0 0 0 0 0 0 0 0 0 0 0 0 0 0 0 0 0 0 0 0 0 0 0 0 0 0 0 0 0 0 0 0 0 0 0 0 0 0 0 0 0 0 0 0 0 0 0 0 0 0 0 0 0 0 0 0 0 0 0 0 0 0 0 0 0 0 0 0 0 0 0 0 0 0 0 0 0 0 0 0 0 0 0 0 0 0 0 0 0 0 0 0 0 0 0 0 0 0 0 0 0 0 0 0 0 0 0 0 0 0 0 0 0 0 0 0 0 0 0 0 0 0 0 0 0 0
ctxt 1158174
btime 1613144793
processes 25418
procs_running 1
procs_blocked 0
softirq 5403428 1 2906585 652 181453 0 0 149 292931 0 2021657
