cpu  10617796 8 14482 3942042 178 0 1031 0 0 0
cpu0 165662 0 610 61234 0 0 150 0 0 0
cpu1 165814 0 251 61646 9 0 53 0 0 0
cpu2 165733 0 390 61626 1 0 10 0 0 0
cpu3 165214 0 692 61720 4 0 127 0 0 0
cpu4 166188 0 626 60855 8 0 7 0 0 0
cpu5 165850 0 177 61714 4 0 11 0 0 0
cpu6 165843 0 228 61665 1 0 10 0 0 0
cpu7 165756 0 336 61612 2 0 50 0 0 0
cpu8 165726 0 379 61638 0 0 6 0 0 0
cpu9 165904 0 165 61660 3 0 26 0 0 0
cpu10 165749 0 394 61591 3 0 7 0 0 0
cpu11 165963 0 94 61691 2 0 1 0 0 0
cpu12 165819 0 302 61621 1 0 10 0 0 0
cpu13 165890 0 246 61575 1 0 30 0 0 0
cpu14 165840 0 360 61542 0 0 13 0 0 0
cpu15 165822 0 399 61444 2 0 73 0 0 0
cpu16 165686 0 388 61660 0 0 14 0 0 0
cpu17 165957 0 214 61520 1 0 44 0 0 0
cpu18 165686 0 444 61614 0 0 12 0 0 0
cpu19 165816 0 275 61610 1 0 42 0 0 0
cpu20 165697 0 342 61611 47 0 8 0 0 0
cpu21 165998 0 102 61640 11 0 1 0 0 0
cpu22 165851 0 223 61667 1 0 6 0 0 0
cpu23 165834 0 202 61692 8 0 16 0 0 0
cpu24 165892 0 230 61614 1 0 7 0 0 0
cpu25 165943 0 72 61736 1 0 3 0 0 0
cpu26 165946 0 163 61626 0 0 4 0 0 0
cpu27 165817 0 204 61699 1 0 30 0 0 0
cpu28 165898 0 157 61689 0 0 6 0 0 0
cpu29 165930 0 94 61717 2 0 8 0 0 0
cpu30 165971 0 87 61682 0 0 0 0 0 0
cpu31 165900 0 112 61722 1 0 13 0 0 0
cpu32 166021 0 217 61499 1 0 0 0 0 0
cpu33 165812 0 190 61729 1 0 12 0 0 0
cpu34 165860 2 178 61705 0 0 0 0 0 0
cpu35 165793 0 205 61734 0 0 14 0 0 0
cpu36 166377 0 322 61034 0 0 6 0 0 0
cpu37 165816 0 193 61722 5 0 8 0 0 0
cpu38 166890 0 215 60633 1 0 0 0 0 0
cpu39 165777 0 240 61705 1 0 20 0 0 0
cpu40 166036 0 153 61544 5 0 1 0 0 0
cpu41 165998 0 126 61602 1 0 3 0 0 0
cpu42 165855 0 197 61685 0 0 2 0 0 0
cpu43 165975 0 101 61664 0 0 4 0 0 0
cpu44 166042 0 229 61471 0 0 1 0 0 0
cpu45 165948 0 166 61611 0 0 13 0 0 0
cpu46 166008 0 358 61369 0 0 1 0 0 0
cpu47 166057 0 171 61497 2 0 6 0 0 0
cpu48 165942 0 206 61583 0 0 6 0 0 0
cpu49 166014 0 218 61499 2 0 3 0 0 0
cpu50 165888 0 149 61693 0 0 7 0 0 0
cpu51 165956 0 162 61615 2 0 6 0 0 0
cpu52 165904 0 146 61690 0 0 3 0 0 0
cpu53 165997 0 90 61650 3 0 2 0 0 0
cpu54 165863 0 168 61695 1 0 6 0 0 0
cpu55 165860 0 176 61694 0 0 9 0 0 0
cpu56 166012 0 156 61565 0 0 0 0 0 0
cpu57 165955 0 76 61701 0 0 0 0 0 0
cpu58 165972 0 84 61677 0 0 0 0 0 0
cpu59 165669 1 287 61712 1 0 69 0 0 0
cpu60 166006 0 87 61624 0 0 0 0 0 0
cpu61 165962 0 62 61706 0 0 3 0 0 0
cpu62 165952 0 68 61709 0 0 0 0 0 0
cpu63 165960 0 102 61662 7 0 2 0 0 0
intr 30421121 83 0 0 0 639 0 0 0 1 0 282 0 0 0 0 0 0 0 0 0 0 0 0 0 0 0 0 0 0 0 0 0 0 0 0 0 0 0 832 4883 1420 11454 4 6396 1250 2839 612 8126 11 789 2 2780 245 2480 149 14329 8 3006 68 818 0 6425 528 744 12 2138 0 260 0 1898 2 6189 0 7702 80 6594 0 4496 42 1826 1 845 40 970 12 1553 373 2059 2 2891 2701 789 1635 3545 0 237 41 1480 7 704 47 1630 0 0 0 0 0 0 0 0 0 0 0 0 0 0 0 0 0 30088 93 0 0 0 0 0 0 0 0 0 0 0 0 0 0 0 0 0 0 0 0 0 0 0 0 0 0 0 0 0 0 0 0 0 0 0 0 0 0 0 0 0 0 0 0 0 0 0 0 0 0 0 0 0 0 0 0 0 0 0 0 0 0 0 0 0 0 0 0 0 0 0 0 0 0 0 15 0 0 0 0 0 0 0 0 0 0 0 0 0 0 0 0 0 0 0 0 0 0 0 0 0 0 0 0 0 0 0 0 0 0 0 0 0 0 0 0 0 0 0 0 0 0 0 0 0 0 0 0 0 0 0 0 0 0 0 0 0 0 0 0 0 0 0 0 0 0 0 0 0 0 0 0 0 0 0 0 0 0 0 0 0 0 0 0 0 0 0 0 0 0 0 0 0 0 0 0 0 0 0 0 0 0 0 0 0 0 0 0 0 0 0 0 0 0 0 0 0 0 0 0 0 0 0 0 0 0 0 0 0 0 0 0 0 0 0 0 0 0 0 0 0 0 0 0 0 0 0 0 0 0 0 0 0 0 0 0 0 0 0 0 0 0 0 0 0 0 0 0 0 0 0 0 0 0 0 0 0 0 0 0 0 0 0 0 0 0 0 0 0 0 0 0 0 0 0 0 0 0 0 0 0 0 0 0 0 0 0 0 0 0 0 0 0 0 0 0 0 0 0 0 0 0 0 0 0 0 0 0 0 0 0 0 0 0 0 0 0 0 0 0 0 0 0 0 0 0 0 0 0 0 0 0 0 0 0 0 0 0 0 0 0 0 0 0 0 0 0 0 0 0 0 0 0 0 0 0 0 0 0 0 0 0 0 0 0 0 0 0 0 0 0 0 0 0 0 0 0 0 0 0 0 0 0 0 0 0 0 0 0 0 0 0 0 0 0 0 0 0 0 0 0 0 0 0 0 0 0 0 0 0 0 0 0 0 0 0 0 0 0 0 0 0 0 0 0 0 0 0 0 0 0 0 0 0 0 0 0 0 0 0 0 0 0 0 0 0 0 0 0 0 0 0 0 0 0 0 0 0 0 0 0 0 0 0 0 0 0 0 0 0 0 0 0 0 0 0 0 0 0 0 0 0 0 0 0 0 0 0 0 0 0 0 0 0 0 0 0 0 0 0 0 0 0 0 0 0 0 0 0 0 0 0 0 0 0 0 0 0 0 0 0 0 0 0 0 0 0 0 0 0 0 0 0 0 0 0 0 0 0 0 0 0 0 0 0 0 0 0 0 0 0 0 0 0 0 0 0 0 0 0 0 0 0 0 0 0 0 0 0 0 0 0 0 0 0 0 0 0 0 0 0 0 0 0 0 0 0 0 0 0 0 0 0 0 0 0 0 0 0 0 0 0 0 0 0 0 0 0 0 0 0 0 0 0 0 0 0 0 0 0 0 0 0 0 0 0 0 0 0 0 0 0 0 0 0 0 0 0 0 0 0 0 0 0 0 0 0 0 0 0 0 0 0 0 0 0 0 0 0 0 0 0 0 0 0 0 0 0 0 0 0 0 0 0 0 0 0 0 0 0 0 0 0 0 0 0 0 0 0 0 0 0 0 0 0 0 0 0 0 0 0 0 0 0 0 0 0 0 0 0 0 0 0 0 0 0 0 0 0 0 0 0 0 0 0 0 0 0 0 0 0 0 0 0 0 0 0 0 0 0 0 0 0 0 0 0 0 0 0 0 0 0 0 0 0 0 0 0 0 0 0 0 0 0 0 0 0 0 0 0 0 0 0 0 0 0 0 0 0 0 0 0 0 0 0 0 0 0 0 0 0 0 0 0 0 0 0 0 0 0 0 0 0 0 0 0 0 0 0 0 0 0 0 0 0 0 0 0 0 0 0 0 0 0 0 0 0 0 0 0 0 0 0 0 0 0 0 0 0 0 0 0 0 0 0 0 0 0 0 0 0 0 0 0 0 0 0 0 0 0 0 0 0 0 0 0 0 0 0 0 0 0 0 0 0 0 0 0 0 0 0 0 0 0 0 0 0 0 0 0 0 0 0 0 0 0 0 0 0 0 0 0 0 0 0 0 0 0 0 0 0 0 0 0 0 0 0 0 0 0 0 0 0 0 0 0 0 0 0 0 0 0 0 0 0 0 0 0 0 0 0 0 0 0 0 0 0 0 0 0 0 0 0 0 0 0 0 0 0 0 0 0 0 0 0 0 0 0 0 0 0 0 0 0 0 0 0 0 0 0 0 0 0 0 0 0 0 0 0 0 0 0 0 0 0 0 0 0 0 0 0 0 0 0 0 0 0 0 0 0 0 0 0 0 0 0 0 0 0 0 0 0 0 0 0 0 0 0 0 0 0 0 0 0 0 0 0 0 0 0 0 0 0 0 0 0 0 0 0 0 0 0 0 0 0 0 0 0 0 0 0 0 0 0 0 0 0 0 0 0 0 0 0 0 0 0 0 0 0 0 0 0 0 0 0 0 0 0 0 0 0 0 0 0 0 0 0 0 0 0 0 0 0 0 0 0 0 0 0 0 0 0 0 0 0 0 0 0 0 0 0 0 0 0 0 0 0 0 0 0 0 0 0 0 0 0 0 0 0 0 0 0 0 0 0 0 0 0 0 0 0 0 0 0 0 0 0 0 0 0 0 0 0 0 0 0 0 0 0 0 0 0 0 0 0 0 0 0 0 0 0 0 0 0 0 0 0 0 0 0 0 0 0 0 0 0 0 0 0 0 0 0 0 0 0 0 0 0 0 0 0 0 0 0 0 0 0 0 0 0 0 0 0 0 0 0 0 0 0 0 0 0 0 0 0 0 0 0 0 0 0 0 0 0 0 0 0 0 0 0 0 0 0 0 0 0 0 0 0 0 0 0 0 0 0 0 0 0 0 0 0 0 0 0 0 0 0 0 0 0 0 0 0 0 0 0 0 0 0 0 0 0 0 0 0 0 0 0 0 0 0 0 0 0 0 0 0 0 0 0 0 0 0 0 0 0 0 0 0 0 0 0 0 0 0 0 0 0 0 0 0 0 0 0 0 0 0 0 0 0 0 0 0 0 0 0 0 0 0 0 0 0 0 0 0 0 0 0 0 0 0 0 0 0 0 0 0 0 0 0 0 0 0 0 0 0 0 0 0 0 0 0 0 0 0 0 0 0 0 0 0 0 0 0 0 0 0 0 0 0 0 0 0 0 0 0 0 0 0 0 0 0 0 0 0 0 0 0 0 0 0 0 0 0 0 0 0 0 0 0 0 0 0 0 0 0 0 0 0 0 0 0 0 0 0 0 0 0 0 0 0 0 0 0 0 0 0 0 0 0 0 0 0 0 0 0 0 0 0 0 0 0 0 0 0 0 0 0 0 0 0 0 0 0 0 0 0 0 0 0 0 0 0 0 0 0 0 0 0 0 0 0 0 0 0 0 0 0 0 0 0 0 0 0 0 0 0 0 0 0 0 0 0 0 0 0 0 0 0 0 0 0 0 0 0 0 0 0 0 0 0 0 0 0 0 0 0 0 0 0 0 0 0 0 0 0 0 0 0 0 0 0 0 0 0 0 0 0 0 0 0 0 0 0 0 0 0 0 0 0 0 0 0 0 0 0 0 0 0 0 0 0 0 0 0 0 0 0 0 0 0 0 0 0 0 0 0 0 0 0 0 0 0 0 0 0 0 0 0 0 0 0 0 0 0 0 0 0 0 0 0 0 0 0 0 0 0 0 0 0 0 0 0 0 0 0 0 0 0 0 0 0 0 0 0 0 0 0 0 0 0 0 0 0 0 0 0 0 0 0 0 0 0 0 0 0 0 0 0 0 0 0 0 0 0 0 0 0 0 0 0 0 0 0 0 0 0 0 0 0 0 0 0 0 0 0 0 0 0 0 0 0 0 0 0 0 0 0 0 0 0 0 0 0 0 0 0 0 0 0 0 0 0 0 0 0 0 0 0 0 0 0 0 0 0 0 0 0 0 0 0 0 0 0 0 0 0 0 0 0 0 0 0 0 0 0 0 0 0 0 0 0 0 0 0 0 0 0 0 0 0 0 0 0 0 0 0 0 0 0 0 0 0 0 0 0 0 0 0 0 0 0 0 0 0 0 0 0 0 0 0 0 0 0 0 0 0 0 0 0 0 0 0 0 0 0 0 0 0 0 0 0 0 0 0 0 0 0 0 0 0 0 0 0 0 0 0 0 0 0 0 0 0 0 0 0 0 0 0 0 0 0 0 0 0 0 0 0 0 0 0 0 0 0 0 0 0 0 0 0 0 0 0 0 0 0 0 0 0 0 0 0 0 0 0 0 0 0 0 0 0 0 0 0 0 0 0 0 0 0 0 0 0 0 0 0 0 0 0 0 0 0 0 0 0 0 0 0 0 0 0 0 0 0 0 0 0 0 0 0 0 0 0 0 0 0 0 0 0 0 0 0 0 0 0 0 0 0 0 0 0 0 0 0 0 0 0 0 0 0 0 0 0 0 0 0 0 0 0 0 0 0 0 0 0 0 0 0 0 0 0 0 0 0 0 0 0 0 0 0 0 0 0 0 0 0 0 0 0 0 0 0 0 0 0 0 0 0 0 0 0 0 0 0 0 0 0 0 0 0 0 0 0 0 0 0 0 0 0 0 0 0 0 0 0 0 0 0 0 0 0 0 0 0 0 0 0 0 0 0 0 0 0 0 0 0 0 0 0 0 0 0 0 0 0 0 0 0 0 0 0 0 0 0 0 0 0 0 0 0 0 0 0 0 0 0 0 0 0 0 0 0 0 0 0 0 0 0 0 0 0 0 0 0 0 0 0 0 0 0 0 0 0 0 0 0 0 0 0 0 0 0 0 0 0 0 0 0 0 0 0 0 0 0 0 0 0 0 0 0 0 0 0 0 0 0 0 0 0 0 0 0 0 0 0 0 0 0 0 0 0 0 0 0 0
ctxt 4273271
btime 1613123985
processes 95588
procs_running 1
procs_blocked 0
softirq 33731573 1 19233659 665 763105 0 0 142 1105832 0 12628169
