cpu  7720536 4 10706 6844884 494 0 1285 0 0 0
cpu0 214434 0 400 189838 13 0 271 0 0 0
cpu1 215622 0 486 188817 1 0 62 0 0 0
cpu2 214132 0 594 189852 2 0 329 0 0 0
cpu3 214389 0 297 190238 4 0 27 0 0 0
cpu4 214659 0 302 189924 44 0 16 0 0 0
cpu5 214587 0 267 190055 29 0 5 0 0 0
cpu6 214311 0 313 190269 16 0 23 0 0 0
cpu7 214369 0 286 190261 13 0 13 0 0 0
cpu8 214409 0 210 190247 72 0 7 0 0 0
cpu9 214352 0 232 190356 2 0 9 0 0 0
cpu10 214312 0 274 190339 4 0 21 0 0 0
cpu11 214442 0 201 190295 0 0 10 0 0 0
cpu12 213816 0 760 190246 7 0 106 0 0 0
cpu13 214648 0 237 190045 1 0 8 0 0 0
cpu14 214366 0 230 190340 1 0 7 0 0 0
cpu15 214178 0 443 190278 5 0 42 0 0 0
cpu16 213990 0 576 190265 2 0 110 0 0 0
cpu17 214368 0 329 190222 6 0 6 0 0 0
cpu18 214656 0 224 190052 3 0 4 0 0 0
cpu19 214802 0 388 189670 48 0 15 0 0 0
cpu20 214515 0 213 190186 1 0 5 0 0 0
cpu21 214866 0 225 189842 2 0 3 0 0 0
cpu22 214554 0 217 190102 62 0 3 0 0 0
cpu23 214591 0 252 190010 70 0 3 0 0 0
cpu24 214526 0 204 190201 4 0 2 0 0 0
cpu25 214423 0 201 190310 1 0 6 0 0 0
cpu26 214425 0 185 190327 0 0 6 0 0 0
cpu27 214438 0 169 190328 1 0 3 0 0 0
cpu28 214382 0 210 190341 1 0 4 0 0 0
cpu29 214450 0 152 190336 0 0 2 0 0 0
cpu30 214428 0 195 190303 10 0 2 0 0 0
cpu31 214771 0 135 190029 1 0 4 0 0 0
cpu32 214418 2 204 190292 8 0 6 0 0 0
cpu33 214474 0 214 190226 20 0 3 0 0 0
cpu34 214021 0 581 190191 19 0 125 0 0 0
cpu35 214397 0 287 190233 2 0 3 0 0 0
intr 21680781 56 0 0 0 614 0 0 0 1 0 263 0 0 0 0 0 0 0 0 0 0 0 0 0 0 0 0 0 0 0 0 0 671 142 512 389 4717 2500 540 380 3008 1051 72 39 1903 91 236 238 297 265 155 6002 199 124 2204 3248 0 0 0 0 384 83 13 70 40 101 614 56 1017 1589 1116 244 93 0 16 11263 1592 0 6869 577 66034 137 25 94 72 877 379 745 811 1026 28833 3237 713 1821 492 543 284 530 4382 1681 20 246 58 352 641 366 293 1377 449 297 902 211 917 414 0 18 7761 1 0 0 0 0 0 0 0 0 0 0 0 0 0 0 0 0 0 0 0 0 0 0 0 0 0 0 0 0 0 0 0 0 0 0 0 0 0 21 0 0 0 0 0 0 0 0 0 0 0 0 0 0 0 0 0 0 0 0 0 0 0 0 0 0 0 0 0 0 0 0 0 0 0 0 0 0 0 0 0 0 0 0 0 0 0 0 0 0 0 0 0 0 0 0 0 0 0 0 0 0 0 0 0 0 0 0 0 0 0 0 0 0 0 0 0 0 0 0 0 0 0 0 0 0 0 0 0 0 0 0 0 0 0 0 0 0 0 0 0 0 0 0 0 0 0 0 0 0 0 0 0 0 0 0 0 0 0 0 0 0 0 0 0 0 0 0 0 0 0 0 0 0 0 0 0 0 0 0 0 0 0 0 0 0 0 0 0 0 0 0 0 0 0 0 0 0 0 0 0 0 0 0 0 0 0 0 0 0 0 0 0 0 0 0 0 0 0 0 0 0 0 0 0 0 0 0 0 0 0 0 0 0 0 0 0 0 0 0 0 0 0 0 0 0 0 0 0 0 0 0 0 0 0 0 0 0 0 0 0 0 0 0 0 0 0 0 0 0 0 0 0 0 0 0 0 0 0 0 0 0 0 0 0 0 0 0 0 0 0 0 0 0 0 0 0 0 0 0 0 0 0 0 0 0 0 0 0 0 0 0 0 0 0 0 0 0 0 0 0 0 0 0 0 0 0 0 0 0 0 0 0 0 0 0 0 0 0 0 0 0 0 0 0 0 0 0 0 0 0 0 0 0 0 0 0 0 0 0 0 0 0 0 0 0 0 0 0 0 0 0 0 0 0 0 0 0 0 0 0 0 0 0 0 0 0 0 0 0 0 0 0 0 0 0 0 0 0 0 0 0 0 0 0 0 0 0 0 0 0 0 0 0 0 0 0 0 0 0 0 0 0 0 0 0 0 0 0 0 0 0 0 0 0 0 0 0 0 0 0 0 0 0 0 0 0 0 0 0 0 0 0 0 0 0 0 0 0 0 0 0 0 0 0 0 0 0 0 0 0 0 0 0 0 0 0 0 0 0 0 0 0 0 0 0 0 0 0 0 0 0 0 0 0 0 0 0 0 0 0 0 0 0 0 0 0 0 0 0 0 0 0 0 0 0 0 0 0 0 0 0 0 0 0 0 0 0 0 0 0 0 0 0 0 0 0 0 0 0 0 0 0 0 0 0 0 0 0 0 0 0 0 0 0 0 0 0 0 0 0 0 0 0 0 0 0 0 0 0 0 0 0 0 0 0 0 0 0 0 0 0 0 0 0 0 0 0 0 0 0 0 0 0 0 0 0 0 0 0 0 0 0 0 0 0 0 0 0 0 0 0 0 0 0 0 0 0 0 0 0 0 0 0 0 0 0 0 0 0 0 0 0 0 0 0 0 0 0 0 0 0 0 0 0 0 0 0 0 0 0 0 0 0 0 0 0 0 0 0 0 0 0 0 0 0 0 0 0 0 0 0 0 0 0 0 0 0 0 0 0 0 0 0 0 0 0 0 0 0 0 0 0 0 0 0 0 0 0 0 0 0 0 0 0 0 0 0 0 0 0 0 0 0 0 0 0 0 0 0 0 0 0 0 0 0 0 0 0 0 0 0 0 0 0 0 0 0 0 0 0 0 0 0 0 0 0 0 0 0 0 0 0 0 0 0 0 0 0 0 0 0 0 0 0 0 0 0 0 0 0 0 0 0 0 0 0 0 0 0 0 0 0 0 0 0 0 0 0 0 0 0 0 0 0 0 0 0 0 0 0 0 0 0 0 0 0 0 0 0 0 0 0 0 0 0 0 0 0 0 0 0 0 0 0 0 0 0 0 0 0 0 0 0 0 0 0 0 0 0 0 0 0 0 0 0 0 0 0 0 0 0 0 0 0 0 0 0 0 0 0 0 0 0 0 0 0 0 0 0 0 0 0 0 0 0 0 0 0 0 0 0 0 0 0 0 0 0 0 0 0 0 0 0 0 0 0 0 0 0 0 0 0 0 0 0 0 0 0 0 0 0 0 0 0 0 0 0 0 0 0 0 0 0 0 0 0 0 0 0 0 0 0 0 0 0 0 0 0 0 0 0 0 0 0 0 0 0 0 0 0 0 0 0 0 0 0 0 0 0 0 0 0 0 0 0 0 0 0 0 0 0 0 0 0 0 0 0 0 0 0 0 0 0 0 0 0 0 0 0 0 0 0 0 0 0 0 0 0 0 0 0 0 0 0 0 0 0 0 0 0 0 0 0 0 0 0 0 0 0 0 0 0 0 0 0 0 0 0 0 0 0 0 0 0 0 0 0 0 0 0 0 0 0 0 0 0 0 0 0 0 0 0 0 0 0 0 0 0 0 0 0 0 0 0 0 0 0 0 0 0 0 0 0 0 0 0 0 0 0 0 0 0 0 0 0 0 0 0 0 0 0 0 0 0 0 0 0 0 0 0 0 0 0 0 0 0 0 0 0 0 0 0 0 0 0 0 0 0 0 0 0 0 0 0 0 0 0 0 0 0 0 0 0 0 0 0 0 0 0
ctxt 6387161
btime 1613124388
processes 159573
procs_running 1
procs_blocked 0
softirq 28406963 1 16428356 371 1187463 0 0 124840 814886 0 9851046
