cpu  10883515 4 15106 6698798 416 0 1764 0 0 0
cpu0 302202 1 535 185863 0 0 244 0 0 0
cpu1 302298 0 462 186066 1 0 32 0 0 0
cpu2 302597 0 626 185532 79 0 28 0 0 0
cpu3 302337 0 291 186230 1 0 18 0 0 0
cpu4 302267 0 326 186283 0 0 9 0 0 0
cpu5 302314 0 248 186319 0 0 9 0 0 0
cpu6 302408 0 363 186008 72 0 28 0 0 0
cpu7 302314 0 394 186134 3 0 25 0 0 0
cpu8 302294 0 442 186122 6 0 14 0 0 0
cpu9 302327 0 376 186145 1 0 35 0 0 0
cpu10 302260 0 404 186197 5 0 20 0 0 0
cpu11 302252 0 418 186179 2 0 29 0 0 0
cpu12 301342 0 1262 186096 4 0 168 0 0 0
cpu13 302112 0 568 186157 1 0 31 0 0 0
cpu14 302454 0 608 185767 8 0 44 0 0 0
cpu15 302283 0 427 186156 2 0 14 0 0 0
cpu16 302830 0 623 185392 0 0 40 0 0 0
cpu17 302303 0 311 186223 22 0 11 0 0 0
cpu18 302307 0 280 186267 13 0 11 0 0 0
cpu19 302613 0 266 185988 9 0 9 0 0 0
cpu20 302365 0 378 186075 45 0 8 0 0 0
cpu21 302491 0 178 186193 10 0 3 0 0 0
cpu22 302393 0 296 186132 50 0 5 0 0 0
cpu23 302425 0 236 186210 4 0 4 0 0 0
cpu24 302506 0 200 186169 1 0 3 0 0 0
cpu25 302382 0 271 186214 1 0 6 0 0 0
cpu26 302175 0 538 186106 13 0 47 0 0 0
cpu27 302427 0 200 186236 4 0 7 0 0 0
cpu28 302371 0 260 186234 4 0 9 0 0 0
cpu29 300732 0 1262 186132 2 0 740 0 0 0
cpu30 302518 0 269 186081 3 0 4 0 0 0
cpu31 302239 0 506 186063 14 0 58 0 0 0
cpu32 302386 0 324 186168 1 0 4 0 0 0
cpu33 302802 0 262 185803 2 0 4 0 0 0
cpu34 302266 0 400 186169 8 0 24 0 0 0
cpu35 302909 0 282 185671 7 0 4 0 0 0
intr 30238962 56 0 0 0 611 0 0 0 1 0 250 0 0 0 0 0 0 0 0 0 0 0 0 0 0 0 0 0 0 0 0 93 166 59 9804 102 3011 50 3146 425 308 158 419 129 796 341 357 342 157 500 2537 551 3404 859 1816 304 0 0 0 0 68 87 357 215 356 913 170 958 85 106 382 614 0 0 16 11744 1922 0 9473 528 827 295 1508 702 287 803 986 512 547 1401 31630 9205 1167 518 1433 215 870 488 531 279 1374 216 204 620 2234 822 1482 73087 211 501 251 193 4461 1756 0 16 7609 1 0 0 0 0 0 0 0 0 0 0 0 0 0 0 0 0 0 0 0 0 0 0 0 0 0 0 0 0 0 0 0 0 0 0 0 0 0 25 0 0 0 0 0 0 0 0 0 0 0 0 0 0 0 0 0 0 0 0 0 0 0 0 0 0 0 0 0 0 0 0 0 0 0 0 0 0 0 0 0 0 0 0 0 0 0 0 0 0 0 0 0 0 0 0 0 0 0 0 0 0 0 0 0 0 0 0 0 0 0 0 0 0 0 0 0 0 0 0 0 0 0 0 0 0 0 0 0 0 0 0 0 0 0 0 0 0 0 0 0 0 0 0 0 0 0 0 0 0 0 0 0 0 0 0 0 0 0 0 0 0 0 0 0 0 0 0 0 0 0 0 0 0 0 0 0 0 0 0 0 0 0 0 0 0 0 0 0 0 0 0 0 0 0 0 0 0 0 0 0 0 0 0 0 0 0 0 0 0 0 0 0 0 0 0 0 0 0 0 0 0 0 0 0 0 0 0 0 0 0 0 0 0 0 0 0 0 0 0 0 0 0 0 0 0 0 0 0 0 0 0 0 0 0 0 0 0 0 0 0 0 0 0 0 0 0 0 0 0 0 0 0 0 0 0 0 0 0 0 0 0 0 0 0 0 0 0 0 0 0 0 0 0 0 0 0 0 0 0 0 0 0 0 0 0 0 0 0 0 0 0 0 0 0 0 0 0 0 0 0 0 0 0 0 0 0 0 0 0 0 0 0 0 0 0 0 0 0 0 0 0 0 0 0 0 0 0 0 0 0 0 0 0 0 0 0 0 0 0 0 0 0 0 0 0 0 0 0 0 0 0 0 0 0 0 0 0 0 0 0 0 0 0 0 0 0 0 0 0 0 0 0 0 0 0 0 0 0 0 0 0 0 0 0 0 0 0 0 0 0 0 0 0 0 0 0 0 0 0 0 0 0 0 0 0 0 0 0 0 0 0 0 0 0 0 0 0 0 0 0 0 0 0 0 0 0 0 0 0 0 0 0 0 0 0 0 0 0 0 0 0 0 0 0 0 0 0 0 0 0 0 0 0 0 0 0 0 0 0 0 0 0 0 0 0 0 0 0 0 0 0 0 0 0 0 0 0 0 0 0 0 0 0 0 0 0 0 0 0 0 0 0 0 0 0 0 0 0 0 0 0 0 0 0 0 0 0 0 0 0 0 0 0 0 0 0 0 0 0 0 0 0 0 0 0 0 0 0 0 0 0 0 0 0 0 0 0 0 0 0 0 0 0 0 0 0 0 0 0 0 0 0 0 0 0 0 0 0 0 0 0 0 0 0 0 0 0 0 0 0 0 0 0 0 0 0 0 0 0 0 0 0 0 0 0 0 0 0 0 0 0 0 0 0 0 0 0 0 0 0 0 0 0 0 0 0 0 0 0 0 0 0 0 0 0 0 0 0 0 0 0 0 0 0 0 0 0 0 0 0 0 0 0 0 0 0 0 0 0 0 0 0 0 0 0 0 0 0 0 0 0 0 0 0 0 0 0 0 0 0 0 0 0 0 0 0 0 0 0 0 0 0 0 0 0 0 0 0 0 0 0 0 0 0 0 0 0 0 0 0 0 0 0 0 0 0 0 0 0 0 0 0 0 0 0 0 0 0 0 0 0 0 0 0 0 0 0 0 0 0 0 0 0 0 0 0 0 0 0 0 0 0 0 0 0 0 0 0 0 0 0 0 0 0 0 0 0 0 0 0 0 0 0 0 0 0 0 0 0 0 0 0 0 0 0 0 0 0 0 0 0 0 0 0 0 0 0 0 0 0 0 0 0 0 0 0 0 0 0 0 0 0 0 0 0 0 0 0 0 0 0 0 0 0 0 0 0 0 0 0 0 0 0 0 0 0 0 0 0 0 0 0 0 0 0 0 0 0 0 0 0 0 0 0 0 0 0 0 0 0 0 0 0 0 0 0 0 0 0 0 0 0 0 0 0 0 0 0 0 0 0 0 0 0 0 0 0 0 0 0 0 0 0 0 0 0 0 0 0 0 0 0 0 0 0 0 0 0 0 0 0 0 0 0 0 0 0 0 0 0 0 0 0 0 0 0 0 0 0 0 0 0 0 0 0 0 0 0 0 0 0 0 0 0 0 0 0 0 0 0 0 0 0 0 0 0 0 0 0 0 0 0 0 0 0 0 0 0 0 0 0 0 0 0 0 0 0 0 0 0 0 0 0 0 0 0 0 0 0 0 0 0 0 0 0 0 0 0 0 0 0 0 0 0 0 0 0 0 0 0 0 0 0 0 0 0 0 0 0 0 0 0 0 0 0 0 0 0 0 0 0 0 0 0 0 0 0 0 0 0 0 0 0 0 0 0 0 0 0 0 0 0 0 0 0 0 0 0 0 0 0 0 0 0 0 0 0 0 0 0 0 0 0 0 0 0 0 0 0 0 0 0 0 0 0 0 0 0 0 0 0 0 0 0 0 0 0 0 0 0 0 0 0 0 0 0 0 0 0 0 0 0 0 0 0 0 0 0 0 0 0 0 0 0 0 0 0 0 0 0 0 0 0 0 0 0 0 0 0
ctxt 8155211
btime 1613124388
processes 201728
procs_running 1
procs_blocked 0
softirq 39881257 1 23280695 438 1499171 0 0 149452 1089582 0 13861918
