cpu  9586505 6 13296 2309867 145 0 930 0 0 0
cpu0 149752 0 436 35697 0 0 158 0 0 0
cpu1 149762 0 150 36164 11 0 20 0 0 0
cpu2 149511 0 387 35985 0 0 190 0 0 0
cpu3 149559 0 277 36242 0 0 45 0 0 0
cpu4 149656 0 342 36104 0 0 5 0 0 0
cpu5 149806 0 67 36244 1 0 0 0 0 0
cpu6 149912 0 280 35914 0 0 2 0 0 0
cpu7 149230 0 583 36236 1 0 71 0 0 0
cpu8 149897 0 290 35922 1 0 4 0 0 0
cpu9 149498 0 329 36243 0 0 50 0 0 0
cpu10 149803 0 263 36052 1 0 2 0 0 0
cpu11 149822 0 38 36253 4 0 0 0 0 0
cpu12 150105 0 433 35568 0 0 2 0 0 0
cpu13 149778 0 90 36249 0 0 2 0 0 0
cpu14 149965 0 318 35828 0 0 5 0 0 0
cpu15 149805 0 62 36245 0 0 2 0 0 0
cpu16 150744 2 442 34908 7 0 7 0 0 0
cpu17 149543 0 270 36249 0 0 55 0 0 0
cpu18 149676 0 287 36147 0 0 2 0 0 0
cpu19 149826 0 48 36241 0 0 0 0 0 0
cpu20 149966 0 344 35660 80 0 11 0 0 0
cpu21 149597 0 241 36245 0 0 30 0 0 0
cpu22 149515 0 394 36200 2 0 6 0 0 0
cpu23 149571 0 263 36240 0 0 38 0 0 0
cpu24 149864 0 292 35943 4 0 6 0 0 0
cpu25 149823 0 48 36240 2 0 0 0 0 0
cpu26 149579 0 422 36100 0 0 6 0 0 0
cpu27 149824 0 44 36245 0 0 0 0 0 0
cpu28 149605 0 305 36192 0 0 5 0 0 0
cpu29 149818 0 49 36246 0 0 0 0 0 0
cpu30 149806 0 251 36036 2 0 6 0 0 0
cpu31 149782 0 90 36236 0 0 4 0 0 0
cpu32 149972 0 215 35906 0 0 1 0 0 0
cpu33 149686 0 180 36238 0 0 7 0 0 0
cpu34 149853 0 238 35971 0 0 3 0 0 0
cpu35 149824 0 50 36234 0 0 0 0 0 0
cpu36 149780 0 266 36050 0 0 0 0 0 0
cpu37 149812 0 52 36239 0 0 1 0 0 0
cpu38 150004 0 284 35799 0 0 2 0 0 0
cpu39 149464 0 368 36239 0 0 37 0 0 0
cpu40 149910 0 243 35940 1 0 1 0 0 0
cpu41 149747 0 116 36237 0 0 6 0 0 0
cpu42 149870 0 189 36052 0 0 0 0 0 0
cpu43 149828 0 51 36221 0 0 0 0 0 0
cpu44 150362 1 188 35545 0 0 2 0 0 0
cpu45 149661 0 187 36230 0 0 28 0 0 0
cpu46 149996 0 170 35929 0 0 1 0 0 0
cpu47 149800 0 69 36229 0 0 0 0 0 0
cpu48 149750 0 144 36206 0 0 1 0 0 0
cpu49 149682 0 162 36237 0 0 26 0 0 0
cpu50 149799 0 167 36128 0 0 0 0 0 0
cpu51 149822 0 47 36234 0 0 0 0 0 0
cpu52 150120 0 163 35805 2 0 2 0 0 0
cpu53 149661 0 191 36235 0 0 18 0 0 0
cpu54 149765 0 150 36178 0 0 3 0 0 0
cpu55 149649 0 193 36232 0 0 22 0 0 0
cpu56 149772 0 174 36157 0 0 0 0 0 0
cpu57 149825 0 46 36221 7 0 0 0 0 0
cpu58 149738 0 154 36208 0 0 2 0 0 0
cpu59 149818 0 46 36234 0 0 0 0 0 0
cpu60 149779 0 119 36199 0 0 3 0 0 0
cpu61 149826 0 51 36221 0 0 0 0 0 0
cpu62 149705 0 360 36014 0 0 1 0 0 0
cpu63 149796 0 102 36195 0 0 5 0 0 0
intr 27799440 83 0 0 0 612 0 0 0 1 0 285 0 0 0 0 0 0 0 0 0 0 0 0 0 0 0 0 0 0 0 0 0 0 0 0 0 0 0 5 954 41266 0 30 747 1 11309 0 14238 1196 0 2 1339 1077 1439 17 4863 2 18 2855 6350 20 6393 3 24 2 242 1 33 4 2601 7 7351 7 65 5 670 0 6305 86 3695 0 0 194 1470 4 726 6 4117 0 0 51 7932 3034 9151 4 7 880 252 2522 0 2 2272 0 0 0 0 0 0 0 0 0 0 0 0 0 0 0 0 0 31536 94 0 0 0 0 0 0 0 0 0 0 0 0 0 0 0 0 0 0 0 0 0 0 0 0 0 0 0 0 0 0 0 0 0 0 0 0 0 0 0 0 0 0 0 0 0 0 0 0 0 0 0 0 0 0 0 0 0 0 0 0 0 0 0 0 0 0 0 0 0 0 0 0 0 0 0 20 0 0 0 0 0 0 0 0 0 0 0 0 0 0 0 0 0 0 0 0 0 0 0 0 0 0 0 0 0 0 0 0 0 0 0 0 0 0 0 0 0 0 0 0 0 0 0 0 0 0 0 0 0 0 0 0 0 0 0 0 0 0 0 0 0 0 0 0 0 0 0 0 0 0 0 0 0 0 0 0 0 0 0 0 0 0 0 0 0 0 0 0 0 0 0 0 0 0 0 0 0 0 0 0 0 0 0 0 0 0 0 0 0 0 0 0 0 0 0 0 0 0 0 0 0 0 0 0 0 0 0 0 0 0 0 0 0 0 0 0 0 0 0 0 0 0 0 0 0 0 0 0 0 0 0 0 0 0 0 0 0 0 0 0 0 0 0 0 0 0 0 0 0 0 0 0 0 0 0 0 0 0 0 0 0 0 0 0 0 0 0 0 0 0 0 0 0 0 0 0 0 0 0 0 0 0 0 0 0 0 0 0 0 0 0 0 0 0 0 0 0 0 0 0 0 0 0 0 0 0 0 0 0 0 0 0 0 0 0 0 0 0 0 0 0 0 0 0 0 0 0 0 0 0 0 0 0 0 0 0 0 0 0 0 0 0 0 0 0 0 0 0 0 0 0 0 0 0 0 0 0 0 0 0 0 0 0 0 0 0 0 0 0 0 0 0 0 0 0 0 0 0 0 0 0 0 0 0 0 0 0 0 0 0 0 0 0 0 0 0 0 0 0 0 0 0 0 0 0 0 0 0 0 0 0 0 0 0 0 0 0 0 0 0 0 0 0 0 0 0 0 0 0 0 0 0 0 0 0 0 0 0 0 0 0 0 0 0 0 0 0 0 0 0 0 0 0 0 0 0 0 0 0 0 0 0 0 0 0 0 0 0 0 0 0 0 0 0 0 0 0 0 0 0 0 0 0 0 0 0 0 0 0 0 0 0 0 0 0 0 0 0 0 0 0 0 0 0 0 0 0 0 0 0 0 0 0 0 0 0 0 0 0 0 0 0 0 0 0 0 0 0 0 0 0 0 0 0 0 0 0 0 0 0 0 0 0 0 0 0 0 0 0 0 0 0 0 0 0 0 0 0 0 0 0 0 0 0 0 0 0 0 0 0 0 0 0 0 0 0 0 0 0 0 0 0 0 0 0 0 0 0 0 0 0 0 0 0 0 0 0 0 0 0 0 0 0 0 0 0 0 0 0 0 0 0 0 0 0 0 0 0 0 0 0 0 0 0 0 0 0 0 0 0 0 0 0 0 0 0 0 0 0 0 0 0 0 0 0 0 0 0 0 0 0 0 0 0 0 0 0 0 0 0 0 0 0 0 0 0 0 0 0 0 0 0 0 0 0 0 0 0 0 0 0 0 0 0 0 0 0 0 0 0 0 0 0 0 0 0 0 0 0 0 0 0 0 0 0 0 0 0 0 0 0 0 0 0 0 0 0 0 0 0 0 0 0 0 0 0 0 0 0 0 0 0 0 0 0 0 0 0 0 0 0 0 0 0 0 0 0 0 0 0 0 0 0 0 0 0 0 0 0 0 0 0 0 0 0 0 0 0 0 0 0 0 0 0 0 0 0 0 0 0 0 0 0 0 0 0 0 0 0 0 0 0 0 0 0 0 0 0 0 0 0 0 0 0 0 0 0 0 0 0 0 0 0 0 0 0 0 0 0 0 0 0 0 0 0 0 0 0 0 0 0 0 0 0 0 0 0 0 0 0 0 0 0 0 0 0 0 0 0 0 0 0 0 0 0 0 0 0 0 0 0 0 0 0 0 0 0 0 0 0 0 0 0 0 0 0 0 0 0 0 0 0 0 0 0 0 0 0 0 0 0 0 0 0 0 0 0 0 0 0 0 0 0 0 0 0 0 0 0 0 0 0 0 0 0 0 0 0 0 0 0 0 0 0 0 0 0 0 0 0 0 0 0 0 0 0 0 0 0 0 0 0 0 0 0 0 0 0 0 0 0 0 0 0 0 0 0 0 0 0 0 0 0 0 0 0 0 0 0 0 0 0 0 0 0 0 0 0 0 0 0 0 0 0 0 0 0 0 0 0 0 0 0 0 0 0 0 0 0 0 0 0 0 0 0 0 0 0 0 0 0 0 0 0 0 0 0 0 0 0 0 0 0 0 0 0 0 0 0 0 0 0 0 0 0 0 0 0 0 0 0 0 0 0 0 0 0 0 0 0 0 0 0 0 0 0 0 0 0 0 0 0 0 0 0 0 0 0 0 0 0 0 0 0 0 0 0 0 0 0 0 0 0 0 0 0 0 0 0 0 0 0 0 0 0 0 0 0 0 0 0 0 0 0 0 0 0 0 0 0 0 0 0 0 0 0 0 0 0 0 0 0 0 0 0 0 0 0 0 0 0 0 0 0 0 0 0 0 0 0 0 0 0 0 0 0 0 0 0 0 0 0 0 0 0 0 0 0 0 0 0 0 0 0 0 0 0 0 0 0 0 0 0 0 0 0 0 0 0 0 0 0 0 0 0 0 0 0 0 0 0 0 0 0 0 0 0 0 0 0 0 0 0 0 0 0 0 0 0 0 0 0 0 0 0 0 0 0 0 0 0 0 0 0 0 0 0 0 0 0 0 0 0 0 0 0 0 0 0 0 0 0 0 0 0 0 0 0 0 0 0 0 0 0 0 0 0 0 0 0 0 0 0 0 0 0 0 0 0 0 0 0 0 0 0 0 0 0 0 0 0 0 0 0 0 0 0 0 0 0 0 0 0 0 0 0 0 0 0 0 0 0 0 0 0 0 0 0 0 0 0 0 0 0 0 0 0 0 0 0 0 0 0 0 0 0 0 0 0 0 0 0 0 0 0 0 0 0 0 0 0 0 0 0 0 0 0 0 0 0 0 0 0 0 0 0 0 0 0 0 0 0 0 0 0 0 0 0 0 0 0 0 0 0 0 0 0 0 0 0 0 0 0 0 0 0 0 0 0 0 0 0 0 0 0 0 0 0 0 0 0 0 0 0 0 0 0 0 0 0 0 0 0 0 0 0 0 0 0 0 0 0 0 0 0 0 0 0 0 0 0 0 0 0 0 0 0 0 0 0 0 0 0 0 0 0 0 0 0 0 0 0 0 0 0 0 0 0 0 0 0 0 0 0 0 0 0 0 0 0 0 0 0 0 0 0 0 0 0 0 0 0 0 0 0 0 0 0 0 0 0 0 0 0 0 0 0 0 0 0 0 0 0 0 0 0 0 0 0 0 0 0 0 0 0 0 0 0 0 0 0 0 0 0 0 0 0 0 0 0 0 0 0 0 0 0 0 0 0 0 0 0 0 0 0 0 0 0 0 0 0 0 0 0 0 0 0 0 0 0 0 0 0 0 0 0 0 0 0 0 0 0 0 0 0 0 0 0 0 0 0 0 0 0 0 0 0 0 0 0 0 0 0 0 0 0 0 0 0 0 0 0 0 0 0 0 0 0 0 0 0 0 0 0 0 0 0 0 0 0 0 0 0 0 0 0 0 0 0 0 0 0 0 0 0 0 0 0 0 0 0 0 0 0 0 0 0 0 0 0 0 0 0 0 0 0 0 0 0 0 0 0 0 0 0 0 0 0 0 0 0 0 0 0 0 0 0 0 0 0 0 0 0 0 0 0 0 0 0 0 0 0 0 0 0 0 0 0 0 0 0 0 0 0 0 0 0 0 0 0 0 0 0 0 0 0 0 0 0 0 0 0 0 0 0 0 0 0 0 0 0 0 0 0 0 0 0 0 0 0 0 0 0 0 0 0 0 0 0 0 0 0 0 0 0 0 0 0 0 0 0 0 0 0 0 0 0 0 0 0 0 0 0 0 0 0 0 0 0 0 0 0 0 0 0 0 0 0 0 0 0 0 0 0 0 0 0 0 0 0 0 0 0 0 0 0 0 0 0 0 0 0 0 0 0 0 0 0 0 0 0 0 0 0 0 0 0 0 0 0 0 0 0 0 0 0 0 0 0 0 0 0 0 0 0 0 0 0 0 0 0 0 0 0 0 0 0 0 0 0 0 0 0 0 0 0 0 0 0 0 0 0 0 0 0 0 0 0 0 0 0 0 0 0 0 0 0 0 0 0 0 0 0 0 0 0 0 0 0 0 0 0 0 0 0 0 0 0 0 0 0 0 0 0 0 0 0 0 0 0 0 0 0 0 0 0 0 0 0 0 0 0 0 0 0 0 0 0 0 0 0 0 0 0 0 0 0 0 0 0 0 0 0 0 0 0 0 0 0 0 0 0 0 0 0 0 0 0 0 0 0 0 0 0 0 0 0 0 0 0 0 0 0 0 0 0 0 0 0 0 0 0 0 0 0 0 0 0 0 0 0 0 0 0 0 0 0 0 0 0 0 0 0 0 0 0 0 0 0 0 0 0 0 0 0 0 0 0 0 0 0 0 0 0 0 0 0 0 0 0 0 0 0 0 0 0 0 0 0 0 0 0 0 0 0 0 0 0 0 0 0 0 0 0 0 0 0 0 0 0 0 0 0 0 0 0 0 0 0 0 0 0 0 0 0 0 0 0 0 0 0 0 0 0 0 0 0 0 0 0 0 0 0 0 0 0 0 0 0 0 0 0 0 0 0 0 0 0 0 0 0 0 0 0 0 0 0 0 0 0 0 0 0 0 0 0 0 0 0 0 0 0 0 0 0 0 0 0 0 0 0 0 0 0 0 0 0 0 0 0 0 0 0 0 0 0 0 0 0 0 0 0 0 0 0
ctxt 4393120
btime 1613144793
processes 99718
procs_running 1
procs_blocked 0
softirq 30568271 1 17234954 973 834972 0 0 152 1016273 0 11480946
