cpu  23872056 4 46882 6929911 419 0 3596 0 0 0
cpu0 664084 1 1648 190940 0 0 412 0 0 0
cpu1 662834 0 1687 192399 1 0 84 0 0 0
cpu2 663581 0 1394 191908 79 0 53 0 0 0
cpu3 662208 0 1967 192791 1 0 67 0 0 0
cpu4 662703 0 1500 192796 1 0 30 0 0 0
cpu5 662735 0 1358 192898 0 0 46 0 0 0
cpu6 663305 0 1156 192421 72 0 68 0 0 0
cpu7 663466 0 916 192597 3 0 35 0 0 0
cpu8 663250 0 1182 192561 6 0 21 0 0 0
cpu9 663409 0 928 192636 1 0 52 0 0 0
cpu10 663070 0 1120 192757 5 0 80 0 0 0
cpu11 662897 0 1299 192740 3 0 82 0 0 0
cpu12 661323 0 2676 192664 4 0 346 0 0 0
cpu13 662664 0 1756 192520 1 0 65 0 0 0
cpu14 662228 0 2396 192330 8 0 62 0 0 0
cpu15 662306 0 2017 192660 2 0 36 0 0 0
cpu16 663663 0 2220 191062 0 0 76 0 0 0
cpu17 663172 0 1010 192767 22 0 41 0 0 0
cpu18 663581 0 1104 192314 13 0 16 0 0 0
cpu19 662800 0 1532 192560 9 0 126 0 0 0
cpu20 663515 0 796 192648 45 0 11 0 0 0
cpu21 662507 0 1795 192696 10 0 10 0 0 0
cpu22 663445 0 806 192704 50 0 14 0 0 0
cpu23 663497 0 722 192763 4 0 38 0 0 0
cpu24 663841 0 450 192717 1 0 12 0 0 0
cpu25 663276 0 958 192776 1 0 8 0 0 0
cpu26 663562 0 726 192671 13 0 51 0 0 0
cpu27 662980 0 1015 192800 4 0 218 0 0 0
cpu28 663609 0 652 192740 4 0 15 0 0 0
cpu29 660717 0 2333 192697 2 0 1263 0 0 0
cpu30 663548 0 931 192525 3 0 8 0 0 0
cpu31 663157 0 1284 192503 14 0 68 0 0 0
cpu32 663570 0 720 192727 1 0 12 0 0 0
cpu33 663497 0 1139 192363 2 0 16 0 0 0
cpu34 663305 0 932 192734 8 0 32 0 0 0
cpu35 664736 0 746 191506 7 0 12 0 0 0
intr 65878369 56 0 0 0 611 0 0 0 1 0 250 0 0 0 0 0 0 0 0 0 0 0 0 0 0 0 0 0 0 0 0 93 186 220 9804 102 3113 151 3148 509 325 158 579 289 1102 745 502 415 286 541 2544 551 3452 1141 1832 416 0 0 0 0 68 99 375 350 362 1133 406 1002 85 328 386 623 0 0 16 14730 3370 0 16690 1132 1325 842 1849 1063 912 1217 1643 964 3257 2842 67569 15890 2489 1512 2229 650 1184 1063 781 790 1919 663 923 804 2629 1561 3275 159491 524 1453 1074 745 4951 2088 0 16 7749 1 0 0 0 0 0 0 0 0 0 0 0 0 0 0 0 0 0 0 0 0 0 0 0 0 0 0 0 0 0 0 0 0 0 0 0 0 0 25 0 0 0 0 0 0 0 0 0 0 0 0 0 0 0 0 0 0 0 0 0 0 0 0 0 0 0 0 0 0 0 0 0 0 0 0 0 0 0 0 0 0 0 0 0 0 0 0 0 0 0 0 0 0 0 0 0 0 0 0 0 0 0 0 0 0 0 0 0 0 0 0 0 0 0 0 0 0 0 0 0 0 0 0 0 0 0 0 0 0 0 0 0 0 0 0 0 0 0 0 0 0 0 0 0 0 0 0 0 0 0 0 0 0 0 0 0 0 0 0 0 0 0 0 0 0 0 0 0 0 0 0 0 0 0 0 0 0 0 0 0 0 0 0 0 0 0 0 0 0 0 0 0 0 0 0 0 0 0 0 0 0 0 0 0 0 0 0 0 0 0 0 0 0 0 0 0 0 0 0 0 0 0 0 0 0 0 0 0 0 0 0 0 0 0 0 0 0 0 0 0 0 0 0 0 0 0 0 0 0 0 0 0 0 0 0 0 0 0 0 0 0 0 0 0 0 0 0 0 0 0 0 0 0 0 0 0 0 0 0 0 0 0 0 0 0 0 0 0 0 0 0 0 0 0 0 0 0 0 0 0 0 0 0 0 0 0 0 0 0 0 0 0 0 0 0 0 0 0 0 0 0 0 0 0 0 0 0 0 0 0 0 0 0 0 0 0 0 0 0 0 0 0 0 0 0 0 0 0 0 0 0 0 0 0 0 0 0 0 0 0 0 0 0 0 0 0 0 0 0 0 0 0 0 0 0 0 0 0 0 0 0 0 0 0 0 0 0 0 0 0 0 0 0 0 0 0 0 0 0 0 0 0 0 0 0 0 0 0 0 0 0 0 0 0 0 0 0 0 0 0 0 0 0 0 0 0 0 0 0 0 0 0 0 0 0 0 0 0 0 0 0 0 0 0 0 0 0 0 0 0 0 0 0 0 0 0 0 0 0 0 0 0 0 0 0 0 0 0 0 0 0 0 0 0 0 0 0 0 0 0 0 0 0 0 0 0 0 0 0 0 0 0 0 0 0 0 0 0 0 0 0 0 0 0 0 0 0 0 0 0 0 0 0 0 0 0 0 0 0 0 0 0 0 0 0 0 0 0 0 0 0 0 0 0 0 0 0 0 0 0 0 0 0 0 0 0 0 0 0 0 0 0 0 0 0 0 0 0 0 0 0 0 0 0 0 0 0 0 0 0 0 0 0 0 0 0 0 0 0 0 0 0 0 0 0 0 0 0 0 0 0 0 0 0 0 0 0 0 0 0 0 0 0 0 0 0 0 0 0 0 0 0 0 0 0 0 0 0 0 0 0 0 0 0 0 0 0 0 0 0 0 0 0 0 0 0 0 0 0 0 0 0 0 0 0 0 0 0 0 0 0 0 0 0 0 0 0 0 0 0 0 0 0 0 0 0 0 0 0 0 0 0 0 0 0 0 0 0 0 0 0 0 0 0 0 0 0 0 0 0 0 0 0 0 0 0 0 0 0 0 0 0 0 0 0 0 0 0 0 0 0 0 0 0 0 0 0 0 0 0 0 0 0 0 0 0 0 0 0 0 0 0 0 0 0 0 0 0 0 0 0 0 0 0 0 0 0 0 0 0 0 0 0 0 0 0 0 0 0 0 0 0 0 0 0 0 0 0 0 0 0 0 0 0 0 0 0 0 0 0 0 0 0 0 0 0 0 0 0 0 0 0 0 0 0 0 0 0 0 0 0 0 0 0 0 0 0 0 0 0 0 0 0 0 0 0 0 0 0 0 0 0 0 0 0 0 0 0 0 0 0 0 0 0 0 0 0 0 0 0 0 0 0 0 0 0 0 0 0 0 0 0 0 0 0 0 0 0 0 0 0 0 0 0 0 0 0 0 0 0 0 0 0 0 0 0 0 0 0 0 0 0 0 0 0 0 0 0 0 0 0 0 0 0 0 0 0 0 0 0 0 0 0 0 0 0 0 0 0 0 0 0 0 0 0 0 0 0 0 0 0 0 0 0 0 0 0 0 0 0 0 0 0 0 0 0 0 0 0 0 0 0 0 0 0 0 0 0 0 0 0 0 0 0 0 0 0 0 0 0 0 0 0 0 0 0 0 0 0 0 0 0 0 0 0 0 0 0 0 0 0 0 0 0 0 0 0 0 0 0 0 0 0 0 0 0 0 0 0 0 0 0 0 0 0 0 0 0 0 0 0 0 0 0 0 0 0 0 0 0 0 0 0 0 0 0 0 0 0 0 0 0 0 0 0 0 0 0 0 0 0 0 0 0 0 0 0 0 0 0 0 0 0 0 0 0 0 0 0 0 0 0 0 0 0 0 0 0 0 0 0 0 0 0 0 0 0 0 0 0 0 0 0 0 0 0 0 0 0 0 0 0 0 0 0 0 0 0 0 0 0 0 0 0 0 0 0 0 0 0 0 0 0 0 0 0 0 0 0 0 0 0 0 0 0 0 0 0 0 0 0 0 0 0 0 0 0 0 0
ctxt 17048756
btime 1613124388
processes 425382
procs_running 1
procs_blocked 0
softirq 86468408 1 50447016 741 3196722 0 0 307620 2251242 0 30265066
