cpu  14983584 3 21644 6942526 458 0 2220 0 0 0
cpu0 415740 0 932 192719 1 0 423 0 0 0
cpu1 416345 0 695 192611 22 0 61 0 0 0
cpu2 415958 0 826 192860 17 0 104 0 0 0
cpu3 416142 0 622 192953 5 0 29 0 0 0
cpu4 415934 0 806 192970 3 0 30 0 0 0
cpu5 416176 0 477 193044 2 0 40 0 0 0
cpu6 416039 0 551 193101 6 0 38 0 0 0
cpu7 416069 0 718 192868 1 0 70 0 0 0
cpu8 416178 0 486 193046 1 0 24 0 0 0
cpu9 416592 0 471 192675 1 0 2 0 0 0
cpu10 415813 0 853 192989 6 0 65 0 0 0
cpu11 416000 0 582 193112 1 0 31 0 0 0
cpu12 415908 0 766 192980 38 0 29 0 0 0
cpu13 416786 0 545 192371 4 0 30 0 0 0
cpu14 416172 0 579 192891 88 0 12 0 0 0
cpu15 414682 0 1445 192911 49 0 640 0 0 0
cpu16 416188 0 643 192878 2 0 13 0 0 0
cpu17 415881 0 816 192992 2 0 35 0 0 0
cpu18 416263 0 412 193006 4 0 19 0 0 0
cpu19 416447 0 541 192660 15 0 37 0 0 0
cpu20 416060 0 676 192912 5 0 82 0 0 0
cpu21 416381 0 337 193014 1 0 6 0 0 0
cpu22 416253 0 413 193024 23 0 13 0 0 0
cpu23 415750 0 730 193131 0 0 124 0 0 0
cpu24 416186 0 401 193112 7 0 29 0 0 0
cpu25 416234 0 420 193033 13 0 30 0 0 0
cpu26 416427 0 294 193006 2 0 2 0 0 0
cpu27 416660 0 466 192579 16 0 2 0 0 0
cpu28 417050 0 853 191742 2 0 90 0 0 0
cpu29 416703 0 378 192624 1 0 5 0 0 0
cpu30 417143 0 552 191933 77 0 17 0 0 0
cpu31 416488 0 446 192772 1 0 17 0 0 0
cpu32 416253 0 400 193066 1 0 7 0 0 0
cpu33 416289 1 439 192955 6 0 28 0 0 0
cpu34 416214 0 498 192986 13 0 8 0 0 0
cpu35 416168 0 559 192984 2 0 13 0 0 0
intr 41626996 56 0 0 0 610 0 0 0 1 0 250 0 0 0 0 0 0 0 0 0 0 0 0 0 0 0 0 0 0 0 0 94 398 395 749 2629 373 620 1086 167 129 65 459 80 4694 390 3722 2304 505 432 245 386 400 176 1340 31 0 0 0 0 329 534 190 840 154 45 10207 147 67 724 492 203 0 0 17 10618 2 0 15843 411 3873 416 2248 3010 621 4164 1446 346 4500 2568 5389 397 1118 136806 1454 4161 5829 991 357 1026 685 264 257 1303 508 385 3554 1520 6390 3613 1173 2650 1252 1447 0 16 7747 1 0 0 0 0 0 0 0 0 0 0 0 0 0 0 0 0 0 0 0 0 0 0 0 0 0 0 0 0 0 0 0 0 0 0 0 0 0 25 0 0 0 0 0 0 0 0 0 0 0 0 0 0 0 0 0 0 0 0 0 0 0 0 0 0 0 0 0 0 0 0 0 0 0 0 0 0 0 0 0 0 0 0 0 0 0 0 0 0 0 0 0 0 0 0 0 0 0 0 0 0 0 0 0 0 0 0 0 0 0 0 0 0 0 0 0 0 0 0 0 0 0 0 0 0 0 0 0 0 0 0 0 0 0 0 0 0 0 0 0 0 0 0 0 0 0 0 0 0 0 0 0 0 0 0 0 0 0 0 0 0 0 0 0 0 0 0 0 0 0 0 0 0 0 0 0 0 0 0 0 0 0 0 0 0 0 0 0 0 0 0 0 0 0 0 0 0 0 0 0 0 0 0 0 0 0 0 0 0 0 0 0 0 0 0 0 0 0 0 0 0 0 0 0 0 0 0 0 0 0 0 0 0 0 0 0 0 0 0 0 0 0 0 0 0 0 0 0 0 0 0 0 0 0 0 0 0 0 0 0 0 0 0 0 0 0 0 0 0 0 0 0 0 0 0 0 0 0 0 0 0 0 0 0 0 0 0 0 0 0 0 0 0 0 0 0 0 0 0 0 0 0 0 0 0 0 0 0 0 0 0 0 0 0 0 0 0 0 0 0 0 0 0 0 0 0 0 0 0 0 0 0 0 0 0 0 0 0 0 0 0 0 0 0 0 0 0 0 0 0 0 0 0 0 0 0 0 0 0 0 0 0 0 0 0 0 0 0 0 0 0 0 0 0 0 0 0 0 0 0 0 0 0 0 0 0 0 0 0 0 0 0 0 0 0 0 0 0 0 0 0 0 0 0 0 0 0 0 0 0 0 0 0 0 0 0 0 0 0 0 0 0 0 0 0 0 0 0 0 0 0 0 0 0 0 0 0 0 0 0 0 0 0 0 0 0 0 0 0 0 0 0 0 0 0 0 0 0 0 0 0 0 0 0 0 0 0 0 0 0 0 0 0 0 0 0 0 0 0 0 0 0 0 0 0 0 0 0 0 0 0 0 0 0 0 0 0 0 0 0 0 0 0 0 0 0 0 0 0 0 0 0 0 0 0 0 0 0 0 0 0 0 0 0 0 0 0 0 0 0 0 0 0 0 0 0 0 0 0 0 0 0 0 0 0 0 0 0 0 0 0 0 0 0 0 0 0 0 0 0 0 0 0 0 0 0 0 0 0 0 0 0 0 0 0 0 0 0 0 0 0 0 0 0 0 0 0 0 0 0 0 0 0 0 0 0 0 0 0 0 0 0 0 0 0 0 0 0 0 0 0 0 0 0 0 0 0 0 0 0 0 0 0 0 0 0 0 0 0 0 0 0 0 0 0 0 0 0 0 0 0 0 0 0 0 0 0 0 0 0 0 0 0 0 0 0 0 0 0 0 0 0 0 0 0 0 0 0 0 0 0 0 0 0 0 0 0 0 0 0 0 0 0 0 0 0 0 0 0 0 0 0 0 0 0 0 0 0 0 0 0 0 0 0 0 0 0 0 0 0 0 0 0 0 0 0 0 0 0 0 0 0 0 0 0 0 0 0 0 0 0 0 0 0 0 0 0 0 0 0 0 0 0 0 0 0 0 0 0 0 0 0 0 0 0 0 0 0 0 0 0 0 0 0 0 0 0 0 0 0 0 0 0 0 0 0 0 0 0 0 0 0 0 0 0 0 0 0 0 0 0 0 0 0 0 0 0 0 0 0 0 0 0 0 0 0 0 0 0 0 0 0 0 0 0 0 0 0 0 0 0 0 0 0 0 0 0 0 0 0 0 0 0 0 0 0 0 0 0 0 0 0 0 0 0 0 0 0 0 0 0 0 0 0 0 0 0 0 0 0 0 0 0 0 0 0 0 0 0 0 0 0 0 0 0 0 0 0 0 0 0 0 0 0 0 0 0 0 0 0 0 0 0 0 0 0 0 0 0 0 0 0 0 0 0 0 0 0 0 0 0 0 0 0 0 0 0 0 0 0 0 0 0 0 0 0 0 0 0 0 0 0 0 0 0 0 0 0 0 0 0 0 0 0 0 0 0 0 0 0 0 0 0 0 0 0 0 0 0 0 0 0 0 0 0 0 0 0 0 0 0 0 0 0 0 0 0 0 0 0 0 0 0 0 0 0 0 0 0 0 0 0 0 0 0 0 0 0 0 0 0 0 0 0 0 0 0 0 0 0 0 0 0 0 0 0 0 0 0 0 0 0 0 0 0 0 0 0 0 0 0 0 0 0 0 0 0 0 0 0 0 0 0 0 0 0 0 0 0 0 0 0 0 0 0 0 0 0 0 0 0 0 0 0 0 0 0 0 0 0 0 0 0 0 0 0 0 0 0 0 0 0 0 0 0 0 0 0 0 0 0 0 0 0 0 0 0 0 0 0 0 0 0 0 0 0 0 0 0 0 0 0 0 0 0 0 0 0 0 0 0 0 0 0 0 0 0 0 0 0 0 0 0 0 0 0 0 0 0
ctxt 11519957
btime 1613124388
processes 291326
procs_running 1
procs_blocked 0
softirq 53362083 1 30416830 681 2193128 0 0 219827 1461022 0 19070594
