cpu  29693894 4 42963 7200502 497 0 4336 0 0 0
cpu0 824187 0 1683 199853 13 0 673 0 0 0
cpu1 826859 0 1330 197898 1 0 141 0 0 0
cpu2 823506 0 2021 199480 2 0 1124 0 0 0
cpu3 823832 0 2012 200230 4 0 100 0 0 0
cpu4 824824 0 1391 199853 44 0 62 0 0 0
cpu5 825162 0 1292 199655 29 0 30 0 0 0
cpu6 824585 0 1188 200307 16 0 60 0 0 0
cpu7 824680 0 1065 200361 13 0 48 0 0 0
cpu8 824790 0 980 200296 72 0 33 0 0 0
cpu9 824602 0 1095 200404 2 0 77 0 0 0
cpu10 824167 0 1478 200368 4 0 159 0 0 0
cpu11 824812 0 1044 200265 0 0 46 0 0 0
cpu12 822851 0 2726 200264 9 0 309 0 0 0
cpu13 824867 0 1164 200042 1 0 93 0 0 0
cpu14 824628 0 1067 200442 2 0 31 0 0 0
cpu15 824322 0 1433 200209 5 0 205 0 0 0
cpu16 823876 0 1715 200366 2 0 208 0 0 0
cpu17 824581 0 1251 200287 7 0 31 0 0 0
cpu18 825342 0 1013 199795 4 0 15 0 0 0
cpu19 826320 0 964 198780 48 0 30 0 0 0
cpu20 826086 0 1113 198883 2 0 53 0 0 0
cpu21 824982 0 1786 199301 2 0 80 0 0 0
cpu22 824810 0 1496 199755 62 0 42 0 0 0
cpu23 825238 0 814 200005 70 0 14 0 0 0
cpu24 825169 0 736 200174 4 0 80 0 0 0
cpu25 825001 0 860 200288 1 0 14 0 0 0
cpu26 824827 0 816 200450 0 0 73 0 0 0
cpu27 824649 0 966 200429 1 0 121 0 0 0
cpu28 825047 0 748 200336 1 0 30 0 0 0
cpu29 825169 0 557 200418 0 0 20 0 0 0
cpu30 825154 0 715 200272 10 0 13 0 0 0
cpu31 825559 0 461 200113 1 0 29 0 0 0
cpu32 825113 2 628 200395 8 0 10 0 0 0
cpu33 825106 0 802 200158 20 0 61 0 0 0
cpu34 824340 0 1436 200222 19 0 135 0 0 0
cpu35 824835 0 1101 200132 2 0 72 0 0 0
intr 81821542 56 0 0 0 614 0 0 0 1 0 263 0 0 0 0 0 0 0 0 0 0 0 0 0 0 0 0 0 0 0 0 0 742 197 607 522 4765 2539 590 413 3010 1162 175 127 2455 286 672 277 670 480 297 6192 837 265 2204 3248 0 0 0 0 389 128 442 473 70 128 614 119 1019 1858 1372 357 93 0 16 16112 4035 0 21001 1026 197750 2708 584 1062 1458 1949 1933 1597 1467 2129 88325 8751 4021 3232 2747 1111 1929 706 5729 5345 626 1337 479 786 2035 1583 1192 3138 974 909 1665 2444 1905 1416 0 18 7981 1 0 0 0 0 0 0 0 0 0 0 0 0 0 0 0 0 0 0 0 0 0 0 0 0 0 0 0 0 0 0 0 0 0 0 0 0 0 21 0 0 0 0 0 0 0 0 0 0 0 0 0 0 0 0 0 0 0 0 0 0 0 0 0 0 0 0 0 0 0 0 0 0 0 0 0 0 0 0 0 0 0 0 0 0 0 0 0 0 0 0 0 0 0 0 0 0 0 0 0 0 0 0 0 0 0 0 0 0 0 0 0 0 0 0 0 0 0 0 0 0 0 0 0 0 0 0 0 0 0 0 0 0 0 0 0 0 0 0 0 0 0 0 0 0 0 0 0 0 0 0 0 0 0 0 0 0 0 0 0 0 0 0 0 0 0 0 0 0 0 0 0 0 0 0 0 0 0 0 0 0 0 0 0 0 0 0 0 0 0 0 0 0 0 0 0 0 0 0 0 0 0 0 0 0 0 0 0 0 0 0 0 0 0 0 0 0 0 0 0 0 0 0 0 0 0 0 0 0 0 0 0 0 0 0 0 0 0 0 0 0 0 0 0 0 0 0 0 0 0 0 0 0 0 0 0 0 0 0 0 0 0 0 0 0 0 0 0 0 0 0 0 0 0 0 0 0 0 0 0 0 0 0 0 0 0 0 0 0 0 0 0 0 0 0 0 0 0 0 0 0 0 0 0 0 0 0 0 0 0 0 0 0 0 0 0 0 0 0 0 0 0 0 0 0 0 0 0 0 0 0 0 0 0 0 0 0 0 0 0 0 0 0 0 0 0 0 0 0 0 0 0 0 0 0 0 0 0 0 0 0 0 0 0 0 0 0 0 0 0 0 0 0 0 0 0 0 0 0 0 0 0 0 0 0 0 0 0 0 0 0 0 0 0 0 0 0 0 0 0 0 0 0 0 0 0 0 0 0 0 0 0 0 0 0 0 0 0 0 0 0 0 0 0 0 0 0 0 0 0 0 0 0 0 0 0 0 0 0 0 0 0 0 0 0 0 0 0 0 0 0 0 0 0 0 0 0 0 0 0 0 0 0 0 0 0 0 0 0 0 0 0 0 0 0 0 0 0 0 0 0 0 0 0 0 0 0 0 0 0 0 0 0 0 0 0 0 0 0 0 0 0 0 0 0 0 0 0 0 0 0 0 0 0 0 0 0 0 0 0 0 0 0 0 0 0 0 0 0 0 0 0 0 0 0 0 0 0 0 0 0 0 0 0 0 0 0 0 0 0 0 0 0 0 0 0 0 0 0 0 0 0 0 0 0 0 0 0 0 0 0 0 0 0 0 0 0 0 0 0 0 0 0 0 0 0 0 0 0 0 0 0 0 0 0 0 0 0 0 0 0 0 0 0 0 0 0 0 0 0 0 0 0 0 0 0 0 0 0 0 0 0 0 0 0 0 0 0 0 0 0 0 0 0 0 0 0 0 0 0 0 0 0 0 0 0 0 0 0 0 0 0 0 0 0 0 0 0 0 0 0 0 0 0 0 0 0 0 0 0 0 0 0 0 0 0 0 0 0 0 0 0 0 0 0 0 0 0 0 0 0 0 0 0 0 0 0 0 0 0 0 0 0 0 0 0 0 0 0 0 0 0 0 0 0 0 0 0 0 0 0 0 0 0 0 0 0 0 0 0 0 0 0 0 0 0 0 0 0 0 0 0 0 0 0 0 0 0 0 0 0 0 0 0 0 0 0 0 0 0 0 0 0 0 0 0 0 0 0 0 0 0 0 0 0 0 0 0 0 0 0 0 0 0 0 0 0 0 0 0 0 0 0 0 0 0 0 0 0 0 0 0 0 0 0 0 0 0 0 0 0 0 0 0 0 0 0 0 0 0 0 0 0 0 0 0 0 0 0 0 0 0 0 0 0 0 0 0 0 0 0 0 0 0 0 0 0 0 0 0 0 0 0 0 0 0 0 0 0 0 0 0 0 0 0 0 0 0 0 0 0 0 0 0 0 0 0 0 0 0 0 0 0 0 0 0 0 0 0 0 0 0 0 0 0 0 0 0 0 0 0 0 0 0 0 0 0 0 0 0 0 0 0 0 0 0 0 0 0 0 0 0 0 0 0 0 0 0 0 0 0 0 0 0 0 0 0 0 0 0 0 0 0 0 0 0 0 0 0 0 0 0 0 0 0 0 0 0 0 0 0 0 0 0 0 0 0 0 0 0 0 0 0 0 0 0 0 0 0 0 0 0 0 0 0 0 0 0 0 0 0 0 0 0 0 0 0 0 0 0 0 0 0 0 0 0 0 0 0 0 0 0 0 0 0 0 0 0 0 0 0 0 0 0 0 0 0 0 0 0 0 0 0 0 0 0 0 0 0 0 0 0 0 0 0 0 0 0 0 0 0 0 0 0 0 0 0 0 0 0 0 0 0 0 0 0 0 0 0 0 0 0 0 0 0 0 0 0 0 0 0 0 0 0 0 0 0 0 0 0 0 0 0 0 0 0 0 0 0 0 0 0 0 0 0 0 0 0 0 0 0 0 0 0 0 0 0 0 0 0 0 0 0 0 0 0 0 0 0 0 0 0 0 0 0 0 0 0 0
ctxt 21183623
btime 1613124388
processes 530967
procs_running 1
procs_blocked 0
softirq 106707998 1 61704132 860 3995159 0 0 374782 2770791 0 37862273
