cpu  43332933 8 71216 4696551 180 0 6173 0 0 0
cpu0 675719 0 2612 72921 0 0 437 0 0 0
cpu1 676606 0 1447 73468 9 0 175 0 0 0
cpu2 676625 0 2005 72886 1 0 173 0 0 0
cpu3 676314 0 1492 73669 4 0 204 0 0 0
cpu4 676595 0 2096 72780 8 0 118 0 0 0
cpu5 677438 0 531 73659 4 0 54 0 0 0
cpu6 676284 0 1638 73604 1 0 150 0 0 0
cpu7 676544 0 1368 73553 2 0 220 0 0 0
cpu8 676222 0 1803 73567 0 0 85 0 0 0
cpu9 677511 0 513 73602 3 0 59 0 0 0
cpu10 676332 0 1918 73285 3 0 130 0 0 0
cpu11 676951 0 970 73623 2 0 136 0 0 0
cpu12 676191 0 1959 73435 1 0 89 0 0 0
cpu13 677627 0 477 73521 1 0 47 0 0 0
cpu14 676037 0 1967 73539 0 0 138 0 0 0
cpu15 677525 0 666 73383 2 0 94 0 0 0
cpu16 675456 0 2499 73511 0 0 212 0 0 0
cpu17 677372 0 574 73465 1 0 250 0 0 0
cpu18 676026 0 2105 73365 0 0 187 0 0 0
cpu19 677514 0 546 73554 1 0 57 0 0 0
cpu20 676569 0 1462 73424 49 0 126 0 0 0
cpu21 677510 0 528 73582 11 0 53 0 0 0
cpu22 676509 0 1485 73553 1 0 131 0 0 0
cpu23 677508 0 489 73641 8 0 38 0 0 0
cpu24 676873 0 1252 73493 1 0 51 0 0 0
cpu25 677589 0 398 73670 1 0 30 0 0 0
cpu26 676248 0 1760 73499 0 0 160 0 0 0
cpu27 677141 0 786 73649 1 0 107 0 0 0
cpu28 676088 0 1881 73609 0 0 102 0 0 0
cpu29 677695 0 297 73671 2 0 18 0 0 0
cpu30 675964 0 1883 73584 0 0 246 0 0 0
cpu31 677462 0 486 73688 1 0 38 0 0 0
cpu32 677187 0 1360 73038 1 0 76 0 0 0
cpu33 676599 0 1292 73661 1 0 124 0 0 0
cpu34 677740 2 1386 72498 0 0 47 0 0 0
cpu35 677096 0 804 73680 0 0 98 0 0 0
cpu36 679468 0 1357 70789 0 0 41 0 0 0
cpu37 677482 0 483 73670 5 0 37 0 0 0
cpu38 679821 0 1116 70674 1 0 38 0 0 0
cpu39 677043 0 891 73643 1 0 97 0 0 0
cpu40 677958 0 1165 72475 5 0 54 0 0 0
cpu41 677709 0 383 73550 1 0 19 0 0 0
cpu42 676200 0 1801 73499 0 0 172 0 0 0
cpu43 677434 0 559 73608 0 0 71 0 0 0
cpu44 677026 0 1370 73250 0 0 26 0 0 0
cpu45 677715 0 376 73550 0 0 25 0 0 0
cpu46 676530 0 1866 73101 0 0 163 0 0 0
cpu47 677832 0 361 73447 2 0 24 0 0 0
cpu48 676528 0 1644 73390 0 0 106 0 0 0
cpu49 677683 0 517 73448 2 0 19 0 0 0
cpu50 676812 0 1158 73611 0 0 87 0 0 0
cpu51 677720 0 368 73564 2 0 20 0 0 0
cpu52 677339 0 653 73631 0 0 44 0 0 0
cpu53 677743 0 310 73599 3 0 18 0 0 0
cpu54 677200 0 853 73554 1 0 56 0 0 0
cpu55 677512 0 483 73643 0 0 31 0 0 0
cpu56 677101 0 1048 73470 0 0 45 0 0 0
cpu57 677688 0 308 73650 0 0 18 0 0 0
cpu58 677211 0 840 73575 0 0 38 0 0 0
cpu59 676774 1 1051 73655 1 0 188 0 0 0
cpu60 677088 0 1193 73315 0 0 31 0 0 0
cpu61 677745 0 246 73653 1 0 20 0 0 0
cpu62 676192 0 1634 73641 0 0 192 0 0 0
cpu63 677687 0 422 73534 7 0 10 0 0 0
intr 121312495 83 0 0 0 639 0 0 0 1 0 282 0 0 0 0 0 0 0 0 0 0 0 0 0 0 0 0 0 0 0 0 0 0 0 0 0 0 0 1483 47845 1468 20088 348 8718 1253 24475 743 16767 637 9810 775 8695 256 4980 1331 84080 184 7560 9921 2476 1563 13083 1150 2246 489 7349 1866 930 789 7248 1450 25518 171 14849 169 8190 253 14496 369 3429 576 11158 845 3262 12 5186 703 8855 765 7006 2889 2313 3953 7080 1096 2881 626 12905 773 2236 835 3948 0 0 0 0 0 0 0 0 0 0 0 0 0 0 0 0 0 33298 93 0 0 0 0 0 0 0 0 0 0 0 0 0 0 0 0 0 0 0 0 0 0 0 0 0 0 0 0 0 0 0 0 0 0 0 0 0 0 0 0 0 0 0 0 0 0 0 0 0 0 0 0 0 0 0 0 0 0 0 0 0 0 0 0 0 0 0 0 0 0 0 0 0 0 0 15 0 0 0 0 0 0 0 0 0 0 0 0 0 0 0 0 0 0 0 0 0 0 0 0 0 0 0 0 0 0 0 0 0 0 0 0 0 0 0 0 0 0 0 0 0 0 0 0 0 0 0 0 0 0 0 0 0 0 0 0 0 0 0 0 0 0 0 0 0 0 0 0 0 0 0 0 0 0 0 0 0 0 0 0 0 0 0 0 0 0 0 0 0 0 0 0 0 0 0 0 0 0 0 0 0 0 0 0 0 0 0 0 0 0 0 0 0 0 0 0 0 0 0 0 0 0 0 0 0 0 0 0 0 0 0 0 0 0 0 0 0 0 0 0 0 0 0 0 0 0 0 0 0 0 0 0 0 0 0 0 0 0 0 0 0 0 0 0 0 0 0 0 0 0 0 0 0 0 0 0 0 0 0 0 0 0 0 0 0 0 0 0 0 0 0 0 0 0 0 0 0 0 0 0 0 0 0 0 0 0 0 0 0 0 0 0 0 0 0 0 0 0 0 0 0 0 0 0 0 0 0 0 0 0 0 0 0 0 0 0 0 0 0 0 0 0 0 0 0 0 0 0 0 0 0 0 0 0 0 0 0 0 0 0 0 0 0 0 0 0 0 0 0 0 0 0 0 0 0 0 0 0 0 0 0 0 0 0 0 0 0 0 0 0 0 0 0 0 0 0 0 0 0 0 0 0 0 0 0 0 0 0 0 0 0 0 0 0 0 0 0 0 0 0 0 0 0 0 0 0 0 0 0 0 0 0 0 0 0 0 0 0 0 0 0 0 0 0 0 0 0 0 0 0 0 0 0 0 0 0 0 0 0 0 0 0 0 0 0 0 0 0 0 0 0 0 0 0 0 0 0 0 0 0 0 0 0 0 0 0 0 0 0 0 0 0 0 0 0 0 0 0 0 0 0 0 0 0 0 0 0 0 0 0 0 0 0 0 0 0 0 0 0 0 0 0 0 0 0 0 0 0 0 0 0 0 0 0 0 0 0 0 0 0 0 0 0 0 0 0 0 0 0 0 0 0 0 0 0 0 0 0 0 0 0 0 0 0 0 0 0 0 0 0 0 0 0 0 0 0 0 0 0 0 0 0 0 0 0 0 0 0 0 0 0 0 0 0 0 0 0 0 0 0 0 0 0 0 0 0 0 0 0 0 0 0 0 0 0 0 0 0 0 0 0 0 0 0 0 0 0 0 0 0 0 0 0 0 0 0 0 0 0 0 0 0 0 0 0 0 0 0 0 0 0 0 0 0 0 0 0 0 0 0 0 0 0 0 0 0 0 0 0 0 0 0 0 0 0 0 0 0 0 0 0 0 0 0 0 0 0 0 0 0 0 0 0 0 0 0 0 0 0 0 0 0 0 0 0 0 0 0 0 0 0 0 0 0 0 0 0 0 0 0 0 0 0 0 0 0 0 0 0 0 0 0 0 0 0 0 0 0 0 0 0 0 0 0 0 0 0 0 0 0 0 0 0 0 0 0 0 0 0 0 0 0 0 0 0 0 0 0 0 0 0 0 0 0 0 0 0 0 0 0 0 0 0 0 0 0 0 0 0 0 0 0 0 0 0 0 0 0 0 0 0 0 0 0 0 0 0 0 0 0 0 0 0 0 0 0 0 0 0 0 0 0 0 0 0 0 0 0 0 0 0 0 0 0 0 0 0 0 0 0 0 0 0 0 0 0 0 0 0 0 0 0 0 0 0 0 0 0 0 0 0 0 0 0 0 0 0 0 0 0 0 0 0 0 0 0 0 0 0 0 0 0 0 0 0 0 0 0 0 0 0 0 0 0 0 0 0 0 0 0 0 0 0 0 0 0 0 0 0 0 0 0 0 0 0 0 0 0 0 0 0 0 0 0 0 0 0 0 0 0 0 0 0 0 0 0 0 0 0 0 0 0 0 0 0 0 0 0 0 0 0 0 0 0 0 0 0 0 0 0 0 0 0 0 0 0 0 0 0 0 0 0 0 0 0 0 0 0 0 0 0 0 0 0 0 0 0 0 0 0 0 0 0 0 0 0 0 0 0 0 0 0 0 0 0 0 0 0 0 0 0 0 0 0 0 0 0 0 0 0 0 0 0 0 0 0 0 0 0 0 0 0 0 0 0 0 0 0 0 0 0 0 0 0 0 0 0 0 0 0 0 0 0 0 0 0 0 0 0 0 0 0 0 0 0 0 0 0 0 0 0 0 0 0 0 0 0 0 0 0 0 0 0 0 0 0 0 0 0 0 0 0 0 0 0 0 0 0 0 0 0 0 0 0 0 0 0 0 0 0 0 0 0 0 0 0 0 0 0 0 0 0 0 0 0 0 0 0 0 0 0 0 0 0 0 0 0 0 0 0 0 0 0 0 0 0 0 0 0 0 0 0 0 0 0 0 0 0 0 0 0 0 0 0 0 0 0 0 0 0 0 0 0 0 0 0 0 0 0 0 0 0 0 0 0 0 0 0 0 0 0 0 0 0 0 0 0 0 0 0 0 0 0 0 0 0 0 0 0 0 0 0 0 0 0 0 0 0 0 0 0 0 0 0 0 0 0 0 0 0 0 0 0 0 0 0 0 0 0 0 0 0 0 0 0 0 0 0 0 0 0 0 0 0 0 0 0 0 0 0 0 0 0 0 0 0 0 0 0 0 0 0 0 0 0 0 0 0 0 0 0 0 0 0 0 0 0 0 0 0 0 0 0 0 0 0 0 0 0 0 0 0 0 0 0 0 0 0 0 0 0 0 0 0 0 0 0 0 0 0 0 0 0 0 0 0 0 0 0 0 0 0 0 0 0 0 0 0 0 0 0 0 0 0 0 0 0 0 0 0 0 0 0 0 0 0 0 0 0 0 0 0 0 0 0 0 0 0 0 0 0 0 0 0 0 0 0 0 0 0 0 0 0 0 0 0 0 0 0 0 0 0 0 0 0 0 0 0 0 0 0 0 0 0 0 0 0 0 0 0 0 0 0 0 0 0 0 0 0 0 0 0 0 0 0 0 0 0 0 0 0 0 0 0 0 0 0 0 0 0 0 0 0 0 0 0 0 0 0 0 0 0 0 0 0 0 0 0 0 0 0 0 0 0 0 0 0 0 0 0 0 0 0 0 0 0 0 0 0 0 0 0 0 0 0 0 0 0 0 0 0 0 0 0 0 0 0 0 0 0 0 0 0 0 0 0 0 0 0 0 0 0 0 0 0 0 0 0 0 0 0 0 0 0 0 0 0 0 0 0 0 0 0 0 0 0 0 0 0 0 0 0 0 0 0 0 0 0 0 0 0 0 0 0 0 0 0 0 0 0 0 0 0 0 0 0 0 0 0 0 0 0 0 0 0 0 0 0 0 0 0 0 0 0 0 0 0 0 0 0 0 0 0 0 0 0 0 0 0 0 0 0 0 0 0 0 0 0 0 0 0 0 0 0 0 0 0 0 0 0 0 0 0 0 0 0 0 0 0 0 0 0 0 0 0 0 0 0 0 0 0 0 0 0 0 0 0 0 0 0 0 0 0 0 0 0 0 0 0 0 0 0 0 0 0 0 0 0 0 0 0 0 0 0 0 0 0 0 0 0 0 0 0 0 0 0 0 0 0 0 0 0 0 0 0 0 0 0 0 0 0 0 0 0 0 0 0 0 0 0 0 0 0 0 0 0 0 0 0 0 0 0 0 0 0 0 0 0 0 0 0 0 0 0 0 0 0 0 0 0 0 0 0 0 0 0 0 0 0 0 0 0 0 0 0 0 0 0 0 0 0 0 0 0 0 0 0 0 0 0 0 0 0 0 0 0 0 0 0 0 0 0 0 0 0 0 0 0 0 0 0 0 0 0 0 0 0 0 0 0 0 0 0 0 0 0 0 0 0 0 0 0 0 0 0 0 0 0 0 0 0 0 0 0 0 0 0 0 0 0 0 0 0 0 0 0 0 0 0 0 0 0 0 0 0 0 0 0 0 0 0 0 0 0 0 0 0 0 0 0 0 0 0 0 0 0 0 0 0 0 0 0 0 0 0 0 0 0 0 0 0 0 0 0 0 0 0 0 0 0 0 0 0 0 0 0 0 0 0 0 0 0 0 0 0 0 0 0 0 0 0 0 0 0 0 0 0 0 0 0 0 0 0 0 0 0 0 0 0 0 0 0 0 0 0 0 0 0 0 0 0 0 0 0 0 0 0 0 0 0 0 0 0 0 0 0 0 0 0 0 0 0 0 0 0 0 0 0 0 0 0 0 0 0 0 0 0 0 0 0 0 0 0 0 0 0 0 0 0 0 0 0 0 0 0 0 0 0 0 0 0 0 0 0 0 0 0 0 0 0 0 0 0 0 0 0 0 0 0 0 0 0 0 0 0 0 0 0 0 0 0 0 0 0 0 0 0 0 0 0 0 0 0 0 0 0 0 0 0 0 0 0 0 0 0 0 0 0 0 0 0 0 0 0 0 0 0 0 0 0 0 0 0 0 0 0 0 0 0 0 0 0 0 0 0 0 0 0 0 0 0 0 0 0 0 0 0 0 0 0 0 0 0 0 0 0 0 0 0 0 0 0 0 0 0 0 0 0 0 0 0 0 0 0 0 0 0 0 0 0 0 0 0 0 0 0 0 0 0 0 0 0 0 0 0 0 0 0 0 0 0 0 0 0 0 0 0 0 0 0 0 0 0 0 0 0 0 0 0 0 0 0 0 0 0 0 0 0 0 0 0 0 0 0 0 0 0 0 0 0 0 0 0 0 0
ctxt 15395040
btime 1613123985
processes 344706
procs_running 1
procs_blocked 0
softirq 134456114 1 77002497 1796 2836601 0 0 153 4045758 0 50569308
