cpu  17910984 5 29695 5263163 385 0 2698 0 0 0
cpu0 279620 0 762 81964 0 0 211 0 0 0
cpu1 279524 0 669 82376 12 0 32 0 0 0
cpu2 279521 0 688 82412 0 0 2 0 0 0
cpu3 280055 0 336 82211 2 0 16 0 0 0
cpu4 279345 0 780 82393 0 0 98 0 0 0
cpu5 280701 0 358 81529 21 0 10 0 0 0
cpu6 279978 0 338 82240 0 0 9 0 0 0
cpu7 279742 0 526 82303 8 0 39 0 0 0
cpu8 279740 0 429 82409 0 0 39 0 0 0
cpu9 279981 0 460 82112 65 0 9 0 0 0
cpu10 278764 0 1267 82341 0 0 241 0 0 0
cpu11 279598 0 637 82362 3 0 18 0 0 0
cpu12 279650 0 612 82341 0 0 12 0 0 0
cpu13 279682 0 631 82268 3 0 26 0 0 0
cpu14 279144 0 1007 82392 3 0 73 0 0 0
cpu15 280125 0 408 82067 1 0 18 0 0 0
cpu16 279251 0 976 82379 5 0 5 0 0 0
cpu17 279848 0 462 82254 27 0 12 0 0 0
cpu18 279518 0 649 82411 0 0 44 0 0 0
cpu19 279862 0 472 82241 4 0 28 0 0 0
cpu20 279406 0 684 82408 1 0 119 0 0 0
cpu21 279694 0 629 82178 2 0 96 0 0 0
cpu22 279889 0 298 82386 0 0 42 0 0 0
cpu23 280291 0 284 81982 28 0 12 0 0 0
cpu24 280124 0 108 82324 24 0 2 0 0 0
cpu25 280268 0 254 82068 10 0 7 0 0 0
cpu26 279663 0 574 82377 0 0 1 0 0 0
cpu27 280486 0 375 81729 9 0 8 0 0 0
cpu28 280028 0 132 82377 0 0 65 0 0 0
cpu29 279391 0 804 82314 2 0 101 0 0 0
cpu30 280026 0 198 82380 0 0 0 0 0 0
cpu31 279998 0 674 81822 1 0 104 0 0 0
cpu32 279576 0 614 82399 0 0 16 0 0 0
cpu33 280344 0 532 81708 4 0 20 0 0 0
cpu34 279716 0 495 82403 0 0 0 0 0 0
cpu35 280273 0 300 82016 1 0 12 0 0 0
cpu36 279952 0 233 82404 0 0 25 0 0 0
cpu37 280044 0 207 82354 1 0 2 0 0 0
cpu38 279994 0 219 82396 0 0 2 0 0 0
cpu39 279588 0 725 82163 1 0 127 0 0 0
cpu40 280078 0 130 82396 0 0 5 0 0 0
cpu41 279891 0 413 82214 40 0 46 0 0 0
cpu42 277237 0 2336 82406 0 0 631 0 0 0
cpu43 279859 0 362 82385 0 0 5 0 0 0
cpu44 280062 0 161 82385 0 0 3 0 0 0
cpu45 279946 0 513 82108 12 0 28 0 0 0
cpu46 279935 0 299 82351 0 0 17 0 0 0
cpu47 280036 0 335 82223 2 0 12 0 0 0
cpu48 279803 0 410 82387 0 0 0 0 0 0
cpu49 279952 0 355 82278 0 0 12 0 0 0
cpu50 280003 0 202 82393 0 0 10 0 0 0
cpu51 280008 0 315 82262 2 0 15 0 0 0
cpu52 279939 0 242 82398 0 0 26 0 0 0
cpu53 280396 0 278 81910 0 0 6 0 0 0
cpu54 280079 0 112 82396 0 0 17 0 0 0
cpu55 279814 1 599 82089 6 0 89 0 0 0
cpu56 279930 0 281 82391 0 0 0 0 0 0
cpu57 280314 2 220 82045 7 0 3 0 0 0
cpu58 280130 0 76 82394 0 0 1 0 0 0
cpu59 280099 0 263 82226 4 0 11 0 0 0
cpu60 280144 0 66 82392 0 0 1 0 0 0
cpu61 280368 0 289 81889 46 0 2 0 0 0
cpu62 280125 0 93 82385 0 0 0 0 0 0
cpu63 280414 0 514 81638 4 0 27 0 0 0
intr 50245431 82 0 0 0 630 0 0 0 1 0 285 0 0 0 0 0 0 0 0 0 0 0 0 0 0 0 0 0 0 0 0 0 0 0 0 0 0 0 105 14163 301 3202 0 3042 5 10990 0 842 50 625 0 3950 0 1711 1 685 2 4437 4 1423 0 1853 175 5886 105 3058 32612 8267 8 3140 8 5024 40 2093 8 191 0 7784 2 16556 49 146 110 14723 0 2279 0 3840 2 5183 0 877 0 309 2 2259 2 4988 18 732 1 7865 0 0 0 0 0 0 0 0 0 0 0 0 0 0 0 0 0 93 31170 0 0 0 0 0 0 0 0 0 0 0 0 0 0 0 0 0 0 0 0 0 0 0 0 0 0 0 0 0 0 0 0 0 0 0 0 0 0 0 0 0 0 0 0 0 0 0 0 0 0 0 0 0 0 0 0 0 0 0 0 0 0 0 0 0 0 0 0 0 0 0 0 0 0 0 17 0 0 0 0 0 0 0 0 0 0 0 0 0 0 0 0 0 0 0 0 0 0 0 0 0 0 0 0 0 0 0 0 0 0 0 0 0 0 0 0 0 0 0 0 0 0 0 0 0 0 0 0 0 0 0 0 0 0 0 0 0 0 0 0 0 0 0 0 0 0 0 0 0 0 0 0 0 0 0 0 0 0 0 0 0 0 0 0 0 0 0 0 0 0 0 0 0 0 0 0 0 0 0 0 0 0 0 0 0 0 0 0 0 0 0 0 0 0 0 0 0 0 0 0 0 0 0 0 0 0 0 0 0 0 0 0 0 0 0 0 0 0 0 0 0 0 0 0 0 0 0 0 0 0 0 0 0 0 0 0 0 0 0 0 0 0 0 0 0 0 0 0 0 0 0 0 0 0 0 0 0 0 0 0 0 0 0 0 0 0 0 0 0 0 0 0 0 0 0 0 0 0 0 0 0 0 0 0 0 0 0 0 0 0 0 0 0 0 0 0 0 0 0 0 0 0 0 0 0 0 0 0 0 0 0 0 0 0 0 0 0 0 0 0 0 0 0 0 0 0 0 0 0 0 0 0 0 0 0 0 0 0 0 0 0 0 0 0 0 0 0 0 0 0 0 0 0 0 0 0 0 0 0 0 0 0 0 0 0 0 0 0 0 0 0 0 0 0 0 0 0 0 0 0 0 0 0 0 0 0 0 0 0 0 0 0 0 0 0 0 0 0 0 0 0 0 0 0 0 0 0 0 0 0 0 0 0 0 0 0 0 0 0 0 0 0 0 0 0 0 0 0 0 0 0 0 0 0 0 0 0 0 0 0 0 0 0 0 0 0 0 0 0 0 0 0 0 0 0 0 0 0 0 0 0 0 0 0 0 0 0 0 0 0 0 0 0 0 0 0 0 0 0 0 0 0 0 0 0 0 0 0 0 0 0 0 0 0 0 0 0 0 0 0 0 0 0 0 0 0 0 0 0 0 0 0 0 0 0 0 0 0 0 0 0 0 0 0 0 0 0 0 0 0 0 0 0 0 0 0 0 0 0 0 0 0 0 0 0 0 0 0 0 0 0 0 0 0 0 0 0 0 0 0 0 0 0 0 0 0 0 0 0 0 0 0 0 0 0 0 0 0 0 0 0 0 0 0 0 0 0 0 0 0 0 0 0 0 0 0 0 0 0 0 0 0 0 0 0 0 0 0 0 0 0 0 0 0 0 0 0 0 0 0 0 0 0 0 0 0 0 0 0 0 0 0 0 0 0 0 0 0 0 0 0 0 0 0 0 0 0 0 0 0 0 0 0 0 0 0 0 0 0 0 0 0 0 0 0 0 0 0 0 0 0 0 0 0 0 0 0 0 0 0 0 0 0 0 0 0 0 0 0 0 0 0 0 0 0 0 0 0 0 0 0 0 0 0 0 0 0 0 0 0 0 0 0 0 0 0 0 0 0 0 0 0 0 0 0 0 0 0 0 0 0 0 0 0 0 0 0 0 0 0 0 0 0 0 0 0 0 0 0 0 0 0 0 0 0 0 0 0 0 0 0 0 0 0 0 0 0 0 0 0 0 0 0 0 0 0 0 0 0 0 0 0 0 0 0 0 0 0 0 0 0 0 0 0 0 0 0 0 0 0 0 0 0 0 0 0 0 0 0 0 0 0 0 0 0 0 0 0 0 0 0 0 0 0 0 0 0 0 0 0 0 0 0 0 0 0 0 0 0 0 0 0 0 0 0 0 0 0 0 0 0 0 0 0 0 0 0 0 0 0 0 0 0 0 0 0 0 0 0 0 0 0 0 0 0 0 0 0 0 0 0 0 0 0 0 0 0 0 0 0 0 0 0 0 0 0 0 0 0 0 0 0 0 0 0 0 0 0 0 0 0 0 0 0 0 0 0 0 0 0 0 0 0 0 0 0 0 0 0 0 0 0 0 0 0 0 0 0 0 0 0 0 0 0 0 0 0 0 0 0 0 0 0 0 0 0 0 0 0 0 0 0 0 0 0 0 0 0 0 0 0 0 0 0 0 0 0 0 0 0 0 0 0 0 0 0 0 0 0 0 0 0 0 0 0 0 0 0 0 0 0 0 0 0 0 0 0 0 0 0 0 0 0 0 0 0 0 0 0 0 0 0 0 0 0 0 0 0 0 0 0 0 0 0 0 0 0 0 0 0 0 0 0 0 0 0 0 0 0 0 0 0 0 0 0 0 0 0 0 0 0 0 0 0 0 0 0 0 0 0 0 0 0 0 0 0 0 0 0 0 0 0 0 0 0 0 0 0 0 0 0 0 0 0 0 0 0 0 0 0 0 0 0 0 0 0 0 0 0 0 0 0 0 0 0 0 0 0 0 0 0 0 0 0 0 0 0 0 0 0 0 0 0 0 0 0 0 0 0 0 0 0 0 0 0 0 0 0 0 0 0 0 0 0 0 0 0 0 0 0 0 0 0 0 0 0 0 0 0 0 0 0 0 0 0 0 0 0 0 0 0 0 0 0 0 0 0 0 0 0 0 0 0 0 0 0 0 0 0 0 0 0 0 0 0 0 0 0 0 0 0 0 0 0 0 0 0 0 0 0 0 0 0 0 0 0 0 0 0 0 0 0 0 0 0 0 0 0 0 0 0 0 0 0 0 0 0 0 0 0 0 0 0 0 0 0 0 0 0 0 0 0 0 0 0 0 0 0 0 0 0 0 0 0 0 0 0 0 0 0 0 0 0 0 0 0 0 0 0 0 0 0 0 0 0 0 0 0 0 0 0 0 0 0 0 0 0 0 0 0 0 0 0 0 0 0 0 0 0 0 0 0 0 0 0 0 0 0 0 0 0 0 0 0 0 0 0 0 0 0 0 0 0 0 0 0 0 0 0 0 0 0 0 0 0 0 0 0 0 0 0 0 0 0 0 0 0 0 0 0 0 0 0 0 0 0 0 0 0 0 0 0 0 0 0 0 0 0 0 0 0 0 0 0 0 0 0 0 0 0 0 0 0 0 0 0 0 0 0 0 0 0 0 0 0 0 0 0 0 0 0 0 0 0 0 0 0 0 0 0 0 0 0 0 0 0 0 0 0 0 0 0 0 0 0 0 0 0 0 0 0 0 0 0 0 0 0 0 0 0 0 0 0 0 0 0 0 0 0 0 0 0 0 0 0 0 0 0 0 0 0 0 0 0 0 0 0 0 0 0 0 0 0 0 0 0 0 0 0 0 0 0 0 0 0 0 0 0 0 0 0 0 0 0 0 0 0 0 0 0 0 0 0 0 0 0 0 0 0 0 0 0 0 0 0 0 0 0 0 0 0 0 0 0 0 0 0 0 0 0 0 0 0 0 0 0 0 0 0 0 0 0 0 0 0 0 0 0 0 0 0 0 0 0 0 0 0 0 0 0 0 0 0 0 0 0 0 0 0 0 0 0 0 0 0 0 0 0 0 0 0 0 0 0 0 0 0 0 0 0 0 0 0 0 0 0 0 0 0 0 0 0 0 0 0 0 0 0 0 0 0 0 0 0 0 0 0 0 0 0 0 0 0 0 0 0 0 0 0 0 0 0 0 0 0 0 0 0 0 0 0 0 0 0 0 0 0 0 0 0 0 0 0 0 0 0 0 0 0 0 0 0 0 0 0 0 0 0 0 0 0 0 0 0 0 0 0 0 0 0 0 0 0 0 0 0 0 0 0 0 0 0 0 0 0 0 0 0 0 0 0 0 0 0 0 0 0 0 0 0 0 0 0 0 0 0 0 0 0 0 0 0 0 0 0 0 0 0 0 0 0 0 0 0 0 0 0 0 0 0 0 0 0 0 0 0 0 0 0 0 0 0 0 0 0 0 0 0 0 0 0 0 0 0 0 0 0 0 0 0 0 0 0 0 0 0 0 0 0 0 0 0 0 0 0 0 0 0 0 0 0 0 0 0 0 0 0 0 0 0 0 0 0 0 0 0 0 0 0 0 0 0 0 0 0 0 0 0 0 0 0 0 0 0 0 0 0 0 0 0 0 0 0 0 0 0 0 0 0 0 0 0 0 0 0 0 0 0 0 0 0 0 0 0 0 0 0 0 0 0 0 0 0 0 0 0 0 0 0 0 0 0 0 0 0 0 0 0 0 0 0 0 0 0 0 0 0 0 0 0 0 0 0 0 0 0 0 0 0 0 0 0 0 0 0 0 0 0 0 0 0 0 0 0 0 0 0 0 0 0 0 0 0 0 0 0 0 0 0 0 0 0 0 0 0 0 0 0 0 0 0 0 0 0 0 0 0 0 0 0 0 0 0 0 0 0 0 0 0 0 0 0 0 0 0 0 0 0 0 0 0 0 0 0 0 0 0 0 0 0 0 0 0 0 0 0 0 0 0 0 0 0 0 0 0 0 0 0 0 0 0 0 0 0 0 0 0 0 0 0 0 0 0 0 0 0 0 0 0 0 0 0 0 0 0 0 0 0 0 0 0 0 0 0 0 0 0 0 0 0 0 0 0 0 0 0 0 0 0 0 0 0 0 0 0 0 0 0 0 0 0 0 0 0 0 0 0 0 0 0 0 0 0 0 0 0 0 0 0 0 0 0 0 0 0 0 0 0 0 0 0 0 0 0 0 0 0 0 0 0 0 0 0 0 0 0 0 0 0 0 0 0 0 0 0 0 0 0 0 0 0 0 0 0 0 0 0 0 0 0 0 0 0 0 0 0 0 0 0 0 0 0 0 0 0 0 0 0 0 0 0 0 0 0 0
ctxt 7251720
btime 1613123985
processes 167793
procs_running 1
procs_blocked 0
softirq 59632360 1 35168080 1468 1301870 0 0 149 1754191 0 21406601
