cpu  25079884 5 36089 5464701 386 0 3279 0 0 0
cpu0 391375 0 1010 85176 0 0 280 0 0 0
cpu1 391344 0 933 85548 12 0 45 0 0 0
cpu2 391508 0 774 85603 0 0 10 0 0 0
cpu3 392014 0 477 85380 2 0 27 0 0 0
cpu4 391387 0 819 85580 0 0 102 0 0 0
cpu5 392685 0 453 84718 21 0 14 0 0 0
cpu6 392043 0 373 85412 0 0 11 0 0 0
cpu7 391492 0 887 85413 8 0 91 0 0 0
cpu8 391774 0 479 85597 0 0 39 0 0 0
cpu9 391967 0 568 85293 65 0 10 0 0 0
cpu10 390794 0 1316 85532 0 0 248 0 0 0
cpu11 391572 0 753 85539 3 0 22 0 0 0
cpu12 391697 0 652 85527 0 0 12 0 0 0
cpu13 391632 0 767 85455 3 0 28 0 0 0
cpu14 391146 0 1063 85595 3 0 75 0 0 0
cpu15 392039 0 568 85256 1 0 28 0 0 0
cpu16 391310 0 998 85568 5 0 8 0 0 0
cpu17 391830 0 560 85442 27 0 17 0 0 0
cpu18 391539 0 701 85598 0 0 48 0 0 0
cpu19 391753 0 774 85286 4 0 53 0 0 0
cpu20 391412 0 749 85607 1 0 120 0 0 0
cpu21 391591 0 799 85374 2 0 105 0 0 0
cpu22 392426 0 404 85015 0 0 45 0 0 0
cpu23 392301 0 367 85156 28 0 17 0 0 0
cpu24 392160 0 156 85512 24 0 3 0 0 0
cpu25 392284 0 367 85201 10 0 17 0 0 0
cpu26 391787 0 630 85469 0 0 4 0 0 0
cpu27 392543 0 436 84880 9 0 12 0 0 0
cpu28 392015 0 236 85509 0 0 109 0 0 0
cpu29 391172 0 1065 85489 2 0 153 0 0 0
cpu30 391832 0 464 85536 0 0 26 0 0 0
cpu31 392706 0 825 84233 1 0 105 0 0 0
cpu32 391510 0 740 85591 0 0 39 0 0 0
cpu33 392282 0 675 84896 4 0 25 0 0 0
cpu34 391629 0 623 85615 0 0 9 0 0 0
cpu35 392259 0 400 85198 1 0 16 0 0 0
cpu36 392000 0 268 85593 0 0 27 0 0 0
cpu37 391929 0 410 85486 1 0 48 0 0 0
cpu38 392055 0 257 85567 0 0 3 0 0 0
cpu39 391650 0 819 85278 1 0 130 0 0 0
cpu40 392135 0 159 85583 0 0 6 0 0 0
cpu41 391867 0 518 85404 40 0 47 0 0 0
cpu42 389296 0 2361 85595 0 0 632 0 0 0
cpu43 391876 0 432 85568 0 0 9 0 0 0
cpu44 392111 0 192 85573 0 0 8 0 0 0
cpu45 391965 0 590 85285 12 0 29 0 0 0
cpu46 392002 0 316 85536 0 0 19 0 0 0
cpu47 392004 0 453 85408 2 0 14 0 0 0
cpu48 391871 0 426 85576 0 0 0 0 0 0
cpu49 391971 0 418 85468 0 0 14 0 0 0
cpu50 392063 0 225 85582 0 0 11 0 0 0
cpu51 391706 0 671 85422 2 0 76 0 0 0
cpu52 391987 0 278 85587 0 0 26 0 0 0
cpu53 392408 0 403 85040 0 0 11 0 0 0
cpu54 392113 0 156 85586 0 0 22 0 0 0
cpu55 391861 1 636 85275 6 0 90 0 0 0
cpu56 391969 0 324 85579 0 0 2 0 0 0
cpu57 392451 2 265 85136 7 0 4 0 0 0
cpu58 392147 0 131 85585 0 0 6 0 0 0
cpu59 392204 0 308 85349 4 0 11 0 0 0
cpu60 392185 0 116 85575 0 0 3 0 0 0
cpu61 392410 0 330 85078 46 0 3 0 0 0
cpu62 392139 0 146 85587 0 0 1 0 0 0
cpu63 392672 0 598 84571 4 0 28 0 0 0
intr 70394172 82 0 0 0 630 0 0 0 1 0 285 0 0 0 0 0 0 0 0 0 0 0 0 0 0 0 0 0 0 0 0 0 0 0 0 0 0 0 3314 15073 1031 3505 513 4047 269 21495 70 880 690 816 286 3950 890 8626 473 750 787 5385 375 1492 232 1853 580 10940 405 3105 56768 14378 1778 3140 978 5975 3906 2699 842 191 292 8183 301 16717 353 940 971 14843 167 2728 0 5149 303 7322 17 1277 1121 309 1051 2259 878 4988 697 734 400 8090 0 0 0 0 0 0 0 0 0 0 0 0 0 0 0 0 0 93 31897 0 0 0 0 0 0 0 0 0 0 0 0 0 0 0 0 0 0 0 0 0 0 0 0 0 0 0 0 0 0 0 0 0 0 0 0 0 0 0 0 0 0 0 0 0 0 0 0 0 0 0 0 0 0 0 0 0 0 0 0 0 0 0 0 0 0 0 0 0 0 0 0 0 0 0 17 0 0 0 0 0 0 0 0 0 0 0 0 0 0 0 0 0 0 0 0 0 0 0 0 0 0 0 0 0 0 0 0 0 0 0 0 0 0 0 0 0 0 0 0 0 0 0 0 0 0 0 0 0 0 0 0 0 0 0 0 0 0 0 0 0 0 0 0 0 0 0 0 0 0 0 0 0 0 0 0 0 0 0 0 0 0 0 0 0 0 0 0 0 0 0 0 0 0 0 0 0 0 0 0 0 0 0 0 0 0 0 0 0 0 0 0 0 0 0 0 0 0 0 0 0 0 0 0 0 0 0 0 0 0 0 0 0 0 0 0 0 0 0 0 0 0 0 0 0 0 0 0 0 0 0 0 0 0 0 0 0 0 0 0 0 0 0 0 0 0 0 0 0 0 0 0 0 0 0 0 0 0 0 0 0 0 0 0 0 0 0 0 0 0 0 0 0 0 0 0 0 0 0 0 0 0 0 0 0 0 0 0 0 0 0 0 0 0 0 0 0 0 0 0 0 0 0 0 0 0 0 0 0 0 0 0 0 0 0 0 0 0 0 0 0 0 0 0 0 0 0 0 0 0 0 0 0 0 0 0 0 0 0 0 0 0 0 0 0 0 0 0 0 0 0 0 0 0 0 0 0 0 0 0 0 0 0 0 0 0 0 0 0 0 0 0 0 0 0 0 0 0 0 0 0 0 0 0 0 0 0 0 0 0 0 0 0 0 0 0 0 0 0 0 0 0 0 0 0 0 0 0 0 0 0 0 0 0 0 0 0 0 0 0 0 0 0 0 0 0 0 0 0 0 0 0 0 0 0 0 0 0 0 0 0 0 0 0 0 0 0 0 0 0 0 0 0 0 0 0 0 0 0 0 0 0 0 0 0 0 0 0 0 0 0 0 0 0 0 0 0 0 0 0 0 0 0 0 0 0 0 0 0 0 0 0 0 0 0 0 0 0 0 0 0 0 0 0 0 0 0 0 0 0 0 0 0 0 0 0 0 0 0 0 0 0 0 0 0 0 0 0 0 0 0 0 0 0 0 0 0 0 0 0 0 0 0 0 0 0 0 0 0 0 0 0 0 0 0 0 0 0 0 0 0 0 0 0 0 0 0 0 0 0 0 0 0 0 0 0 0 0 0 0 0 0 0 0 0 0 0 0 0 0 0 0 0 0 0 0 0 0 0 0 0 0 0 0 0 0 0 0 0 0 0 0 0 0 0 0 0 0 0 0 0 0 0 0 0 0 0 0 0 0 0 0 0 0 0 0 0 0 0 0 0 0 0 0 0 0 0 0 0 0 0 0 0 0 0 0 0 0 0 0 0 0 0 0 0 0 0 0 0 0 0 0 0 0 0 0 0 0 0 0 0 0 0 0 0 0 0 0 0 0 0 0 0 0 0 0 0 0 0 0 0 0 0 0 0 0 0 0 0 0 0 0 0 0 0 0 0 0 0 0 0 0 0 0 0 0 0 0 0 0 0 0 0 0 0 0 0 0 0 0 0 0 0 0 0 0 0 0 0 0 0 0 0 0 0 0 0 0 0 0 0 0 0 0 0 0 0 0 0 0 0 0 0 0 0 0 0 0 0 0 0 0 0 0 0 0 0 0 0 0 0 0 0 0 0 0 0 0 0 0 0 0 0 0 0 0 0 0 0 0 0 0 0 0 0 0 0 0 0 0 0 0 0 0 0 0 0 0 0 0 0 0 0 0 0 0 0 0 0 0 0 0 0 0 0 0 0 0 0 0 0 0 0 0 0 0 0 0 0 0 0 0 0 0 0 0 0 0 0 0 0 0 0 0 0 0 0 0 0 0 0 0 0 0 0 0 0 0 0 0 0 0 0 0 0 0 0 0 0 0 0 0 0 0 0 0 0 0 0 0 0 0 0 0 0 0 0 0 0 0 0 0 0 0 0 0 0 0 0 0 0 0 0 0 0 0 0 0 0 0 0 0 0 0 0 0 0 0 0 0 0 0 0 0 0 0 0 0 0 0 0 0 0 0 0 0 0 0 0 0 0 0 0 0 0 0 0 0 0 0 0 0 0 0 0 0 0 0 0 0 0 0 0 0 0 0 0 0 0 0 0 0 0 0 0 0 0 0 0 0 0 0 0 0 0 0 0 0 0 0 0 0 0 0 0 0 0 0 0 0 0 0 0 0 0 0 0 0 0 0 0 0 0 0 0 0 0 0 0 0 0 0 0 0 0 0 0 0 0 0 0 0 0 0 0 0 0 0 0 0 0 0 0 0 0 0 0 0 0 0 0 0 0 0 0 0 0 0 0 0 0 0 0 0 0 0 0 0 0 0 0 0 0 0 0 0 0 0 0 0 0 0 0 0 0 0 0 0 0 0 0 0 0 0 0 0 0 0 0 0 0 0 0 0 0 0 0 0 0 0 0 0 0 0 0 0 0 0 0 0 0 0 0 0 0 0 0 0 0 0 0 0 0 0 0 0 0 0 0 0 0 0 0 0 0 0 0 0 0 0 0 0 0 0 0 0 0 0 0 0 0 0 0 0 0 0 0 0 0 0 0 0 0 0 0 0 0 0 0 0 0 0 0 0 0 0 0 0 0 0 0 0 0 0 0 0 0 0 0 0 0 0 0 0 0 0 0 0 0 0 0 0 0 0 0 0 0 0 0 0 0 0 0 0 0 0 0 0 0 0 0 0 0 0 0 0 0 0 0 0 0 0 0 0 0 0 0 0 0 0 0 0 0 0 0 0 0 0 0 0 0 0 0 0 0 0 0 0 0 0 0 0 0 0 0 0 0 0 0 0 0 0 0 0 0 0 0 0 0 0 0 0 0 0 0 0 0 0 0 0 0 0 0 0 0 0 0 0 0 0 0 0 0 0 0 0 0 0 0 0 0 0 0 0 0 0 0 0 0 0 0 0 0 0 0 0 0 0 0 0 0 0 0 0 0 0 0 0 0 0 0 0 0 0 0 0 0 0 0 0 0 0 0 0 0 0 0 0 0 0 0 0 0 0 0 0 0 0 0 0 0 0 0 0 0 0 0 0 0 0 0 0 0 0 0 0 0 0 0 0 0 0 0 0 0 0 0 0 0 0 0 0 0 0 0 0 0 0 0 0 0 0 0 0 0 0 0 0 0 0 0 0 0 0 0 0 0 0 0 0 0 0 0 0 0 0 0 0 0 0 0 0 0 0 0 0 0 0 0 0 0 0 0 0 0 0 0 0 0 0 0 0 0 0 0 0 0 0 0 0 0 0 0 0 0 0 0 0 0 0 0 0 0 0 0 0 0 0 0 0 0 0 0 0 0 0 0 0 0 0 0 0 0 0 0 0 0 0 0 0 0 0 0 0 0 0 0 0 0 0 0 0 0 0 0 0 0 0 0 0 0 0 0 0 0 0 0 0 0 0 0 0 0 0 0 0 0 0 0 0 0 0 0 0 0 0 0 0 0 0 0 0 0 0 0 0 0 0 0 0 0 0 0 0 0 0 0 0 0 0 0 0 0 0 0 0 0 0 0 0 0 0 0 0 0 0 0 0 0 0 0 0 0 0 0 0 0 0 0 0 0 0 0 0 0 0 0 0 0 0 0 0 0 0 0 0 0 0 0 0 0 0 0 0 0 0 0 0 0 0 0 0 0 0 0 0 0 0 0 0 0 0 0 0 0 0 0 0 0 0 0 0 0 0 0 0 0 0 0 0 0 0 0 0 0 0 0 0 0 0 0 0 0 0 0 0 0 0 0 0 0 0 0 0 0 0 0 0 0 0 0 0 0 0 0 0 0 0 0 0 0 0 0 0 0 0 0 0 0 0 0 0 0 0 0 0 0 0 0 0 0 0 0 0 0 0 0 0 0 0 0 0 0 0 0 0 0 0 0 0 0 0 0 0 0 0 0 0 0 0 0 0 0 0 0 0 0 0 0 0 0 0 0 0 0 0 0 0 0 0 0 0 0 0 0 0 0 0 0 0 0 0 0 0 0 0 0 0 0 0 0 0 0 0 0 0 0 0 0 0 0 0 0 0 0 0 0 0 0 0 0 0 0 0 0 0 0 0 0 0 0 0 0 0 0 0 0 0 0 0 0 0 0 0 0 0 0 0 0 0 0 0 0 0 0 0 0 0 0 0 0 0 0 0 0 0 0 0 0 0 0 0 0 0 0 0 0 0 0 0 0 0 0 0 0 0 0 0 0 0 0 0 0 0 0 0 0 0 0 0 0 0 0 0 0 0 0 0 0 0 0 0 0 0 0 0 0 0 0 0 0 0 0 0 0 0 0 0 0 0 0 0 0 0 0 0 0 0 0 0 0 0 0 0 0 0 0 0 0 0 0 0 0 0 0 0 0 0 0 0 0 0 0 0 0 0 0 0 0 0 0 0 0 0 0 0 0 0 0 0 0 0 0 0 0 0 0 0 0 0 0 0 0 0 0 0 0 0 0 0 0 0 0 0 0 0 0 0 0 0 0 0 0 0 0 0 0 0 0 0 0 0 0 0 0 0 0 0 0 0 0 0 0 0 0 0 0 0 0 0 0 0 0 0 0 0 0 0 0 0 0 0 0 0 0 0 0 0 0 0 0 0 0 0 0 0 0 0 0 0 0 0 0 0 0 0 0 0 0 0 0 0 0 0 0 0 0 0 0 0 0 0 0 0 0 0 0 0 0 0 0 0 0 0 0 0 0 0 0 0 0 0 0 0 0 0 0 0 0 0 0 0 0 0 0 0 0 0 0 0 0 0 0 0 0
ctxt 10324486
btime 1613123985
processes 248374
procs_running 1
procs_blocked 0
softirq 82758034 1 48520584 1782 1954544 0 0 154 2408143 0 29872826
