cpu  47482836 5 51743 12066171 697 0 3874 0 0 0
cpu0 369606 0 2192 93467 0 0 333 0 0 0
cpu1 370474 0 1008 94155 7 0 22 0 0 0
cpu2 370300 0 846 94444 0 0 69 0 0 0
cpu3 370478 0 676 94479 1 0 49 0 0 0
cpu4 370512 0 890 94217 0 0 82 0 0 0
cpu5 370519 0 699 94407 0 0 44 0 0 0
cpu6 370532 0 467 94655 0 0 30 0 0 0
cpu7 370718 0 461 94476 0 0 34 0 0 0
cpu8 370484 0 748 94382 0 0 83 0 0 0
cpu9 370601 0 794 94205 0 0 71 0 0 0
cpu10 370591 0 414 94629 0 0 40 0 0 0
cpu11 370854 0 349 94458 0 0 28 0 0 0
cpu12 370635 0 798 94175 0 0 72 0 0 0
cpu13 371039 0 660 93958 1 0 29 0 0 0
cpu14 370833 0 433 94365 0 0 31 0 0 0
cpu15 370510 0 459 94677 0 0 35 0 0 0
cpu16 370785 0 511 94355 0 0 36 0 0 0
cpu17 370846 1 742 94034 0 0 56 0 0 0
cpu18 371136 0 316 94219 0 0 24 0 0 0
cpu19 370891 0 288 94491 0 0 20 0 0 0
cpu20 370626 0 651 94329 0 0 73 0 0 0
cpu21 371786 0 632 93244 0 0 25 0 0 0
cpu22 371043 0 364 94256 0 0 29 0 0 0
cpu23 370618 0 315 94550 0 0 159 0 0 0
cpu24 370874 0 587 94183 0 0 46 0 0 0
cpu25 371399 0 525 93740 0 0 26 0 0 0
cpu26 371132 0 268 94276 0 0 20 0 0 0
cpu27 370455 0 432 94740 0 0 26 0 0 0
cpu28 371038 0 410 94213 0 0 26 0 0 0
cpu29 370866 0 430 94339 0 0 26 0 0 0
cpu30 371069 0 266 94339 0 0 12 0 0 0
cpu31 370486 0 672 94421 0 0 98 0 0 0
cpu32 369623 0 1719 94114 0 0 259 0 0 0
cpu33 371052 0 287 94322 4 0 16 0 0 0
cpu34 371075 0 254 94339 0 0 14 0 0 0
cpu35 370801 0 258 94606 1 0 20 0 0 0
cpu36 370974 0 394 94284 0 0 32 0 0 0
cpu37 371713 0 398 93489 66 0 10 0 0 0
cpu38 370520 0 430 94635 0 0 40 0 0 0
cpu39 371008 0 255 94407 0 0 14 0 0 0
cpu40 370625 0 598 94421 1 0 35 0 0 0
cpu41 371349 0 291 93995 30 0 14 0 0 0
cpu42 370965 0 268 94429 0 0 19 0 0 0
cpu43 371017 0 246 94391 1 0 26 0 0 0
cpu44 370860 0 405 94374 1 0 26 0 0 0
cpu45 371174 0 427 93932 112 0 19 0 0 0
cpu46 370740 0 517 94343 0 0 73 0 0 0
cpu47 370984 0 242 94435 0 0 18 0 0 0
cpu48 370578 0 599 94416 0 0 70 0 0 0
cpu49 371066 0 451 94147 0 0 18 0 0 0
cpu50 370460 0 329 94838 0 0 25 0 0 0
cpu51 370936 0 304 94411 0 0 30 0 0 0
cpu52 371089 0 297 94282 0 0 11 0 0 0
cpu53 371032 0 360 94136 91 0 33 0 0 0
cpu54 371160 0 189 94312 4 0 14 0 0 0
cpu55 370883 0 284 94490 2 0 24 0 0 0
cpu56 371089 0 239 94339 0 0 8 0 0 0
cpu57 370818 0 376 94432 1 0 23 0 0 0
cpu58 370954 0 284 94424 0 0 15 0 0 0
cpu59 370933 0 299 94415 0 0 27 0 0 0
cpu60 370751 0 500 94352 0 0 66 0 0 0
cpu61 371140 0 340 94156 8 0 25 0 0 0
cpu62 370907 0 364 94373 0 0 22 0 0 0
cpu63 370854 0 370 94411 0 0 38 0 0 0
cpu64 370979 0 475 94005 185 0 11 0 0 0
cpu65 370885 0 506 94250 1 0 8 0 0 0
cpu66 370956 0 336 94350 2 0 25 0 0 0
cpu67 370734 0 417 94488 0 0 33 0 0 0
cpu68 370550 0 820 94193 0 0 111 0 0 0
cpu69 371142 0 381 94087 32 0 9 0 0 0
cpu70 371088 0 196 94381 0 0 4 0 0 0
cpu71 370864 0 337 94445 0 0 18 0 0 0
cpu72 371134 0 348 94163 2 0 18 0 0 0
cpu73 371017 0 518 94095 3 0 19 0 0 0
cpu74 370829 0 267 94545 1 0 24 0 0 0
cpu75 371014 0 253 94370 0 0 12 0 0 0
cpu76 370956 0 388 94309 1 0 22 0 0 0
cpu77 371255 0 458 93922 15 0 8 0 0 0
cpu78 370856 0 297 94467 0 0 18 0 0 0
cpu79 370960 0 290 94387 0 0 18 0 0 0
cpu80 371197 0 280 94181 0 0 7 0 0 0
cpu81 371164 0 459 93996 28 0 15 0 0 0
cpu82 371013 0 351 94281 0 0 18 0 0 0
cpu83 370984 0 265 94411 1 0 11 0 0 0
cpu84 370982 0 394 94271 0 0 17 0 0 0
cpu85 371467 0 402 93773 1 0 12 0 0 0
cpu86 370812 0 266 94569 0 0 16 0 0 0
cpu87 370978 0 244 94420 1 0 12 0 0 0
cpu88 371118 0 259 94277 0 0 12 0 0 0
cpu89 373215 2 600 91796 6 0 10 0 0 0
cpu90 371000 0 220 94421 0 0 14 0 0 0
cpu91 370852 0 336 94458 0 0 24 0 0 0
cpu92 370965 0 322 94282 0 0 87 0 0 0
cpu93 372039 0 420 93169 1 0 9 0 0 0
cpu94 371140 0 191 94317 0 0 7 0 0 0
cpu95 371062 0 210 94380 0 0 12 0 0 0
cpu96 371039 0 410 94177 6 0 26 0 0 0
cpu97 371302 0 307 94024 1 0 7 0 0 0
cpu98 370990 0 212 94426 0 0 12 0 0 0
cpu99 371038 0 234 94377 0 0 11 0 0 0
cpu100 370877 0 485 94252 12 0 32 0 0 0
cpu101 371004 0 201 94416 1 0 5 0 0 0
cpu102 370909 0 214 94511 1 0 7 0 0 0
cpu103 370800 0 212 94615 0 0 5 0 0 0
cpu104 371020 0 354 94266 0 0 14 0 0 0
cpu105 371173 0 293 94173 0 0 6 0 0 0
cpu106 371141 0 167 94342 0 0 6 0 0 0
cpu107 370959 0 211 94459 0 0 12 0 0 0
cpu108 371020 0 224 94391 2 0 10 0 0 0
cpu109 371428 0 411 93807 0 0 10 0 0 0
cpu110 370879 0 320 94431 0 0 12 0 0 0
cpu111 371060 0 215 94375 0 0 6 0 0 0
cpu112 371191 0 265 94178 0 0 20 0 0 0
cpu113 371134 0 300 94204 3 0 5 0 0 0
cpu114 371145 0 203 94297 0 0 10 0 0 0
cpu115 370966 0 231 94447 0 0 15 0 0 0
cpu116 371302 0 151 94188 0 0 2 0 0 0
cpu117 371186 0 243 94200 5 0 10 0 0 0
cpu118 371121 0 190 94329 0 0 8 0 0 0
cpu119 370784 0 393 94437 0 0 40 0 0 0
cpu120 371295 0 186 94166 0 0 2 0 0 0
cpu121 371198 0 198 94244 4 0 4 0 0 0
cpu122 371114 0 274 94247 0 0 9 0 0 0
cpu123 371018 0 207 94423 0 0 3 0 0 0
cpu124 371225 0 191 94217 0 0 15 0 0 0
cpu125 371266 0 216 94150 0 0 8 0 0 0
cpu126 371048 0 274 94309 0 0 8 0 0 0
cpu127 371087 0 318 94237 0 0 5 0 0 0
intr 134814087 129 0 0 0 680 0 0 0 1 0 285 0 0 0 0 0 0 0 0 0 0 0 0 0 0 0 0 0 0 0 0 0 0 0 0 260 0 578 453 5743 8917 226 1829 1080 6576 338 5148 1176 4660 400 78 5844 8055 514 587 2320 3597 466 343 1364 64665 345 911 1906 5135 735 1537 1390 4490 270 1 934 4998 644 80 3306 2498 411 474 1597 2527 1020 4228 1111 2671 0 484 1453 4511 282 921 530 2381 453 849 1885 3203 1648 99 4416 5083 358 275 4281 11005 226 10 293 8148 409 144 739 3016 414 5 2266 5021 182 102 3294 5326 802 29 2607 3059 418 78 900 11469 19543 4472 1717 3380 295 99 1187 4004 757 422 1352 1843 420 277 1309 2799 594 2542 409 1937 2 7 760 4086 354 835 787 0 0 0 0 0 0 0 0 0 0 161 3642 3 385 63 107 38 25 106 13 0 236 26 9 1 7 10 405 341 5 149 3 1 55 79 387 3440 194 675 691 437 1119 79 78 0 0 0 0 0 0 0 0 0 0 0 0 0 0 0 0 10003 2164 5291 199 3299 237 142 127 145 33 71 246 130 255 73 95 76 41 33 27 37 21 12 42 21 80 74 133 6 2 39 9 13 7 13 21 56 33 0 377 321 74 80 174 135 100 72 21 3 0 55 0 28 32 15 3 17 3 9 18 5 0 13 0 0 0 0 0 0 0 0 0 0 0 0 0 0 0 0 0 0 0 0 0 0 0 0 0 0 0 0 0 0 0 0 0 0 0 0 0 0 0 0 0 0 0 0 0 0 0 0 0 0 0 0 0 0 0 0 0 0 0 0 0 0 0 0 0 0 0 0 0 0 0 0 0 0 0 0 0 0 0 0 0 0 0 0 0 0 0 0 0 0 0 0 0 0 0 0 0 0 0 0 0 0 0 0 0 0 0 0 0 0 0 0 0 0 0 0 0 0 0 0 0 0 0 0 0 0 0 0 0 0 0 0 0 0 0 0 0 0 0 0 0 0 0 0 0 0 0 0 0 0 0 0 0 0 0 0 0 0 0 0 0 0 0 0 0 0 0 0 0 0 0 0 0 0 0 0 0 0 0 0 0 0 0 0 0 0 0 0 0 0 0 0 0 0 0 0 0 0 0 0 0 0 0 0 0 0 0 0 0 0 0 0 0 0 0 0 0 0 0 0 0 0 0 0 0 0 0 0 0 0 0 0 0 0 0 0 0 0 0 0 0 0 0 0 0 0 0 0 0 0 0 0 0 0 0 0 0 0 0 0 0 0 0 0 0 0 0 0 0 0 0 0 0 0 0 0 0 0 0 0 0 0 0 0 0 0 0 0 0 0 0 0 0 0 0 0 0 0 0 0 0 0 0 0 0 0 0 0 0 0 0 0 0 0 0 0 0 0 0 0 0 0 0 0 0 0 0 0 0 0 0 0 0 0 0 0 0 0 0 0 0 0 0 0 0 0 0 0 0 0 0 0 0 0 0 0 0 0 0 0 0 0 0 0 0 0 0 0 0 0 0 0 0 0 0 0 0 0 0 0 0 0 0 0 0 0 0 0 0 0 0 0 0 0 0 0 0 0 0 0 0 0 0 0 0 0 0 0 0 0 0 0 0 0 0 0 0 0 0 0 0 0 0 0 0 49 0 0 0 3 0 0 0 0 0 0 0 0 0 0 0 0 0 0 0 0 0 0 0 0 0 49 0 0 0 0 0 0 0 0 0 0 0 0 0 0 0 0 0 0 0 0 0 0 0 0 0 0 0 0 0 0 0 0 0 0 0 0 0 0 0 0 0 0 0 0 0 0 0 0 0 0 0 0 0 0 0 0 0 0 0 0 0 0 0 0 0 22 0 0 0 0 0 0 0 0 0 0 0 0 0 0 0 0 0 0 0 0 0 0 0 0 0 0 0 0 0 0 0 0 0 0 0 0 0 0 0 0 0 0 0 0 0 0 0 0 0 0 0 0 0 0 0 0 0 0 0 0 0 0 0 0 0 0 0 0 0 0 0 0 0 0 0 0 0 0 0 0 0 0 0 0 0 0 0 0 0 0 0 0 0 0 0 0 0 0 0 0 0 0 0 0 0 0 0 0 0 0 0 0 0 0 0 0 0 0 0 0 0 0 0 0 0 0 0 0 0 0 0 0 0 0 0 0 0 0 0 0 0 0 0 0 0 0 0 0 0 0 0 0 0 0 0 0 0 0 0 0 0 0 0 0 0 0 0 0 0 0 0 0 0 0 0 0 0 0 0 0 0 0 0 0 0 0 0 0 0 0 0 0 0 0 0 0 0 0 0 0 0 0 0 0 0 0 0 0 0 0 0 0 0 0 0 0 0 0 0 0 0 0 0 0 0 0 0 0 0 0 0 0 0 0 0 0 0 0 0 0 0 0 0 0 0 0 0 0 0 0 0 0 0 0 0 0 0 0 0 0 0 0 0 0 0 0 0 0 0 0 0 0 0 0 0 0 0 0 0 0 0 0 0 0 0 0 0 0 0 0 0 0 0 0 0 0 0 0 0 0 0 0 0 0 0 0 0 0 0 0 0 0 0 0 0 0 0 0 0 0 0 0 0 0 0 0 0 0 0 0 0 0 0 0 0 0 0 0 0 0 0 0 0 0 0 0 0 0 0 0 0 0 0 0 0 0 0 0 0 0 0 0 0 0 0 0 0 0 0 0 0 0 0 0 0 0 0 0 0 0 0 0 0 0 0 0 0 0 0 0 0 0 0 0 0 0 0 0 0 0 0 0 0 0 0 0 0 0 0 0 0 0 0 0 0 0 0 0 0 0 0 0 0 0 0 0 0 0 0 0 0 0 0 0 0 0 0 0 0 0 0 0 0 0 0 0 0 0 0 0 0 0 0 0 0 0 0 0 0 0 0 0 0 0 0 0 0 0 0 0 0 0 0 0 0 0 0 0 0 0 0 0 0 0 0 0 0 0 0 0 0 0 0 0 0 0 0 0 0 0 0 0 0 0 0 0 0 0 0 0 0 0 0 0 0 0 0 0 0 0 0 0 0 0 0 0 0 0 0 0 0 0 0 0 0 0 0 0 0 0 0 0 0 0 0 0 0 0 0 0 0 0 0 0 0 0 0 0 0 0 0 0 0 0 0 0 0 0 0 0 0 0 0 0 0 0 0 0 0 0 0 0 0 0 0 0 0 0 0 0 0 0 0 0 0 0 0 0 0 0 0 0 0 0 0 0 0 0 0 0 0 0 0 0 0 0 0 0 0 0 0 0 0 0 0 0 0 0 0 0 0 0 0 0 0 0 0 0 0 0 0 0 0 0 0 0 0 0 0 0 0 0 0 0 0 0 0 0 0 0 0 0 0 0 0 0 0 0 0 0 0 0 0 0 0 0 0 0 0 0 0 0 0 0 0 0 0 0 0 0 0 0 0 0 0 0 0 0 0 0 0 0 0 0 0 0 0 0 0 0 0 0 0 0 0 0 0 0 0 0 0 0 0 0 0 0 0 0 0 0 0 0 0 0 0 0 0 0 0 0 0 0 0 0 0 0 0 0 0 0 0 0 0 0 0 0 0 0 0 0 0 0 0 0 0 0 0 0 0 0 0 0 0 0 0 0 0 0 0 0 0 0 0 0 0 0 0 0 0 0 0 0 0 0 0 0 0 0 0 0 0 0 0 0 0 0 0 0 0 0 0 0 0 0 0 0 0 0 0 0 0 0 0 0 0 0 0 0 0 0 0 0 0 0 0 0 0 0 0 0 0 0 0 0 0 0 0 0 0 0 0 0 0 0 0 0 0 0 0 0 0 0 0 0 0 0 0 0 0 0 0 0 0 0 0 0 0 0 0 0 0 0 0 0 0 0 0 0 0 0 0 0 0 0 0 0 0 0 0 0 0 0 0 0 0 0 0 0 0 0 0 0 0 0 0 0 0 0 0 0 0 0 0 0 0 0 0 0 0 0 0 0 0 0 0 0 0 0 0 0 0 0 0 0 0 0 0 0 0 0 0 0 0 0 0 0 0 0 0 0 0 0 0 0 0 0 0 0 0 0 0 0 0 0 0 0 0 0 0 0 0 0 0 0 0 0 0 0 0 0 0 0 0 0 0 0 0 0 0 0 0 0 0 0 0 0 0 0 0 0 0 0 0 0 0 0 0 0 0 0 0 0 0 0 0 0 0 0 0 0 0 0 0 0 0 0 0 0 0 0 0 0 0 0 0 0 0 0 0 0 0 0 0 0 0 0 0 0 0 0 0 0 0 0 0 0 0 0 0 0 0 0 0 0 0 0 0 0 0 0 0 0 0 0 0 0 0 0 0 0 0 0 0 0 0 0 0 0 0 0 0 0 0 0 0 0 0 0 0 0 0 0 0 0 0 0 0 0 0 0 0 0 0 0 0 0 0 0 0 0 0 0 0 0 0 0 0 0 0 0 0 0 0 0 0 0 0 0 0 0 0 0 0 0 0 0 0 0 0 0 0 0 0 0 0 0 0 0 0 0 0 0 0 0 0 0 0 0 0 0 0 0 0 0 0 0 0 0 0 0 0 0 0 0 0 0 0 0 0 0 0 0 0 0 0 0 0 0 0 0 0 0 0 0 0 0 0 0 0 0 0 0 0 0 0 0 0 0 0 0 0 0 0 0 0 0 0 0 0 0 0 0 0 0 0 0 0 0 0 0 0 0 0 0 0 0 0 0 0 0 0 0 0 0 0 0 0 0 0 0 0 0 0 0 0 0 0 0 0 0 0 0 0 0 0 0 0 0 0 0 0 0 0 0 0 0 0 0 0 0 0 0 0 0 0 0 0 0 0 0 0 0 0 0 0 0 0 0 0 0 0 0 0 0 0 0 0 0 0 0 0 0 0 0 0 0 0 0 0 0 0 0 0 0 0 0 0 0 0 0 0 0 0 0 0 0 0 0 0 0 0 0 0 0 0 0 0 0 0 0 0 0 0 0 0 0 0 0 0 0 0 0 0 0 0 0 0 0 0 0 0 0 0 0 0 0 0 0 0 0 0 0 0 0 0 0 0 0 0 0 0 0 0 0 0 0 0 0 0 0 0 0 0 0 0 0 0 0 0 0 0 0 0 0 0 0 0 0 0 0 0 0 0 0 0 0 0 0 0 0 0 0 0 0 0 0 0 0 0 0 0 0 0 0 0 0 0 0 0 0 0 0 0 0 0 0 0 0 0 0 0 0 0 0 0 0 0 0 0 0 0 0 0 0 0 0 0 0 0 0 0 0 0 0 0 0 0 0 0 0 0 0 0 0 0 0 0 0 0 0 0 0 0 0 0 0 0 0 0 0 0 0 0 0 0 0 0 0 0 0 0 0 0 0 0 0 0 0 0 0 0 0 0 0 0 0 0 0 0 0 0 0 0 0 0 0 0 0 0 0 0 0 0 0 0 0 0 0 0 0 0 0 0 0 0 0 0 0 0 0 0 0 0 0 0 0 0 0 0 0 0 0 0 0 0 0 0 0 0 0 0 0 0 0 0 0 0 0 0 0 0 0 0 0 0 0 0 0 0 0 0 0 0 0 0 0 0 0 0 0 0 0 0 0 0 0 0 0 0 0 0 0 0 0 0 0 0 0 0 0 0 0 0 0 0 0 0 0 0 0 0 0 0 0 0 0 0 0 0 0 0 0 0 0 0 0 0 0 0 0 0 0 0 0 0 0 0 0 0 0 0 0 0 0 0 0 0 0 0 0 0 0 0 0 0 0 0 0 0 0 0 0 0 0 0 0 0 0 0 0 0 0 0 0 0 0 0 0 0 0 0 0 0 0 0 0 0 0 0 0 0 0 0 0 0 0 0 0 0 0 0 0 0 0 0 0 0 0 0 0 0 0 0 0 0 0 0 0 0 0 0 0 0 0 0 0 0 0 0 0 0 0 0 0 0 0 0 0 0 0 0 0 0 0 0 0 0 0 0 0 0 0 0 0 0 0 0 0 0 0 0 0 0 0 0 0 0 0 0 0 0 0 0 0 0 0 0 0 0 0 0 0 0 0 0 0 0 0 0 0 0 0 0 0 0 0 0 0 0 0 0 0 0 0 0 0 0 0 0 0 0 0 0 0 0 0 0 0 0 0 0 0 0 0 0 0 0 0 0 0 0 0 0 0 0 0 0 0 0 0 0 0 0 0 0 0 0 0 0 0 0 0 0 0 0 0 0 0 0 0 0 0 0 0 0 0 0 0 0 0 0 0 0 0 0 0 0 0 0 0 0 0 0 0 0 0 0 0 0 0 0 0 0 0 0 0 0 0 0 0 0 0 0 0 0 0 0 0 0 0 0 0 0 0 0 0 0 0 0 0 0 0 0 0 0 0 0 0 0 0 0 0 0 0 0 0 0 0 0 0 0 0 0 0 0 0 0 0 0 0 0 0 0 0 0 0 0 0 0 0 0 0 0 0 0 0 0 0 0 0 0 0 0 0 0 0 0 0 0 0 0 0 0 0 0 0 0 0 0 0 0 0 0 0 0 0 0 0 0 0 0 0 0 0 0 0 0 0 0 0 0 0 0 0 0 0 0 0 0 0 0 0 0 0 0 0 0 0 0 0 0 0 0 0 0 0 0 0 0 0 0 0 0 0 0 0 0 0 0 0 0 0 0 0 0 0 0 0 0 0 0 0 0 0 0 0 0 0 0 0 0 0 0 0 0 0 0 0 0 0 0 0 0 0 0 0 0 0 0 0 0 0 0 0 0 0 0 0 0 0 0 0 0 0 0 0 0 0 0 0 0 0 0 0 0 0 0 0 0 0 0 0 0 0 0 0 0 0 0 0 0 0 0 0 0 0 0 0 0 0 0 0 0 0 0 0 0 0 0 0 0 0 0 0 0 0 0 0 0 0 0 0 0 0 0 0 0 0 0 0 0 0 0 0 0 0 0 0 0 0 0 0 0 0 0 0 0 0 0 0 0 0 0 0 0 0 0 0 0 0 0 0 0 0 0 0 0 0 0 0 0 0 0 0 0 0 0 0 0 0 0 0 0 0 0 0 0 0 0 0 0 0 0 0 0 0 0 0 0 0 0 0 0 0 0 0 0 0 0 0 0 0 0 0 0 0 0 0 0 0 0 0 0 0 0 0 0 0 0 0 0 0 0 0 0 0 0 0 0 0 0 0 0 0 0 0 0 0 0 0 0 0 0 0 0 0 0 0 0 0 0 0 0 0 0 0 0 0 0 0 0 0 0 0 0 0 0 0 0 0 0 0 0 0 0 0 0 0 0 0 0 0 0 0 0 0 0 0 0 0 0 0 0 0 0 0 0 0 0 0 0 0 0 0 0 0 0 0 0 0 0 0 0 0 0 0 0 0 0 0 0 0 0 0 0 0 0 0 0 0 0 0 0 0 0 0 0 0 0 0 0 0 0 0 0 0 0 0 0 0 0 0 0 0 0 0 0 0 0 0 0 0 0 0 0 0 0 0 0 0 0 0 0 0 0 0 0 0 0 0 0 0 0 0 0 0 0 0 0 0 0 0 0 0 0 0 0 0 0 0 0 0 0 0 0 0 0 0 0 0 0 0 0 0 0 0 0 0 0 0 0 0 0 0 0 0 0 0 0 0 0 0 0 0 0 0 0 0 0 0 0 0 0 0 0 0 0 0 0 0 0 0 0 0 0 0 0 0 0 0 0 0 0 0 0 0 0 0 0 0 0 0 0 0 0 0 0 0 0 0 0 0 0 0 0 0 0 0 0 0 0 0 0 0 0 0 0 0 0 0 0 0 0 0 0 0 0 0 0 0 0 0 0 0 0 0 0 0 0 0 0 0 0 0 0 0 0 0 0 0 0 0 0 0 0 0 0 0 0 0 0 0 0 0 0 0 0 0 0 0 0 0 0 0 0 0 0 0 0 0 0 0 0 0 0 0 0 0 0 0 0 0 0 0 0 0 0 0 0 0 0 0 0 0 0 0 0 0 0 0 0 0 0 0 0 0 0 0 0 0 0 0 0 0 0 0 0 0 0 0 0 0 0 0 0 0 0 0 0 0 0 0 0 0 0 0 0 0 0 0 0 0 0 0 0 0 0 0 0 0 0 0 0 0 0 0 0 0 0 0 0 0 0 0 0 0 0 0 0 0 0 0 0 0 0 0 0 0 0 0 0 0 0 0 0 0 0 0 0 0 0 0 0 0 0 0 0 0 0 0 0 0 0 0 0 0 0 0 0 0 0 0 0 0 0 0 0 0 0 0 0 0 0 0 0 0 0 0 0 0 0 0 0 0 0 0 0 0 0 0 0 0 0 0 0 0 0 0 0 0 0 0 0 0 0 0 0 0 0 0 0 0 0 0 0 0 0 0 0 0 0 0 0 0 0 0 0 0 0 0 0 0 0 0 0 0 0 0 0 0 0 0 0 0 0 0 0 0 0 0 0 0 0 0 0 0 0 0 0 0 0 0 0 0 0 0 0 0 0 0 0 0 0 0 0 0 0 0 0 0 0 0 0 0 0 0 0 0 0 0 0 0 0 0 0 0 0 0 0 0 0 0 0 0 0 0 0 0 0 0 0 0 0 0 0 0 0 0 0 0 0 0 0 0 0 0 0 0 0 0 0 0 0 0 0 0 0 0 0 0 0 0 0 0 0 0 0 0 0 0 0 0 0 0 0 0 0 0 0 0 0 0 0 0 0 0 0 0 0 0 0 0 0 0 0 0 0 0 0 0 0 0 0 0 0 0 0 0 0 0 0 0 0 0 0 0 0 0 0 0 0 0 0 0 0 0 0 0 0 0 0 0 0 0 0 0 0 0 0 0 0 0 0 0 0 0 0 0 0 0 0 0 0 0 0 0 0 0 0 0 0 0 0 0 0 0 0 0 0 0 0 0 0 0 0 0 0 0 0 0 0 0 0 0 0 0 0 0 0 0 0 0 0 0 0 0 0 0 0 0 0 0 0 0 0 0 0 0 0 0 0 0 0 0 0 0 0 0 0 0 0 0 0 0 0 0 0 0 0 0 0 0 0 0 0 0 0 0 0 0 0 0 0 0 0 0 0 0 0 0 0 0 0 0 0 0 0 0 0 0 0 0 0 0 0 0 0 0 0 0 0 0 0 0 0 0 0 0 0 0 0 0 0 0 0 0 0 0 0 0 0 0 0 0 0 0 0 0 0 0 0 0 0 0 0 0 0 0 0 0 0 0 0 0 0 0 0 0 0 0 0 0 0 0 0 0 0 0 0 0 0 0 0 0 0 0 0 0 0 0 0 0 0 0 0 0 0 0 0 0 0 0 0 0 0 0 0 0 0 0 0 0 0 0 0 0 0 0 0 0 0 0 0 0 0 0 0 0 0 0 0 0 0 0 0 0 0 0 0 0 0 0 0 0 0 0 0 0 0 0 0 0 0 0 0 0 0 0 0 0 0 0 0 0 0 0 0 0 0 0 0 0 0 0 0 0 0 0 0 0 0 0 0 0 0 0 0 0 0 0 0 0 0 0 0 0 0 0 0 0 0 0 0 0 0 0 0 0 0 0 0 0 0 0 0 0 0 0 0 0 0 0 0 0 0 0 0 0 0 0 0 0 0 0 0 0 0 0 0 0 0 0 0 0 0 0 0 0 0 0 0 0 0 0 0 0 0 0 0 0 0 0 0 0 0 0 0 0 0 0 0 0 0 0 0 0 0 0 0 0 0 0 0 0 0 0 0 0 0 0 0 0 0 0 0 0 0 0 0 0 0 0 0 0 0 0 0 0 0 0 0 0 0 0 0 0 0 0 0 0 0 0 0 0 0 0 0 0 0 0 0 0 0 0 0 0 0 0 0 0 0 0 0 0 0 0 0 0 0 0 0 0 0 0 0 0 0 0 0 0 0 0 0 0 0 0 0 0 0 0 0 0 0 0 0 0 0 0 0 0 0 0 0 0 0 0 0 0 0 0 0 0 0 0 0 0 0 0 0 0 0 0 0 0 0 0 0 0 0 0 0 0 0 0 0 0 0 0 0 0 0 0 0 0 0 0 0 0 0 0 0 0 0 0 0 0 0 0 0 0 0 0 0 0 0 0 0 0 0 0 0 0 0 0 0 0 0 0 0 0 0 0 0
ctxt 8654656
btime 1613122782
processes 187014
procs_running 1
procs_blocked 0
softirq 141710236 1 85459195 1579 1654576 0 0 244 4450541 0 50144100
