cpu  58010086 7 59058 29071170 521 0 4381 0 0 0
cpu0 452010 0 1698 226419 0 0 322 0 0 0
cpu1 452858 0 522 227393 2 0 49 0 0 0
cpu2 452229 0 1240 227247 0 0 79 0 0 0
cpu3 451709 0 1448 227536 7 0 77 0 0 0
cpu4 452945 0 674 227191 1 0 48 0 0 0
cpu5 453288 0 264 227226 0 0 73 0 0 0
cpu6 452829 0 822 227135 0 0 33 0 0 0
cpu7 452436 0 1161 227143 0 0 71 0 0 0
cpu8 453195 0 538 227077 0 0 42 0 0 0
cpu9 453521 0 246 227082 1 0 8 0 0 0
cpu10 452665 0 1052 227043 0 0 90 0 0 0
cpu11 452893 0 758 227129 0 0 68 0 0 0
cpu12 452671 0 718 227351 0 0 84 0 0 0
cpu13 453118 0 427 227270 0 0 32 0 0 0
cpu14 452636 0 1011 227135 0 0 70 0 0 0
cpu15 452858 0 754 227166 0 0 60 0 0 0
cpu16 453385 0 291 227167 0 0 9 0 0 0
cpu17 453229 0 249 227352 0 0 14 0 0 0
cpu18 452396 0 1290 227061 0 0 108 0 0 0
cpu19 453060 0 641 227086 2 0 46 0 0 0
cpu20 453510 0 242 227101 0 0 7 0 0 0
cpu21 453346 0 240 227258 0 0 16 0 0 0
cpu22 452855 0 826 227075 0 0 92 0 0 0
cpu23 452950 2 671 227165 0 0 48 0 0 0
cpu24 453498 0 338 226997 0 0 18 0 0 0
cpu25 453832 0 268 226735 1 0 12 0 0 0
cpu26 452413 0 968 227295 0 0 134 0 0 0
cpu27 452866 0 696 227159 0 0 68 0 0 0
cpu28 453619 0 312 226834 0 0 4 0 0 0
cpu29 453315 0 292 227213 0 0 12 0 0 0
cpu30 453317 0 442 227073 0 0 19 0 0 0
cpu31 453141 0 556 227091 1 0 34 0 0 0
cpu32 453251 0 326 227234 0 0 36 0 0 0
cpu33 453305 0 207 227080 0 0 202 0 0 0
cpu34 453165 0 547 227088 0 0 54 0 0 0
cpu35 453222 0 763 226793 3 0 51 0 0 0
cpu36 453499 0 282 227049 0 0 5 0 0 0
cpu37 452889 0 181 227755 0 0 12 0 0 0
cpu38 453026 0 591 227191 0 0 38 0 0 0
cpu39 453135 0 904 226726 6 0 70 0 0 0
cpu40 453591 0 190 227049 0 0 10 0 0 0
cpu41 453556 0 196 227082 1 0 10 0 0 0
cpu42 453064 0 499 227242 0 0 36 0 0 0
cpu43 453554 0 725 226450 29 0 58 0 0 0
cpu44 451546 0 462 228751 0 0 42 0 0 0
cpu45 454051 0 346 226419 1 0 18 0 0 0
cpu46 452966 0 584 227244 3 0 34 0 0 0
cpu47 454092 0 894 225739 2 0 63 0 0 0
cpu48 453590 0 226 227015 0 0 12 0 0 0
cpu49 453494 0 233 227078 0 0 20 0 0 0
cpu50 453224 0 540 227036 1 0 44 0 0 0
cpu51 452953 0 672 227109 2 0 54 0 0 0
cpu52 453497 0 190 227153 0 0 3 0 0 0
cpu53 453355 0 248 227213 2 0 15 0 0 0
cpu54 453272 0 339 227206 0 0 18 0 0 0
cpu55 453184 0 401 227218 5 0 18 0 0 0
cpu56 453514 0 230 227079 0 0 18 0 0 0
cpu57 453237 0 200 227380 0 0 12 0 0 0
cpu58 453117 0 556 227119 3 0 47 0 0 0
cpu59 453073 0 414 227224 77 0 32 0 0 0
cpu60 453335 0 399 227063 2 0 40 0 0 0
cpu61 453461 0 176 227191 0 0 11 0 0 0
cpu62 453374 0 335 227106 0 0 21 0 0 0
cpu63 453333 0 424 227042 0 0 24 0 0 0
cpu64 452777 0 912 227021 1 0 121 0 0 0
cpu65 452990 0 370 227411 0 0 27 0 0 0
cpu66 452533 0 776 227475 3 0 30 0 0 0
cpu67 453047 0 598 227056 88 0 22 0 0 0
cpu68 453169 0 360 227271 0 0 9 0 0 0
cpu69 453176 0 312 227318 1 0 10 0 0 0
cpu70 452982 0 614 227216 0 0 20 0 0 0
cpu71 453089 0 657 227016 31 0 22 0 0 0
cpu72 453458 0 308 227059 0 0 9 0 0 0
cpu73 453305 0 196 227320 0 0 9 0 0 0
cpu74 453046 0 670 227086 0 0 40 0 0 0
cpu75 453004 0 521 227235 2 0 36 0 0 0
cpu76 453258 0 241 227310 0 0 10 0 0 0
cpu77 453294 0 309 227208 1 0 12 0 0 0
cpu78 451746 0 782 228195 0 0 50 0 0 0
cpu79 453143 0 472 227164 4 0 18 0 0 0
cpu80 453566 0 191 227074 1 0 2 0 0 0
cpu81 453327 0 160 227324 0 0 7 0 0 0
cpu82 452642 0 865 227235 0 0 66 0 0 0
cpu83 453108 0 413 227259 1 0 35 0 0 0
cpu84 453597 0 192 227031 0 0 5 0 0 0
cpu85 453282 0 214 227316 0 0 9 0 0 0
cpu86 453234 0 545 227014 1 0 32 0 0 0
cpu87 452858 1 645 227229 4 0 80 0 0 0
cpu88 453259 0 413 227129 0 0 25 0 0 0
cpu89 453442 0 140 227236 0 0 8 0 0 0
cpu90 452948 0 583 227245 0 0 40 0 0 0
cpu91 452896 0 495 227354 1 0 42 0 0 0
cpu92 453502 0 191 227122 1 0 3 0 0 0
cpu93 453415 0 160 227231 0 0 9 0 0 0
cpu94 453152 0 296 227364 0 0 10 0 0 0
cpu95 453071 0 462 227228 1 0 19 0 0 0
cpu96 453443 0 206 227150 5 0 8 0 0 0
cpu97 453479 0 156 227181 0 0 4 0 0 0
cpu98 453465 0 278 227059 0 0 16 0 0 0
cpu99 453318 2 558 226913 2 0 38 0 0 0
cpu100 453585 0 141 227095 0 0 2 0 0 0
cpu101 453402 0 172 227239 1 0 5 0 0 0
cpu102 453389 0 286 227136 0 0 12 0 0 0
cpu103 453593 0 576 226608 5 0 35 0 0 0
cpu104 453568 0 152 227093 0 0 1 0 0 0
cpu105 453463 0 156 227189 1 0 10 0 0 0
cpu106 452976 0 360 227444 0 0 15 0 0 0
cpu107 453466 0 562 226730 8 0 49 0 0 0
cpu108 453482 0 190 227130 7 0 3 0 0 0
cpu109 453441 0 178 227183 1 0 13 0 0 0
cpu110 453240 0 303 227241 0 0 20 0 0 0
cpu111 454379 0 906 225414 1 0 80 0 0 0
cpu112 453642 0 171 227003 0 0 4 0 0 0
cpu113 453396 0 166 227234 0 0 12 0 0 0
cpu114 453095 0 573 227087 11 0 49 0 0 0
cpu115 453995 0 476 226235 70 0 11 0 0 0
cpu116 453501 0 210 227098 1 0 5 0 0 0
cpu117 453462 0 179 227156 0 0 8 0 0 0
cpu118 453485 0 202 227113 0 0 3 0 0 0
cpu119 453404 0 534 226806 4 0 45 0 0 0
cpu120 453663 0 165 226988 0 0 3 0 0 0
cpu121 453479 0 155 227177 2 0 4 0 0 0
cpu122 453148 0 385 227258 0 0 17 0 0 0
cpu123 453505 0 407 226832 54 0 8 0 0 0
cpu124 453365 0 223 227214 2 0 13 0 0 0
cpu125 453488 0 232 227082 0 0 5 0 0 0
cpu126 453528 0 223 227051 1 0 3 0 0 0
cpu127 453358 0 529 226887 1 0 14 0 0 0
intr 163901246 130 0 0 0 683 0 0 0 1 0 285 0 0 0 0 0 0 0 0 0 0 0 0 0 0 0 0 0 0 0 0 0 0 0 0 260 0 976 7097 1756 12605 1997 20425 3405 7479 1847 682 1286 5929 135 2572 5812 8547 157 655 1067 5054 1186 2520 591 6126 446 565 1192 3376 1426 1374 745 4055 554 61827 517 10425 483 617 272 5076 1394 928 1372 9545 1274 700 998 8379 473 1535 1564 3777 380 1449 420 2726 299 1461 954 6423 153 1132 3633 4098 885 6232 4124 8332 2223 3602 1158 6896 1005 715 760 5972 598 2331 1115 3998 134 445 539 5133 1102 3145 569 7229 567 514 753 5537 429 1768 925 4096 511 975 346 4429 399 580 241 3431 698 731 2009 3042 1129 2212 788 6336 200 1159 757 1325 526 1119 613 0 0 0 0 0 0 0 0 0 0 163 189 1 62 4 80 206 18 155 1 3 0 9 0 6 0 10 158 11 3 764 21 128 2 86 395 103 19 271 62 414 32 93 0 0 0 0 0 0 0 0 0 0 0 0 0 0 0 0 0 95 10 94 26 97 34 24 1 111 3 85 0 6 26 104 136 39 19 91 19 35 76 0 0 8 0 105 28 0 83 0 1 1 0 6 385 0 0 37 6359 5242 120 424 471 760 388 245 213 248 872 172 202 402 3008 71 124 225 581 60 9906 117 546 82 0 0 0 0 0 0 0 0 0 0 0 0 0 0 0 0 0 0 0 0 0 0 0 0 0 0 0 0 0 0 0 0 0 0 0 0 0 0 0 0 0 0 0 0 0 0 0 0 0 0 0 0 0 0 0 0 0 0 0 0 0 0 0 0 0 0 0 0 0 0 0 0 0 0 0 0 0 0 0 0 0 0 0 0 0 0 0 0 0 0 0 0 0 0 0 0 0 0 0 0 0 0 0 0 0 0 0 0 0 0 0 0 0 0 0 0 0 0 0 0 0 0 0 0 0 0 0 0 0 0 0 0 0 0 0 0 0 0 0 0 0 0 0 0 0 0 0 0 0 0 0 0 0 0 0 0 0 0 0 0 0 0 0 0 0 0 0 0 0 0 0 0 0 0 0 0 0 0 0 0 0 0 0 0 0 0 0 0 0 0 0 0 0 0 0 0 0 0 0 0 0 0 0 0 0 0 0 0 0 0 0 0 0 0 0 0 0 0 0 0 0 0 0 0 0 0 0 0 0 0 0 0 0 0 0 0 0 0 0 0 0 0 0 0 0 0 0 0 0 0 0 0 0 0 0 0 0 0 0 0 0 0 0 0 0 0 0 0 0 0 0 0 0 0 0 0 0 0 0 0 0 0 0 0 0 0 0 0 0 0 0 0 0 0 0 0 0 0 0 0 0 0 0 0 0 0 0 0 0 0 0 0 0 0 0 0 0 0 0 0 0 0 0 0 0 0 0 0 0 0 0 0 0 0 0 0 0 0 0 0 0 0 0 0 0 0 0 0 0 0 0 0 0 0 0 0 0 0 0 0 0 0 0 0 0 0 0 0 0 0 0 0 0 0 0 0 0 0 0 0 0 0 0 0 0 0 0 0 0 0 0 0 0 0 0 0 0 0 0 0 0 0 0 0 0 0 0 0 0 0 0 0 0 0 0 0 0 0 0 0 0 0 0 4 0 0 0 0 0 0 0 47 0 0 48 0 0 0 0 0 0 0 0 0 0 0 0 1 0 0 0 0 0 0 0 0 0 0 0 0 0 0 0 0 0 0 0 0 0 0 0 0 0 0 0 0 0 0 0 0 0 0 0 0 0 0 0 0 0 0 0 0 0 0 0 0 0 0 0 0 0 0 0 0 0 0 0 0 0 0 0 0 0 0 0 0 0 20 0 0 0 0 0 0 0 0 0 0 0 0 0 0 0 0 0 0 0 0 0 0 0 0 0 0 0 0 0 0 0 0 0 0 0 0 0 0 0 0 0 0 0 0 0 0 0 0 0 0 0 0 0 0 0 0 0 0 0 0 0 0 0 0 0 0 0 0 0 0 0 0 0 0 0 0 0 0 0 0 0 0 0 0 0 0 0 0 0 0 0 0 0 0 0 0 0 0 0 0 0 0 0 0 0 0 0 0 0 0 0 0 0 0 0 0 0 0 0 0 0 0 0 0 0 0 0 0 0 0 0 0 0 0 0 0 0 0 0 0 0 0 0 0 0 0 0 0 0 0 0 0 0 0 0 0 0 0 0 0 0 0 0 0 0 0 0 0 0 0 0 0 0 0 0 0 0 0 0 0 0 0 0 0 0 0 0 0 0 0 0 0 0 0 0 0 0 0 0 0 0 0 0 0 0 0 0 0 0 0 0 0 0 0 0 0 0 0 0 0 0 0 0 0 0 0 0 0 0 0 0 0 0 0 0 0 0 0 0 0 0 0 0 0 0 0 0 0 0 0 0 0 0 0 0 0 0 0 0 0 0 0 0 0 0 0 0 0 0 0 0 0 0 0 0 0 0 0 0 0 0 0 0 0 0 0 0 0 0 0 0 0 0 0 0 0 0 0 0 0 0 0 0 0 0 0 0 0 0 0 0 0 0 0 0 0 0 0 0 0 0 0 0 0 0 0 0 0 0 0 0 0 0 0 0 0 0 0 0 0 0 0 0 0 0 0 0 0 0 0 0 0 0 0 0 0 0 0 0 0 0 0 0 0 0 0 0 0 0 0 0 0 0 0 0 0 0 0 0 0 0 0 0 0 0 0 0 0 0 0 0 0 0 0 0 0 0 0 0 0 0 0 0 0 0 0 0 0 0 0 0 0 0 0 0 0 0 0 0 0 0 0 0 0 0 0 0 0 0 0 0 0 0 0 0 0 0 0 0 0 0 0 0 0 0 0 0 0 0 0 0 0 0 0 0 0 0 0 0 0 0 0 0 0 0 0 0 0 0 0 0 0 0 0 0 0 0 0 0 0 0 0 0 0 0 0 0 0 0 0 0 0 0 0 0 0 0 0 0 0 0 0 0 0 0 0 0 0 0 0 0 0 0 0 0 0 0 0 0 0 0 0 0 0 0 0 0 0 0 0 0 0 0 0 0 0 0 0 0 0 0 0 0 0 0 0 0 0 0 0 0 0 0 0 0 0 0 0 0 0 0 0 0 0 0 0 0 0 0 0 0 0 0 0 0 0 0 0 0 0 0 0 0 0 0 0 0 0 0 0 0 0 0 0 0 0 0 0 0 0 0 0 0 0 0 0 0 0 0 0 0 0 0 0 0 0 0 0 0 0 0 0 0 0 0 0 0 0 0 0 0 0 0 0 0 0 0 0 0 0 0 0 0 0 0 0 0 0 0 0 0 0 0 0 0 0 0 0 0 0 0 0 0 0 0 0 0 0 0 0 0 0 0 0 0 0 0 0 0 0 0 0 0 0 0 0 0 0 0 0 0 0 0 0 0 0 0 0 0 0 0 0 0 0 0 0 0 0 0 0 0 0 0 0 0 0 0 0 0 0 0 0 0 0 0 0 0 0 0 0 0 0 0 0 0 0 0 0 0 0 0 0 0 0 0 0 0 0 0 0 0 0 0 0 0 0 0 0 0 0 0 0 0 0 0 0 0 0 0 0 0 0 0 0 0 0 0 0 0 0 0 0 0 0 0 0 0 0 0 0 0 0 0 0 0 0 0 0 0 0 0 0 0 0 0 0 0 0 0 0 0 0 0 0 0 0 0 0 0 0 0 0 0 0 0 0 0 0 0 0 0 0 0 0 0 0 0 0 0 0 0 0 0 0 0 0 0 0 0 0 0 0 0 0 0 0 0 0 0 0 0 0 0 0 0 0 0 0 0 0 0 0 0 0 0 0 0 0 0 0 0 0 0 0 0 0 0 0 0 0 0 0 0 0 0 0 0 0 0 0 0 0 0 0 0 0 0 0 0 0 0 0 0 0 0 0 0 0 0 0 0 0 0 0 0 0 0 0 0 0 0 0 0 0 0 0 0 0 0 0 0 0 0 0 0 0 0 0 0 0 0 0 0 0 0 0 0 0 0 0 0 0 0 0 0 0 0 0 0 0 0 0 0 0 0 0 0 0 0 0 0 0 0 0 0 0 0 0 0 0 0 0 0 0 0 0 0 0 0 0 0 0 0 0 0 0 0 0 0 0 0 0 0 0 0 0 0 0 0 0 0 0 0 0 0 0 0 0 0 0 0 0 0 0 0 0 0 0 0 0 0 0 0 0 0 0 0 0 0 0 0 0 0 0 0 0 0 0 0 0 0 0 0 0 0 0 0 0 0 0 0 0 0 0 0 0 0 0 0 0 0 0 0 0 0 0 0 0 0 0 0 0 0 0 0 0 0 0 0 0 0 0 0 0 0 0 0 0 0 0 0 0 0 0 0 0 0 0 0 0 0 0 0 0 0 0 0 0 0 0 0 0 0 0 0 0 0 0 0 0 0 0 0 0 0 0 0 0 0 0 0 0 0 0 0 0 0 0 0 0 0 0 0 0 0 0 0 0 0 0 0 0 0 0 0 0 0 0 0 0 0 0 0 0 0 0 0 0 0 0 0 0 0 0 0 0 0 0 0 0 0 0 0 0 0 0 0 0 0 0 0 0 0 0 0 0 0 0 0 0 0 0 0 0 0 0 0 0 0 0 0 0 0 0 0 0 0 0 0 0 0 0 0 0 0 0 0 0 0 0 0 0 0 0 0 0 0 0 0 0 0 0 0 0 0 0 0 0 0 0 0 0 0 0 0 0 0 0 0 0 0 0 0 0 0 0 0 0 0 0 0 0 0 0 0 0 0 0 0 0 0 0 0 0 0 0 0 0 0 0 0 0 0 0 0 0 0 0 0 0 0 0 0 0 0 0 0 0 0 0 0 0 0 0 0 0 0 0 0 0 0 0 0 0 0 0 0 0 0 0 0 0 0 0 0 0 0 0 0 0 0 0 0 0 0 0 0 0 0 0 0 0 0 0 0 0 0 0 0 0 0 0 0 0 0 0 0 0 0 0 0 0 0 0 0 0 0 0 0 0 0 0 0 0 0 0 0 0 0 0 0 0 0 0 0 0 0 0 0 0 0 0 0 0 0 0 0 0 0 0 0 0 0 0 0 0 0 0 0 0 0 0 0 0 0 0 0 0 0 0 0 0 0 0 0 0 0 0 0 0 0 0 0 0 0 0 0 0 0 0 0 0 0 0 0 0 0 0 0 0 0 0 0 0 0 0 0 0 0 0 0 0 0 0 0 0 0 0 0 0 0 0 0 0 0 0 0 0 0 0 0 0 0 0 0 0 0 0 0 0 0 0 0 0 0 0 0 0 0 0 0 0 0 0 0 0 0 0 0 0 0 0 0 0 0 0 0 0 0 0 0 0 0 0 0 0 0 0 0 0 0 0 0 0 0 0 0 0 0 0 0 0 0 0 0 0 0 0 0 0 0 0 0 0 0 0 0 0 0 0 0 0 0 0 0 0 0 0 0 0 0 0 0 0 0 0 0 0 0 0 0 0 0 0 0 0 0 0 0 0 0 0 0 0 0 0 0 0 0 0 0 0 0 0 0 0 0 0 0 0 0 0 0 0 0 0 0 0 0 0 0 0 0 0 0 0 0 0 0 0 0 0 0 0 0 0 0 0 0 0 0 0 0 0 0 0 0 0 0 0 0 0 0 0 0 0 0 0 0 0 0 0 0 0 0 0 0 0 0 0 0 0 0 0 0 0 0 0 0 0 0 0 0 0 0 0 0 0 0 0 0 0 0 0 0 0 0 0 0 0 0 0 0 0 0 0 0 0 0 0 0 0 0 0 0 0 0 0 0 0 0 0 0 0 0 0 0 0 0 0 0 0 0 0 0 0 0 0 0 0 0 0 0 0 0 0 0 0 0 0 0 0 0 0 0 0 0 0 0 0 0 0 0 0 0 0 0 0 0 0 0 0 0 0 0 0 0 0 0 0 0 0 0 0 0 0 0 0 0 0 0 0 0 0 0 0 0 0 0 0 0 0 0 0 0 0 0 0 0 0 0 0 0 0 0 0 0 0 0 0 0 0 0 0 0 0 0 0 0 0 0 0 0 0 0 0 0 0 0 0 0 0 0 0 0 0 0 0 0 0 0 0 0 0 0 0 0 0 0 0 0 0 0 0 0 0 0 0 0 0 0 0 0 0 0 0 0 0 0 0 0 0 0 0 0 0 0 0 0 0 0 0 0 0 0 0 0 0 0 0 0 0 0 0 0 0 0 0 0 0 0 0 0 0 0 0 0 0 0 0 0 0 0 0 0 0 0 0 0 0 0 0 0 0 0 0 0 0 0 0 0 0 0 0 0 0 0 0 0 0 0 0 0 0 0 0 0 0 0 0 0 0 0 0 0 0 0 0 0 0 0 0 0 0 0 0 0 0 0 0 0 0 0 0 0 0 0 0 0 0 0 0 0 0 0 0 0 0 0 0 0 0 0 0 0 0 0 0 0 0 0 0 0 0 0 0 0 0 0 0 0 0 0 0 0 0 0 0 0 0 0 0 0 0 0 0 0 0 0 0 0 0 0 0 0 0 0 0 0 0 0 0 0 0 0 0 0 0 0 0 0 0 0 0 0 0 0 0 0 0 0 0 0 0 0 0 0 0 0 0 0 0 0 0 0 0 0 0 0 0 0 0 0 0 0 0 0 0 0 0 0 0 0 0 0 0 0 0 0 0 0 0 0 0 0 0 0 0 0 0 0 0 0 0 0 0 0 0 0 0 0 0 0 0 0 0 0 0 0 0 0 0 0 0 0 0 0 0 0 0 0 0 0 0 0 0 0 0 0 0 0 0 0 0 0 0 0 0 0 0 0 0 0 0 0 0 0 0 0 0 0 0 0 0 0 0 0 0 0 0 0 0 0 0 0 0 0 0 0 0 0 0 0 0 0 0 0 0 0 0 0 0 0 0 0 0 0 0 0 0 0 0 0 0 0 0 0 0 0 0 0 0 0 0 0 0 0 0 0 0 0 0 0 0 0 0 0 0 0 0 0 0 0 0 0 0 0 0 0 0 0 0 0 0 0 0 0 0 0 0 0 0 0 0 0 0 0 0 0 0 0 0 0 0 0 0 0 0 0 0 0 0 0 0 0 0 0 0 0 0 0 0 0 0 0 0 0 0 0 0 0 0 0 0 0 0 0 0 0 0 0 0 0 0 0 0 0 0 0 0 0 0 0 0 0 0 0 0 0 0 0 0 0 0 0 0 0 0 0 0 0 0 0 0 0 0 0 0 0 0 0 0 0 0 0 0 0 0 0 0 0 0 0 0 0 0 0 0 0 0 0 0 0 0 0 0 0 0 0 0 0 0 0 0 0 0 0 0 0 0 0 0 0 0 0 0 0 0 0 0 0 0 0 0 0 0 0 0 0 0 0 0 0 0 0 0 0 0 0 0 0 0 0 0 0 0 0 0 0 0 0 0 0 0 0 0 0 0 0 0 0 0 0 0 0 0 0 0 0 0 0 0 0 0 0 0 0 0 0 0 0 0 0 0 0 0 0 0 0 0 0 0 0 0 0 0 0 0 0 0 0 0 0 0 0 0 0 0 0 0 0 0 0 0 0 0 0 0 0 0 0 0 0 0 0 0 0 0 0 0 0 0 0 0 0 0 0 0 0 0 0 0 0 0 0 0 0 0 0 0 0 0 0 0 0 0 0 0 0 0 0 0 0 0 0 0 0 0 0 0 0 0 0 0 0 0 0 0 0 0 0 0 0 0 0 0 0 0 0 0 0 0 0 0 0 0 0 0 0 0 0 0 0 0 0 0 0 0 0 0 0 0 0 0 0 0 0 0 0 0 0 0 0 0 0 0 0 0 0 0 0 0 0 0 0 0 0 0 0 0 0 0 0 0 0 0 0 0 0 0 0 0 0 0 0 0 0 0 0 0 0 0 0 0 0 0 0 0 0 0 0 0 0 0 0 0 0 0 0 0 0 0 0 0 0 0 0 0 0 0 0 0 0 0 0 0 0 0 0 0 0 0 0 0 0 0 0 0 0 0 0 0 0 0 0 0 0 0 0 0 0 0 0 0 0 0 0 0 0 0 0 0 0 0 0 0 0 0 0 0 0 0 0 0 0 0 0 0 0 0 0 0 0 0 0 0 0 0 0 0 0 0 0 0 0 0 0 0 0 0 0 0 0 0 0 0 0 0 0 0 0 0 0 0 0 0 0 0 0 0 0 0 0 0 0 0 0 0 0 0 0 0 0 0 0 0 0 0 0 0 0 0 0 0 0 0 0 0 0 0 0 0 0 0 0 0 0 0 0 0 0 0 0 0 0 0 0 0 0 0 0 0 0 0 0 0 0 0 0 0 0 0 0 0 0 0 0 0 0 0 0 0 0 0 0 0 0 0 0 0 0 0 0 0 0 0 0 0 0 0 0 0 0 0 0 0 0 0 0 0 0 0 0 0 0 0 0 0 0 0 0 0 0 0 0 0 0 0 0 0 0 0 0 0 0 0 0 0 0 0 0 0 0 0 0 0 0 0 0 0 0 0 0 0 0 0 0 0 0 0 0 0 0 0 0 0 0 0 0 0 0 0 0 0 0 0 0 0 0 0 0 0 0 0 0 0 0 0 0 0 0 0 0 0 0 0 0 0 0 0 0 0 0 0 0 0 0 0 0 0 0 0 0 0 0 0 0 0 0 0 0 0 0 0 0 0 0 0 0 0 0 0 0 0 0 0 0 0 0 0 0 0 0 0 0 0 0 0 0 0 0 0 0 0 0 0 0 0 0 0 0 0 0 0 0 0 0 0 0 0 0 0 0 0 0 0 0 0 0 0 0 0 0 0 0 0 0 0 0 0 0 0 0 0 0 0 0 0 0 0 0 0 0 0 0 0 0 0 0 0 0 0 0 0 0 0 0 0 0 0 0 0 0 0 0 0 0 0 0 0 0 0 0 0 0 0 0 0 0 0 0 0 0 0 0 0 0 0 0 0 0 0 0 0 0 0 0 0 0 0 0 0 0 0 0 0 0 0 0 0 0 0 0 0 0 0 0 0 0 0 0 0 0 0 0 0 0 0 0 0 0 0 0 0 0 0 0 0 0 0 0 0 0 0 0 0 0 0 0 0 0 0 0 0 0 0 0 0 0 0 0 0 0 0 0 0 0 0 0 0 0 0 0 0 0 0 0 0 0 0 0 0 0 0 0 0 0 0 0 0 0 0 0 0 0 0 0 0 0 0 0 0 0 0 0 0 0 0 0 0 0 0 0 0 0 0 0 0 0 0 0 0 0 0 0 0 0 0 0 0 0 0 0 0 0 0 0 0 0 0 0 0 0 0 0 0 0 0 0 0 0 0 0 0 0 0 0 0 0 0 0 0 0 0 0 0 0 0 0 0 0 0 0 0 0 0 0 0 0 0 0 0 0 0 0 0 0 0 0 0 0 0 0 0 0 0 0 0 0 0 0 0 0 0 0 0 0 0 0 0 0 0 0 0 0 0 0 0 0 0 0 0 0 0 0 0 0 0 0 0 0 0 0 0 0 0 0 0 0 0 0 0 0 0 0 0 0 0 0 0 0 0 0 0 0 0 0 0 0 0 0 0 0 0 0 0 0 0 0 0 0 0 0 0 0 0 0 0 0 0 0 0 0 0 0 0 0 0 0 0 0 0 0 0 0 0 0 0 0 0 0 0 0 0 0 0 0 0 0 0 0 0 0 0 0 0 0 0 0 0 0 0 0 0 0 0 0 0 0 0 0 0 0 0 0 0 0 0 0 0 0 0 0 0 0 0 0 0 0 0 0 0 0 0 0 0 0 0 0 0 0 0 0 0 0 0 0 0 0 0 0 0 0 0 0 0 0 0 0 0 0 0 0 0 0 0 0 0 0 0 0 0 0 0 0 0 0 0 0 0 0 0 0 0 0 0 0 0 0 0 0 0 0 0 0 0 0 0 0 0 0 0 0 0 0 0 0 0 0 0 0 0 0 0 0 0 0 0 0 0 0 0 0 0 0 0 0 0 0 0 0 0 0 0 0 0 0 0 0 0 0 0 0 0 0 0 0 0 0 0 0 0 0 0 0 0 0 0 0 0 0 0 0
ctxt 10897173
btime 1613064757
processes 244988
procs_running 1
procs_blocked 0
softirq 177143133 1 105948400 2185 2141256 0 0 189 5451698 0 63599404
