cpu  32039245 8 55233 4438942 180 0 4914 0 0 0
cpu0 499372 0 2260 68923 0 0 326 0 0 0
cpu1 500310 0 1057 69437 9 0 132 0 0 0
cpu2 500072 0 1828 68870 1 0 159 0 0 0
cpu3 500059 0 1117 69588 4 0 155 0 0 0
cpu4 500533 0 1518 68682 8 0 108 0 0 0
cpu5 500962 0 357 69578 4 0 25 0 0 0
cpu6 500006 0 1238 69526 1 0 150 0 0 0
cpu7 500406 0 918 69475 2 0 126 0 0 0
cpu8 499822 0 1527 69507 0 0 62 0 0 0
cpu9 500960 0 397 69520 3 0 50 0 0 0
cpu10 500206 0 1196 69416 3 0 93 0 0 0
cpu11 500611 0 679 69540 2 0 92 0 0 0
cpu12 499816 0 1569 69464 1 0 75 0 0 0
cpu13 500981 0 448 69439 1 0 46 0 0 0
cpu14 499922 0 1450 69461 0 0 91 0 0 0
cpu15 500886 0 631 69304 2 0 90 0 0 0
cpu16 499032 0 2169 69522 0 0 197 0 0 0
cpu17 500785 0 505 69383 1 0 230 0 0 0
cpu18 499575 0 1889 69290 0 0 170 0 0 0
cpu19 500899 0 485 69472 1 0 56 0 0 0
cpu20 500111 0 1256 69342 49 0 115 0 0 0
cpu21 501060 0 330 69507 11 0 16 0 0 0
cpu22 500029 0 1197 69576 1 0 118 0 0 0
cpu23 500909 0 415 69557 8 0 36 0 0 0
cpu24 500473 0 967 69431 1 0 40 0 0 0
cpu25 501057 0 259 69601 1 0 10 0 0 0
cpu26 500022 0 1314 69425 0 0 148 0 0 0
cpu27 500831 0 474 69566 1 0 53 0 0 0
cpu28 500147 0 1162 69530 0 0 83 0 0 0
cpu29 501064 0 254 69588 2 0 16 0 0 0
cpu30 499850 0 1329 69529 0 0 208 0 0 0
cpu31 500868 0 408 69605 1 0 32 0 0 0
cpu32 500673 0 1068 69126 1 0 40 0 0 0
cpu33 500513 0 776 69585 1 0 41 0 0 0
cpu34 501196 2 1222 68464 0 0 32 0 0 0
cpu35 500888 0 403 69598 0 0 29 0 0 0
cpu36 501234 0 813 68817 0 0 38 0 0 0
cpu37 500964 0 346 69587 5 0 16 0 0 0
cpu38 503347 0 850 66660 1 0 38 0 0 0
cpu39 500448 0 814 69561 1 0 93 0 0 0
cpu40 501411 0 1029 68410 5 0 45 0 0 0
cpu41 501114 0 302 69468 1 0 18 0 0 0
cpu42 500147 0 1201 69413 0 0 154 0 0 0
cpu43 500897 0 433 69527 0 0 58 0 0 0
cpu44 500605 0 1117 69171 0 0 23 0 0 0
cpu45 501075 0 337 69476 0 0 23 0 0 0
cpu46 500063 0 1665 69024 0 0 150 0 0 0
cpu47 501180 0 337 69364 2 0 24 0 0 0
cpu48 499987 0 1514 69311 0 0 100 0 0 0
cpu49 501050 0 473 69365 2 0 19 0 0 0
cpu50 500251 0 1038 69541 0 0 80 0 0 0
cpu51 501100 0 314 69480 2 0 16 0 0 0
cpu52 500839 0 500 69533 0 0 41 0 0 0
cpu53 501092 0 285 69516 3 0 17 0 0 0
cpu54 500581 0 648 69623 1 0 51 0 0 0
cpu55 500909 0 415 69561 0 0 26 0 0 0
cpu56 500581 0 866 69416 0 0 40 0 0 0
cpu57 501122 0 207 69568 0 0 9 0 0 0
cpu58 500815 0 560 69497 0 0 35 0 0 0
cpu59 500710 1 535 69578 1 0 86 0 0 0
cpu60 500750 0 705 69403 0 0 22 0 0 0
cpu61 501110 0 208 69570 1 0 17 0 0 0
cpu62 499871 0 1269 69573 0 0 188 0 0 0
cpu63 501061 0 352 69474 7 0 8 0 0 0
intr 89768819 83 0 0 0 639 0 0 0 1 0 282 0 0 0 0 0 0 0 0 0 0 0 0 0 0 0 0 0 0 0 0 0 0 0 0 0 0 0 1192 34338 1468 12867 304 7090 1253 9340 743 12616 619 4990 525 8272 254 4234 1331 73316 184 6981 9795 2176 1560 12283 1150 1177 489 5783 1866 607 789 5404 1450 19022 171 8833 137 7002 253 13805 333 3000 493 8548 845 2929 12 5156 669 8411 765 6080 2885 2313 3754 5755 1096 1524 592 4619 773 1595 835 2597 0 0 0 0 0 0 0 0 0 0 0 0 0 0 0 0 0 32246 93 0 0 0 0 0 0 0 0 0 0 0 0 0 0 0 0 0 0 0 0 0 0 0 0 0 0 0 0 0 0 0 0 0 0 0 0 0 0 0 0 0 0 0 0 0 0 0 0 0 0 0 0 0 0 0 0 0 0 0 0 0 0 0 0 0 0 0 0 0 0 0 0 0 0 0 15 0 0 0 0 0 0 0 0 0 0 0 0 0 0 0 0 0 0 0 0 0 0 0 0 0 0 0 0 0 0 0 0 0 0 0 0 0 0 0 0 0 0 0 0 0 0 0 0 0 0 0 0 0 0 0 0 0 0 0 0 0 0 0 0 0 0 0 0 0 0 0 0 0 0 0 0 0 0 0 0 0 0 0 0 0 0 0 0 0 0 0 0 0 0 0 0 0 0 0 0 0 0 0 0 0 0 0 0 0 0 0 0 0 0 0 0 0 0 0 0 0 0 0 0 0 0 0 0 0 0 0 0 0 0 0 0 0 0 0 0 0 0 0 0 0 0 0 0 0 0 0 0 0 0 0 0 0 0 0 0 0 0 0 0 0 0 0 0 0 0 0 0 0 0 0 0 0 0 0 0 0 0 0 0 0 0 0 0 0 0 0 0 0 0 0 0 0 0 0 0 0 0 0 0 0 0 0 0 0 0 0 0 0 0 0 0 0 0 0 0 0 0 0 0 0 0 0 0 0 0 0 0 0 0 0 0 0 0 0 0 0 0 0 0 0 0 0 0 0 0 0 0 0 0 0 0 0 0 0 0 0 0 0 0 0 0 0 0 0 0 0 0 0 0 0 0 0 0 0 0 0 0 0 0 0 0 0 0 0 0 0 0 0 0 0 0 0 0 0 0 0 0 0 0 0 0 0 0 0 0 0 0 0 0 0 0 0 0 0 0 0 0 0 0 0 0 0 0 0 0 0 0 0 0 0 0 0 0 0 0 0 0 0 0 0 0 0 0 0 0 0 0 0 0 0 0 0 0 0 0 0 0 0 0 0 0 0 0 0 0 0 0 0 0 0 0 0 0 0 0 0 0 0 0 0 0 0 0 0 0 0 0 0 0 0 0 0 0 0 0 0 0 0 0 0 0 0 0 0 0 0 0 0 0 0 0 0 0 0 0 0 0 0 0 0 0 0 0 0 0 0 0 0 0 0 0 0 0 0 0 0 0 0 0 0 0 0 0 0 0 0 0 0 0 0 0 0 0 0 0 0 0 0 0 0 0 0 0 0 0 0 0 0 0 0 0 0 0 0 0 0 0 0 0 0 0 0 0 0 0 0 0 0 0 0 0 0 0 0 0 0 0 0 0 0 0 0 0 0 0 0 0 0 0 0 0 0 0 0 0 0 0 0 0 0 0 0 0 0 0 0 0 0 0 0 0 0 0 0 0 0 0 0 0 0 0 0 0 0 0 0 0 0 0 0 0 0 0 0 0 0 0 0 0 0 0 0 0 0 0 0 0 0 0 0 0 0 0 0 0 0 0 0 0 0 0 0 0 0 0 0 0 0 0 0 0 0 0 0 0 0 0 0 0 0 0 0 0 0 0 0 0 0 0 0 0 0 0 0 0 0 0 0 0 0 0 0 0 0 0 0 0 0 0 0 0 0 0 0 0 0 0 0 0 0 0 0 0 0 0 0 0 0 0 0 0 0 0 0 0 0 0 0 0 0 0 0 0 0 0 0 0 0 0 0 0 0 0 0 0 0 0 0 0 0 0 0 0 0 0 0 0 0 0 0 0 0 0 0 0 0 0 0 0 0 0 0 0 0 0 0 0 0 0 0 0 0 0 0 0 0 0 0 0 0 0 0 0 0 0 0 0 0 0 0 0 0 0 0 0 0 0 0 0 0 0 0 0 0 0 0 0 0 0 0 0 0 0 0 0 0 0 0 0 0 0 0 0 0 0 0 0 0 0 0 0 0 0 0 0 0 0 0 0 0 0 0 0 0 0 0 0 0 0 0 0 0 0 0 0 0 0 0 0 0 0 0 0 0 0 0 0 0 0 0 0 0 0 0 0 0 0 0 0 0 0 0 0 0 0 0 0 0 0 0 0 0 0 0 0 0 0 0 0 0 0 0 0 0 0 0 0 0 0 0 0 0 0 0 0 0 0 0 0 0 0 0 0 0 0 0 0 0 0 0 0 0 0 0 0 0 0 0 0 0 0 0 0 0 0 0 0 0 0 0 0 0 0 0 0 0 0 0 0 0 0 0 0 0 0 0 0 0 0 0 0 0 0 0 0 0 0 0 0 0 0 0 0 0 0 0 0 0 0 0 0 0 0 0 0 0 0 0 0 0 0 0 0 0 0 0 0 0 0 0 0 0 0 0 0 0 0 0 0 0 0 0 0 0 0 0 0 0 0 0 0 0 0 0 0 0 0 0 0 0 0 0 0 0 0 0 0 0 0 0 0 0 0 0 0 0 0 0 0 0 0 0 0 0 0 0 0 0 0 0 0 0 0 0 0 0 0 0 0 0 0 0 0 0 0 0 0 0 0 0 0 0 0 0 0 0 0 0 0 0 0 0 0 0 0 0 0 0 0 0 0 0 0 0 0 0 0 0 0 0 0 0 0 0 0 0 0 0 0 0 0 0 0 0 0 0 0 0 0 0 0 0 0 0 0 0 0 0 0 0 0 0 0 0 0 0 0 0 0 0 0 0 0 0 0 0 0 0 0 0 0 0 0 0 0 0 0 0 0 0 0 0 0 0 0 0 0 0 0 0 0 0 0 0 0 0 0 0 0 0 0 0 0 0 0 0 0 0 0 0 0 0 0 0 0 0 0 0 0 0 0 0 0 0 0 0 0 0 0 0 0 0 0 0 0 0 0 0 0 0 0 0 0 0 0 0 0 0 0 0 0 0 0 0 0 0 0 0 0 0 0 0 0 0 0 0 0 0 0 0 0 0 0 0 0 0 0 0 0 0 0 0 0 0 0 0 0 0 0 0 0 0 0 0 0 0 0 0 0 0 0 0 0 0 0 0 0 0 0 0 0 0 0 0 0 0 0 0 0 0 0 0 0 0 0 0 0 0 0 0 0 0 0 0 0 0 0 0 0 0 0 0 0 0 0 0 0 0 0 0 0 0 0 0 0 0 0 0 0 0 0 0 0 0 0 0 0 0 0 0 0 0 0 0 0 0 0 0 0 0 0 0 0 0 0 0 0 0 0 0 0 0 0 0 0 0 0 0 0 0 0 0 0 0 0 0 0 0 0 0 0 0 0 0 0 0 0 0 0 0 0 0 0 0 0 0 0 0 0 0 0 0 0 0 0 0 0 0 0 0 0 0 0 0 0 0 0 0 0 0 0 0 0 0 0 0 0 0 0 0 0 0 0 0 0 0 0 0 0 0 0 0 0 0 0 0 0 0 0 0 0 0 0 0 0 0 0 0 0 0 0 0 0 0 0 0 0 0 0 0 0 0 0 0 0 0 0 0 0 0 0 0 0 0 0 0 0 0 0 0 0 0 0 0 0 0 0 0 0 0 0 0 0 0 0 0 0 0 0 0 0 0 0 0 0 0 0 0 0 0 0 0 0 0 0 0 0 0 0 0 0 0 0 0 0 0 0 0 0 0 0 0 0 0 0 0 0 0 0 0 0 0 0 0 0 0 0 0 0 0 0 0 0 0 0 0 0 0 0 0 0 0 0 0 0 0 0 0 0 0 0 0 0 0 0 0 0 0 0 0 0 0 0 0 0 0 0 0 0 0 0 0 0 0 0 0 0 0 0 0 0 0 0 0 0 0 0 0 0 0 0 0 0 0 0 0 0 0 0 0 0 0 0 0 0 0 0 0 0 0 0 0 0 0 0 0 0 0 0 0 0 0 0 0 0 0 0 0 0 0 0 0 0 0 0 0 0 0 0 0 0 0 0 0 0 0 0 0 0 0 0 0 0 0 0 0 0 0 0 0 0 0 0 0 0 0 0 0 0 0 0 0 0 0 0 0 0 0 0 0 0 0 0 0 0 0 0 0 0 0 0 0 0 0 0 0 0 0 0 0 0 0 0 0 0 0 0 0 0 0 0 0 0 0 0 0 0 0 0 0 0 0 0 0 0 0 0 0 0 0 0 0 0 0 0 0 0 0 0 0 0 0 0 0 0 0 0 0 0 0 0 0 0 0 0 0 0 0 0 0 0 0 0 0 0 0 0 0 0 0 0 0 0 0 0 0 0 0 0 0 0 0 0 0 0 0 0 0 0 0 0 0 0 0 0 0 0 0 0 0 0 0 0 0 0 0 0 0 0 0 0 0 0 0 0 0 0 0 0 0 0 0 0 0 0 0 0 0 0 0 0 0 0 0 0 0 0 0 0 0 0 0 0 0 0 0 0 0 0 0 0 0 0 0 0 0 0 0 0 0 0 0 0 0 0 0 0 0 0 0 0 0 0 0 0 0 0 0 0 0 0 0 0 0 0 0 0 0 0 0 0 0 0 0 0 0 0 0 0 0 0 0 0 0 0 0 0 0 0 0 0 0 0 0 0 0 0 0 0 0 0 0 0 0 0 0 0 0 0 0 0 0 0 0 0 0 0 0 0 0 0 0 0 0 0 0 0 0 0 0 0 0 0 0 0 0 0 0 0 0 0 0 0 0 0 0 0 0 0 0 0 0 0 0 0 0 0 0 0 0 0 0 0 0 0 0 0 0 0 0 0 0 0 0 0 0 0 0 0 0 0 0 0 0 0 0 0 0 0 0 0 0 0 0 0 0 0 0 0 0 0 0 0 0 0 0 0 0 0 0 0 0 0 0 0 0 0 0 0 0 0 0 0 0 0 0 0 0 0 0 0 0 0 0 0 0 0 0 0 0 0 0 0 0 0 0 0 0 0 0 0 0 0 0 0 0 0 0 0 0 0 0 0 0 0 0 0 0 0 0 0 0 0 0
ctxt 11270509
btime 1613123985
processes 249307
procs_running 1
procs_blocked 0
softirq 100011976 1 57759133 1431 2062102 0 0 149 3030746 0 37158414
