cpu  2217886 6 10697 6949037 503 0 218 0 0 0
cpu0 17266 0 591 53690 0 0 93 0 0 0
cpu1 17318 0 55 54369 0 0 3 0 0 0
cpu2 17362 0 135 54236 1 0 0 0 0 0
cpu3 17189 0 113 54415 3 0 6 0 0 0
cpu4 17288 0 114 54319 8 0 2 0 0 0
cpu5 17322 0 63 54350 1 0 0 0 0 0
cpu6 17414 0 100 54200 8 0 0 0 0 0
cpu7 17311 0 63 54353 0 0 1 0 0 0
cpu8 17304 0 112 54305 0 0 1 0 0 0
cpu9 17314 0 64 54337 2 0 0 0 0 0
cpu10 17526 0 80 54121 0 0 0 0 0 0
cpu11 17313 0 60 54360 0 0 0 0 0 0
cpu12 17316 0 68 54340 0 0 0 0 0 0
cpu13 17312 0 68 54348 0 0 0 0 0 0
cpu14 17396 0 69 54243 2 0 1 0 0 0
cpu15 17320 0 58 54348 0 0 0 0 0 0
cpu16 17304 0 89 54332 0 0 0 0 0 0
cpu17 17319 0 63 54349 0 0 0 0 0 0
cpu18 17351 0 74 54302 0 0 0 0 0 0
cpu19 17176 0 170 54366 3 0 10 0 0 0
cpu20 17314 0 71 54339 0 0 0 0 0 0
cpu21 17318 0 58 54346 2 0 0 0 0 0
cpu22 17342 0 78 54299 1 0 0 0 0 0
cpu23 17311 0 67 54342 0 0 1 0 0 0
cpu24 17332 0 95 54298 0 0 0 0 0 0
cpu25 17304 0 63 54353 0 0 3 0 0 0
cpu26 17440 0 109 54169 0 0 0 0 0 0
cpu27 17318 0 57 54342 0 0 0 0 0 0
cpu28 17343 0 101 54299 0 0 0 0 0 0
cpu29 17319 0 54 54347 0 0 0 0 0 0
cpu30 17408 0 109 54199 0 0 0 0 0 0
cpu31 17065 0 165 54460 0 0 14 0 0 0
cpu32 17334 0 74 54307 1 0 0 0 0 0
cpu33 17322 0 64 54322 0 0 0 0 0 0
cpu34 17404 0 111 54183 1 0 2 0 0 0
cpu35 17168 0 98 54424 1 0 4 0 0 0
cpu36 17319 0 61 54341 0 0 0 0 0 0
cpu37 17254 0 78 54351 0 0 16 0 0 0
cpu38 17406 0 167 54127 7 0 0 0 0 0
cpu39 17319 0 52 54342 2 0 0 0 0 0
cpu40 17320 0 59 54336 0 0 0 0 0 0
cpu41 17310 0 58 54351 0 0 0 0 0 0
cpu42 17454 1 229 54028 5 0 0 0 0 0
cpu43 17311 0 59 54345 0 0 0 0 0 0
cpu44 17318 0 61 54333 0 0 0 0 0 0
cpu45 17314 0 62 54339 0 0 0 0 0 0
cpu46 17442 0 140 54126 5 0 0 0 0 0
cpu47 17315 0 55 54342 1 0 0 0 0 0
cpu48 17324 0 66 54320 1 0 0 0 0 0
cpu49 17317 0 56 54338 0 0 0 0 0 0
cpu50 17408 0 96 54187 16 0 0 0 0 0
cpu51 17314 0 54 54344 0 0 0 0 0 0
cpu52 17314 0 65 54330 1 0 0 0 0 0
cpu53 17315 0 60 54335 1 0 0 0 0 0
cpu54 17396 0 84 54195 27 0 0 0 0 0
cpu55 17314 0 58 54341 0 0 0 0 0 0
cpu56 17314 0 70 54327 1 0 0 0 0 0
cpu57 17314 0 55 54339 0 0 0 0 0 0
cpu58 17866 0 217 53529 88 0 0 0 0 0
cpu59 17270 0 67 54366 0 0 0 0 0 0
cpu60 17308 0 78 54320 0 0 0 0 0 0
cpu61 17319 0 59 54329 0 0 0 0 0 0
cpu62 17321 0 72 54251 60 0 0 0 0 0
cpu63 17322 0 54 54334 0 0 0 0 0 0
cpu64 17307 0 92 54306 1 0 0 0 0 0
cpu65 17314 0 58 54334 0 0 0 0 0 0
cpu66 17314 0 64 54312 10 0 0 0 0 0
cpu67 17278 0 77 54339 3 0 5 0 0 0
cpu68 17303 0 73 54325 0 0 1 0 0 0
cpu69 17313 0 51 54344 0 0 0 0 0 0
cpu70 17365 0 60 54259 9 0 0 0 0 0
cpu71 17233 0 117 54339 0 0 16 0 0 0
cpu72 17310 0 69 54325 0 0 0 0 0 0
cpu73 17311 0 50 54343 0 0 0 0 0 0
cpu74 17504 0 76 54123 0 0 0 0 0 0
cpu75 17309 0 61 54334 0 0 0 0 0 0
cpu76 17319 0 78 54286 8 0 0 0 0 0
cpu77 17316 0 58 54323 1 0 0 0 0 0
cpu78 17390 0 77 54226 7 0 0 0 0 0
cpu79 17324 0 63 54310 0 0 0 0 0 0
cpu80 17313 0 67 54307 9 0 0 0 0 0
cpu81 17317 0 51 54332 0 0 0 0 0 0
cpu82 17348 1 63 54280 3 0 0 0 0 0
cpu83 17235 0 127 54329 0 0 9 0 0 0
cpu84 17288 0 68 54340 0 0 0 0 0 0
cpu85 17322 0 56 54315 2 0 0 0 0 0
cpu86 17333 0 62 54297 5 0 0 0 0 0
cpu87 17304 0 71 54320 0 0 0 0 0 0
cpu88 17286 0 68 54340 0 0 0 0 0 0
cpu89 17318 0 61 54320 0 0 0 0 0 0
cpu90 17358 0 122 54208 2 0 1 0 0 0
cpu91 17309 0 68 54316 0 0 0 0 0 0
cpu92 17315 0 62 54316 2 0 0 0 0 0
cpu93 17319 0 61 54312 0 0 0 0 0 0
cpu94 17380 0 104 54201 2 0 0 0 0 0
cpu95 17218 0 68 54406 0 0 1 0 0 0
cpu96 17317 0 65 54315 0 0 0 0 0 0
cpu97 17321 0 61 54312 0 0 0 0 0 0
cpu98 17410 0 112 54151 2 0 2 0 0 0
cpu99 17287 0 65 54339 0 0 0 0 0 0
cpu100 17355 0 63 54275 1 0 0 0 0 0
cpu101 17316 0 56 54318 0 0 0 0 0 0
cpu102 17408 0 189 54083 1 0 2 0 0 0
cpu103 17317 0 55 54319 0 0 0 0 0 0
cpu104 17040 0 95 54542 1 0 3 0 0 0
cpu105 17317 0 59 54319 0 0 0 0 0 0
cpu106 17521 0 219 53917 21 0 0 0 0 0
cpu107 17316 0 56 54320 0 0 0 0 0 0
cpu108 17283 0 58 54349 0 0 0 0 0 0
cpu109 17318 0 60 54309 1 0 0 0 0 0
cpu110 17426 0 141 54101 19 0 0 0 0 0
cpu111 17286 0 58 54339 0 0 0 0 0 0
cpu112 17314 0 64 54310 0 0 0 0 0 0
cpu113 17320 0 60 54307 1 0 0 0 0 0
cpu114 17385 0 95 54203 4 0 0 0 0 0
cpu115 17316 0 57 54314 2 0 0 0 0 0
cpu116 17318 0 63 54304 2 0 0 0 0 0
cpu117 17316 0 52 54316 0 0 0 0 0 0
cpu118 17362 0 76 54241 6 0 0 0 0 0
cpu119 17316 0 64 54309 0 0 0 0 0 0
cpu120 17317 0 56 54311 1 0 0 0 0 0
cpu121 17320 0 54 54312 0 0 0 0 0 0
cpu122 17349 0 76 54260 1 0 0 0 0 0
cpu123 17232 0 86 54352 1 0 1 0 0 0
cpu124 17315 0 71 54296 0 0 0 0 0 0
cpu125 17320 0 50 54304 5 0 0 0 0 0
cpu126 17324 0 68 54213 70 0 0 0 0 0
cpu127 17317 0 68 54292 2 0 0 0 0 0
intr 7754364 130 0 0 0 691 0 0 0 1 0 249 0 0 0 0 0 0 0 0 0 0 0 0 0 0 0 0 0 0 0 0 0 0 0 0 260 0 5 4 1549 93 0 4 2 1 1 12 9 522 0 0 1636 0 0 0 0 7670 42 7 0 316 1 1 51 3491 18 2 533 1178 40 8 979 572 1 26307 2 7 2 0 0 0 3 82 2 0 0 2 2 0 0 0 0 5 0 3 7 914 0 0 77 22 0 0 0 1729 0 0 322 1130 0 0 12 0 0 0 2 0 0 0 0 2206 0 0 0 476 0 0 0 10 0 0 5 9 0 0 2969 1185 0 0 0 0 0 0 0 0 0 0 0 11 0 0 2 6 0 0 694 0 0 0 0 0 0 0 0 0 0 159 313 54 71 769 415 56 18 25 229 1 1 1 21 1 76 33 2 56 21 3 4 13 0 17 19 5 2 151 33 63 6 70 3 0 0 0 0 0 0 0 0 0 0 0 0 0 0 0 0 3 6 1 0 21 0 0 0 0 7 3 55 0 1 182 1086 5742 37 445 611 245 489 177 69 280 140 195 1727 1916 10123 1676 97 49 485 401 76 166 70 1100 263 15 1 4 104 74 21 21 5 37 2 1 0 0 1 9 4 36 4 2 2 1 33 3 0 0 0 0 0 0 0 0 0 0 0 0 0 0 0 0 0 0 0 0 0 0 0 0 0 0 0 0 0 0 0 0 0 0 0 0 0 0 0 0 0 0 0 0 0 0 0 0 0 0 0 0 0 0 0 0 0 0 0 0 0 0 0 0 0 0 0 0 0 0 0 0 0 0 0 0 0 0 0 0 0 0 0 0 0 0 0 0 0 0 0 0 0 0 0 0 0 0 0 0 0 0 0 0 0 0 0 0 0 0 0 0 0 0 0 0 0 0 0 0 0 0 0 0 0 0 0 0 0 0 0 0 0 0 0 0 0 0 0 0 0 0 0 0 0 0 0 0 0 0 0 0 0 0 0 0 0 0 0 0 0 0 0 0 0 0 0 0 0 0 0 0 0 0 0 0 0 0 0 0 0 0 0 0 0 0 0 0 0 0 0 0 0 0 0 0 0 0 0 0 0 0 0 0 0 0 0 0 0 0 0 0 0 0 0 0 0 0 0 0 0 0 0 0 0 0 0 0 0 0 0 0 0 0 0 0 0 0 0 0 0 0 0 0 0 0 0 0 0 0 0 0 0 0 0 0 0 0 0 0 0 0 0 0 0 0 0 0 0 0 0 0 0 0 0 0 0 0 0 0 0 0 0 0 0 0 0 0 0 0 0 0 0 0 0 0 0 0 0 0 0 0 0 0 0 0 0 0 0 0 0 0 0 0 0 0 0 0 0 0 0 0 0 0 0 0 0 0 0 0 0 0 0 0 0 0 0 0 0 0 0 0 0 0 0 0 0 0 0 0 0 0 0 0 0 0 0 0 0 0 0 0 0 0 0 0 0 0 0 0 0 0 0 0 0 0 0 0 0 0 0 0 0 0 0 0 0 0 0 0 0 0 0 0 0 0 0 0 0 0 0 0 0 0 0 0 0 0 0 0 0 0 0 0 0 0 0 0 0 0 0 0 49 3 0 0 0 0 0 0 0 0 0 0 0 0 0 0 0 0 0 0 49 0 0 0 0 0 0 0 0 0 0 0 0 0 0 0 0 0 0 0 0 0 0 0 0 0 0 0 0 0 0 0 0 0 0 0 0 0 0 0 0 0 0 0 0 0 0 0 0 0 0 0 0 0 0 0 0 0 0 0 0 0 0 0 0 0 0 0 0 0 0 0 0 0 0 15 0 0 0 0 0 0 0 0 0 0 0 0 0 0 0 0 0 0 0 0 0 0 0 0 0 0 0 0 0 0 0 0 0 0 0 0 0 0 0 0 0 0 0 0 0 0 0 0 0 0 0 0 0 0 0 0 0 0 0 0 0 0 0 0 0 0 0 0 0 0 0 0 0 0 0 0 0 0 0 0 0 0 0 0 0 0 0 0 0 0 0 0 0 0 0 0 0 0 0 0 0 0 0 0 0 0 0 0 0 0 0 0 0 0 0 0 0 0 0 0 0 0 0 0 0 0 0 0 0 0 0 0 0 0 0 0 0 0 0 0 0 0 0 0 0 0 0 0 0 0 0 0 0 0 0 0 0 0 0 0 0 0 0 0 0 0 0 0 0 0 0 0 0 0 0 0 0 0 0 0 0 0 0 0 0 0 0 0 0 0 0 0 0 0 0 0 0 0 0 0 0 0 0 0 0 0 0 0 0 0 0 0 0 0 0 0 0 0 0 0 0 0 0 0 0 0 0 0 0 0 0 0 0 0 0 0 0 0 0 0 0 0 0 0 0 0 0 0 0 0 0 0 0 0 0 0 0 0 0 0 0 0 0 0 0 0 0 0 0 0 0 0 0 0 0 0 0 0 0 0 0 0 0 0 0 0 0 0 0 0 0 0 0 0 0 0 0 0 0 0 0 0 0 0 0 0 0 0 0 0 0 0 0 0 0 0 0 0 0 0 0 0 0 0 0 0 0 0 0 0 0 0 0 0 0 0 0 0 0 0 0 0 0 0 0 0 0 0 0 0 0 0 0 0 0 0 0 0 0 0 0 0 0 0 0 0 0 0 0 0 0 0 0 0 0 0 0 0 0 0 0 0 0 0 0 0 0 0 0 0 0 0 0 0 0 0 0 0 0 0 0 0 0 0 0 0 0 0 0 0 0 0 0 0 0 0 0 0 0 0 0 0 0 0 0 0 0 0 0 0 0 0 0 0 0 0 0 0 0 0 0 0 0 0 0 0 0 0 0 0 0 0 0 0 0 0 0 0 0 0 0 0 0 0 0 0 0 0 0 0 0 0 0 0 0 0 0 0 0 0 0 0 0 0 0 0 0 0 0 0 0 0 0 0 0 0 0 0 0 0 0 0 0 0 0 0 0 0 0 0 0 0 0 0 0 0 0 0 0 0 0 0 0 0 0 0 0 0 0 0 0 0 0 0 0 0 0 0 0 0 0 0 0 0 0 0 0 0 0 0 0 0 0 0 0 0 0 0 0 0 0 0 0 0 0 0 0 0 0 0 0 0 0 0 0 0 0 0 0 0 0 0 0 0 0 0 0 0 0 0 0 0 0 0 0 0 0 0 0 0 0 0 0 0 0 0 0 0 0 0 0 0 0 0 0 0 0 0 0 0 0 0 0 0 0 0 0 0 0 0 0 0 0 0 0 0 0 0 0 0 0 0 0 0 0 0 0 0 0 0 0 0 0 0 0 0 0 0 0 0 0 0 0 0 0 0 0 0 0 0 0 0 0 0 0 0 0 0 0 0 0 0 0 0 0 0 0 0 0 0 0 0 0 0 0 0 0 0 0 0 0 0 0 0 0 0 0 0 0 0 0 0 0 0 0 0 0 0 0 0 0 0 0 0 0 0 0 0 0 0 0 0 0 0 0 0 0 0 0 0 0 0 0 0 0 0 0 0 0 0 0 0 0 0 0 0 0 0 0 0 0 0 0 0 0 0 0 0 0 0 0 0 0 0 0 0 0 0 0 0 0 0 0 0 0 0 0 0 0 0 0 0 0 0 0 0 0 0 0 0 0 0 0 0 0 0 0 0 0 0 0 0 0 0 0 0 0 0 0 0 0 0 0 0 0 0 0 0 0 0 0 0 0 0 0 0 0 0 0 0 0 0 0 0 0 0 0 0 0 0 0 0 0 0 0 0 0 0 0 0 0 0 0 0 0 0 0 0 0 0 0 0 0 0 0 0 0 0 0 0 0 0 0 0 0 0 0 0 0 0 0 0 0 0 0 0 0 0 0 0 0 0 0 0 0 0 0 0 0 0 0 0 0 0 0 0 0 0 0 0 0 0 0 0 0 0 0 0 0 0 0 0 0 0 0 0 0 0 0 0 0 0 0 0 0 0 0 0 0 0 0 0 0 0 0 0 0 0 0 0 0 0 0 0 0 0 0 0 0 0 0 0 0 0 0 0 0 0 0 0 0 0 0 0 0 0 0 0 0 0 0 0 0 0 0 0 0 0 0 0 0 0 0 0 0 0 0 0 0 0 0 0 0 0 0 0 0 0 0 0 0 0 0 0 0 0 0 0 0 0 0 0 0 0 0 0 0 0 0 0 0 0 0 0 0 0 0 0 0 0 0 0 0 0 0 0 0 0 0 0 0 0 0 0 0 0 0 0 0 0 0 0 0 0 0 0 0 0 0 0 0 0 0 0 0 0 0 0 0 0 0 0 0 0 0 0 0 0 0 0 0 0 0 0 0 0 0 0 0 0 0 0 0 0 0 0 0 0 0 0 0 0 0 0 0 0 0 0 0 0 0 0 0 0 0 0 0 0 0 0 0 0 0 0 0 0 0 0 0 0 0 0 0 0 0 0 0 0 0 0 0 0 0 0 0 0 0 0 0 0 0 0 0 0 0 0 0 0 0 0 0 0 0 0 0 0 0 0 0 0 0 0 0 0 0 0 0 0 0 0 0 0 0 0 0 0 0 0 0 0 0 0 0 0 0 0 0 0 0 0 0 0 0 0 0 0 0 0 0 0 0 0 0 0 0 0 0 0 0 0 0 0 0 0 0 0 0 0 0 0 0 0 0 0 0 0 0 0 0 0 0 0 0 0 0 0 0 0 0 0 0 0 0 0 0 0 0 0 0 0 0 0 0 0 0 0 0 0 0 0 0 0 0 0 0 0 0 0 0 0 0 0 0 0 0 0 0 0 0 0 0 0 0 0 0 0 0 0 0 0 0 0 0 0 0 0 0 0 0 0 0 0 0 0 0 0 0 0 0 0 0 0 0 0 0 0 0 0 0 0 0 0 0 0 0 0 0 0 0 0 0 0 0 0 0 0 0 0 0 0 0 0 0 0 0 0 0 0 0 0 0 0 0 0 0 0 0 0 0 0 0 0 0 0 0 0 0 0 0 0 0 0 0 0 0 0 0 0 0 0 0 0 0 0 0 0 0 0 0 0 0 0 0 0 0 0 0 0 0 0 0 0 0 0 0 0 0 0 0 0 0 0 0 0 0 0 0 0 0 0 0 0 0 0 0 0 0 0 0 0 0 0 0 0 0 0 0 0 0 0 0 0 0 0 0 0 0 0 0 0 0 0 0 0 0 0 0 0 0 0 0 0 0 0 0 0 0 0 0 0 0 0 0 0 0 0 0 0 0 0 0 0 0 0 0 0 0 0 0 0 0 0 0 0 0 0 0 0 0 0 0 0 0 0 0 0 0 0 0 0 0 0 0 0 0 0 0 0 0 0 0 0 0 0 0 0 0 0 0 0 0 0 0 0 0 0 0 0 0 0 0 0 0 0 0 0 0 0 0 0 0 0 0 0 0 0 0 0 0 0 0 0 0 0 0 0 0 0 0 0 0 0 0 0 0 0 0 0 0 0 0 0 0 0 0 0 0 0 0 0 0 0 0 0 0 0 0 0 0 0 0 0 0 0 0 0 0 0 0 0 0 0 0 0 0 0 0 0 0 0 0 0 0 0 0 0 0 0 0 0 0 0 0 0 0 0 0 0 0 0 0 0 0 0 0 0 0 0 0 0 0 0 0 0 0 0 0 0 0 0 0 0 0 0 0 0 0 0 0 0 0 0 0 0 0 0 0 0 0 0 0 0 0 0 0 0 0 0 0 0 0 0 0 0 0 0 0 0 0 0 0 0 0 0 0 0 0 0 0 0 0 0 0 0 0 0 0 0 0 0 0 0 0 0 0 0 0 0 0 0 0 0 0 0 0 0 0 0 0 0 0 0 0 0 0 0 0 0 0 0 0 0 0 0 0 0 0 0 0 0 0 0 0 0 0 0 0 0 0 0 0 0 0 0 0 0 0 0 0 0 0 0 0 0 0 0 0 0 0 0 0 0 0 0 0 0 0 0 0 0 0 0 0 0 0 0 0 0 0 0 0 0 0 0 0 0 0 0 0 0 0 0 0 0 0 0 0 0 0 0 0 0 0 0 0 0 0 0 0 0 0 0 0 0 0 0 0 0 0 0 0 0 0 0 0 0 0 0 0 0 0 0 0 0 0 0 0 0 0 0 0 0 0 0 0 0 0 0 0 0 0 0 0 0 0 0 0 0 0 0 0 0 0 0 0 0 0 0 0 0 0 0 0 0 0 0 0 0 0 0 0 0 0 0 0 0 0 0 0 0 0 0 0 0 0 0 0 0 0 0 0 0 0 0 0 0 0 0 0 0 0 0 0 0 0 0 0 0 0 0 0 0 0 0 0 0 0 0 0 0 0 0 0 0 0 0 0 0 0 0 0 0 0 0 0 0 0 0 0 0 0 0 0 0 0 0 0 0 0 0 0 0 0 0 0 0 0 0 0 0 0 0 0 0 0 0 0 0 0 0 0 0 0 0 0 0 0 0 0 0 0 0 0 0 0 0 0 0 0 0 0 0 0 0 0 0 0 0 0 0 0 0 0 0 0 0 0 0 0 0 0 0 0 0 0 0 0 0 0 0 0 0 0 0 0 0 0 0 0 0 0 0 0 0 0 0 0 0 0 0 0 0 0 0 0 0 0 0 0 0 0 0 0 0 0 0 0 0 0 0 0 0 0 0 0 0 0 0 0 0 0 0 0 0 0 0 0 0 0 0 0 0 0 0 0 0 0 0 0 0 0 0 0 0 0 0 0 0 0 0 0 0 0 0 0 0 0 0 0 0 0 0 0 0 0 0 0 0 0 0 0 0 0 0 0 0 0 0 0 0 0 0 0 0 0 0 0 0 0 0 0 0 0 0 0 0 0 0 0 0 0 0 0 0 0 0 0 0 0 0 0 0 0 0 0 0 0 0 0 0 0 0 0 0 0 0 0 0 0 0 0 0 0 0 0 0 0 0 0 0 0 0 0 0 0 0 0 0 0 0 0 0 0 0 0 0 0 0 0 0 0 0 0 0 0 0 0 0 0 0 0 0 0 0 0 0 0 0 0 0 0 0 0 0 0 0 0 0 0 0 0 0 0 0 0 0 0 0 0 0 0 0 0 0 0 0 0 0 0 0 0 0 0 0 0 0 0 0 0 0 0 0 0 0 0 0 0 0 0 0 0 0 0 0 0 0 0 0 0 0 0 0 0 0 0 0 0 0 0 0 0 0 0 0 0 0 0 0 0 0 0 0 0 0 0 0 0 0 0 0 0 0 0 0 0 0 0 0 0 0 0 0 0 0 0 0 0 0 0 0 0 0 0 0 0 0 0 0 0 0 0 0 0 0 0 0 0 0 0 0 0 0 0 0 0 0 0 0 0 0 0 0 0 0 0 0 0 0 0 0 0 0 0 0 0 0 0 0 0 0 0 0 0 0 0 0 0 0 0 0 0 0 0 0 0 0 0 0 0 0 0 0 0 0 0 0 0 0 0 0 0 0 0 0 0 0 0 0 0 0 0 0 0 0 0 0 0 0 0 0 0 0 0 0 0 0 0 0 0 0 0 0 0 0 0 0 0 0 0 0 0 0 0 0 0 0 0 0 0 0 0 0 0 0 0 0 0 0 0 0 0 0 0 0 0 0 0 0 0 0 0 0 0 0 0 0 0 0 0 0 0 0 0 0 0 0 0 0 0 0 0 0 0 0 0 0 0 0 0 0 0 0 0 0 0 0 0 0 0 0 0 0 0 0 0 0 0 0 0 0 0 0 0 0 0 0 0 0 0 0 0 0 0 0 0 0 0 0 0 0 0 0 0 0 0 0 0 0 0 0 0 0 0 0 0 0 0 0 0 0 0 0 0 0 0 0 0 0 0 0 0 0 0 0 0 0 0 0 0 0 0 0 0 0 0 0 0 0 0 0 0 0 0 0 0 0 0 0 0 0 0 0 0 0 0 0 0 0 0 0 0 0 0 0 0 0 0 0 0 0 0 0 0 0 0 0 0 0 0 0 0 0 0 0 0 0 0 0 0 0 0 0 0 0 0 0 0 0 0 0 0 0 0 0 0 0 0 0 0 0 0 0 0 0 0 0 0 0 0 0 0 0 0 0 0 0 0 0 0 0 0 0 0 0 0 0 0 0 0 0 0 0 0 0 0 0 0 0 0 0 0 0 0 0 0 0 0 0 0 0 0 0 0 0 0 0 0 0 0 0 0 0 0 0 0 0 0 0 0 0 0 0 0 0 0 0 0 0 0 0 0 0 0 0 0 0 0 0 0 0 0 0 0 0 0 0 0 0 0 0 0 0 0 0 0 0 0 0 0 0 0 0 0 0 0 0 0 0 0 0 0 0 0 0 0 0 0 0 0 0 0 0 0 0 0 0 0 0 0 0 0 0 0 0 0 0 0 0 0 0 0 0 0 0 0 0 0 0 0 0 0 0 0 0 0 0 0 0 0 0 0 0 0 0 0 0 0 0 0 0 0 0 0 0 0 0 0 0 0 0 0 0 0 0 0 0 0 0 0 0 0 0 0 0 0 0 0 0 0 0 0 0 0 0 0 0 0 0 0 0 0 0 0 0 0 0 0 0 0 0 0 0 0 0 0 0 0 0 0 0 0 0 0 0 0 0 0 0 0 0 0 0 0 0 0 0 0 0 0 0 0 0 0 0 0 0 0 0 0 0 0 0 0 0 0 0 0 0 0 0 0 0 0 0 0 0 0 0 0 0 0 0 0 0 0 0 0 0 0 0 0 0 0 0 0 0 0 0 0 0 0 0 0 0 0 0 0 0 0 0 0 0 0 0 0 0 0 0 0 0 0 0 0 0 0 0 0 0 0 0 0 0 0 0 0 0 0 0 0 0 0 0 0 0 0 0 0 0 0 0 0 0 0 0 0 0 0 0 0 0 0 0 0 0 0 0 0 0 0 0 0 0 0 0 0 0 0 0 0 0 0 0 0 0 0 0 0 0 0 0 0 0 0 0 0 0 0 0 0 0 0 0 0 0 0 0 0 0 0 0 0 0 0 0 0 0 0 0 0 0 0 0 0 0 0 0 0 0 0 0 0 0 0 0 0 0 0 0 0 0 0 0 0 0 0 0 0 0 0 0 0 0 0 0 0 0 0 0 0 0 0 0 0 0 0 0 0 0 0 0 0 0 0 0 0 0 0 0 0 0 0 0 0 0 0 0 0 0 0 0 0 0 0 0 0 0 0 0 0 0 0 0 0 0 0 0 0 0 0 0 0 0 0 0 0 0 0 0 0 0 0 0 0 0 0 0 0 0 0 0 0 0 0 0 0 0 0 0 0 0 0 0 0 0 0 0 0 0 0 0 0 0 0 0 0 0 0 0 0 0 0 0 0 0 0 0 0 0 0 0 0 0 0 0 0 0 0 0 0 0 0 0 0 0 0 0 0 0 0 0 0 0 0 0 0 0 0 0 0 0 0 0 0 0 0 0 0 0 0 0 0 0 0 0 0 0 0 0 0 0 0 0 0 0 0 0 0 0 0 0 0 0 0 0 0 0 0 0 0 0 0 0 0 0 0 0 0 0 0 0 0 0 0 0 0 0 0 0 0 0 0 0 0 0 0 0 0 0 0 0 0 0 0 0 0 0 0 0 0 0 0 0 0 0 0 0 0 0 0 0 0 0 0 0 0 0 0 0 0 0 0 0 0 0 0 0 0 0 0 0 0 0 0 0 0 0 0 0 0 0 0 0 0 0 0 0 0 0 0 0 0 0 0 0 0 0 0 0 0 0 0 0 0 0 0 0 0 0 0 0 0 0 0 0 0 0 0 0 0 0 0 0 0 0 0 0 0 0 0 0 0 0 0 0 0 0 0 0 0 0 0 0 0 0 0 0 0 0 0 0 0 0 0 0 0 0 0 0 0 0 0 0 0 0 0 0 0 0 0 0 0 0 0 0 0 0 0 0 0 0 0 0 0 0 0 0 0 0 0 0 0 0 0 0 0 0 0 0 0 0 0 0 0 0 0 0 0 0 0 0 0 0 0 0 0 0 0 0 0 0 0 0 0 0 0 0 0 0 0 0 0 0 0 0 0 0 0 0 0 0 0 0 0
ctxt 1220463
btime 1613122782
processes 27472
procs_running 1
procs_blocked 0
softirq 8055316 1 4705346 823 209307 0 0 167 420551 0 2719121
