cpu  34457920 7 44261 28146422 516 0 3260 0 0 0
cpu0 268024 0 1549 219278 0 0 250 0 0 0
cpu1 269094 0 315 220038 1 0 36 0 0 0
cpu2 268488 0 906 220014 0 0 44 0 0 0
cpu3 268184 0 976 220227 7 0 50 0 0 0
cpu4 268992 0 581 219889 1 0 42 0 0 0
cpu5 269284 0 156 220011 0 0 47 0 0 0
cpu6 268888 0 702 219854 0 0 26 0 0 0
cpu7 268594 0 725 220087 0 0 61 0 0 0
cpu8 269148 0 446 219869 0 0 35 0 0 0
cpu9 269386 0 130 219983 1 0 6 0 0 0
cpu10 268780 0 935 219699 0 0 85 0 0 0
cpu11 269054 0 407 220003 0 0 36 0 0 0
cpu12 268643 0 636 220122 0 0 70 0 0 0
cpu13 269305 0 191 219986 0 0 16 0 0 0
cpu14 268734 0 827 219878 0 0 59 0 0 0
cpu15 269168 0 361 219936 0 0 30 0 0 0
cpu16 269414 0 237 219839 0 0 8 0 0 0
cpu17 269209 0 135 220140 0 0 7 0 0 0
cpu18 268519 0 1038 219860 0 0 84 0 0 0
cpu19 269183 0 324 219964 2 0 22 0 0 0
cpu20 269481 0 172 219849 0 0 3 0 0 0
cpu21 269399 0 132 219967 0 0 10 0 0 0
cpu22 268958 0 609 219865 0 0 63 0 0 0
cpu23 269140 2 477 219852 0 0 24 0 0 0
cpu24 269428 0 270 219787 0 0 12 0 0 0
cpu25 269254 0 174 220058 1 0 8 0 0 0
cpu26 268678 0 728 219962 0 0 90 0 0 0
cpu27 268961 0 517 219911 0 0 56 0 0 0
cpu28 269529 0 277 219607 0 0 4 0 0 0
cpu29 269300 0 227 219950 0 0 10 0 0 0
cpu30 269254 0 361 219870 0 0 14 0 0 0
cpu31 269133 0 416 219896 1 0 27 0 0 0
cpu32 269170 0 292 219998 0 0 34 0 0 0
cpu33 269219 0 165 219888 0 0 168 0 0 0
cpu34 269088 0 483 219877 0 0 52 0 0 0
cpu35 269192 0 561 219684 3 0 43 0 0 0
cpu36 269401 0 241 219836 0 0 2 0 0 0
cpu37 269359 0 128 219995 0 0 7 0 0 0
cpu38 269054 0 536 219868 0 0 36 0 0 0
cpu39 269297 0 516 219644 6 0 26 0 0 0
cpu40 269552 0 147 219778 0 0 8 0 0 0
cpu41 269366 0 158 219962 1 0 9 0 0 0
cpu42 269164 0 427 219866 0 0 32 0 0 0
cpu43 269120 0 497 219783 28 0 41 0 0 0
cpu44 267512 0 411 221487 0 0 39 0 0 0
cpu45 269334 0 172 219966 1 0 10 0 0 0
cpu46 269035 0 513 219903 3 0 29 0 0 0
cpu47 269088 0 666 219624 2 0 56 0 0 0
cpu48 269531 0 142 219815 0 0 3 0 0 0
cpu49 269334 0 170 219958 0 0 18 0 0 0
cpu50 269128 0 489 219832 1 0 40 0 0 0
cpu51 269625 0 352 219473 2 0 21 0 0 0
cpu52 269444 0 150 219893 0 0 3 0 0 0
cpu53 269303 0 161 220008 2 0 7 0 0 0
cpu54 269316 0 283 219868 0 0 15 0 0 0
cpu55 269093 0 339 220022 5 0 14 0 0 0
cpu56 269422 0 196 219855 0 0 17 0 0 0
cpu57 269312 0 143 220016 0 0 8 0 0 0
cpu58 269084 0 500 219860 3 0 45 0 0 0
cpu59 269041 0 311 220019 77 0 19 0 0 0
cpu60 269212 0 369 219863 2 0 40 0 0 0
cpu61 269375 0 140 219961 0 0 10 0 0 0
cpu62 269305 0 287 219873 0 0 20 0 0 0
cpu63 269299 0 317 219839 0 0 17 0 0 0
cpu64 268662 0 864 219834 1 0 120 0 0 0
cpu65 269060 0 201 220168 0 0 19 0 0 0
cpu66 268642 0 689 220108 3 0 29 0 0 0
cpu67 269131 0 417 219812 88 0 14 0 0 0
cpu68 269154 0 278 220017 0 0 8 0 0 0
cpu69 269270 0 153 220045 1 0 5 0 0 0
cpu70 269054 0 548 219861 0 0 18 0 0 0
cpu71 269307 0 339 219783 31 0 10 0 0 0
cpu72 269418 0 253 219801 0 0 8 0 0 0
cpu73 269296 0 92 220087 0 0 3 0 0 0
cpu74 269066 0 585 219804 0 0 34 0 0 0
cpu75 269154 0 373 219900 2 0 22 0 0 0
cpu76 269196 0 197 220063 0 0 8 0 0 0
cpu77 269332 0 166 219969 1 0 8 0 0 0
cpu78 269065 0 535 219842 0 0 27 0 0 0
cpu79 269216 0 256 219964 4 0 11 0 0 0
cpu80 269469 0 150 219858 1 0 2 0 0 0
cpu81 269368 0 101 219995 0 0 4 0 0 0
cpu82 268872 0 593 219952 0 0 43 0 0 0
cpu83 269186 0 282 219972 1 0 25 0 0 0
cpu84 269541 0 133 219795 0 0 1 0 0 0
cpu85 269257 0 133 220074 0 0 6 0 0 0
cpu86 269319 0 322 219807 1 0 22 0 0 0
cpu87 269050 1 443 219921 4 0 46 0 0 0
cpu88 269261 0 364 219826 0 0 22 0 0 0
cpu89 269359 0 119 219988 0 0 7 0 0 0
cpu90 268907 0 483 220048 0 0 25 0 0 0
cpu91 268894 0 377 220132 1 0 29 0 0 0
cpu92 269513 0 157 219794 1 0 1 0 0 0
cpu93 269311 0 122 220024 0 0 6 0 0 0
cpu94 269108 0 250 220102 0 0 8 0 0 0
cpu95 269202 0 299 219934 1 0 10 0 0 0
cpu96 269552 0 131 219782 5 0 3 0 0 0
cpu97 269362 0 127 219975 0 0 2 0 0 0
cpu98 269368 0 233 219849 0 0 14 0 0 0
cpu99 269330 2 382 219748 2 0 17 0 0 0
cpu100 269593 0 102 219778 0 0 0 0 0 0
cpu101 269258 0 147 220054 1 0 5 0 0 0
cpu102 269334 0 251 219873 0 0 11 0 0 0
cpu103 269503 0 387 219567 5 0 6 0 0 0
cpu104 269460 0 112 219887 0 0 0 0 0 0
cpu105 269358 0 131 219966 1 0 8 0 0 0
cpu106 268918 0 326 220184 0 0 14 0 0 0
cpu107 269360 0 474 219576 8 0 46 0 0 0
cpu108 269505 0 140 219804 7 0 2 0 0 0
cpu109 269366 0 126 219958 1 0 10 0 0 0
cpu110 269348 0 216 219885 0 0 13 0 0 0
cpu111 270325 0 808 218219 1 0 77 0 0 0
cpu112 269543 0 141 219778 0 0 4 0 0 0
cpu113 269282 0 126 220036 0 0 11 0 0 0
cpu114 269217 0 352 219857 11 0 26 0 0 0
cpu115 269908 0 428 219021 70 0 9 0 0 0
cpu116 269378 0 181 219896 1 0 5 0 0 0
cpu117 269370 0 125 219948 0 0 7 0 0 0
cpu118 269392 0 164 219891 0 0 2 0 0 0
cpu119 268876 0 396 220130 4 0 41 0 0 0
cpu120 269538 0 138 219785 0 0 3 0 0 0
cpu121 269375 0 116 219968 2 0 3 0 0 0
cpu122 269255 0 338 219851 0 0 14 0 0 0
cpu123 269418 0 254 219722 54 0 6 0 0 0
cpu124 269315 0 191 219940 2 0 13 0 0 0
cpu125 269403 0 128 219923 0 0 1 0 0 0
cpu126 269430 0 185 219833 1 0 3 0 0 0
cpu127 269206 0 383 219836 1 0 14 0 0 0
intr 96934281 130 0 0 0 683 0 0 0 1 0 285 0 0 0 0 0 0 0 0 0 0 0 0 0 0 0 0 0 0 0 0 0 0 0 0 260 0 96 847 859 9811 272 9474 2539 5733 0 173 97 5031 63 426 4793 6870 3 310 20 2699 17 452 0 3704 0 432 651 1911 876 301 6 2685 3 52727 148 9945 9 346 13 1696 170 569 1098 7390 364 447 6 6433 4 808 5 2575 2 491 0 1631 0 279 745 5227 0 462 3031 2315 8 632 2963 5981 735 331 466 5805 0 57 2 4775 163 556 5 2890 0 200 0 3459 47 375 1 5458 0 321 140 2942 0 272 0 2163 0 358 0 3623 0 405 0 497 0 343 1693 1211 0 445 0 5014 14 424 0 810 0 308 6 0 0 0 0 0 0 0 0 0 0 163 162 1 62 4 80 206 18 155 1 3 0 9 0 6 0 10 143 11 3 764 21 128 2 84 141 81 17 118 62 16 30 70 0 0 0 0 0 0 0 0 0 0 0 0 0 0 0 0 0 71 10 93 26 97 34 24 1 54 3 44 0 6 26 6 136 39 19 7 19 35 76 0 0 8 0 105 25 0 83 0 1 1 0 6 385 0 0 37 6297 5200 120 325 471 760 292 206 204 207 698 166 199 393 3008 71 113 222 580 60 9906 117 546 76 0 0 0 0 0 0 0 0 0 0 0 0 0 0 0 0 0 0 0 0 0 0 0 0 0 0 0 0 0 0 0 0 0 0 0 0 0 0 0 0 0 0 0 0 0 0 0 0 0 0 0 0 0 0 0 0 0 0 0 0 0 0 0 0 0 0 0 0 0 0 0 0 0 0 0 0 0 0 0 0 0 0 0 0 0 0 0 0 0 0 0 0 0 0 0 0 0 0 0 0 0 0 0 0 0 0 0 0 0 0 0 0 0 0 0 0 0 0 0 0 0 0 0 0 0 0 0 0 0 0 0 0 0 0 0 0 0 0 0 0 0 0 0 0 0 0 0 0 0 0 0 0 0 0 0 0 0 0 0 0 0 0 0 0 0 0 0 0 0 0 0 0 0 0 0 0 0 0 0 0 0 0 0 0 0 0 0 0 0 0 0 0 0 0 0 0 0 0 0 0 0 0 0 0 0 0 0 0 0 0 0 0 0 0 0 0 0 0 0 0 0 0 0 0 0 0 0 0 0 0 0 0 0 0 0 0 0 0 0 0 0 0 0 0 0 0 0 0 0 0 0 0 0 0 0 0 0 0 0 0 0 0 0 0 0 0 0 0 0 0 0 0 0 0 0 0 0 0 0 0 0 0 0 0 0 0 0 0 0 0 0 0 0 0 0 0 0 0 0 0 0 0 0 0 0 0 0 0 0 0 0 0 0 0 0 0 0 0 0 0 0 0 0 0 0 0 0 0 0 0 0 0 0 0 0 0 0 0 0 0 0 0 0 0 0 0 0 0 0 0 0 0 0 0 0 0 0 0 0 0 0 0 0 0 0 0 0 0 0 0 0 0 0 0 0 0 0 0 0 0 0 0 0 0 0 0 0 0 0 0 0 0 0 0 0 0 0 0 0 0 0 0 0 0 0 0 0 0 0 0 0 0 0 0 0 0 0 0 0 0 0 0 0 4 0 0 0 0 0 0 0 47 0 0 48 0 0 0 0 0 0 0 0 0 0 0 0 1 0 0 0 0 0 0 0 0 0 0 0 0 0 0 0 0 0 0 0 0 0 0 0 0 0 0 0 0 0 0 0 0 0 0 0 0 0 0 0 0 0 0 0 0 0 0 0 0 0 0 0 0 0 0 0 0 0 0 0 0 0 0 0 0 0 0 0 0 0 20 0 0 0 0 0 0 0 0 0 0 0 0 0 0 0 0 0 0 0 0 0 0 0 0 0 0 0 0 0 0 0 0 0 0 0 0 0 0 0 0 0 0 0 0 0 0 0 0 0 0 0 0 0 0 0 0 0 0 0 0 0 0 0 0 0 0 0 0 0 0 0 0 0 0 0 0 0 0 0 0 0 0 0 0 0 0 0 0 0 0 0 0 0 0 0 0 0 0 0 0 0 0 0 0 0 0 0 0 0 0 0 0 0 0 0 0 0 0 0 0 0 0 0 0 0 0 0 0 0 0 0 0 0 0 0 0 0 0 0 0 0 0 0 0 0 0 0 0 0 0 0 0 0 0 0 0 0 0 0 0 0 0 0 0 0 0 0 0 0 0 0 0 0 0 0 0 0 0 0 0 0 0 0 0 0 0 0 0 0 0 0 0 0 0 0 0 0 0 0 0 0 0 0 0 0 0 0 0 0 0 0 0 0 0 0 0 0 0 0 0 0 0 0 0 0 0 0 0 0 0 0 0 0 0 0 0 0 0 0 0 0 0 0 0 0 0 0 0 0 0 0 0 0 0 0 0 0 0 0 0 0 0 0 0 0 0 0 0 0 0 0 0 0 0 0 0 0 0 0 0 0 0 0 0 0 0 0 0 0 0 0 0 0 0 0 0 0 0 0 0 0 0 0 0 0 0 0 0 0 0 0 0 0 0 0 0 0 0 0 0 0 0 0 0 0 0 0 0 0 0 0 0 0 0 0 0 0 0 0 0 0 0 0 0 0 0 0 0 0 0 0 0 0 0 0 0 0 0 0 0 0 0 0 0 0 0 0 0 0 0 0 0 0 0 0 0 0 0 0 0 0 0 0 0 0 0 0 0 0 0 0 0 0 0 0 0 0 0 0 0 0 0 0 0 0 0 0 0 0 0 0 0 0 0 0 0 0 0 0 0 0 0 0 0 0 0 0 0 0 0 0 0 0 0 0 0 0 0 0 0 0 0 0 0 0 0 0 0 0 0 0 0 0 0 0 0 0 0 0 0 0 0 0 0 0 0 0 0 0 0 0 0 0 0 0 0 0 0 0 0 0 0 0 0 0 0 0 0 0 0 0 0 0 0 0 0 0 0 0 0 0 0 0 0 0 0 0 0 0 0 0 0 0 0 0 0 0 0 0 0 0 0 0 0 0 0 0 0 0 0 0 0 0 0 0 0 0 0 0 0 0 0 0 0 0 0 0 0 0 0 0 0 0 0 0 0 0 0 0 0 0 0 0 0 0 0 0 0 0 0 0 0 0 0 0 0 0 0 0 0 0 0 0 0 0 0 0 0 0 0 0 0 0 0 0 0 0 0 0 0 0 0 0 0 0 0 0 0 0 0 0 0 0 0 0 0 0 0 0 0 0 0 0 0 0 0 0 0 0 0 0 0 0 0 0 0 0 0 0 0 0 0 0 0 0 0 0 0 0 0 0 0 0 0 0 0 0 0 0 0 0 0 0 0 0 0 0 0 0 0 0 0 0 0 0 0 0 0 0 0 0 0 0 0 0 0 0 0 0 0 0 0 0 0 0 0 0 0 0 0 0 0 0 0 0 0 0 0 0 0 0 0 0 0 0 0 0 0 0 0 0 0 0 0 0 0 0 0 0 0 0 0 0 0 0 0 0 0 0 0 0 0 0 0 0 0 0 0 0 0 0 0 0 0 0 0 0 0 0 0 0 0 0 0 0 0 0 0 0 0 0 0 0 0 0 0 0 0 0 0 0 0 0 0 0 0 0 0 0 0 0 0 0 0 0 0 0 0 0 0 0 0 0 0 0 0 0 0 0 0 0 0 0 0 0 0 0 0 0 0 0 0 0 0 0 0 0 0 0 0 0 0 0 0 0 0 0 0 0 0 0 0 0 0 0 0 0 0 0 0 0 0 0 0 0 0 0 0 0 0 0 0 0 0 0 0 0 0 0 0 0 0 0 0 0 0 0 0 0 0 0 0 0 0 0 0 0 0 0 0 0 0 0 0 0 0 0 0 0 0 0 0 0 0 0 0 0 0 0 0 0 0 0 0 0 0 0 0 0 0 0 0 0 0 0 0 0 0 0 0 0 0 0 0 0 0 0 0 0 0 0 0 0 0 0 0 0 0 0 0 0 0 0 0 0 0 0 0 0 0 0 0 0 0 0 0 0 0 0 0 0 0 0 0 0 0 0 0 0 0 0 0 0 0 0 0 0 0 0 0 0 0 0 0 0 0 0 0 0 0 0 0 0 0 0 0 0 0 0 0 0 0 0 0 0 0 0 0 0 0 0 0 0 0 0 0 0 0 0 0 0 0 0 0 0 0 0 0 0 0 0 0 0 0 0 0 0 0 0 0 0 0 0 0 0 0 0 0 0 0 0 0 0 0 0 0 0 0 0 0 0 0 0 0 0 0 0 0 0 0 0 0 0 0 0 0 0 0 0 0 0 0 0 0 0 0 0 0 0 0 0 0 0 0 0 0 0 0 0 0 0 0 0 0 0 0 0 0 0 0 0 0 0 0 0 0 0 0 0 0 0 0 0 0 0 0 0 0 0 0 0 0 0 0 0 0 0 0 0 0 0 0 0 0 0 0 0 0 0 0 0 0 0 0 0 0 0 0 0 0 0 0 0 0 0 0 0 0 0 0 0 0 0 0 0 0 0 0 0 0 0 0 0 0 0 0 0 0 0 0 0 0 0 0 0 0 0 0 0 0 0 0 0 0 0 0 0 0 0 0 0 0 0 0 0 0 0 0 0 0 0 0 0 0 0 0 0 0 0 0 0 0 0 0 0 0 0 0 0 0 0 0 0 0 0 0 0 0 0 0 0 0 0 0 0 0 0 0 0 0 0 0 0 0 0 0 0 0 0 0 0 0 0 0 0 0 0 0 0 0 0 0 0 0 0 0 0 0 0 0 0 0 0 0 0 0 0 0 0 0 0 0 0 0 0 0 0 0 0 0 0 0 0 0 0 0 0 0 0 0 0 0 0 0 0 0 0 0 0 0 0 0 0 0 0 0 0 0 0 0 0 0 0 0 0 0 0 0 0 0 0 0 0 0 0 0 0 0 0 0 0 0 0 0 0 0 0 0 0 0 0 0 0 0 0 0 0 0 0 0 0 0 0 0 0 0 0 0 0 0 0 0 0 0 0 0 0 0 0 0 0 0 0 0 0 0 0 0 0 0 0 0 0 0 0 0 0 0 0 0 0 0 0 0 0 0 0 0 0 0 0 0 0 0 0 0 0 0 0 0 0 0 0 0 0 0 0 0 0 0 0 0 0 0 0 0 0 0 0 0 0 0 0 0 0 0 0 0 0 0 0 0 0 0 0 0 0 0 0 0 0 0 0 0 0 0 0 0 0 0 0 0 0 0 0 0 0 0 0 0 0 0 0 0 0 0 0 0 0 0 0 0 0 0 0 0 0 0 0 0 0 0 0 0 0 0 0 0 0 0 0 0 0 0 0 0 0 0 0 0 0 0 0 0 0 0 0 0 0 0 0 0 0 0 0 0 0 0 0 0 0 0 0 0 0 0 0 0 0 0 0 0 0 0 0 0 0 0 0 0 0 0 0 0 0 0 0 0 0 0 0 0 0 0 0 0 0 0 0 0 0 0 0 0 0 0 0 0 0 0 0 0 0 0 0 0 0 0 0 0 0 0 0 0 0 0 0 0 0 0 0 0 0 0 0 0 0 0 0 0 0 0 0 0 0 0 0 0 0 0 0 0 0 0 0 0 0 0 0 0 0 0 0 0 0 0 0 0 0 0 0 0 0 0 0 0 0 0 0 0 0 0 0 0 0 0 0 0 0 0 0 0 0 0 0 0 0 0 0 0 0 0 0 0 0 0 0 0 0 0 0 0 0 0 0 0 0 0 0 0 0 0 0 0 0 0 0 0 0 0 0 0 0 0 0 0 0 0 0 0 0 0 0 0 0 0 0 0 0 0 0 0 0 0 0 0 0 0 0 0 0 0 0 0 0 0 0 0 0 0 0 0 0 0 0 0 0 0 0 0 0 0 0 0 0 0 0 0 0 0 0 0 0 0 0 0 0 0 0 0 0 0 0 0 0 0 0 0 0 0 0 0 0 0 0 0 0 0 0 0 0 0 0 0 0 0 0 0 0 0 0 0 0 0 0 0 0 0 0 0 0 0 0 0 0 0 0 0 0 0 0 0 0 0 0 0 0 0 0 0 0 0 0 0 0 0 0 0 0 0 0 0 0 0 0 0 0 0 0 0 0 0 0 0 0 0 0 0 0 0 0 0 0 0 0 0 0 0 0 0 0 0 0 0 0 0 0 0 0 0 0 0 0 0 0 0 0 0 0 0 0 0 0 0 0 0 0 0 0 0 0 0 0 0 0 0 0 0 0 0 0 0 0 0 0 0 0 0 0 0 0 0 0 0 0 0 0 0 0 0 0 0 0 0 0 0 0 0 0 0 0 0 0 0 0 0 0 0 0 0 0 0 0 0 0 0 0 0 0 0 0 0 0 0 0 0 0 0 0 0 0 0 0 0 0 0 0 0 0 0 0 0 0 0 0 0 0 0 0 0 0 0 0 0 0 0 0 0 0 0 0 0 0 0 0 0 0 0 0 0 0 0 0 0 0 0 0 0 0 0 0 0 0 0 0 0 0 0 0 0 0 0 0 0 0 0 0 0 0 0 0 0 0 0 0 0 0 0 0 0 0 0 0 0 0 0 0 0 0 0 0 0 0 0 0 0 0 0 0 0 0 0 0 0 0 0 0 0 0 0 0 0 0 0 0 0 0 0 0 0 0 0 0 0 0 0 0 0 0 0 0 0 0 0 0 0 0 0 0 0 0 0 0 0 0 0 0 0 0 0 0 0 0 0 0 0 0 0 0 0 0 0 0 0 0 0 0 0 0 0 0 0 0 0 0 0 0 0 0 0 0 0 0 0 0 0 0 0 0 0 0 0 0 0 0 0 0 0 0 0 0 0 0 0 0 0 0 0 0 0 0 0 0 0 0 0 0 0 0 0 0 0 0 0 0 0 0 0 0 0 0 0 0 0 0 0 0 0 0 0 0 0 0 0 0 0 0 0 0 0 0 0 0 0 0 0 0 0 0 0 0 0 0 0 0 0 0 0 0 0 0 0 0 0 0 0 0 0 0 0 0 0 0 0 0 0 0 0 0 0 0 0 0 0 0 0 0 0 0 0 0 0 0 0 0 0 0 0 0 0 0 0 0 0 0 0 0 0 0 0 0 0 0 0 0 0 0 0 0 0 0 0 0 0 0 0 0 0 0 0 0 0 0 0 0 0 0 0 0 0 0 0 0 0 0 0 0 0 0 0 0 0 0 0 0 0 0 0 0 0 0 0 0 0 0 0 0 0 0 0 0 0 0 0 0 0 0 0 0 0 0 0 0 0 0 0 0 0 0 0 0 0 0 0 0 0 0 0 0 0 0 0 0 0 0 0 0 0 0 0 0 0 0 0 0 0 0 0 0 0 0 0 0 0 0 0 0 0 0 0 0 0 0 0 0 0 0 0 0 0 0 0 0 0 0 0 0 0 0 0 0 0 0 0 0 0 0 0 0 0 0 0 0 0 0 0 0 0 0 0 0 0 0 0 0 0 0 0 0 0 0 0 0 0 0 0 0 0 0 0 0 0 0 0 0 0 0 0 0 0 0 0 0 0 0 0 0 0 0 0 0 0 0 0 0 0 0 0 0 0 0 0 0 0 0 0 0 0 0 0 0 0 0 0 0 0 0 0 0 0 0 0 0 0 0 0 0 0 0 0 0 0 0 0 0 0 0 0 0 0 0 0 0 0 0 0 0 0 0 0 0 0 0 0 0 0 0 0 0 0 0 0 0 0 0 0 0 0 0 0 0 0 0 0 0 0 0 0 0 0 0 0 0 0 0 0 0 0 0 0 0 0 0 0 0 0 0 0 0 0 0 0 0 0 0 0 0 0 0 0 0 0 0 0 0 0 0 0 0 0 0 0 0 0 0 0 0 0 0 0 0 0 0 0 0 0 0 0 0 0 0 0 0 0 0 0 0 0 0 0 0 0 0 0 0 0 0 0 0 0 0 0 0 0 0 0 0 0 0 0 0 0 0 0 0 0 0 0 0 0 0 0 0 0 0 0 0 0 0 0 0 0 0 0 0 0 0 0 0 0 0 0 0 0 0 0 0 0 0 0 0 0 0 0 0 0 0 0 0 0 0 0 0 0 0 0 0 0 0 0 0 0 0 0 0 0 0 0 0 0 0 0 0 0 0 0 0 0 0 0 0 0 0 0 0 0 0 0 0 0 0 0 0 0 0 0 0 0 0 0 0 0 0 0 0 0 0 0 0 0 0 0 0 0 0 0 0 0 0 0 0 0 0 0 0 0 0 0 0 0 0 0 0 0 0 0 0 0 0 0 0 0 0 0 0 0 0 0 0 0 0 0 0 0 0 0 0 0 0 0 0 0 0 0 0 0 0 0 0 0 0 0 0 0 0 0 0 0 0 0 0 0 0 0 0 0 0 0 0 0 0 0 0 0 0 0 0 0 0 0 0 0 0 0 0 0 0 0 0 0 0 0 0 0 0 0 0 0 0 0 0 0 0 0 0 0 0 0 0 0 0 0 0 0 0 0 0 0 0 0 0 0 0 0 0 0 0 0 0 0 0 0 0 0 0 0 0 0 0 0 0 0 0 0 0 0 0 0 0 0 0 0 0 0 0 0 0 0 0 0 0 0 0 0 0 0 0 0 0 0 0 0 0 0 0 0 0 0 0 0 0 0 0 0 0 0 0 0 0 0 0 0 0 0 0 0 0 0 0 0 0 0 0 0 0 0 0 0 0 0 0 0 0 0 0 0 0 0 0 0 0 0 0 0 0 0 0 0 0 0 0 0 0 0 0 0 0 0 0 0 0 0 0 0 0 0 0 0 0 0 0 0 0 0 0 0 0 0 0 0 0 0 0 0 0 0 0 0 0 0 0 0 0 0 0 0 0 0 0 0 0 0 0 0 0 0 0 0 0 0 0 0 0 0 0 0 0 0 0 0 0 0 0 0 0 0 0 0 0 0 0 0 0 0 0 0 0 0 0 0 0 0 0 0 0 0 0 0 0 0 0 0 0 0 0 0 0 0 0 0 0 0 0 0 0 0 0 0 0 0 0 0 0 0 0 0 0 0 0 0 0 0 0 0 0 0 0 0 0 0 0 0 0 0 0 0 0 0 0 0 0 0 0 0 0 0 0 0 0 0 0 0 0 0 0 0 0 0 0 0 0 0 0 0 0 0 0 0 0 0 0 0 0 0 0 0 0 0 0 0 0 0 0 0 0 0 0 0 0 0 0 0 0 0 0 0 0 0 0 0 0 0 0 0 0 0 0 0 0 0 0 0 0 0 0 0 0 0 0 0 0 0 0 0 0 0 0 0 0 0 0 0 0 0 0 0 0 0 0 0 0 0 0 0 0 0 0 0 0 0 0 0 0 0 0 0 0 0 0 0 0 0 0 0 0 0 0 0 0 0 0 0 0 0 0 0 0 0 0 0 0 0 0 0 0 0 0 0 0 0 0 0 0 0 0 0 0 0 0 0 0 0 0 0 0 0 0 0 0 0 0 0 0 0 0 0 0 0 0 0 0 0 0 0 0 0 0 0 0 0 0 0 0 0 0 0 0 0 0 0 0 0 0 0 0 0 0 0 0 0 0 0 0 0 0 0 0 0 0 0 0 0 0 0 0 0 0 0 0 0 0 0 0 0 0 0 0 0 0 0 0 0 0 0 0 0 0 0 0 0 0 0 0 0 0 0 0 0 0 0 0 0 0 0 0 0 0 0 0 0 0 0 0 0 0 0 0 0 0 0 0 0 0 0 0 0 0 0 0 0 0 0 0 0 0 0 0 0 0 0 0 0 0 0 0 0 0 0 0 0 0 0 0 0 0 0 0 0 0 0 0 0 0 0 0 0 0 0 0 0 0 0 0 0 0 0 0 0 0 0 0 0 0 0 0 0 0 0 0 0 0 0 0 0 0 0 0 0 0 0 0 0 0 0 0 0 0 0 0 0 0 0 0 0 0 0 0 0 0 0 0 0 0 0 0 0 0 0 0 0 0 0 0 0 0 0 0 0 0 0 0 0 0 0 0 0 0 0 0 0 0 0 0 0 0 0 0 0 0 0 0 0 0 0 0 0 0 0 0 0 0 0 0
ctxt 6405841
btime 1613064757
processes 139445
procs_running 1
procs_blocked 0
softirq 104461308 1 63226203 1744 1204844 0 0 176 3348202 0 36680138
