cpu  37927522 8 60760 4627027 180 0 5370 0 0 0
cpu0 591435 0 2315 71828 0 0 379 0 0 0
cpu1 592032 0 1382 72385 9 0 172 0 0 0
cpu2 592114 0 1906 71788 1 0 160 0 0 0
cpu3 591927 0 1282 72568 4 0 180 0 0 0
cpu4 592440 0 1633 71680 8 0 114 0 0 0
cpu5 593011 0 367 72557 4 0 25 0 0 0
cpu6 591935 0 1367 72502 1 0 150 0 0 0
cpu7 592295 0 1063 72452 2 0 154 0 0 0
cpu8 591773 0 1643 72471 0 0 68 0 0 0
cpu9 592955 0 453 72500 3 0 56 0 0 0
cpu10 592321 0 1344 72184 3 0 96 0 0 0
cpu11 592416 0 891 72521 2 0 131 0 0 0
cpu12 591726 0 1704 72442 1 0 81 0 0 0
cpu13 593030 0 456 72419 1 0 46 0 0 0
cpu14 591828 0 1596 72439 0 0 97 0 0 0
cpu15 592936 0 638 72281 2 0 90 0 0 0
cpu16 590938 0 2326 72491 0 0 200 0 0 0
cpu17 592814 0 528 72363 1 0 234 0 0 0
cpu18 591528 0 1994 72263 0 0 175 0 0 0
cpu19 592931 0 510 72452 1 0 56 0 0 0
cpu20 592039 0 1376 72325 49 0 119 0 0 0
cpu21 592913 0 507 72479 11 0 51 0 0 0
cpu22 592034 0 1347 72451 1 0 124 0 0 0
cpu23 592952 0 429 72538 8 0 36 0 0 0
cpu24 592424 0 1073 72405 1 0 44 0 0 0
cpu25 593104 0 269 72581 1 0 10 0 0 0
cpu26 591915 0 1483 72397 0 0 149 0 0 0
cpu27 592876 0 486 72546 1 0 53 0 0 0
cpu28 592121 0 1244 72508 0 0 86 0 0 0
cpu29 593110 0 265 72569 2 0 16 0 0 0
cpu30 591879 0 1380 72487 0 0 211 0 0 0
cpu31 592866 0 464 72585 1 0 36 0 0 0
cpu32 592658 0 1257 71960 1 0 66 0 0 0
cpu33 592014 0 1259 72558 1 0 122 0 0 0
cpu34 593119 2 1352 71434 0 0 43 0 0 0
cpu35 592768 0 559 72577 0 0 50 0 0 0
cpu36 594587 0 1043 70267 0 0 40 0 0 0
cpu37 593013 0 354 72567 5 0 16 0 0 0
cpu38 595327 0 985 69579 1 0 38 0 0 0
cpu39 592483 0 835 72541 1 0 94 0 0 0
cpu40 593441 0 1071 71373 5 0 47 0 0 0
cpu41 593143 0 330 72448 1 0 18 0 0 0
cpu42 592140 0 1260 72397 0 0 155 0 0 0
cpu43 592896 0 485 72506 0 0 64 0 0 0
cpu44 592540 0 1236 72150 0 0 25 0 0 0
cpu45 593128 0 345 72452 0 0 23 0 0 0
cpu46 592068 0 1720 71998 0 0 152 0 0 0
cpu47 593230 0 343 72344 2 0 24 0 0 0
cpu48 591966 0 1588 72291 0 0 102 0 0 0
cpu49 593091 0 490 72345 2 0 19 0 0 0
cpu50 592271 0 1084 72510 0 0 81 0 0 0
cpu51 593139 0 333 72461 2 0 16 0 0 0
cpu52 592800 0 575 72529 0 0 42 0 0 0
cpu53 593137 0 296 72497 3 0 18 0 0 0
cpu54 592694 0 742 72452 1 0 53 0 0 0
cpu55 592947 0 433 72541 0 0 27 0 0 0
cpu56 592584 0 933 72384 0 0 41 0 0 0
cpu57 593171 0 215 72547 0 0 9 0 0 0
cpu58 592810 0 624 72474 0 0 35 0 0 0
cpu59 592730 1 572 72552 1 0 92 0 0 0
cpu60 592831 0 784 72267 0 0 24 0 0 0
cpu61 593156 0 218 72551 1 0 17 0 0 0
cpu62 591908 0 1293 72549 0 0 188 0 0 0
cpu63 593087 0 401 72435 7 0 9 0 0 0
intr 106644961 83 0 0 0 639 0 0 0 1 0 282 0 0 0 0 0 0 0 0 0 0 0 0 0 0 0 0 0 0 0 0 0 0 0 0 0 0 0 1483 47214 1468 18196 348 7090 1253 23922 743 16176 637 8729 775 8272 256 4234 1331 77763 184 6992 9919 2176 1561 12283 1150 1177 489 5783 1866 607 789 7046 1450 25109 171 11862 155 7002 253 13805 351 3000 576 9971 845 2929 12 5172 671 8855 765 6080 2889 2313 3853 6336 1096 1524 604 11268 773 1631 835 3525 0 0 0 0 0 0 0 0 0 0 0 0 0 0 0 0 0 32842 93 0 0 0 0 0 0 0 0 0 0 0 0 0 0 0 0 0 0 0 0 0 0 0 0 0 0 0 0 0 0 0 0 0 0 0 0 0 0 0 0 0 0 0 0 0 0 0 0 0 0 0 0 0 0 0 0 0 0 0 0 0 0 0 0 0 0 0 0 0 0 0 0 0 0 0 15 0 0 0 0 0 0 0 0 0 0 0 0 0 0 0 0 0 0 0 0 0 0 0 0 0 0 0 0 0 0 0 0 0 0 0 0 0 0 0 0 0 0 0 0 0 0 0 0 0 0 0 0 0 0 0 0 0 0 0 0 0 0 0 0 0 0 0 0 0 0 0 0 0 0 0 0 0 0 0 0 0 0 0 0 0 0 0 0 0 0 0 0 0 0 0 0 0 0 0 0 0 0 0 0 0 0 0 0 0 0 0 0 0 0 0 0 0 0 0 0 0 0 0 0 0 0 0 0 0 0 0 0 0 0 0 0 0 0 0 0 0 0 0 0 0 0 0 0 0 0 0 0 0 0 0 0 0 0 0 0 0 0 0 0 0 0 0 0 0 0 0 0 0 0 0 0 0 0 0 0 0 0 0 0 0 0 0 0 0 0 0 0 0 0 0 0 0 0 0 0 0 0 0 0 0 0 0 0 0 0 0 0 0 0 0 0 0 0 0 0 0 0 0 0 0 0 0 0 0 0 0 0 0 0 0 0 0 0 0 0 0 0 0 0 0 0 0 0 0 0 0 0 0 0 0 0 0 0 0 0 0 0 0 0 0 0 0 0 0 0 0 0 0 0 0 0 0 0 0 0 0 0 0 0 0 0 0 0 0 0 0 0 0 0 0 0 0 0 0 0 0 0 0 0 0 0 0 0 0 0 0 0 0 0 0 0 0 0 0 0 0 0 0 0 0 0 0 0 0 0 0 0 0 0 0 0 0 0 0 0 0 0 0 0 0 0 0 0 0 0 0 0 0 0 0 0 0 0 0 0 0 0 0 0 0 0 0 0 0 0 0 0 0 0 0 0 0 0 0 0 0 0 0 0 0 0 0 0 0 0 0 0 0 0 0 0 0 0 0 0 0 0 0 0 0 0 0 0 0 0 0 0 0 0 0 0 0 0 0 0 0 0 0 0 0 0 0 0 0 0 0 0 0 0 0 0 0 0 0 0 0 0 0 0 0 0 0 0 0 0 0 0 0 0 0 0 0 0 0 0 0 0 0 0 0 0 0 0 0 0 0 0 0 0 0 0 0 0 0 0 0 0 0 0 0 0 0 0 0 0 0 0 0 0 0 0 0 0 0 0 0 0 0 0 0 0 0 0 0 0 0 0 0 0 0 0 0 0 0 0 0 0 0 0 0 0 0 0 0 0 0 0 0 0 0 0 0 0 0 0 0 0 0 0 0 0 0 0 0 0 0 0 0 0 0 0 0 0 0 0 0 0 0 0 0 0 0 0 0 0 0 0 0 0 0 0 0 0 0 0 0 0 0 0 0 0 0 0 0 0 0 0 0 0 0 0 0 0 0 0 0 0 0 0 0 0 0 0 0 0 0 0 0 0 0 0 0 0 0 0 0 0 0 0 0 0 0 0 0 0 0 0 0 0 0 0 0 0 0 0 0 0 0 0 0 0 0 0 0 0 0 0 0 0 0 0 0 0 0 0 0 0 0 0 0 0 0 0 0 0 0 0 0 0 0 0 0 0 0 0 0 0 0 0 0 0 0 0 0 0 0 0 0 0 0 0 0 0 0 0 0 0 0 0 0 0 0 0 0 0 0 0 0 0 0 0 0 0 0 0 0 0 0 0 0 0 0 0 0 0 0 0 0 0 0 0 0 0 0 0 0 0 0 0 0 0 0 0 0 0 0 0 0 0 0 0 0 0 0 0 0 0 0 0 0 0 0 0 0 0 0 0 0 0 0 0 0 0 0 0 0 0 0 0 0 0 0 0 0 0 0 0 0 0 0 0 0 0 0 0 0 0 0 0 0 0 0 0 0 0 0 0 0 0 0 0 0 0 0 0 0 0 0 0 0 0 0 0 0 0 0 0 0 0 0 0 0 0 0 0 0 0 0 0 0 0 0 0 0 0 0 0 0 0 0 0 0 0 0 0 0 0 0 0 0 0 0 0 0 0 0 0 0 0 0 0 0 0 0 0 0 0 0 0 0 0 0 0 0 0 0 0 0 0 0 0 0 0 0 0 0 0 0 0 0 0 0 0 0 0 0 0 0 0 0 0 0 0 0 0 0 0 0 0 0 0 0 0 0 0 0 0 0 0 0 0 0 0 0 0 0 0 0 0 0 0 0 0 0 0 0 0 0 0 0 0 0 0 0 0 0 0 0 0 0 0 0 0 0 0 0 0 0 0 0 0 0 0 0 0 0 0 0 0 0 0 0 0 0 0 0 0 0 0 0 0 0 0 0 0 0 0 0 0 0 0 0 0 0 0 0 0 0 0 0 0 0 0 0 0 0 0 0 0 0 0 0 0 0 0 0 0 0 0 0 0 0 0 0 0 0 0 0 0 0 0 0 0 0 0 0 0 0 0 0 0 0 0 0 0 0 0 0 0 0 0 0 0 0 0 0 0 0 0 0 0 0 0 0 0 0 0 0 0 0 0 0 0 0 0 0 0 0 0 0 0 0 0 0 0 0 0 0 0 0 0 0 0 0 0 0 0 0 0 0 0 0 0 0 0 0 0 0 0 0 0 0 0 0 0 0 0 0 0 0 0 0 0 0 0 0 0 0 0 0 0 0 0 0 0 0 0 0 0 0 0 0 0 0 0 0 0 0 0 0 0 0 0 0 0 0 0 0 0 0 0 0 0 0 0 0 0 0 0 0 0 0 0 0 0 0 0 0 0 0 0 0 0 0 0 0 0 0 0 0 0 0 0 0 0 0 0 0 0 0 0 0 0 0 0 0 0 0 0 0 0 0 0 0 0 0 0 0 0 0 0 0 0 0 0 0 0 0 0 0 0 0 0 0 0 0 0 0 0 0 0 0 0 0 0 0 0 0 0 0 0 0 0 0 0 0 0 0 0 0 0 0 0 0 0 0 0 0 0 0 0 0 0 0 0 0 0 0 0 0 0 0 0 0 0 0 0 0 0 0 0 0 0 0 0 0 0 0 0 0 0 0 0 0 0 0 0 0 0 0 0 0 0 0 0 0 0 0 0 0 0 0 0 0 0 0 0 0 0 0 0 0 0 0 0 0 0 0 0 0 0 0 0 0 0 0 0 0 0 0 0 0 0 0 0 0 0 0 0 0 0 0 0 0 0 0 0 0 0 0 0 0 0 0 0 0 0 0 0 0 0 0 0 0 0 0 0 0 0 0 0 0 0 0 0 0 0 0 0 0 0 0 0 0 0 0 0 0 0 0 0 0 0 0 0 0 0 0 0 0 0 0 0 0 0 0 0 0 0 0 0 0 0 0 0 0 0 0 0 0 0 0 0 0 0 0 0 0 0 0 0 0 0 0 0 0 0 0 0 0 0 0 0 0 0 0 0 0 0 0 0 0 0 0 0 0 0 0 0 0 0 0 0 0 0 0 0 0 0 0 0 0 0 0 0 0 0 0 0 0 0 0 0 0 0 0 0 0 0 0 0 0 0 0 0 0 0 0 0 0 0 0 0 0 0 0 0 0 0 0 0 0 0 0 0 0 0 0 0 0 0 0 0 0 0 0 0 0 0 0 0 0 0 0 0 0 0 0 0 0 0 0 0 0 0 0 0 0 0 0 0 0 0 0 0 0 0 0 0 0 0 0 0 0 0 0 0 0 0 0 0 0 0 0 0 0 0 0 0 0 0 0 0 0 0 0 0 0 0 0 0 0 0 0 0 0 0 0 0 0 0 0 0 0 0 0 0 0 0 0 0 0 0 0 0 0 0 0 0 0 0 0 0 0 0 0 0 0 0 0 0 0 0 0 0 0 0 0 0 0 0 0 0 0 0 0 0 0 0 0 0 0 0 0 0 0 0 0 0 0 0 0 0 0 0 0 0 0 0 0 0 0 0 0 0 0 0 0 0 0 0 0 0 0 0 0 0 0 0 0 0 0 0 0 0 0 0 0 0 0 0 0 0 0 0 0 0 0 0 0 0 0 0 0 0 0 0 0 0 0 0 0 0 0 0 0 0 0 0 0 0 0 0 0 0 0 0 0 0 0 0 0 0 0 0 0 0 0 0 0 0 0 0 0 0 0 0 0 0 0 0 0 0 0 0 0 0 0 0 0 0 0 0 0 0 0 0 0 0 0 0 0 0 0 0 0 0 0 0 0 0 0 0 0 0 0 0 0 0 0 0 0 0 0 0 0 0 0 0 0 0 0 0 0 0 0 0 0 0 0 0 0 0 0 0 0 0 0 0 0 0 0 0 0 0 0 0 0 0 0 0 0 0 0 0 0 0 0 0 0 0 0 0 0 0 0 0 0 0 0 0 0 0 0 0 0 0 0 0 0 0 0 0 0 0 0 0 0 0 0 0 0 0 0 0 0 0 0 0 0 0 0 0 0 0 0 0 0 0 0 0 0 0 0 0 0 0 0 0 0 0 0 0 0 0 0 0 0 0 0 0 0 0 0 0 0 0 0 0 0 0 0 0 0 0 0 0 0 0 0 0 0 0 0 0 0 0 0 0 0 0 0 0 0 0 0 0 0 0 0 0 0 0 0 0 0 0 0 0 0 0 0 0 0 0 0 0 0 0 0 0 0 0 0 0 0 0 0 0 0 0 0 0 0 0 0 0 0 0 0 0 0 0 0 0 0 0 0 0 0 0 0 0 0 0 0 0 0 0 0 0 0 0 0 0 0 0 0 0 0 0 0 0 0 0 0 0 0 0 0 0 0 0 0 0 0 0 0 0 0 0 0 0 0 0 0 0 0 0 0 0 0 0 0
ctxt 13898365
btime 1613123985
processes 313781
procs_running 1
procs_blocked 0
softirq 117843323 1 67723591 1616 2578134 0 0 152 3567166 0 43972663
