cpu  1450456 4 3641 5779148 419 0 390 0 0 0
cpu0 40233 0 220 160290 1 0 142 0 0 0
cpu1 40266 0 77 160596 1 0 96 0 0 0
cpu2 40332 0 75 160541 0 0 23 0 0 0
cpu3 40295 0 171 160450 4 0 8 0 0 0
cpu4 40285 0 167 160479 2 0 8 0 0 0
cpu5 40298 0 126 160502 14 0 1 0 0 0
cpu6 40240 0 119 160577 2 0 5 0 0 0
cpu7 40300 0 82 160570 4 0 0 0 0 0
cpu8 40254 0 91 160600 1 0 0 0 0 0
cpu9 40268 0 91 160594 0 0 2 0 0 0
cpu10 40249 0 104 160588 4 0 0 0 0 0
cpu11 40254 0 66 160631 2 0 1 0 0 0
cpu12 40243 0 60 160635 4 0 0 0 0 0
cpu13 40550 0 112 160238 48 0 0 0 0 0
cpu14 40213 0 126 160595 4 0 2 0 0 0
cpu15 40251 0 75 160622 5 0 0 0 0 0
cpu16 40294 0 72 160576 1 0 1 0 0 0
cpu17 40296 0 83 160552 5 0 1 0 0 0
cpu18 40266 0 82 160591 4 0 0 0 0 0
cpu19 40190 0 137 160599 1 0 17 0 0 0
cpu20 40288 0 77 160567 3 0 2 0 0 0
cpu21 40278 0 67 160591 9 0 0 0 0 0
cpu22 40218 0 124 160591 12 0 4 0 0 0
cpu23 40278 0 87 160576 2 0 0 0 0 0
cpu24 40255 0 131 160484 12 0 46 0 0 0
cpu25 40277 0 87 160581 3 0 0 0 0 0
cpu26 40281 0 88 160564 7 0 0 0 0 0
cpu27 40256 0 74 160618 0 0 0 0 0 0
cpu28 40722 0 150 159969 81 0 0 0 0 0
cpu29 40322 0 70 160520 33 0 0 0 0 0
cpu30 40364 0 73 160428 54 0 0 0 0 0
cpu31 40348 3 97 160451 40 0 0 0 0 0
cpu32 40179 0 168 160575 6 0 20 0 0 0
cpu33 40279 0 65 160583 12 0 0 0 0 0
cpu34 40271 0 60 160591 15 0 0 0 0 0
cpu35 40249 0 74 160616 1 0 0 0 0 0
intr 4337254 56 0 0 0 610 0 0 0 1 0 275 0 0 0 0 0 0 0 0 0 0 0 0 0 0 0 0 0 0 0 0 0 94 190 65 18 196 323 597 121 184 54 84 228 138 232 1443 435 279 97 339 191 118 151 1241 3734 0 0 0 0 203 1079 257 331 25 10036 3397 3973 1767 432 345 219 126 0 16 8656 1 0 4148 30 30 2 1 3 42 53 1 1561 6 483 3 43 3035 780 7 278 294 94 5304 1 2220 589 15547 1 1 3 8 34 5 57 2396 3 19 273 0 16 7619 1 0 0 0 0 0 0 0 0 0 0 0 0 0 0 0 0 0 0 0 0 0 0 0 0 0 0 0 0 0 0 0 0 0 0 0 0 0 24 0 0 0 0 0 0 0 0 0 0 0 0 0 0 0 0 0 0 0 0 0 0 0 0 0 0 0 0 0 0 0 0 0 0 0 0 0 0 0 0 0 0 0 0 0 0 0 0 0 0 0 0 0 0 0 0 0 0 0 0 0 0 0 0 0 0 0 0 0 0 0 0 0 0 0 0 0 0 0 0 0 0 0 0 0 0 0 0 0 0 0 0 0 0 0 0 0 0 0 0 0 0 0 0 0 0 0 0 0 0 0 0 0 0 0 0 0 0 0 0 0 0 0 0 0 0 0 0 0 0 0 0 0 0 0 0 0 0 0 0 0 0 0 0 0 0 0 0 0 0 0 0 0 0 0 0 0 0 0 0 0 0 0 0 0 0 0 0 0 0 0 0 0 0 0 0 0 0 0 0 0 0 0 0 0 0 0 0 0 0 0 0 0 0 0 0 0 0 0 0 0 0 0 0 0 0 0 0 0 0 0 0 0 0 0 0 0 0 0 0 0 0 0 0 0 0 0 0 0 0 0 0 0 0 0 0 0 0 0 0 0 0 0 0 0 0 0 0 0 0 0 0 0 0 0 0 0 0 0 0 0 0 0 0 0 0 0 0 0 0 0 0 0 0 0 0 0 0 0 0 0 0 0 0 0 0 0 0 0 0 0 0 0 0 0 0 0 0 0 0 0 0 0 0 0 0 0 0 0 0 0 0 0 0 0 0 0 0 0 0 0 0 0 0 0 0 0 0 0 0 0 0 0 0 0 0 0 0 0 0 0 0 0 0 0 0 0 0 0 0 0 0 0 0 0 0 0 0 0 0 0 0 0 0 0 0 0 0 0 0 0 0 0 0 0 0 0 0 0 0 0 0 0 0 0 0 0 0 0 0 0 0 0 0 0 0 0 0 0 0 0 0 0 0 0 0 0 0 0 0 0 0 0 0 0 0 0 0 0 0 0 0 0 0 0 0 0 0 0 0 0 0 0 0 0 0 0 0 0 0 0 0 0 0 0 0 0 0 0 0 0 0 0 0 0 0 0 0 0 0 0 0 0 0 0 0 0 0 0 0 0 0 0 0 0 0 0 0 0 0 0 0 0 0 0 0 0 0 0 0 0 0 0 0 0 0 0 0 0 0 0 0 0 0 0 0 0 0 0 0 0 0 0 0 0 0 0 0 0 0 0 0 0 0 0 0 0 0 0 0 0 0 0 0 0 0 0 0 0 0 0 0 0 0 0 0 0 0 0 0 0 0 0 0 0 0 0 0 0 0 0 0 0 0 0 0 0 0 0 0 0 0 0 0 0 0 0 0 0 0 0 0 0 0 0 0 0 0 0 0 0 0 0 0 0 0 0 0 0 0 0 0 0 0 0 0 0 0 0 0 0 0 0 0 0 0 0 0 0 0 0 0 0 0 0 0 0 0 0 0 0 0 0 0 0 0 0 0 0 0 0 0 0 0 0 0 0 0 0 0 0 0 0 0 0 0 0 0 0 0 0 0 0 0 0 0 0 0 0 0 0 0 0 0 0 0 0 0 0 0 0 0 0 0 0 0 0 0 0 0 0 0 0 0 0 0 0 0 0 0 0 0 0 0 0 0 0 0 0 0 0 0 0 0 0 0 0 0 0 0 0 0 0 0 0 0 0 0 0 0 0 0 0 0 0 0 0 0 0 0 0 0 0 0 0 0 0 0 0 0 0 0 0 0 0 0 0 0 0 0 0 0 0 0 0 0 0 0 0 0 0 0 0 0 0 0 0 0 0 0 0 0 0 0 0 0 0 0 0 0 0 0 0 0 0 0 0 0 0 0 0 0 0 0 0 0 0 0 0 0 0 0 0 0 0 0 0 0 0 0 0 0 0 0 0 0 0 0 0 0 0 0 0 0 0 0 0 0 0 0 0 0 0 0 0 0 0 0 0 0 0 0 0 0 0 0 0 0 0 0 0 0 0 0 0 0 0 0 0 0 0 0 0 0 0 0 0 0 0 0 0 0 0 0 0 0 0 0 0 0 0 0 0 0 0 0 0 0 0 0 0 0 0 0 0 0 0 0 0 0 0 0 0 0 0 0 0 0 0 0 0 0 0 0 0 0 0 0 0 0 0 0 0 0 0 0 0 0 0 0 0 0 0 0 0 0 0 0 0 0 0 0 0 0 0 0 0 0 0 0 0 0 0 0 0 0 0 0 0 0 0 0 0 0 0 0 0 0 0 0 0 0 0 0 0 0 0 0 0 0 0 0 0 0 0 0 0 0 0 0 0 0 0 0 0 0 0 0 0 0 0 0 0 0 0 0 0 0 0 0 0 0 0 0 0 0 0 0 0 0 0 0 0 0 0 0 0 0 0 0 0 0 0 0 0 0 0 0 0 0 0 0 0 0 0 0 0 0 0 0 0 0 0 0 0 0 0 0 0 0 0 0 0 0 0 0 0 0 0 0 0 0 0 0 0 0 0 0 0 0 0 0 0 0 0 0 0 0 0 0
ctxt 1561241
btime 1613124388
processes 35540
procs_running 1
procs_blocked 0
softirq 5820430 1 3388226 195 247188 0 0 35615 245263 0 1903942
