cpu  37856146 5 45287 11610750 695 0 3366 0 0 0
cpu0 294420 0 2119 89937 0 0 284 0 0 0
cpu1 295371 0 851 90600 7 0 17 0 0 0
cpu2 295141 0 785 90854 0 0 66 0 0 0
cpu3 295314 0 568 90939 1 0 36 0 0 0
cpu4 295295 0 840 90665 0 0 78 0 0 0
cpu5 295471 0 506 90841 0 0 33 0 0 0
cpu6 295278 0 454 91098 0 0 29 0 0 0
cpu7 295626 0 326 90896 0 0 20 0 0 0
cpu8 295315 0 662 90822 0 0 74 0 0 0
cpu9 295505 0 617 90666 0 0 63 0 0 0
cpu10 295396 0 393 91027 0 0 39 0 0 0
cpu11 295668 0 319 90856 0 0 26 0 0 0
cpu12 295395 0 750 90642 0 0 70 0 0 0
cpu13 296000 0 466 90380 1 0 18 0 0 0
cpu14 295694 0 379 90753 0 0 25 0 0 0
cpu15 295679 0 332 90840 0 0 19 0 0 0
cpu16 295576 0 476 90780 0 0 34 0 0 0
cpu17 295588 1 626 90596 0 0 48 0 0 0
cpu18 295881 0 303 90663 0 0 24 0 0 0
cpu19 295655 0 258 90936 0 0 18 0 0 0
cpu20 295413 0 613 90758 0 0 73 0 0 0
cpu21 296604 0 514 89726 0 0 20 0 0 0
cpu22 295817 0 326 90701 0 0 26 0 0 0
cpu23 295472 0 275 90937 0 0 136 0 0 0
cpu24 295628 0 563 90630 0 0 46 0 0 0
cpu25 296158 0 463 90225 0 0 22 0 0 0
cpu26 295910 0 257 90686 0 0 20 0 0 0
cpu27 295598 0 306 90939 0 0 12 0 0 0
cpu28 295781 0 399 90659 0 0 26 0 0 0
cpu29 295678 0 360 90781 0 0 20 0 0 0
cpu30 295822 0 251 90778 0 0 12 0 0 0
cpu31 295373 0 588 90818 0 0 83 0 0 0
cpu32 294419 0 1660 90560 0 0 252 0 0 0
cpu33 295828 0 235 90779 4 0 11 0 0 0
cpu34 295818 0 242 90784 0 0 14 0 0 0
cpu35 295812 0 198 90848 1 0 10 0 0 0
cpu36 295725 0 374 90732 0 0 32 0 0 0
cpu37 296475 0 371 89932 66 0 9 0 0 0
cpu38 295260 0 423 91083 0 0 40 0 0 0
cpu39 295801 0 204 90849 0 0 10 0 0 0
cpu40 295447 0 515 90867 1 0 27 0 0 0
cpu41 296061 0 238 90514 30 0 13 0 0 0
cpu42 295798 0 256 90788 0 0 18 0 0 0
cpu43 295841 0 171 90836 1 0 10 0 0 0
cpu44 295602 0 394 90820 1 0 26 0 0 0
cpu45 295900 0 336 90481 112 0 13 0 0 0
cpu46 295505 0 510 90762 0 0 73 0 0 0
cpu47 295738 0 224 90878 0 0 17 0 0 0
cpu48 295316 0 594 90861 0 0 70 0 0 0
cpu49 295776 0 332 90740 0 0 14 0 0 0
cpu50 295209 0 316 91279 0 0 25 0 0 0
cpu51 295734 0 255 90847 0 0 21 0 0 0
cpu52 295902 0 268 90676 0 0 11 0 0 0
cpu53 295806 0 299 90607 91 0 26 0 0 0
cpu54 295916 0 180 90741 4 0 14 0 0 0
cpu55 295795 0 205 90849 1 0 9 0 0 0
cpu56 295834 0 226 90785 0 0 7 0 0 0
cpu57 295637 0 327 90854 1 0 19 0 0 0
cpu58 295693 0 278 90867 0 0 15 0 0 0
cpu59 295718 0 252 90858 0 0 22 0 0 0
cpu60 295498 0 486 90796 0 0 66 0 0 0
cpu61 295927 0 292 90597 8 0 24 0 0 0
cpu62 295711 0 299 90815 0 0 19 0 0 0
cpu63 295649 0 337 90834 0 0 36 0 0 0
cpu64 295758 0 452 90428 185 0 11 0 0 0
cpu65 295827 0 382 90613 1 0 6 0 0 0
cpu66 295798 0 297 90730 1 0 20 0 0 0
cpu67 295632 0 293 90907 0 0 19 0 0 0
cpu68 295306 0 797 90637 0 0 111 0 0 0
cpu69 295966 0 283 90540 32 0 8 0 0 0
cpu70 295884 0 184 90773 0 0 4 0 0 0
cpu71 295730 0 252 90849 0 0 12 0 0 0
cpu72 295889 0 327 90607 2 0 17 0 0 0
cpu73 295861 0 430 90527 3 0 15 0 0 0
cpu74 295643 0 252 90921 1 0 24 0 0 0
cpu75 295800 0 216 90802 0 0 10 0 0 0
cpu76 295766 0 361 90702 1 0 22 0 0 0
cpu77 296063 0 361 90392 15 0 6 0 0 0
cpu78 295739 0 252 90831 0 0 16 0 0 0
cpu79 295749 0 239 90832 0 0 12 0 0 0
cpu80 295950 0 260 90629 0 0 6 0 0 0
cpu81 295933 0 414 90452 28 0 13 0 0 0
cpu82 295755 0 343 90725 0 0 18 0 0 0
cpu83 295800 0 241 90798 1 0 9 0 0 0
cpu84 295732 0 378 90715 0 0 17 0 0 0
cpu85 296254 0 352 90224 1 0 10 0 0 0
cpu86 295596 0 216 91012 0 0 15 0 0 0
cpu87 295746 0 211 90865 1 0 9 0 0 0
cpu88 295868 0 242 90721 0 0 12 0 0 0
cpu89 297176 2 346 89280 6 0 6 0 0 0
cpu90 295732 0 213 90872 0 0 14 0 0 0
cpu91 295686 0 320 90818 0 0 22 0 0 0
cpu92 295757 0 301 90704 0 0 71 0 0 0
cpu93 296312 0 317 90173 1 0 9 0 0 0
cpu94 295890 0 175 90761 0 0 7 0 0 0
cpu95 295830 0 190 90813 0 0 10 0 0 0
cpu96 295811 0 396 90595 6 0 26 0 0 0
cpu97 296091 0 240 90499 1 0 3 0 0 0
cpu98 295745 0 192 90869 0 0 11 0 0 0
cpu99 295821 0 196 90813 0 0 8 0 0 0
cpu100 295612 0 468 90708 12 0 32 0 0 0
cpu101 295807 0 152 90860 1 0 4 0 0 0
cpu102 295741 0 206 90866 1 0 7 0 0 0
cpu103 295852 0 174 90815 0 0 2 0 0 0
cpu104 295818 0 337 90665 0 0 13 0 0 0
cpu105 295867 0 220 90730 0 0 6 0 0 0
cpu106 295885 0 158 90785 0 0 6 0 0 0
cpu107 295720 0 186 90903 0 0 10 0 0 0
cpu108 295760 0 217 90834 2 0 10 0 0 0
cpu109 296284 0 298 90242 0 0 8 0 0 0
cpu110 295619 0 314 90874 0 0 12 0 0 0
cpu111 295803 0 205 90820 0 0 6 0 0 0
cpu112 295932 0 259 90620 0 0 20 0 0 0
cpu113 295964 0 252 90603 3 0 2 0 0 0
cpu114 295883 0 197 90742 0 0 10 0 0 0
cpu115 295773 0 182 90873 0 0 7 0 0 0
cpu116 296103 0 136 90580 0 0 2 0 0 0
cpu117 295896 0 204 90707 5 0 9 0 0 0
cpu118 295890 0 179 90749 0 0 8 0 0 0
cpu119 295769 0 178 90881 0 0 3 0 0 0
cpu120 296036 0 176 90611 0 0 2 0 0 0
cpu121 296043 0 156 90628 4 0 2 0 0 0
cpu122 295855 0 265 90691 0 0 9 0 0 0
cpu123 295811 0 170 90847 0 0 2 0 0 0
cpu124 295990 0 165 90662 0 0 9 0 0 0
cpu125 296092 0 170 90559 0 0 5 0 0 0
cpu126 295854 0 219 90739 0 0 8 0 0 0
cpu127 295869 0 231 90723 0 0 2 0 0 0
intr 106898019 129 0 0 0 680 0 0 0 1 0 285 0 0 0 0 0 0 0 0 0 0 0 0 0 0 0 0 0 0 0 0 0 0 0 0 260 0 576 453 4519 4140 226 1811 1080 3389 338 5148 882 4016 400 78 5691 3824 514 586 2245 2854 453 343 297 52062 345 911 1659 4011 735 1537 942 3771 270 1 932 4035 644 78 3298 1453 411 472 1246 1326 1020 4225 1111 2369 0 444 1451 4038 282 801 505 2019 453 819 1856 1806 1461 98 841 4027 358 275 1789 5692 226 10 293 4269 409 144 739 2077 414 3 503 3500 182 102 3294 4580 802 14 363 1544 418 75 900 10988 13326 4472 1036 2859 295 0 528 2597 757 350 1352 852 420 277 480 1599 594 2542 409 1807 2 7 760 3394 354 835 787 0 0 0 0 0 0 0 0 0 0 161 3642 3 385 63 107 38 25 106 13 0 236 26 9 1 7 10 405 338 5 149 3 1 55 79 351 3440 192 666 672 436 1113 78 78 0 0 0 0 0 0 0 0 0 0 0 0 0 0 0 0 10003 2164 5122 199 3299 237 142 127 145 31 71 246 130 149 73 95 76 41 33 27 37 21 12 42 21 11 74 133 6 2 39 9 13 7 13 21 56 33 0 356 108 74 80 126 135 82 39 6 3 0 55 0 28 32 15 3 5 3 9 18 5 0 9 0 0 0 0 0 0 0 0 0 0 0 0 0 0 0 0 0 0 0 0 0 0 0 0 0 0 0 0 0 0 0 0 0 0 0 0 0 0 0 0 0 0 0 0 0 0 0 0 0 0 0 0 0 0 0 0 0 0 0 0 0 0 0 0 0 0 0 0 0 0 0 0 0 0 0 0 0 0 0 0 0 0 0 0 0 0 0 0 0 0 0 0 0 0 0 0 0 0 0 0 0 0 0 0 0 0 0 0 0 0 0 0 0 0 0 0 0 0 0 0 0 0 0 0 0 0 0 0 0 0 0 0 0 0 0 0 0 0 0 0 0 0 0 0 0 0 0 0 0 0 0 0 0 0 0 0 0 0 0 0 0 0 0 0 0 0 0 0 0 0 0 0 0 0 0 0 0 0 0 0 0 0 0 0 0 0 0 0 0 0 0 0 0 0 0 0 0 0 0 0 0 0 0 0 0 0 0 0 0 0 0 0 0 0 0 0 0 0 0 0 0 0 0 0 0 0 0 0 0 0 0 0 0 0 0 0 0 0 0 0 0 0 0 0 0 0 0 0 0 0 0 0 0 0 0 0 0 0 0 0 0 0 0 0 0 0 0 0 0 0 0 0 0 0 0 0 0 0 0 0 0 0 0 0 0 0 0 0 0 0 0 0 0 0 0 0 0 0 0 0 0 0 0 0 0 0 0 0 0 0 0 0 0 0 0 0 0 0 0 0 0 0 0 0 0 0 0 0 0 0 0 0 0 0 0 0 0 0 0 0 0 0 0 0 0 0 0 0 0 0 0 0 0 0 0 0 0 0 0 0 0 0 0 0 0 0 0 0 0 0 0 0 0 0 0 0 0 0 0 0 0 0 0 0 0 0 0 0 0 0 0 0 0 0 0 0 0 0 0 0 0 0 0 0 0 0 0 0 0 0 0 0 0 0 0 0 0 0 0 0 0 0 0 0 0 49 0 0 0 3 0 0 0 0 0 0 0 0 0 0 0 0 0 0 0 0 0 0 0 0 0 49 0 0 0 0 0 0 0 0 0 0 0 0 0 0 0 0 0 0 0 0 0 0 0 0 0 0 0 0 0 0 0 0 0 0 0 0 0 0 0 0 0 0 0 0 0 0 0 0 0 0 0 0 0 0 0 0 0 0 0 0 0 0 0 0 0 22 0 0 0 0 0 0 0 0 0 0 0 0 0 0 0 0 0 0 0 0 0 0 0 0 0 0 0 0 0 0 0 0 0 0 0 0 0 0 0 0 0 0 0 0 0 0 0 0 0 0 0 0 0 0 0 0 0 0 0 0 0 0 0 0 0 0 0 0 0 0 0 0 0 0 0 0 0 0 0 0 0 0 0 0 0 0 0 0 0 0 0 0 0 0 0 0 0 0 0 0 0 0 0 0 0 0 0 0 0 0 0 0 0 0 0 0 0 0 0 0 0 0 0 0 0 0 0 0 0 0 0 0 0 0 0 0 0 0 0 0 0 0 0 0 0 0 0 0 0 0 0 0 0 0 0 0 0 0 0 0 0 0 0 0 0 0 0 0 0 0 0 0 0 0 0 0 0 0 0 0 0 0 0 0 0 0 0 0 0 0 0 0 0 0 0 0 0 0 0 0 0 0 0 0 0 0 0 0 0 0 0 0 0 0 0 0 0 0 0 0 0 0 0 0 0 0 0 0 0 0 0 0 0 0 0 0 0 0 0 0 0 0 0 0 0 0 0 0 0 0 0 0 0 0 0 0 0 0 0 0 0 0 0 0 0 0 0 0 0 0 0 0 0 0 0 0 0 0 0 0 0 0 0 0 0 0 0 0 0 0 0 0 0 0 0 0 0 0 0 0 0 0 0 0 0 0 0 0 0 0 0 0 0 0 0 0 0 0 0 0 0 0 0 0 0 0 0 0 0 0 0 0 0 0 0 0 0 0 0 0 0 0 0 0 0 0 0 0 0 0 0 0 0 0 0 0 0 0 0 0 0 0 0 0 0 0 0 0 0 0 0 0 0 0 0 0 0 0 0 0 0 0 0 0 0 0 0 0 0 0 0 0 0 0 0 0 0 0 0 0 0 0 0 0 0 0 0 0 0 0 0 0 0 0 0 0 0 0 0 0 0 0 0 0 0 0 0 0 0 0 0 0 0 0 0 0 0 0 0 0 0 0 0 0 0 0 0 0 0 0 0 0 0 0 0 0 0 0 0 0 0 0 0 0 0 0 0 0 0 0 0 0 0 0 0 0 0 0 0 0 0 0 0 0 0 0 0 0 0 0 0 0 0 0 0 0 0 0 0 0 0 0 0 0 0 0 0 0 0 0 0 0 0 0 0 0 0 0 0 0 0 0 0 0 0 0 0 0 0 0 0 0 0 0 0 0 0 0 0 0 0 0 0 0 0 0 0 0 0 0 0 0 0 0 0 0 0 0 0 0 0 0 0 0 0 0 0 0 0 0 0 0 0 0 0 0 0 0 0 0 0 0 0 0 0 0 0 0 0 0 0 0 0 0 0 0 0 0 0 0 0 0 0 0 0 0 0 0 0 0 0 0 0 0 0 0 0 0 0 0 0 0 0 0 0 0 0 0 0 0 0 0 0 0 0 0 0 0 0 0 0 0 0 0 0 0 0 0 0 0 0 0 0 0 0 0 0 0 0 0 0 0 0 0 0 0 0 0 0 0 0 0 0 0 0 0 0 0 0 0 0 0 0 0 0 0 0 0 0 0 0 0 0 0 0 0 0 0 0 0 0 0 0 0 0 0 0 0 0 0 0 0 0 0 0 0 0 0 0 0 0 0 0 0 0 0 0 0 0 0 0 0 0 0 0 0 0 0 0 0 0 0 0 0 0 0 0 0 0 0 0 0 0 0 0 0 0 0 0 0 0 0 0 0 0 0 0 0 0 0 0 0 0 0 0 0 0 0 0 0 0 0 0 0 0 0 0 0 0 0 0 0 0 0 0 0 0 0 0 0 0 0 0 0 0 0 0 0 0 0 0 0 0 0 0 0 0 0 0 0 0 0 0 0 0 0 0 0 0 0 0 0 0 0 0 0 0 0 0 0 0 0 0 0 0 0 0 0 0 0 0 0 0 0 0 0 0 0 0 0 0 0 0 0 0 0 0 0 0 0 0 0 0 0 0 0 0 0 0 0 0 0 0 0 0 0 0 0 0 0 0 0 0 0 0 0 0 0 0 0 0 0 0 0 0 0 0 0 0 0 0 0 0 0 0 0 0 0 0 0 0 0 0 0 0 0 0 0 0 0 0 0 0 0 0 0 0 0 0 0 0 0 0 0 0 0 0 0 0 0 0 0 0 0 0 0 0 0 0 0 0 0 0 0 0 0 0 0 0 0 0 0 0 0 0 0 0 0 0 0 0 0 0 0 0 0 0 0 0 0 0 0 0 0 0 0 0 0 0 0 0 0 0 0 0 0 0 0 0 0 0 0 0 0 0 0 0 0 0 0 0 0 0 0 0 0 0 0 0 0 0 0 0 0 0 0 0 0 0 0 0 0 0 0 0 0 0 0 0 0 0 0 0 0 0 0 0 0 0 0 0 0 0 0 0 0 0 0 0 0 0 0 0 0 0 0 0 0 0 0 0 0 0 0 0 0 0 0 0 0 0 0 0 0 0 0 0 0 0 0 0 0 0 0 0 0 0 0 0 0 0 0 0 0 0 0 0 0 0 0 0 0 0 0 0 0 0 0 0 0 0 0 0 0 0 0 0 0 0 0 0 0 0 0 0 0 0 0 0 0 0 0 0 0 0 0 0 0 0 0 0 0 0 0 0 0 0 0 0 0 0 0 0 0 0 0 0 0 0 0 0 0 0 0 0 0 0 0 0 0 0 0 0 0 0 0 0 0 0 0 0 0 0 0 0 0 0 0 0 0 0 0 0 0 0 0 0 0 0 0 0 0 0 0 0 0 0 0 0 0 0 0 0 0 0 0 0 0 0 0 0 0 0 0 0 0 0 0 0 0 0 0 0 0 0 0 0 0 0 0 0 0 0 0 0 0 0 0 0 0 0 0 0 0 0 0 0 0 0 0 0 0 0 0 0 0 0 0 0 0 0 0 0 0 0 0 0 0 0 0 0 0 0 0 0 0 0 0 0 0 0 0 0 0 0 0 0 0 0 0 0 0 0 0 0 0 0 0 0 0 0 0 0 0 0 0 0 0 0 0 0 0 0 0 0 0 0 0 0 0 0 0 0 0 0 0 0 0 0 0 0 0 0 0 0 0 0 0 0 0 0 0 0 0 0 0 0 0 0 0 0 0 0 0 0 0 0 0 0 0 0 0 0 0 0 0 0 0 0 0 0 0 0 0 0 0 0 0 0 0 0 0 0 0 0 0 0 0 0 0 0 0 0 0 0 0 0 0 0 0 0 0 0 0 0 0 0 0 0 0 0 0 0 0 0 0 0 0 0 0 0 0 0 0 0 0 0 0 0 0 0 0 0 0 0 0 0 0 0 0 0 0 0 0 0 0 0 0 0 0 0 0 0 0 0 0 0 0 0 0 0 0 0 0 0 0 0 0 0 0 0 0 0 0 0 0 0 0 0 0 0 0 0 0 0 0 0 0 0 0 0 0 0 0 0 0 0 0 0 0 0 0 0 0 0 0 0 0 0 0 0 0 0 0 0 0 0 0 0 0 0 0 0 0 0 0 0 0 0 0 0 0 0 0 0 0 0 0 0 0 0 0 0 0 0 0 0 0 0 0 0 0 0 0 0 0 0 0 0 0 0 0 0 0 0 0 0 0 0 0 0 0 0 0 0 0 0 0 0 0 0 0 0 0 0 0 0 0 0 0 0 0 0 0 0 0 0 0 0 0 0 0 0 0 0 0 0 0 0 0 0 0 0 0 0 0 0 0 0 0 0 0 0 0 0 0 0 0 0 0 0 0 0 0 0 0 0 0 0 0 0 0 0 0 0 0 0 0 0 0 0 0 0 0 0 0 0 0 0 0 0 0 0 0 0 0 0 0 0 0 0 0 0 0 0 0 0 0 0 0 0 0 0 0 0 0 0 0 0 0 0 0 0 0 0 0 0 0 0 0 0 0 0 0 0 0 0 0 0 0 0 0 0 0 0 0 0 0 0 0 0 0 0 0 0 0 0 0 0 0 0 0 0 0 0 0 0 0 0 0 0 0 0 0 0 0 0 0 0 0 0 0 0 0 0 0 0 0 0 0 0 0 0 0 0 0 0 0 0 0 0 0 0 0 0 0 0 0 0 0 0 0 0 0 0 0 0 0 0 0 0 0 0 0 0 0 0 0 0 0 0 0 0 0 0 0 0 0 0 0 0 0 0 0 0 0 0 0 0 0 0 0 0 0 0 0 0 0 0 0 0 0 0 0 0 0 0 0 0 0 0 0 0 0 0 0 0 0 0 0 0 0 0 0 0 0 0 0 0 0 0 0 0 0 0 0 0 0 0 0 0 0 0 0 0 0 0 0 0 0 0 0 0 0 0 0 0 0 0 0 0 0 0 0 0 0 0 0 0 0 0 0 0 0 0 0 0 0 0 0 0 0 0 0 0 0 0 0 0 0 0 0 0 0 0 0 0 0 0 0 0 0 0 0 0 0 0 0 0 0 0 0 0 0 0 0 0 0 0 0 0 0 0 0 0 0 0 0 0 0 0 0 0 0 0 0 0 0 0 0 0 0 0 0 0 0 0 0 0 0 0 0 0 0 0 0 0 0 0 0 0 0 0 0 0 0 0 0 0 0 0 0 0 0 0 0 0 0 0 0 0 0 0 0 0 0 0 0 0 0 0 0 0 0 0 0 0 0 0 0 0 0 0 0 0 0 0 0 0 0 0 0 0 0 0 0 0 0 0 0 0 0 0 0 0 0 0 0 0 0 0 0 0 0 0 0 0 0 0 0 0 0 0 0 0 0 0 0 0 0 0 0 0 0 0 0 0 0 0 0 0 0 0 0 0 0 0 0 0 0 0 0 0 0 0 0 0 0 0 0 0 0 0 0 0 0 0 0 0 0 0 0 0 0 0 0 0 0 0 0 0 0 0 0 0 0 0 0 0 0 0 0 0 0 0 0 0 0 0 0 0 0 0 0 0 0 0 0 0 0 0 0 0 0 0 0 0 0 0 0 0 0 0 0 0 0 0 0 0 0 0 0 0 0 0 0 0 0 0 0 0 0 0 0 0 0 0 0 0 0 0 0 0 0 0 0 0 0 0 0 0 0 0 0 0 0 0 0 0 0 0 0 0 0 0 0 0 0 0 0 0 0 0 0 0 0 0 0 0 0 0 0 0 0 0 0 0 0 0 0 0 0 0 0 0 0 0 0 0 0 0 0 0 0 0 0 0 0 0 0 0 0 0 0 0 0 0 0 0 0 0 0 0 0 0 0 0 0 0 0 0 0 0 0 0 0 0 0 0 0 0 0 0 0 0 0 0 0 0 0 0 0 0 0 0 0 0 0 0 0 0 0 0 0 0 0 0 0 0 0 0 0 0 0 0 0 0 0 0 0 0 0 0 0 0 0 0 0 0 0 0 0 0 0 0 0 0 0 0 0 0 0 0 0 0 0 0 0 0 0 0 0 0 0 0 0 0 0 0 0 0 0 0 0 0 0 0 0 0 0 0 0 0 0 0 0 0 0 0 0 0 0 0 0 0 0 0 0 0 0 0 0 0 0 0 0 0 0 0 0 0 0 0 0 0 0 0 0 0 0 0 0 0 0 0 0 0 0 0 0 0 0 0 0 0 0 0 0 0 0 0 0 0 0 0 0 0 0 0 0 0 0 0 0 0 0 0 0 0 0 0 0 0 0 0 0 0 0 0 0 0 0 0 0 0 0 0 0 0 0 0 0 0 0 0 0 0 0 0 0 0 0 0 0 0 0 0 0 0 0 0 0 0 0 0 0 0 0 0 0 0 0 0 0 0 0 0 0 0 0 0 0 0 0 0 0 0 0 0 0 0 0 0 0 0 0 0 0 0 0 0 0 0 0 0 0 0 0 0 0 0 0 0 0 0 0 0 0 0 0 0 0 0 0 0 0 0 0 0 0 0 0 0 0 0 0 0 0 0 0 0 0 0 0 0 0 0 0 0 0 0 0 0 0 0 0 0 0 0 0 0 0 0 0 0 0 0 0 0 0 0 0 0 0 0 0 0 0 0 0 0 0 0 0 0 0 0 0 0 0 0 0 0 0 0 0 0 0 0 0 0 0 0 0 0 0 0 0 0 0 0 0 0 0 0 0 0 0 0 0 0 0 0 0 0 0 0 0 0 0 0 0 0 0 0 0 0 0 0 0 0 0 0 0 0 0 0 0 0 0 0 0 0 0 0 0 0 0 0 0 0 0 0 0 0 0 0 0 0 0 0 0 0 0 0 0 0 0 0 0 0 0 0 0 0 0 0 0 0 0 0 0 0 0 0 0 0 0 0 0 0 0 0 0 0 0 0 0 0 0 0 0 0 0 0 0 0 0 0 0 0 0 0 0 0 0 0 0 0 0 0 0 0 0 0 0 0 0 0 0 0 0 0 0 0 0 0 0 0 0 0 0 0 0 0 0 0 0 0 0 0 0 0 0 0 0 0 0 0 0 0 0 0 0 0 0 0 0 0 0 0 0 0 0 0 0 0 0 0 0 0 0 0 0 0 0 0 0 0 0 0 0 0 0 0 0 0 0 0 0 0 0 0 0 0 0 0 0 0 0 0 0 0 0 0 0 0 0 0 0 0 0 0 0 0 0 0 0 0 0 0 0 0 0 0 0 0 0 0 0 0 0 0 0 0 0 0 0 0 0 0 0 0 0 0 0 0 0 0 0 0 0 0 0 0 0 0 0 0 0 0 0 0 0 0 0 0 0 0 0 0 0 0 0 0 0 0 0 0 0 0 0 0 0 0 0 0 0 0 0 0 0 0 0 0 0 0 0 0 0 0 0 0 0 0 0 0 0 0 0 0 0 0 0 0 0 0 0 0 0 0 0 0 0 0 0 0 0 0 0 0 0 0 0 0 0 0 0 0 0 0 0 0 0 0 0 0 0 0 0 0 0 0 0 0 0 0 0 0 0 0 0 0 0 0 0 0 0 0 0 0 0 0 0 0 0 0 0 0 0 0 0 0 0 0 0 0 0 0 0 0 0 0 0 0 0 0 0 0 0 0 0 0 0 0 0 0 0 0 0 0 0 0 0 0 0 0 0 0 0 0 0 0 0 0 0 0 0 0 0 0 0 0 0 0 0 0 0 0 0 0 0 0 0 0 0 0 0 0 0 0 0 0 0 0 0 0 0 0 0 0 0 0 0 0 0 0 0 0 0 0 0 0 0 0 0 0 0 0 0 0 0 0 0 0 0 0 0 0 0 0 0 0 0 0 0 0 0 0 0 0 0 0 0 0 0 0 0 0 0 0 0 0 0 0 0 0 0 0 0 0 0 0 0 0 0 0 0 0 0 0 0 0 0 0 0 0 0 0 0 0 0 0 0 0 0 0 0 0 0 0 0 0 0 0 0 0 0 0 0 0 0 0 0 0 0 0 0 0 0 0 0 0 0 0 0 0 0 0 0 0 0 0 0 0 0 0 0 0 0 0 0 0 0 0 0 0 0 0 0 0 0 0 0 0 0 0 0 0 0 0 0 0 0 0 0 0 0 0 0 0 0 0 0 0 0 0 0 0 0 0 0 0 0 0 0 0 0 0 0 0 0 0 0 0 0 0 0 0 0 0 0 0 0 0 0 0 0 0 0 0 0 0 0 0 0 0 0 0 0 0 0 0 0 0 0 0 0 0 0 0 0 0 0 0 0 0 0 0 0 0 0 0 0 0 0 0 0 0 0 0 0 0 0 0 0 0 0 0 0 0 0 0 0 0 0 0 0 0 0 0 0 0 0 0 0 0 0 0 0 0 0 0 0 0 0 0 0 0 0 0 0 0 0 0 0 0 0 0 0 0 0 0 0 0 0 0 0 0 0 0 0 0 0 0 0 0 0 0 0 0 0 0 0 0 0 0 0 0 0 0 0 0 0 0 0 0 0 0 0 0 0 0 0 0 0 0 0 0 0 0 0 0 0 0 0 0 0 0 0 0 0 0 0 0 0 0 0 0 0 0 0 0 0 0 0 0 0 0 0 0 0 0 0 0 0 0 0 0 0 0 0 0 0 0 0 0 0 0 0 0 0 0 0 0 0 0 0 0 0 0 0 0 0 0 0 0 0 0 0 0 0 0 0 0 0 0 0 0 0 0 0 0 0 0 0 0 0 0 0 0 0 0 0 0 0 0 0 0 0 0 0 0 0 0 0 0 0 0 0 0 0 0 0 0 0 0 0 0 0 0 0 0 0 0 0 0 0 0 0 0 0 0 0 0 0 0 0 0 0 0 0 0
ctxt 6480929
btime 1613122782
processes 135241
procs_running 1
procs_blocked 0
softirq 112127932 1 68159494 1402 1199104 0 0 230 3584313 0 39183388
