cpu  26591679 4 52684 7027173 515 0 4163 0 0 0
cpu0 738234 0 1446 195233 9 0 787 0 0 0
cpu1 737324 0 2731 195290 1 0 119 0 0 0
cpu2 738076 0 1876 195435 2 0 54 0 0 0
cpu3 738758 0 1045 195527 17 0 102 0 0 0
cpu4 738120 0 1662 195599 2 0 70 0 0 0
cpu5 738644 0 1246 195520 2 0 40 0 0 0
cpu6 738305 0 1799 195283 1 0 59 0 0 0
cpu7 738886 0 1003 195502 5 0 49 0 0 0
cpu8 738702 0 1528 195164 6 0 46 0 0 0
cpu9 736631 0 3128 195529 9 0 156 0 0 0
cpu10 738308 0 1656 195345 4 0 126 0 0 0
cpu11 738099 0 2060 195203 2 0 67 0 0 0
cpu12 739356 0 954 195048 11 0 67 0 0 0
cpu13 737553 0 2573 195269 4 0 44 0 0 0
cpu14 736774 0 3678 194769 4 0 211 0 0 0
cpu15 739700 0 2224 193460 14 0 40 0 0 0
cpu16 737761 0 2342 195155 2 0 172 0 0 0
cpu17 738563 0 1369 195423 2 0 84 0 0 0
cpu18 739375 0 543 195456 51 0 22 0 0 0
cpu19 739026 0 922 195363 4 0 123 0 0 0
cpu20 739029 0 960 195373 41 0 42 0 0 0
cpu21 739033 0 807 195514 42 0 59 0 0 0
cpu22 739280 0 526 195548 58 0 30 0 0 0
cpu23 738332 0 1486 195590 10 0 16 0 0 0
cpu24 739342 0 817 195244 0 0 35 0 0 0
cpu25 739218 0 593 195619 0 0 16 0 0 0
cpu26 739391 0 550 195479 1 0 22 0 0 0
cpu27 738824 0 1115 195472 0 0 33 0 0 0
cpu28 736935 0 2006 195424 0 0 1074 0 0 0
cpu29 739152 0 1059 195168 16 0 31 0 0 0
cpu30 739276 0 765 195361 2 0 26 0 0 0
cpu31 739434 0 1089 194857 4 0 46 0 0 0
cpu32 739640 1 1728 194001 7 0 65 0 0 0
cpu33 739456 2 999 194872 7 0 98 0 0 0
cpu34 740616 0 880 193769 122 0 37 0 0 0
cpu35 738512 0 1502 195292 34 0 82 0 0 0
intr 73211380 56 0 0 0 609 0 0 0 1 0 257 0 0 0 0 0 0 0 0 0 0 0 0 0 0 0 0 0 0 0 0 92 580 46 395 175 311 430 180 1489 468 800 459 338 563 728 449 579 812 526 1675 226 2547 1527 2844 1532 0 0 0 0 19 187 469 14 1134 591 304 627 663 534 10319 3606 0 0 16 11614 2 0 20456 1081 3919 1783 4564 2229 7285 1946 2010 2721 2384 3931 1344 1248 1570 4085 8227 2385 2850 7327 6646 4734 887 1417 2005 763 1771 1742 216258 5080 2740 2434 1534 2258 4223 2940 0 17 7880 1 0 0 0 0 0 0 0 0 0 0 0 0 0 0 0 0 0 0 0 0 0 0 0 0 0 0 0 0 0 0 0 0 0 0 0 0 0 22 0 0 0 0 0 0 0 0 0 0 0 0 0 0 0 0 0 0 0 0 0 0 0 0 0 0 0 0 0 0 0 0 0 0 0 0 0 0 0 0 0 0 0 0 0 0 0 0 0 0 0 0 0 0 0 0 0 0 0 0 0 0 0 0 0 0 0 0 0 0 0 0 0 0 0 0 0 0 0 0 0 0 0 0 0 0 0 0 0 0 0 0 0 0 0 0 0 0 0 0 0 0 0 0 0 0 0 0 0 0 0 0 0 0 0 0 0 0 0 0 0 0 0 0 0 0 0 0 0 0 0 0 0 0 0 0 0 0 0 0 0 0 0 0 0 0 0 0 0 0 0 0 0 0 0 0 0 0 0 0 0 0 0 0 0 0 0 0 0 0 0 0 0 0 0 0 0 0 0 0 0 0 0 0 0 0 0 0 0 0 0 0 0 0 0 0 0 0 0 0 0 0 0 0 0 0 0 0 0 0 0 0 0 0 0 0 0 0 0 0 0 0 0 0 0 0 0 0 0 0 0 0 0 0 0 0 0 0 0 0 0 0 0 0 0 0 0 0 0 0 0 0 0 0 0 0 0 0 0 0 0 0 0 0 0 0 0 0 0 0 0 0 0 0 0 0 0 0 0 0 0 0 0 0 0 0 0 0 0 0 0 0 0 0 0 0 0 0 0 0 0 0 0 0 0 0 0 0 0 0 0 0 0 0 0 0 0 0 0 0 0 0 0 0 0 0 0 0 0 0 0 0 0 0 0 0 0 0 0 0 0 0 0 0 0 0 0 0 0 0 0 0 0 0 0 0 0 0 0 0 0 0 0 0 0 0 0 0 0 0 0 0 0 0 0 0 0 0 0 0 0 0 0 0 0 0 0 0 0 0 0 0 0 0 0 0 0 0 0 0 0 0 0 0 0 0 0 0 0 0 0 0 0 0 0 0 0 0 0 0 0 0 0 0 0 0 0 0 0 0 0 0 0 0 0 0 0 0 0 0 0 0 0 0 0 0 0 0 0 0 0 0 0 0 0 0 0 0 0 0 0 0 0 0 0 0 0 0 0 0 0 0 0 0 0 0 0 0 0 0 0 0 0 0 0 0 0 0 0 0 0 0 0 0 0 0 0 0 0 0 0 0 0 0 0 0 0 0 0 0 0 0 0 0 0 0 0 0 0 0 0 0 0 0 0 0 0 0 0 0 0 0 0 0 0 0 0 0 0 0 0 0 0 0 0 0 0 0 0 0 0 0 0 0 0 0 0 0 0 0 0 0 0 0 0 0 0 0 0 0 0 0 0 0 0 0 0 0 0 0 0 0 0 0 0 0 0 0 0 0 0 0 0 0 0 0 0 0 0 0 0 0 0 0 0 0 0 0 0 0 0 0 0 0 0 0 0 0 0 0 0 0 0 0 0 0 0 0 0 0 0 0 0 0 0 0 0 0 0 0 0 0 0 0 0 0 0 0 0 0 0 0 0 0 0 0 0 0 0 0 0 0 0 0 0 0 0 0 0 0 0 0 0 0 0 0 0 0 0 0 0 0 0 0 0 0 0 0 0 0 0 0 0 0 0 0 0 0 0 0 0 0 0 0 0 0 0 0 0 0 0 0 0 0 0 0 0 0 0 0 0 0 0 0 0 0 0 0 0 0 0 0 0 0 0 0 0 0 0 0 0 0 0 0 0 0 0 0 0 0 0 0 0 0 0 0 0 0 0 0 0 0 0 0 0 0 0 0 0 0 0 0 0 0 0 0 0 0 0 0 0 0 0 0 0 0 0 0 0 0 0 0 0 0 0 0 0 0 0 0 0 0 0 0 0 0 0 0 0 0 0 0 0 0 0 0 0 0 0 0 0 0 0 0 0 0 0 0 0 0 0 0 0 0 0 0 0 0 0 0 0 0 0 0 0 0 0 0 0 0 0 0 0 0 0 0 0 0 0 0 0 0 0 0 0 0 0 0 0 0 0 0 0 0 0 0 0 0 0 0 0 0 0 0 0 0 0 0 0 0 0 0 0 0 0 0 0 0 0 0 0 0 0 0 0 0 0 0 0 0 0 0 0 0 0 0 0 0 0 0 0 0 0 0 0 0 0 0 0 0 0 0 0 0 0 0 0 0 0 0 0 0 0 0 0 0 0 0 0 0 0 0 0 0 0 0 0 0 0 0 0 0 0 0 0 0 0 0 0 0 0 0 0 0 0 0 0 0 0 0 0 0 0 0 0 0 0 0 0 0 0 0 0 0 0 0 0 0 0 0 0 0 0 0 0 0 0 0 0 0 0 0 0 0 0 0 0 0 0 0 0 0 0 0 0 0 0 0 0 0 0 0 0 0 0 0 0 0 0 0 0 0 0 0 0 0 0 0 0 0 0 0 0 0 0 0 0 0 0 0 0 0 0 0 0 0 0 0 0 0 0 0 0 0 0 0 0 0 0 0 0 0 0 0 0 0 0 0 0 0 0 0 0 0 0 0 0 0 0 0
ctxt 18603993
btime 1613124388
processes 463782
procs_running 1
procs_blocked 0
softirq 94634252 1 54653986 806 3508059 0 0 338467 2492348 0 33640585
