cpu  4478184 4 6134 6781611 492 0 700 0 0 0
cpu0 124366 0 254 188105 13 0 214 0 0 0
cpu1 125178 0 305 187481 1 0 46 0 0 0
cpu2 124216 0 419 188103 2 0 209 0 0 0
cpu3 124324 0 204 188435 4 0 22 0 0 0
cpu4 124564 0 238 188124 44 0 12 0 0 0
cpu5 124476 0 135 188337 29 0 1 0 0 0
cpu6 124325 0 140 188476 16 0 12 0 0 0
cpu7 124355 0 146 188464 13 0 0 0 0 0
cpu8 124319 0 132 188453 72 0 4 0 0 0
cpu9 124283 0 142 188553 2 0 4 0 0 0
cpu10 124261 0 168 188536 4 0 15 0 0 0
cpu11 124307 0 111 188562 0 0 3 0 0 0
cpu12 123868 0 514 188505 6 0 78 0 0 0
cpu13 124572 0 155 188243 1 0 4 0 0 0
cpu14 124344 0 97 188536 1 0 0 0 0 0
cpu15 124328 0 169 188477 5 0 1 0 0 0
cpu16 124234 0 247 188471 2 0 23 0 0 0
cpu17 124371 0 162 188426 6 0 2 0 0 0
cpu18 124540 0 130 188301 3 0 0 0 0 0
cpu19 124754 0 227 187927 48 0 2 0 0 0
cpu20 124398 0 164 188388 1 0 1 0 0 0
cpu21 124334 0 136 188495 2 0 2 0 0 0
cpu22 124401 0 166 188351 62 0 0 0 0 0
cpu23 124535 0 140 188215 70 0 1 0 0 0
cpu24 124404 0 95 188471 4 0 0 0 0 0
cpu25 124349 0 116 188509 1 0 0 0 0 0
cpu26 124320 0 119 188535 0 0 4 0 0 0
cpu27 124333 0 107 188533 1 0 2 0 0 0
cpu28 124324 0 107 188538 1 0 1 0 0 0
cpu29 124324 0 111 188541 0 0 0 0 0 0
cpu30 124375 0 81 188508 10 0 0 0 0 0
cpu31 124647 0 97 188228 1 0 2 0 0 0
cpu32 124373 2 90 188491 8 0 0 0 0 0
cpu33 124403 0 119 188431 20 0 0 0 0 0
cpu34 124298 0 234 188402 19 0 20 0 0 0
cpu35 124367 0 144 188444 2 0 1 0 0 0
intr 12750214 56 0 0 0 614 0 0 0 1 0 263 0 0 0 0 0 0 0 0 0 0 0 0 0 0 0 0 0 0 0 0 0 670 141 490 278 4717 2500 540 378 3008 973 72 36 1675 88 236 238 252 262 155 5978 199 122 2202 3242 0 0 0 0 384 83 13 70 40 101 614 56 877 1505 1035 234 93 0 16 10461 1230 0 5461 210 41766 137 25 70 1 379 15 729 779 884 16862 2149 570 1545 392 406 284 223 4382 1681 20 246 14 189 82 344 184 1323 161 215 136 18 374 292 0 18 7715 1 0 0 0 0 0 0 0 0 0 0 0 0 0 0 0 0 0 0 0 0 0 0 0 0 0 0 0 0 0 0 0 0 0 0 0 0 0 21 0 0 0 0 0 0 0 0 0 0 0 0 0 0 0 0 0 0 0 0 0 0 0 0 0 0 0 0 0 0 0 0 0 0 0 0 0 0 0 0 0 0 0 0 0 0 0 0 0 0 0 0 0 0 0 0 0 0 0 0 0 0 0 0 0 0 0 0 0 0 0 0 0 0 0 0 0 0 0 0 0 0 0 0 0 0 0 0 0 0 0 0 0 0 0 0 0 0 0 0 0 0 0 0 0 0 0 0 0 0 0 0 0 0 0 0 0 0 0 0 0 0 0 0 0 0 0 0 0 0 0 0 0 0 0 0 0 0 0 0 0 0 0 0 0 0 0 0 0 0 0 0 0 0 0 0 0 0 0 0 0 0 0 0 0 0 0 0 0 0 0 0 0 0 0 0 0 0 0 0 0 0 0 0 0 0 0 0 0 0 0 0 0 0 0 0 0 0 0 0 0 0 0 0 0 0 0 0 0 0 0 0 0 0 0 0 0 0 0 0 0 0 0 0 0 0 0 0 0 0 0 0 0 0 0 0 0 0 0 0 0 0 0 0 0 0 0 0 0 0 0 0 0 0 0 0 0 0 0 0 0 0 0 0 0 0 0 0 0 0 0 0 0 0 0 0 0 0 0 0 0 0 0 0 0 0 0 0 0 0 0 0 0 0 0 0 0 0 0 0 0 0 0 0 0 0 0 0 0 0 0 0 0 0 0 0 0 0 0 0 0 0 0 0 0 0 0 0 0 0 0 0 0 0 0 0 0 0 0 0 0 0 0 0 0 0 0 0 0 0 0 0 0 0 0 0 0 0 0 0 0 0 0 0 0 0 0 0 0 0 0 0 0 0 0 0 0 0 0 0 0 0 0 0 0 0 0 0 0 0 0 0 0 0 0 0 0 0 0 0 0 0 0 0 0 0 0 0 0 0 0 0 0 0 0 0 0 0 0 0 0 0 0 0 0 0 0 0 0 0 0 0 0 0 0 0 0 0 0 0 0 0 0 0 0 0 0 0 0 0 0 0 0 0 0 0 0 0 0 0 0 0 0 0 0 0 0 0 0 0 0 0 0 0 0 0 0 0 0 0 0 0 0 0 0 0 0 0 0 0 0 0 0 0 0 0 0 0 0 0 0 0 0 0 0 0 0 0 0 0 0 0 0 0 0 0 0 0 0 0 0 0 0 0 0 0 0 0 0 0 0 0 0 0 0 0 0 0 0 0 0 0 0 0 0 0 0 0 0 0 0 0 0 0 0 0 0 0 0 0 0 0 0 0 0 0 0 0 0 0 0 0 0 0 0 0 0 0 0 0 0 0 0 0 0 0 0 0 0 0 0 0 0 0 0 0 0 0 0 0 0 0 0 0 0 0 0 0 0 0 0 0 0 0 0 0 0 0 0 0 0 0 0 0 0 0 0 0 0 0 0 0 0 0 0 0 0 0 0 0 0 0 0 0 0 0 0 0 0 0 0 0 0 0 0 0 0 0 0 0 0 0 0 0 0 0 0 0 0 0 0 0 0 0 0 0 0 0 0 0 0 0 0 0 0 0 0 0 0 0 0 0 0 0 0 0 0 0 0 0 0 0 0 0 0 0 0 0 0 0 0 0 0 0 0 0 0 0 0 0 0 0 0 0 0 0 0 0 0 0 0 0 0 0 0 0 0 0 0 0 0 0 0 0 0 0 0 0 0 0 0 0 0 0 0 0 0 0 0 0 0 0 0 0 0 0 0 0 0 0 0 0 0 0 0 0 0 0 0 0 0 0 0 0 0 0 0 0 0 0 0 0 0 0 0 0 0 0 0 0 0 0 0 0 0 0 0 0 0 0 0 0 0 0 0 0 0 0 0 0 0 0 0 0 0 0 0 0 0 0 0 0 0 0 0 0 0 0 0 0 0 0 0 0 0 0 0 0 0 0 0 0 0 0 0 0 0 0 0 0 0 0 0 0 0 0 0 0 0 0 0 0 0 0 0 0 0 0 0 0 0 0 0 0 0 0 0 0 0 0 0 0 0 0 0 0 0 0 0 0 0 0 0 0 0 0 0 0 0 0 0 0 0 0 0 0 0 0 0 0 0 0 0 0 0 0 0 0 0 0 0 0 0 0 0 0 0 0 0 0 0 0 0 0 0 0 0 0 0 0 0 0 0 0 0 0 0 0 0 0 0 0 0 0 0 0 0 0 0 0 0 0 0 0 0 0 0 0 0 0 0 0 0 0 0 0 0 0 0 0 0 0 0 0 0 0 0 0 0 0 0 0 0 0 0 0 0 0 0 0 0 0 0 0 0 0 0 0 0 0 0 0 0 0 0 0 0 0 0 0 0 0 0 0 0 0 0 0 0 0 0 0 0 0 0 0 0 0 0 0 0 0 0 0 0 0 0 0 0 0 0 0 0 0 0 0 0 0 0 0 0 0 0 0 0 0 0 0 0 0 0 0 0 0 0 0 0 0 0 0 0 0 0 0 0 0 0 0 0 0
ctxt 3987861
btime 1613124388
processes 98295
procs_running 1
procs_blocked 0
softirq 16720845 1 9666812 302 719659 0 0 80729 524299 0 5729043
