cpu  86294594 5 100679 27552887 447 0 8009 0 0 0
cpu0 669018 0 6142 214190 3 0 645 0 0 0
cpu1 674398 0 441 215347 0 0 64 0 0 0
cpu2 674703 0 389 215189 17 0 18 0 0 0
cpu3 672903 0 846 216452 3 0 60 0 0 0
cpu4 671636 0 3708 214589 0 0 286 0 0 0
cpu5 674414 0 302 215586 7 0 16 0 0 0
cpu6 674729 0 296 215283 0 0 22 0 0 0
cpu7 674048 0 290 215945 0 0 25 0 0 0
cpu8 671850 0 3135 214927 10 0 361 0 0 0
cpu9 674602 0 168 215548 0 0 3 0 0 0
cpu10 674800 0 138 215380 0 0 2 0 0 0
cpu11 674515 0 226 215552 0 0 14 0 0 0
cpu12 673551 0 2623 213869 1 0 217 0 0 0
cpu13 674662 0 141 215517 0 0 2 0 0 0
cpu14 674547 0 139 215633 1 0 4 0 0 0
cpu15 674306 0 553 215416 0 0 53 0 0 0
cpu16 673649 0 2800 213513 1 0 332 0 0 0
cpu17 674745 0 120 215456 1 0 1 0 0 0
cpu18 674708 0 148 215447 0 0 4 0 0 0
cpu19 674526 0 265 215496 1 0 17 0 0 0
cpu20 675104 0 2706 212212 0 0 236 0 0 0
cpu21 674397 0 188 215509 1 0 179 0 0 0
cpu22 674723 0 168 215423 0 0 5 0 0 0
cpu23 674642 0 168 215500 0 0 4 0 0 0
cpu24 672682 0 2917 214304 0 0 291 0 0 0
cpu25 674678 0 182 215457 0 0 1 0 0 0
cpu26 674808 0 151 215349 0 0 2 0 0 0
cpu27 674466 0 196 215641 0 0 10 0 0 0
cpu28 672662 1 2164 215236 0 0 202 0 0 0
cpu29 674422 0 298 215569 0 0 22 0 0 0
cpu30 674825 0 157 215331 1 0 0 0 0 0
cpu31 674695 0 146 215471 0 0 4 0 0 0
cpu32 672314 0 2786 214926 1 0 235 0 0 0
cpu33 674388 0 228 215686 0 0 8 0 0 0
cpu34 674952 0 184 215172 0 0 6 0 0 0
cpu35 674543 0 275 215465 0 0 30 0 0 0
cpu36 671727 0 3820 214409 4 0 307 0 0 0
cpu37 674522 0 234 215552 1 0 3 0 0 0
cpu38 674972 0 137 215207 1 0 1 0 0 0
cpu39 674515 0 171 215619 0 0 8 0 0 0
cpu40 672426 0 2947 214612 2 0 273 0 0 0
cpu41 674433 0 204 215665 0 0 8 0 0 0
cpu42 674876 0 133 215300 0 0 4 0 0 0
cpu43 674542 0 213 215532 0 0 20 0 0 0
cpu44 671522 0 3613 214817 5 0 306 0 0 0
cpu45 674472 0 184 215645 0 0 7 0 0 0
cpu46 674516 0 154 215626 1 0 4 0 0 0
cpu47 674618 0 172 215505 2 0 6 0 0 0
cpu48 672397 0 2443 215180 0 0 231 0 0 0
cpu49 673883 0 400 215934 1 0 70 0 0 0
cpu50 674966 0 116 215229 1 0 2 0 0 0
cpu51 674690 0 168 215442 1 0 4 0 0 0
cpu52 672725 0 2623 214701 1 0 202 0 0 0
cpu53 674685 0 118 215491 9 0 0 0 0 0
cpu54 674694 0 126 215481 1 0 2 0 0 0
cpu55 674597 0 214 215478 1 0 18 0 0 0
cpu56 672455 0 2436 215178 1 0 193 0 0 0
cpu57 674642 0 164 215508 0 0 4 0 0 0
cpu58 674527 0 348 215390 1 0 36 0 0 0
cpu59 674317 0 518 215424 0 0 40 0 0 0
cpu60 672966 0 2286 214825 1 0 186 0 0 0
cpu61 674418 0 197 215684 0 0 4 0 0 0
cpu62 674446 0 135 215711 0 0 6 0 0 0
cpu63 674048 0 507 215676 0 0 50 0 0 0
cpu64 672767 0 2744 214550 20 0 158 0 0 0
cpu65 673980 0 513 215721 5 0 71 0 0 0
cpu66 674068 0 206 215986 1 0 5 0 0 0
cpu67 674130 0 611 215499 2 0 52 0 0 0
cpu68 673293 2 2003 214826 24 0 114 0 0 0
cpu69 674676 0 151 215469 0 0 2 0 0 0
cpu70 674731 0 153 215414 0 0 5 0 0 0
cpu71 674097 0 450 215696 1 0 52 0 0 0
cpu72 674438 0 1892 213447 165 0 306 0 0 0
cpu73 674554 0 189 215546 1 0 10 0 0 0
cpu74 674826 0 137 215339 0 0 0 0 0 0
cpu75 674494 0 178 215604 4 0 3 0 0 0
cpu76 675635 0 1666 212874 1 0 95 0 0 0
cpu77 674744 0 120 215440 0 0 2 0 0 0
cpu78 674770 0 116 215416 0 0 0 0 0 0
cpu79 674206 0 548 215482 1 0 55 0 0 0
cpu80 673784 0 1614 214711 8 0 118 0 0 0
cpu81 674598 0 151 215551 2 0 4 0 0 0
cpu82 674912 0 114 215270 0 0 2 0 0 0
cpu83 674668 0 180 215440 0 0 6 0 0 0
cpu84 673274 0 1609 215257 1 0 113 0 0 0
cpu85 674490 0 130 215672 0 0 1 0 0 0
cpu86 674653 0 109 215529 0 0 2 0 0 0
cpu87 674506 0 201 215560 0 0 13 0 0 0
cpu88 673568 0 1535 215053 0 0 102 0 0 0
cpu89 674262 0 182 215835 1 0 10 0 0 0
cpu90 674843 0 148 215301 0 0 0 0 0 0
cpu91 674718 0 146 215426 0 0 5 0 0 0
cpu92 674095 0 1500 214582 0 0 98 0 0 0
cpu93 674740 0 152 215390 4 0 1 0 0 0
cpu94 674963 0 141 215183 0 0 2 0 0 0
cpu95 674680 0 144 215456 3 0 4 0 0 0
cpu96 673796 0 1680 214711 1 0 89 0 0 0
cpu97 674557 0 201 215519 0 0 3 0 0 0
cpu98 674728 0 133 215424 0 0 2 0 0 0
cpu99 674450 0 260 215542 3 0 28 0 0 0
cpu100 672924 0 2322 214846 1 0 160 0 0 0
cpu101 674616 0 155 215521 0 0 1 0 0 0
cpu102 674780 0 126 215380 2 0 1 0 0 0
cpu103 674714 0 147 215418 0 0 3 0 0 0
cpu104 671904 0 3474 214558 0 0 284 0 0 0
cpu105 674511 0 146 215622 0 0 0 0 0 0
cpu106 674466 0 144 215672 2 0 0 0 0 0
cpu107 674610 0 238 215410 0 0 25 0 0 0
cpu108 673279 0 1810 215022 35 0 102 0 0 0
cpu109 674431 0 179 215654 0 0 6 0 0 0
cpu110 674928 0 148 215187 11 0 2 0 0 0
cpu111 674581 0 137 215563 0 0 4 0 0 0
cpu112 673703 0 1466 215002 4 0 88 0 0 0
cpu113 674405 0 227 215589 1 0 10 0 0 0
cpu114 674848 0 110 215323 1 0 0 0 0 0
cpu115 674664 0 147 215453 0 0 4 0 0 0
cpu116 673945 0 1534 214671 2 0 104 0 0 0
cpu117 674640 0 206 215423 0 0 2 0 0 0
cpu118 675020 0 101 215163 0 0 0 0 0 0
cpu119 674496 0 209 215559 0 0 8 0 0 0
cpu120 673455 0 1747 214970 4 0 85 0 0 0
cpu121 674706 0 152 215421 0 0 6 0 0 0
cpu122 674674 0 178 215416 0 0 1 0 0 0
cpu123 674009 0 635 215550 0 0 79 0 0 0
cpu124 674118 0 1488 214576 3 0 65 0 0 0
cpu125 674690 0 220 215334 0 0 2 0 0 0
cpu126 674993 0 171 215112 1 0 0 0 0 0
cpu127 674538 0 444 215283 0 0 8 0 0 0
intr 236971652 133 0 0 0 680 0 0 0 1 0 272 0 0 0 0 0 0 0 0 0 0 0 0 0 0 0 0 0 0 0 0 0 0 0 0 260 0 1781 1571 1713 25526 5076 526 732 3744 1538 883 343 5516 1503 678 954 22017 704 177 553 6289 1237 78057 161 2894 2329 689 254 4271 1414 812 314 2720 1220 568 803 6011 2613 342 435 2100 1279 671 540 5164 1147 569 928 4517 1113 17817 382 2379 1916 89 422 7389 1251 546 2019 6143 1522 933 208 11250 8751 691 1244 15965 5740 453 1016 4515 28231 935 438 2517 1066 441 462 15350 4297 101 496 4235 412 439 251 6135 400 279 724 2515 824 426 347 2769 2579 599 439 5282 2051 155 367 2090 1766 401 323 2008 806 613 816 3556 494 1097 48 1233 1139 470 283 0 0 0 0 0 0 0 0 0 0 2035 1132 14002 215 524 733 231 120 191 1833 235 376 149 193 98 130 164 68 151 3209 324 135 169 189 263 3948 82 7 20 2 481 394 4 49 0 0 0 0 0 0 0 0 0 0 0 0 0 0 0 0 57 13 448 177 200 0 0 2 3 4 32 18 0 4 49 51 160 29 9 13 53 20 53 3 6 11 5 1 95 8 4 67 4 285 4 4 2 16 483 750 260 70 43 24 30 65 24 6 4 22 9 9 38 277 47 2 11 1 3 12 265 42 161 0 0 0 0 0 0 0 0 0 0 0 0 0 0 0 0 0 0 0 0 0 0 0 0 0 0 0 0 0 0 0 0 0 0 0 0 0 0 0 0 0 0 0 0 0 0 0 0 0 0 0 0 0 0 0 0 0 0 0 0 0 0 0 0 0 0 0 0 0 0 0 0 0 0 0 0 0 0 0 0 0 0 0 0 0 0 0 0 0 0 0 0 0 0 0 0 0 0 0 0 0 0 0 0 0 0 0 0 0 0 0 0 0 0 0 0 0 0 0 0 0 0 0 0 0 0 0 0 0 0 0 0 0 0 0 0 0 0 0 0 0 0 0 0 0 0 0 0 0 0 0 0 0 0 0 0 0 0 0 0 0 0 0 0 0 0 0 0 0 0 0 0 0 0 0 0 0 0 0 0 0 0 0 0 0 0 0 0 0 0 0 0 0 0 0 0 0 0 0 0 0 0 0 0 0 0 0 0 0 0 0 0 0 0 0 0 0 0 0 0 0 0 0 0 0 0 0 0 0 0 0 0 0 0 0 0 0 0 0 0 0 0 0 0 0 0 0 0 0 0 0 0 0 0 0 0 0 0 0 0 0 0 0 0 0 0 0 0 0 0 0 0 0 0 0 0 0 0 0 0 0 0 0 0 0 0 0 0 0 0 0 0 0 0 0 0 0 0 0 0 0 0 0 0 0 0 0 0 0 0 0 0 0 0 0 0 0 0 0 0 0 0 0 0 0 0 0 0 0 0 0 0 0 0 0 0 0 0 0 0 0 0 0 0 0 0 0 0 0 0 0 0 0 0 0 0 0 0 0 0 0 0 0 0 0 0 0 0 0 0 0 0 0 0 0 0 0 0 0 0 0 0 0 0 0 0 0 0 0 0 0 0 0 0 0 0 0 0 0 0 0 0 0 0 0 0 0 0 0 0 0 0 0 0 0 0 0 0 0 0 0 0 0 0 0 0 0 0 0 0 0 0 0 0 0 0 0 0 0 0 0 48 0 0 0 0 0 0 0 3 0 0 0 0 0 0 0 0 0 0 0 0 0 0 0 0 0 0 0 0 0 0 0 0 0 0 0 0 0 0 0 0 0 0 0 0 0 0 0 0 0 0 0 0 0 0 0 0 0 0 0 0 0 0 0 0 0 0 48 0 0 0 0 0 0 0 0 23 0 0 0 0 0 0 0 0 0 0 0 0 0 0 0 0 0 0 0 0 0 0 0 0 0 0 0 0 0 0 0 0 0 0 0 0 0 0 0 0 0 0 0 0 0 0 0 0 0 0 0 0 0 0 0 0 0 0 0 0 0 0 0 0 0 0 0 0 0 0 0 0 0 0 0 0 0 0 0 0 0 0 0 0 0 0 0 0 0 0 0 0 0 0 0 0 0 0 0 0 0 0 0 0 0 0 0 0 0 0 0 0 0 0 0 0 0 0 0 0 0 0 0 0 0 0 0 0 0 0 0 0 0 0 0 0 0 0 0 0 0 0 0 0 0 0 0 0 0 0 0 0 0 0 0 0 0 0 0 0 0 0 0 0 0 0 0 0 0 0 0 0 0 0 0 0 0 0 0 0 0 0 0 0 0 0 0 0 0 0 0 0 0 0 0 0 0 0 0 0 0 0 0 0 0 0 0 0 0 0 0 0 0 0 0 0 0 0 0 0 0 0 0 0 0 0 0 0 0 0 0 0 0 0 0 0 0 0 0 0 0 0 0 0 0 0 0 0 0 0 0 0 0 0 0 0 0 0 0 0 0 0 0 0 0 0 0 0 0 0 0 0 0 0 0 0 0 0 0 0 0 0 0 0 0 0 0 0 0 0 0 0 0 0 0 0 0 0 0 0 0 0 0 0 0 0 0 0 0 0 0 0 0 0 0 0 0 0 0 0 0 0 0 0 0 0 0 0 0 0 0 0 0 0 0 0 0 0 0 0 0 0 0 0 0 0 0 0 0 0 0 0 0 0 0 0 0 0 0 0 0 0 0 0 0 0 0 0 0 0 0 0 0 0 0 0 0 0 0 0 0 0 0 0 0 0 0 0 0 0 0 0 0 0 0 0 0 0 0 0 0 0 0 0 0 0 0 0 0 0 0 0 0 0 0 0 0 0 0 0 0 0 0 0 0 0 0 0 0 0 0 0 0 0 0 0 0 0 0 0 0 0 0 0 0 0 0 0 0 0 0 0 0 0 0 0 0 0 0 0 0 0 0 0 0 0 0 0 0 0 0 0 0 0 0 0 0 0 0 0 0 0 0 0 0 0 0 0 0 0 0 0 0 0 0 0 0 0 0 0 0 0 0 0 0 0 0 0 0 0 0 0 0 0 0 0 0 0 0 0 0 0 0 0 0 0 0 0 0 0 0 0 0 0 0 0 0 0 0 0 0 0 0 0 0 0 0 0 0 0 0 0 0 0 0 0 0 0 0 0 0 0 0 0 0 0 0 0 0 0 0 0 0 0 0 0 0 0 0 0 0 0 0 0 0 0 0 0 0 0 0 0 0 0 0 0 0 0 0 0 0 0 0 0 0 0 0 0 0 0 0 0 0 0 0 0 0 0 0 0 0 0 0 0 0 0 0 0 0 0 0 0 0 0 0 0 0 0 0 0 0 0 0 0 0 0 0 0 0 0 0 0 0 0 0 0 0 0 0 0 0 0 0 0 0 0 0 0 0 0 0 0 0 0 0 0 0 0 0 0 0 0 0 0 0 0 0 0 0 0 0 0 0 0 0 0 0 0 0 0 0 0 0 0 0 0 0 0 0 0 0 0 0 0 0 0 0 0 0 0 0 0 0 0 0 0 0 0 0 0 0 0 0 0 0 0 0 0 0 0 0 0 0 0 0 0 0 0 0 0 0 0 0 0 0 0 0 0 0 0 0 0 0 0 0 0 0 0 0 0 0 0 0 0 0 0 0 0 0 0 0 0 0 0 0 0 0 0 0 0 0 0 0 0 0 0 0 0 0 0 0 0 0 0 0 0 0 0 0 0 0 0 0 0 0 0 0 0 0 0 0 0 0 0 0 0 0 0 0 0 0 0 0 0 0 0 0 0 0 0 0 0 0 0 0 0 0 0 0 0 0 0 0 0 0 0 0 0 0 0 0 0 0 0 0 0 0 0 0 0 0 0 0 0 0 0 0 0 0 0 0 0 0 0 0 0 0 0 0 0 0 0 0 0 0 0 0 0 0 0 0 0 0 0 0 0 0 0 0 0 0 0 0 0 0 0 0 0 0 0 0 0 0 0 0 0 0 0 0 0 0 0 0 0 0 0 0 0 0 0 0 0 0 0 0 0 0 0 0 0 0 0 0 0 0 0 0 0 0 0 0 0 0 0 0 0 0 0 0 0 0 0 0 0 0 0 0 0 0 0 0 0 0 0 0 0 0 0 0 0 0 0 0 0 0 0 0 0 0 0 0 0 0 0 0 0 0 0 0 0 0 0 0 0 0 0 0 0 0 0 0 0 0 0 0 0 0 0 0 0 0 0 0 0 0 0 0 0 0 0 0 0 0 0 0 0 0 0 0 0 0 0 0 0 0 0 0 0 0 0 0 0 0 0 0 0 0 0 0 0 0 0 0 0 0 0 0 0 0 0 0 0 0 0 0 0 0 0 0 0 0 0 0 0 0 0 0 0 0 0 0 0 0 0 0 0 0 0 0 0 0 0 0 0 0 0 0 0 0 0 0 0 0 0 0 0 0 0 0 0 0 0 0 0 0 0 0 0 0 0 0 0 0 0 0 0 0 0 0 0 0 0 0 0 0 0 0 0 0 0 0 0 0 0 0 0 0 0 0 0 0 0 0 0 0 0 0 0 0 0 0 0 0 0 0 0 0 0 0 0 0 0 0 0 0 0 0 0 0 0 0 0 0 0 0 0 0 0 0 0 0 0 0 0 0 0 0 0 0 0 0 0 0 0 0 0 0 0 0 0 0 0 0 0 0 0 0 0 0 0 0 0 0 0 0 0 0 0 0 0 0 0 0 0 0 0 0 0 0 0 0 0 0 0 0 0 0 0 0 0 0 0 0 0 0 0 0 0 0 0 0 0 0 0 0 0 0 0 0 0 0 0 0 0 0 0 0 0 0 0 0 0 0 0 0 0 0 0 0 0 0 0 0 0 0 0 0 0 0 0 0 0 0 0 0 0 0 0 0 0 0 0 0 0 0 0 0 0 0 0 0 0 0 0 0 0 0 0 0 0 0 0 0 0 0 0 0 0 0 0 0 0 0 0 0 0 0 0 0 0 0 0 0 0 0 0 0 0 0 0 0 0 0 0 0 0 0 0 0 0 0 0 0 0 0 0 0 0 0 0 0 0 0 0 0 0 0 0 0 0 0 0 0 0 0 0 0 0 0 0 0 0 0 0 0 0 0 0 0 0 0 0 0 0 0 0 0 0 0 0 0 0 0 0 0 0 0 0 0 0 0 0 0 0 0 0 0 0 0 0 0 0 0 0 0 0 0 0 0 0 0 0 0 0 0 0 0 0 0 0 0 0 0 0 0 0 0 0 0 0 0 0 0 0 0 0 0 0 0 0 0 0 0 0 0 0 0 0 0 0 0 0 0 0 0 0 0 0 0 0 0 0 0 0 0 0 0 0 0 0 0 0 0 0 0 0 0 0 0 0 0 0 0 0 0 0 0 0 0 0 0 0 0 0 0 0 0 0 0 0 0 0 0 0 0 0 0 0 0 0 0 0 0 0 0 0 0 0 0 0 0 0 0 0 0 0 0 0 0 0 0 0 0 0 0 0 0 0 0 0 0 0 0 0 0 0 0 0 0 0 0 0 0 0 0 0 0 0 0 0 0 0 0 0 0 0 0 0 0 0 0 0 0 0 0 0 0 0 0 0 0 0 0 0 0 0 0 0 0 0 0 0 0 0 0 0 0 0 0 0 0 0 0 0 0 0 0 0 0 0 0 0 0 0 0 0 0 0 0 0 0 0 0 0 0 0 0 0 0 0 0 0 0 0 0 0 0 0 0 0 0 0 0 0 0 0 0 0 0 0 0 0 0 0 0 0 0 0 0 0 0 0 0 0 0 0 0 0 0 0 0 0 0 0 0 0 0 0 0 0 0 0 0 0 0 0 0 0 0 0 0 0 0 0 0 0 0 0 0 0 0 0 0 0 0 0 0 0 0 0 0 0 0 0 0 0 0 0 0 0 0 0 0 0 0 0 0 0 0 0 0 0 0 0 0 0 0 0 0 0 0 0 0 0 0 0 0 0 0 0 0 0 0 0 0 0 0 0 0 0 0 0 0 0 0 0 0 0 0 0 0 0 0 0 0 0 0 0 0 0 0 0 0 0 0 0 0 0 0 0 0 0 0 0 0 0 0 0 0 0 0 0 0 0 0 0 0 0 0 0 0 0 0 0 0 0 0 0 0 0 0 0 0 0 0 0 0 0 0 0 0 0 0 0 0 0 0 0 0 0 0 0 0 0 0 0 0 0 0 0 0 0 0 0 0 0 0 0 0 0 0 0 0 0 0 0 0 0 0 0 0 0 0 0 0 0 0 0 0 0 0 0 0 0 0 0 0 0 0 0 0 0 0 0 0 0 0 0 0 0 0 0 0 0 0 0 0 0 0 0 0 0 0 0 0 0 0 0 0 0 0 0 0 0 0 0 0 0 0 0 0 0 0 0 0 0 0 0 0 0 0 0 0 0 0 0 0 0 0 0 0 0 0 0 0 0 0 0 0 0 0 0 0 0 0 0 0 0 0 0 0 0 0 0 0 0 0 0 0 0 0 0 0 0 0 0 0 0 0 0 0 0 0 0 0 0 0 0 0 0 0 0 0 0 0 0 0 0 0 0 0 0 0 0 0 0 0 0 0 0 0 0 0 0 0 0 0 0 0 0 0 0 0 0 0 0 0 0 0 0 0 0 0 0 0 0 0 0 0 0 0 0 0 0 0 0 0 0 0 0 0 0 0 0 0 0 0 0 0 0 0 0 0 0 0 0 0 0 0 0 0 0 0 0 0 0 0 0 0 0 0 0 0 0 0 0 0 0 0 0 0 0 0 0 0 0 0 0 0 0 0 0 0 0 0 0 0 0 0 0 0 0 0 0 0 0 0 0 0 0 0 0 0 0 0 0 0 0 0 0 0 0 0 0 0 0 0 0 0 0 0 0 0 0 0 0 0 0 0 0 0 0 0 0 0 0 0 0 0 0 0 0 0 0 0 0 0 0 0 0 0 0 0 0 0 0 0 0 0 0 0 0 0 0 0 0 0 0 0 0 0 0 0 0 0 0 0 0 0 0 0 0 0 0 0 0 0 0 0 0 0 0 0 0 0 0 0 0 0 0 0 0 0 0 0 0 0 0 0 0 0 0 0 0 0 0 0 0 0 0 0 0 0 0 0 0 0 0 0 0 0 0 0 0 0 0 0 0 0 0 0 0 0 0 0 0 0 0 0 0 0 0 0 0 0 0 0 0 0 0 0 0 0 0 0 0 0 0 0 0 0 0 0 0 0 0 0 0 0 0 0 0 0 0 0 0 0 0 0 0 0 0 0 0 0 0 0 0 0 0 0 0 0 0 0 0 0 0 0 0 0 0 0 0 0 0 0 0 0 0 0 0 0 0 0 0 0 0 0 0 0 0 0 0 0 0 0 0 0 0 0 0 0 0 0 0 0 0 0 0 0 0 0 0 0 0 0 0 0 0 0 0 0 0 0 0 0 0 0 0 0 0 0 0 0 0 0 0 0 0 0 0 0 0 0 0 0 0 0 0 0 0 0 0 0 0 0 0 0 0 0 0 0 0 0 0 0 0 0 0 0 0 0 0 0 0 0 0 0 0 0 0 0 0 0 0 0 0 0 0 0 0 0 0 0 0 0 0 0 0 0 0 0 0 0 0 0 0 0 0 0 0 0 0 0 0 0 0 0 0 0 0 0 0 0 0 0 0 0 0 0 0 0 0 0 0 0 0 0 0 0 0 0 0 0 0 0 0 0 0 0 0 0 0 0 0 0 0 0 0 0 0 0 0 0 0 0 0 0 0 0 0 0 0 0 0 0 0 0 0 0 0 0 0 0 0 0 0 0 0 0 0 0 0 0 0 0 0 0 0 0 0 0 0 0 0 0 0 0 0 0 0 0 0 0 0 0 0 0 0 0 0 0 0 0 0 0 0 0 0 0 0 0 0 0 0 0 0 0 0 0 0 0 0 0 0 0 0 0 0 0 0 0 0 0 0 0 0 0 0 0 0 0 0 0 0 0 0 0 0 0 0 0 0 0 0 0 0 0 0 0 0 0 0 0 0 0 0 0 0 0 0 0 0 0 0 0 0 0 0 0 0 0 0 0 0 0 0 0 0 0 0 0 0 0 0 0 0 0 0 0 0 0 0 0 0 0 0 0 0 0 0 0 0 0 0 0 0 0 0 0 0 0 0 0 0 0 0 0 0 0 0 0 0 0 0 0 0 0 0 0 0 0 0 0 0 0 0 0 0 0 0 0 0 0 0 0 0 0 0 0 0 0 0 0 0 0 0 0 0 0 0 0 0 0 0 0 0 0 0 0 0 0 0 0 0 0 0 0 0 0 0 0 0 0 0 0 0 0 0 0 0 0 0 0 0 0 0 0 0 0 0 0 0 0 0 0 0 0 0 0 0 0 0 0 0 0 0 0 0 0 0 0 0 0 0 0 0 0 0 0 0 0 0 0 0 0 0 0 0 0 0 0 0 0 0 0 0 0 0 0 0 0 0 0 0 0 0 0 0 0 0 0 0 0 0 0 0 0 0 0 0 0 0 0 0 0 0 0 0 0 0 0 0 0 0 0 0 0 0 0 0 0 0 0 0 0 0 0 0 0 0 0 0 0 0 0 0 0 0 0 0 0 0 0 0 0 0 0 0 0 0 0 0 0 0 0 0 0 0 0 0 0 0 0 0 0 0 0 0 0 0 0 0 0 0 0 0 0 0 0 0 0 0 0 0 0 0 0 0 0 0 0 0 0 0 0 0 0 0 0 0 0 0 0 0 0 0 0 0 0 0 0 0 0 0 0 0 0 0 0 0 0 0 0 0 0 0 0 0 0 0 0 0 0 0 0 0 0 0 0 0 0 0 0 0 0 0 0 0 0 0 0 0 0 0 0 0 0 0 0 0 0 0 0 0 0 0 0 0 0 0 0 0 0 0 0 0 0 0 0 0 0 0 0 0 0 0 0 0 0 0 0 0 0 0 0 0 0 0 0 0 0 0 0 0 0 0 0 0 0 0 0 0 0 0 0 0 0 0 0 0 0 0 0 0 0 0 0 0 0 0 0 0 0 0 0 0 0 0 0 0 0 0 0 0 0 0 0 0 0 0 0 0 0 0 0 0 0 0 0 0 0 0 0 0 0 0 0 0 0 0 0 0 0 0 0 0 0 0 0 0 0 0 0 0 0 0 0 0 0 0 0 0 0 0 0 0 0 0 0 0 0 0 0 0 0 0 0 0 0 0 0 0 0 0 0 0 0 0 0 0 0 0 0 0 0 0 0 0 0 0 0 0 0 0 0 0 0 0 0 0 0 0 0 0 0 0 0 0 0 0 0 0 0 0 0 0 0 0 0 0 0 0 0 0 0 0 0 0 0 0 0 0 0 0 0 0 0 0 0 0 0 0 0 0 0 0 0 0 0 0 0 0 0 0 0 0 0 0 0 0 0 0 0 0 0 0 0 0 0 0 0 0 0 0 0 0 0 0 0 0 0 0 0 0 0 0 0 0 0 0 0 0 0 0 0 0 0 0 0 0 0 0 0 0 0 0 0 0 0 0 0 0 0 0 0 0 0 0 0 0 0 0 0 0 0 0 0 0 0 0 0 0 0 0 0 0 0 0 0 0 0 0 0 0 0 0 0 0 0 0 0 0 0 0 0 0 0 0 0 0 0 0 0 0 0 0 0 0 0 0 0 0 0 0 0 0 0 0 0 0 0 0 0 0 0 0 0 0 0 0 0 0 0 0 0 0 0 0 0 0 0 0 0 0 0 0 0 0 0 0 0 0 0 0 0 0 0 0 0 0 0 0 0 0 0 0 0 0 0 0 0 0 0 0 0 0 0 0 0 0 0 0 0 0 0 0 0 0 0 0 0 0 0 0 0 0 0 0 0 0 0 0 0 0 0 0 0 0 0 0 0 0 0 0 0 0 0 0 0 0 0 0 0 0 0 0 0 0 0 0 0 0 0 0 0 0 0 0 0 0 0 0 0 0 0 0 0 0 0 0 0 0 0 0 0 0 0 0 0 0 0 0 0 0 0 0 0 0 0 0 0 0 0 0 0 0 0 0 0 0 0 0 0 0 0 0 0 0 0 0 0 0 0 0 0 0 0 0 0 0 0 0 0 0 0 0 0 0 0 0 0
ctxt 12520737
btime 1613064757
processes 245913
procs_running 1
procs_blocked 0
softirq 249233364 1 162586569 2587 2198181 0 0 886 7909971 0 76535169
