cpu  1656973 6 5277 1954658 145 0 220 0 0 0
cpu0 25920 0 269 30132 0 0 95 0 0 0
cpu1 25807 0 97 30593 11 0 16 0 0 0
cpu2 25910 0 164 30401 0 0 12 0 0 0
cpu3 25855 0 38 30645 0 0 0 0 0 0
cpu4 25882 0 136 30502 0 0 1 0 0 0
cpu5 25857 0 40 30636 1 0 0 0 0 0
cpu6 26035 0 148 30340 0 0 1 0 0 0
cpu7 25858 0 36 30640 1 0 0 0 0 0
cpu8 25969 0 170 30389 1 0 2 0 0 0
cpu9 25608 0 246 30642 0 0 38 0 0 0
cpu10 25945 0 119 30470 1 0 0 0 0 0
cpu11 25859 0 25 30644 4 0 0 0 0 0
cpu12 25913 0 89 30527 0 0 0 0 0 0
cpu13 25854 0 38 30641 0 0 0 0 0 0
cpu14 25874 0 92 30561 0 0 3 0 0 0
cpu15 25861 0 31 30637 0 0 0 0 0 0
cpu16 26390 2 235 29885 7 0 0 0 0 0
cpu17 25859 0 31 30641 0 0 0 0 0 0
cpu18 25859 0 118 30547 0 0 0 0 0 0
cpu19 25857 0 38 30634 0 0 0 0 0 0
cpu20 26130 0 106 30162 80 0 3 0 0 0
cpu21 25857 0 34 30637 0 0 0 0 0 0
cpu22 25857 0 65 30607 2 0 1 0 0 0
cpu23 25858 0 36 30632 0 0 0 0 0 0
cpu24 25923 0 88 30507 4 0 0 0 0 0
cpu25 25856 0 35 30634 2 0 0 0 0 0
cpu26 25866 0 89 30567 0 0 2 0 0 0
cpu27 25861 0 27 30639 0 0 0 0 0 0
cpu28 25861 0 68 30595 0 0 0 0 0 0
cpu29 25856 0 34 30638 0 0 0 0 0 0
cpu30 25923 0 90 30500 2 0 0 0 0 0
cpu31 25862 0 38 30628 0 0 0 0 0 0
cpu32 26011 0 160 30337 0 0 0 0 0 0
cpu33 25772 0 121 30629 0 0 3 0 0 0
cpu34 25916 0 140 30426 0 0 0 0 0 0
cpu35 25861 0 36 30626 0 0 0 0 0 0
cpu36 25933 0 128 30451 0 0 0 0 0 0
cpu37 25856 0 31 30635 0 0 0 0 0 0
cpu38 26006 0 177 30322 0 0 0 0 0 0
cpu39 25856 0 36 30631 0 0 0 0 0 0
cpu40 25970 0 175 30368 1 0 0 0 0 0
cpu41 25832 0 58 30630 0 0 1 0 0 0
cpu42 25928 0 131 30470 0 0 0 0 0 0
cpu43 25860 0 42 30613 0 0 0 0 0 0
cpu44 25911 1 81 30521 0 0 0 0 0 0
cpu45 25732 0 142 30621 0 0 25 0 0 0
cpu46 25892 0 66 30553 0 0 0 0 0 0
cpu47 25857 0 36 30620 0 0 0 0 0 0
cpu48 25859 0 60 30599 0 0 0 0 0 0
cpu49 25855 0 28 30638 0 0 0 0 0 0
cpu50 25862 0 53 30596 0 0 0 0 0 0
cpu51 25857 0 35 30625 0 0 0 0 0 0
cpu52 26135 0 91 30278 2 0 0 0 0 0
cpu53 25856 0 34 30628 0 0 0 0 0 0
cpu54 25871 0 58 30580 0 0 1 0 0 0
cpu55 25850 0 38 30623 0 0 0 0 0 0
cpu56 25882 0 81 30555 0 0 0 0 0 0
cpu57 25856 0 34 30618 7 0 0 0 0 0
cpu58 25851 0 64 30599 0 0 0 0 0 0
cpu59 25856 0 33 30625 0 0 0 0 0 0
cpu60 25864 0 58 30591 0 0 1 0 0 0
cpu61 25858 0 43 30612 0 0 0 0 0 0
cpu62 25903 0 66 30538 0 0 0 0 0 0
cpu63 25858 0 43 30612 0 0 0 0 0 0
intr 5192571 83 0 0 0 612 0 0 0 1 0 285 0 0 0 0 0 0 0 0 0 0 0 0 0 0 0 0 0 0 0 0 0 0 0 0 0 0 0 5 6 12412 0 30 0 1 0 0 12333 1196 0 2 0 1077 0 17 0 2 0 2806 2 20 772 3 1 2 12 1 11 4 420 5 4984 0 23 1 0 0 0 39 0 0 0 66 0 4 0 6 0 0 0 51 0 3003 981 4 0 880 2 2522 0 2 4 0 0 0 0 0 0 0 0 0 0 0 0 0 0 0 0 0 30690 94 0 0 0 0 0 0 0 0 0 0 0 0 0 0 0 0 0 0 0 0 0 0 0 0 0 0 0 0 0 0 0 0 0 0 0 0 0 0 0 0 0 0 0 0 0 0 0 0 0 0 0 0 0 0 0 0 0 0 0 0 0 0 0 0 0 0 0 0 0 0 0 0 0 0 0 20 0 0 0 0 0 0 0 0 0 0 0 0 0 0 0 0 0 0 0 0 0 0 0 0 0 0 0 0 0 0 0 0 0 0 0 0 0 0 0 0 0 0 0 0 0 0 0 0 0 0 0 0 0 0 0 0 0 0 0 0 0 0 0 0 0 0 0 0 0 0 0 0 0 0 0 0 0 0 0 0 0 0 0 0 0 0 0 0 0 0 0 0 0 0 0 0 0 0 0 0 0 0 0 0 0 0 0 0 0 0 0 0 0 0 0 0 0 0 0 0 0 0 0 0 0 0 0 0 0 0 0 0 0 0 0 0 0 0 0 0 0 0 0 0 0 0 0 0 0 0 0 0 0 0 0 0 0 0 0 0 0 0 0 0 0 0 0 0 0 0 0 0 0 0 0 0 0 0 0 0 0 0 0 0 0 0 0 0 0 0 0 0 0 0 0 0 0 0 0 0 0 0 0 0 0 0 0 0 0 0 0 0 0 0 0 0 0 0 0 0 0 0 0 0 0 0 0 0 0 0 0 0 0 0 0 0 0 0 0 0 0 0 0 0 0 0 0 0 0 0 0 0 0 0 0 0 0 0 0 0 0 0 0 0 0 0 0 0 0 0 0 0 0 0 0 0 0 0 0 0 0 0 0 0 0 0 0 0 0 0 0 0 0 0 0 0 0 0 0 0 0 0 0 0 0 0 0 0 0 0 0 0 0 0 0 0 0 0 0 0 0 0 0 0 0 0 0 0 0 0 0 0 0 0 0 0 0 0 0 0 0 0 0 0 0 0 0 0 0 0 0 0 0 0 0 0 0 0 0 0 0 0 0 0 0 0 0 0 0 0 0 0 0 0 0 0 0 0 0 0 0 0 0 0 0 0 0 0 0 0 0 0 0 0 0 0 0 0 0 0 0 0 0 0 0 0 0 0 0 0 0 0 0 0 0 0 0 0 0 0 0 0 0 0 0 0 0 0 0 0 0 0 0 0 0 0 0 0 0 0 0 0 0 0 0 0 0 0 0 0 0 0 0 0 0 0 0 0 0 0 0 0 0 0 0 0 0 0 0 0 0 0 0 0 0 0 0 0 0 0 0 0 0 0 0 0 0 0 0 0 0 0 0 0 0 0 0 0 0 0 0 0 0 0 0 0 0 0 0 0 0 0 0 0 0 0 0 0 0 0 0 0 0 0 0 0 0 0 0 0 0 0 0 0 0 0 0 0 0 0 0 0 0 0 0 0 0 0 0 0 0 0 0 0 0 0 0 0 0 0 0 0 0 0 0 0 0 0 0 0 0 0 0 0 0 0 0 0 0 0 0 0 0 0 0 0 0 0 0 0 0 0 0 0 0 0 0 0 0 0 0 0 0 0 0 0 0 0 0 0 0 0 0 0 0 0 0 0 0 0 0 0 0 0 0 0 0 0 0 0 0 0 0 0 0 0 0 0 0 0 0 0 0 0 0 0 0 0 0 0 0 0 0 0 0 0 0 0 0 0 0 0 0 0 0 0 0 0 0 0 0 0 0 0 0 0 0 0 0 0 0 0 0 0 0 0 0 0 0 0 0 0 0 0 0 0 0 0 0 0 0 0 0 0 0 0 0 0 0 0 0 0 0 0 0 0 0 0 0 0 0 0 0 0 0 0 0 0 0 0 0 0 0 0 0 0 0 0 0 0 0 0 0 0 0 0 0 0 0 0 0 0 0 0 0 0 0 0 0 0 0 0 0 0 0 0 0 0 0 0 0 0 0 0 0 0 0 0 0 0 0 0 0 0 0 0 0 0 0 0 0 0 0 0 0 0 0 0 0 0 0 0 0 0 0 0 0 0 0 0 0 0 0 0 0 0 0 0 0 0 0 0 0 0 0 0 0 0 0 0 0 0 0 0 0 0 0 0 0 0 0 0 0 0 0 0 0 0 0 0 0 0 0 0 0 0 0 0 0 0 0 0 0 0 0 0 0 0 0 0 0 0 0 0 0 0 0 0 0 0 0 0 0 0 0 0 0 0 0 0 0 0 0 0 0 0 0 0 0 0 0 0 0 0 0 0 0 0 0 0 0 0 0 0 0 0 0 0 0 0 0 0 0 0 0 0 0 0 0 0 0 0 0 0 0 0 0 0 0 0 0 0 0 0 0 0 0 0 0 0 0 0 0 0 0 0 0 0 0 0 0 0 0 0 0 0 0 0 0 0 0 0 0 0 0 0 0 0 0 0 0 0 0 0 0 0 0 0 0 0 0 0 0 0 0 0 0 0 0 0 0 0 0 0 0 0 0 0 0 0 0 0 0 0 0 0 0 0 0 0 0 0 0 0 0 0 0 0 0 0 0 0 0 0 0 0 0 0 0 0 0 0 0 0 0 0 0 0 0 0 0 0 0 0 0 0 0 0 0 0 0 0 0 0 0 0 0 0 0 0 0 0 0 0 0 0 0 0 0 0 0 0 0 0 0 0 0 0 0 0 0 0 0 0 0 0 0 0 0 0 0 0 0 0 0 0 0 0 0 0 0 0 0 0 0 0 0 0 0 0 0 0 0 0 0 0 0 0 0 0 0 0 0 0 0 0 0 0 0 0 0 0 0 0 0 0 0 0 0 0 0 0 0 0 0 0 0 0 0 0 0 0 0 0 0 0 0 0 0 0 0 0 0 0 0 0 0 0 0 0 0 0 0 0 0 0 0 0 0 0 0 0 0 0 0 0 0 0 0 0 0 0 0 0 0 0 0 0 0 0 0 0 0 0 0 0 0 0 0 0 0 0 0 0 0 0 0 0 0 0 0 0 0 0 0 0 0 0 0 0 0 0 0 0 0 0 0 0 0 0 0 0 0 0 0 0 0 0 0 0 0 0 0 0 0 0 0 0 0 0 0 0 0 0 0 0 0 0 0 0 0 0 0 0 0 0 0 0 0 0 0 0 0 0 0 0 0 0 0 0 0 0 0 0 0 0 0 0 0 0 0 0 0 0 0 0 0 0 0 0 0 0 0 0 0 0 0 0 0 0 0 0 0 0 0 0 0 0 0 0 0 0 0 0 0 0 0 0 0 0 0 0 0 0 0 0 0 0 0 0 0 0 0 0 0 0 0 0 0 0 0 0 0 0 0 0 0 0 0 0 0 0 0 0 0 0 0 0 0 0 0 0 0 0 0 0 0 0 0 0 0 0 0 0 0 0 0 0 0 0 0 0 0 0 0 0 0 0 0 0 0 0 0 0 0 0 0 0 0 0 0 0 0 0 0 0 0 0 0 0 0 0 0 0 0 0 0 0 0 0 0 0 0 0 0 0 0 0 0 0 0 0 0 0 0 0 0 0 0 0 0 0 0 0 0 0 0 0 0 0 0 0 0 0 0 0 0 0 0 0 0 0 0 0 0 0 0 0 0 0 0 0 0 0 0 0 0 0 0 0 0 0 0 0 0 0 0 0 0 0 0 0 0 0 0 0 0 0 0 0 0 0 0 0 0 0 0 0 0 0 0 0 0 0 0 0 0 0 0 0 0 0 0 0 0 0 0 0 0 0 0 0 0 0 0 0 0 0 0 0 0 0 0 0 0 0 0 0 0 0 0 0 0 0 0 0 0 0 0 0 0 0 0 0 0 0 0 0 0 0 0 0 0 0 0 0 0 0 0 0 0 0 0 0 0 0 0 0 0 0 0 0 0 0 0 0 0 0 0 0 0 0 0 0 0 0 0 0 0 0 0 0 0 0 0 0 0 0 0 0 0 0 0 0 0 0 0 0 0 0 0 0 0 0 0 0 0 0 0 0 0 0 0 0 0 0 0 0 0 0 0 0 0 0 0 0 0 0 0 0 0 0 0 0 0 0 0 0 0 0 0 0 0 0 0 0 0 0 0 0 0 0 0 0 0 0 0 0 0 0 0 0 0 0 0 0 0 0 0 0 0 0 0 0 0 0 0 0 0 0 0 0 0 0 0 0 0 0 0 0 0 0 0 0 0 0 0 0 0 0 0 0 0 0 0 0 0 0 0 0 0 0 0 0 0 0 0 0 0 0 0 0 0 0 0 0 0 0 0 0 0 0 0 0 0 0 0 0 0 0 0 0 0 0 0 0 0 0 0 0 0 0 0 0 0 0 0 0 0 0 0 0 0 0 0 0 0 0 0 0 0 0 0 0 0 0 0 0 0 0 0 0 0 0 0 0 0 0 0 0 0 0 0 0 0 0 0 0 0 0 0 0 0 0 0 0 0 0 0 0 0 0 0 0 0 0 0 0 0 0 0 0 0 0 0 0 0 0 0 0 0 0 0 0 0 0 0 0 0 0 0 0 0 0 0 0 0 0 0 0 0 0 0 0 0 0 0 0 0 0 0 0 0 0 0 0 0 0 0 0 0 0 0 0 0 0 0 0 0 0 0 0 0 0 0 0 0 0 0 0 0 0 0 0 0 0 0 0 0 0 0 0 0 0 0 0 0 0 0 0 0 0 0 0 0 0 0 0 0 0 0 0 0 0 0 0 0 0 0 0 0 0 0 0 0 0 0 0 0 0 0 0 0 0 0 0 0 0 0 0 0 0 0 0 0 0 0 0 0 0 0 0 0 0 0 0 0 0 0 0 0 0 0 0 0 0 0 0 0 0 0 0 0 0 0 0 0 0 0 0 0 0 0 0 0 0 0 0 0 0 0 0 0 0 0 0 0 0 0 0 0 0 0 0 0 0 0 0 0 0 0 0 0 0 0 0 0 0 0 0 0 0 0 0 0 0 0 0 0
ctxt 1160461
btime 1613144793
processes 25457
procs_running 1
procs_blocked 0
softirq 5406615 1 2907665 656 181555 0 0 149 293969 0 2022620
