cpu  17940282 5 25765 8376781 129 0 1784 0 0 0
cpu0 280042 0 792 130490 0 0 298 0 0 0
cpu1 280199 0 396 131007 2 0 98 0 0 0
cpu2 280041 0 645 130918 0 0 43 0 0 0
cpu3 280165 0 317 131145 7 0 22 0 0 0
cpu4 279922 0 712 130891 0 0 36 0 0 0
cpu5 280353 0 206 131086 0 0 16 0 0 0
cpu6 280343 0 469 130814 0 0 30 0 0 0
cpu7 279461 0 907 131133 0 0 142 0 0 0
cpu8 280328 0 578 130715 0 0 23 0 0 0
cpu9 280350 0 172 131111 0 0 17 0 0 0
cpu10 280332 0 485 130813 0 0 14 0 0 0
cpu11 280488 0 161 130997 0 0 8 0 0 0
cpu12 280234 0 447 130951 0 0 18 0 0 0
cpu13 280458 0 111 131087 0 0 0 0 0 0
cpu14 279955 0 723 130951 2 0 16 0 0 0
cpu15 280050 0 464 131073 0 0 67 0 0 0
cpu16 279688 0 968 130963 3 0 21 0 0 0
cpu17 280432 0 142 131064 0 0 8 0 0 0
cpu18 280220 0 785 130609 4 0 31 0 0 0
cpu19 280444 0 127 131078 0 0 4 0 0 0
cpu20 279966 0 1113 130429 59 0 32 0 0 0
cpu21 280455 0 138 131061 0 0 2 0 0 0
cpu22 279583 0 1036 130991 1 0 32 0 0 0
cpu23 280272 0 267 131073 0 0 37 0 0 0
cpu24 279772 1 814 131040 0 0 20 0 0 0
cpu25 280482 0 103 131063 0 0 2 0 0 0
cpu26 279820 0 785 131018 0 0 22 0 0 0
cpu27 280855 0 216 130573 0 0 7 0 0 0
cpu28 280411 0 354 130869 0 0 13 0 0 0
cpu29 280403 0 146 131094 0 0 4 0 0 0
cpu30 280083 0 589 130930 1 0 37 0 0 0
cpu31 280333 0 226 131059 1 0 26 0 0 0
cpu32 280389 0 592 130640 0 0 12 0 0 0
cpu33 280162 0 346 131081 0 0 22 0 0 0
cpu34 280250 0 383 130977 0 0 16 0 0 0
cpu35 280205 0 269 131145 0 0 15 0 0 0
cpu36 280296 0 367 130939 0 0 12 0 0 0
cpu37 280378 0 172 131080 0 0 16 0 0 0
cpu38 280263 0 600 130758 2 0 20 0 0 0
cpu39 279227 0 1092 131090 0 0 223 0 0 0
cpu40 280458 0 400 130771 0 0 12 0 0 0
cpu41 280313 0 227 131068 1 0 35 0 0 0
cpu42 282142 0 585 128876 14 0 5 0 0 0
cpu43 280446 0 113 131073 1 0 4 0 0 0
cpu44 281014 0 315 130309 0 0 4 0 0 0
cpu45 280486 0 84 131073 1 0 1 0 0 0
cpu46 281743 0 564 129295 2 0 5 0 0 0
cpu47 280451 0 115 131066 1 0 8 0 0 0
cpu48 280332 0 428 130861 0 0 7 0 0 0
cpu49 280486 0 82 131073 0 0 2 0 0 0
cpu50 280491 1 481 130580 0 0 58 0 0 0
cpu51 280460 0 109 131066 0 0 2 0 0 0
cpu52 280304 0 292 131026 0 0 11 0 0 0
cpu53 280504 0 83 131039 0 0 2 0 0 0
cpu54 280335 0 368 130916 0 0 13 0 0 0
cpu55 280423 0 144 131060 0 0 12 0 0 0
cpu56 280157 0 456 131014 0 0 11 0 0 0
cpu57 280489 0 76 131073 0 0 2 0 0 0
cpu58 280271 0 318 131037 3 0 11 0 0 0
cpu59 280418 0 140 131072 0 0 6 0 0 0
cpu60 280408 0 245 130968 0 0 6 0 0 0
cpu61 280339 0 215 131059 0 0 25 0 0 0
cpu62 280313 0 363 130640 0 0 15 0 0 0
cpu63 280369 0 321 130926 0 0 20 0 0 0
intr 51743149 83 0 0 0 622 0 0 0 1 0 285 0 0 0 0 0 0 0 0 0 0 0 0 0 0 0 0 0 0 0 0 0 0 0 0 0 0 0 1972 10448 1083 7052 1987 2914 358 22780 851 2125 600 4473 283 0 692 15188 2700 560 2136 2258 21406 316 4671 1818 1198 793 841 2125 510 709 954 2862 1239 6350 1077 5302 682 2264 2963 7284 1564 4513 758 346 283 1084 289 2271 1143 1407 38306 2022 1468 656 769 3550 523 969 1126 1039 888 1 499 4704 0 0 0 0 0 0 0 0 0 0 0 0 0 0 0 0 0 31565 93 0 0 0 0 0 0 0 0 0 0 0 0 0 0 0 0 0 0 0 0 0 0 0 0 0 0 0 0 0 0 0 0 0 0 0 0 0 0 0 0 0 0 0 0 0 0 0 0 0 0 0 0 0 0 0 0 0 0 0 0 0 0 0 0 0 0 0 0 0 0 0 0 0 0 0 25 0 0 0 0 0 0 0 0 0 0 0 0 0 0 0 0 0 0 0 0 0 0 0 0 0 0 0 0 0 0 0 0 0 0 0 0 0 0 0 0 0 0 0 0 0 0 0 0 0 0 0 0 0 0 0 0 0 0 0 0 0 0 0 0 0 0 0 0 0 0 0 0 0 0 0 0 0 0 0 0 0 0 0 0 0 0 0 0 0 0 0 0 0 0 0 0 0 0 0 0 0 0 0 0 0 0 0 0 0 0 0 0 0 0 0 0 0 0 0 0 0 0 0 0 0 0 0 0 0 0 0 0 0 0 0 0 0 0 0 0 0 0 0 0 0 0 0 0 0 0 0 0 0 0 0 0 0 0 0 0 0 0 0 0 0 0 0 0 0 0 0 0 0 0 0 0 0 0 0 0 0 0 0 0 0 0 0 0 0 0 0 0 0 0 0 0 0 0 0 0 0 0 0 0 0 0 0 0 0 0 0 0 0 0 0 0 0 0 0 0 0 0 0 0 0 0 0 0 0 0 0 0 0 0 0 0 0 0 0 0 0 0 0 0 0 0 0 0 0 0 0 0 0 0 0 0 0 0 0 0 0 0 0 0 0 0 0 0 0 0 0 0 0 0 0 0 0 0 0 0 0 0 0 0 0 0 0 0 0 0 0 0 0 0 0 0 0 0 0 0 0 0 0 0 0 0 0 0 0 0 0 0 0 0 0 0 0 0 0 0 0 0 0 0 0 0 0 0 0 0 0 0 0 0 0 0 0 0 0 0 0 0 0 0 0 0 0 0 0 0 0 0 0 0 0 0 0 0 0 0 0 0 0 0 0 0 0 0 0 0 0 0 0 0 0 0 0 0 0 0 0 0 0 0 0 0 0 0 0 0 0 0 0 0 0 0 0 0 0 0 0 0 0 0 0 0 0 0 0 0 0 0 0 0 0 0 0 0 0 0 0 0 0 0 0 0 0 0 0 0 0 0 0 0 0 0 0 0 0 0 0 0 0 0 0 0 0 0 0 0 0 0 0 0 0 0 0 0 0 0 0 0 0 0 0 0 0 0 0 0 0 0 0 0 0 0 0 0 0 0 0 0 0 0 0 0 0 0 0 0 0 0 0 0 0 0 0 0 0 0 0 0 0 0 0 0 0 0 0 0 0 0 0 0 0 0 0 0 0 0 0 0 0 0 0 0 0 0 0 0 0 0 0 0 0 0 0 0 0 0 0 0 0 0 0 0 0 0 0 0 0 0 0 0 0 0 0 0 0 0 0 0 0 0 0 0 0 0 0 0 0 0 0 0 0 0 0 0 0 0 0 0 0 0 0 0 0 0 0 0 0 0 0 0 0 0 0 0 0 0 0 0 0 0 0 0 0 0 0 0 0 0 0 0 0 0 0 0 0 0 0 0 0 0 0 0 0 0 0 0 0 0 0 0 0 0 0 0 0 0 0 0 0 0 0 0 0 0 0 0 0 0 0 0 0 0 0 0 0 0 0 0 0 0 0 0 0 0 0 0 0 0 0 0 0 0 0 0 0 0 0 0 0 0 0 0 0 0 0 0 0 0 0 0 0 0 0 0 0 0 0 0 0 0 0 0 0 0 0 0 0 0 0 0 0 0 0 0 0 0 0 0 0 0 0 0 0 0 0 0 0 0 0 0 0 0 0 0 0 0 0 0 0 0 0 0 0 0 0 0 0 0 0 0 0 0 0 0 0 0 0 0 0 0 0 0 0 0 0 0 0 0 0 0 0 0 0 0 0 0 0 0 0 0 0 0 0 0 0 0 0 0 0 0 0 0 0 0 0 0 0 0 0 0 0 0 0 0 0 0 0 0 0 0 0 0 0 0 0 0 0 0 0 0 0 0 0 0 0 0 0 0 0 0 0 0 0 0 0 0 0 0 0 0 0 0 0 0 0 0 0 0 0 0 0 0 0 0 0 0 0 0 0 0 0 0 0 0 0 0 0 0 0 0 0 0 0 0 0 0 0 0 0 0 0 0 0 0 0 0 0 0 0 0 0 0 0 0 0 0 0 0 0 0 0 0 0 0 0 0 0 0 0 0 0 0 0 0 0 0 0 0 0 0 0 0 0 0 0 0 0 0 0 0 0 0 0 0 0 0 0 0 0 0 0 0 0 0 0 0 0 0 0 0 0 0 0 0 0 0 0 0 0 0 0 0 0 0 0 0 0 0 0 0 0 0 0 0 0 0 0 0 0 0 0 0 0 0 0 0 0 0 0 0 0 0 0 0 0 0 0 0 0 0 0 0 0 0 0 0 0 0 0 0 0 0 0 0 0 0 0 0 0 0 0 0 0 0 0 0 0 0 0 0 0 0 0 0 0 0 0 0 0 0 0 0 0 0 0 0 0 0 0 0 0 0 0 0 0 0 0 0 0 0 0 0 0 0 0 0 0 0 0 0 0 0 0 0 0 0 0 0 0 0 0 0 0 0 0 0 0 0 0 0 0 0 0 0 0 0 0 0 0 0 0 0 0 0 0 0 0 0 0 0 0 0 0 0 0 0 0 0 0 0 0 0 0 0 0 0 0 0 0 0 0 0 0 0 0 0 0 0 0 0 0 0 0 0 0 0 0 0 0 0 0 0 0 0 0 0 0 0 0 0 0 0 0 0 0 0 0 0 0 0 0 0 0 0 0 0 0 0 0 0 0 0 0 0 0 0 0 0 0 0 0 0 0 0 0 0 0 0 0 0 0 0 0 0 0 0 0 0 0 0 0 0 0 0 0 0 0 0 0 0 0 0 0 0 0 0 0 0 0 0 0 0 0 0 0 0 0 0 0 0 0 0 0 0 0 0 0 0 0 0 0 0 0 0 0 0 0 0 0 0 0 0 0 0 0 0 0 0 0 0 0 0 0 0 0 0 0 0 0 0 0 0 0 0 0 0 0 0 0 0 0 0 0 0 0 0 0 0 0 0 0 0 0 0 0 0 0 0 0 0 0 0 0 0 0 0 0 0 0 0 0 0 0 0 0 0 0 0 0 0 0 0 0 0 0 0 0 0 0 0 0 0 0 0 0 0 0 0 0 0 0 0 0 0 0 0 0 0 0 0 0 0 0 0 0 0 0 0 0 0 0 0 0 0 0 0 0 0 0 0 0 0 0 0 0 0 0 0 0 0 0 0 0 0 0 0 0 0 0 0 0 0 0 0 0 0 0 0 0 0 0 0 0 0 0 0 0 0 0 0 0 0 0 0 0 0 0 0 0 0 0 0 0 0 0 0 0 0 0 0 0 0 0 0 0 0 0 0 0 0 0 0 0 0 0 0 0 0 0 0 0 0 0 0 0 0 0 0 0 0 0 0 0 0 0 0 0 0 0 0 0 0 0 0 0 0 0 0 0 0 0 0 0 0 0 0 0 0 0 0 0 0 0 0 0 0 0 0 0 0 0 0 0 0 0 0 0 0 0 0 0 0 0 0 0 0 0 0 0 0 0 0 0 0 0 0 0 0 0 0 0 0 0 0 0 0 0 0 0 0 0 0 0 0 0 0 0 0 0 0 0 0 0 0 0 0 0 0 0 0 0 0 0 0 0 0 0 0 0 0 0 0 0 0 0 0 0 0 0 0 0 0 0 0 0 0 0 0 0 0 0 0 0 0 0 0 0 0 0 0 0 0 0 0 0 0 0 0 0 0 0 0 0 0 0 0 0 0 0 0 0 0 0 0 0 0 0 0 0 0 0 0 0 0 0 0 0 0 0 0 0 0 0 0 0 0 0 0 0 0 0 0 0 0 0 0 0 0 0 0 0 0 0 0 0 0 0 0 0 0 0 0 0 0 0 0 0 0 0 0 0 0 0 0 0 0 0 0 0 0 0 0 0 0 0 0 0 0 0 0 0 0 0 0 0 0 0 0 0 0 0 0 0 0 0 0 0 0 0 0 0 0 0 0 0 0 0 0 0 0 0 0 0 0 0 0 0 0 0 0 0 0 0 0 0 0 0 0 0 0 0 0 0 0 0 0 0 0 0 0 0 0 0 0 0 0 0 0 0 0 0 0 0 0 0 0 0 0 0 0 0 0 0 0 0 0 0 0 0 0 0 0 0 0 0 0 0 0 0 0 0 0 0 0 0 0 0 0 0 0 0 0 0 0 0 0 0 0 0 0 0 0 0 0 0 0 0 0 0 0 0 0 0 0 0 0 0 0 0 0 0 0 0 0 0 0 0 0 0 0 0 0 0 0 0 0 0 0 0 0 0 0 0 0 0 0 0 0 0 0 0 0 0 0 0 0 0 0 0 0 0 0 0 0 0 0 0 0 0 0 0 0 0 0 0 0 0 0 0 0 0 0 0 0 0 0 0 0 0 0 0 0 0 0 0 0 0 0 0 0 0 0 0 0 0 0 0 0 0 0 0 0 0 0 0 0 0 0 0 0 0 0 0 0 0 0 0 0 0 0 0 0 0 0 0 0 0 0 0 0 0 0 0 0 0 0 0 0 0 0 0 0 0 0 0 0 0 0 0 0 0 0 0 0 0 0 0 0 0 0 0 0 0 0 0 0 0 0 0 0 0 0 0 0 0 0 0 0 0 0 0 0 0 0 0 0 0 0 0 0 0 0 0 0 0 0 0 0 0 0 0 0 0 0 0 0 0 0 0 0 0 0 0 0 0 0 0 0 0 0 0 0 0 0 0 0 0 0 0 0 0 0 0 0 0 0 0 0 0 0 0 0 0 0 0 0 0 0 0 0 0 0 0 0 0
ctxt 8152553
btime 1613123984
processes 196144
procs_running 1
procs_blocked 0
softirq 59077442 1 34399675 1578 1591251 0 0 143 1800877 0 21283917
