cpu  341 6 3243 1245574 34 0 13 0 0 0
cpu0 6 0 230 19119 0 0 8 0 0 0
cpu1 2 0 49 19472 0 0 1 0 0 0
cpu2 8 0 46 19475 0 0 0 0 0 0
cpu3 2 0 36 19496 0 0 0 0 0 0
cpu4 9 0 63 19456 0 0 0 0 0 0
cpu5 5 0 36 19492 0 0 0 0 0 0
cpu6 10 0 148 19320 0 0 0 0 0 0
cpu7 5 0 43 19486 0 0 0 0 0 0
cpu8 9 0 57 19459 0 0 0 0 0 0
cpu9 3 0 40 19481 0 0 0 0 0 0
cpu10 6 0 104 19412 1 0 0 0 0 0
cpu11 1 0 38 19492 0 0 0 0 0 0
cpu12 5 2 81 19429 3 0 0 0 0 0
cpu13 1 0 47 19483 0 0 0 0 0 0
cpu14 2 1 51 19474 0 0 0 0 0 0
cpu15 2 0 33 19495 0 0 0 0 0 0
cpu16 7 0 44 19470 0 0 0 0 0 0
cpu17 6 0 37 19486 0 0 0 0 0 0
cpu18 4 0 48 19472 0 0 0 0 0 0
cpu19 8 0 39 19479 0 0 0 0 0 0
cpu20 2 0 49 19471 0 0 0 0 0 0
cpu21 19 0 45 19455 7 0 0 0 0 0
cpu22 10 0 55 19464 0 0 0 0 0 0
cpu23 0 0 39 19484 0 0 0 0 0 0
cpu24 2 0 51 19470 2 0 0 0 0 0
cpu25 2 0 36 19486 0 0 0 0 0 0
cpu26 25 0 58 19444 0 0 0 0 0 0
cpu27 1 0 33 19488 0 0 0 0 0 0
cpu28 2 0 46 19475 0 0 0 0 0 0
cpu29 2 0 43 19477 0 0 0 0 0 0
cpu30 6 0 56 19464 0 0 0 0 0 0
cpu31 2 0 39 19478 1 0 0 0 0 0
cpu32 6 0 37 19484 0 0 0 0 0 0
cpu33 1 0 39 19484 0 0 0 0 0 0
cpu34 10 0 55 19459 0 0 0 0 0 0
cpu35 2 0 41 19465 4 0 2 0 0 0
cpu36 8 0 42 19473 0 0 0 0 0 0
cpu37 2 0 37 19481 0 0 0 0 0 0
cpu38 5 0 42 19472 0 0 0 0 0 0
cpu39 4 0 42 19475 0 0 0 0 0 0
cpu40 4 0 47 19471 0 0 0 0 0 0
cpu41 2 0 35 19482 0 0 0 0 0 0
cpu42 6 0 48 19457 0 0 0 0 0 0
cpu43 0 0 34 19483 0 0 0 0 0 0
cpu44 2 0 58 19458 0 0 0 0 0 0
cpu45 0 0 38 19480 0 0 0 0 0 0
cpu46 4 0 58 19454 0 0 0 0 0 0
cpu47 2 0 32 19482 0 0 0 0 0 0
cpu48 5 0 56 19443 0 0 0 0 0 0
cpu49 21 0 48 19444 0 0 0 0 0 0
cpu50 3 0 44 19464 0 0 0 0 0 0
cpu51 8 0 42 19464 0 0 0 0 0 0
cpu52 7 0 50 19451 0 0 0 0 0 0
cpu53 4 0 34 19472 0 0 0 0 0 0
cpu54 2 0 44 19469 0 0 0 0 0 0
cpu55 2 0 50 19460 2 0 0 0 0 0
cpu56 6 0 48 19462 0 0 0 0 0 0
cpu57 1 0 40 19473 0 0 0 0 0 0
cpu58 3 0 51 19458 0 0 0 0 0 0
cpu59 2 0 44 19466 0 0 0 0 0 0
cpu60 9 0 36 19459 0 0 0 0 0 0
cpu61 2 0 44 19468 0 0 0 0 0 0
cpu62 5 0 43 19462 0 0 0 0 0 0
cpu63 3 0 40 19464 0 0 0 0 0 0
intr 347741 84 0 0 0 630 0 0 0 1 0 282 0 0 0 0 0 0 0 0 0 0 0 0 0 0 0 0 0 0 0 0 0 0 0 0 0 0 0 1 0 4 0 48 4 1 12 18 5 0 0 0 0 0 0 2 0 0 1 6 2 0 0 0 0 58 3 3 21 0 1 0 0 0 6209 0 0 0 1 2 0 2 0 0 0 0 31 0 0 0 0 0 0 0 0 59 2 2 0 7 21 22 9 0 0 0 0 0 0 0 0 0 0 0 0 0 0 0 0 0 92 3988 0 0 0 0 0 0 0 0 0 0 0 0 0 0 0 0 0 0 0 0 0 0 0 0 0 0 0 0 0 0 0 0 0 0 0 0 0 0 0 0 0 0 0 0 0 0 0 0 0 0 0 0 0 0 0 0 0 0 0 0 0 0 0 0 0 0 0 0 0 0 0 0 0 0 0 23 0 0 0 0 0 0 0 0 0 0 0 0 0 0 0 0 0 0 0 0 0 0 0 0 0 0 0 0 0 0 0 0 0 0 0 0 0 0 0 0 0 0 0 0 0 0 0 0 0 0 0 0 0 0 0 0 0 0 0 0 0 0 0 0 0 0 0 0 0 0 0 0 0 0 0 0 0 0 0 0 0 0 0 0 0 0 0 0 0 0 0 0 0 0 0 0 0 0 0 0 0 0 0 0 0 0 0 0 0 0 0 0 0 0 0 0 0 0 0 0 0 0 0 0 0 0 0 0 0 0 0 0 0 0 0 0 0 0 0 0 0 0 0 0 0 0 0 0 0 0 0 0 0 0 0 0 0 0 0 0 0 0 0 0 0 0 0 0 0 0 0 0 0 0 0 0 0 0 0 0 0 0 0 0 0 0 0 0 0 0 0 0 0 0 0 0 0 0 0 0 0 0 0 0 0 0 0 0 0 0 0 0 0 0 0 0 0 0 0 0 0 0 0 0 0 0 0 0 0 0 0 0 0 0 0 0 0 0 0 0 0 0 0 0 0 0 0 0 0 0 0 0 0 0 0 0 0 0 0 0 0 0 0 0 0 0 0 0 0 0 0 0 0 0 0 0 0 0 0 0 0 0 0 0 0 0 0 0 0 0 0 0 0 0 0 0 0 0 0 0 0 0 0 0 0 0 0 0 0 0 0 0 0 0 0 0 0 0 0 0 0 0 0 0 0 0 0 0 0 0 0 0 0 0 0 0 0 0 0 0 0 0 0 0 0 0 0 0 0 0 0 0 0 0 0 0 0 0 0 0 0 0 0 0 0 0 0 0 0 0 0 0 0 0 0 0 0 0 0 0 0 0 0 0 0 0 0 0 0 0 0 0 0 0 0 0 0 0 0 0 0 0 0 0 0 0 0 0 0 0 0 0 0 0 0 0 0 0 0 0 0 0 0 0 0 0 0 0 0 0 0 0 0 0 0 0 0 0 0 0 0 0 0 0 0 0 0 0 0 0 0 0 0 0 0 0 0 0 0 0 0 0 0 0 0 0 0 0 0 0 0 0 0 0 0 0 0 0 0 0 0 0 0 0 0 0 0 0 0 0 0 0 0 0 0 0 0 0 0 0 0 0 0 0 0 0 0 0 0 0 0 0 0 0 0 0 0 0 0 0 0 0 0 0 0 0 0 0 0 0 0 0 0 0 0 0 0 0 0 0 0 0 0 0 0 0 0 0 0 0 0 0 0 0 0 0 0 0 0 0 0 0 0 0 0 0 0 0 0 0 0 0 0 0 0 0 0 0 0 0 0 0 0 0 0 0 0 0 0 0 0 0 0 0 0 0 0 0 0 0 0 0 0 0 0 0 0 0 0 0 0 0 0 0 0 0 0 0 0 0 0 0 0 0 0 0 0 0 0 0 0 0 0 0 0 0 0 0 0 0 0 0 0 0 0 0 0 0 0 0 0 0 0 0 0 0 0 0 0 0 0 0 0 0 0 0 0 0 0 0 0 0 0 0 0 0 0 0 0 0 0 0 0 0 0 0 0 0 0 0 0 0 0 0 0 0 0 0 0 0 0 0 0 0 0 0 0 0 0 0 0 0 0 0 0 0 0 0 0 0 0 0 0 0 0 0 0 0 0 0 0 0 0 0 0 0 0 0 0 0 0 0 0 0 0 0 0 0 0 0 0 0 0 0 0 0 0 0 0 0 0 0 0 0 0 0 0 0 0 0 0 0 0 0 0 0 0 0 0 0 0 0 0 0 0 0 0 0 0 0 0 0 0 0 0 0 0 0 0 0 0 0 0 0 0 0 0 0 0 0 0 0 0 0 0 0 0 0 0 0 0 0 0 0 0 0 0 0 0 0 0 0 0 0 0 0 0 0 0 0 0 0 0 0 0 0 0 0 0 0 0 0 0 0 0 0 0 0 0 0 0 0 0 0 0 0 0 0 0 0 0 0 0 0 0 0 0 0 0 0 0 0 0 0 0 0 0 0 0 0 0 0 0 0 0 0 0 0 0 0 0 0 0 0 0 0 0 0 0 0 0 0 0 0 0 0 0 0 0 0 0 0 0 0 0 0 0 0 0 0 0 0 0 0 0 0 0 0 0 0 0 0 0 0 0 0 0 0 0 0 0 0 0 0 0 0 0 0 0 0 0 0 0 0 0 0 0 0 0 0 0 0 0 0 0 0 0 0 0 0 0 0 0 0 0 0 0 0 0 0 0 0 0 0 0 0 0 0 0 0 0 0 0 0 0 0 0 0 0 0 0 0 0 0 0 0 0 0 0 0 0 0 0 0 0 0 0 0 0 0 0 0 0 0 0 0 0 0 0 0 0 0 0 0 0 0 0 0 0 0 0 0 0 0 0 0 0 0 0 0 0 0 0 0 0 0 0 0 0 0 0 0 0 0 0 0 0 0 0 0 0 0 0 0 0 0 0 0 0 0 0 0 0 0 0 0 0 0 0 0 0 0 0 0 0 0 0 0 0 0 0 0 0 0 0 0 0 0 0 0 0 0 0 0 0 0 0 0 0 0 0 0 0 0 0 0 0 0 0 0 0 0 0 0 0 0 0 0 0 0 0 0 0 0 0 0 0 0 0 0 0 0 0 0 0 0 0 0 0 0 0 0 0 0 0 0 0 0 0 0 0 0 0 0 0 0 0 0 0 0 0 0 0 0 0 0 0 0 0 0 0 0 0 0 0 0 0 0 0 0 0 0 0 0 0 0 0 0 0 0 0 0 0 0 0 0 0 0 0 0 0 0 0 0 0 0 0 0 0 0 0 0 0 0 0 0 0 0 0 0 0 0 0 0 0 0 0 0 0 0 0 0 0 0 0 0 0 0 0 0 0 0 0 0 0 0 0 0 0 0 0 0 0 0 0 0 0 0 0 0 0 0 0 0 0 0 0 0 0 0 0 0 0 0 0 0 0 0 0 0 0 0 0 0 0 0 0 0 0 0 0 0 0 0 0 0 0 0 0 0 0 0 0 0 0 0 0 0 0 0 0 0 0 0 0 0 0 0 0 0 0 0 0 0 0 0 0 0 0 0 0 0 0 0 0 0 0 0 0 0 0 0 0 0 0 0 0 0 0 0 0 0 0 0 0 0 0 0 0 0 0 0 0 0 0 0 0 0 0 0 0 0 0 0 0 0 0 0 0 0 0 0 0 0 0 0 0 0 0 0 0 0 0 0 0 0 0 0 0 0 0 0 0 0 0 0 0 0 0 0 0 0 0 0 0 0 0 0 0 0 0 0 0 0 0 0 0 0 0 0 0 0 0 0 0 0 0 0 0 0 0 0 0 0 0 0 0 0 0 0 0 0 0 0 0 0 0 0 0 0 0 0 0 0 0 0 0 0 0 0 0 0 0 0 0 0 0 0 0 0 0 0 0 0 0 0 0 0 0 0 0 0 0 0 0 0 0 0 0 0 0 0 0 0 0 0 0 0 0 0 0 0 0 0 0 0 0 0 0 0 0 0 0 0 0 0 0 0 0 0 0 0 0 0 0 0 0 0 0 0 0 0 0 0 0 0 0 0 0 0 0 0 0 0 0 0 0 0 0 0 0 0 0 0 0 0 0 0 0 0 0 0 0 0 0 0 0 0 0 0 0 0 0 0 0 0 0 0 0 0 0 0 0 0 0 0 0 0 0 0 0 0 0 0 0 0 0 0 0 0 0 0 0 0 0 0 0 0 0 0 0 0 0 0 0 0 0 0 0 0 0 0 0 0 0 0 0 0 0 0 0 0 0 0 0 0 0 0 0 0 0 0 0 0 0 0 0 0 0 0 0 0 0 0 0 0 0 0 0 0 0 0 0 0 0 0 0 0 0 0 0 0 0 0 0 0 0 0 0 0 0 0 0 0 0 0 0 0 0 0 0 0 0 0 0 0 0 0 0 0 0 0 0 0 0 0 0 0 0 0 0 0 0 0 0 0 0 0 0 0 0 0 0 0 0 0 0 0 0 0 0 0 0 0 0 0 0 0 0 0 0 0 0 0 0 0 0 0 0 0 0 0 0 0 0 0 0 0 0 0 0 0 0 0 0 0 0 0 0 0 0 0 0 0 0 0 0 0 0 0 0 0 0 0 0 0 0 0 0 0 0 0 0 0 0 0 0 0 0 0 0 0 0 0 0 0 0 0 0 0 0 0 0 0 0 0 0 0 0 0 0 0 0 0 0 0 0 0 0 0 0 0 0 0 0 0 0 0 0 0 0 0 0 0 0 0 0 0 0 0 0 0 0 0 0 0 0 0 0 0 0 0 0 0 0 0 0 0 0 0 0 0 0 0 0 0 0 0 0 0 0 0 0 0 0 0 0 0 0 0 0 0 0 0 0 0 0 0 0 0 0 0 0 0 0 0 0 0 0 0 0 0 0 0 0 0 0 0 0 0 0 0 0 0 0 0 0 0 0 0 0 0 0 0 0 0 0 0 0 0 0 0 0 0 0 0 0 0 0 0 0 0 0 0 0 0 0 0 0 0 0 0 0 0 0 0 0 0 0 0 0 0 0 0 0 0 0 0 0 0 0 0 0 0 0 0 0 0 0 0 0 0 0 0 0 0 0 0 0 0 0 0 0 0 0 0 0 0 0 0 0 0 0 0 0 0 0 0 0 0 0 0 0 0 0 0 0 0 0 0 0 0 0 0 0 0 0 0 0 0 0 0 0 0 0 0 0 0 0 0 0 0 0 0 0 0 0 0 0
ctxt 114135
btime 1613144793
processes 1420
procs_running 1
procs_blocked 0
softirq 242859 1 84871 63 6558 0 0 125 88252 0 62989
