cpu  14983534 3 21631 6940331 457 0 2220 0 0 0
cpu0 415740 0 932 192656 1 0 422 0 0 0
cpu1 416345 0 695 192548 22 0 61 0 0 0
cpu2 415958 0 826 192797 17 0 104 0 0 0
cpu3 416142 0 622 192890 5 0 29 0 0 0
cpu4 415934 0 806 192907 3 0 30 0 0 0
cpu5 416176 0 477 192981 2 0 40 0 0 0
cpu6 416039 0 551 193038 6 0 38 0 0 0
cpu7 416069 0 717 192806 1 0 70 0 0 0
cpu8 416178 0 484 192986 1 0 24 0 0 0
cpu9 416592 0 470 192614 1 0 2 0 0 0
cpu10 415813 0 852 192927 6 0 65 0 0 0
cpu11 416000 0 582 193049 1 0 31 0 0 0
cpu12 415908 0 766 192917 38 0 29 0 0 0
cpu13 416786 0 545 192308 4 0 30 0 0 0
cpu14 416172 0 579 192829 88 0 12 0 0 0
cpu15 414682 0 1445 192849 49 0 640 0 0 0
cpu16 416188 0 643 192815 2 0 13 0 0 0
cpu17 415881 0 816 192929 2 0 35 0 0 0
cpu18 416263 0 412 192944 4 0 19 0 0 0
cpu19 416447 0 541 192597 15 0 37 0 0 0
cpu20 416060 0 676 192849 5 0 82 0 0 0
cpu21 416381 0 337 192951 1 0 6 0 0 0
cpu22 416253 0 413 192962 23 0 13 0 0 0
cpu23 415750 0 730 193068 0 0 124 0 0 0
cpu24 416186 0 401 193049 7 0 29 0 0 0
cpu25 416234 0 420 192971 13 0 30 0 0 0
cpu26 416426 0 294 192944 2 0 2 0 0 0
cpu27 416612 0 462 192569 16 0 2 0 0 0
cpu28 417049 0 853 191680 2 0 90 0 0 0
cpu29 416703 0 378 192561 1 0 5 0 0 0
cpu30 417143 0 552 191871 77 0 17 0 0 0
cpu31 416488 0 446 192709 1 0 17 0 0 0
cpu32 416253 0 400 193003 1 0 7 0 0 0
cpu33 416289 1 439 192892 6 0 28 0 0 0
cpu34 416214 0 498 192923 13 0 8 0 0 0
cpu35 416168 0 556 192924 2 0 13 0 0 0
intr 41626474 56 0 0 0 610 0 0 0 1 0 250 0 0 0 0 0 0 0 0 0 0 0 0 0 0 0 0 0 0 0 0 94 398 395 749 2629 373 620 1086 167 128 65 459 80 4694 390 3722 2304 505 432 245 386 400 176 1340 31 0 0 0 0 329 534 189 840 154 45 10207 147 67 724 492 202 0 0 17 10612 2 0 15843 411 3871 416 2248 3010 621 4164 1446 346 4500 2568 5389 397 1118 136804 1454 4161 5829 991 357 1026 685 264 257 1303 508 385 3554 1520 6390 3613 1173 2650 1252 1447 0 16 7741 1 0 0 0 0 0 0 0 0 0 0 0 0 0 0 0 0 0 0 0 0 0 0 0 0 0 0 0 0 0 0 0 0 0 0 0 0 0 25 0 0 0 0 0 0 0 0 0 0 0 0 0 0 0 0 0 0 0 0 0 0 0 0 0 0 0 0 0 0 0 0 0 0 0 0 0 0 0 0 0 0 0 0 0 0 0 0 0 0 0 0 0 0 0 0 0 0 0 0 0 0 0 0 0 0 0 0 0 0 0 0 0 0 0 0 0 0 0 0 0 0 0 0 0 0 0 0 0 0 0 0 0 0 0 0 0 0 0 0 0 0 0 0 0 0 0 0 0 0 0 0 0 0 0 0 0 0 0 0 0 0 0 0 0 0 0 0 0 0 0 0 0 0 0 0 0 0 0 0 0 0 0 0 0 0 0 0 0 0 0 0 0 0 0 0 0 0 0 0 0 0 0 0 0 0 0 0 0 0 0 0 0 0 0 0 0 0 0 0 0 0 0 0 0 0 0 0 0 0 0 0 0 0 0 0 0 0 0 0 0 0 0 0 0 0 0 0 0 0 0 0 0 0 0 0 0 0 0 0 0 0 0 0 0 0 0 0 0 0 0 0 0 0 0 0 0 0 0 0 0 0 0 0 0 0 0 0 0 0 0 0 0 0 0 0 0 0 0 0 0 0 0 0 0 0 0 0 0 0 0 0 0 0 0 0 0 0 0 0 0 0 0 0 0 0 0 0 0 0 0 0 0 0 0 0 0 0 0 0 0 0 0 0 0 0 0 0 0 0 0 0 0 0 0 0 0 0 0 0 0 0 0 0 0 0 0 0 0 0 0 0 0 0 0 0 0 0 0 0 0 0 0 0 0 0 0 0 0 0 0 0 0 0 0 0 0 0 0 0 0 0 0 0 0 0 0 0 0 0 0 0 0 0 0 0 0 0 0 0 0 0 0 0 0 0 0 0 0 0 0 0 0 0 0 0 0 0 0 0 0 0 0 0 0 0 0 0 0 0 0 0 0 0 0 0 0 0 0 0 0 0 0 0 0 0 0 0 0 0 0 0 0 0 0 0 0 0 0 0 0 0 0 0 0 0 0 0 0 0 0 0 0 0 0 0 0 0 0 0 0 0 0 0 0 0 0 0 0 0 0 0 0 0 0 0 0 0 0 0 0 0 0 0 0 0 0 0 0 0 0 0 0 0 0 0 0 0 0 0 0 0 0 0 0 0 0 0 0 0 0 0 0 0 0 0 0 0 0 0 0 0 0 0 0 0 0 0 0 0 0 0 0 0 0 0 0 0 0 0 0 0 0 0 0 0 0 0 0 0 0 0 0 0 0 0 0 0 0 0 0 0 0 0 0 0 0 0 0 0 0 0 0 0 0 0 0 0 0 0 0 0 0 0 0 0 0 0 0 0 0 0 0 0 0 0 0 0 0 0 0 0 0 0 0 0 0 0 0 0 0 0 0 0 0 0 0 0 0 0 0 0 0 0 0 0 0 0 0 0 0 0 0 0 0 0 0 0 0 0 0 0 0 0 0 0 0 0 0 0 0 0 0 0 0 0 0 0 0 0 0 0 0 0 0 0 0 0 0 0 0 0 0 0 0 0 0 0 0 0 0 0 0 0 0 0 0 0 0 0 0 0 0 0 0 0 0 0 0 0 0 0 0 0 0 0 0 0 0 0 0 0 0 0 0 0 0 0 0 0 0 0 0 0 0 0 0 0 0 0 0 0 0 0 0 0 0 0 0 0 0 0 0 0 0 0 0 0 0 0 0 0 0 0 0 0 0 0 0 0 0 0 0 0 0 0 0 0 0 0 0 0 0 0 0 0 0 0 0 0 0 0 0 0 0 0 0 0 0 0 0 0 0 0 0 0 0 0 0 0 0 0 0 0 0 0 0 0 0 0 0 0 0 0 0 0 0 0 0 0 0 0 0 0 0 0 0 0 0 0 0 0 0 0 0 0 0 0 0 0 0 0 0 0 0 0 0 0 0 0 0 0 0 0 0 0 0 0 0 0 0 0 0 0 0 0 0 0 0 0 0 0 0 0 0 0 0 0 0 0 0 0 0 0 0 0 0 0 0 0 0 0 0 0 0 0 0 0 0 0 0 0 0 0 0 0 0 0 0 0 0 0 0 0 0 0 0 0 0 0 0 0 0 0 0 0 0 0 0 0 0 0 0 0 0 0 0 0 0 0 0 0 0 0 0 0 0 0 0 0 0 0 0 0 0 0 0 0 0 0 0 0 0 0 0 0 0 0 0 0 0 0 0 0 0 0 0 0 0 0 0 0 0 0 0 0 0 0 0 0 0 0 0 0 0 0 0 0 0 0 0 0 0 0 0 0 0 0 0 0 0 0 0 0 0 0 0 0 0 0 0 0 0 0 0 0 0 0 0 0 0 0 0 0 0 0 0 0 0 0 0 0 0 0 0 0 0 0 0 0 0 0 0 0 0 0 0 0 0 0 0 0 0 0 0 0 0 0 0 0 0 0 0 0 0 0 0 0 0 0 0 0 0 0 0 0 0 0 0 0 0 0 0 0 0 0 0 0 0 0
ctxt 11519462
btime 1613124388
processes 291293
procs_running 1
procs_blocked 0
softirq 53361277 1 30416480 681 2193124 0 0 219823 1460738 0 19070430
