cpu  3613568 6 7504 1990636 126 0 382 0 0 0
cpu0 56381 0 309 30794 0 0 122 0 0 0
cpu1 56417 0 91 31163 8 0 13 0 0 0
cpu2 56404 0 130 31164 0 0 2 0 0 0
cpu3 56440 0 48 31218 0 0 0 0 0 0
cpu4 56418 0 159 31114 0 0 4 0 0 0
cpu5 56418 0 70 31217 0 0 2 0 0 0
cpu6 56576 0 272 30804 0 0 1 0 0 0
cpu7 55836 0 560 31191 0 0 119 0 0 0
cpu8 56473 0 158 31059 0 0 1 0 0 0
cpu9 56263 0 210 31206 0 0 18 0 0 0
cpu10 56552 0 204 30926 1 0 0 0 0 0
cpu11 56372 0 114 31214 0 0 3 0 0 0
cpu12 56572 2 305 30796 13 0 6 0 0 0
cpu13 56438 0 61 31203 0 0 1 0 0 0
cpu14 56568 1 168 30958 2 0 2 0 0 0
cpu15 56395 0 89 31219 0 0 0 0 0 0
cpu16 56566 0 138 30985 0 0 1 0 0 0
cpu17 56451 0 40 31211 0 0 0 0 0 0
cpu18 56482 0 153 31066 0 0 0 0 0 0
cpu19 56454 0 42 31203 0 0 0 0 0 0
cpu20 56424 0 128 31137 0 0 1 0 0 0
cpu21 56462 0 50 31180 7 0 0 0 0 0
cpu22 56420 0 113 31162 0 0 4 0 0 0
cpu23 56444 0 43 31209 0 0 0 0 0 0
cpu24 56583 0 128 30954 6 0 1 0 0 0
cpu25 56447 0 38 31211 0 0 0 0 0 0
cpu26 56660 0 138 30903 0 0 1 0 0 0
cpu27 56444 0 38 31213 0 0 0 0 0 0
cpu28 56383 0 150 31156 0 0 4 0 0 0
cpu29 56445 0 52 31187 9 0 0 0 0 0
cpu30 56380 0 135 31181 0 0 2 0 0 0
cpu31 56444 0 48 31179 20 0 0 0 0 0
cpu32 56410 0 113 31177 0 0 0 0 0 0
cpu33 56443 0 45 31208 1 0 0 0 0 0
cpu34 56446 0 105 31144 0 0 0 0 0 0
cpu35 56428 0 53 31178 7 0 17 0 0 0
cpu36 56393 0 115 31188 0 0 0 0 0 0
cpu37 56425 0 61 31201 3 0 2 0 0 0
cpu38 56942 0 128 30620 0 0 0 0 0 0
cpu39 56389 0 102 31186 7 0 9 0 0 0
cpu40 57044 0 287 30343 2 0 0 0 0 0
cpu41 56235 0 236 31191 10 0 19 0 0 0
cpu42 56575 0 142 30946 2 0 0 0 0 0
cpu43 56388 0 93 31199 6 0 3 0 0 0
cpu44 56486 0 162 31033 0 0 1 0 0 0
cpu45 56426 0 62 31204 0 0 0 0 0 0
cpu46 56609 0 151 30925 0 0 0 0 0 0
cpu47 56379 0 98 31207 0 0 4 0 0 0
cpu48 56580 0 138 30959 1 0 0 0 0 0
cpu49 56464 0 54 31168 0 0 0 0 0 0
cpu50 56516 0 107 31059 0 0 0 0 0 0
cpu51 56448 0 50 31189 0 0 0 0 0 0
cpu52 56457 0 93 31130 0 0 0 0 0 0
cpu53 56445 0 41 31198 0 0 0 0 0 0
cpu54 56450 0 88 31145 0 0 0 0 0 0
cpu55 56445 0 56 31181 2 0 0 0 0 0
cpu56 56529 0 83 31075 0 0 0 0 0 0
cpu57 56445 0 44 31199 0 0 0 0 0 0
cpu58 56514 0 91 31078 0 0 0 0 0 0
cpu59 56446 0 49 31192 0 0 0 0 0 0
cpu60 56444 0 73 31160 0 0 0 0 0 0
cpu61 56444 0 50 31192 0 0 0 0 0 0
cpu62 56436 0 76 31169 0 0 0 0 0 0
cpu63 56450 0 52 31175 0 0 0 0 0 0
intr 10900285 84 0 0 0 630 0 0 0 1 0 282 0 0 0 0 0 0 0 0 0 0 0 0 0 0 0 0 0 0 0 0 0 0 0 0 0 0 0 5 0 592 0 1994 1218 4 2104 28 14949 2 3184 263 782 0 1412 4 0 393 4 510 2 1302 0 6 0 337 14 5734 57 0 131 0 5 0 21384 0 1085 3 2466 5 14078 2 1416 31 456 3 2565 0 0 0 0 0 0 2 0 789 4 5 0 7 89 24 20 0 0 0 0 0 0 0 0 0 0 0 0 0 0 0 0 0 92 29796 0 0 0 0 0 0 0 0 0 0 0 0 0 0 0 0 0 0 0 0 0 0 0 0 0 0 0 0 0 0 0 0 0 0 0 0 0 0 0 0 0 0 0 0 0 0 0 0 0 0 0 0 0 0 0 0 0 0 0 0 0 0 0 0 0 0 0 0 0 0 0 0 0 0 0 23 0 0 0 0 0 0 0 0 0 0 0 0 0 0 0 0 0 0 0 0 0 0 0 0 0 0 0 0 0 0 0 0 0 0 0 0 0 0 0 0 0 0 0 0 0 0 0 0 0 0 0 0 0 0 0 0 0 0 0 0 0 0 0 0 0 0 0 0 0 0 0 0 0 0 0 0 0 0 0 0 0 0 0 0 0 0 0 0 0 0 0 0 0 0 0 0 0 0 0 0 0 0 0 0 0 0 0 0 0 0 0 0 0 0 0 0 0 0 0 0 0 0 0 0 0 0 0 0 0 0 0 0 0 0 0 0 0 0 0 0 0 0 0 0 0 0 0 0 0 0 0 0 0 0 0 0 0 0 0 0 0 0 0 0 0 0 0 0 0 0 0 0 0 0 0 0 0 0 0 0 0 0 0 0 0 0 0 0 0 0 0 0 0 0 0 0 0 0 0 0 0 0 0 0 0 0 0 0 0 0 0 0 0 0 0 0 0 0 0 0 0 0 0 0 0 0 0 0 0 0 0 0 0 0 0 0 0 0 0 0 0 0 0 0 0 0 0 0 0 0 0 0 0 0 0 0 0 0 0 0 0 0 0 0 0 0 0 0 0 0 0 0 0 0 0 0 0 0 0 0 0 0 0 0 0 0 0 0 0 0 0 0 0 0 0 0 0 0 0 0 0 0 0 0 0 0 0 0 0 0 0 0 0 0 0 0 0 0 0 0 0 0 0 0 0 0 0 0 0 0 0 0 0 0 0 0 0 0 0 0 0 0 0 0 0 0 0 0 0 0 0 0 0 0 0 0 0 0 0 0 0 0 0 0 0 0 0 0 0 0 0 0 0 0 0 0 0 0 0 0 0 0 0 0 0 0 0 0 0 0 0 0 0 0 0 0 0 0 0 0 0 0 0 0 0 0 0 0 0 0 0 0 0 0 0 0 0 0 0 0 0 0 0 0 0 0 0 0 0 0 0 0 0 0 0 0 0 0 0 0 0 0 0 0 0 0 0 0 0 0 0 0 0 0 0 0 0 0 0 0 0 0 0 0 0 0 0 0 0 0 0 0 0 0 0 0 0 0 0 0 0 0 0 0 0 0 0 0 0 0 0 0 0 0 0 0 0 0 0 0 0 0 0 0 0 0 0 0 0 0 0 0 0 0 0 0 0 0 0 0 0 0 0 0 0 0 0 0 0 0 0 0 0 0 0 0 0 0 0 0 0 0 0 0 0 0 0 0 0 0 0 0 0 0 0 0 0 0 0 0 0 0 0 0 0 0 0 0 0 0 0 0 0 0 0 0 0 0 0 0 0 0 0 0 0 0 0 0 0 0 0 0 0 0 0 0 0 0 0 0 0 0 0 0 0 0 0 0 0 0 0 0 0 0 0 0 0 0 0 0 0 0 0 0 0 0 0 0 0 0 0 0 0 0 0 0 0 0 0 0 0 0 0 0 0 0 0 0 0 0 0 0 0 0 0 0 0 0 0 0 0 0 0 0 0 0 0 0 0 0 0 0 0 0 0 0 0 0 0 0 0 0 0 0 0 0 0 0 0 0 0 0 0 0 0 0 0 0 0 0 0 0 0 0 0 0 0 0 0 0 0 0 0 0 0 0 0 0 0 0 0 0 0 0 0 0 0 0 0 0 0 0 0 0 0 0 0 0 0 0 0 0 0 0 0 0 0 0 0 0 0 0 0 0 0 0 0 0 0 0 0 0 0 0 0 0 0 0 0 0 0 0 0 0 0 0 0 0 0 0 0 0 0 0 0 0 0 0 0 0 0 0 0 0 0 0 0 0 0 0 0 0 0 0 0 0 0 0 0 0 0 0 0 0 0 0 0 0 0 0 0 0 0 0 0 0 0 0 0 0 0 0 0 0 0 0 0 0 0 0 0 0 0 0 0 0 0 0 0 0 0 0 0 0 0 0 0 0 0 0 0 0 0 0 0 0 0 0 0 0 0 0 0 0 0 0 0 0 0 0 0 0 0 0 0 0 0 0 0 0 0 0 0 0 0 0 0 0 0 0 0 0 0 0 0 0 0 0 0 0 0 0 0 0 0 0 0 0 0 0 0 0 0 0 0 0 0 0 0 0 0 0 0 0 0 0 0 0 0 0 0 0 0 0 0 0 0 0 0 0 0 0 0 0 0 0 0 0 0 0 0 0 0 0 0 0 0 0 0 0 0 0 0 0 0 0 0 0 0 0 0 0 0 0 0 0 0 0 0 0 0 0 0 0 0 0 0 0 0 0 0 0 0 0 0 0 0 0 0 0 0 0 0 0 0 0 0 0 0 0 0 0 0 0 0 0 0 0 0 0 0 0 0 0 0 0 0 0 0 0 0 0 0 0 0 0 0 0 0 0 0 0 0 0 0 0 0 0 0 0 0 0 0 0 0 0 0 0 0 0 0 0 0 0 0 0 0 0 0 0 0 0 0 0 0 0 0 0 0 0 0 0 0 0 0 0 0 0 0 0 0 0 0 0 0 0 0 0 0 0 0 0 0 0 0 0 0 0 0 0 0 0 0 0 0 0 0 0 0 0 0 0 0 0 0 0 0 0 0 0 0 0 0 0 0 0 0 0 0 0 0 0 0 0 0 0 0 0 0 0 0 0 0 0 0 0 0 0 0 0 0 0 0 0 0 0 0 0 0 0 0 0 0 0 0 0 0 0 0 0 0 0 0 0 0 0 0 0 0 0 0 0 0 0 0 0 0 0 0 0 0 0 0 0 0 0 0 0 0 0 0 0 0 0 0 0 0 0 0 0 0 0 0 0 0 0 0 0 0 0 0 0 0 0 0 0 0 0 0 0 0 0 0 0 0 0 0 0 0 0 0 0 0 0 0 0 0 0 0 0 0 0 0 0 0 0 0 0 0 0 0 0 0 0 0 0 0 0 0 0 0 0 0 0 0 0 0 0 0 0 0 0 0 0 0 0 0 0 0 0 0 0 0 0 0 0 0 0 0 0 0 0 0 0 0 0 0 0 0 0 0 0 0 0 0 0 0 0 0 0 0 0 0 0 0 0 0 0 0 0 0 0 0 0 0 0 0 0 0 0 0 0 0 0 0 0 0 0 0 0 0 0 0 0 0 0 0 0 0 0 0 0 0 0 0 0 0 0 0 0 0 0 0 0 0 0 0 0 0 0 0 0 0 0 0 0 0 0 0 0 0 0 0 0 0 0 0 0 0 0 0 0 0 0 0 0 0 0 0 0 0 0 0 0 0 0 0 0 0 0 0 0 0 0 0 0 0 0 0 0 0 0 0 0 0 0 0 0 0 0 0 0 0 0 0 0 0 0 0 0 0 0 0 0 0 0 0 0 0 0 0 0 0 0 0 0 0 0 0 0 0 0 0 0 0 0 0 0 0 0 0 0 0 0 0 0 0 0 0 0 0 0 0 0 0 0 0 0 0 0 0 0 0 0 0 0 0 0 0 0 0 0 0 0 0 0 0 0 0 0 0 0 0 0 0 0 0 0 0 0 0 0 0 0 0 0 0 0 0 0 0 0 0 0 0 0 0 0 0 0 0 0 0 0 0 0 0 0 0 0 0 0 0 0 0 0 0 0 0 0 0 0 0 0 0 0 0 0 0 0 0 0 0 0 0 0 0 0 0 0 0 0 0 0 0 0 0 0 0 0 0 0 0 0 0 0 0 0 0 0 0 0 0 0 0 0 0 0 0 0 0 0 0 0 0 0 0 0 0 0 0 0 0 0 0 0 0 0 0 0 0 0 0 0 0 0 0 0 0 0 0 0 0 0 0 0 0 0 0 0 0 0 0 0 0 0 0 0 0 0 0 0 0 0 0 0 0 0 0 0 0 0 0 0 0 0 0 0 0 0 0 0 0 0 0 0 0 0 0 0 0 0 0 0 0 0 0 0 0 0 0 0 0 0 0 0 0 0 0 0 0 0 0 0 0 0 0 0 0 0 0 0 0 0 0 0 0 0 0 0 0 0 0 0 0 0 0 0 0 0 0 0 0 0 0 0 0 0 0 0 0 0 0 0 0 0 0 0 0 0 0 0 0 0 0 0 0 0 0 0 0 0 0 0 0 0 0 0 0 0 0 0 0 0 0 0 0 0 0 0 0 0 0 0 0 0 0 0 0 0 0 0 0 0 0 0 0 0 0 0 0 0 0 0 0 0 0 0 0 0 0 0 0 0 0 0 0 0 0 0 0 0 0 0 0 0 0 0 0 0 0 0 0 0 0 0 0 0 0 0 0 0 0 0 0 0 0 0 0 0 0 0 0 0 0 0 0 0 0 0 0 0 0 0 0 0 0 0 0 0 0 0 0 0 0 0 0 0 0 0 0 0 0 0 0 0 0 0 0 0 0 0 0 0 0 0 0 0 0 0 0 0 0 0 0 0 0 0 0 0 0 0 0 0 0 0 0 0 0 0 0 0 0 0 0 0 0 0 0 0 0 0 0 0 0 0 0 0 0 0 0 0 0 0 0 0 0 0 0 0 0 0 0 0 0 0 0 0 0 0 0 0 0 0 0 0 0 0 0 0 0 0 0 0 0 0 0 0 0 0 0 0 0 0 0 0 0 0 0 0 0 0 0 0 0 0 0 0 0 0 0 0 0 0 0 0 0 0 0 0 0 0 0 0 0 0 0 0 0 0 0 0 0 0 0 0 0 0 0 0 0 0 0 0 0 0 0 0 0 0 0 0 0 0 0 0 0 0 0 0 0 0 0 0 0 0 0 0 0
ctxt 1998451
btime 1613144793
processes 45296
procs_running 1
procs_blocked 0
softirq 11424518 1 6287321 809 360336 0 0 140 471973 0 4303938
