cpu  549 5 7127 6575304 270 0 17 0 0 0
cpu0 1 0 591 50755 0 0 6 0 0 0
cpu1 21 0 68 51364 7 0 2 0 0 0
cpu2 0 0 48 51415 0 0 0 0 0 0
cpu3 2 0 48 51407 0 0 0 0 0 0
cpu4 4 0 52 51394 0 0 0 0 0 0
cpu5 9 0 56 51390 0 0 0 0 0 0
cpu6 0 0 45 51409 0 0 0 0 0 0
cpu7 2 0 47 51404 0 0 0 0 0 0
cpu8 2 0 43 51407 0 0 0 0 0 0
cpu9 4 0 59 51388 0 0 0 0 0 0
cpu10 0 0 54 51400 0 0 0 0 0 0
cpu11 2 0 41 51410 0 0 0 0 0 0
cpu12 12 0 56 51373 0 0 0 0 0 0
cpu13 5 0 49 51391 0 0 0 0 0 0
cpu14 2 0 45 51403 0 0 0 0 0 0
cpu15 3 0 46 51402 0 0 0 0 0 0
cpu16 10 0 72 51367 0 0 0 0 0 0
cpu17 7 1 62 51374 0 0 0 0 0 0
cpu18 0 0 49 51400 0 0 0 0 0 0
cpu19 1 0 44 51409 0 0 0 0 0 0
cpu20 3 0 59 51385 0 0 0 0 0 0
cpu21 3 0 52 51391 0 0 0 0 0 0
cpu22 1 0 44 51405 0 0 0 0 0 0
cpu23 1 0 44 51375 0 0 5 0 0 0
cpu24 2 0 60 51385 0 0 0 0 0 0
cpu25 7 0 51 51394 0 0 0 0 0 0
cpu26 0 0 45 51407 0 0 0 0 0 0
cpu27 1 0 45 51399 0 0 0 0 0 0
cpu28 4 0 53 51389 0 0 0 0 0 0
cpu29 24 0 65 51356 0 0 0 0 0 0
cpu30 2 0 50 51394 0 0 0 0 0 0
cpu31 1 0 46 51396 0 0 0 0 0 0
cpu32 30 0 83 51358 0 0 0 0 0 0
cpu33 5 0 57 51375 2 0 0 0 0 0
cpu34 0 0 47 51398 0 0 0 0 0 0
cpu35 2 0 40 51404 0 0 0 0 0 0
cpu36 3 0 52 51387 0 0 0 0 0 0
cpu37 7 0 54 51383 0 0 0 0 0 0
cpu38 1 0 41 51397 0 0 0 0 0 0
cpu39 1 0 46 51395 0 0 0 0 0 0
cpu40 3 0 48 51392 0 0 0 0 0 0
cpu41 7 0 49 51383 0 0 0 0 0 0
cpu42 0 0 44 51396 0 0 0 0 0 0
cpu43 0 0 47 51389 0 0 0 0 0 0
cpu44 2 0 46 51394 1 0 0 0 0 0
cpu45 6 0 50 51382 0 0 0 0 0 0
cpu46 0 0 44 51397 0 0 0 0 0 0
cpu47 0 0 46 51391 0 0 0 0 0 0
cpu48 3 0 54 51379 0 0 0 0 0 0
cpu49 8 0 53 51381 0 0 0 0 0 0
cpu50 1 0 40 51398 0 0 0 0 0 0
cpu51 1 0 43 51395 0 0 0 0 0 0
cpu52 0 0 46 51389 0 0 0 0 0 0
cpu53 2 0 56 51371 1 0 0 0 0 0
cpu54 2 0 47 51387 0 0 0 0 0 0
cpu55 2 0 44 51391 1 0 0 0 0 0
cpu56 3 0 48 51381 0 0 0 0 0 0
cpu57 10 0 59 51367 0 0 0 0 0 0
cpu58 2 0 48 51388 0 0 0 0 0 0
cpu59 4 0 48 51381 0 0 0 0 0 0
cpu60 1 0 48 51382 0 0 0 0 0 0
cpu61 2 0 46 51381 0 0 0 0 0 0
cpu62 0 0 47 51383 0 0 0 0 0 0
cpu63 0 0 48 51386 0 0 0 0 0 0
cpu64 1 0 58 51167 185 0 0 0 0 0
cpu65 2 0 48 51377 0 0 0 0 0 0
cpu66 1 0 50 51376 1 0 0 0 0 0
cpu67 1 0 42 51386 0 0 0 0 0 0
cpu68 1 0 54 51375 0 0 0 0 0 0
cpu69 6 0 50 51372 1 0 0 0 0 0
cpu70 1 0 48 51377 0 0 0 0 0 0
cpu71 1 0 45 51380 0 0 0 0 0 0
cpu72 9 0 67 51342 1 0 0 0 0 0
cpu73 12 0 52 51362 0 0 0 0 0 0
cpu74 1 0 47 51383 1 0 0 0 0 0
cpu75 2 0 53 51350 0 0 0 0 0 0
cpu76 1 0 48 51380 1 0 0 0 0 0
cpu77 26 0 48 51338 10 0 0 0 0 0
cpu78 0 0 50 51377 0 0 0 0 0 0
cpu79 2 0 57 51358 0 0 0 0 0 0
cpu80 2 0 50 51371 0 0 0 0 0 0
cpu81 6 0 59 51359 0 0 0 0 0 0
cpu82 2 0 48 51377 0 0 0 0 0 0
cpu83 1 0 52 51373 1 0 0 0 0 0
cpu84 2 0 66 51356 0 0 0 0 0 0
cpu85 3 0 53 51368 0 0 0 0 0 0
cpu86 3 0 50 51373 0 0 0 0 0 0
cpu87 1 0 50 51369 1 0 0 0 0 0
cpu88 0 0 48 51374 0 0 0 0 0 0
cpu89 6 2 58 51348 4 0 0 0 0 0
cpu90 2 0 48 51373 0 0 0 0 0 0
cpu91 2 0 52 51368 0 0 0 0 0 0
cpu92 3 0 54 51360 0 0 0 0 0 0
cpu93 3 0 59 51356 1 0 0 0 0 0
cpu94 2 0 49 51371 0 0 0 0 0 0
cpu95 2 0 56 51363 0 0 0 0 0 0
cpu96 3 0 61 51348 3 0 0 0 0 0
cpu97 2 0 56 51360 1 0 0 0 0 0
cpu98 3 0 45 51370 0 0 0 0 0 0
cpu99 3 0 52 51365 0 0 0 0 0 0
cpu100 6 0 55 51356 0 0 0 0 0 0
cpu101 3 0 56 51354 0 0 0 0 0 0
cpu102 3 0 51 51366 1 0 0 0 0 0
cpu103 1 0 50 51367 0 0 0 0 0 0
cpu104 3 0 52 51358 0 0 0 0 0 0
cpu105 6 0 52 51355 0 0 0 0 0 0
cpu106 1 0 48 51366 0 0 0 0 0 0
cpu107 1 0 50 51367 0 0 0 0 0 0
cpu108 9 0 60 51340 1 0 1 0 0 0
cpu109 56 0 53 51304 0 0 0 0 0 0
cpu110 2 0 50 51365 0 0 0 0 0 0
cpu111 7 0 56 51349 0 0 0 0 0 0
cpu112 1 0 47 51360 0 0 0 0 0 0
cpu113 14 0 66 51328 0 0 0 0 0 0
cpu114 1 0 46 51368 0 0 0 0 0 0
cpu115 1 0 43 51369 0 0 0 0 0 0
cpu116 2 0 54 51357 0 0 0 0 0 0
cpu117 4 0 46 51356 1 0 0 0 0 0
cpu118 0 0 49 51360 0 0 0 0 0 0
cpu119 1 0 47 51363 0 0 0 0 0 0
cpu120 0 0 60 51343 0 0 0 0 0 0
cpu121 6 0 53 51349 3 0 0 0 0 0
cpu122 2 0 44 51364 0 0 0 0 0 0
cpu123 1 0 46 51359 0 0 0 0 0 0
cpu124 1 0 52 51355 0 0 0 0 0 0
cpu125 3 0 50 51354 0 0 0 0 0 0
cpu126 0 0 47 51357 0 0 0 0 0 0
cpu127 2 0 52 51350 0 0 0 0 0 0
intr 947020 129 0 0 0 680 0 0 0 1 0 285 0 0 0 0 0 0 0 0 0 0 0 0 0 0 0 0 0 0 0 0 0 0 0 0 260 0 1 15 0 38 4 7 0 0 0 0 62 1 0 3 0 7 0 0 0 0 8 0 2 13664 0 0 1 0 30 0 0 0 2 1 5 0 7 0 3 1 0 2 0 0 0 0 0 2 0 0 0 8 0 120 0 0 0 0 1 0 0 40 0 0 0 0 0 0 0 6 0 0 0 0 0 1 0 0 0 1 0 0 0 0 0 0 0 0 0 0 0 0 0 0 0 0 0 0 0 0 0 0 0 0 0 0 0 0 0 0 0 0 0 0 0 0 0 72 0 0 0 0 0 0 0 0 0 0 0 161 3603 3 385 63 107 26 15 104 13 0 236 26 9 1 4 7 189 30 5 146 3 1 7 79 206 49 32 293 32 8 598 63 78 0 0 0 0 0 0 0 0 0 0 0 0 0 0 0 0 26 12 35 17 58 60 17 119 11 1 16 39 41 92 9 29 1 32 11 0 1 0 0 0 0 5 2 0 3 0 3 0 10 4 1 0 2 0 0 51 0 43 19 30 33 13 2 0 0 0 1 0 28 2 3 0 5 3 9 0 2 0 2 0 0 0 0 0 0 0 0 0 0 0 0 0 0 0 0 0 0 0 0 0 0 0 0 0 0 0 0 0 0 0 0 0 0 0 0 0 0 0 0 0 0 0 0 0 0 0 0 0 0 0 0 0 0 0 0 0 0 0 0 0 0 0 0 0 0 0 0 0 0 0 0 0 0 0 0 0 0 0 0 0 0 0 0 0 0 0 0 0 0 0 0 0 0 0 0 0 0 0 0 0 0 0 0 0 0 0 0 0 0 0 0 0 0 0 0 0 0 0 0 0 0 0 0 0 0 0 0 0 0 0 0 0 0 0 0 0 0 0 0 0 0 0 0 0 0 0 0 0 0 0 0 0 0 0 0 0 0 0 0 0 0 0 0 0 0 0 0 0 0 0 0 0 0 0 0 0 0 0 0 0 0 0 0 0 0 0 0 0 0 0 0 0 0 0 0 0 0 0 0 0 0 0 0 0 0 0 0 0 0 0 0 0 0 0 0 0 0 0 0 0 0 0 0 0 0 0 0 0 0 0 0 0 0 0 0 0 0 0 0 0 0 0 0 0 0 0 0 0 0 0 0 0 0 0 0 0 0 0 0 0 0 0 0 0 0 0 0 0 0 0 0 0 0 0 0 0 0 0 0 0 0 0 0 0 0 0 0 0 0 0 0 0 0 0 0 0 0 0 0 0 0 0 0 0 0 0 0 0 0 0 0 0 0 0 0 0 0 0 0 0 0 0 0 0 0 0 0 0 0 0 0 0 0 0 0 0 0 0 0 0 0 0 0 0 0 0 0 0 0 0 0 0 0 0 0 0 0 0 0 0 0 0 0 0 0 0 0 0 0 0 0 0 0 0 0 0 0 0 0 0 0 0 0 0 0 0 0 0 0 0 0 0 0 0 0 0 0 0 0 0 0 0 0 0 0 0 0 0 0 0 0 0 0 0 0 0 0 0 0 0 0 0 0 0 49 0 0 0 3 0 0 0 0 0 0 0 0 0 0 0 0 0 0 0 0 0 0 0 0 0 49 0 0 0 0 0 0 0 0 0 0 0 0 0 0 0 0 0 0 0 0 0 0 0 0 0 0 0 0 0 0 0 0 0 0 0 0 0 0 0 0 0 0 0 0 0 0 0 0 0 0 0 0 0 0 0 0 0 0 0 0 0 0 0 0 0 22 0 0 0 0 0 0 0 0 0 0 0 0 0 0 0 0 0 0 0 0 0 0 0 0 0 0 0 0 0 0 0 0 0 0 0 0 0 0 0 0 0 0 0 0 0 0 0 0 0 0 0 0 0 0 0 0 0 0 0 0 0 0 0 0 0 0 0 0 0 0 0 0 0 0 0 0 0 0 0 0 0 0 0 0 0 0 0 0 0 0 0 0 0 0 0 0 0 0 0 0 0 0 0 0 0 0 0 0 0 0 0 0 0 0 0 0 0 0 0 0 0 0 0 0 0 0 0 0 0 0 0 0 0 0 0 0 0 0 0 0 0 0 0 0 0 0 0 0 0 0 0 0 0 0 0 0 0 0 0 0 0 0 0 0 0 0 0 0 0 0 0 0 0 0 0 0 0 0 0 0 0 0 0 0 0 0 0 0 0 0 0 0 0 0 0 0 0 0 0 0 0 0 0 0 0 0 0 0 0 0 0 0 0 0 0 0 0 0 0 0 0 0 0 0 0 0 0 0 0 0 0 0 0 0 0 0 0 0 0 0 0 0 0 0 0 0 0 0 0 0 0 0 0 0 0 0 0 0 0 0 0 0 0 0 0 0 0 0 0 0 0 0 0 0 0 0 0 0 0 0 0 0 0 0 0 0 0 0 0 0 0 0 0 0 0 0 0 0 0 0 0 0 0 0 0 0 0 0 0 0 0 0 0 0 0 0 0 0 0 0 0 0 0 0 0 0 0 0 0 0 0 0 0 0 0 0 0 0 0 0 0 0 0 0 0 0 0 0 0 0 0 0 0 0 0 0 0 0 0 0 0 0 0 0 0 0 0 0 0 0 0 0 0 0 0 0 0 0 0 0 0 0 0 0 0 0 0 0 0 0 0 0 0 0 0 0 0 0 0 0 0 0 0 0 0 0 0 0 0 0 0 0 0 0 0 0 0 0 0 0 0 0 0 0 0 0 0 0 0 0 0 0 0 0 0 0 0 0 0 0 0 0 0 0 0 0 0 0 0 0 0 0 0 0 0 0 0 0 0 0 0 0 0 0 0 0 0 0 0 0 0 0 0 0 0 0 0 0 0 0 0 0 0 0 0 0 0 0 0 0 0 0 0 0 0 0 0 0 0 0 0 0 0 0 0 0 0 0 0 0 0 0 0 0 0 0 0 0 0 0 0 0 0 0 0 0 0 0 0 0 0 0 0 0 0 0 0 0 0 0 0 0 0 0 0 0 0 0 0 0 0 0 0 0 0 0 0 0 0 0 0 0 0 0 0 0 0 0 0 0 0 0 0 0 0 0 0 0 0 0 0 0 0 0 0 0 0 0 0 0 0 0 0 0 0 0 0 0 0 0 0 0 0 0 0 0 0 0 0 0 0 0 0 0 0 0 0 0 0 0 0 0 0 0 0 0 0 0 0 0 0 0 0 0 0 0 0 0 0 0 0 0 0 0 0 0 0 0 0 0 0 0 0 0 0 0 0 0 0 0 0 0 0 0 0 0 0 0 0 0 0 0 0 0 0 0 0 0 0 0 0 0 0 0 0 0 0 0 0 0 0 0 0 0 0 0 0 0 0 0 0 0 0 0 0 0 0 0 0 0 0 0 0 0 0 0 0 0 0 0 0 0 0 0 0 0 0 0 0 0 0 0 0 0 0 0 0 0 0 0 0 0 0 0 0 0 0 0 0 0 0 0 0 0 0 0 0 0 0 0 0 0 0 0 0 0 0 0 0 0 0 0 0 0 0 0 0 0 0 0 0 0 0 0 0 0 0 0 0 0 0 0 0 0 0 0 0 0 0 0 0 0 0 0 0 0 0 0 0 0 0 0 0 0 0 0 0 0 0 0 0 0 0 0 0 0 0 0 0 0 0 0 0 0 0 0 0 0 0 0 0 0 0 0 0 0 0 0 0 0 0 0 0 0 0 0 0 0 0 0 0 0 0 0 0 0 0 0 0 0 0 0 0 0 0 0 0 0 0 0 0 0 0 0 0 0 0 0 0 0 0 0 0 0 0 0 0 0 0 0 0 0 0 0 0 0 0 0 0 0 0 0 0 0 0 0 0 0 0 0 0 0 0 0 0 0 0 0 0 0 0 0 0 0 0 0 0 0 0 0 0 0 0 0 0 0 0 0 0 0 0 0 0 0 0 0 0 0 0 0 0 0 0 0 0 0 0 0 0 0 0 0 0 0 0 0 0 0 0 0 0 0 0 0 0 0 0 0 0 0 0 0 0 0 0 0 0 0 0 0 0 0 0 0 0 0 0 0 0 0 0 0 0 0 0 0 0 0 0 0 0 0 0 0 0 0 0 0 0 0 0 0 0 0 0 0 0 0 0 0 0 0 0 0 0 0 0 0 0 0 0 0 0 0 0 0 0 0 0 0 0 0 0 0 0 0 0 0 0 0 0 0 0 0 0 0 0 0 0 0 0 0 0 0 0 0 0 0 0 0 0 0 0 0 0 0 0 0 0 0 0 0 0 0 0 0 0 0 0 0 0 0 0 0 0 0 0 0 0 0 0 0 0 0 0 0 0 0 0 0 0 0 0 0 0 0 0 0 0 0 0 0 0 0 0 0 0 0 0 0 0 0 0 0 0 0 0 0 0 0 0 0 0 0 0 0 0 0 0 0 0 0 0 0 0 0 0 0 0 0 0 0 0 0 0 0 0 0 0 0 0 0 0 0 0 0 0 0 0 0 0 0 0 0 0 0 0 0 0 0 0 0 0 0 0 0 0 0 0 0 0 0 0 0 0 0 0 0 0 0 0 0 0 0 0 0 0 0 0 0 0 0 0 0 0 0 0 0 0 0 0 0 0 0 0 0 0 0 0 0 0 0 0 0 0 0 0 0 0 0 0 0 0 0 0 0 0 0 0 0 0 0 0 0 0 0 0 0 0 0 0 0 0 0 0 0 0 0 0 0 0 0 0 0 0 0 0 0 0 0 0 0 0 0 0 0 0 0 0 0 0 0 0 0 0 0 0 0 0 0 0 0 0 0 0 0 0 0 0 0 0 0 0 0 0 0 0 0 0 0 0 0 0 0 0 0 0 0 0 0 0 0 0 0 0 0 0 0 0 0 0 0 0 0 0 0 0 0 0 0 0 0 0 0 0 0 0 0 0 0 0 0 0 0 0 0 0 0 0 0 0 0 0 0 0 0 0 0 0 0 0 0 0 0 0 0 0 0 0 0 0 0 0 0 0 0 0 0 0 0 0 0 0 0 0 0 0 0 0 0 0 0 0 0 0 0 0 0 0 0 0 0 0 0 0 0 0 0 0 0 0 0 0 0 0 0 0 0 0 0 0 0 0 0 0 0 0 0 0 0 0 0 0 0 0 0 0 0 0 0 0 0 0 0 0 0 0 0 0 0 0 0 0 0 0 0 0 0 0 0 0 0 0 0 0 0 0 0 0 0 0 0 0 0 0 0 0 0 0 0 0 0 0 0 0 0 0 0 0 0 0 0 0 0 0 0 0 0 0 0 0 0 0 0 0 0 0 0 0 0 0 0 0 0 0 0 0 0 0 0 0 0 0 0 0 0 0 0 0 0 0 0 0 0 0 0 0 0 0 0 0 0 0 0 0 0 0 0 0 0 0 0 0 0 0 0 0 0 0 0 0 0 0 0 0 0 0 0 0 0 0 0 0 0 0 0 0 0 0 0 0 0 0 0 0 0 0 0 0 0 0 0 0 0 0 0 0 0 0 0 0 0 0 0 0 0 0 0 0 0 0 0 0 0 0 0 0 0 0 0 0 0 0 0 0 0 0 0 0 0 0 0 0 0 0 0 0 0 0 0 0 0 0 0 0 0 0 0 0 0 0 0 0 0 0 0 0 0 0 0 0 0 0 0 0 0 0 0 0 0 0 0 0 0 0 0 0 0 0 0 0 0 0 0 0 0 0 0 0 0 0 0 0 0 0 0 0 0 0 0 0 0 0 0 0 0 0 0 0 0 0 0 0 0 0 0 0 0 0 0 0 0 0 0 0 0 0 0 0 0 0 0 0 0 0 0 0 0 0 0 0 0 0 0 0 0 0 0 0 0 0 0 0 0 0 0 0 0 0 0 0 0 0 0 0 0 0 0 0 0 0 0 0 0 0 0 0 0 0 0 0 0 0 0 0 0 0 0 0 0 0 0 0 0 0 0 0 0 0 0 0 0 0 0 0 0 0 0 0 0 0 0 0 0 0 0 0 0 0 0 0 0 0 0 0 0 0 0 0 0 0 0 0 0 0 0 0 0 0 0 0 0 0 0 0 0 0 0 0 0 0 0 0 0 0 0 0 0 0 0 0 0 0 0 0 0 0 0 0 0 0 0 0 0 0 0 0 0 0 0 0 0 0 0 0 0 0 0 0 0 0 0 0 0 0 0 0 0 0 0 0 0 0 0 0 0 0 0 0 0 0 0 0 0 0 0 0 0 0 0 0 0 0 0 0 0 0 0 0 0 0 0 0 0 0 0 0 0 0 0 0 0 0 0 0 0 0 0 0 0 0 0 0 0 0 0 0 0 0 0 0 0 0 0 0 0 0 0 0 0 0 0 0 0 0 0 0 0 0 0 0 0 0 0 0 0 0 0 0 0 0 0 0 0 0 0 0 0 0 0 0 0 0 0 0 0 0 0 0 0 0 0 0 0 0 0 0 0 0 0 0 0 0 0 0 0 0 0 0 0 0 0 0 0 0 0 0 0 0 0 0 0 0 0 0 0 0 0 0 0 0 0 0 0 0 0 0 0 0 0 0 0 0 0 0 0 0 0 0 0 0 0 0 0 0 0 0 0 0 0 0 0 0 0 0 0 0 0 0 0 0 0 0 0 0 0 0 0 0 0 0 0 0 0 0 0 0 0 0 0 0 0 0 0 0 0 0 0 0 0 0 0 0 0 0 0 0 0 0 0 0 0 0 0 0 0 0 0 0 0 0 0 0 0 0 0 0 0 0 0 0 0 0 0 0 0 0 0 0 0 0 0 0 0 0 0 0 0 0 0 0 0 0 0 0 0 0 0 0 0 0 0 0 0 0 0 0 0 0 0 0 0 0 0 0 0 0 0 0 0 0 0 0 0 0 0 0 0 0 0 0 0 0 0 0 0 0 0 0 0 0 0 0 0 0 0 0 0 0 0 0 0 0 0 0 0 0 0 0 0 0 0 0 0 0 0 0 0 0 0 0 0 0 0 0 0 0 0 0 0 0 0 0 0 0 0 0 0 0 0 0 0 0 0 0 0 0 0 0 0 0 0 0 0 0 0 0 0 0 0 0 0 0 0 0 0 0 0 0 0 0 0 0 0 0 0 0 0 0 0 0 0 0 0 0 0 0 0 0 0 0 0 0 0 0 0 0 0 0 0 0 0 0 0 0 0 0 0 0 0 0 0 0 0 0 0 0 0 0 0 0 0 0 0 0 0 0 0 0 0 0 0 0 0 0 0 0 0 0 0 0 0 0 0 0 0 0 0 0 0 0 0 0 0 0 0 0 0 0 0 0 0 0 0 0 0 0 0 0 0 0 0 0 0 0 0 0 0 0 0 0 0 0 0 0 0 0 0 0 0 0 0 0 0 0 0 0 0 0 0 0 0 0 0 0 0 0 0 0 0 0 0 0 0 0 0 0 0 0 0 0 0 0 0 0 0 0 0 0 0 0 0 0 0 0 0 0 0 0 0 0 0 0 0 0 0 0 0 0 0 0 0 0 0 0 0 0 0 0 0 0 0 0 0 0 0 0 0 0 0 0 0 0 0 0 0 0 0 0 0 0 0 0 0 0 0 0 0 0 0 0 0 0 0 0 0 0 0 0 0 0 0 0 0 0 0 0 0 0 0 0 0 0 0 0 0 0 0 0 0 0 0 0 0 0 0 0 0 0 0 0 0 0 0 0 0 0 0 0 0 0 0 0 0 0 0 0 0 0 0 0 0 0 0 0 0 0 0 0 0 0 0 0 0 0 0 0 0 0 0 0 0 0 0 0 0 0 0 0 0 0 0 0 0 0 0 0 0 0 0 0 0 0 0 0 0 0 0 0 0 0 0 0 0 0 0 0 0 0 0 0 0 0 0 0 0 0 0 0 0 0 0 0 0 0 0 0 0 0 0 0 0 0 0 0 0 0 0 0 0 0 0 0 0 0 0 0 0 0 0 0 0 0 0 0 0 0 0 0 0 0 0 0 0 0 0 0 0 0 0 0 0 0 0 0 0 0 0 0 0 0 0 0 0 0 0 0 0 0 0 0 0 0 0 0 0 0 0 0 0 0 0 0 0 0 0 0 0 0 0 0 0 0 0 0 0 0 0 0 0 0 0 0 0 0 0 0 0 0 0 0 0 0 0 0 0 0 0 0 0 0 0 0 0 0 0 0 0 0 0 0 0 0 0 0 0 0 0 0 0 0 0 0 0 0 0 0 0 0 0 0 0 0 0 0 0 0 0 0 0 0 0 0 0 0 0 0 0 0 0 0 0 0 0 0 0 0 0 0 0 0 0 0 0 0 0 0 0 0 0 0 0 0 0 0 0 0 0 0 0 0 0 0 0 0 0 0 0 0 0 0 0 0 0 0 0 0 0 0 0 0 0 0 0 0 0 0 0 0 0 0 0 0 0 0 0 0 0 0 0 0 0 0 0 0 0 0 0 0 0 0 0 0 0 0 0 0 0 0 0 0 0 0 0 0 0 0 0 0 0 0 0 0 0 0 0 0 0 0 0 0 0 0 0 0 0 0 0 0 0 0 0 0 0 0 0 0 0 0 0 0 0 0 0 0 0 0 0 0 0 0 0 0 0 0 0 0 0 0 0 0 0 0 0 0 0 0 0 0 0 0 0 0 0 0 0 0 0 0 0 0 0 0 0 0 0 0 0 0 0 0 0 0 0 0 0 0 0 0 0 0 0 0 0 0 0 0 0 0 0 0 0 0 0 0 0 0 0 0 0 0 0 0 0 0 0 0 0 0 0 0 0 0 0 0 0 0 0 0 0 0 0 0 0 0 0 0 0 0 0 0 0 0 0 0 0 0 0 0 0 0 0 0 0 0 0 0 0 0 0 0 0 0 0 0 0 0 0 0 0 0 0 0 0 0 0 0 0 0 0 0 0 0 0 0 0 0 0 0 0 0 0 0 0 0 0 0 0 0 0 0 0 0 0 0 0 0 0 0 0 0 0 0 0 0 0 0 0 0 0 0 0 0 0 0 0 0 0 0 0 0 0 0 0 0 0 0 0 0 0 0 0 0 0 0 0 0 0 0 0 0 0 0 0 0 0 0 0 0 0 0 0 0 0 0 0 0 0 0 0 0 0 0 0 0 0 0 0 0 0 0 0 0 0 0 0 0 0 0 0 0 0 0 0 0 0 0 0 0 0 0 0 0 0 0 0 0 0 0 0 0 0 0 0 0 0 0 0 0 0 0 0 0 0 0 0 0 0 0 0 0 0 0 0 0 0 0 0 0 0 0 0 0 0 0 0 0 0 0 0 0 0 0 0 0 0 0 0 0 0 0 0 0 0 0 0 0 0 0 0 0 0 0 0 0 0 0 0 0 0 0 0 0 0 0 0 0 0 0 0 0 0 0 0 0 0 0 0 0 0 0 0 0 0 0 0 0 0 0 0 0 0 0 0 0 0 0 0 0 0 0 0 0 0 0 0 0 0 0 0 0 0 0 0 0 0 0 0 0 0 0 0 0 0 0 0 0 0 0 0 0 0 0 0 0 0 0 0 0 0 0 0 0 0 0 0 0 0 0 0 0 0 0 0 0 0 0 0 0 0 0 0 0 0 0 0 0 0 0 0 0 0 0 0 0 0 0 0 0 0 0 0 0 0 0 0 0 0 0 0 0 0 0 0 0 0 0 0 0 0 0 0 0 0 0 0 0 0 0 0 0 0 0 0 0 0 0 0 0 0 0 0 0 0 0 0 0 0 0 0 0 0 0 0 0 0 0 0 0 0 0 0 0 0 0 0 0 0 0 0 0 0 0 0 0 0 0 0 0 0 0 0 0 0 0 0 0 0 0 0 0 0 0 0 0 0 0 0 0 0 0 0 0 0 0 0 0 0 0 0 0 0 0 0 0 0 0 0 0 0 0 0 0 0 0 0 0 0 0 0 0 0 0 0 0 0 0 0 0 0 0 0 0 0 0 0 0 0 0 0 0 0 0 0 0 0 0 0 0 0 0 0 0 0 0 0 0 0 0 0 0 0 0
ctxt 229935
btime 1613122782
processes 2166
procs_running 1
procs_blocked 0
softirq 451870 1 163848 129 14116 0 0 148 161456 0 112172
