cpu  14722810 7 16915 27873390 488 0 814 0 0 0
cpu0 114994 0 403 217031 0 0 140 0 0 0
cpu1 115078 0 71 217790 0 0 2 0 0 0
cpu2 115038 0 106 217788 0 0 0 0 0 0
cpu3 114542 0 414 217931 7 0 22 0 0 0
cpu4 115014 0 139 217806 0 0 3 0 0 0
cpu5 115065 0 60 217817 0 0 16 0 0 0
cpu6 115023 0 114 217777 0 0 9 0 0 0
cpu7 114679 0 426 217788 0 0 36 0 0 0
cpu8 115038 0 102 217811 0 0 4 0 0 0
cpu9 115084 0 58 217815 0 0 0 0 0 0
cpu10 115235 0 87 217630 0 0 0 0 0 0
cpu11 114960 0 196 217788 0 0 6 0 0 0
cpu12 114804 0 182 217940 0 0 10 0 0 0
cpu13 115080 0 58 217814 0 0 0 0 0 0
cpu14 115094 0 66 217788 0 0 3 0 0 0
cpu15 114990 0 218 217720 0 0 19 0 0 0
cpu16 115019 0 130 217801 0 0 1 0 0 0
cpu17 115071 0 57 217820 0 0 0 0 0 0
cpu18 115114 0 71 217766 0 0 0 0 0 0
cpu19 115066 0 141 217731 2 0 6 0 0 0
cpu20 115033 0 124 217797 0 0 2 0 0 0
cpu21 115087 0 54 217816 0 0 0 0 0 0
cpu22 115085 0 55 217804 0 0 0 0 0 0
cpu23 115119 2 220 217598 0 0 8 0 0 0
cpu24 115024 0 156 217765 0 0 3 0 0 0
cpu25 115083 0 44 217822 0 0 0 0 0 0
cpu26 114783 0 176 217937 0 0 12 0 0 0
cpu27 114803 0 364 217694 0 0 38 0 0 0
cpu28 115052 0 226 217592 0 0 0 0 0 0
cpu29 115084 0 54 217799 0 0 0 0 0 0
cpu30 115008 0 128 217810 0 0 2 0 0 0
cpu31 115011 0 238 217670 1 0 8 0 0 0
cpu32 114831 0 127 217980 0 0 5 0 0 0
cpu33 115071 0 61 217738 0 0 21 0 0 0
cpu34 114983 0 142 217814 0 0 13 0 0 0
cpu35 115052 0 390 217459 2 0 31 0 0 0
cpu36 115002 0 145 217786 0 0 2 0 0 0
cpu37 115087 0 56 217798 0 0 0 0 0 0
cpu38 115069 0 68 217808 0 0 1 0 0 0
cpu39 115198 0 320 217416 6 0 1 0 0 0
cpu40 115063 0 110 217759 0 0 1 0 0 0
cpu41 115085 0 50 217811 1 0 0 0 0 0
cpu42 115048 0 87 217803 0 0 4 0 0 0
cpu43 115049 0 283 217556 28 0 9 0 0 0
cpu44 113018 0 376 219468 0 0 36 0 0 0
cpu45 115089 0 50 217799 0 0 0 0 0 0
cpu46 115114 0 63 217764 0 0 0 0 0 0
cpu47 114890 0 557 217391 2 0 49 0 0 0
cpu48 115048 0 95 217796 0 0 1 0 0 0
cpu49 115087 0 52 217793 0 0 0 0 0 0
cpu50 115100 0 72 217770 1 0 0 0 0 0
cpu51 115021 0 158 217744 2 0 2 0 0 0
cpu52 115065 0 75 217801 0 0 3 0 0 0
cpu53 115089 0 60 217782 2 0 0 0 0 0
cpu54 115082 0 62 217789 0 0 0 0 0 0
cpu55 114919 0 204 217795 5 0 7 0 0 0
cpu56 115086 0 59 217799 0 0 0 0 0 0
cpu57 115023 0 52 217856 0 0 0 0 0 0
cpu58 115073 0 66 217799 1 0 2 0 0 0
cpu59 114872 0 178 217785 77 0 8 0 0 0
cpu60 114921 0 222 217766 2 0 29 0 0 0
cpu61 115076 0 53 217808 0 0 0 0 0 0
cpu62 115039 0 81 217811 0 0 3 0 0 0
cpu63 115068 0 170 217681 0 0 6 0 0 0
cpu64 115049 0 85 217800 0 0 0 0 0 0
cpu65 115046 0 65 217820 0 0 0 0 0 0
cpu66 115026 0 106 217799 1 0 2 0 0 0
cpu67 115032 0 210 217583 88 0 3 0 0 0
cpu68 114747 0 182 217974 0 0 6 0 0 0
cpu69 115008 0 58 217860 1 0 0 0 0 0
cpu70 114943 0 182 217793 0 0 14 0 0 0
cpu71 115168 0 184 217539 31 0 3 0 0 0
cpu72 115060 0 85 217783 0 0 0 0 0 0
cpu73 114992 0 44 217892 0 0 0 0 0 0
cpu74 115137 0 69 217732 0 0 0 0 0 0
cpu75 114914 0 238 217736 2 0 14 0 0 0
cpu76 114848 0 93 217972 0 0 4 0 0 0
cpu77 115084 0 41 217805 0 0 0 0 0 0
cpu78 115089 0 52 217780 0 0 0 0 0 0
cpu79 115012 0 139 217747 2 0 3 0 0 0
cpu80 115044 0 96 217790 1 0 0 0 0 0
cpu81 115063 0 43 217813 0 0 0 0 0 0
cpu82 115014 0 57 217847 0 0 0 0 0 0
cpu83 115048 0 125 217742 1 0 6 0 0 0
cpu84 115039 0 105 217781 0 0 0 0 0 0
cpu85 115056 0 44 217821 0 0 0 0 0 0
cpu86 115134 0 59 217733 1 0 0 0 0 0
cpu87 115074 1 142 217691 4 0 7 0 0 0
cpu88 115066 0 74 217787 0 0 0 0 0 0
cpu89 115085 0 48 217794 0 0 0 0 0 0
cpu90 114727 0 180 218005 0 0 2 0 0 0
cpu91 114730 0 225 217915 1 0 17 0 0 0
cpu92 115016 0 106 217792 1 0 1 0 0 0
cpu93 115078 0 46 217793 0 0 0 0 0 0
cpu94 114751 0 131 218035 0 0 2 0 0 0
cpu95 115008 0 190 217691 1 0 6 0 0 0
cpu96 115074 0 82 217762 5 0 0 0 0 0
cpu97 115082 0 52 217785 0 0 0 0 0 0
cpu98 115070 0 65 217779 0 0 0 0 0 0
cpu99 115122 2 255 217548 2 0 7 0 0 0
cpu100 115097 0 66 217759 0 0 0 0 0 0
cpu101 115076 0 65 217778 0 0 0 0 0 0
cpu102 115017 0 86 217812 0 0 4 0 0 0
cpu103 115260 0 280 217374 5 0 0 0 0 0
cpu104 115007 0 76 217826 0 0 0 0 0 0
cpu105 115074 0 64 217776 0 0 0 0 0 0
cpu106 114694 0 76 218120 0 0 2 0 0 0
cpu107 115343 0 206 217360 7 0 0 0 0 0
cpu108 115036 0 104 217764 7 0 0 0 0 0
cpu109 115079 0 48 217786 0 0 0 0 0 0
cpu110 115085 0 55 217774 0 0 0 0 0 0
cpu111 115648 0 675 216482 1 0 74 0 0 0
cpu112 115075 0 94 217749 0 0 0 0 0 0
cpu113 115085 0 48 217781 0 0 0 0 0 0
cpu114 115082 0 67 217753 11 0 0 0 0 0
cpu115 115642 0 330 216850 70 0 3 0 0 0
cpu116 115035 0 106 217768 0 0 5 0 0 0
cpu117 115084 0 51 217770 0 0 0 0 0 0
cpu118 115082 0 56 217765 0 0 0 0 0 0
cpu119 114757 0 153 217982 4 0 2 0 0 0
cpu120 115086 0 62 217764 0 0 1 0 0 0
cpu121 115086 0 56 217769 1 0 0 0 0 0
cpu122 115079 0 56 217778 0 0 0 0 0 0
cpu123 115188 0 168 217496 54 0 2 0 0 0
cpu124 115088 0 51 217771 1 0 0 0 0 0
cpu125 115086 0 63 217757 0 0 0 0 0 0
cpu126 115065 0 68 217769 1 0 0 0 0 0
cpu127 115006 0 194 217696 1 0 2 0 0 0
intr 43016538 130 0 0 0 683 0 0 0 1 0 285 0 0 0 0 0 0 0 0 0 0 0 0 0 0 0 0 0 0 0 0 0 0 0 0 260 0 5 2 838 3380 193 7308 2539 3333 0 3 97 4453 63 0 4782 6586 3 0 20 2213 17 0 0 2454 0 0 651 1756 838 12 2 2171 3 38007 148 8450 9 8 0 639 134 6 1098 4975 344 0 0 6013 0 346 5 1999 0 0 0 1549 0 0 743 4878 0 0 3031 1719 0 0 2963 1712 614 0 466 2367 0 0 2 4218 163 0 0 2715 0 0 0 3285 47 0 1 2399 0 0 140 2835 0 0 0 1901 0 0 0 3015 0 0 0 324 0 1 1693 802 0 0 0 4771 0 0 0 513 0 0 0 0 0 0 0 0 0 0 0 0 0 163 162 1 62 4 80 206 15 155 1 3 0 9 0 6 0 10 143 11 3 764 3 128 2 84 12 69 14 100 62 7 9 4 0 0 0 0 0 0 0 0 0 0 0 0 0 0 0 0 0 69 7 81 8 70 10 3 1 3 3 44 0 6 26 6 136 39 19 7 19 33 76 0 0 8 0 1 25 0 32 0 1 1 0 6 385 0 0 37 6200 5114 111 286 471 547 289 184 201 205 639 157 186 393 3008 20 82 222 534 32 9906 114 546 75 0 0 0 0 0 0 0 0 0 0 0 0 0 0 0 0 0 0 0 0 0 0 0 0 0 0 0 0 0 0 0 0 0 0 0 0 0 0 0 0 0 0 0 0 0 0 0 0 0 0 0 0 0 0 0 0 0 0 0 0 0 0 0 0 0 0 0 0 0 0 0 0 0 0 0 0 0 0 0 0 0 0 0 0 0 0 0 0 0 0 0 0 0 0 0 0 0 0 0 0 0 0 0 0 0 0 0 0 0 0 0 0 0 0 0 0 0 0 0 0 0 0 0 0 0 0 0 0 0 0 0 0 0 0 0 0 0 0 0 0 0 0 0 0 0 0 0 0 0 0 0 0 0 0 0 0 0 0 0 0 0 0 0 0 0 0 0 0 0 0 0 0 0 0 0 0 0 0 0 0 0 0 0 0 0 0 0 0 0 0 0 0 0 0 0 0 0 0 0 0 0 0 0 0 0 0 0 0 0 0 0 0 0 0 0 0 0 0 0 0 0 0 0 0 0 0 0 0 0 0 0 0 0 0 0 0 0 0 0 0 0 0 0 0 0 0 0 0 0 0 0 0 0 0 0 0 0 0 0 0 0 0 0 0 0 0 0 0 0 0 0 0 0 0 0 0 0 0 0 0 0 0 0 0 0 0 0 0 0 0 0 0 0 0 0 0 0 0 0 0 0 0 0 0 0 0 0 0 0 0 0 0 0 0 0 0 0 0 0 0 0 0 0 0 0 0 0 0 0 0 0 0 0 0 0 0 0 0 0 0 0 0 0 0 0 0 0 0 0 0 0 0 0 0 0 0 0 0 0 0 0 0 0 0 0 0 0 0 0 0 0 0 0 0 0 0 0 0 0 0 0 0 0 0 0 0 0 0 0 0 0 0 0 0 0 0 0 0 0 0 0 0 0 0 0 0 0 0 0 0 0 0 0 0 0 0 0 0 0 0 0 0 0 4 0 0 0 0 0 0 0 47 0 0 48 0 0 0 0 0 0 0 0 0 0 0 0 1 0 0 0 0 0 0 0 0 0 0 0 0 0 0 0 0 0 0 0 0 0 0 0 0 0 0 0 0 0 0 0 0 0 0 0 0 0 0 0 0 0 0 0 0 0 0 0 0 0 0 0 0 0 0 0 0 0 0 0 0 0 0 0 0 0 0 0 0 0 20 0 0 0 0 0 0 0 0 0 0 0 0 0 0 0 0 0 0 0 0 0 0 0 0 0 0 0 0 0 0 0 0 0 0 0 0 0 0 0 0 0 0 0 0 0 0 0 0 0 0 0 0 0 0 0 0 0 0 0 0 0 0 0 0 0 0 0 0 0 0 0 0 0 0 0 0 0 0 0 0 0 0 0 0 0 0 0 0 0 0 0 0 0 0 0 0 0 0 0 0 0 0 0 0 0 0 0 0 0 0 0 0 0 0 0 0 0 0 0 0 0 0 0 0 0 0 0 0 0 0 0 0 0 0 0 0 0 0 0 0 0 0 0 0 0 0 0 0 0 0 0 0 0 0 0 0 0 0 0 0 0 0 0 0 0 0 0 0 0 0 0 0 0 0 0 0 0 0 0 0 0 0 0 0 0 0 0 0 0 0 0 0 0 0 0 0 0 0 0 0 0 0 0 0 0 0 0 0 0 0 0 0 0 0 0 0 0 0 0 0 0 0 0 0 0 0 0 0 0 0 0 0 0 0 0 0 0 0 0 0 0 0 0 0 0 0 0 0 0 0 0 0 0 0 0 0 0 0 0 0 0 0 0 0 0 0 0 0 0 0 0 0 0 0 0 0 0 0 0 0 0 0 0 0 0 0 0 0 0 0 0 0 0 0 0 0 0 0 0 0 0 0 0 0 0 0 0 0 0 0 0 0 0 0 0 0 0 0 0 0 0 0 0 0 0 0 0 0 0 0 0 0 0 0 0 0 0 0 0 0 0 0 0 0 0 0 0 0 0 0 0 0 0 0 0 0 0 0 0 0 0 0 0 0 0 0 0 0 0 0 0 0 0 0 0 0 0 0 0 0 0 0 0 0 0 0 0 0 0 0 0 0 0 0 0 0 0 0 0 0 0 0 0 0 0 0 0 0 0 0 0 0 0 0 0 0 0 0 0 0 0 0 0 0 0 0 0 0 0 0 0 0 0 0 0 0 0 0 0 0 0 0 0 0 0 0 0 0 0 0 0 0 0 0 0 0 0 0 0 0 0 0 0 0 0 0 0 0 0 0 0 0 0 0 0 0 0 0 0 0 0 0 0 0 0 0 0 0 0 0 0 0 0 0 0 0 0 0 0 0 0 0 0 0 0 0 0 0 0 0 0 0 0 0 0 0 0 0 0 0 0 0 0 0 0 0 0 0 0 0 0 0 0 0 0 0 0 0 0 0 0 0 0 0 0 0 0 0 0 0 0 0 0 0 0 0 0 0 0 0 0 0 0 0 0 0 0 0 0 0 0 0 0 0 0 0 0 0 0 0 0 0 0 0 0 0 0 0 0 0 0 0 0 0 0 0 0 0 0 0 0 0 0 0 0 0 0 0 0 0 0 0 0 0 0 0 0 0 0 0 0 0 0 0 0 0 0 0 0 0 0 0 0 0 0 0 0 0 0 0 0 0 0 0 0 0 0 0 0 0 0 0 0 0 0 0 0 0 0 0 0 0 0 0 0 0 0 0 0 0 0 0 0 0 0 0 0 0 0 0 0 0 0 0 0 0 0 0 0 0 0 0 0 0 0 0 0 0 0 0 0 0 0 0 0 0 0 0 0 0 0 0 0 0 0 0 0 0 0 0 0 0 0 0 0 0 0 0 0 0 0 0 0 0 0 0 0 0 0 0 0 0 0 0 0 0 0 0 0 0 0 0 0 0 0 0 0 0 0 0 0 0 0 0 0 0 0 0 0 0 0 0 0 0 0 0 0 0 0 0 0 0 0 0 0 0 0 0 0 0 0 0 0 0 0 0 0 0 0 0 0 0 0 0 0 0 0 0 0 0 0 0 0 0 0 0 0 0 0 0 0 0 0 0 0 0 0 0 0 0 0 0 0 0 0 0 0 0 0 0 0 0 0 0 0 0 0 0 0 0 0 0 0 0 0 0 0 0 0 0 0 0 0 0 0 0 0 0 0 0 0 0 0 0 0 0 0 0 0 0 0 0 0 0 0 0 0 0 0 0 0 0 0 0 0 0 0 0 0 0 0 0 0 0 0 0 0 0 0 0 0 0 0 0 0 0 0 0 0 0 0 0 0 0 0 0 0 0 0 0 0 0 0 0 0 0 0 0 0 0 0 0 0 0 0 0 0 0 0 0 0 0 0 0 0 0 0 0 0 0 0 0 0 0 0 0 0 0 0 0 0 0 0 0 0 0 0 0 0 0 0 0 0 0 0 0 0 0 0 0 0 0 0 0 0 0 0 0 0 0 0 0 0 0 0 0 0 0 0 0 0 0 0 0 0 0 0 0 0 0 0 0 0 0 0 0 0 0 0 0 0 0 0 0 0 0 0 0 0 0 0 0 0 0 0 0 0 0 0 0 0 0 0 0 0 0 0 0 0 0 0 0 0 0 0 0 0 0 0 0 0 0 0 0 0 0 0 0 0 0 0 0 0 0 0 0 0 0 0 0 0 0 0 0 0 0 0 0 0 0 0 0 0 0 0 0 0 0 0 0 0 0 0 0 0 0 0 0 0 0 0 0 0 0 0 0 0 0 0 0 0 0 0 0 0 0 0 0 0 0 0 0 0 0 0 0 0 0 0 0 0 0 0 0 0 0 0 0 0 0 0 0 0 0 0 0 0 0 0 0 0 0 0 0 0 0 0 0 0 0 0 0 0 0 0 0 0 0 0 0 0 0 0 0 0 0 0 0 0 0 0 0 0 0 0 0 0 0 0 0 0 0 0 0 0 0 0 0 0 0 0 0 0 0 0 0 0 0 0 0 0 0 0 0 0 0 0 0 0 0 0 0 0 0 0 0 0 0 0 0 0 0 0 0 0 0 0 0 0 0 0 0 0 0 0 0 0 0 0 0 0 0 0 0 0 0 0 0 0 0 0 0 0 0 0 0 0 0 0 0 0 0 0 0 0 0 0 0 0 0 0 0 0 0 0 0 0 0 0 0 0 0 0 0 0 0 0 0 0 0 0 0 0 0 0 0 0 0 0 0 0 0 0 0 0 0 0 0 0 0 0 0 0 0 0 0 0 0 0 0 0 0 0 0 0 0 0 0 0 0 0 0 0 0 0 0 0 0 0 0 0 0 0 0 0 0 0 0 0 0 0 0 0 0 0 0 0 0 0 0 0 0 0 0 0 0 0 0 0 0 0 0 0 0 0 0 0 0 0 0 0 0 0 0 0 0 0 0 0 0 0 0 0 0 0 0 0 0 0 0 0 0 0 0 0 0 0 0 0 0 0 0 0 0 0 0 0 0 0 0 0 0 0 0 0 0 0 0 0 0 0 0 0 0 0 0 0 0 0 0 0 0 0 0 0 0 0 0 0 0 0 0 0 0 0 0 0 0 0 0 0 0 0 0 0 0 0 0 0 0 0 0 0 0 0 0 0 0 0 0 0 0 0 0 0 0 0 0 0 0 0 0 0 0 0 0 0 0 0 0 0 0 0 0 0 0 0 0 0 0 0 0 0 0 0 0 0 0 0 0 0 0 0 0 0 0 0 0 0 0 0 0 0 0 0 0 0 0 0 0 0 0 0 0 0 0 0 0 0 0 0 0 0 0 0 0 0 0 0 0 0 0 0 0 0 0 0 0 0 0 0 0 0 0 0 0 0 0 0 0 0 0 0 0 0 0 0 0 0 0 0 0 0 0 0 0 0 0 0 0 0 0 0 0 0 0 0 0 0 0 0 0 0 0 0 0 0 0 0 0 0 0 0 0 0 0 0 0 0 0 0 0 0 0 0 0 0 0 0 0 0 0 0 0 0 0 0 0 0 0 0 0 0 0 0 0 0 0 0 0 0 0 0 0 0 0 0 0 0 0 0 0 0 0 0 0 0 0 0 0 0 0 0 0 0 0 0 0 0 0 0 0 0 0 0 0 0 0 0 0 0 0 0 0 0 0 0 0 0 0 0 0 0 0 0 0 0 0 0 0 0 0 0 0 0 0 0 0 0 0 0 0 0 0 0 0 0 0 0 0 0 0 0 0 0 0 0 0 0 0 0 0 0 0 0 0 0 0 0 0 0 0 0 0 0 0 0 0 0 0 0 0 0 0 0 0 0 0 0 0 0 0 0 0 0 0 0 0 0 0 0 0 0 0 0 0 0 0 0 0 0 0 0 0 0 0 0 0 0 0 0 0 0 0 0 0 0 0 0 0 0 0 0 0 0 0 0 0 0 0 0 0 0 0 0 0 0 0 0 0 0 0 0 0 0 0 0 0 0 0 0 0 0 0 0 0 0 0 0 0 0 0 0 0 0 0 0 0 0 0 0 0 0 0 0 0 0 0 0 0 0 0 0 0 0 0 0 0 0 0 0 0 0 0 0 0 0 0 0 0 0 0 0 0 0 0 0 0 0 0 0 0 0 0 0 0 0 0 0 0 0 0 0 0 0 0 0 0 0 0 0 0 0 0 0 0 0 0 0 0 0 0 0 0 0 0 0 0 0 0 0 0 0 0 0 0 0 0 0 0 0 0 0 0 0 0 0 0 0 0 0 0 0 0 0 0 0 0 0 0 0 0 0 0 0 0 0 0 0 0 0 0 0 0 0 0 0 0 0 0 0 0 0 0 0 0 0 0 0 0 0 0 0 0 0 0 0 0 0 0 0 0 0 0 0 0 0 0 0 0 0 0 0 0 0 0 0 0 0 0 0 0 0 0 0 0 0 0 0 0 0 0 0 0 0 0 0 0 0 0 0 0 0 0 0 0 0 0 0 0 0 0 0 0 0 0 0 0 0 0 0 0 0 0 0 0 0 0 0 0 0 0 0 0 0 0 0 0 0 0 0 0 0 0 0 0 0 0 0 0 0 0 0 0 0 0 0 0 0 0 0 0 0 0 0 0 0 0 0 0 0 0 0 0 0 0 0 0 0 0 0 0 0 0 0 0 0 0 0 0 0 0 0 0 0 0 0 0 0 0 0 0 0 0 0 0 0 0 0 0 0 0 0 0 0 0 0 0 0 0 0 0 0 0 0 0 0 0 0 0 0 0 0 0 0 0 0 0 0 0 0 0 0 0 0 0 0 0 0 0 0 0 0 0 0 0 0 0 0 0 0 0 0 0 0 0 0 0 0 0 0 0 0 0 0 0 0 0 0 0 0 0 0 0 0 0 0 0 0 0 0 0 0 0 0 0 0 0 0 0 0 0 0 0 0 0 0 0 0 0 0 0 0 0 0 0 0 0 0 0 0 0 0 0 0 0 0 0 0 0 0 0 0 0 0 0 0 0 0 0 0 0 0 0 0 0 0 0 0 0 0 0 0 0 0 0 0 0 0 0 0 0 0 0 0 0 0 0 0 0 0 0 0 0 0 0 0 0 0 0 0 0 0 0 0 0 0 0 0 0 0 0 0 0 0 0 0 0 0 0 0 0 0 0 0 0 0 0 0 0 0 0 0 0 0 0 0 0 0 0 0 0 0 0 0 0 0 0 0 0 0 0 0 0 0 0 0 0 0 0 0 0 0 0 0 0 0 0 0 0 0 0 0 0 0 0 0 0 0 0 0 0 0 0 0 0 0 0 0 0 0 0 0 0 0 0 0 0 0 0 0 0 0 0 0 0 0 0 0 0 0 0 0 0 0 0 0 0 0 0 0 0 0 0 0 0 0 0 0 0 0 0 0 0 0 0 0 0 0 0 0 0 0 0 0 0 0 0 0 0 0 0 0 0 0 0 0 0 0 0 0 0 0 0 0 0 0 0 0 0 0 0 0 0 0 0 0 0 0 0 0 0 0 0 0 0 0 0 0 0 0 0 0 0 0 0 0 0 0 0 0 0 0 0 0 0 0 0 0 0 0 0 0 0 0 0 0 0 0 0 0 0 0 0 0 0 0 0 0 0 0 0 0 0 0 0 0 0 0 0 0 0 0 0 0 0 0 0 0 0 0 0 0 0 0 0 0 0 0 0 0 0 0 0 0 0 0 0 0 0 0 0 0 0 0 0 0 0 0 0 0 0 0 0 0 0 0 0 0 0 0 0 0 0 0 0 0 0 0 0 0 0 0 0 0 0 0 0 0 0 0 0 0 0 0 0 0 0 0 0 0 0 0 0 0 0 0 0 0 0 0 0 0 0 0 0 0 0 0 0 0 0 0 0 0 0 0 0 0 0 0 0 0 0 0 0 0 0 0 0 0 0 0 0 0 0 0 0 0 0 0 0 0 0 0 0 0 0 0 0 0 0 0 0 0 0 0 0 0 0 0 0 0 0 0 0 0 0 0 0 0 0 0 0 0 0 0 0 0 0 0 0 0 0 0 0 0 0 0 0 0 0 0 0 0 0 0 0 0 0 0 0 0 0 0 0 0 0 0 0 0 0 0 0 0 0 0 0 0 0 0 0 0 0 0 0 0 0 0 0 0 0 0 0 0 0 0 0 0 0 0 0 0 0 0 0 0 0 0 0 0 0 0 0 0 0 0 0 0 0 0 0 0 0 0 0 0 0 0 0 0 0 0 0 0 0 0 0 0 0 0 0 0 0 0 0 0 0 0 0 0 0 0 0 0 0 0 0 0 0 0 0 0 0 0 0 0 0 0 0 0 0 0 0 0 0 0 0 0 0 0 0 0 0 0 0 0 0 0 0 0 0 0 0 0 0 0 0 0 0 0 0 0 0 0 0 0 0 0 0 0 0 0 0 0 0 0 0 0 0 0 0 0 0 0 0 0 0 0 0 0 0 0 0 0 0 0 0 0 0 0 0 0 0 0 0 0 0 0 0 0 0 0 0 0 0 0 0 0 0 0 0 0 0 0 0 0 0 0 0 0 0 0 0 0 0 0 0 0 0 0 0 0 0 0 0 0 0 0 0 0 0 0 0 0 0 0 0 0 0 0 0 0 0 0 0 0 0 0 0 0 0 0 0 0 0 0 0 0 0 0 0 0 0 0 0 0 0 0 0 0 0 0 0 0 0 0 0 0 0 0 0 0 0 0 0 0 0 0 0 0 0 0 0 0 0 0 0 0 0 0 0 0 0 0 0 0 0 0 0 0 0 0 0 0 0 0 0 0 0 0 0 0 0 0 0 0 0 0 0 0 0 0 0 0 0 0 0 0 0 0 0 0 0 0 0 0 0 0 0 0 0 0 0 0 0 0 0 0 0 0 0 0 0 0 0 0 0 0 0 0 0 0 0 0 0 0 0 0 0 0 0 0 0 0 0 0 0 0 0 0 0 0 0 0 0 0 0 0 0 0 0 0 0 0 0 0 0 0 0 0 0 0 0 0 0 0 0 0 0 0 0 0 0 0 0 0 0 0 0 0 0 0 0 0 0 0 0 0 0 0 0 0 0 0 0 0 0 0 0 0 0 0 0 0 0 0 0 0 0 0 0 0 0 0 0 0 0 0 0 0 0 0 0 0 0 0 0 0 0 0 0 0 0 0 0 0 0 0 0 0 0 0 0 0 0 0 0 0 0 0 0 0 0 0 0 0 0 0 0 0 0 0 0 0 0 0 0 0 0 0 0 0 0 0 0 0 0 0 0 0 0 0 0 0 0 0 0 0 0 0 0 0 0 0 0 0 0 0 0 0 0 0 0 0 0 0 0 0 0 0 0 0 0 0 0 0 0 0 0 0 0 0 0 0 0 0 0 0 0 0 0 0 0 0 0 0 0 0 0 0 0 0 0 0 0 0 0 0 0 0 0 0 0 0 0 0 0 0 0 0 0 0 0 0 0 0 0 0 0 0 0 0 0 0 0 0 0 0 0 0 0 0 0 0 0 0 0 0 0 0 0 0 0 0 0 0 0 0 0 0 0 0 0 0 0 0 0 0 0 0 0 0 0 0 0 0 0 0 0 0 0 0 0 0 0 0 0 0 0 0 0 0 0 0 0 0 0 0 0 0 0 0 0 0 0 0 0 0 0 0 0 0 0 0 0 0 0 0 0 0 0 0 0 0 0 0 0 0 0 0 0 0 0 0 0 0 0 0 0 0 0 0 0 0 0 0 0 0 0 0 0 0 0 0 0 0 0 0 0 0 0 0 0 0 0 0 0 0 0 0 0 0 0 0 0 0 0 0 0 0 0 0 0 0 0 0 0 0 0 0 0 0 0 0 0 0 0 0 0 0 0 0 0 0 0 0 0 0 0 0 0 0 0 0 0 0 0 0 0 0 0 0 0 0 0 0 0 0 0 0 0 0 0 0 0 0 0 0 0 0 0 0 0 0 0 0 0 0 0 0 0 0
ctxt 4331862
btime 1613064757
processes 105247
procs_running 1
procs_blocked 0
softirq 47549830 1 27958459 1342 887999 0 0 164 1628418 0 17073447
