cpu  7643286 4 10912 6773286 420 0 1202 0 0 0
cpu0 212248 0 354 187966 1 0 222 0 0 0
cpu1 212258 0 250 188287 1 0 105 0 0 0
cpu2 212376 0 211 188220 0 0 26 0 0 0
cpu3 212347 0 291 188139 4 0 12 0 0 0
cpu4 211750 0 742 188177 2 0 131 0 0 0
cpu5 212106 0 457 188187 14 0 37 0 0 0
cpu6 212269 0 290 188229 2 0 11 0 0 0
cpu7 212310 0 233 188267 4 0 4 0 0 0
cpu8 212734 0 304 187765 1 0 3 0 0 0
cpu9 212347 0 325 188128 1 0 12 0 0 0
cpu10 212227 0 284 188284 4 0 7 0 0 0
cpu11 212309 0 230 188263 2 0 10 0 0 0
cpu12 212160 0 362 188267 4 0 10 0 0 0
cpu13 212472 0 338 187937 48 0 15 0 0 0
cpu14 211947 0 537 188281 4 0 31 0 0 0
cpu15 212043 0 420 188324 5 0 23 0 0 0
cpu16 212048 0 441 188260 1 0 53 0 0 0
cpu17 212394 0 209 188184 5 0 6 0 0 0
cpu18 212410 0 168 188220 4 0 3 0 0 0
cpu19 212244 0 296 188239 1 0 26 0 0 0
cpu20 212470 0 125 188202 3 0 3 0 0 0
cpu21 212359 0 147 188294 9 0 0 0 0 0
cpu22 212274 0 224 188293 12 0 10 0 0 0
cpu23 212330 0 194 188274 2 0 2 0 0 0
cpu24 211643 0 624 188172 12 0 338 0 0 0
cpu25 212364 0 162 188279 3 0 2 0 0 0
cpu26 212298 0 234 188259 7 0 2 0 0 0
cpu27 212760 0 232 187814 0 0 6 0 0 0
cpu28 213194 0 337 187167 81 0 2 0 0 0
cpu29 212364 0 183 188218 33 0 7 0 0 0
cpu30 212817 0 308 187594 54 0 3 0 0 0
cpu31 212407 3 195 188149 40 0 6 0 0 0
cpu32 212058 0 513 188192 6 0 40 0 0 0
cpu33 212300 0 317 188159 12 0 10 0 0 0
cpu34 212297 0 193 188286 15 0 8 0 0 0
cpu35 212337 0 167 188294 1 0 1 0 0 0
intr 21441375 56 0 0 0 610 0 0 0 1 0 275 0 0 0 0 0 0 0 0 0 0 0 0 0 0 0 0 0 0 0 0 0 94 314 194 18 198 611 609 129 187 61 87 285 138 255 1443 453 279 249 339 191 146 151 1241 3734 0 0 0 0 203 1312 262 364 35 10037 3413 3978 1767 545 724 219 130 0 16 9567 1 0 9067 1581 157 532 974 176 143 241 870 2415 905 868 2560 336 4222 1326 2798 341 887 2178 5317 259 2783 721 75294 50 536 826 401 1760 443 173 4923 2164 786 419 0 16 7707 1 0 0 0 0 0 0 0 0 0 0 0 0 0 0 0 0 0 0 0 0 0 0 0 0 0 0 0 0 0 0 0 0 0 0 0 0 0 24 0 0 0 0 0 0 0 0 0 0 0 0 0 0 0 0 0 0 0 0 0 0 0 0 0 0 0 0 0 0 0 0 0 0 0 0 0 0 0 0 0 0 0 0 0 0 0 0 0 0 0 0 0 0 0 0 0 0 0 0 0 0 0 0 0 0 0 0 0 0 0 0 0 0 0 0 0 0 0 0 0 0 0 0 0 0 0 0 0 0 0 0 0 0 0 0 0 0 0 0 0 0 0 0 0 0 0 0 0 0 0 0 0 0 0 0 0 0 0 0 0 0 0 0 0 0 0 0 0 0 0 0 0 0 0 0 0 0 0 0 0 0 0 0 0 0 0 0 0 0 0 0 0 0 0 0 0 0 0 0 0 0 0 0 0 0 0 0 0 0 0 0 0 0 0 0 0 0 0 0 0 0 0 0 0 0 0 0 0 0 0 0 0 0 0 0 0 0 0 0 0 0 0 0 0 0 0 0 0 0 0 0 0 0 0 0 0 0 0 0 0 0 0 0 0 0 0 0 0 0 0 0 0 0 0 0 0 0 0 0 0 0 0 0 0 0 0 0 0 0 0 0 0 0 0 0 0 0 0 0 0 0 0 0 0 0 0 0 0 0 0 0 0 0 0 0 0 0 0 0 0 0 0 0 0 0 0 0 0 0 0 0 0 0 0 0 0 0 0 0 0 0 0 0 0 0 0 0 0 0 0 0 0 0 0 0 0 0 0 0 0 0 0 0 0 0 0 0 0 0 0 0 0 0 0 0 0 0 0 0 0 0 0 0 0 0 0 0 0 0 0 0 0 0 0 0 0 0 0 0 0 0 0 0 0 0 0 0 0 0 0 0 0 0 0 0 0 0 0 0 0 0 0 0 0 0 0 0 0 0 0 0 0 0 0 0 0 0 0 0 0 0 0 0 0 0 0 0 0 0 0 0 0 0 0 0 0 0 0 0 0 0 0 0 0 0 0 0 0 0 0 0 0 0 0 0 0 0 0 0 0 0 0 0 0 0 0 0 0 0 0 0 0 0 0 0 0 0 0 0 0 0 0 0 0 0 0 0 0 0 0 0 0 0 0 0 0 0 0 0 0 0 0 0 0 0 0 0 0 0 0 0 0 0 0 0 0 0 0 0 0 0 0 0 0 0 0 0 0 0 0 0 0 0 0 0 0 0 0 0 0 0 0 0 0 0 0 0 0 0 0 0 0 0 0 0 0 0 0 0 0 0 0 0 0 0 0 0 0 0 0 0 0 0 0 0 0 0 0 0 0 0 0 0 0 0 0 0 0 0 0 0 0 0 0 0 0 0 0 0 0 0 0 0 0 0 0 0 0 0 0 0 0 0 0 0 0 0 0 0 0 0 0 0 0 0 0 0 0 0 0 0 0 0 0 0 0 0 0 0 0 0 0 0 0 0 0 0 0 0 0 0 0 0 0 0 0 0 0 0 0 0 0 0 0 0 0 0 0 0 0 0 0 0 0 0 0 0 0 0 0 0 0 0 0 0 0 0 0 0 0 0 0 0 0 0 0 0 0 0 0 0 0 0 0 0 0 0 0 0 0 0 0 0 0 0 0 0 0 0 0 0 0 0 0 0 0 0 0 0 0 0 0 0 0 0 0 0 0 0 0 0 0 0 0 0 0 0 0 0 0 0 0 0 0 0 0 0 0 0 0 0 0 0 0 0 0 0 0 0 0 0 0 0 0 0 0 0 0 0 0 0 0 0 0 0 0 0 0 0 0 0 0 0 0 0 0 0 0 0 0 0 0 0 0 0 0 0 0 0 0 0 0 0 0 0 0 0 0 0 0 0 0 0 0 0 0 0 0 0 0 0 0 0 0 0 0 0 0 0 0 0 0 0 0 0 0 0 0 0 0 0 0 0 0 0 0 0 0 0 0 0 0 0 0 0 0 0 0 0 0 0 0 0 0 0 0 0 0 0 0 0 0 0 0 0 0 0 0 0 0 0 0 0 0 0 0 0 0 0 0 0 0 0 0 0 0 0 0 0 0 0 0 0 0 0 0 0 0 0 0 0 0 0 0 0 0 0 0 0 0 0 0 0 0 0 0 0 0 0 0 0 0 0 0 0 0 0 0 0 0 0 0 0 0 0 0 0 0 0 0 0 0 0 0 0 0 0 0 0 0 0 0 0 0 0 0 0 0 0 0 0 0 0 0 0 0 0 0 0 0 0 0 0 0 0 0 0 0 0 0 0 0 0 0 0 0 0 0 0 0 0 0 0 0 0 0 0 0 0 0 0 0 0 0 0 0 0 0 0 0 0 0 0 0 0 0 0 0 0 0 0 0 0 0 0 0 0 0 0 0 0 0 0 0 0 0 0 0 0 0 0 0 0 0 0 0 0 0 0 0 0 0 0 0 0 0 0 0 0 0 0 0 0 0 0 0 0 0 0 0 0 0 0 0 0 0 0 0 0 0 0 0 0 0 0 0 0 0 0 0 0 0 0 0 0 0 0 0 0
ctxt 6300836
btime 1613124388
processes 157414
procs_running 1
procs_blocked 0
softirq 28111782 1 16154772 358 1180828 0 0 127603 808104 0 9840116
