cpu  54551197 7 57622 28937226 521 0 4291 0 0 0
cpu0 424964 0 1696 225396 0 0 314 0 0 0
cpu1 425814 0 517 226361 2 0 48 0 0 0
cpu2 425207 0 1215 226215 0 0 78 0 0 0
cpu3 424683 0 1420 226514 7 0 76 0 0 0
cpu4 425900 0 670 226159 1 0 48 0 0 0
cpu5 426249 0 255 226194 0 0 72 0 0 0
cpu6 425813 0 791 226102 0 0 30 0 0 0
cpu7 425438 0 1091 226130 0 0 70 0 0 0
cpu8 426148 0 536 226045 0 0 42 0 0 0
cpu9 426476 0 242 226050 1 0 7 0 0 0
cpu10 425634 0 1037 226010 0 0 88 0 0 0
cpu11 425804 0 718 226181 0 0 65 0 0 0
cpu12 425625 0 714 226319 0 0 84 0 0 0
cpu13 426174 0 419 226143 0 0 32 0 0 0
cpu14 425620 0 991 226093 0 0 68 0 0 0
cpu15 425834 0 731 226133 0 0 60 0 0 0
cpu16 426363 0 290 226108 0 0 9 0 0 0
cpu17 426184 0 245 226319 0 0 14 0 0 0
cpu18 425360 0 1278 226028 0 0 107 0 0 0
cpu19 425962 0 617 226127 2 0 44 0 0 0
cpu20 426465 0 238 226068 0 0 7 0 0 0
cpu21 426346 0 234 226184 0 0 16 0 0 0
cpu22 425821 0 812 226042 0 0 91 0 0 0
cpu23 425954 2 669 226080 0 0 48 0 0 0
cpu24 426450 0 337 225964 0 0 18 0 0 0
cpu25 426794 0 266 225693 1 0 12 0 0 0
cpu26 425372 0 960 226262 0 0 134 0 0 0
cpu27 425828 0 687 226126 0 0 68 0 0 0
cpu28 426574 0 309 225800 0 0 4 0 0 0
cpu29 426406 0 284 226054 0 0 12 0 0 0
cpu30 426278 0 435 226040 0 0 18 0 0 0
cpu31 426095 0 554 226060 1 0 34 0 0 0
cpu32 426204 0 324 226202 0 0 36 0 0 0
cpu33 426266 0 202 226048 0 0 197 0 0 0
cpu34 426121 0 543 226055 0 0 54 0 0 0
cpu35 426200 0 712 225784 3 0 51 0 0 0
cpu36 426451 0 281 226016 0 0 5 0 0 0
cpu37 426433 0 176 226142 0 0 11 0 0 0
cpu38 425987 0 582 226158 0 0 38 0 0 0
cpu39 426087 0 844 225751 6 0 70 0 0 0
cpu40 426545 0 186 226016 0 0 10 0 0 0
cpu41 426507 0 195 226050 1 0 10 0 0 0
cpu42 426051 0 467 226209 0 0 33 0 0 0
cpu43 426520 0 711 225419 29 0 57 0 0 0
cpu44 424498 0 460 227718 0 0 42 0 0 0
cpu45 427004 0 344 225386 1 0 18 0 0 0
cpu46 425970 0 564 226185 3 0 31 0 0 0
cpu47 427148 0 886 224612 2 0 61 0 0 0
cpu48 426545 0 222 225983 0 0 12 0 0 0
cpu49 426447 0 230 226046 0 0 20 0 0 0
cpu50 426202 0 516 226003 1 0 41 0 0 0
cpu51 426650 0 542 225492 2 0 42 0 0 0
cpu52 426449 0 189 226121 0 0 3 0 0 0
cpu53 426308 0 246 226181 2 0 15 0 0 0
cpu54 426240 0 323 226173 0 0 17 0 0 0
cpu55 426142 0 394 226186 5 0 18 0 0 0
cpu56 426467 0 229 226046 0 0 18 0 0 0
cpu57 426351 0 194 226196 0 0 11 0 0 0
cpu58 426077 0 548 226086 3 0 46 0 0 0
cpu59 426023 0 412 226195 77 0 32 0 0 0
cpu60 426289 0 396 226031 2 0 40 0 0 0
cpu61 426413 0 174 226159 0 0 11 0 0 0
cpu62 426334 0 326 226074 0 0 21 0 0 0
cpu63 426283 0 421 226015 0 0 24 0 0 0
cpu64 425731 0 910 225988 1 0 121 0 0 0
cpu65 426002 0 366 226323 0 0 26 0 0 0
cpu66 425518 0 758 226430 3 0 29 0 0 0
cpu67 426100 0 558 225964 88 0 22 0 0 0
cpu68 426122 0 358 226238 0 0 9 0 0 0
cpu69 426132 0 308 226285 1 0 10 0 0 0
cpu70 425955 0 598 226178 0 0 19 0 0 0
cpu71 426095 0 614 225971 31 0 22 0 0 0
cpu72 426410 0 307 226026 0 0 9 0 0 0
cpu73 426265 0 192 226284 0 0 9 0 0 0
cpu74 426017 0 657 226048 0 0 39 0 0 0
cpu75 426023 0 516 226141 2 0 36 0 0 0
cpu76 426210 0 240 226277 0 0 10 0 0 0
cpu77 426250 0 306 226175 1 0 12 0 0 0
cpu78 424710 0 769 227162 0 0 50 0 0 0
cpu79 426102 0 464 226133 4 0 18 0 0 0
cpu80 426519 0 189 226041 1 0 2 0 0 0
cpu81 426446 0 153 226134 0 0 7 0 0 0
cpu82 425602 0 856 226202 0 0 66 0 0 0
cpu83 426137 0 403 226162 1 0 34 0 0 0
cpu84 426583 0 191 225966 0 0 5 0 0 0
cpu85 426274 0 210 226249 0 0 9 0 0 0
cpu86 426198 0 534 225981 1 0 30 0 0 0
cpu87 425810 1 641 226200 4 0 80 0 0 0
cpu88 426213 0 410 226096 0 0 25 0 0 0
cpu89 426438 0 138 226161 0 0 8 0 0 0
cpu90 425912 0 565 226220 0 0 38 0 0 0
cpu91 425849 0 492 226321 1 0 42 0 0 0
cpu92 426455 0 189 226089 1 0 3 0 0 0
cpu93 426368 0 158 226198 0 0 9 0 0 0
cpu94 426111 0 289 226330 0 0 9 0 0 0
cpu95 426028 0 458 226195 1 0 19 0 0 0
cpu96 426397 0 203 226117 5 0 8 0 0 0
cpu97 426433 0 154 226148 0 0 4 0 0 0
cpu98 426425 0 269 226026 0 0 16 0 0 0
cpu99 426275 2 534 225899 2 0 38 0 0 0
cpu100 426537 0 140 226062 0 0 2 0 0 0
cpu101 426355 0 170 226206 1 0 5 0 0 0
cpu102 426344 0 282 226102 0 0 12 0 0 0
cpu103 426555 0 564 225578 5 0 35 0 0 0
cpu104 426522 0 150 226060 0 0 1 0 0 0
cpu105 426415 0 154 226156 1 0 10 0 0 0
cpu106 425933 0 355 226410 0 0 14 0 0 0
cpu107 426415 0 550 225712 8 0 48 0 0 0
cpu108 426491 0 189 226041 7 0 3 0 0 0
cpu109 426408 0 175 226138 1 0 13 0 0 0
cpu110 426205 0 290 226208 0 0 20 0 0 0
cpu111 427350 0 902 224367 1 0 80 0 0 0
cpu112 426596 0 168 225970 0 0 4 0 0 0
cpu113 426351 0 163 226200 0 0 12 0 0 0
cpu114 426170 0 460 226055 11 0 38 0 0 0
cpu115 426953 0 471 225201 70 0 11 0 0 0
cpu116 426454 0 209 226065 1 0 5 0 0 0
cpu117 426414 0 178 226123 0 0 8 0 0 0
cpu118 426442 0 197 226080 0 0 3 0 0 0
cpu119 425979 0 464 226224 4 0 44 0 0 0
cpu120 426616 0 163 225955 0 0 3 0 0 0
cpu121 426434 0 151 226145 2 0 4 0 0 0
cpu122 426100 0 384 226225 0 0 17 0 0 0
cpu123 426460 0 404 225800 54 0 8 0 0 0
cpu124 426318 0 222 226182 2 0 13 0 0 0
cpu125 426505 0 230 225986 0 0 5 0 0 0
cpu126 426485 0 217 226018 1 0 3 0 0 0
cpu127 426378 0 515 225800 1 0 14 0 0 0
intr 153939164 130 0 0 0 683 0 0 0 1 0 285 0 0 0 0 0 0 0 0 0 0 0 0 0 0 0 0 0 0 0 0 0 0 0 0 260 0 976 6930 922 12590 1992 19279 2539 7479 1847 578 101 5929 135 2452 4984 8547 157 653 37 5054 1186 2517 0 6126 446 522 681 3376 1422 1313 10 4055 554 59475 158 10425 483 509 14 5076 1385 928 1098 9545 1264 700 9 8375 473 1504 5 3777 380 1449 0 2726 299 1461 745 6423 153 1132 3080 4098 885 6136 2975 8305 2223 3260 466 6894 1005 715 2 5972 598 2134 49 3998 134 445 13 5133 1102 3144 52 7229 567 514 140 5537 429 1768 167 4096 511 918 20 4429 399 568 0 3431 698 664 1693 3041 1129 2212 7 6336 200 1159 0 1325 526 1119 6 0 0 0 0 0 0 0 0 0 0 163 189 1 62 4 80 206 18 155 1 3 0 9 0 6 0 10 158 11 3 764 21 128 2 86 329 103 19 271 62 333 32 93 0 0 0 0 0 0 0 0 0 0 0 0 0 0 0 0 0 71 10 94 26 97 34 24 1 111 3 85 0 6 26 104 136 39 19 7 19 35 76 0 0 8 0 105 28 0 83 0 1 1 0 6 385 0 0 37 6357 5242 120 424 471 760 388 245 211 248 872 172 202 402 3008 71 122 225 580 60 9906 117 546 81 0 0 0 0 0 0 0 0 0 0 0 0 0 0 0 0 0 0 0 0 0 0 0 0 0 0 0 0 0 0 0 0 0 0 0 0 0 0 0 0 0 0 0 0 0 0 0 0 0 0 0 0 0 0 0 0 0 0 0 0 0 0 0 0 0 0 0 0 0 0 0 0 0 0 0 0 0 0 0 0 0 0 0 0 0 0 0 0 0 0 0 0 0 0 0 0 0 0 0 0 0 0 0 0 0 0 0 0 0 0 0 0 0 0 0 0 0 0 0 0 0 0 0 0 0 0 0 0 0 0 0 0 0 0 0 0 0 0 0 0 0 0 0 0 0 0 0 0 0 0 0 0 0 0 0 0 0 0 0 0 0 0 0 0 0 0 0 0 0 0 0 0 0 0 0 0 0 0 0 0 0 0 0 0 0 0 0 0 0 0 0 0 0 0 0 0 0 0 0 0 0 0 0 0 0 0 0 0 0 0 0 0 0 0 0 0 0 0 0 0 0 0 0 0 0 0 0 0 0 0 0 0 0 0 0 0 0 0 0 0 0 0 0 0 0 0 0 0 0 0 0 0 0 0 0 0 0 0 0 0 0 0 0 0 0 0 0 0 0 0 0 0 0 0 0 0 0 0 0 0 0 0 0 0 0 0 0 0 0 0 0 0 0 0 0 0 0 0 0 0 0 0 0 0 0 0 0 0 0 0 0 0 0 0 0 0 0 0 0 0 0 0 0 0 0 0 0 0 0 0 0 0 0 0 0 0 0 0 0 0 0 0 0 0 0 0 0 0 0 0 0 0 0 0 0 0 0 0 0 0 0 0 0 0 0 0 0 0 0 0 0 0 0 0 0 0 0 0 0 0 0 0 0 0 0 0 0 0 0 0 0 0 0 0 0 0 0 0 0 0 0 0 0 0 0 0 0 0 0 0 0 0 0 0 0 0 0 0 0 0 0 0 0 4 0 0 0 0 0 0 0 47 0 0 48 0 0 0 0 0 0 0 0 0 0 0 0 1 0 0 0 0 0 0 0 0 0 0 0 0 0 0 0 0 0 0 0 0 0 0 0 0 0 0 0 0 0 0 0 0 0 0 0 0 0 0 0 0 0 0 0 0 0 0 0 0 0 0 0 0 0 0 0 0 0 0 0 0 0 0 0 0 0 0 0 0 0 20 0 0 0 0 0 0 0 0 0 0 0 0 0 0 0 0 0 0 0 0 0 0 0 0 0 0 0 0 0 0 0 0 0 0 0 0 0 0 0 0 0 0 0 0 0 0 0 0 0 0 0 0 0 0 0 0 0 0 0 0 0 0 0 0 0 0 0 0 0 0 0 0 0 0 0 0 0 0 0 0 0 0 0 0 0 0 0 0 0 0 0 0 0 0 0 0 0 0 0 0 0 0 0 0 0 0 0 0 0 0 0 0 0 0 0 0 0 0 0 0 0 0 0 0 0 0 0 0 0 0 0 0 0 0 0 0 0 0 0 0 0 0 0 0 0 0 0 0 0 0 0 0 0 0 0 0 0 0 0 0 0 0 0 0 0 0 0 0 0 0 0 0 0 0 0 0 0 0 0 0 0 0 0 0 0 0 0 0 0 0 0 0 0 0 0 0 0 0 0 0 0 0 0 0 0 0 0 0 0 0 0 0 0 0 0 0 0 0 0 0 0 0 0 0 0 0 0 0 0 0 0 0 0 0 0 0 0 0 0 0 0 0 0 0 0 0 0 0 0 0 0 0 0 0 0 0 0 0 0 0 0 0 0 0 0 0 0 0 0 0 0 0 0 0 0 0 0 0 0 0 0 0 0 0 0 0 0 0 0 0 0 0 0 0 0 0 0 0 0 0 0 0 0 0 0 0 0 0 0 0 0 0 0 0 0 0 0 0 0 0 0 0 0 0 0 0 0 0 0 0 0 0 0 0 0 0 0 0 0 0 0 0 0 0 0 0 0 0 0 0 0 0 0 0 0 0 0 0 0 0 0 0 0 0 0 0 0 0 0 0 0 0 0 0 0 0 0 0 0 0 0 0 0 0 0 0 0 0 0 0 0 0 0 0 0 0 0 0 0 0 0 0 0 0 0 0 0 0 0 0 0 0 0 0 0 0 0 0 0 0 0 0 0 0 0 0 0 0 0 0 0 0 0 0 0 0 0 0 0 0 0 0 0 0 0 0 0 0 0 0 0 0 0 0 0 0 0 0 0 0 0 0 0 0 0 0 0 0 0 0 0 0 0 0 0 0 0 0 0 0 0 0 0 0 0 0 0 0 0 0 0 0 0 0 0 0 0 0 0 0 0 0 0 0 0 0 0 0 0 0 0 0 0 0 0 0 0 0 0 0 0 0 0 0 0 0 0 0 0 0 0 0 0 0 0 0 0 0 0 0 0 0 0 0 0 0 0 0 0 0 0 0 0 0 0 0 0 0 0 0 0 0 0 0 0 0 0 0 0 0 0 0 0 0 0 0 0 0 0 0 0 0 0 0 0 0 0 0 0 0 0 0 0 0 0 0 0 0 0 0 0 0 0 0 0 0 0 0 0 0 0 0 0 0 0 0 0 0 0 0 0 0 0 0 0 0 0 0 0 0 0 0 0 0 0 0 0 0 0 0 0 0 0 0 0 0 0 0 0 0 0 0 0 0 0 0 0 0 0 0 0 0 0 0 0 0 0 0 0 0 0 0 0 0 0 0 0 0 0 0 0 0 0 0 0 0 0 0 0 0 0 0 0 0 0 0 0 0 0 0 0 0 0 0 0 0 0 0 0 0 0 0 0 0 0 0 0 0 0 0 0 0 0 0 0 0 0 0 0 0 0 0 0 0 0 0 0 0 0 0 0 0 0 0 0 0 0 0 0 0 0 0 0 0 0 0 0 0 0 0 0 0 0 0 0 0 0 0 0 0 0 0 0 0 0 0 0 0 0 0 0 0 0 0 0 0 0 0 0 0 0 0 0 0 0 0 0 0 0 0 0 0 0 0 0 0 0 0 0 0 0 0 0 0 0 0 0 0 0 0 0 0 0 0 0 0 0 0 0 0 0 0 0 0 0 0 0 0 0 0 0 0 0 0 0 0 0 0 0 0 0 0 0 0 0 0 0 0 0 0 0 0 0 0 0 0 0 0 0 0 0 0 0 0 0 0 0 0 0 0 0 0 0 0 0 0 0 0 0 0 0 0 0 0 0 0 0 0 0 0 0 0 0 0 0 0 0 0 0 0 0 0 0 0 0 0 0 0 0 0 0 0 0 0 0 0 0 0 0 0 0 0 0 0 0 0 0 0 0 0 0 0 0 0 0 0 0 0 0 0 0 0 0 0 0 0 0 0 0 0 0 0 0 0 0 0 0 0 0 0 0 0 0 0 0 0 0 0 0 0 0 0 0 0 0 0 0 0 0 0 0 0 0 0 0 0 0 0 0 0 0 0 0 0 0 0 0 0 0 0 0 0 0 0 0 0 0 0 0 0 0 0 0 0 0 0 0 0 0 0 0 0 0 0 0 0 0 0 0 0 0 0 0 0 0 0 0 0 0 0 0 0 0 0 0 0 0 0 0 0 0 0 0 0 0 0 0 0 0 0 0 0 0 0 0 0 0 0 0 0 0 0 0 0 0 0 0 0 0 0 0 0 0 0 0 0 0 0 0 0 0 0 0 0 0 0 0 0 0 0 0 0 0 0 0 0 0 0 0 0 0 0 0 0 0 0 0 0 0 0 0 0 0 0 0 0 0 0 0 0 0 0 0 0 0 0 0 0 0 0 0 0 0 0 0 0 0 0 0 0 0 0 0 0 0 0 0 0 0 0 0 0 0 0 0 0 0 0 0 0 0 0 0 0 0 0 0 0 0 0 0 0 0 0 0 0 0 0 0 0 0 0 0 0 0 0 0 0 0 0 0 0 0 0 0 0 0 0 0 0 0 0 0 0 0 0 0 0 0 0 0 0 0 0 0 0 0 0 0 0 0 0 0 0 0 0 0 0 0 0 0 0 0 0 0 0 0 0 0 0 0 0 0 0 0 0 0 0 0 0 0 0 0 0 0 0 0 0 0 0 0 0 0 0 0 0 0 0 0 0 0 0 0 0 0 0 0 0 0 0 0 0 0 0 0 0 0 0 0 0 0 0 0 0 0 0 0 0 0 0 0 0 0 0 0 0 0 0 0 0 0 0 0 0 0 0 0 0 0 0 0 0 0 0 0 0 0 0 0 0 0 0 0 0 0 0 0 0 0 0 0 0 0 0 0 0 0 0 0 0 0 0 0 0 0 0 0 0 0 0 0 0 0 0 0 0 0 0 0 0 0 0 0 0 0 0 0 0 0 0 0 0 0 0 0 0 0 0 0 0 0 0 0 0 0 0 0 0 0 0 0 0 0 0 0 0 0 0 0 0 0 0 0 0 0 0 0 0 0 0 0 0 0 0 0 0 0 0 0 0 0 0 0 0 0 0 0 0 0 0 0 0 0 0 0 0 0 0 0 0 0 0 0 0 0 0 0 0 0 0 0 0 0 0 0 0 0 0 0 0 0 0 0 0 0 0 0 0 0 0 0 0 0 0 0 0 0 0 0 0 0 0 0 0 0 0 0 0 0 0 0 0 0 0 0 0 0 0 0 0 0 0 0 0 0 0 0 0 0 0 0 0 0 0 0 0 0 0 0 0 0 0 0 0 0 0 0 0 0 0 0 0 0 0 0 0 0 0 0 0 0 0 0 0 0 0 0 0 0 0 0 0 0 0 0 0 0 0 0 0 0 0 0 0 0 0 0 0 0 0 0 0 0 0 0 0 0 0 0 0 0 0 0 0 0 0 0 0 0 0 0 0 0 0 0 0 0 0 0 0 0 0 0 0 0 0 0 0 0 0 0 0 0 0 0 0 0 0 0 0 0 0 0 0 0 0 0 0 0 0 0 0 0 0 0 0 0 0 0 0 0 0 0 0 0 0 0 0 0 0 0 0 0 0 0 0 0 0 0 0 0 0 0 0 0 0 0 0 0 0 0 0 0 0 0 0 0 0 0 0 0 0 0 0 0 0 0 0 0 0 0 0 0 0 0 0 0 0 0 0 0 0 0 0 0 0 0 0 0 0 0 0 0 0 0 0 0 0 0 0 0 0 0 0 0 0 0 0 0 0 0 0 0 0 0 0 0 0 0 0 0 0 0 0 0 0 0 0 0 0 0 0 0 0 0 0 0 0 0 0 0 0 0 0 0 0 0 0 0 0 0 0 0 0 0 0 0 0 0 0 0 0 0 0 0 0 0 0 0 0 0 0 0 0 0 0 0 0 0 0 0 0 0 0 0 0 0 0 0 0 0 0 0 0 0 0 0 0 0 0 0 0 0 0 0 0 0 0 0 0 0 0 0 0 0 0 0 0 0 0 0 0 0 0 0 0 0 0 0 0 0 0 0 0 0 0 0 0 0 0 0 0 0 0 0 0 0 0 0 0 0 0 0 0 0 0 0 0 0 0 0 0 0 0 0 0 0 0 0 0 0 0 0 0 0 0 0 0 0 0 0 0 0 0 0 0 0 0 0 0 0 0 0 0 0 0 0 0 0 0 0 0 0 0 0 0 0 0 0 0 0 0 0 0 0 0 0 0 0 0 0 0 0 0 0 0 0 0 0 0 0 0 0 0 0 0 0 0 0 0 0 0 0 0 0 0 0 0 0 0 0 0 0 0 0 0 0 0 0 0 0 0 0 0 0 0 0 0 0 0 0 0 0 0 0 0 0 0 0 0 0 0 0 0 0 0 0 0 0 0 0 0 0 0 0 0 0 0 0 0 0 0 0 0 0 0 0 0 0 0 0 0 0 0 0 0 0 0 0 0 0 0 0 0 0 0 0 0 0 0 0 0 0 0 0 0 0 0 0 0 0 0 0 0 0 0 0 0 0 0 0 0 0 0 0 0 0 0 0 0 0 0 0 0 0 0 0 0 0 0 0 0 0 0 0 0 0 0 0 0 0 0 0 0 0 0 0 0 0 0 0 0 0 0 0 0 0 0 0 0 0 0 0 0 0 0 0 0 0 0 0 0 0 0 0 0 0 0 0 0 0 0 0 0 0 0 0 0 0 0 0 0 0 0 0 0 0 0 0 0 0 0 0 0 0 0 0 0 0 0 0 0 0 0 0 0 0 0 0 0 0 0 0 0 0 0 0 0 0 0 0 0 0 0 0 0 0 0 0 0 0 0 0 0 0 0 0 0 0 0 0 0 0 0 0 0 0 0 0 0 0 0 0 0 0 0 0 0 0 0 0 0 0 0 0 0 0 0 0 0 0 0 0 0 0 0 0 0 0 0 0 0 0 0 0 0 0 0 0 0 0 0 0 0 0 0 0 0 0 0 0 0 0 0 0 0 0 0 0 0 0 0 0 0 0 0 0 0 0 0 0 0 0 0 0 0 0 0 0 0 0 0 0 0 0 0 0 0 0 0 0 0 0 0 0 0 0 0 0 0 0 0 0 0 0 0 0 0 0 0 0 0 0 0 0 0 0 0 0 0 0 0 0 0 0 0 0 0 0 0 0 0 0 0 0 0 0 0 0 0 0 0 0 0 0 0 0 0 0 0 0 0 0 0 0 0 0 0 0 0 0 0 0 0 0 0 0 0 0 0 0 0 0 0 0 0 0 0 0 0 0 0 0 0 0 0 0 0 0 0 0 0 0 0 0 0 0 0 0 0 0 0 0 0 0 0 0 0 0 0 0 0 0 0 0 0 0 0 0 0 0 0 0 0 0 0 0 0 0 0 0 0 0 0 0 0 0 0 0 0 0 0 0 0 0 0 0 0 0 0 0 0 0 0 0 0 0 0 0 0 0 0 0 0 0 0 0 0 0 0 0 0 0 0 0 0 0 0 0 0 0 0 0 0 0 0 0 0 0 0 0 0 0 0 0 0 0 0 0 0 0 0 0 0 0 0 0 0 0 0 0 0 0 0 0 0 0 0 0 0 0 0 0 0 0 0 0 0 0 0 0 0 0 0 0 0 0 0 0 0 0 0 0 0 0 0 0 0 0 0 0 0 0 0 0 0 0 0 0 0 0 0 0 0 0 0 0 0 0 0 0 0 0 0 0 0 0 0 0 0 0 0 0 0 0 0 0 0 0 0 0 0 0 0 0 0 0 0 0 0 0 0 0 0 0 0 0 0 0 0 0 0 0 0 0 0 0 0 0 0 0 0 0 0 0 0 0 0 0 0 0 0 0 0 0 0 0 0 0 0 0 0 0 0 0 0 0 0 0 0 0 0 0 0 0 0 0 0 0 0 0 0 0 0 0 0 0 0 0 0 0 0 0 0 0 0 0 0 0 0 0 0 0 0 0 0 0 0 0 0 0 0 0 0 0 0 0 0 0 0 0 0 0 0 0 0 0 0 0 0 0 0 0 0 0 0 0 0 0 0 0 0 0 0 0 0 0 0 0 0 0 0 0 0 0 0 0 0 0 0 0 0 0 0 0 0 0 0 0 0 0 0 0 0 0 0 0 0 0 0 0 0 0 0 0 0 0 0 0 0 0 0 0 0 0 0 0 0 0 0 0 0 0 0 0 0 0 0 0 0 0 0 0 0 0 0 0 0 0 0 0 0 0 0 0 0 0 0 0 0 0 0 0 0 0 0 0 0 0 0 0 0 0 0 0 0 0 0 0 0 0 0 0 0 0 0 0 0 0 0 0 0 0 0 0 0 0 0 0 0 0 0 0 0 0 0 0 0 0 0 0 0 0 0 0 0 0 0 0 0 0 0 0 0 0 0 0 0 0 0 0 0 0 0 0 0 0 0 0 0 0 0 0 0 0 0 0 0 0 0 0 0 0 0 0 0 0 0 0 0 0 0 0 0 0 0 0 0 0 0 0 0 0 0 0 0 0 0 0 0 0 0 0 0 0 0 0 0 0 0 0 0 0 0 0 0 0 0 0 0 0 0 0 0 0 0 0 0 0 0 0 0 0 0 0 0 0 0 0 0 0 0 0 0 0 0 0 0 0 0 0 0 0 0 0 0 0 0 0 0 0 0 0 0 0 0 0 0 0 0 0 0 0 0 0 0 0 0 0 0 0 0 0 0 0 0 0 0 0 0 0 0 0 0 0 0 0 0 0 0 0 0 0 0 0 0 0 0 0 0 0 0 0 0 0 0 0 0 0 0 0 0 0 0 0 0 0 0 0 0 0 0 0 0 0 0 0 0 0 0 0 0 0 0 0 0 0 0 0 0 0 0 0 0 0 0 0 0 0 0 0 0 0 0 0 0 0 0 0 0 0 0 0 0 0 0 0 0 0 0 0 0 0 0 0 0 0 0 0 0 0 0 0 0 0 0 0 0 0 0 0 0 0 0 0 0 0 0 0 0 0 0 0 0 0 0 0 0 0 0 0 0 0 0 0 0 0 0 0 0 0 0 0 0 0 0 0 0 0 0 0 0 0 0 0 0 0 0 0 0 0 0 0 0 0 0 0 0 0 0 0 0 0 0 0 0 0 0 0 0 0 0 0 0 0 0 0 0 0 0 0 0 0 0 0 0 0 0 0 0 0 0 0 0 0 0 0 0 0 0 0 0 0 0 0 0 0 0 0 0 0 0 0 0 0 0 0 0 0 0 0 0 0 0 0 0 0 0 0 0 0 0 0 0 0 0 0 0 0 0 0 0 0 0 0 0 0 0 0 0 0 0 0 0 0 0 0 0 0 0 0 0 0 0 0 0 0 0 0 0 0 0 0 0 0 0 0 0 0 0 0 0 0 0 0 0 0 0 0 0 0 0 0 0 0 0 0 0 0 0 0 0 0 0 0 0 0 0 0 0 0 0 0 0 0 0 0 0 0 0 0 0 0 0 0 0 0 0 0 0 0 0 0 0 0 0 0 0 0 0 0 0 0 0 0 0 0 0 0 0 0 0 0 0 0 0 0 0 0 0 0 0 0 0 0 0 0 0 0 0 0 0 0 0 0 0 0 0 0 0 0 0 0 0 0 0 0 0 0 0 0 0 0 0 0 0 0 0 0 0 0 0 0 0 0 0 0 0 0 0 0 0 0 0 0 0 0 0 0 0 0 0 0 0 0 0 0 0 0 0 0 0 0 0 0 0 0 0 0 0 0 0 0 0 0 0 0 0 0 0 0 0 0 0 0 0 0 0 0 0 0 0 0 0 0 0 0 0 0 0 0 0 0 0 0 0 0 0 0 0 0 0 0 0 0 0 0 0 0 0 0 0 0 0 0 0 0 0 0 0 0 0 0 0 0 0 0 0 0 0 0 0 0 0 0 0 0 0 0 0 0 0 0 0 0 0 0 0 0 0 0 0 0 0 0 0 0 0 0 0 0 0 0 0 0 0 0 0 0 0 0 0 0 0 0 0 0 0 0 0 0 0 0
ctxt 10241830
btime 1613064757
processes 229696
procs_running 1
procs_blocked 0
softirq 166983483 1 100162303 2115 1998605 0 0 188 5137290 0 59682981
