cpu  14745241 4 19724 6858472 514 0 2021 0 0 0
cpu0 409418 0 543 190446 9 0 428 0 0 0
cpu1 409277 0 666 190694 1 0 89 0 0 0
cpu2 409225 0 830 190630 2 0 26 0 0 0
cpu3 409455 0 486 190726 17 0 37 0 0 0
cpu4 409379 0 499 190805 2 0 40 0 0 0
cpu5 409454 0 461 190792 2 0 17 0 0 0
cpu6 409552 0 532 190606 1 0 29 0 0 0
cpu7 409613 0 378 190708 5 0 17 0 0 0
cpu8 409801 0 463 190432 6 0 19 0 0 0
cpu9 407760 0 2095 190744 9 0 119 0 0 0
cpu10 409584 0 422 190685 4 0 12 0 0 0
cpu11 409610 0 575 190486 2 0 33 0 0 0
cpu12 409980 0 444 190256 11 0 23 0 0 0
cpu13 409747 0 376 190587 4 0 6 0 0 0
cpu14 409708 0 910 190000 4 0 90 0 0 0
cpu15 409850 0 716 190130 14 0 14 0 0 0
cpu16 409727 0 516 190450 2 0 18 0 0 0
cpu17 409540 0 457 190658 2 0 59 0 0 0
cpu18 409632 0 361 190665 51 0 12 0 0 0
cpu19 409438 0 616 190568 4 0 89 0 0 0
cpu20 409336 0 620 190697 41 0 25 0 0 0
cpu21 409471 0 459 190709 42 0 48 0 0 0
cpu22 409562 0 328 190748 58 0 20 0 0 0
cpu23 409621 0 283 190791 10 0 4 0 0 0
cpu24 409870 0 346 190492 0 0 4 0 0 0
cpu25 409642 0 258 190816 0 0 4 0 0 0
cpu26 409672 0 353 190681 0 0 11 0 0 0
cpu27 409178 0 764 190750 0 0 23 0 0 0
cpu28 408546 0 936 190631 0 0 600 0 0 0
cpu29 409771 0 358 190551 16 0 8 0 0 0
cpu30 409692 0 345 190655 2 0 14 0 0 0
cpu31 410268 0 314 190117 4 0 4 0 0 0
cpu32 410873 1 598 189216 7 0 20 0 0 0
cpu33 409662 2 517 190518 7 0 8 0 0 0
cpu34 410601 0 525 189425 122 0 31 0 0 0
cpu35 409710 0 361 190587 34 0 6 0 0 0
intr 40993855 56 0 0 0 609 0 0 0 1 0 257 0 0 0 0 0 0 0 0 0 0 0 0 0 0 0 0 0 0 0 0 92 558 46 335 175 311 160 177 1487 467 672 369 336 422 480 448 525 379 475 1673 226 2496 1527 2844 1523 0 0 0 0 19 22 175 14 793 462 299 402 663 533 10318 3528 0 0 16 10545 2 0 13812 505 2874 1269 4078 1727 6647 1161 1744 1817 493 3284 1151 500 849 3393 1575 1679 2607 6359 5812 4207 620 804 1562 426 1605 1319 137679 1154 2520 1147 937 1750 3719 229 0 17 7780 1 0 0 0 0 0 0 0 0 0 0 0 0 0 0 0 0 0 0 0 0 0 0 0 0 0 0 0 0 0 0 0 0 0 0 0 0 0 22 0 0 0 0 0 0 0 0 0 0 0 0 0 0 0 0 0 0 0 0 0 0 0 0 0 0 0 0 0 0 0 0 0 0 0 0 0 0 0 0 0 0 0 0 0 0 0 0 0 0 0 0 0 0 0 0 0 0 0 0 0 0 0 0 0 0 0 0 0 0 0 0 0 0 0 0 0 0 0 0 0 0 0 0 0 0 0 0 0 0 0 0 0 0 0 0 0 0 0 0 0 0 0 0 0 0 0 0 0 0 0 0 0 0 0 0 0 0 0 0 0 0 0 0 0 0 0 0 0 0 0 0 0 0 0 0 0 0 0 0 0 0 0 0 0 0 0 0 0 0 0 0 0 0 0 0 0 0 0 0 0 0 0 0 0 0 0 0 0 0 0 0 0 0 0 0 0 0 0 0 0 0 0 0 0 0 0 0 0 0 0 0 0 0 0 0 0 0 0 0 0 0 0 0 0 0 0 0 0 0 0 0 0 0 0 0 0 0 0 0 0 0 0 0 0 0 0 0 0 0 0 0 0 0 0 0 0 0 0 0 0 0 0 0 0 0 0 0 0 0 0 0 0 0 0 0 0 0 0 0 0 0 0 0 0 0 0 0 0 0 0 0 0 0 0 0 0 0 0 0 0 0 0 0 0 0 0 0 0 0 0 0 0 0 0 0 0 0 0 0 0 0 0 0 0 0 0 0 0 0 0 0 0 0 0 0 0 0 0 0 0 0 0 0 0 0 0 0 0 0 0 0 0 0 0 0 0 0 0 0 0 0 0 0 0 0 0 0 0 0 0 0 0 0 0 0 0 0 0 0 0 0 0 0 0 0 0 0 0 0 0 0 0 0 0 0 0 0 0 0 0 0 0 0 0 0 0 0 0 0 0 0 0 0 0 0 0 0 0 0 0 0 0 0 0 0 0 0 0 0 0 0 0 0 0 0 0 0 0 0 0 0 0 0 0 0 0 0 0 0 0 0 0 0 0 0 0 0 0 0 0 0 0 0 0 0 0 0 0 0 0 0 0 0 0 0 0 0 0 0 0 0 0 0 0 0 0 0 0 0 0 0 0 0 0 0 0 0 0 0 0 0 0 0 0 0 0 0 0 0 0 0 0 0 0 0 0 0 0 0 0 0 0 0 0 0 0 0 0 0 0 0 0 0 0 0 0 0 0 0 0 0 0 0 0 0 0 0 0 0 0 0 0 0 0 0 0 0 0 0 0 0 0 0 0 0 0 0 0 0 0 0 0 0 0 0 0 0 0 0 0 0 0 0 0 0 0 0 0 0 0 0 0 0 0 0 0 0 0 0 0 0 0 0 0 0 0 0 0 0 0 0 0 0 0 0 0 0 0 0 0 0 0 0 0 0 0 0 0 0 0 0 0 0 0 0 0 0 0 0 0 0 0 0 0 0 0 0 0 0 0 0 0 0 0 0 0 0 0 0 0 0 0 0 0 0 0 0 0 0 0 0 0 0 0 0 0 0 0 0 0 0 0 0 0 0 0 0 0 0 0 0 0 0 0 0 0 0 0 0 0 0 0 0 0 0 0 0 0 0 0 0 0 0 0 0 0 0 0 0 0 0 0 0 0 0 0 0 0 0 0 0 0 0 0 0 0 0 0 0 0 0 0 0 0 0 0 0 0 0 0 0 0 0 0 0 0 0 0 0 0 0 0 0 0 0 0 0 0 0 0 0 0 0 0 0 0 0 0 0 0 0 0 0 0 0 0 0 0 0 0 0 0 0 0 0 0 0 0 0 0 0 0 0 0 0 0 0 0 0 0 0 0 0 0 0 0 0 0 0 0 0 0 0 0 0 0 0 0 0 0 0 0 0 0 0 0 0 0 0 0 0 0 0 0 0 0 0 0 0 0 0 0 0 0 0 0 0 0 0 0 0 0 0 0 0 0 0 0 0 0 0 0 0 0 0 0 0 0 0 0 0 0 0 0 0 0 0 0 0 0 0 0 0 0 0 0 0 0 0 0 0 0 0 0 0 0 0 0 0 0 0 0 0 0 0 0 0 0 0 0 0 0 0 0 0 0 0 0 0 0 0 0 0 0 0 0 0 0 0 0 0 0 0 0 0 0 0 0 0 0 0 0 0 0 0 0 0 0 0 0 0 0 0 0 0 0 0 0 0 0 0 0 0 0 0 0 0 0 0 0 0 0 0 0 0 0 0 0 0 0 0 0 0 0 0 0 0 0 0 0 0 0 0 0 0 0 0 0 0 0 0 0 0 0 0 0 0 0 0 0 0 0 0 0 0 0 0 0 0 0 0 0 0 0 0 0 0 0 0 0 0 0 0 0 0 0 0 0 0 0 0 0 0 0 0 0 0 0 0 0 0 0 0 0 0 0 0 0 0 0 0 0 0 0 0 0 0 0 0 0 0 0 0 0 0 0 0 0 0 0 0 0 0 0 0 0 0 0 0 0 0 0 0 0 0 0 0 0 0 0 0 0 0 0 0 0 0 0 0
ctxt 11436417
btime 1613124388
processes 289814
procs_running 1
procs_blocked 0
softirq 53632984 1 31143036 530 2186645 0 0 220924 1441779 0 18640069
