cpu  5233922 5 8530 8038979 128 0 577 0 0 0
cpu0 81734 0 354 125185 0 0 190 0 0 0
cpu1 81674 0 158 125692 2 0 72 0 0 0
cpu2 81664 0 280 125596 0 0 5 0 0 0
cpu3 81693 0 118 125739 7 0 5 0 0 0
cpu4 81549 0 347 125557 0 0 8 0 0 0
cpu5 81690 0 116 125739 0 0 10 0 0 0
cpu6 81838 0 180 125528 0 0 1 0 0 0
cpu7 81507 0 278 125728 0 0 40 0 0 0
cpu8 81827 0 212 125500 0 0 0 0 0 0
cpu9 81691 0 106 125742 0 0 11 0 0 0
cpu10 81872 0 186 125480 0 0 0 0 0 0
cpu11 81695 0 116 125732 0 0 7 0 0 0
cpu12 81834 0 110 125605 0 0 0 0 0 0
cpu13 81752 0 59 125740 0 0 0 0 0 0
cpu14 81766 0 133 125645 2 0 1 0 0 0
cpu15 81706 0 110 125732 0 0 3 0 0 0
cpu16 81687 0 222 125621 3 0 3 0 0 0
cpu17 81759 0 62 125719 0 0 0 0 0 0
cpu18 81924 0 160 125450 4 0 3 0 0 0
cpu19 81747 0 66 125735 0 0 0 0 0 0
cpu20 81919 0 264 125239 59 0 14 0 0 0
cpu21 81753 0 80 125716 0 0 1 0 0 0
cpu22 81662 0 214 125654 1 0 6 0 0 0
cpu23 81763 0 50 125733 0 0 1 0 0 0
cpu24 81735 1 108 125697 0 0 3 0 0 0
cpu25 81743 0 76 125725 0 0 2 0 0 0
cpu26 81716 0 142 125676 0 0 3 0 0 0
cpu27 81756 0 59 125727 0 0 0 0 0 0
cpu28 81855 0 91 125596 0 0 0 0 0 0
cpu29 81722 0 95 125730 0 0 1 0 0 0
cpu30 81809 0 133 125594 1 0 0 0 0 0
cpu31 81744 0 71 125724 1 0 0 0 0 0
cpu32 81944 0 173 125422 0 0 1 0 0 0
cpu33 81738 0 78 125721 0 0 0 0 0 0
cpu34 81728 0 149 125647 0 0 1 0 0 0
cpu35 81753 0 62 125728 0 0 1 0 0 0
cpu36 81736 0 167 125604 0 0 5 0 0 0
cpu37 81734 0 72 125731 0 0 4 0 0 0
cpu38 81860 0 126 125548 2 0 2 0 0 0
cpu39 81088 0 624 125714 0 0 108 0 0 0
cpu40 81844 0 159 125532 0 0 0 0 0 0
cpu41 81769 0 50 125722 1 0 0 0 0 0
cpu42 82448 0 290 124770 14 0 0 0 0 0
cpu43 81748 0 63 125725 1 0 0 0 0 0
cpu44 81844 0 87 125609 0 0 0 0 0 0
cpu45 81760 0 53 125726 1 0 0 0 0 0
cpu46 82764 0 227 124521 2 0 0 0 0 0
cpu47 81775 0 51 125712 1 0 0 0 0 0
cpu48 81776 0 123 125625 0 0 2 0 0 0
cpu49 81764 0 48 125726 0 0 0 0 0 0
cpu50 82124 1 114 125258 0 0 8 0 0 0
cpu51 81758 0 60 125715 0 0 0 0 0 0
cpu52 81776 0 86 125669 0 0 0 0 0 0
cpu53 81780 0 50 125697 0 0 0 0 0 0
cpu54 81707 0 138 125680 0 0 2 0 0 0
cpu55 81774 0 44 125716 0 0 0 0 0 0
cpu56 81788 0 70 125674 0 0 1 0 0 0
cpu57 81750 0 59 125725 0 0 1 0 0 0
cpu58 81784 0 56 125692 3 0 1 0 0 0
cpu59 81766 0 44 125723 0 0 0 0 0 0
cpu60 81852 0 56 125619 0 0 0 0 0 0
cpu61 81605 0 192 125710 0 0 25 0 0 0
cpu62 81805 0 103 125319 0 0 0 0 0 0
cpu63 81766 0 74 125692 0 0 1 0 0 0
intr 15483279 83 0 0 0 622 0 0 0 1 0 285 0 0 0 0 0 0 0 0 0 0 0 0 0 0 0 0 0 0 0 0 0 0 0 0 0 0 0 743 1675 405 2715 1521 236 157 10690 250 1713 2 4289 3 0 211 5726 1980 0 1503 0 18080 0 3877 0 102 793 19 0 0 2 35 0 6 0 344 7 444 2258 972 4561 586 2 3 2 0 1 2 41 471 89 12576 703 131 10 385 3 1 648 39 0 2 1 2 0 0 0 0 0 0 0 0 0 0 0 0 0 0 0 0 0 0 30287 93 0 0 0 0 0 0 0 0 0 0 0 0 0 0 0 0 0 0 0 0 0 0 0 0 0 0 0 0 0 0 0 0 0 0 0 0 0 0 0 0 0 0 0 0 0 0 0 0 0 0 0 0 0 0 0 0 0 0 0 0 0 0 0 0 0 0 0 0 0 0 0 0 0 0 0 25 0 0 0 0 0 0 0 0 0 0 0 0 0 0 0 0 0 0 0 0 0 0 0 0 0 0 0 0 0 0 0 0 0 0 0 0 0 0 0 0 0 0 0 0 0 0 0 0 0 0 0 0 0 0 0 0 0 0 0 0 0 0 0 0 0 0 0 0 0 0 0 0 0 0 0 0 0 0 0 0 0 0 0 0 0 0 0 0 0 0 0 0 0 0 0 0 0 0 0 0 0 0 0 0 0 0 0 0 0 0 0 0 0 0 0 0 0 0 0 0 0 0 0 0 0 0 0 0 0 0 0 0 0 0 0 0 0 0 0 0 0 0 0 0 0 0 0 0 0 0 0 0 0 0 0 0 0 0 0 0 0 0 0 0 0 0 0 0 0 0 0 0 0 0 0 0 0 0 0 0 0 0 0 0 0 0 0 0 0 0 0 0 0 0 0 0 0 0 0 0 0 0 0 0 0 0 0 0 0 0 0 0 0 0 0 0 0 0 0 0 0 0 0 0 0 0 0 0 0 0 0 0 0 0 0 0 0 0 0 0 0 0 0 0 0 0 0 0 0 0 0 0 0 0 0 0 0 0 0 0 0 0 0 0 0 0 0 0 0 0 0 0 0 0 0 0 0 0 0 0 0 0 0 0 0 0 0 0 0 0 0 0 0 0 0 0 0 0 0 0 0 0 0 0 0 0 0 0 0 0 0 0 0 0 0 0 0 0 0 0 0 0 0 0 0 0 0 0 0 0 0 0 0 0 0 0 0 0 0 0 0 0 0 0 0 0 0 0 0 0 0 0 0 0 0 0 0 0 0 0 0 0 0 0 0 0 0 0 0 0 0 0 0 0 0 0 0 0 0 0 0 0 0 0 0 0 0 0 0 0 0 0 0 0 0 0 0 0 0 0 0 0 0 0 0 0 0 0 0 0 0 0 0 0 0 0 0 0 0 0 0 0 0 0 0 0 0 0 0 0 0 0 0 0 0 0 0 0 0 0 0 0 0 0 0 0 0 0 0 0 0 0 0 0 0 0 0 0 0 0 0 0 0 0 0 0 0 0 0 0 0 0 0 0 0 0 0 0 0 0 0 0 0 0 0 0 0 0 0 0 0 0 0 0 0 0 0 0 0 0 0 0 0 0 0 0 0 0 0 0 0 0 0 0 0 0 0 0 0 0 0 0 0 0 0 0 0 0 0 0 0 0 0 0 0 0 0 0 0 0 0 0 0 0 0 0 0 0 0 0 0 0 0 0 0 0 0 0 0 0 0 0 0 0 0 0 0 0 0 0 0 0 0 0 0 0 0 0 0 0 0 0 0 0 0 0 0 0 0 0 0 0 0 0 0 0 0 0 0 0 0 0 0 0 0 0 0 0 0 0 0 0 0 0 0 0 0 0 0 0 0 0 0 0 0 0 0 0 0 0 0 0 0 0 0 0 0 0 0 0 0 0 0 0 0 0 0 0 0 0 0 0 0 0 0 0 0 0 0 0 0 0 0 0 0 0 0 0 0 0 0 0 0 0 0 0 0 0 0 0 0 0 0 0 0 0 0 0 0 0 0 0 0 0 0 0 0 0 0 0 0 0 0 0 0 0 0 0 0 0 0 0 0 0 0 0 0 0 0 0 0 0 0 0 0 0 0 0 0 0 0 0 0 0 0 0 0 0 0 0 0 0 0 0 0 0 0 0 0 0 0 0 0 0 0 0 0 0 0 0 0 0 0 0 0 0 0 0 0 0 0 0 0 0 0 0 0 0 0 0 0 0 0 0 0 0 0 0 0 0 0 0 0 0 0 0 0 0 0 0 0 0 0 0 0 0 0 0 0 0 0 0 0 0 0 0 0 0 0 0 0 0 0 0 0 0 0 0 0 0 0 0 0 0 0 0 0 0 0 0 0 0 0 0 0 0 0 0 0 0 0 0 0 0 0 0 0 0 0 0 0 0 0 0 0 0 0 0 0 0 0 0 0 0 0 0 0 0 0 0 0 0 0 0 0 0 0 0 0 0 0 0 0 0 0 0 0 0 0 0 0 0 0 0 0 0 0 0 0 0 0 0 0 0 0 0 0 0 0 0 0 0 0 0 0 0 0 0 0 0 0 0 0 0 0 0 0 0 0 0 0 0 0 0 0 0 0 0 0 0 0 0 0 0 0 0 0 0 0 0 0 0 0 0 0 0 0 0 0 0 0 0 0 0 0 0 0 0 0 0 0 0 0 0 0 0 0 0 0 0 0 0 0 0 0 0 0 0 0 0 0 0 0 0 0 0 0 0 0 0 0 0 0 0 0 0 0 0 0 0 0 0 0 0 0 0 0 0 0 0 0 0 0 0 0 0 0 0 0 0 0 0 0 0 0 0 0 0 0 0 0 0 0 0 0 0 0 0 0 0 0 0 0 0 0 0 0 0 0 0 0 0 0 0 0 0 0 0 0 0 0 0 0 0 0 0 0 0 0 0 0 0 0 0 0 0 0 0 0 0 0 0 0 0 0 0 0 0 0 0 0 0 0 0 0 0 0 0 0 0 0 0 0 0 0 0 0 0 0 0 0 0 0 0 0 0 0 0 0 0 0 0 0 0 0 0 0 0 0 0 0 0 0 0 0 0 0 0 0 0 0 0 0 0 0 0 0 0 0 0 0 0 0 0 0 0 0 0 0 0 0 0 0 0 0 0 0 0 0 0 0 0 0 0 0 0 0 0 0 0 0 0 0 0 0 0 0 0 0 0 0 0 0 0 0 0 0 0 0 0 0 0 0 0 0 0 0 0 0 0 0 0 0 0 0 0 0 0 0 0 0 0 0 0 0 0 0 0 0 0 0 0 0 0 0 0 0 0 0 0 0 0 0 0 0 0 0 0 0 0 0 0 0 0 0 0 0 0 0 0 0 0 0 0 0 0 0 0 0 0 0 0 0 0 0 0 0 0 0 0 0 0 0 0 0 0 0 0 0 0 0 0 0 0 0 0 0 0 0 0 0 0 0 0 0 0 0 0 0 0 0 0 0 0 0 0 0 0 0 0 0 0 0 0 0 0 0 0 0 0 0 0 0 0 0 0 0 0 0 0 0 0 0 0 0 0 0 0 0 0 0 0 0 0 0 0 0 0 0 0 0 0 0 0 0 0 0 0 0 0 0 0 0 0 0 0 0 0 0 0 0 0 0 0 0 0 0 0 0 0 0 0 0 0 0 0 0 0 0 0 0 0 0 0 0 0 0 0 0 0 0 0 0 0 0 0 0 0 0 0 0 0 0 0 0 0 0 0 0 0 0 0 0 0 0 0 0 0 0 0 0 0 0 0 0 0 0 0 0 0 0 0 0 0 0 0 0 0 0 0 0 0 0 0 0 0 0 0 0 0 0 0 0 0 0 0 0 0 0 0 0 0 0 0 0 0 0 0 0 0 0 0 0 0 0 0 0 0 0 0 0 0 0 0 0 0 0 0 0 0 0 0 0 0 0 0 0 0 0 0 0 0 0 0 0 0 0 0 0 0 0 0 0 0 0 0 0 0 0 0 0 0 0 0 0 0 0 0 0 0 0 0 0 0 0 0 0 0 0 0 0 0 0 0 0 0 0 0 0 0 0 0 0 0 0 0 0 0 0 0 0 0 0 0 0 0 0 0 0 0 0 0 0 0 0 0 0 0 0 0 0 0 0 0 0 0 0 0 0 0 0 0 0 0 0 0 0 0 0 0 0 0 0 0 0 0 0 0 0 0 0 0 0 0 0 0 0 0 0 0 0 0 0 0 0 0 0 0 0 0 0 0 0 0 0 0 0 0 0 0 0 0 0 0 0 0 0 0 0 0 0 0 0 0 0 0 0 0 0 0 0 0 0 0 0 0 0 0 0 0 0 0 0 0 0 0 0 0 0 0 0 0 0 0 0 0 0 0 0 0 0 0 0 0 0 0 0 0 0 0 0 0 0 0 0 0 0 0 0 0 0 0 0 0 0 0 0 0 0 0 0 0 0 0 0 0 0 0 0 0 0 0 0 0 0 0 0 0 0 0 0 0 0 0 0 0 0 0 0 0 0 0 0 0 0 0 0 0 0 0 0 0 0 0 0 0 0 0 0 0 0 0 0 0 0 0 0 0 0 0 0 0 0 0 0 0 0 0 0 0 0 0 0 0 0 0 0 0 0 0 0 0 0 0 0 0 0 0 0 0 0 0 0 0 0 0 0 0 0 0 0 0 0 0 0 0 0 0 0 0 0 0 0 0 0 0 0 0 0 0 0 0 0 0 0 0 0 0 0 0 0 0 0 0 0 0 0 0 0 0 0 0 0 0 0 0 0 0 0 0 0 0 0 0 0 0 0 0 0 0 0 0 0 0 0 0 0 0 0 0 0 0 0 0 0 0 0 0 0 0 0 0 0 0 0 0 0 0 0 0 0 0 0 0 0 0 0 0 0 0 0 0 0 0 0 0 0 0 0 0 0 0 0 0 0 0 0 0 0 0 0 0 0 0 0 0 0 0 0 0 0 0 0 0 0 0 0 0 0 0 0 0 0 0 0 0 0 0 0 0 0 0 0 0 0 0 0 0 0 0 0 0 0 0 0 0 0 0 0 0 0 0 0 0 0 0 0 0 0 0 0 0 0 0 0 0 0 0 0 0 0 0 0 0 0 0 0 0 0 0 0 0 0 0 0 0 0 0 0 0 0 0 0 0 0 0 0 0 0 0 0 0 0 0 0 0 0 0 0 0 0 0 0 0 0 0 0 0 0
ctxt 3020684
btime 1613123984
processes 68694
procs_running 1
procs_blocked 0
softirq 17020164 1 9661963 1108 531564 0 0 140 642306 0 6183082
