cpu  7288083 5 16461 4985273 385 0 1772 0 0 0
cpu0 113569 0 675 77577 0 0 127 0 0 0
cpu1 113709 0 350 77974 12 0 20 0 0 0
cpu2 113626 0 445 78007 0 0 2 0 0 0
cpu3 114076 0 173 77815 2 0 10 0 0 0
cpu4 113310 0 678 77985 0 0 98 0 0 0
cpu5 114272 0 129 77648 21 0 4 0 0 0
cpu6 113966 0 214 77834 0 0 8 0 0 0
cpu7 113966 0 191 77905 8 0 4 0 0 0
cpu8 113741 0 293 78001 0 0 37 0 0 0
cpu9 114100 0 114 77798 65 0 2 0 0 0
cpu10 112776 0 1119 77935 0 0 240 0 0 0
cpu11 113850 0 248 77968 3 0 3 0 0 0
cpu12 113751 0 361 77942 0 0 11 0 0 0
cpu13 113926 0 164 77965 3 0 8 0 0 0
cpu14 113482 0 534 77985 3 0 72 0 0 0
cpu15 114198 0 98 77778 1 0 0 0 0 0
cpu16 113558 0 520 77985 5 0 2 0 0 0
cpu17 114066 0 106 77856 27 0 0 0 0 0
cpu18 113443 0 588 78003 0 0 42 0 0 0
cpu19 114040 0 160 77848 4 0 8 0 0 0
cpu20 113291 0 658 78006 1 0 118 0 0 0
cpu21 114072 0 179 77794 2 0 3 0 0 0
cpu22 113846 0 204 77979 0 0 42 0 0 0
cpu23 114219 0 182 77622 28 0 4 0 0 0
cpu24 114016 0 80 77916 24 0 1 0 0 0
cpu25 114073 0 96 77883 10 0 1 0 0 0
cpu26 114015 0 85 77969 0 0 1 0 0 0
cpu27 114357 0 303 77388 9 0 4 0 0 0
cpu28 114005 0 55 77973 0 0 24 0 0 0
cpu29 113885 0 238 77936 2 0 5 0 0 0
cpu30 114029 0 59 77972 0 0 0 0 0 0
cpu31 113961 0 150 77939 1 0 7 0 0 0
cpu32 113585 0 468 77991 0 0 16 0 0 0
cpu33 113918 0 182 77947 4 0 9 0 0 0
cpu34 113934 0 147 77988 0 0 0 0 0 0
cpu35 114145 0 118 77791 1 0 2 0 0 0
cpu36 113840 0 212 77990 0 0 24 0 0 0
cpu37 114014 0 92 77956 1 0 0 0 0 0
cpu38 114015 0 61 77986 0 0 1 0 0 0
cpu39 114142 0 152 77763 1 0 2 0 0 0
cpu40 113958 0 114 77986 0 0 5 0 0 0
cpu41 113868 0 198 77911 40 0 41 0 0 0
cpu42 111255 0 2182 77996 0 0 630 0 0 0
cpu43 113915 0 162 77987 0 0 0 0 0 0
cpu44 113948 0 138 77977 0 0 2 0 0 0
cpu45 114146 0 99 77804 12 0 0 0 0 0
cpu46 113828 0 257 77954 0 0 17 0 0 0
cpu47 114120 0 94 77847 2 0 0 0 0 0
cpu48 113708 0 372 77974 0 0 0 0 0 0
cpu49 114066 0 92 77892 0 0 0 0 0 0
cpu50 113890 0 178 77984 0 0 10 0 0 0
cpu51 114080 0 114 77860 2 0 0 0 0 0
cpu52 113869 0 175 77989 0 0 26 0 0 0
cpu53 114184 0 132 77744 0 0 0 0 0 0
cpu54 113955 0 99 77987 0 0 17 0 0 0
cpu55 113997 1 300 77721 6 0 30 0 0 0
cpu56 114030 0 44 77982 0 0 0 0 0 0
cpu57 114127 2 104 77809 7 0 0 0 0 0
cpu58 114028 0 42 77985 0 0 0 0 0 0
cpu59 113979 0 166 77905 4 0 4 0 0 0
cpu60 114028 0 47 77983 0 0 0 0 0 0
cpu61 114284 0 208 77512 46 0 2 0 0 0
cpu62 114014 0 67 77975 0 0 0 0 0 0
cpu63 113993 0 171 77881 4 0 3 0 0 0
intr 20697220 82 0 0 0 630 0 0 0 1 0 285 0 0 0 0 0 0 0 0 0 0 0 0 0 0 0 0 0 0 0 0 0 0 0 0 0 0 0 105 10926 301 2252 0 2986 5 1513 0 483 50 625 0 2502 0 29 1 30 2 209 0 754 0 1720 111 3523 105 2742 13245 300 8 324 8 600 40 441 8 1 0 365 2 16081 49 113 42 75 0 11 0 53 2 114 0 258 0 309 2 201 2 2104 18 236 1 2 0 0 0 0 0 0 0 0 0 0 0 0 0 0 0 0 0 93 30129 0 0 0 0 0 0 0 0 0 0 0 0 0 0 0 0 0 0 0 0 0 0 0 0 0 0 0 0 0 0 0 0 0 0 0 0 0 0 0 0 0 0 0 0 0 0 0 0 0 0 0 0 0 0 0 0 0 0 0 0 0 0 0 0 0 0 0 0 0 0 0 0 0 0 0 17 0 0 0 0 0 0 0 0 0 0 0 0 0 0 0 0 0 0 0 0 0 0 0 0 0 0 0 0 0 0 0 0 0 0 0 0 0 0 0 0 0 0 0 0 0 0 0 0 0 0 0 0 0 0 0 0 0 0 0 0 0 0 0 0 0 0 0 0 0 0 0 0 0 0 0 0 0 0 0 0 0 0 0 0 0 0 0 0 0 0 0 0 0 0 0 0 0 0 0 0 0 0 0 0 0 0 0 0 0 0 0 0 0 0 0 0 0 0 0 0 0 0 0 0 0 0 0 0 0 0 0 0 0 0 0 0 0 0 0 0 0 0 0 0 0 0 0 0 0 0 0 0 0 0 0 0 0 0 0 0 0 0 0 0 0 0 0 0 0 0 0 0 0 0 0 0 0 0 0 0 0 0 0 0 0 0 0 0 0 0 0 0 0 0 0 0 0 0 0 0 0 0 0 0 0 0 0 0 0 0 0 0 0 0 0 0 0 0 0 0 0 0 0 0 0 0 0 0 0 0 0 0 0 0 0 0 0 0 0 0 0 0 0 0 0 0 0 0 0 0 0 0 0 0 0 0 0 0 0 0 0 0 0 0 0 0 0 0 0 0 0 0 0 0 0 0 0 0 0 0 0 0 0 0 0 0 0 0 0 0 0 0 0 0 0 0 0 0 0 0 0 0 0 0 0 0 0 0 0 0 0 0 0 0 0 0 0 0 0 0 0 0 0 0 0 0 0 0 0 0 0 0 0 0 0 0 0 0 0 0 0 0 0 0 0 0 0 0 0 0 0 0 0 0 0 0 0 0 0 0 0 0 0 0 0 0 0 0 0 0 0 0 0 0 0 0 0 0 0 0 0 0 0 0 0 0 0 0 0 0 0 0 0 0 0 0 0 0 0 0 0 0 0 0 0 0 0 0 0 0 0 0 0 0 0 0 0 0 0 0 0 0 0 0 0 0 0 0 0 0 0 0 0 0 0 0 0 0 0 0 0 0 0 0 0 0 0 0 0 0 0 0 0 0 0 0 0 0 0 0 0 0 0 0 0 0 0 0 0 0 0 0 0 0 0 0 0 0 0 0 0 0 0 0 0 0 0 0 0 0 0 0 0 0 0 0 0 0 0 0 0 0 0 0 0 0 0 0 0 0 0 0 0 0 0 0 0 0 0 0 0 0 0 0 0 0 0 0 0 0 0 0 0 0 0 0 0 0 0 0 0 0 0 0 0 0 0 0 0 0 0 0 0 0 0 0 0 0 0 0 0 0 0 0 0 0 0 0 0 0 0 0 0 0 0 0 0 0 0 0 0 0 0 0 0 0 0 0 0 0 0 0 0 0 0 0 0 0 0 0 0 0 0 0 0 0 0 0 0 0 0 0 0 0 0 0 0 0 0 0 0 0 0 0 0 0 0 0 0 0 0 0 0 0 0 0 0 0 0 0 0 0 0 0 0 0 0 0 0 0 0 0 0 0 0 0 0 0 0 0 0 0 0 0 0 0 0 0 0 0 0 0 0 0 0 0 0 0 0 0 0 0 0 0 0 0 0 0 0 0 0 0 0 0 0 0 0 0 0 0 0 0 0 0 0 0 0 0 0 0 0 0 0 0 0 0 0 0 0 0 0 0 0 0 0 0 0 0 0 0 0 0 0 0 0 0 0 0 0 0 0 0 0 0 0 0 0 0 0 0 0 0 0 0 0 0 0 0 0 0 0 0 0 0 0 0 0 0 0 0 0 0 0 0 0 0 0 0 0 0 0 0 0 0 0 0 0 0 0 0 0 0 0 0 0 0 0 0 0 0 0 0 0 0 0 0 0 0 0 0 0 0 0 0 0 0 0 0 0 0 0 0 0 0 0 0 0 0 0 0 0 0 0 0 0 0 0 0 0 0 0 0 0 0 0 0 0 0 0 0 0 0 0 0 0 0 0 0 0 0 0 0 0 0 0 0 0 0 0 0 0 0 0 0 0 0 0 0 0 0 0 0 0 0 0 0 0 0 0 0 0 0 0 0 0 0 0 0 0 0 0 0 0 0 0 0 0 0 0 0 0 0 0 0 0 0 0 0 0 0 0 0 0 0 0 0 0 0 0 0 0 0 0 0 0 0 0 0 0 0 0 0 0 0 0 0 0 0 0 0 0 0 0 0 0 0 0 0 0 0 0 0 0 0 0 0 0 0 0 0 0 0 0 0 0 0 0 0 0 0 0 0 0 0 0 0 0 0 0 0 0 0 0 0 0 0 0 0 0 0 0 0 0 0 0 0 0 0 0 0 0 0 0 0 0 0 0 0 0 0 0 0 0 0 0 0 0 0 0 0 0 0 0 0 0 0 0 0 0 0 0 0 0 0 0 0 0 0 0 0 0 0 0 0 0 0 0 0 0 0 0 0 0 0 0 0 0 0 0 0 0 0 0 0 0 0 0 0 0 0 0 0 0 0 0 0 0 0 0 0 0 0 0 0 0 0 0 0 0 0 0 0 0 0 0 0 0 0 0 0 0 0 0 0 0 0 0 0 0 0 0 0 0 0 0 0 0 0 0 0 0 0 0 0 0 0 0 0 0 0 0 0 0 0 0 0 0 0 0 0 0 0 0 0 0 0 0 0 0 0 0 0 0 0 0 0 0 0 0 0 0 0 0 0 0 0 0 0 0 0 0 0 0 0 0 0 0 0 0 0 0 0 0 0 0 0 0 0 0 0 0 0 0 0 0 0 0 0 0 0 0 0 0 0 0 0 0 0 0 0 0 0 0 0 0 0 0 0 0 0 0 0 0 0 0 0 0 0 0 0 0 0 0 0 0 0 0 0 0 0 0 0 0 0 0 0 0 0 0 0 0 0 0 0 0 0 0 0 0 0 0 0 0 0 0 0 0 0 0 0 0 0 0 0 0 0 0 0 0 0 0 0 0 0 0 0 0 0 0 0 0 0 0 0 0 0 0 0 0 0 0 0 0 0 0 0 0 0 0 0 0 0 0 0 0 0 0 0 0 0 0 0 0 0 0 0 0 0 0 0 0 0 0 0 0 0 0 0 0 0 0 0 0 0 0 0 0 0 0 0 0 0 0 0 0 0 0 0 0 0 0 0 0 0 0 0 0 0 0 0 0 0 0 0 0 0 0 0 0 0 0 0 0 0 0 0 0 0 0 0 0 0 0 0 0 0 0 0 0 0 0 0 0 0 0 0 0 0 0 0 0 0 0 0 0 0 0 0 0 0 0 0 0 0 0 0 0 0 0 0 0 0 0 0 0 0 0 0 0 0 0 0 0 0 0 0 0 0 0 0 0 0 0 0 0 0 0 0 0 0 0 0 0 0 0 0 0 0 0 0 0 0 0 0 0 0 0 0 0 0 0 0 0 0 0 0 0 0 0 0 0 0 0 0 0 0 0 0 0 0 0 0 0 0 0 0 0 0 0 0 0 0 0 0 0 0 0 0 0 0 0 0 0 0 0 0 0 0 0 0 0 0 0 0 0 0 0 0 0 0 0 0 0 0 0 0 0 0 0 0 0 0 0 0 0 0 0 0 0 0 0 0 0 0 0 0 0 0 0 0 0 0 0 0 0 0 0 0 0 0 0 0 0 0 0 0 0 0 0 0 0 0 0 0 0 0 0 0 0 0 0 0 0 0 0 0 0 0 0 0 0 0 0 0 0 0 0 0 0 0 0 0 0 0 0 0 0 0 0 0 0 0 0 0 0 0 0 0 0 0 0 0 0 0 0 0 0 0 0 0 0 0 0 0 0 0 0 0 0 0 0 0 0 0 0 0 0 0 0 0 0 0 0 0 0 0 0 0 0 0 0 0 0 0 0 0 0 0 0 0 0 0 0 0 0 0 0 0 0 0 0 0 0 0 0 0 0 0 0 0 0 0 0 0 0 0 0 0 0 0 0 0 0 0 0 0 0 0 0 0 0 0 0 0 0 0 0 0 0 0 0 0 0 0 0 0 0 0 0 0 0 0 0 0 0 0 0 0 0 0 0 0 0 0 0 0 0 0 0 0 0 0 0 0 0 0 0 0 0 0 0 0 0 0 0 0 0 0 0 0 0 0 0 0 0 0 0 0 0 0 0 0 0 0 0 0 0 0 0 0 0 0 0 0 0 0 0 0 0 0 0 0 0 0 0 0 0 0 0 0 0 0 0 0 0 0 0 0 0 0 0 0 0 0 0 0 0 0 0 0 0 0 0 0 0 0 0 0 0 0 0 0 0 0 0 0 0 0 0 0 0 0 0 0 0 0 0 0 0 0 0 0 0 0 0 0 0 0 0 0 0 0 0 0 0 0 0 0 0 0 0 0 0 0 0 0 0 0 0 0 0 0 0 0 0 0 0 0 0 0 0 0 0 0 0 0 0 0 0 0 0 0 0 0 0 0 0 0 0 0 0 0 0 0 0 0 0 0 0 0 0 0 0 0 0 0 0 0 0 0 0 0 0 0 0 0 0 0 0 0 0 0 0 0 0 0 0 0 0 0 0 0 0 0 0 0 0 0 0 0 0 0 0 0 0 0 0 0 0 0 0 0 0 0 0 0 0 0 0 0 0 0 0 0 0 0 0 0 0 0 0 0 0 0 0 0 0 0 0 0 0 0 0 0 0 0 0 0 0 0 0 0 0 0 0 0 0 0 0 0 0 0 0 0 0 0 0 0 0 0 0 0 0 0 0 0 0 0 0 0 0 0 0 0 0 0 0 0 0 0 0 0 0 0 0 0 0 0 0
ctxt 2937781
btime 1613123985
processes 64443
procs_running 1
procs_blocked 0
softirq 24986197 1 14964071 1094 466738 0 0 143 798070 0 8756080
