cpu  9806407 5 13238 37512687 535 0 585 0 0 0
cpu0 76620 0 348 292285 0 0 165 0 0 0
cpu1 76633 0 79 293083 8 0 9 0 0 0
cpu2 76574 0 76 293169 0 0 1 0 0 0
cpu3 76448 0 353 292961 1 0 28 0 0 0
cpu4 76622 0 62 293129 0 0 1 0 0 0
cpu5 76608 0 73 293137 0 0 0 0 0 0
cpu6 76610 0 59 293156 0 0 0 0 0 0
cpu7 76445 0 145 293225 0 0 4 0 0 0
cpu8 76646 0 74 293095 0 0 0 0 0 0
cpu9 76620 0 62 293140 0 0 0 0 0 0
cpu10 76596 0 66 293163 0 0 0 0 0 0
cpu11 76622 0 113 293084 0 0 4 0 0 0
cpu12 76663 0 134 293015 0 0 0 0 0 0
cpu13 76625 0 59 293139 0 0 0 0 0 0
cpu14 76471 0 56 293286 0 0 0 0 0 0
cpu15 76416 0 185 293201 0 0 12 0 0 0
cpu16 76624 0 147 293024 0 0 2 0 0 0
cpu17 76633 0 58 293128 0 0 0 0 0 0
cpu18 76458 0 51 293307 0 0 0 0 0 0
cpu19 76471 0 273 292909 0 0 23 0 0 0
cpu20 76650 0 156 292999 0 0 3 0 0 0
cpu21 76632 0 56 293129 0 0 0 0 0 0
cpu22 76596 0 83 293136 0 0 0 0 0 0
cpu23 76558 0 152 293091 0 0 6 0 0 0
cpu24 76729 0 246 292748 0 0 0 0 0 0
cpu25 76548 0 70 293195 0 0 4 0 0 0
cpu26 76620 0 57 293140 0 0 0 0 0 0
cpu27 76552 0 164 293087 0 0 11 0 0 0
cpu28 76770 0 237 292793 0 0 0 0 0 0
cpu29 76634 0 49 293132 0 0 0 0 0 0
cpu30 76583 0 73 293154 0 0 0 0 0 0
cpu31 76446 0 165 293172 0 0 15 0 0 0
cpu32 76648 0 97 293024 28 0 0 0 0 0
cpu33 76594 0 51 293165 0 0 0 0 0 0
cpu34 76100 0 132 293538 0 0 6 0 0 0
cpu35 76540 0 161 293097 8 0 9 0 0 0
cpu36 76807 0 208 292761 53 0 1 0 0 0
cpu37 76651 0 47 293113 0 0 0 0 0 0
cpu38 76326 0 181 293284 0 0 2 0 0 0
cpu39 76586 0 90 293135 0 0 1 0 0 0
cpu40 76694 0 127 292978 0 0 0 0 0 0
cpu41 76628 0 59 293127 0 0 0 0 0 0
cpu42 76595 0 79 293131 0 0 1 0 0 0
cpu43 76945 0 218 292639 1 0 8 0 0 0
cpu44 76615 0 76 293110 0 0 4 0 0 0
cpu45 76555 0 74 293170 2 0 3 0 0 0
cpu46 76622 0 58 293124 0 0 0 0 0 0
cpu47 76558 0 119 293125 0 0 3 0 0 0
cpu48 76625 0 68 293106 1 0 2 0 0 0
cpu49 76481 0 58 293264 0 0 0 0 0 0
cpu50 76610 0 54 293125 0 0 0 0 0 0
cpu51 76660 0 111 292951 70 0 1 0 0 0
cpu52 76600 0 66 293138 0 0 0 0 0 0
cpu53 76624 0 58 293125 0 0 0 0 0 0
cpu54 76592 0 68 293142 1 0 0 0 0 0
cpu55 76600 0 91 293104 2 0 2 0 0 0
cpu56 76576 0 98 293125 0 0 0 0 0 0
cpu57 76630 0 49 293127 1 0 0 0 0 0
cpu58 76613 0 58 293114 0 0 1 0 0 0
cpu59 76878 0 124 292773 19 0 1 0 0 0
cpu60 76645 0 60 293098 0 0 0 0 0 0
cpu61 76542 0 65 293203 0 0 1 0 0 0
cpu62 76602 0 61 293052 0 0 21 0 0 0
cpu63 76444 0 156 293170 0 0 16 0 0 0
cpu64 76444 0 131 293221 1 0 1 0 0 0
cpu65 76604 0 58 293138 0 0 1 0 0 0
cpu66 76511 0 64 293209 0 0 2 0 0 0
cpu67 76574 0 195 293010 0 0 12 0 0 0
cpu68 76629 0 56 293110 0 0 0 0 0 0
cpu69 76587 0 75 293140 0 0 0 0 0 0
cpu70 76600 0 70 293129 0 0 0 0 0 0
cpu71 76564 0 82 293153 0 0 1 0 0 0
cpu72 76638 0 76 293084 0 0 0 0 0 0
cpu73 76614 0 52 293126 0 0 1 0 0 0
cpu74 76607 0 55 293134 0 0 0 0 0 0
cpu75 76409 0 256 293110 0 0 16 0 0 0
cpu76 76610 0 75 293097 0 0 0 0 0 0
cpu77 76635 0 48 293115 0 0 0 0 0 0
cpu78 76613 0 58 293128 0 0 0 0 0 0
cpu79 76485 0 164 293117 0 0 10 0 0 0
cpu80 76653 0 118 293013 0 0 0 0 0 0
cpu81 76637 0 47 293105 2 0 0 0 0 0
cpu82 76624 0 49 293120 0 0 0 0 0 0
cpu83 76419 0 188 293143 0 0 25 0 0 0
cpu84 76751 0 95 292924 2 0 0 0 0 0
cpu85 76627 0 48 293121 0 0 0 0 0 0
cpu86 76555 0 65 293169 0 0 1 0 0 0
cpu87 76440 0 239 293080 0 0 31 0 0 0
cpu88 76790 0 142 292848 1 0 0 0 0 0
cpu89 76632 0 45 293112 2 0 0 0 0 0
cpu90 76595 0 62 293133 0 0 0 0 0 0
cpu91 76654 0 60 293066 0 0 1 0 0 0
cpu92 76740 0 241 292796 20 0 0 0 0 0
cpu93 76627 0 54 293110 0 0 0 0 0 0
cpu94 76607 0 52 293131 0 0 2 0 0 0
cpu95 76905 0 269 292568 4 0 24 0 0 0
cpu96 76697 0 106 292999 0 0 0 0 0 0
cpu97 76393 0 85 293325 0 0 6 0 0 0
cpu98 76615 0 59 293116 0 0 0 0 0 0
cpu99 76463 0 126 293169 1 0 11 0 0 0
cpu100 76772 0 118 292875 20 0 0 0 0 0
cpu101 76628 0 50 293107 0 0 0 0 0 0
cpu102 76564 0 100 293120 0 0 0 0 0 0
cpu103 77063 1 130 292589 0 0 0 0 0 0
cpu104 76702 0 80 293000 4 0 0 0 0 0
cpu105 76625 0 47 293116 0 0 0 0 0 0
cpu106 76619 0 47 293120 0 0 0 0 0 0
cpu107 77119 0 383 292148 101 0 18 0 0 0
cpu108 76647 0 85 293042 7 0 0 0 0 0
cpu109 76628 0 48 293104 0 0 0 0 0 0
cpu110 76527 0 84 293159 0 0 8 0 0 0
cpu111 76667 0 96 292988 26 0 2 0 0 0
cpu112 76644 0 60 293085 2 0 0 0 0 0
cpu113 76622 0 57 293092 0 0 0 0 0 0
cpu114 76624 0 50 293106 0 0 0 0 0 0
cpu115 76845 0 172 292661 91 0 4 0 0 0
cpu116 76629 0 60 293088 1 0 0 0 0 0
cpu117 76634 0 60 293069 0 0 0 0 0 0
cpu118 76318 0 88 293352 0 0 2 0 0 0
cpu119 76724 2 90 292963 2 0 0 0 0 0
cpu120 76637 0 83 293047 11 0 0 0 0 0
cpu121 76632 0 55 293089 0 0 0 0 0 0
cpu122 76622 0 49 293109 0 0 0 0 0 0
cpu123 76820 0 143 292795 2 0 0 0 0 0
cpu124 76647 0 60 293030 0 0 0 0 0 0
cpu125 76632 0 56 293086 1 0 0 0 0 0
cpu126 76622 0 48 293106 0 0 0 0 0 0
cpu127 76684 0 121 292964 2 0 3 0 0 0
intr 29572127 130 0 0 0 682 0 0 0 1 0 283 0 0 0 0 0 0 0 0 0 0 0 0 0 0 0 0 0 0 0 0 0 0 0 0 260 0 203 0 13 6172 572 0 8 1694 7 0 2 381 0 5 2 3442 0 0 0 2840 56 0 386 3742 2 480 2 2760 9 144 233 2566 3 71 3 4945 923 175 2 785 98 0 0 1311 3162 0 0 2192 6 5 0 184 0 0 2 904 0 5 2 1275 5 0 43018 8669 20 0 152 7042 0 1 0 862 0 0 0 1726 0 0 0 4209 0 0 0 6495 0 0 0 6320 0 0 0 154 57 0 235 1234 0 0 0 2895 0 0 0 454 0 0 0 2788 0 0 14 1232 0 0 0 4257 2 0 0 0 0 0 0 0 0 0 0 0 0 159 397 2 233 26 282 157 180 649 1793 3013 116 36 68 2 11 7 30 586 153 495 171 34 368 14 75 17 45 42 95 5 162 10 7 0 0 0 0 0 0 0 0 0 0 0 0 0 0 0 0 5 51 393 0 1 34 11 1 0 14 2 3 17 15 24 265 3 1 4 1 2 29 0 4 0 4 33 0 28 5 48 0 0 0 3 0 44 4 0 189 21 21 92 215 296 74 198 388 33 199 88 1228 1544 330 1 62 25 9960 2815 3655 353 99 271 0 0 0 0 0 0 0 0 0 0 0 0 0 0 0 0 0 0 0 0 0 0 0 0 0 0 0 0 0 0 0 0 0 0 0 0 0 0 0 0 0 0 0 0 0 0 0 0 0 0 0 0 0 0 0 0 0 0 0 0 0 0 0 0 0 0 0 0 0 0 0 0 0 0 0 0 0 0 0 0 0 0 0 0 0 0 0 0 0 0 0 0 0 0 0 0 0 0 0 0 0 0 0 0 0 0 0 0 0 0 0 0 0 0 0 0 0 0 0 0 0 0 0 0 0 0 0 0 0 0 0 0 0 0 0 0 0 0 0 0 0 0 0 0 0 0 0 0 0 0 0 0 0 0 0 0 0 0 0 0 0 0 0 0 0 0 0 0 0 0 0 0 0 0 0 0 0 0 0 0 0 0 0 0 0 0 0 0 0 0 0 0 0 0 0 0 0 0 0 0 0 0 0 0 0 0 0 0 0 0 0 0 0 0 0 0 0 0 0 0 0 0 0 0 0 0 0 0 0 0 0 0 0 0 0 0 0 0 0 0 0 0 0 0 0 0 0 0 0 0 0 0 0 0 0 0 0 0 0 0 0 0 0 0 0 0 0 0 0 0 0 0 0 0 0 0 0 0 0 0 0 0 0 0 0 0 0 0 0 0 0 0 0 0 0 0 0 0 0 0 0 0 0 0 0 0 0 0 0 0 0 0 0 0 0 0 0 0 0 0 0 0 0 0 0 0 0 0 0 0 0 0 0 0 0 0 0 0 0 0 0 0 0 0 0 0 0 0 0 0 0 0 0 0 0 0 0 0 0 0 0 0 0 0 0 0 0 0 0 0 0 0 0 0 0 0 0 0 0 0 0 0 0 0 0 0 0 0 0 0 0 0 0 0 0 0 0 0 0 0 0 0 0 0 0 0 0 0 0 0 0 0 0 0 0 0 0 0 0 0 0 0 3 0 0 0 0 0 0 0 0 0 0 0 0 0 0 0 0 0 0 0 0 0 0 0 0 0 0 0 0 0 0 0 0 0 0 0 0 0 0 0 0 0 0 0 0 0 0 0 0 0 0 0 0 0 0 0 0 0 0 0 0 0 0 49 0 0 0 0 0 0 0 0 0 0 0 0 0 0 0 0 0 0 0 0 0 0 0 0 0 49 0 0 0 0 0 18 0 0 0 0 0 0 0 0 0 0 0 0 0 0 0 0 0 0 0 0 0 0 0 0 0 0 0 0 0 0 0 0 0 0 0 0 0 0 0 0 0 0 0 0 0 0 0 0 0 0 0 0 0 0 0 0 0 0 0 0 0 0 0 0 0 0 0 0 0 0 0 0 0 0 0 0 0 0 0 0 0 0 0 0 0 0 0 0 0 0 0 0 0 0 0 0 0 0 0 0 0 0 0 0 0 0 0 0 0 0 0 0 0 0 0 0 0 0 0 0 0 0 0 0 0 0 0 0 0 0 0 0 0 0 0 0 0 0 0 0 0 0 0 0 0 0 0 0 0 0 0 0 0 0 0 0 0 0 0 0 0 0 0 0 0 0 0 0 0 0 0 0 0 0 0 0 0 0 0 0 0 0 0 0 0 0 0 0 0 0 0 0 0 0 0 0 0 0 0 0 0 0 0 0 0 0 0 0 0 0 0 0 0 0 0 0 0 0 0 0 0 0 0 0 0 0 0 0 0 0 0 0 0 0 0 0 0 0 0 0 0 0 0 0 0 0 0 0 0 0 0 0 0 0 0 0 0 0 0 0 0 0 0 0 0 0 0 0 0 0 0 0 0 0 0 0 0 0 0 0 0 0 0 0 0 0 0 0 0 0 0 0 0 0 0 0 0 0 0 0 0 0 0 0 0 0 0 0 0 0 0 0 0 0 0 0 0 0 0 0 0 0 0 0 0 0 0 0 0 0 0 0 0 0 0 0 0 0 0 0 0 0 0 0 0 0 0 0 0 0 0 0 0 0 0 0 0 0 0 0 0 0 0 0 0 0 0 0 0 0 0 0 0 0 0 0 0 0 0 0 0 0 0 0 0 0 0 0 0 0 0 0 0 0 0 0 0 0 0 0 0 0 0 0 0 0 0 0 0 0 0 0 0 0 0 0 0 0 0 0 0 0 0 0 0 0 0 0 0 0 0 0 0 0 0 0 0 0 0 0 0 0 0 0 0 0 0 0 0 0 0 0 0 0 0 0 0 0 0 0 0 0 0 0 0 0 0 0 0 0 0 0 0 0 0 0 0 0 0 0 0 0 0 0 0 0 0 0 0 0 0 0 0 0 0 0 0 0 0 0 0 0 0 0 0 0 0 0 0 0 0 0 0 0 0 0 0 0 0 0 0 0 0 0 0 0 0 0 0 0 0 0 0 0 0 0 0 0 0 0 0 0 0 0 0 0 0 0 0 0 0 0 0 0 0 0 0 0 0 0 0 0 0 0 0 0 0 0 0 0 0 0 0 0 0 0 0 0 0 0 0 0 0 0 0 0 0 0 0 0 0 0 0 0 0 0 0 0 0 0 0 0 0 0 0 0 0 0 0 0 0 0 0 0 0 0 0 0 0 0 0 0 0 0 0 0 0 0 0 0 0 0 0 0 0 0 0 0 0 0 0 0 0 0 0 0 0 0 0 0 0 0 0 0 0 0 0 0 0 0 0 0 0 0 0 0 0 0 0 0 0 0 0 0 0 0 0 0 0 0 0 0 0 0 0 0 0 0 0 0 0 0 0 0 0 0 0 0 0 0 0 0 0 0 0 0 0 0 0 0 0 0 0 0 0 0 0 0 0 0 0 0 0 0 0 0 0 0 0 0 0 0 0 0 0 0 0 0 0 0 0 0 0 0 0 0 0 0 0 0 0 0 0 0 0 0 0 0 0 0 0 0 0 0 0 0 0 0 0 0 0 0 0 0 0 0 0 0 0 0 0 0 0 0 0 0 0 0 0 0 0 0 0 0 0 0 0 0 0 0 0 0 0 0 0 0 0 0 0 0 0 0 0 0 0 0 0 0 0 0 0 0 0 0 0 0 0 0 0 0 0 0 0 0 0 0 0 0 0 0 0 0 0 0 0 0 0 0 0 0 0 0 0 0 0 0 0 0 0 0 0 0 0 0 0 0 0 0 0 0 0 0 0 0 0 0 0 0 0 0 0 0 0 0 0 0 0 0 0 0 0 0 0 0 0 0 0 0 0 0 0 0 0 0 0 0 0 0 0 0 0 0 0 0 0 0 0 0 0 0 0 0 0 0 0 0 0 0 0 0 0 0 0 0 0 0 0 0 0 0 0 0 0 0 0 0 0 0 0 0 0 0 0 0 0 0 0 0 0 0 0 0 0 0 0 0 0 0 0 0 0 0 0 0 0 0 0 0 0 0 0 0 0 0 0 0 0 0 0 0 0 0 0 0 0 0 0 0 0 0 0 0 0 0 0 0 0 0 0 0 0 0 0 0 0 0 0 0 0 0 0 0 0 0 0 0 0 0 0 0 0 0 0 0 0 0 0 0 0 0 0 0 0 0 0 0 0 0 0 0 0 0 0 0 0 0 0 0 0 0 0 0 0 0 0 0 0 0 0 0 0 0 0 0 0 0 0 0 0 0 0 0 0 0 0 0 0 0 0 0 0 0 0 0 0 0 0 0 0 0 0 0 0 0 0 0 0 0 0 0 0 0 0 0 0 0 0 0 0 0 0 0 0 0 0 0 0 0 0 0 0 0 0 0 0 0 0 0 0 0 0 0 0 0 0 0 0 0 0 0 0 0 0 0 0 0 0 0 0 0 0 0 0 0 0 0 0 0 0 0 0 0 0 0 0 0 0 0 0 0 0 0 0 0 0 0 0 0 0 0 0 0 0 0 0 0 0 0 0 0 0 0 0 0 0 0 0 0 0 0 0 0 0 0 0 0 0 0 0 0 0 0 0 0 0 0 0 0 0 0 0 0 0 0 0 0 0 0 0 0 0 0 0 0 0 0 0 0 0 0 0 0 0 0 0 0 0 0 0 0 0 0 0 0 0 0 0 0 0 0 0 0 0 0 0 0 0 0 0 0 0 0 0 0 0 0 0 0 0 0 0 0 0 0 0 0 0 0 0 0 0 0 0 0 0 0 0 0 0 0 0 0 0 0 0 0 0 0 0 0 0 0 0 0 0 0 0 0 0 0 0 0 0 0 0 0 0 0 0 0 0 0 0 0 0 0 0 0 0 0 0 0 0 0 0 0 0 0 0 0 0 0 0 0 0 0 0 0 0 0 0 0 0 0 0 0 0 0 0 0 0 0 0 0 0 0 0 0 0 0 0 0 0 0 0 0 0 0 0 0 0 0 0 0 0 0 0 0 0 0 0 0 0 0 0 0 0 0 0 0 0 0 0 0 0 0 0 0 0 0 0 0 0 0 0 0 0 0 0 0 0 0 0 0 0 0 0 0 0 0 0 0 0 0 0 0 0 0 0 0 0 0 0 0 0 0 0 0 0 0 0 0 0 0 0 0 0 0 0 0 0 0 0 0 0 0 0 0 0 0 0 0 0 0 0 0 0 0 0 0 0 0 0 0 0 0 0 0 0 0 0 0 0 0 0 0 0 0 0 0 0 0 0 0 0 0 0 0 0 0 0 0 0 0 0 0 0 0 0 0 0 0 0 0 0 0 0 0 0 0 0 0 0 0 0 0 0 0 0 0 0 0 0 0 0 0 0 0 0 0 0 0 0 0 0 0 0 0 0 0 0 0 0 0 0 0 0 0 0 0 0 0 0 0 0 0 0 0 0 0 0 0 0 0 0 0 0 0 0 0 0 0 0 0 0 0 0 0 0 0 0 0 0 0 0 0 0 0 0 0 0 0 0 0 0 0 0 0 0 0 0 0 0 0 0 0 0 0 0 0 0 0 0 0 0 0 0 0 0 0 0 0 0 0 0 0 0 0 0 0 0 0 0 0 0 0 0 0 0 0 0 0 0 0 0 0 0 0 0 0 0 0 0 0 0 0 0 0 0 0 0 0 0 0 0 0 0 0 0 0 0 0 0 0 0 0 0 0 0 0 0 0 0 0 0 0 0 0 0 0 0 0 0 0 0 0 0 0 0 0 0 0 0 0 0 0 0 0 0 0 0 0 0 0 0 0 0 0 0 0 0 0 0 0 0 0 0 0 0 0 0 0 0 0 0 0 0 0 0 0 0 0 0 0 0 0 0 0 0 0 0 0 0 0 0 0 0 0 0 0 0 0 0 0 0 0 0 0 0 0 0 0 0 0 0 0 0 0 0 0 0 0 0 0 0 0 0 0 0 0 0 0 0 0 0 0 0 0 0 0 0 0 0 0 0 0 0 0 0 0 0 0 0 0 0 0 0 0 0 0 0 0 0 0 0 0 0 0 0 0 0 0 0 0 0 0 0 0 0 0 0 0 0 0 0 0 0 0 0 0 0 0 0 0 0 0 0 0 0 0 0 0 0 0 0 0 0 0 0 0 0 0 0 0 0 0 0 0 0 0 0 0 0 0 0 0 0 0 0 0 0 0 0 0 0 0 0 0 0 0 0 0 0 0 0 0 0 0 0 0 0 0 0 0 0 0 0 0 0 0 0 0 0 0 0 0 0 0 0 0 0 0 0 0 0 0 0 0 0 0 0 0 0 0 0 0 0 0 0 0 0 0 0 0 0 0 0 0 0 0 0 0 0 0 0 0 0 0 0 0 0 0 0 0 0 0 0 0 0 0 0 0 0 0 0 0 0 0 0 0 0 0 0 0 0 0 0 0 0 0 0 0 0 0 0 0 0 0 0 0 0 0 0 0 0 0 0 0 0 0 0 0 0 0 0 0 0 0 0 0 0 0 0 0 0 0 0 0 0 0 0 0 0 0 0 0 0 0 0 0 0 0 0 0 0 0 0 0 0 0 0 0 0 0 0 0 0 0 0 0 0 0 0 0 0 0 0 0 0 0 0 0 0 0 0 0 0 0 0 0 0 0 0 0 0 0 0 0 0 0 0 0 0 0 0 0 0 0 0 0 0 0 0 0 0 0 0 0 0 0 0 0 0 0 0 0 0 0 0 0 0 0 0 0 0 0 0 0 0 0 0 0 0 0 0 0 0 0 0 0 0 0 0 0 0 0 0 0 0 0 0 0 0 0 0 0 0 0 0 0 0 0 0 0 0 0 0 0 0 0 0 0 0 0 0 0 0 0 0 0 0 0 0 0 0 0 0 0 0 0 0 0 0 0 0 0 0 0 0 0 0 0 0 0 0 0 0 0 0 0 0 0 0 0 0 0 0 0 0 0 0 0 0 0 0 0 0 0 0 0 0 0 0 0 0 0 0 0 0 0 0 0 0 0 0 0 0 0 0 0 0 0 0 0 0 0 0 0 0 0 0 0 0 0 0 0 0 0 0 0 0 0 0 0 0 0 0 0 0 0 0 0 0 0 0 0 0 0 0 0 0 0 0 0 0 0 0 0 0 0 0 0 0 0 0 0 0 0 0 0 0 0 0 0 0 0 0 0 0 0 0 0 0 0 0 0 0 0 0 0 0 0 0 0 0 0 0 0 0 0 0 0 0 0 0 0 0 0 0 0 0 0 0 0 0 0 0 0 0 0 0 0 0 0 0 0 0 0 0 0 0 0 0 0 0 0 0 0 0 0 0 0 0 0 0 0 0 0 0 0 0 0 0 0 0 0 0 0 0 0 0 0 0 0 0 0 0 0 0 0 0 0 0 0 0 0 0 0 0 0 0 0 0 0 0 0 0 0 0 0 0 0 0 0 0 0 0 0 0 0 0 0 0 0 0 0 0 0 0 0 0 0 0 0 0 0 0 0 0 0 0 0 0 0 0 0 0 0 0 0 0 0 0 0 0 0 0 0 0 0 0 0 0 0 0 0 0 0 0 0 0 0 0 0 0 0 0 0 0 0 0 0 0 0 0 0 0 0 0 0 0 0 0 0 0 0 0 0 0 0 0 0 0 0 0 0 0 0 0 0 0 0 0 0 0 0 0 0 0 0 0 0 0 0 0 0 0 0 0 0 0 0 0 0 0 0 0 0 0 0 0 0 0 0 0 0 0 0 0 0 0 0 0 0 0 0 0 0 0 0 0 0 0 0 0 0 0 0 0 0 0 0 0 0 0 0 0 0 0 0 0 0 0 0 0 0 0 0 0 0 0 0 0 0 0 0 0 0 0 0 0 0 0 0 0 0 0 0 0 0 0 0 0 0 0 0 0 0 0 0 0 0 0 0 0 0 0 0 0 0 0 0 0 0 0 0 0 0 0 0 0 0 0 0 0 0 0 0 0 0 0 0 0 0 0 0 0 0 0 0 0 0 0 0 0 0 0 0 0 0 0 0 0 0 0 0 0 0 0 0 0 0 0 0 0 0 0 0 0 0 0 0 0 0 0 0 0 0 0 0 0 0 0 0 0 0 0 0 0 0 0 0 0 0 0 0 0 0 0 0 0 0 0 0 0 0 0 0 0 0 0 0 0 0 0 0 0 0 0 0 0 0 0 0 0 0 0 0 0 0 0 0 0 0 0 0 0 0 0 0 0 0 0 0 0 0 0 0 0 0 0 0 0 0 0 0 0 0 0 0 0 0 0 0 0 0 0 0 0 0 0 0 0 0 0 0 0 0 0 0 0 0 0 0 0 0 0 0 0 0 0 0 0 0 0 0 0 0 0 0 0 0 0 0 0 0 0 0 0 0 0 0 0 0 0 0 0 0 0 0 0 0 0 0 0 0 0 0 0 0 0 0 0 0 0 0 0 0 0 0 0 0 0 0 0 0 0 0 0 0 0 0 0 0 0 0 0 0 0 0 0 0 0 0 0 0 0 0 0 0 0 0 0 0 0 0 0 0 0 0 0 0 0 0 0 0 0 0 0 0 0 0 0 0 0 0 0 0 0 0 0 0 0 0 0 0 0 0 0 0 0 0 0 0 0 0 0 0 0 0 0 0 0 0 0 0 0 0 0 0 0 0 0 0 0 0 0 0 0 0 0 0 0 0 0 0 0 0 0 0 0 0 0 0 0 0 0 0 0 0 0 0 0 0 0 0 0 0 0 0 0 0 0 0 0 0 0 0 0 0 0 0 0 0 0 0 0 0 0 0 0 0 0 0 0 0 0 0 0 0 0 0 0 0 0 0 0 0 0 0 0 0 0 0 0 0 0 0 0 0 0 0 0 0 0 0 0 0 0 0 0 0 0 0 0 0 0 0 0 0 0 0 0 0 0 0 0 0 0 0 0 0 0 0 0 0 0 0 0 0 0 0 0 0 0 0 0 0 0 0 0 0 0 0 0 0 0 0 0 0 0 0 0 0 0 0 0 0 0 0 0 0 0 0 0 0 0 0 0 0 0 0 0 0 0 0 0 0 0 0 0 0 0 0 0 0 0 0 0 0 0 0 0 0 0 0 0 0 0 0 0 0 0 0 0 0 0 0 0 0 0 0 0 0 0 0 0 0 0 0 0 0 0 0 0 0 0 0 0 0 0 0 0 0 0 0 0 0 0 0 0 0 0 0 0 0 0 0 0 0 0 0 0 0 0 0 0 0 0 0 0 0 0 0 0 0 0 0 0 0 0 0 0 0 0 0 0 0 0 0 0 0 0 0 0 0 0 0 0 0 0 0 0 0 0 0 0 0 0 0 0 0 0 0 0 0 0 0 0 0 0 0 0 0 0 0 0 0 0 0 0 0 0 0 0 0 0 0 0 0 0 0 0 0 0 0 0 0 0 0 0 0 0 0 0 0 0 0 0 0 0 0 0 0 0 0 0 0 0 0 0 0 0 0 0 0 0 0 0 0 0 0 0 0 0 0 0 0 0 0 0 0 0 0 0 0 0 0 0 0 0 0 0 0 0 0 0 0 0 0 0 0 0 0 0 0 0 0 0 0 0 0 0 0 0 0 0 0 0 0 0 0 0 0 0 0 0 0 0 0 0 0 0 0 0 0 0 0 0 0 0 0 0 0 0 0 0 0 0 0 0 0 0 0 0 0 0 0 0 0 0 0 0 0 0 0 0 0 0 0 0 0 0 0 0 0 0 0 0 0 0 0 0 0 0 0 0 0 0 0 0 0 0 0 0 0 0 0 0 0 0 0 0 0 0 0 0 0 0 0 0 0 0 0 0 0 0 0 0 0 0 0 0 0 0 0 0 0 0 0 0 0 0 0 0 0 0 0 0 0 0 0 0 0 0 0 0 0 0 0 0 0 0 0 0 0 0 0 0 0 0 0 0 0 0 0 0 0 0 0 0 0 0 0 0 0 0 0 0 0 0 0 0 0 0 0 0 0 0 0 0 0 0 0 0 0 0 0 0 0 0 0 0 0 0 0 0 0 0 0 0 0 0 0 0 0 0 0 0 0 0 0 0
ctxt 3584819
btime 1613064757
processes 85314
procs_running 1
procs_blocked 0
softirq 31942834 1 18640900 1322 713408 0 0 166 1197319 0 11389718
