cpu  8989862 6 8444 3252891 144 0 664 0 0 0
cpu0 140490 0 411 50296 2 0 203 0 0 0
cpu1 140452 0 70 50890 10 0 162 0 0 0
cpu2 140437 0 189 50806 0 0 6 0 0 0
cpu3 140453 0 53 50945 0 0 0 0 0 0
cpu4 140620 0 182 50632 0 0 2 0 0 0
cpu5 140456 0 44 50952 0 0 0 0 0 0
cpu6 140432 0 343 50600 0 0 8 0 0 0
cpu7 140072 0 376 50936 0 0 64 0 0 0
cpu8 140555 0 216 50669 0 0 5 0 0 0
cpu9 140452 0 47 50951 0 0 0 0 0 0
cpu10 140533 0 245 50657 0 0 9 0 0 0
cpu11 140453 0 45 50949 0 0 0 0 0 0
cpu12 140479 0 188 50766 0 0 0 0 0 0
cpu13 140458 0 42 50946 0 0 0 0 0 0
cpu14 140336 2 224 50874 0 0 9 0 0 0
cpu15 140457 0 41 50948 0 0 0 0 0 0
cpu16 140338 0 274 50815 0 0 9 0 0 0
cpu17 140458 0 44 50944 0 0 0 0 0 0
cpu18 140626 0 139 50673 0 0 2 0 0 0
cpu19 140457 0 42 50940 1 0 0 0 0 0
cpu20 140384 0 168 50893 0 0 4 0 0 0
cpu21 140458 0 48 50939 1 0 0 0 0 0
cpu22 140482 0 119 50840 0 0 2 0 0 0
cpu23 140452 0 53 50933 0 0 0 0 0 0
cpu24 140395 0 210 50714 81 0 12 0 0 0
cpu25 140400 0 68 50910 5 0 42 0 0 0
cpu26 140374 1 151 50905 0 0 5 0 0 0
cpu27 140456 0 57 50927 0 0 0 0 0 0
cpu28 140932 0 311 50193 5 0 3 0 0 0
cpu29 140461 0 44 50934 1 0 0 0 0 0
cpu30 140387 0 153 50887 0 0 8 0 0 0
cpu31 140450 0 49 50941 0 0 0 0 0 0
cpu32 140463 0 209 50755 2 0 5 0 0 0
cpu33 140458 0 48 50932 0 0 0 0 0 0
cpu34 140598 0 166 50668 0 0 4 0 0 0
cpu35 140458 0 47 50933 0 0 0 0 0 0
cpu36 140499 0 157 50750 0 0 5 0 0 0
cpu37 140440 0 58 50939 0 0 0 0 0 0
cpu38 140581 0 199 50654 0 0 2 0 0 0
cpu39 140365 0 125 50930 0 0 14 0 0 0
cpu40 140536 0 195 50706 0 0 1 0 0 0
cpu41 140457 0 47 50934 0 0 0 0 0 0
cpu42 140534 0 206 50680 1 0 4 0 0 0
cpu43 140465 0 44 50929 0 0 0 0 0 0
cpu44 140474 0 125 50812 1 0 2 0 0 0
cpu45 140456 0 42 50933 0 0 0 0 0 0
cpu46 140227 1 301 50887 0 0 18 0 0 0
cpu47 140454 0 52 50927 0 0 0 0 0 0
cpu48 140342 0 278 50794 0 0 6 0 0 0
cpu49 140454 0 48 50928 0 0 0 0 0 0
cpu50 140664 0 117 50645 0 0 3 0 0 0
cpu51 140456 0 48 50920 1 0 0 0 0 0
cpu52 140401 0 136 50876 5 0 10 0 0 0
cpu53 140456 0 44 50928 0 0 0 0 0 0
cpu54 140502 0 85 50841 0 0 0 0 0 0
cpu55 140451 0 54 50906 0 0 2 0 0 0
cpu56 140397 0 136 50892 0 0 3 0 0 0
cpu57 140450 0 53 50926 0 0 0 0 0 0
cpu58 140375 0 145 50899 0 0 2 0 0 0
cpu59 140457 0 48 50922 1 0 0 0 0 0
cpu60 140849 0 185 50389 0 0 6 0 0 0
cpu61 140458 0 45 50922 0 0 0 0 0 0
cpu62 140562 0 266 50593 0 0 6 0 0 0
cpu63 140454 0 65 50905 0 0 0 0 0 0
intr 24496089 81 0 0 0 623 0 0 0 1 0 285 0 0 0 0 0 0 0 0 0 0 0 0 0 0 0 0 0 0 0 0 0 0 0 0 0 0 0 2898 3585 1329 0 211 8 1439 3504 241 72 7019 48 452 0 1419 0 2707 0 335 0 787 33 329 0 1563 42621 1005 190 537 7 1377 0 979 0 534 0 609 44 518 9178 206 0 531 133 445 0 5211 0 2600 0 310 51 858 0 114 38 535 10 540 1 597 40 1016 64 0 0 0 0 0 0 0 0 0 0 0 0 0 0 0 0 0 96 29635 0 0 0 0 0 0 0 0 0 0 0 0 0 0 0 0 0 0 0 0 0 0 0 0 0 0 0 0 0 0 0 0 0 0 0 0 0 0 0 0 0 0 0 0 0 0 0 0 0 0 0 0 0 0 0 0 0 0 0 0 0 0 0 0 0 0 0 0 0 0 0 0 0 0 0 21 0 0 0 0 0 0 0 0 0 0 0 0 0 0 0 0 0 0 0 0 0 0 0 0 0 0 0 0 0 0 0 0 0 0 0 0 0 0 0 0 0 0 0 0 0 0 0 0 0 0 0 0 0 0 0 0 0 0 0 0 0 0 0 0 0 0 0 0 0 0 0 0 0 0 0 0 0 0 0 0 0 0 0 0 0 0 0 0 0 0 0 0 0 0 0 0 0 0 0 0 0 0 0 0 0 0 0 0 0 0 0 0 0 0 0 0 0 0 0 0 0 0 0 0 0 0 0 0 0 0 0 0 0 0 0 0 0 0 0 0 0 0 0 0 0 0 0 0 0 0 0 0 0 0 0 0 0 0 0 0 0 0 0 0 0 0 0 0 0 0 0 0 0 0 0 0 0 0 0 0 0 0 0 0 0 0 0 0 0 0 0 0 0 0 0 0 0 0 0 0 0 0 0 0 0 0 0 0 0 0 0 0 0 0 0 0 0 0 0 0 0 0 0 0 0 0 0 0 0 0 0 0 0 0 0 0 0 0 0 0 0 0 0 0 0 0 0 0 0 0 0 0 0 0 0 0 0 0 0 0 0 0 0 0 0 0 0 0 0 0 0 0 0 0 0 0 0 0 0 0 0 0 0 0 0 0 0 0 0 0 0 0 0 0 0 0 0 0 0 0 0 0 0 0 0 0 0 0 0 0 0 0 0 0 0 0 0 0 0 0 0 0 0 0 0 0 0 0 0 0 0 0 0 0 0 0 0 0 0 0 0 0 0 0 0 0 0 0 0 0 0 0 0 0 0 0 0 0 0 0 0 0 0 0 0 0 0 0 0 0 0 0 0 0 0 0 0 0 0 0 0 0 0 0 0 0 0 0 0 0 0 0 0 0 0 0 0 0 0 0 0 0 0 0 0 0 0 0 0 0 0 0 0 0 0 0 0 0 0 0 0 0 0 0 0 0 0 0 0 0 0 0 0 0 0 0 0 0 0 0 0 0 0 0 0 0 0 0 0 0 0 0 0 0 0 0 0 0 0 0 0 0 0 0 0 0 0 0 0 0 0 0 0 0 0 0 0 0 0 0 0 0 0 0 0 0 0 0 0 0 0 0 0 0 0 0 0 0 0 0 0 0 0 0 0 0 0 0 0 0 0 0 0 0 0 0 0 0 0 0 0 0 0 0 0 0 0 0 0 0 0 0 0 0 0 0 0 0 0 0 0 0 0 0 0 0 0 0 0 0 0 0 0 0 0 0 0 0 0 0 0 0 0 0 0 0 0 0 0 0 0 0 0 0 0 0 0 0 0 0 0 0 0 0 0 0 0 0 0 0 0 0 0 0 0 0 0 0 0 0 0 0 0 0 0 0 0 0 0 0 0 0 0 0 0 0 0 0 0 0 0 0 0 0 0 0 0 0 0 0 0 0 0 0 0 0 0 0 0 0 0 0 0 0 0 0 0 0 0 0 0 0 0 0 0 0 0 0 0 0 0 0 0 0 0 0 0 0 0 0 0 0 0 0 0 0 0 0 0 0 0 0 0 0 0 0 0 0 0 0 0 0 0 0 0 0 0 0 0 0 0 0 0 0 0 0 0 0 0 0 0 0 0 0 0 0 0 0 0 0 0 0 0 0 0 0 0 0 0 0 0 0 0 0 0 0 0 0 0 0 0 0 0 0 0 0 0 0 0 0 0 0 0 0 0 0 0 0 0 0 0 0 0 0 0 0 0 0 0 0 0 0 0 0 0 0 0 0 0 0 0 0 0 0 0 0 0 0 0 0 0 0 0 0 0 0 0 0 0 0 0 0 0 0 0 0 0 0 0 0 0 0 0 0 0 0 0 0 0 0 0 0 0 0 0 0 0 0 0 0 0 0 0 0 0 0 0 0 0 0 0 0 0 0 0 0 0 0 0 0 0 0 0 0 0 0 0 0 0 0 0 0 0 0 0 0 0 0 0 0 0 0 0 0 0 0 0 0 0 0 0 0 0 0 0 0 0 0 0 0 0 0 0 0 0 0 0 0 0 0 0 0 0 0 0 0 0 0 0 0 0 0 0 0 0 0 0 0 0 0 0 0 0 0 0 0 0 0 0 0 0 0 0 0 0 0 0 0 0 0 0 0 0 0 0 0 0 0 0 0 0 0 0 0 0 0 0 0 0 0 0 0 0 0 0 0 0 0 0 0 0 0 0 0 0 0 0 0 0 0 0 0 0 0 0 0 0 0 0 0 0 0 0 0 0 0 0 0 0 0 0 0 0 0 0 0 0 0 0 0 0 0 0 0 0 0 0 0 0 0 0 0 0 0 0 0 0 0 0 0 0 0 0 0 0 0 0 0 0 0 0 0 0 0 0 0 0 0 0 0 0 0 0 0 0 0 0 0 0 0 0 0 0 0 0 0 0 0 0 0 0 0 0 0 0 0 0 0 0 0 0 0 0 0 0 0 0 0 0 0 0 0 0 0 0 0 0 0 0 0 0 0 0 0 0 0 0 0 0 0 0 0 0 0 0 0 0 0 0 0 0 0 0 0 0 0 0 0 0 0 0 0 0 0 0 0 0 0 0 0 0 0 0 0 0 0 0 0 0 0 0 0 0 0 0 0 0 0 0 0 0 0 0 0 0 0 0 0 0 0 0 0 0 0 0 0 0 0 0 0 0 0 0 0 0 0 0 0 0 0 0 0 0 0 0 0 0 0 0 0 0 0 0 0 0 0 0 0 0 0 0 0 0 0 0 0 0 0 0 0 0 0 0 0 0 0 0 0 0 0 0 0 0 0 0 0 0 0 0 0 0 0 0 0 0 0 0 0 0 0 0 0 0 0 0 0 0 0 0 0 0 0 0 0 0 0 0 0 0 0 0 0 0 0 0 0 0 0 0 0 0 0 0 0 0 0 0 0 0 0 0 0 0 0 0 0 0 0 0 0 0 0 0 0 0 0 0 0 0 0 0 0 0 0 0 0 0 0 0 0 0 0 0 0 0 0 0 0 0 0 0 0 0 0 0 0 0 0 0 0 0 0 0 0 0 0 0 0 0 0 0 0 0 0 0 0 0 0 0 0 0 0 0 0 0 0 0 0 0 0 0 0 0 0 0 0 0 0 0 0 0 0 0 0 0 0 0 0 0 0 0 0 0 0 0 0 0 0 0 0 0 0 0 0 0 0 0 0 0 0 0 0 0 0 0 0 0 0 0 0 0 0 0 0 0 0 0 0 0 0 0 0 0 0 0 0 0 0 0 0 0 0 0 0 0 0 0 0 0 0 0 0 0 0 0 0 0 0 0 0 0 0 0 0 0 0 0 0 0 0 0 0 0 0 0 0 0 0 0 0 0 0 0 0 0 0 0 0 0 0 0 0 0 0 0 0 0 0 0 0 0 0 0 0 0 0 0 0 0 0 0 0 0 0 0 0 0 0 0 0 0 0 0 0 0 0 0 0 0 0 0 0 0 0 0 0 0 0 0 0 0 0 0 0 0 0 0 0 0 0 0 0 0 0 0 0 0 0 0 0 0 0 0 0 0 0 0 0 0 0 0 0 0 0 0 0 0 0 0 0 0 0 0 0 0 0 0 0 0 0 0 0 0 0 0 0 0 0 0 0 0 0 0 0 0 0 0 0 0 0 0 0 0 0 0 0 0 0 0 0 0 0 0 0 0 0 0 0 0 0 0 0 0 0 0 0 0 0 0 0 0 0 0 0 0 0 0 0 0 0 0 0 0 0 0 0 0 0 0 0 0 0 0 0 0 0 0 0 0 0 0 0 0 0 0 0 0 0 0 0 0 0 0 0 0 0 0 0 0 0 0 0 0 0 0 0 0 0 0 0 0 0 0 0 0 0 0 0 0 0 0 0 0 0 0 0 0 0 0 0 0 0 0 0 0 0 0 0 0 0 0 0 0 0 0 0 0 0 0 0 0 0 0 0 0 0 0 0 0 0 0 0 0 0 0 0 0 0 0 0 0 0 0 0 0 0 0 0 0 0 0 0 0 0 0 0 0 0 0 0 0 0 0 0 0 0 0 0 0 0 0 0 0 0 0 0 0 0 0 0 0 0 0 0 0 0 0 0 0 0 0 0 0 0 0 0 0 0 0 0 0 0 0 0 0 0 0 0 0 0 0 0 0 0 0 0 0 0 0 0 0 0 0 0 0 0 0 0 0 0 0 0 0 0 0 0 0 0 0 0 0 0 0 0 0 0 0 0 0 0 0 0 0 0 0 0 0 0 0 0 0 0 0 0 0 0 0 0 0 0 0 0 0 0 0 0 0 0 0 0 0 0 0 0 0 0 0 0 0 0 0 0 0 0 0 0 0 0 0 0 0 0 0 0 0 0 0 0 0 0 0 0 0 0 0 0 0 0 0 0 0 0 0 0 0 0 0 0 0 0 0 0 0 0 0 0 0 0 0 0 0 0 0 0 0 0 0 0 0 0 0 0 0 0 0 0 0 0 0 0 0 0 0 0 0 0 0 0 0 0 0 0 0 0 0 0 0 0 0 0 0 0 0 0 0 0 0 0 0 0 0 0 0 0 0 0 0 0 0 0 0 0 0 0 0 0 0 0 0 0 0 0 0 0 0 0 0 0 0 0 0 0 0 0 0 0 0 0 0 0 0 0 0 0 0 0 0 0 0 0 0 0 0 0 0 0 0 0 0 0 0 0 0 0 0 0 0 0 0 0 0 0 0 0 0 0 0 0 0 0 0 0 0 0 0 0 0 0 0
ctxt 1609146
btime 1613144793
processes 26162
procs_running 1
procs_blocked 0
softirq 23033122 1 17686385 1015 238427 0 0 139 935428 0 4171727
