cpu  26495781 8 50000 4253101 179 0 4504 0 0 0
cpu0 412746 0 2148 66075 0 0 282 0 0 0
cpu1 413855 0 828 66531 9 0 110 0 0 0
cpu2 413079 0 1633 66452 1 0 154 0 0 0
cpu3 413398 0 1103 66656 4 0 155 0 0 0
cpu4 413990 0 1395 65752 8 0 102 0 0 0
cpu5 414308 0 340 66643 4 0 24 0 0 0
cpu6 413482 0 1113 66571 1 0 145 0 0 0
cpu7 413837 0 830 66540 2 0 110 0 0 0
cpu8 413338 0 1355 66560 0 0 60 0 0 0
cpu9 414318 0 365 66587 3 0 47 0 0 0
cpu10 413660 0 1065 66494 3 0 83 0 0 0
cpu11 414441 0 242 66620 2 0 10 0 0 0
cpu12 413250 0 1464 66529 1 0 71 0 0 0
cpu13 414376 0 384 66504 1 0 41 0 0 0
cpu14 413418 0 1341 66470 0 0 88 0 0 0
cpu15 414240 0 598 66373 2 0 90 0 0 0
cpu16 412458 0 2068 66589 0 0 196 0 0 0
cpu17 414134 0 498 66448 1 0 214 0 0 0
cpu18 412898 0 1826 66427 0 0 166 0 0 0
cpu19 414298 0 418 66539 1 0 51 0 0 0
cpu20 413483 0 1193 66429 48 0 113 0 0 0
cpu21 414402 0 315 66571 11 0 16 0 0 0
cpu22 413468 0 1136 66592 1 0 116 0 0 0
cpu23 414348 0 313 66622 8 0 25 0 0 0
cpu24 413964 0 844 66462 1 0 35 0 0 0
cpu25 414392 0 250 66665 1 0 10 0 0 0
cpu26 413382 0 1235 66539 0 0 147 0 0 0
cpu27 414225 0 413 66630 1 0 47 0 0 0
cpu28 413534 0 1097 66599 0 0 80 0 0 0
cpu29 414410 0 242 66645 2 0 16 0 0 0
cpu30 413266 0 1258 66575 0 0 206 0 0 0
cpu31 414267 0 356 66656 1 0 28 0 0 0
cpu32 414020 0 994 66245 1 0 39 0 0 0
cpu33 414012 0 608 66654 1 0 33 0 0 0
cpu34 414188 2 1085 65998 0 0 31 0 0 0
cpu35 414224 0 394 66662 0 0 29 0 0 0
cpu36 414598 0 724 65939 0 0 37 0 0 0
cpu37 414296 0 339 66651 5 0 16 0 0 0
cpu38 416200 0 714 64341 1 0 37 0 0 0
cpu39 413863 0 733 66626 1 0 86 0 0 0
cpu40 414906 0 814 65540 5 0 28 0 0 0
cpu41 414456 0 287 66532 1 0 18 0 0 0
cpu42 413540 0 1136 66477 0 0 154 0 0 0
cpu43 414520 0 184 66593 0 0 10 0 0 0
cpu44 413992 0 1054 66239 0 0 23 0 0 0
cpu45 414453 0 288 66540 0 0 22 0 0 0
cpu46 413359 0 1609 66178 0 0 149 0 0 0
cpu47 414572 0 277 66427 2 0 19 0 0 0
cpu48 413351 0 1463 66388 0 0 100 0 0 0
cpu49 414383 0 467 66429 2 0 19 0 0 0
cpu50 413592 0 1006 66621 0 0 80 0 0 0
cpu51 414490 0 257 66545 2 0 11 0 0 0
cpu52 414239 0 433 66592 0 0 41 0 0 0
cpu53 414440 0 266 66580 3 0 16 0 0 0
cpu54 414028 0 595 66622 1 0 50 0 0 0
cpu55 414312 0 342 66624 0 0 22 0 0 0
cpu56 414127 0 674 66481 0 0 14 0 0 0
cpu57 414470 0 188 66631 0 0 8 0 0 0
cpu58 414178 0 514 66571 0 0 35 0 0 0
cpu59 414086 1 490 66642 1 0 83 0 0 0
cpu60 414077 0 656 66525 0 0 22 0 0 0
cpu61 414445 0 200 66634 1 0 17 0 0 0
cpu62 413246 0 1222 66636 0 0 188 0 0 0
cpu63 414430 0 293 66558 7 0 6 0 0 0
intr 73581344 83 0 0 0 639 0 0 0 1 0 282 0 0 0 0 0 0 0 0 0 0 0 0 0 0 0 0 0 0 0 0 0 0 0 0 0 0 0 1173 20558 1468 12805 304 7090 1253 8414 742 11291 619 1394 525 4732 254 3690 1331 62318 184 3932 9406 2072 1468 6916 1150 1177 489 3328 1866 607 789 3235 1450 15382 170 8833 123 7002 248 7882 307 2734 493 1188 845 1495 12 2180 669 8411 765 3136 2885 1865 3640 4656 1096 822 561 2749 773 1591 835 2002 0 0 0 0 0 0 0 0 0 0 0 0 0 0 0 0 0 31662 93 0 0 0 0 0 0 0 0 0 0 0 0 0 0 0 0 0 0 0 0 0 0 0 0 0 0 0 0 0 0 0 0 0 0 0 0 0 0 0 0 0 0 0 0 0 0 0 0 0 0 0 0 0 0 0 0 0 0 0 0 0 0 0 0 0 0 0 0 0 0 0 0 0 0 0 15 0 0 0 0 0 0 0 0 0 0 0 0 0 0 0 0 0 0 0 0 0 0 0 0 0 0 0 0 0 0 0 0 0 0 0 0 0 0 0 0 0 0 0 0 0 0 0 0 0 0 0 0 0 0 0 0 0 0 0 0 0 0 0 0 0 0 0 0 0 0 0 0 0 0 0 0 0 0 0 0 0 0 0 0 0 0 0 0 0 0 0 0 0 0 0 0 0 0 0 0 0 0 0 0 0 0 0 0 0 0 0 0 0 0 0 0 0 0 0 0 0 0 0 0 0 0 0 0 0 0 0 0 0 0 0 0 0 0 0 0 0 0 0 0 0 0 0 0 0 0 0 0 0 0 0 0 0 0 0 0 0 0 0 0 0 0 0 0 0 0 0 0 0 0 0 0 0 0 0 0 0 0 0 0 0 0 0 0 0 0 0 0 0 0 0 0 0 0 0 0 0 0 0 0 0 0 0 0 0 0 0 0 0 0 0 0 0 0 0 0 0 0 0 0 0 0 0 0 0 0 0 0 0 0 0 0 0 0 0 0 0 0 0 0 0 0 0 0 0 0 0 0 0 0 0 0 0 0 0 0 0 0 0 0 0 0 0 0 0 0 0 0 0 0 0 0 0 0 0 0 0 0 0 0 0 0 0 0 0 0 0 0 0 0 0 0 0 0 0 0 0 0 0 0 0 0 0 0 0 0 0 0 0 0 0 0 0 0 0 0 0 0 0 0 0 0 0 0 0 0 0 0 0 0 0 0 0 0 0 0 0 0 0 0 0 0 0 0 0 0 0 0 0 0 0 0 0 0 0 0 0 0 0 0 0 0 0 0 0 0 0 0 0 0 0 0 0 0 0 0 0 0 0 0 0 0 0 0 0 0 0 0 0 0 0 0 0 0 0 0 0 0 0 0 0 0 0 0 0 0 0 0 0 0 0 0 0 0 0 0 0 0 0 0 0 0 0 0 0 0 0 0 0 0 0 0 0 0 0 0 0 0 0 0 0 0 0 0 0 0 0 0 0 0 0 0 0 0 0 0 0 0 0 0 0 0 0 0 0 0 0 0 0 0 0 0 0 0 0 0 0 0 0 0 0 0 0 0 0 0 0 0 0 0 0 0 0 0 0 0 0 0 0 0 0 0 0 0 0 0 0 0 0 0 0 0 0 0 0 0 0 0 0 0 0 0 0 0 0 0 0 0 0 0 0 0 0 0 0 0 0 0 0 0 0 0 0 0 0 0 0 0 0 0 0 0 0 0 0 0 0 0 0 0 0 0 0 0 0 0 0 0 0 0 0 0 0 0 0 0 0 0 0 0 0 0 0 0 0 0 0 0 0 0 0 0 0 0 0 0 0 0 0 0 0 0 0 0 0 0 0 0 0 0 0 0 0 0 0 0 0 0 0 0 0 0 0 0 0 0 0 0 0 0 0 0 0 0 0 0 0 0 0 0 0 0 0 0 0 0 0 0 0 0 0 0 0 0 0 0 0 0 0 0 0 0 0 0 0 0 0 0 0 0 0 0 0 0 0 0 0 0 0 0 0 0 0 0 0 0 0 0 0 0 0 0 0 0 0 0 0 0 0 0 0 0 0 0 0 0 0 0 0 0 0 0 0 0 0 0 0 0 0 0 0 0 0 0 0 0 0 0 0 0 0 0 0 0 0 0 0 0 0 0 0 0 0 0 0 0 0 0 0 0 0 0 0 0 0 0 0 0 0 0 0 0 0 0 0 0 0 0 0 0 0 0 0 0 0 0 0 0 0 0 0 0 0 0 0 0 0 0 0 0 0 0 0 0 0 0 0 0 0 0 0 0 0 0 0 0 0 0 0 0 0 0 0 0 0 0 0 0 0 0 0 0 0 0 0 0 0 0 0 0 0 0 0 0 0 0 0 0 0 0 0 0 0 0 0 0 0 0 0 0 0 0 0 0 0 0 0 0 0 0 0 0 0 0 0 0 0 0 0 0 0 0 0 0 0 0 0 0 0 0 0 0 0 0 0 0 0 0 0 0 0 0 0 0 0 0 0 0 0 0 0 0 0 0 0 0 0 0 0 0 0 0 0 0 0 0 0 0 0 0 0 0 0 0 0 0 0 0 0 0 0 0 0 0 0 0 0 0 0 0 0 0 0 0 0 0 0 0 0 0 0 0 0 0 0 0 0 0 0 0 0 0 0 0 0 0 0 0 0 0 0 0 0 0 0 0 0 0 0 0 0 0 0 0 0 0 0 0 0 0 0 0 0 0 0 0 0 0 0 0 0 0 0 0 0 0 0 0 0 0 0 0 0 0 0 0 0 0 0 0 0 0 0 0 0 0 0 0 0 0 0 0 0 0 0 0 0 0 0 0 0 0 0 0 0 0 0 0 0 0 0 0 0 0 0 0 0 0 0 0 0 0 0 0 0 0 0 0 0 0 0 0 0 0 0 0 0 0 0 0 0 0 0 0 0 0 0 0 0 0 0 0 0 0 0 0 0 0 0 0 0 0 0 0 0 0 0 0 0 0 0 0 0 0 0 0 0 0 0 0 0 0 0 0 0 0 0 0 0 0 0 0 0 0 0 0 0 0 0 0 0 0 0 0 0 0 0 0 0 0 0 0 0 0 0 0 0 0 0 0 0 0 0 0 0 0 0 0 0 0 0 0 0 0 0 0 0 0 0 0 0 0 0 0 0 0 0 0 0 0 0 0 0 0 0 0 0 0 0 0 0 0 0 0 0 0 0 0 0 0 0 0 0 0 0 0 0 0 0 0 0 0 0 0 0 0 0 0 0 0 0 0 0 0 0 0 0 0 0 0 0 0 0 0 0 0 0 0 0 0 0 0 0 0 0 0 0 0 0 0 0 0 0 0 0 0 0 0 0 0 0 0 0 0 0 0 0 0 0 0 0 0 0 0 0 0 0 0 0 0 0 0 0 0 0 0 0 0 0 0 0 0 0 0 0 0 0 0 0 0 0 0 0 0 0 0 0 0 0 0 0 0 0 0 0 0 0 0 0 0 0 0 0 0 0 0 0 0 0 0 0 0 0 0 0 0 0 0 0 0 0 0 0 0 0 0 0 0 0 0 0 0 0 0 0 0 0 0 0 0 0 0 0 0 0 0 0 0 0 0 0 0 0 0 0 0 0 0 0 0 0 0 0 0 0 0 0 0 0 0 0 0 0 0 0 0 0 0 0 0 0 0 0 0 0 0 0 0 0 0 0 0 0 0 0 0 0 0 0 0 0 0 0 0 0 0 0 0 0 0 0 0 0 0 0 0 0 0 0 0 0 0 0 0 0 0 0 0 0 0 0 0 0 0 0 0 0 0 0 0 0 0 0 0 0 0 0 0 0 0 0 0 0 0 0 0 0 0 0 0 0 0 0 0 0 0 0 0 0 0 0 0 0 0 0 0 0 0 0 0 0 0 0 0 0 0 0 0 0 0 0 0 0 0 0 0 0 0 0 0 0 0 0 0 0 0 0 0 0 0 0 0 0 0 0 0 0 0 0 0 0 0 0 0 0 0 0 0 0 0 0 0 0 0 0 0 0 0 0 0 0 0 0 0 0 0 0 0 0 0 0 0 0 0 0 0 0 0 0 0 0 0 0 0 0 0 0 0 0 0 0 0 0 0 0 0 0 0 0 0 0 0 0 0 0 0 0 0 0 0 0 0 0 0 0 0 0 0 0 0 0 0 0 0 0 0 0 0 0 0 0 0 0 0 0 0 0 0 0 0 0 0 0 0 0 0 0 0 0 0 0 0 0 0 0 0 0 0 0 0 0 0 0 0 0 0 0 0 0 0 0 0 0 0 0 0 0 0 0 0 0 0 0 0 0 0 0 0 0 0 0 0 0 0 0 0 0 0 0 0 0 0 0 0 0 0 0 0 0 0 0 0 0 0 0 0 0 0 0 0 0 0 0 0 0 0 0 0 0 0 0 0 0 0 0 0 0 0 0 0 0 0 0 0 0 0 0 0 0 0 0 0 0 0 0 0 0 0 0 0 0 0 0 0 0 0 0 0 0 0 0 0 0 0 0 0 0 0 0 0 0 0 0 0 0 0 0 0 0 0 0 0 0 0 0 0 0 0 0 0 0 0 0 0 0 0 0 0 0 0 0 0 0 0 0 0 0 0 0 0 0 0 0 0 0 0 0 0 0 0 0 0 0 0 0 0 0 0 0 0 0 0 0 0 0 0 0 0 0 0 0 0 0 0 0 0 0 0 0 0 0 0 0 0 0 0 0 0 0 0 0 0 0 0 0 0 0 0 0 0 0 0 0 0 0 0 0 0 0 0 0 0 0 0 0 0 0 0 0 0 0 0 0 0 0 0 0 0 0 0 0 0 0 0 0 0 0 0 0 0 0 0 0 0 0 0 0 0 0 0 0 0 0 0 0 0 0 0 0 0 0 0 0 0 0 0 0 0 0 0 0 0 0 0 0 0 0 0 0 0 0 0 0 0 0 0 0 0 0 0 0 0 0 0 0 0 0 0 0 0 0 0 0 0 0 0 0 0 0 0 0 0 0 0 0 0 0 0 0 0 0 0 0 0 0 0 0 0 0 0 0 0 0 0 0 0 0 0 0 0 0 0 0 0 0 0 0 0 0 0 0 0 0 0 0 0 0 0 0 0 0 0 0 0 0 0 0 0 0 0 0 0 0 0 0 0 0 0 0 0 0 0 0 0 0 0 0 0 0 0 0 0 0 0 0 0 0 0 0 0 0 0 0 0 0
ctxt 8707513
btime 1613123985
processes 187001
procs_running 1
procs_blocked 0
softirq 82379703 1 47591056 1251 1546136 0 0 147 2522401 0 30718711
