cpu  24766262 8 48507 4185453 179 0 4376 0 0 0
cpu0 385733 0 2124 65011 0 0 270 0 0 0
cpu1 386980 0 676 65471 9 0 96 0 0 0
cpu2 386288 0 1424 65391 1 0 110 0 0 0
cpu3 386367 0 1101 65583 4 0 155 0 0 0
cpu4 387000 0 1350 64681 8 0 102 0 0 0
cpu5 387297 0 320 65570 4 0 21 0 0 0
cpu6 386499 0 1059 65505 1 0 143 0 0 0
cpu7 386806 0 827 65468 2 0 110 0 0 0
cpu8 386356 0 1303 65487 0 0 60 0 0 0
cpu9 387351 0 309 65517 3 0 35 0 0 0
cpu10 386667 0 1024 65424 3 0 82 0 0 0
cpu11 387411 0 238 65548 2 0 10 0 0 0
cpu12 386235 0 1430 65473 1 0 71 0 0 0
cpu13 387346 0 380 65431 1 0 41 0 0 0
cpu14 386420 0 1306 65398 0 0 88 0 0 0
cpu15 387208 0 597 65301 2 0 90 0 0 0
cpu16 385446 0 2047 65516 0 0 194 0 0 0
cpu17 387124 0 496 65376 1 0 194 0 0 0
cpu18 385872 0 1816 65357 0 0 166 0 0 0
cpu19 387267 0 416 65467 1 0 51 0 0 0
cpu20 386452 0 1164 65386 48 0 112 0 0 0
cpu21 387372 0 313 65498 11 0 16 0 0 0
cpu22 386462 0 1108 65520 1 0 116 0 0 0
cpu23 387317 0 311 65549 8 0 25 0 0 0
cpu24 386936 0 838 65390 1 0 35 0 0 0
cpu25 387363 0 246 65593 1 0 10 0 0 0
cpu26 386366 0 1217 65466 0 0 146 0 0 0
cpu27 387196 0 409 65557 1 0 47 0 0 0
cpu28 386541 0 1058 65527 0 0 79 0 0 0
cpu29 387379 0 238 65572 2 0 16 0 0 0
cpu30 386260 0 1229 65505 0 0 204 0 0 0
cpu31 387237 0 353 65583 1 0 28 0 0 0
cpu32 386982 0 977 65195 1 0 39 0 0 0
cpu33 387120 0 466 65587 1 0 28 0 0 0
cpu34 386624 2 1004 65538 0 0 30 0 0 0
cpu35 387193 0 390 65591 0 0 29 0 0 0
cpu36 387583 0 704 64868 0 0 37 0 0 0
cpu37 387265 0 337 65579 5 0 16 0 0 0
cpu38 389144 0 678 63332 1 0 36 0 0 0
cpu39 386832 0 730 65553 1 0 86 0 0 0
cpu40 387830 0 778 64549 5 0 27 0 0 0
cpu41 387429 0 281 65459 1 0 18 0 0 0
cpu42 386520 0 1121 65405 0 0 154 0 0 0
cpu43 387488 0 182 65521 0 0 10 0 0 0
cpu44 386925 0 1019 65234 0 0 23 0 0 0
cpu45 387421 0 286 65468 0 0 22 0 0 0
cpu46 386339 0 1595 65106 0 0 149 0 0 0
cpu47 387543 0 274 65354 2 0 18 0 0 0
cpu48 386320 0 1454 65322 0 0 100 0 0 0
cpu49 387354 0 463 65356 2 0 19 0 0 0
cpu50 386568 0 998 65549 0 0 79 0 0 0
cpu51 387459 0 255 65472 2 0 11 0 0 0
cpu52 387194 0 427 65536 0 0 41 0 0 0
cpu53 387408 0 264 65507 3 0 16 0 0 0
cpu54 387008 0 582 65550 1 0 49 0 0 0
cpu55 387282 0 339 65552 0 0 22 0 0 0
cpu56 387102 0 666 65409 0 0 14 0 0 0
cpu57 387438 0 186 65559 0 0 8 0 0 0
cpu58 387155 0 492 65510 0 0 35 0 0 0
cpu59 387055 1 487 65569 1 0 83 0 0 0
cpu60 387057 0 642 65453 0 0 22 0 0 0
cpu61 387413 0 198 65561 1 0 17 0 0 0
cpu62 386238 0 1195 65564 0 0 187 0 0 0
cpu63 387397 0 286 65492 7 0 6 0 0 0
intr 68597377 83 0 0 0 639 0 0 0 1 0 282 0 0 0 0 0 0 0 0 0 0 0 0 0 0 0 0 0 0 0 0 0 0 0 0 0 0 0 1173 10626 1468 12799 304 7090 1253 8414 742 8711 617 1394 525 4732 251 3690 1213 54469 184 3932 7505 2072 1079 6916 1150 1177 489 3328 1866 607 789 3235 1430 9457 170 8833 118 7000 247 7882 287 2734 493 1188 845 1495 12 2176 669 8411 765 3136 2885 1865 3475 4656 1096 822 527 2749 773 1591 835 1989 0 0 0 0 0 0 0 0 0 0 0 0 0 0 0 0 0 31468 93 0 0 0 0 0 0 0 0 0 0 0 0 0 0 0 0 0 0 0 0 0 0 0 0 0 0 0 0 0 0 0 0 0 0 0 0 0 0 0 0 0 0 0 0 0 0 0 0 0 0 0 0 0 0 0 0 0 0 0 0 0 0 0 0 0 0 0 0 0 0 0 0 0 0 0 15 0 0 0 0 0 0 0 0 0 0 0 0 0 0 0 0 0 0 0 0 0 0 0 0 0 0 0 0 0 0 0 0 0 0 0 0 0 0 0 0 0 0 0 0 0 0 0 0 0 0 0 0 0 0 0 0 0 0 0 0 0 0 0 0 0 0 0 0 0 0 0 0 0 0 0 0 0 0 0 0 0 0 0 0 0 0 0 0 0 0 0 0 0 0 0 0 0 0 0 0 0 0 0 0 0 0 0 0 0 0 0 0 0 0 0 0 0 0 0 0 0 0 0 0 0 0 0 0 0 0 0 0 0 0 0 0 0 0 0 0 0 0 0 0 0 0 0 0 0 0 0 0 0 0 0 0 0 0 0 0 0 0 0 0 0 0 0 0 0 0 0 0 0 0 0 0 0 0 0 0 0 0 0 0 0 0 0 0 0 0 0 0 0 0 0 0 0 0 0 0 0 0 0 0 0 0 0 0 0 0 0 0 0 0 0 0 0 0 0 0 0 0 0 0 0 0 0 0 0 0 0 0 0 0 0 0 0 0 0 0 0 0 0 0 0 0 0 0 0 0 0 0 0 0 0 0 0 0 0 0 0 0 0 0 0 0 0 0 0 0 0 0 0 0 0 0 0 0 0 0 0 0 0 0 0 0 0 0 0 0 0 0 0 0 0 0 0 0 0 0 0 0 0 0 0 0 0 0 0 0 0 0 0 0 0 0 0 0 0 0 0 0 0 0 0 0 0 0 0 0 0 0 0 0 0 0 0 0 0 0 0 0 0 0 0 0 0 0 0 0 0 0 0 0 0 0 0 0 0 0 0 0 0 0 0 0 0 0 0 0 0 0 0 0 0 0 0 0 0 0 0 0 0 0 0 0 0 0 0 0 0 0 0 0 0 0 0 0 0 0 0 0 0 0 0 0 0 0 0 0 0 0 0 0 0 0 0 0 0 0 0 0 0 0 0 0 0 0 0 0 0 0 0 0 0 0 0 0 0 0 0 0 0 0 0 0 0 0 0 0 0 0 0 0 0 0 0 0 0 0 0 0 0 0 0 0 0 0 0 0 0 0 0 0 0 0 0 0 0 0 0 0 0 0 0 0 0 0 0 0 0 0 0 0 0 0 0 0 0 0 0 0 0 0 0 0 0 0 0 0 0 0 0 0 0 0 0 0 0 0 0 0 0 0 0 0 0 0 0 0 0 0 0 0 0 0 0 0 0 0 0 0 0 0 0 0 0 0 0 0 0 0 0 0 0 0 0 0 0 0 0 0 0 0 0 0 0 0 0 0 0 0 0 0 0 0 0 0 0 0 0 0 0 0 0 0 0 0 0 0 0 0 0 0 0 0 0 0 0 0 0 0 0 0 0 0 0 0 0 0 0 0 0 0 0 0 0 0 0 0 0 0 0 0 0 0 0 0 0 0 0 0 0 0 0 0 0 0 0 0 0 0 0 0 0 0 0 0 0 0 0 0 0 0 0 0 0 0 0 0 0 0 0 0 0 0 0 0 0 0 0 0 0 0 0 0 0 0 0 0 0 0 0 0 0 0 0 0 0 0 0 0 0 0 0 0 0 0 0 0 0 0 0 0 0 0 0 0 0 0 0 0 0 0 0 0 0 0 0 0 0 0 0 0 0 0 0 0 0 0 0 0 0 0 0 0 0 0 0 0 0 0 0 0 0 0 0 0 0 0 0 0 0 0 0 0 0 0 0 0 0 0 0 0 0 0 0 0 0 0 0 0 0 0 0 0 0 0 0 0 0 0 0 0 0 0 0 0 0 0 0 0 0 0 0 0 0 0 0 0 0 0 0 0 0 0 0 0 0 0 0 0 0 0 0 0 0 0 0 0 0 0 0 0 0 0 0 0 0 0 0 0 0 0 0 0 0 0 0 0 0 0 0 0 0 0 0 0 0 0 0 0 0 0 0 0 0 0 0 0 0 0 0 0 0 0 0 0 0 0 0 0 0 0 0 0 0 0 0 0 0 0 0 0 0 0 0 0 0 0 0 0 0 0 0 0 0 0 0 0 0 0 0 0 0 0 0 0 0 0 0 0 0 0 0 0 0 0 0 0 0 0 0 0 0 0 0 0 0 0 0 0 0 0 0 0 0 0 0 0 0 0 0 0 0 0 0 0 0 0 0 0 0 0 0 0 0 0 0 0 0 0 0 0 0 0 0 0 0 0 0 0 0 0 0 0 0 0 0 0 0 0 0 0 0 0 0 0 0 0 0 0 0 0 0 0 0 0 0 0 0 0 0 0 0 0 0 0 0 0 0 0 0 0 0 0 0 0 0 0 0 0 0 0 0 0 0 0 0 0 0 0 0 0 0 0 0 0 0 0 0 0 0 0 0 0 0 0 0 0 0 0 0 0 0 0 0 0 0 0 0 0 0 0 0 0 0 0 0 0 0 0 0 0 0 0 0 0 0 0 0 0 0 0 0 0 0 0 0 0 0 0 0 0 0 0 0 0 0 0 0 0 0 0 0 0 0 0 0 0 0 0 0 0 0 0 0 0 0 0 0 0 0 0 0 0 0 0 0 0 0 0 0 0 0 0 0 0 0 0 0 0 0 0 0 0 0 0 0 0 0 0 0 0 0 0 0 0 0 0 0 0 0 0 0 0 0 0 0 0 0 0 0 0 0 0 0 0 0 0 0 0 0 0 0 0 0 0 0 0 0 0 0 0 0 0 0 0 0 0 0 0 0 0 0 0 0 0 0 0 0 0 0 0 0 0 0 0 0 0 0 0 0 0 0 0 0 0 0 0 0 0 0 0 0 0 0 0 0 0 0 0 0 0 0 0 0 0 0 0 0 0 0 0 0 0 0 0 0 0 0 0 0 0 0 0 0 0 0 0 0 0 0 0 0 0 0 0 0 0 0 0 0 0 0 0 0 0 0 0 0 0 0 0 0 0 0 0 0 0 0 0 0 0 0 0 0 0 0 0 0 0 0 0 0 0 0 0 0 0 0 0 0 0 0 0 0 0 0 0 0 0 0 0 0 0 0 0 0 0 0 0 0 0 0 0 0 0 0 0 0 0 0 0 0 0 0 0 0 0 0 0 0 0 0 0 0 0 0 0 0 0 0 0 0 0 0 0 0 0 0 0 0 0 0 0 0 0 0 0 0 0 0 0 0 0 0 0 0 0 0 0 0 0 0 0 0 0 0 0 0 0 0 0 0 0 0 0 0 0 0 0 0 0 0 0 0 0 0 0 0 0 0 0 0 0 0 0 0 0 0 0 0 0 0 0 0 0 0 0 0 0 0 0 0 0 0 0 0 0 0 0 0 0 0 0 0 0 0 0 0 0 0 0 0 0 0 0 0 0 0 0 0 0 0 0 0 0 0 0 0 0 0 0 0 0 0 0 0 0 0 0 0 0 0 0 0 0 0 0 0 0 0 0 0 0 0 0 0 0 0 0 0 0 0 0 0 0 0 0 0 0 0 0 0 0 0 0 0 0 0 0 0 0 0 0 0 0 0 0 0 0 0 0 0 0 0 0 0 0 0 0 0 0 0 0 0 0 0 0 0 0 0 0 0 0 0 0 0 0 0 0 0 0 0 0 0 0 0 0 0 0 0 0 0 0 0 0 0 0 0 0 0 0 0 0 0 0 0 0 0 0 0 0 0 0 0 0 0 0 0 0 0 0 0 0 0 0 0 0 0 0 0 0 0 0 0 0 0 0 0 0 0 0 0 0 0 0 0 0 0 0 0 0 0 0 0 0 0 0 0 0 0 0 0 0 0 0 0 0 0 0 0 0 0 0 0 0 0 0 0 0 0 0 0 0 0 0 0 0 0 0 0 0 0 0 0 0 0 0 0 0 0 0 0 0 0 0 0 0 0 0 0 0 0 0 0 0 0 0 0 0 0 0 0 0 0 0 0 0 0 0 0 0 0 0 0 0 0 0 0 0 0 0 0 0 0 0 0 0 0 0 0 0 0 0 0 0 0 0 0 0 0 0 0 0 0 0 0 0 0 0 0 0 0 0 0 0 0 0 0 0 0 0 0 0 0 0 0 0 0 0 0 0 0 0 0 0 0 0 0 0 0 0 0 0 0 0 0 0 0 0 0 0 0 0 0 0 0 0 0 0 0 0 0 0 0 0 0 0 0 0 0 0 0 0 0 0 0 0 0 0 0 0 0 0 0 0 0 0 0 0 0 0 0 0 0 0 0 0 0 0 0 0 0 0 0 0 0 0 0 0 0 0 0 0 0 0 0 0 0 0 0 0 0 0 0 0 0 0 0 0 0 0 0 0 0 0 0 0 0 0 0 0 0 0 0 0 0 0 0 0 0 0 0 0 0 0 0 0 0 0 0 0 0 0 0 0 0 0 0 0 0 0 0 0 0 0 0 0 0 0 0 0 0 0 0 0 0 0 0 0 0 0 0 0 0 0 0 0 0 0 0 0 0 0 0 0 0 0 0 0 0 0 0 0 0 0 0 0 0 0 0 0 0 0 0 0 0 0 0 0 0 0 0 0 0 0 0 0 0 0 0 0 0 0 0 0 0 0 0 0 0 0 0 0 0 0 0 0 0 0 0 0 0 0 0 0 0 0 0 0 0 0 0 0 0 0 0 0 0 0 0 0 0 0 0 0 0 0 0 0 0 0 0 0 0 0 0 0 0 0 0 0 0 0 0 0 0 0 0 0 0 0 0 0 0 0 0 0 0 0 0 0 0 0 0 0 0 0 0 0 0 0 0 0 0 0 0
ctxt 7865069
btime 1613123985
processes 166298
procs_running 1
procs_blocked 0
softirq 77008963 1 44542715 1181 1373683 0 0 146 2364109 0 28727128
