cpu  16503651 3 22861 6973366 458 0 2355 0 0 0
cpu0 457959 0 949 193594 1 0 450 0 0 0
cpu1 458470 0 798 193489 22 0 74 0 0 0
cpu2 458188 0 836 193738 17 0 105 0 0 0
cpu3 458368 0 636 193831 5 0 29 0 0 0
cpu4 458157 0 823 193848 3 0 30 0 0 0
cpu5 458386 0 506 193923 2 0 40 0 0 0
cpu6 458229 0 607 193972 6 0 39 0 0 0
cpu7 458287 0 739 193745 1 0 72 0 0 0
cpu8 458454 0 506 193868 1 0 24 0 0 0
cpu9 458683 0 612 193542 1 0 21 0 0 0
cpu10 458023 0 897 193853 6 0 66 0 0 0
cpu11 458205 0 625 193982 1 0 32 0 0 0
cpu12 458111 0 800 193858 38 0 30 0 0 0
cpu13 459000 0 570 193249 4 0 30 0 0 0
cpu14 458394 0 597 193770 88 0 12 0 0 0
cpu15 456784 0 1533 193790 49 0 690 0 0 0
cpu16 458448 0 685 193694 2 0 14 0 0 0
cpu17 458082 0 850 193870 2 0 39 0 0 0
cpu18 458498 0 418 193882 4 0 19 0 0 0
cpu19 458616 0 609 193531 15 0 47 0 0 0
cpu20 458294 0 679 193791 5 0 83 0 0 0
cpu21 458616 0 340 193893 1 0 6 0 0 0
cpu22 458477 0 428 193903 23 0 13 0 0 0
cpu23 457958 0 762 194009 0 0 125 0 0 0
cpu24 458449 0 445 193922 7 0 30 0 0 0
cpu25 458466 0 432 193904 13 0 30 0 0 0
cpu26 458660 0 302 193882 2 0 2 0 0 0
cpu27 458891 0 478 193455 16 0 2 0 0 0
cpu28 459262 0 880 192620 2 0 90 0 0 0
cpu29 458917 0 406 193500 1 0 6 0 0 0
cpu30 459764 0 620 192363 77 0 18 0 0 0
cpu31 458746 0 478 193595 1 0 18 0 0 0
cpu32 458492 0 406 193939 1 0 7 0 0 0
cpu33 458483 1 492 193825 6 0 28 0 0 0
cpu34 458427 0 525 193865 13 0 8 0 0 0
cpu35 458392 0 579 193856 2 0 14 0 0 0
intr 45821317 56 0 0 0 610 0 0 0 1 0 250 0 0 0 0 0 0 0 0 0 0 0 0 0 0 0 0 0 0 0 0 94 402 395 749 2629 373 620 1095 167 130 167 460 80 4694 468 3890 2308 508 435 245 387 400 176 1340 31 0 0 0 0 329 534 192 840 154 45 10207 147 67 724 492 204 0 0 17 10836 2 0 16704 733 3890 418 2293 3073 621 4340 1446 4519 5022 2867 5676 401 1118 149978 1487 4161 5829 1452 357 1026 685 515 477 1303 508 402 3633 1732 6534 3955 1173 3296 1252 1456 0 16 7767 1 0 0 0 0 0 0 0 0 0 0 0 0 0 0 0 0 0 0 0 0 0 0 0 0 0 0 0 0 0 0 0 0 0 0 0 0 0 25 0 0 0 0 0 0 0 0 0 0 0 0 0 0 0 0 0 0 0 0 0 0 0 0 0 0 0 0 0 0 0 0 0 0 0 0 0 0 0 0 0 0 0 0 0 0 0 0 0 0 0 0 0 0 0 0 0 0 0 0 0 0 0 0 0 0 0 0 0 0 0 0 0 0 0 0 0 0 0 0 0 0 0 0 0 0 0 0 0 0 0 0 0 0 0 0 0 0 0 0 0 0 0 0 0 0 0 0 0 0 0 0 0 0 0 0 0 0 0 0 0 0 0 0 0 0 0 0 0 0 0 0 0 0 0 0 0 0 0 0 0 0 0 0 0 0 0 0 0 0 0 0 0 0 0 0 0 0 0 0 0 0 0 0 0 0 0 0 0 0 0 0 0 0 0 0 0 0 0 0 0 0 0 0 0 0 0 0 0 0 0 0 0 0 0 0 0 0 0 0 0 0 0 0 0 0 0 0 0 0 0 0 0 0 0 0 0 0 0 0 0 0 0 0 0 0 0 0 0 0 0 0 0 0 0 0 0 0 0 0 0 0 0 0 0 0 0 0 0 0 0 0 0 0 0 0 0 0 0 0 0 0 0 0 0 0 0 0 0 0 0 0 0 0 0 0 0 0 0 0 0 0 0 0 0 0 0 0 0 0 0 0 0 0 0 0 0 0 0 0 0 0 0 0 0 0 0 0 0 0 0 0 0 0 0 0 0 0 0 0 0 0 0 0 0 0 0 0 0 0 0 0 0 0 0 0 0 0 0 0 0 0 0 0 0 0 0 0 0 0 0 0 0 0 0 0 0 0 0 0 0 0 0 0 0 0 0 0 0 0 0 0 0 0 0 0 0 0 0 0 0 0 0 0 0 0 0 0 0 0 0 0 0 0 0 0 0 0 0 0 0 0 0 0 0 0 0 0 0 0 0 0 0 0 0 0 0 0 0 0 0 0 0 0 0 0 0 0 0 0 0 0 0 0 0 0 0 0 0 0 0 0 0 0 0 0 0 0 0 0 0 0 0 0 0 0 0 0 0 0 0 0 0 0 0 0 0 0 0 0 0 0 0 0 0 0 0 0 0 0 0 0 0 0 0 0 0 0 0 0 0 0 0 0 0 0 0 0 0 0 0 0 0 0 0 0 0 0 0 0 0 0 0 0 0 0 0 0 0 0 0 0 0 0 0 0 0 0 0 0 0 0 0 0 0 0 0 0 0 0 0 0 0 0 0 0 0 0 0 0 0 0 0 0 0 0 0 0 0 0 0 0 0 0 0 0 0 0 0 0 0 0 0 0 0 0 0 0 0 0 0 0 0 0 0 0 0 0 0 0 0 0 0 0 0 0 0 0 0 0 0 0 0 0 0 0 0 0 0 0 0 0 0 0 0 0 0 0 0 0 0 0 0 0 0 0 0 0 0 0 0 0 0 0 0 0 0 0 0 0 0 0 0 0 0 0 0 0 0 0 0 0 0 0 0 0 0 0 0 0 0 0 0 0 0 0 0 0 0 0 0 0 0 0 0 0 0 0 0 0 0 0 0 0 0 0 0 0 0 0 0 0 0 0 0 0 0 0 0 0 0 0 0 0 0 0 0 0 0 0 0 0 0 0 0 0 0 0 0 0 0 0 0 0 0 0 0 0 0 0 0 0 0 0 0 0 0 0 0 0 0 0 0 0 0 0 0 0 0 0 0 0 0 0 0 0 0 0 0 0 0 0 0 0 0 0 0 0 0 0 0 0 0 0 0 0 0 0 0 0 0 0 0 0 0 0 0 0 0 0 0 0 0 0 0 0 0 0 0 0 0 0 0 0 0 0 0 0 0 0 0 0 0 0 0 0 0 0 0 0 0 0 0 0 0 0 0 0 0 0 0 0 0 0 0 0 0 0 0 0 0 0 0 0 0 0 0 0 0 0 0 0 0 0 0 0 0 0 0 0 0 0 0 0 0 0 0 0 0 0 0 0 0 0 0 0 0 0 0 0 0 0 0 0 0 0 0 0 0 0 0 0 0 0 0 0 0 0 0 0 0 0 0 0 0 0 0 0 0 0 0 0 0 0 0 0 0 0 0 0 0 0 0 0 0 0 0 0 0 0 0 0 0 0 0 0 0 0 0 0 0 0 0 0 0 0 0 0 0 0 0 0 0 0 0 0 0 0 0 0 0 0 0 0 0 0 0 0 0 0 0 0 0 0 0 0 0 0 0 0 0 0 0 0 0 0 0 0 0 0 0 0 0 0 0 0 0 0 0 0 0 0 0 0 0 0 0 0 0 0 0 0 0 0 0 0 0 0 0 0 0 0 0 0 0 0 0 0 0 0 0 0 0 0 0 0 0 0 0 0 0 0 0 0 0 0 0 0 0 0 0 0 0 0 0 0 0 0 0 0 0 0 0 0 0 0 0 0 0 0 0 0 0 0 0 0 0 0 0 0 0 0 0 0 0 0 0 0 0 0 0 0 0 0 0 0 0 0 0 0
ctxt 12690221
btime 1613124388
processes 321674
procs_running 1
procs_blocked 0
softirq 58841750 1 33567008 713 2424749 0 0 242161 1597921 0 21009197
