cpu  1602785 7 5245 2417471 149 0 314 0 0 0
cpu0 25032 0 255 37412 1 0 131 0 0 0
cpu1 24994 0 91 37809 10 0 52 0 0 0
cpu2 25001 1 95 37819 0 0 0 0 0 0
cpu3 25016 0 58 37845 0 0 0 0 0 0
cpu4 24986 0 105 37814 0 0 3 0 0 0
cpu5 24980 0 56 37879 0 0 5 0 0 0
cpu6 25529 0 340 36988 4 0 2 0 0 0
cpu7 24976 0 64 37875 2 0 5 0 0 0
cpu8 24995 0 80 37840 0 0 1 0 0 0
cpu9 25010 0 30 37873 6 0 0 0 0 0
cpu10 25030 0 157 37722 2 0 0 0 0 0
cpu11 25009 0 30 37879 0 0 0 0 0 0
cpu12 25137 0 140 37624 1 0 2 0 0 0
cpu13 25013 0 34 37868 0 0 25 0 0 0
cpu14 25077 2 74 37758 1 0 0 0 0 0
cpu15 25011 0 32 37875 0 0 0 0 0 0
cpu16 25071 0 114 37705 0 0 0 0 0 0
cpu17 25010 0 34 37871 0 0 0 0 0 0
cpu18 25102 1 102 37695 0 0 0 0 0 0
cpu19 24917 0 129 37849 1 0 1 0 0 0
cpu20 25153 0 110 37624 0 0 0 0 0 0
cpu21 25010 0 38 37868 0 0 0 0 0 0
cpu22 25050 0 106 37751 1 0 0 0 0 0
cpu23 25009 0 32 37874 0 0 0 0 0 0
cpu24 25148 0 160 37524 42 0 0 0 0 0
cpu25 25010 0 32 37871 0 0 0 0 0 0
cpu26 25149 0 140 37619 1 0 1 0 0 0
cpu27 25011 0 32 37868 0 0 0 0 0 0
cpu28 25093 0 104 37704 1 0 0 0 0 0
cpu29 25010 0 33 37869 0 0 0 0 0 0
cpu30 25051 0 86 37769 0 0 1 0 0 0
cpu31 25008 0 34 37869 0 0 0 0 0 0
cpu32 25117 0 79 37682 5 0 14 0 0 0
cpu33 24942 0 93 37867 1 0 6 0 0 0
cpu34 25022 0 56 37826 0 0 0 0 0 0
cpu35 25010 0 29 37865 3 0 0 0 0 0
cpu36 24984 0 82 37840 0 0 0 0 0 0
cpu37 25011 0 32 37867 0 0 0 0 0 0
cpu38 25005 0 57 37842 0 0 0 0 0 0
cpu39 24800 0 211 37854 0 0 42 0 0 0
cpu40 25018 0 78 37806 0 0 0 0 0 0
cpu41 25011 0 32 37864 1 0 0 0 0 0
cpu42 24985 0 97 37816 3 0 4 0 0 0
cpu43 25011 0 36 37857 0 0 0 0 0 0
cpu44 25300 0 69 37536 0 0 0 0 0 0
cpu45 25011 0 31 37857 0 0 0 0 0 0
cpu46 25126 0 110 37629 27 0 0 0 0 0
cpu47 25014 0 32 37858 0 0 0 0 0 0
cpu48 25011 0 67 37807 0 0 0 0 0 0
cpu49 25010 0 28 37861 0 0 0 0 0 0
cpu50 25164 0 120 37616 0 0 0 0 0 0
cpu51 24949 0 91 37863 0 0 0 0 0 0
cpu52 25109 0 96 37679 0 0 4 0 0 0
cpu53 25007 0 32 37859 2 0 0 0 0 0
cpu54 25064 0 100 37731 0 0 0 0 0 0
cpu55 25011 0 29 37852 1 0 0 0 0 0
cpu56 25169 0 146 37581 0 0 0 0 0 0
cpu57 25012 0 34 37851 2 0 0 0 0 0
cpu58 25139 0 116 37638 0 0 0 0 0 0
cpu59 25009 0 32 37857 0 0 0 0 0 0
cpu60 25069 0 112 37716 1 0 0 0 0 0
cpu61 25011 0 46 37843 0 0 0 0 0 0
cpu62 25050 0 76 37767 0 0 2 0 0 0
cpu63 25011 0 42 37843 0 0 0 0 0 0
intr 5092503 82 0 0 0 626 0 0 0 1 0 284 0 0 0 0 0 0 0 0 0 0 0 0 0 0 0 0 0 0 0 0 0 0 0 0 0 0 0 67 2689 2 3 0 6100 5 2448 7 0 18 0 49 0 2 0 35 0 47 1327 233 0 486 10 266 0 0 0 5 0 3 5 15633 4790 2 0 0 0 0 0 4 1 1483 0 15 0 41 63 1 0 64 28 6892 0 3 0 0 0 0 0 19 2 11 0 0 0 0 0 0 0 0 0 0 0 0 0 0 0 0 0 0 94 29841 0 0 0 0 0 0 0 0 0 0 0 0 0 0 0 0 0 0 0 0 0 0 0 0 0 0 0 0 0 0 0 0 0 0 0 0 0 0 0 0 0 0 0 0 0 0 0 0 0 0 0 0 0 0 0 0 0 0 0 0 0 0 0 0 0 0 0 0 0 0 0 0 0 0 0 22 0 0 0 0 0 0 0 0 0 0 0 0 0 0 0 0 0 0 0 0 0 0 0 0 0 0 0 0 0 0 0 0 0 0 0 0 0 0 0 0 0 0 0 0 0 0 0 0 0 0 0 0 0 0 0 0 0 0 0 0 0 0 0 0 0 0 0 0 0 0 0 0 0 0 0 0 0 0 0 0 0 0 0 0 0 0 0 0 0 0 0 0 0 0 0 0 0 0 0 0 0 0 0 0 0 0 0 0 0 0 0 0 0 0 0 0 0 0 0 0 0 0 0 0 0 0 0 0 0 0 0 0 0 0 0 0 0 0 0 0 0 0 0 0 0 0 0 0 0 0 0 0 0 0 0 0 0 0 0 0 0 0 0 0 0 0 0 0 0 0 0 0 0 0 0 0 0 0 0 0 0 0 0 0 0 0 0 0 0 0 0 0 0 0 0 0 0 0 0 0 0 0 0 0 0 0 0 0 0 0 0 0 0 0 0 0 0 0 0 0 0 0 0 0 0 0 0 0 0 0 0 0 0 0 0 0 0 0 0 0 0 0 0 0 0 0 0 0 0 0 0 0 0 0 0 0 0 0 0 0 0 0 0 0 0 0 0 0 0 0 0 0 0 0 0 0 0 0 0 0 0 0 0 0 0 0 0 0 0 0 0 0 0 0 0 0 0 0 0 0 0 0 0 0 0 0 0 0 0 0 0 0 0 0 0 0 0 0 0 0 0 0 0 0 0 0 0 0 0 0 0 0 0 0 0 0 0 0 0 0 0 0 0 0 0 0 0 0 0 0 0 0 0 0 0 0 0 0 0 0 0 0 0 0 0 0 0 0 0 0 0 0 0 0 0 0 0 0 0 0 0 0 0 0 0 0 0 0 0 0 0 0 0 0 0 0 0 0 0 0 0 0 0 0 0 0 0 0 0 0 0 0 0 0 0 0 0 0 0 0 0 0 0 0 0 0 0 0 0 0 0 0 0 0 0 0 0 0 0 0 0 0 0 0 0 0 0 0 0 0 0 0 0 0 0 0 0 0 0 0 0 0 0 0 0 0 0 0 0 0 0 0 0 0 0 0 0 0 0 0 0 0 0 0 0 0 0 0 0 0 0 0 0 0 0 0 0 0 0 0 0 0 0 0 0 0 0 0 0 0 0 0 0 0 0 0 0 0 0 0 0 0 0 0 0 0 0 0 0 0 0 0 0 0 0 0 0 0 0 0 0 0 0 0 0 0 0 0 0 0 0 0 0 0 0 0 0 0 0 0 0 0 0 0 0 0 0 0 0 0 0 0 0 0 0 0 0 0 0 0 0 0 0 0 0 0 0 0 0 0 0 0 0 0 0 0 0 0 0 0 0 0 0 0 0 0 0 0 0 0 0 0 0 0 0 0 0 0 0 0 0 0 0 0 0 0 0 0 0 0 0 0 0 0 0 0 0 0 0 0 0 0 0 0 0 0 0 0 0 0 0 0 0 0 0 0 0 0 0 0 0 0 0 0 0 0 0 0 0 0 0 0 0 0 0 0 0 0 0 0 0 0 0 0 0 0 0 0 0 0 0 0 0 0 0 0 0 0 0 0 0 0 0 0 0 0 0 0 0 0 0 0 0 0 0 0 0 0 0 0 0 0 0 0 0 0 0 0 0 0 0 0 0 0 0 0 0 0 0 0 0 0 0 0 0 0 0 0 0 0 0 0 0 0 0 0 0 0 0 0 0 0 0 0 0 0 0 0 0 0 0 0 0 0 0 0 0 0 0 0 0 0 0 0 0 0 0 0 0 0 0 0 0 0 0 0 0 0 0 0 0 0 0 0 0 0 0 0 0 0 0 0 0 0 0 0 0 0 0 0 0 0 0 0 0 0 0 0 0 0 0 0 0 0 0 0 0 0 0 0 0 0 0 0 0 0 0 0 0 0 0 0 0 0 0 0 0 0 0 0 0 0 0 0 0 0 0 0 0 0 0 0 0 0 0 0 0 0 0 0 0 0 0 0 0 0 0 0 0 0 0 0 0 0 0 0 0 0 0 0 0 0 0 0 0 0 0 0 0 0 0 0 0 0 0 0 0 0 0 0 0 0 0 0 0 0 0 0 0 0 0 0 0 0 0 0 0 0 0 0 0 0 0 0 0 0 0 0 0 0 0 0 0 0 0 0 0 0 0 0 0 0 0 0 0 0 0 0 0 0 0 0 0 0 0 0 0 0 0 0 0 0 0 0 0 0 0 0 0 0 0 0 0 0 0 0 0 0 0 0 0 0 0 0 0 0 0 0 0 0 0 0 0 0 0 0 0 0 0 0 0 0 0 0 0 0 0 0 0 0 0 0 0 0 0 0 0 0 0 0 0 0 0 0 0 0 0 0 0 0 0 0 0 0 0 0 0 0 0 0 0 0 0 0 0 0 0 0 0 0 0 0 0 0 0 0 0 0 0 0 0 0 0 0 0 0 0 0 0 0 0 0 0 0 0 0 0 0 0 0 0 0 0 0 0 0 0 0 0 0 0 0 0 0 0 0 0 0 0 0 0 0 0 0 0 0 0 0 0 0 0 0 0 0 0 0 0 0 0 0 0 0 0 0 0 0 0 0 0 0 0 0 0 0 0 0 0 0 0 0 0 0 0 0 0 0 0 0 0 0 0 0 0 0 0 0 0 0 0 0 0 0 0 0 0 0 0 0 0 0 0 0 0 0 0 0 0 0 0 0 0 0 0 0 0 0 0 0 0 0 0 0 0 0 0 0 0 0 0 0 0 0 0 0 0 0 0 0 0 0 0 0 0 0 0 0 0 0 0 0 0 0 0 0 0 0 0 0 0 0 0 0 0 0 0 0 0 0 0 0 0 0 0 0 0 0 0 0 0 0 0 0 0 0 0 0 0 0 0 0 0 0 0 0 0 0 0 0 0 0 0 0 0 0 0 0 0 0 0 0 0 0 0 0 0 0 0 0 0 0 0 0 0 0 0 0 0 0 0 0 0 0 0 0 0 0 0 0 0 0 0 0 0 0 0 0 0 0 0 0 0 0 0 0 0 0 0 0 0 0 0 0 0 0 0 0 0 0 0 0 0 0 0 0 0 0 0 0 0 0 0 0 0 0 0 0 0 0 0 0 0 0 0 0 0 0 0 0 0 0 0 0 0 0 0 0 0 0 0 0 0 0 0 0 0 0 0 0 0 0 0 0 0 0 0 0 0 0 0 0 0 0 0 0 0 0 0 0 0 0 0 0 0 0 0 0 0 0 0 0 0 0 0 0 0 0 0 0 0 0 0 0 0 0 0 0 0 0 0 0 0 0 0 0 0 0 0 0 0 0 0 0 0 0 0 0 0 0 0 0 0 0 0 0 0 0 0 0 0 0 0 0 0 0 0 0 0 0 0 0 0 0 0 0 0 0 0 0 0 0 0 0 0 0 0 0 0 0 0 0 0 0 0 0 0 0 0 0 0 0 0 0 0 0 0 0 0 0 0 0 0 0 0 0 0 0 0 0 0 0 0 0 0 0 0 0 0 0 0 0 0 0 0 0 0 0 0 0 0 0 0 0 0 0 0 0 0 0 0 0 0 0 0 0 0 0 0 0 0 0 0 0 0 0 0 0 0 0 0 0 0 0 0 0 0 0 0 0 0 0 0 0 0 0 0 0 0 0 0 0 0 0 0 0 0 0 0 0 0 0 0 0 0 0 0 0 0 0 0 0 0 0 0 0 0 0 0 0 0 0 0 0 0 0 0 0 0 0 0 0 0 0 0 0 0 0 0 0 0 0 0 0 0 0 0 0 0 0 0 0 0 0 0 0 0 0 0 0 0 0 0 0 0 0 0 0 0 0 0 0 0 0 0 0 0 0 0 0 0 0 0 0 0 0 0 0 0 0 0 0 0 0 0 0 0 0 0 0 0 0 0 0 0 0 0 0 0 0 0 0 0 0 0 0 0 0 0 0 0 0 0 0 0 0 0 0 0 0 0 0 0 0 0 0 0 0 0 0 0 0 0 0 0 0 0 0 0 0 0 0 0 0 0 0 0 0 0 0 0 0 0 0 0 0 0 0 0 0 0 0 0 0 0 0 0 0 0 0 0 0 0 0 0 0 0 0 0 0 0 0 0 0 0 0 0 0 0 0 0 0 0 0 0 0 0 0 0 0 0 0 0 0 0 0 0 0 0 0 0 0 0 0 0 0 0 0 0 0 0 0 0 0 0 0 0 0 0 0 0 0 0 0 0 0 0 0 0 0 0 0 0 0 0 0 0 0 0 0 0 0 0 0 0 0 0 0 0 0 0 0 0 0 0 0 0 0 0 0 0 0 0 0 0 0 0 0 0 0 0 0 0 0 0 0 0 0 0 0 0 0 0 0 0 0 0 0 0 0 0 0 0 0 0 0 0 0 0 0 0 0 0 0 0 0 0 0 0 0 0 0 0 0 0 0 0 0 0 0 0 0 0 0 0 0 0 0 0 0 0 0 0 0 0 0 0 0 0 0 0 0 0 0 0 0 0 0 0 0 0 0 0 0 0 0 0 0 0 0 0 0 0 0 0 0 0 0 0 0 0 0 0 0 0 0 0 0 0 0 0 0 0 0 0 0 0 0 0 0 0 0 0 0 0 0 0 0 0 0 0 0 0 0 0 0 0 0 0 0 0 0 0 0 0 0 0 0 0 0 0 0 0 0 0 0 0 0 0 0 0 0 0 0 0 0 0 0 0 0 0 0 0 0 0 0 0 0 0 0 0
ctxt 1152548
btime 1613144793
processes 24686
procs_running 1
procs_blocked 0
softirq 5947329 1 3478788 293 176233 0 0 140 290934 0 2000940
