cpu  304 4 1867 5717926 87 0 33 0 0 0
cpu0 3 0 143 158566 0 0 20 0 0 0
cpu1 14 0 98 158759 1 0 5 0 0 0
cpu2 4 0 141 158738 2 0 5 0 0 0
cpu3 10 0 97 158773 17 0 0 0 0 0
cpu4 16 0 43 158846 2 0 0 0 0 0
cpu5 12 0 49 158845 1 0 0 0 0 0
cpu6 14 0 41 158847 0 0 0 0 0 0
cpu7 7 0 47 158847 1 0 0 0 0 0
cpu8 26 0 62 158810 6 0 0 0 0 0
cpu9 6 0 48 158848 2 0 0 0 0 0
cpu10 3 0 47 158835 1 0 0 0 0 0
cpu11 3 0 40 158860 1 0 0 0 0 0
cpu12 4 0 38 158860 0 0 0 0 0 0
cpu13 8 0 48 158845 2 0 0 0 0 0
cpu14 5 0 57 158840 2 0 0 0 0 0
cpu15 5 0 48 158845 1 0 0 0 0 0
cpu16 2 0 44 158854 0 0 0 0 0 0
cpu17 6 0 46 158844 1 0 0 0 0 0
cpu18 2 0 38 158860 2 0 0 0 0 0
cpu19 25 0 42 158831 4 0 0 0 0 0
cpu20 10 0 40 158853 1 0 0 0 0 0
cpu21 23 0 35 158845 0 0 0 0 0 0
cpu22 6 0 40 158850 0 0 0 0 0 0
cpu23 6 0 46 158824 10 0 0 0 0 0
cpu24 5 0 42 158849 0 0 0 0 0 0
cpu25 7 0 39 158855 0 0 0 0 0 0
cpu26 6 0 41 158850 0 0 0 0 0 0
cpu27 13 0 41 158842 0 0 0 0 0 0
cpu28 3 0 35 158856 0 0 0 0 0 0
cpu29 8 0 41 158841 3 0 0 0 0 0
cpu30 9 0 41 158845 0 0 0 0 0 0
cpu31 4 0 36 158852 2 0 0 0 0 0
cpu32 3 1 38 158852 5 0 0 0 0 0
cpu33 2 2 46 158845 0 0 0 0 0 0
cpu34 6 0 39 158841 3 0 0 0 0 0
cpu35 3 0 38 158855 1 0 0 0 0 0
intr 220420 56 0 0 0 609 0 0 0 1 0 257 0 0 0 0 0 0 0 0 0 0 0 0 0 0 0 0 0 0 0 0 92 145 33 86 144 151 76 50 87 398 83 108 54 11 260 60 50 11 102 173 164 73 6 27 800 0 0 0 0 14 16 39 11 11 95 92 300 539 79 225 141 0 0 16 8372 2 0 2814 1 6 62 18 8 8 51 1 1 2 1 1 6 1 11 6 2 4 9 1 1 8 1 1 1 1 1 29 27 65 45 3 29 7 2 0 17 7592 1 0 0 0 0 0 0 0 0 0 0 0 0 0 0 0 0 0 0 0 0 0 0 0 0 0 0 0 0 0 0 0 0 0 0 0 0 0 22 0 0 0 0 0 0 0 0 0 0 0 0 0 0 0 0 0 0 0 0 0 0 0 0 0 0 0 0 0 0 0 0 0 0 0 0 0 0 0 0 0 0 0 0 0 0 0 0 0 0 0 0 0 0 0 0 0 0 0 0 0 0 0 0 0 0 0 0 0 0 0 0 0 0 0 0 0 0 0 0 0 0 0 0 0 0 0 0 0 0 0 0 0 0 0 0 0 0 0 0 0 0 0 0 0 0 0 0 0 0 0 0 0 0 0 0 0 0 0 0 0 0 0 0 0 0 0 0 0 0 0 0 0 0 0 0 0 0 0 0 0 0 0 0 0 0 0 0 0 0 0 0 0 0 0 0 0 0 0 0 0 0 0 0 0 0 0 0 0 0 0 0 0 0 0 0 0 0 0 0 0 0 0 0 0 0 0 0 0 0 0 0 0 0 0 0 0 0 0 0 0 0 0 0 0 0 0 0 0 0 0 0 0 0 0 0 0 0 0 0 0 0 0 0 0 0 0 0 0 0 0 0 0 0 0 0 0 0 0 0 0 0 0 0 0 0 0 0 0 0 0 0 0 0 0 0 0 0 0 0 0 0 0 0 0 0 0 0 0 0 0 0 0 0 0 0 0 0 0 0 0 0 0 0 0 0 0 0 0 0 0 0 0 0 0 0 0 0 0 0 0 0 0 0 0 0 0 0 0 0 0 0 0 0 0 0 0 0 0 0 0 0 0 0 0 0 0 0 0 0 0 0 0 0 0 0 0 0 0 0 0 0 0 0 0 0 0 0 0 0 0 0 0 0 0 0 0 0 0 0 0 0 0 0 0 0 0 0 0 0 0 0 0 0 0 0 0 0 0 0 0 0 0 0 0 0 0 0 0 0 0 0 0 0 0 0 0 0 0 0 0 0 0 0 0 0 0 0 0 0 0 0 0 0 0 0 0 0 0 0 0 0 0 0 0 0 0 0 0 0 0 0 0 0 0 0 0 0 0 0 0 0 0 0 0 0 0 0 0 0 0 0 0 0 0 0 0 0 0 0 0 0 0 0 0 0 0 0 0 0 0 0 0 0 0 0 0 0 0 0 0 0 0 0 0 0 0 0 0 0 0 0 0 0 0 0 0 0 0 0 0 0 0 0 0 0 0 0 0 0 0 0 0 0 0 0 0 0 0 0 0 0 0 0 0 0 0 0 0 0 0 0 0 0 0 0 0 0 0 0 0 0 0 0 0 0 0 0 0 0 0 0 0 0 0 0 0 0 0 0 0 0 0 0 0 0 0 0 0 0 0 0 0 0 0 0 0 0 0 0 0 0 0 0 0 0 0 0 0 0 0 0 0 0 0 0 0 0 0 0 0 0 0 0 0 0 0 0 0 0 0 0 0 0 0 0 0 0 0 0 0 0 0 0 0 0 0 0 0 0 0 0 0 0 0 0 0 0 0 0 0 0 0 0 0 0 0 0 0 0 0 0 0 0 0 0 0 0 0 0 0 0 0 0 0 0 0 0 0 0 0 0 0 0 0 0 0 0 0 0 0 0 0 0 0 0 0 0 0 0 0 0 0 0 0 0 0 0 0 0 0 0 0 0 0 0 0 0 0 0 0 0 0 0 0 0 0 0 0 0 0 0 0 0 0 0 0 0 0 0 0 0 0 0 0 0 0 0 0 0 0 0 0 0 0 0 0 0 0 0 0 0 0 0 0 0 0 0 0 0 0 0 0 0 0 0 0 0 0 0 0 0 0 0 0 0 0 0 0 0 0 0 0 0 0 0 0 0 0 0 0 0 0 0 0 0 0 0 0 0 0 0 0 0 0 0 0 0 0 0 0 0 0 0 0 0 0 0 0 0 0 0 0 0 0 0 0 0 0 0 0 0 0 0 0 0 0 0 0 0 0 0 0 0 0 0 0 0 0 0 0 0 0 0 0 0 0 0 0 0 0 0 0 0 0 0 0 0 0 0 0 0 0 0 0 0 0 0 0 0 0 0 0 0 0 0 0 0 0 0 0 0 0 0 0 0 0 0 0 0 0 0 0 0 0 0 0 0 0 0 0 0 0 0 0 0 0 0 0 0 0 0 0 0 0 0 0 0 0 0 0 0 0 0 0 0 0 0 0 0 0 0 0 0 0 0 0 0 0 0 0 0 0 0 0 0 0 0 0 0 0 0 0 0 0 0 0 0 0 0 0 0 0 0 0 0 0 0 0 0 0 0 0 0 0 0 0 0 0 0 0 0 0 0 0 0 0 0 0 0 0 0 0 0 0 0 0 0 0 0 0 0 0 0 0 0 0 0 0 0 0 0 0 0 0 0 0 0 0 0 0 0 0 0 0 0 0 0 0 0 0 0 0 0 0 0 0 0 0 0 0 0 0 0 0 0 0 0 0 0 0 0 0 0 0 0 0 0 0 0 0 0 0 0 0 0 0 0 0 0 0 0 0 0 0 0 0 0 0 0 0 0 0 0 0 0 0 0 0 0
ctxt 205849
btime 1613124388
processes 1357
procs_running 1
procs_blocked 0
softirq 201334 1 68430 132 3235 0 0 3330 70894 0 55312
