cpu  47125022 8 74556 4853872 180 0 6464 0 0 0
cpu0 734883 0 2696 75415 0 0 484 0 0 0
cpu1 735856 0 1488 75935 9 0 180 0 0 0
cpu2 735878 0 2033 75366 1 0 176 0 0 0
cpu3 735584 0 1500 76158 4 0 204 0 0 0
cpu4 735865 0 2131 75241 8 0 118 0 0 0
cpu5 736665 0 578 76148 4 0 58 0 0 0
cpu6 735554 0 1656 76079 1 0 151 0 0 0
cpu7 735649 0 1528 76042 2 0 233 0 0 0
cpu8 735587 0 1841 75929 0 0 85 0 0 0
cpu9 736721 0 576 76085 3 0 68 0 0 0
cpu10 735583 0 1943 75772 3 0 131 0 0 0
cpu11 736222 0 976 76113 2 0 136 0 0 0
cpu12 735501 0 2021 75828 1 0 89 0 0 0
cpu13 736900 0 481 76011 1 0 47 0 0 0
cpu14 735292 0 1987 76028 0 0 139 0 0 0
cpu15 736796 0 671 75873 2 0 94 0 0 0
cpu16 734688 0 2542 76000 0 0 213 0 0 0
cpu17 736633 0 579 75955 1 0 260 0 0 0
cpu18 735173 0 2236 75838 0 0 205 0 0 0
cpu19 736779 0 556 76045 1 0 57 0 0 0
cpu20 735783 0 1523 75917 49 0 127 0 0 0
cpu21 736710 0 599 76073 11 0 58 0 0 0
cpu22 735716 0 1619 75977 1 0 133 0 0 0
cpu23 736648 0 614 76131 8 0 49 0 0 0
cpu24 735980 0 1430 75973 1 0 53 0 0 0
cpu25 736862 0 401 76161 1 0 30 0 0 0
cpu26 735333 0 1946 75989 0 0 164 0 0 0
cpu27 736410 0 792 76139 1 0 108 0 0 0
cpu28 735270 0 1973 76095 0 0 108 0 0 0
cpu29 736967 0 301 76162 2 0 18 0 0 0
cpu30 735162 0 1968 76068 0 0 248 0 0 0
cpu31 736733 0 491 76178 1 0 38 0 0 0
cpu32 736549 0 1395 75393 1 0 76 0 0 0
cpu33 735847 0 1319 76151 1 0 125 0 0 0
cpu34 737022 2 1401 74965 0 0 48 0 0 0
cpu35 736367 0 809 76170 0 0 98 0 0 0
cpu36 739805 0 1512 72070 0 0 42 0 0 0
cpu37 736693 0 543 76160 5 0 42 0 0 0
cpu38 739088 0 1136 73153 1 0 39 0 0 0
cpu39 735789 0 1332 76124 1 0 195 0 0 0
cpu40 737254 0 1196 74908 5 0 55 0 0 0
cpu41 736953 0 415 76040 1 0 20 0 0 0
cpu42 735516 0 1836 75914 0 0 172 0 0 0
cpu43 736706 0 564 76099 0 0 71 0 0 0
cpu44 736256 0 1415 75736 0 0 32 0 0 0
cpu45 736985 0 381 76039 0 0 25 0 0 0
cpu46 735790 0 1886 75586 0 0 163 0 0 0
cpu47 737105 0 365 75937 2 0 24 0 0 0
cpu48 735784 0 1668 75877 0 0 106 0 0 0
cpu49 736956 0 520 75938 2 0 19 0 0 0
cpu50 736068 0 1178 76101 0 0 87 0 0 0
cpu51 736972 0 390 76054 2 0 22 0 0 0
cpu52 736602 0 686 76102 0 0 44 0 0 0
cpu53 736948 0 374 76088 3 0 25 0 0 0
cpu54 736410 0 939 76023 1 0 56 0 0 0
cpu55 736644 0 616 76134 0 0 42 0 0 0
cpu56 736302 0 1108 75969 0 0 47 0 0 0
cpu57 736961 0 312 76141 0 0 18 0 0 0
cpu58 736424 0 914 76053 0 0 40 0 0 0
cpu59 736047 1 1054 76145 1 0 188 0 0 0
cpu60 736362 0 1240 75753 0 0 32 0 0 0
cpu61 737013 0 254 76144 1 0 20 0 0 0
cpu62 735432 0 1663 76138 0 0 193 0 0 0
cpu63 736964 0 436 76011 7 0 10 0 0 0
intr 132301457 83 0 0 0 639 0 0 0 1 0 282 0 0 0 0 0 0 0 0 0 0 0 0 0 0 0 0 0 0 0 0 0 0 0 0 0 0 0 1563 48772 1471 20090 348 11139 1253 27099 810 16767 641 9840 775 8695 256 5137 1331 92063 184 7704 10072 5900 1563 20431 1526 2246 891 7447 1866 930 789 7248 1467 25518 171 14849 181 11008 253 28126 381 5011 579 11163 878 3264 12 5197 732 8855 765 8032 2889 6423 4026 12344 1445 2881 769 12905 775 2236 835 3950 0 0 0 0 0 0 0 0 0 0 0 0 0 0 0 0 0 33687 93 0 0 0 0 0 0 0 0 0 0 0 0 0 0 0 0 0 0 0 0 0 0 0 0 0 0 0 0 0 0 0 0 0 0 0 0 0 0 0 0 0 0 0 0 0 0 0 0 0 0 0 0 0 0 0 0 0 0 0 0 0 0 0 0 0 0 0 0 0 0 0 0 0 0 0 15 0 0 0 0 0 0 0 0 0 0 0 0 0 0 0 0 0 0 0 0 0 0 0 0 0 0 0 0 0 0 0 0 0 0 0 0 0 0 0 0 0 0 0 0 0 0 0 0 0 0 0 0 0 0 0 0 0 0 0 0 0 0 0 0 0 0 0 0 0 0 0 0 0 0 0 0 0 0 0 0 0 0 0 0 0 0 0 0 0 0 0 0 0 0 0 0 0 0 0 0 0 0 0 0 0 0 0 0 0 0 0 0 0 0 0 0 0 0 0 0 0 0 0 0 0 0 0 0 0 0 0 0 0 0 0 0 0 0 0 0 0 0 0 0 0 0 0 0 0 0 0 0 0 0 0 0 0 0 0 0 0 0 0 0 0 0 0 0 0 0 0 0 0 0 0 0 0 0 0 0 0 0 0 0 0 0 0 0 0 0 0 0 0 0 0 0 0 0 0 0 0 0 0 0 0 0 0 0 0 0 0 0 0 0 0 0 0 0 0 0 0 0 0 0 0 0 0 0 0 0 0 0 0 0 0 0 0 0 0 0 0 0 0 0 0 0 0 0 0 0 0 0 0 0 0 0 0 0 0 0 0 0 0 0 0 0 0 0 0 0 0 0 0 0 0 0 0 0 0 0 0 0 0 0 0 0 0 0 0 0 0 0 0 0 0 0 0 0 0 0 0 0 0 0 0 0 0 0 0 0 0 0 0 0 0 0 0 0 0 0 0 0 0 0 0 0 0 0 0 0 0 0 0 0 0 0 0 0 0 0 0 0 0 0 0 0 0 0 0 0 0 0 0 0 0 0 0 0 0 0 0 0 0 0 0 0 0 0 0 0 0 0 0 0 0 0 0 0 0 0 0 0 0 0 0 0 0 0 0 0 0 0 0 0 0 0 0 0 0 0 0 0 0 0 0 0 0 0 0 0 0 0 0 0 0 0 0 0 0 0 0 0 0 0 0 0 0 0 0 0 0 0 0 0 0 0 0 0 0 0 0 0 0 0 0 0 0 0 0 0 0 0 0 0 0 0 0 0 0 0 0 0 0 0 0 0 0 0 0 0 0 0 0 0 0 0 0 0 0 0 0 0 0 0 0 0 0 0 0 0 0 0 0 0 0 0 0 0 0 0 0 0 0 0 0 0 0 0 0 0 0 0 0 0 0 0 0 0 0 0 0 0 0 0 0 0 0 0 0 0 0 0 0 0 0 0 0 0 0 0 0 0 0 0 0 0 0 0 0 0 0 0 0 0 0 0 0 0 0 0 0 0 0 0 0 0 0 0 0 0 0 0 0 0 0 0 0 0 0 0 0 0 0 0 0 0 0 0 0 0 0 0 0 0 0 0 0 0 0 0 0 0 0 0 0 0 0 0 0 0 0 0 0 0 0 0 0 0 0 0 0 0 0 0 0 0 0 0 0 0 0 0 0 0 0 0 0 0 0 0 0 0 0 0 0 0 0 0 0 0 0 0 0 0 0 0 0 0 0 0 0 0 0 0 0 0 0 0 0 0 0 0 0 0 0 0 0 0 0 0 0 0 0 0 0 0 0 0 0 0 0 0 0 0 0 0 0 0 0 0 0 0 0 0 0 0 0 0 0 0 0 0 0 0 0 0 0 0 0 0 0 0 0 0 0 0 0 0 0 0 0 0 0 0 0 0 0 0 0 0 0 0 0 0 0 0 0 0 0 0 0 0 0 0 0 0 0 0 0 0 0 0 0 0 0 0 0 0 0 0 0 0 0 0 0 0 0 0 0 0 0 0 0 0 0 0 0 0 0 0 0 0 0 0 0 0 0 0 0 0 0 0 0 0 0 0 0 0 0 0 0 0 0 0 0 0 0 0 0 0 0 0 0 0 0 0 0 0 0 0 0 0 0 0 0 0 0 0 0 0 0 0 0 0 0 0 0 0 0 0 0 0 0 0 0 0 0 0 0 0 0 0 0 0 0 0 0 0 0 0 0 0 0 0 0 0 0 0 0 0 0 0 0 0 0 0 0 0 0 0 0 0 0 0 0 0 0 0 0 0 0 0 0 0 0 0 0 0 0 0 0 0 0 0 0 0 0 0 0 0 0 0 0 0 0 0 0 0 0 0 0 0 0 0 0 0 0 0 0 0 0 0 0 0 0 0 0 0 0 0 0 0 0 0 0 0 0 0 0 0 0 0 0 0 0 0 0 0 0 0 0 0 0 0 0 0 0 0 0 0 0 0 0 0 0 0 0 0 0 0 0 0 0 0 0 0 0 0 0 0 0 0 0 0 0 0 0 0 0 0 0 0 0 0 0 0 0 0 0 0 0 0 0 0 0 0 0 0 0 0 0 0 0 0 0 0 0 0 0 0 0 0 0 0 0 0 0 0 0 0 0 0 0 0 0 0 0 0 0 0 0 0 0 0 0 0 0 0 0 0 0 0 0 0 0 0 0 0 0 0 0 0 0 0 0 0 0 0 0 0 0 0 0 0 0 0 0 0 0 0 0 0 0 0 0 0 0 0 0 0 0 0 0 0 0 0 0 0 0 0 0 0 0 0 0 0 0 0 0 0 0 0 0 0 0 0 0 0 0 0 0 0 0 0 0 0 0 0 0 0 0 0 0 0 0 0 0 0 0 0 0 0 0 0 0 0 0 0 0 0 0 0 0 0 0 0 0 0 0 0 0 0 0 0 0 0 0 0 0 0 0 0 0 0 0 0 0 0 0 0 0 0 0 0 0 0 0 0 0 0 0 0 0 0 0 0 0 0 0 0 0 0 0 0 0 0 0 0 0 0 0 0 0 0 0 0 0 0 0 0 0 0 0 0 0 0 0 0 0 0 0 0 0 0 0 0 0 0 0 0 0 0 0 0 0 0 0 0 0 0 0 0 0 0 0 0 0 0 0 0 0 0 0 0 0 0 0 0 0 0 0 0 0 0 0 0 0 0 0 0 0 0 0 0 0 0 0 0 0 0 0 0 0 0 0 0 0 0 0 0 0 0 0 0 0 0 0 0 0 0 0 0 0 0 0 0 0 0 0 0 0 0 0 0 0 0 0 0 0 0 0 0 0 0 0 0 0 0 0 0 0 0 0 0 0 0 0 0 0 0 0 0 0 0 0 0 0 0 0 0 0 0 0 0 0 0 0 0 0 0 0 0 0 0 0 0 0 0 0 0 0 0 0 0 0 0 0 0 0 0 0 0 0 0 0 0 0 0 0 0 0 0 0 0 0 0 0 0 0 0 0 0 0 0 0 0 0 0 0 0 0 0 0 0 0 0 0 0 0 0 0 0 0 0 0 0 0 0 0 0 0 0 0 0 0 0 0 0 0 0 0 0 0 0 0 0 0 0 0 0 0 0 0 0 0 0 0 0 0 0 0 0 0 0 0 0 0 0 0 0 0 0 0 0 0 0 0 0 0 0 0 0 0 0 0 0 0 0 0 0 0 0 0 0 0 0 0 0 0 0 0 0 0 0 0 0 0 0 0 0 0 0 0 0 0 0 0 0 0 0 0 0 0 0 0 0 0 0 0 0 0 0 0 0 0 0 0 0 0 0 0 0 0 0 0 0 0 0 0 0 0 0 0 0 0 0 0 0 0 0 0 0 0 0 0 0 0 0 0 0 0 0 0 0 0 0 0 0 0 0 0 0 0 0 0 0 0 0 0 0 0 0 0 0 0 0 0 0 0 0 0 0 0 0 0 0 0 0 0 0 0 0 0 0 0 0 0 0 0 0 0 0 0 0 0 0 0 0 0 0 0 0 0 0 0 0 0 0 0 0 0 0 0 0 0 0 0 0 0 0 0 0 0 0 0 0 0 0 0 0 0 0 0 0 0 0 0 0 0 0 0 0 0 0 0 0 0 0 0 0 0 0 0 0 0 0 0 0 0 0 0 0 0 0 0 0 0 0 0 0 0 0 0 0 0 0 0 0 0 0 0 0 0 0 0 0 0 0 0 0 0 0 0 0 0 0 0 0 0 0 0 0 0 0 0 0 0 0 0 0 0 0 0 0 0 0 0 0 0 0 0 0 0 0 0 0 0 0 0 0 0 0 0 0 0 0 0 0 0 0 0 0 0 0 0 0 0 0 0 0 0 0 0 0 0 0 0 0 0 0 0 0 0 0 0 0 0 0 0 0 0 0 0 0 0 0 0 0 0 0 0 0 0 0 0 0 0 0 0 0 0 0 0 0 0 0 0 0 0 0 0 0 0 0 0 0 0 0 0 0 0 0 0 0 0 0 0 0 0 0 0 0 0 0 0 0 0 0 0 0 0 0 0 0 0 0 0 0 0 0 0 0 0 0 0 0 0 0 0 0 0 0 0 0 0 0 0 0 0 0 0 0 0 0 0 0 0 0 0 0 0 0 0 0 0 0 0 0 0 0 0 0 0 0 0 0 0 0 0 0 0 0 0 0 0 0 0 0 0 0 0 0 0 0 0 0 0 0 0 0 0 0 0 0 0 0 0 0 0 0 0 0 0 0 0 0 0 0 0 0 0 0 0 0 0 0 0 0 0 0 0 0 0 0 0 0 0 0 0 0 0 0 0 0 0 0 0 0 0 0 0 0 0 0 0 0 0 0 0 0 0 0 0 0 0 0 0 0 0 0 0 0 0 0 0 0 0 0 0 0 0 0 0 0 0 0 0 0 0 0 0 0 0 0 0 0 0 0 0 0 0 0 0 0 0 0 0 0 0 0 0 0 0 0 0 0 0 0 0 0 0 0 0 0 0 0 0 0 0
ctxt 17160898
btime 1613123985
processes 387250
procs_running 1
procs_blocked 0
softirq 146516098 1 83938388 1931 3189557 0 0 156 4393276 0 54992789
