cpu  19437287 3 25003 7033098 458 0 2640 0 0 0
cpu0 539388 0 1030 195289 1 0 498 0 0 0
cpu1 539928 0 864 195179 22 0 76 0 0 0
cpu2 539648 0 888 195440 17 0 106 0 0 0
cpu3 539814 0 703 195533 5 0 31 0 0 0
cpu4 539624 0 868 195550 3 0 32 0 0 0
cpu5 539934 0 551 195546 2 0 41 0 0 0
cpu6 539695 0 659 195669 6 0 40 0 0 0
cpu7 539833 0 781 195374 1 0 72 0 0 0
cpu8 539919 0 556 195564 1 0 28 0 0 0
cpu9 540137 0 716 195184 1 0 38 0 0 0
cpu10 539495 0 940 195551 6 0 66 0 0 0
cpu11 539500 0 809 195681 1 0 69 0 0 0
cpu12 539541 0 887 195555 38 0 31 0 0 0
cpu13 540452 0 632 194944 4 0 36 0 0 0
cpu14 539883 0 622 195470 88 0 13 0 0 0
cpu15 538086 0 1650 195489 49 0 787 0 0 0
cpu16 539926 0 721 195395 2 0 15 0 0 0
cpu17 539612 0 902 195503 2 0 40 0 0 0
cpu18 539976 0 464 195573 4 0 20 0 0 0
cpu19 540143 0 656 195175 15 0 47 0 0 0
cpu20 539736 0 743 195492 5 0 91 0 0 0
cpu21 540096 0 386 195583 1 0 7 0 0 0
cpu22 539946 0 474 195598 23 0 20 0 0 0
cpu23 539458 0 781 195703 0 0 126 0 0 0
cpu24 539912 0 504 195615 7 0 30 0 0 0
cpu25 539972 0 454 195590 13 0 30 0 0 0
cpu26 540139 0 341 195577 2 0 4 0 0 0
cpu27 540398 0 499 195140 16 0 5 0 0 0
cpu28 540748 0 910 194321 2 0 91 0 0 0
cpu29 540665 0 612 194730 1 0 36 0 0 0
cpu30 541258 0 691 194012 77 0 18 0 0 0
cpu31 540619 0 560 194847 1 0 21 0 0 0
cpu32 539997 0 476 195573 1 0 12 0 0 0
cpu33 539992 1 504 195519 6 0 28 0 0 0
cpu34 539923 0 544 195565 13 0 8 0 0 0
cpu35 539880 0 610 195553 2 0 14 0 0 0
intr 53942063 56 0 0 0 610 0 0 0 1 0 250 0 0 0 0 0 0 0 0 0 0 0 0 0 0 0 0 0 0 0 0 94 525 468 749 2629 373 620 1308 167 131 170 460 80 4697 480 3890 2320 508 441 247 387 435 176 1365 31 0 0 0 0 368 534 194 841 154 117 10207 169 150 724 492 205 0 0 17 11260 2 0 18149 1989 4155 774 2570 3073 983 4363 1793 5235 5022 3033 6673 1441 1423 176983 1658 4178 6183 1453 2131 1207 2088 515 604 1415 866 539 3697 1902 6959 4578 5070 3296 1279 1458 0 16 7801 1 0 0 0 0 0 0 0 0 0 0 0 0 0 0 0 0 0 0 0 0 0 0 0 0 0 0 0 0 0 0 0 0 0 0 0 0 0 25 0 0 0 0 0 0 0 0 0 0 0 0 0 0 0 0 0 0 0 0 0 0 0 0 0 0 0 0 0 0 0 0 0 0 0 0 0 0 0 0 0 0 0 0 0 0 0 0 0 0 0 0 0 0 0 0 0 0 0 0 0 0 0 0 0 0 0 0 0 0 0 0 0 0 0 0 0 0 0 0 0 0 0 0 0 0 0 0 0 0 0 0 0 0 0 0 0 0 0 0 0 0 0 0 0 0 0 0 0 0 0 0 0 0 0 0 0 0 0 0 0 0 0 0 0 0 0 0 0 0 0 0 0 0 0 0 0 0 0 0 0 0 0 0 0 0 0 0 0 0 0 0 0 0 0 0 0 0 0 0 0 0 0 0 0 0 0 0 0 0 0 0 0 0 0 0 0 0 0 0 0 0 0 0 0 0 0 0 0 0 0 0 0 0 0 0 0 0 0 0 0 0 0 0 0 0 0 0 0 0 0 0 0 0 0 0 0 0 0 0 0 0 0 0 0 0 0 0 0 0 0 0 0 0 0 0 0 0 0 0 0 0 0 0 0 0 0 0 0 0 0 0 0 0 0 0 0 0 0 0 0 0 0 0 0 0 0 0 0 0 0 0 0 0 0 0 0 0 0 0 0 0 0 0 0 0 0 0 0 0 0 0 0 0 0 0 0 0 0 0 0 0 0 0 0 0 0 0 0 0 0 0 0 0 0 0 0 0 0 0 0 0 0 0 0 0 0 0 0 0 0 0 0 0 0 0 0 0 0 0 0 0 0 0 0 0 0 0 0 0 0 0 0 0 0 0 0 0 0 0 0 0 0 0 0 0 0 0 0 0 0 0 0 0 0 0 0 0 0 0 0 0 0 0 0 0 0 0 0 0 0 0 0 0 0 0 0 0 0 0 0 0 0 0 0 0 0 0 0 0 0 0 0 0 0 0 0 0 0 0 0 0 0 0 0 0 0 0 0 0 0 0 0 0 0 0 0 0 0 0 0 0 0 0 0 0 0 0 0 0 0 0 0 0 0 0 0 0 0 0 0 0 0 0 0 0 0 0 0 0 0 0 0 0 0 0 0 0 0 0 0 0 0 0 0 0 0 0 0 0 0 0 0 0 0 0 0 0 0 0 0 0 0 0 0 0 0 0 0 0 0 0 0 0 0 0 0 0 0 0 0 0 0 0 0 0 0 0 0 0 0 0 0 0 0 0 0 0 0 0 0 0 0 0 0 0 0 0 0 0 0 0 0 0 0 0 0 0 0 0 0 0 0 0 0 0 0 0 0 0 0 0 0 0 0 0 0 0 0 0 0 0 0 0 0 0 0 0 0 0 0 0 0 0 0 0 0 0 0 0 0 0 0 0 0 0 0 0 0 0 0 0 0 0 0 0 0 0 0 0 0 0 0 0 0 0 0 0 0 0 0 0 0 0 0 0 0 0 0 0 0 0 0 0 0 0 0 0 0 0 0 0 0 0 0 0 0 0 0 0 0 0 0 0 0 0 0 0 0 0 0 0 0 0 0 0 0 0 0 0 0 0 0 0 0 0 0 0 0 0 0 0 0 0 0 0 0 0 0 0 0 0 0 0 0 0 0 0 0 0 0 0 0 0 0 0 0 0 0 0 0 0 0 0 0 0 0 0 0 0 0 0 0 0 0 0 0 0 0 0 0 0 0 0 0 0 0 0 0 0 0 0 0 0 0 0 0 0 0 0 0 0 0 0 0 0 0 0 0 0 0 0 0 0 0 0 0 0 0 0 0 0 0 0 0 0 0 0 0 0 0 0 0 0 0 0 0 0 0 0 0 0 0 0 0 0 0 0 0 0 0 0 0 0 0 0 0 0 0 0 0 0 0 0 0 0 0 0 0 0 0 0 0 0 0 0 0 0 0 0 0 0 0 0 0 0 0 0 0 0 0 0 0 0 0 0 0 0 0 0 0 0 0 0 0 0 0 0 0 0 0 0 0 0 0 0 0 0 0 0 0 0 0 0 0 0 0 0 0 0 0 0 0 0 0 0 0 0 0 0 0 0 0 0 0 0 0 0 0 0 0 0 0 0 0 0 0 0 0 0 0 0 0 0 0 0 0 0 0 0 0 0 0 0 0 0 0 0 0 0 0 0 0 0 0 0 0 0 0 0 0 0 0 0 0 0 0 0 0 0 0 0 0 0 0 0 0 0 0 0 0 0 0 0 0 0 0 0 0 0 0 0 0 0 0 0 0 0 0 0 0 0 0 0 0 0 0 0 0 0 0 0 0 0 0 0 0 0 0 0 0 0 0 0 0 0 0 0 0 0 0 0 0 0 0 0 0 0 0 0 0 0 0 0 0 0 0 0 0 0 0 0 0 0 0 0 0 0 0 0 0 0 0 0 0 0 0 0 0 0 0 0 0 0 0 0 0 0 0 0 0 0 0 0 0 0 0 0 0 0 0 0 0 0 0 0 0 0 0 0 0 0 0 0 0 0 0 0 0 0
ctxt 15013857
btime 1613124388
processes 382543
procs_running 1
procs_blocked 0
softirq 69325944 1 39617123 773 2890960 0 0 286520 1862389 0 24668178
