cpu  5988549 4 7471 6812161 492 0 882 0 0 0
cpu0 166370 0 285 188911 13 0 233 0 0 0
cpu1 167534 0 376 187901 1 0 52 0 0 0
cpu2 166083 0 504 188920 2 0 280 0 0 0
cpu3 166260 0 242 189305 4 0 23 0 0 0
cpu4 166520 0 257 188992 44 0 12 0 0 0
cpu5 166490 0 161 189139 29 0 2 0 0 0
cpu6 166282 0 164 189338 16 0 12 0 0 0
cpu7 166276 0 203 189328 13 0 2 0 0 0
cpu8 166264 0 170 189315 72 0 5 0 0 0
cpu9 166235 0 166 189424 2 0 4 0 0 0
cpu10 166225 0 178 189406 4 0 16 0 0 0
cpu11 166312 0 150 189363 0 0 3 0 0 0
cpu12 165694 0 644 189376 6 0 96 0 0 0
cpu13 166509 0 190 189113 1 0 6 0 0 0
cpu14 166265 0 150 189406 1 0 2 0 0 0
cpu15 166108 0 334 189346 5 0 32 0 0 0
cpu16 166194 0 261 189341 2 0 24 0 0 0
cpu17 166330 0 179 189294 6 0 3 0 0 0
cpu18 166504 0 142 189169 3 0 0 0 0 0
cpu19 166654 0 300 188789 48 0 13 0 0 0
cpu20 166363 0 175 189258 1 0 2 0 0 0
cpu21 166299 0 150 189360 2 0 2 0 0 0
cpu22 166368 0 173 189221 62 0 0 0 0 0
cpu23 166502 0 148 189084 70 0 1 0 0 0
cpu24 166374 0 104 189336 4 0 0 0 0 0
cpu25 166292 0 146 189379 1 0 1 0 0 0
cpu26 166262 0 160 189396 0 0 6 0 0 0
cpu27 166298 0 116 189402 1 0 2 0 0 0
cpu28 166281 0 124 189409 1 0 2 0 0 0
cpu29 166288 0 127 189406 0 0 0 0 0 0
cpu30 166256 0 172 189379 10 0 2 0 0 0
cpu31 166608 0 111 189097 1 0 3 0 0 0
cpu32 166314 2 120 189361 8 0 4 0 0 0
cpu33 166338 0 157 189302 20 0 1 0 0 0
cpu34 166253 0 254 189270 19 0 21 0 0 0
cpu35 166330 0 163 189308 2 0 1 0 0 0
intr 16924553 56 0 0 0 614 0 0 0 1 0 263 0 0 0 0 0 0 0 0 0 0 0 0 0 0 0 0 0 0 0 0 0 671 141 512 389 4717 2500 540 380 3008 973 72 39 1755 91 236 238 252 265 155 5987 199 122 2202 3242 0 0 0 0 384 83 13 70 40 101 614 56 948 1589 1035 235 93 0 16 10856 1398 0 6025 349 54697 137 25 70 1 816 369 729 779 1026 21714 2753 707 1804 393 406 284 440 4382 1681 20 246 14 299 641 344 184 1347 449 226 805 109 374 292 0 18 7735 1 0 0 0 0 0 0 0 0 0 0 0 0 0 0 0 0 0 0 0 0 0 0 0 0 0 0 0 0 0 0 0 0 0 0 0 0 0 21 0 0 0 0 0 0 0 0 0 0 0 0 0 0 0 0 0 0 0 0 0 0 0 0 0 0 0 0 0 0 0 0 0 0 0 0 0 0 0 0 0 0 0 0 0 0 0 0 0 0 0 0 0 0 0 0 0 0 0 0 0 0 0 0 0 0 0 0 0 0 0 0 0 0 0 0 0 0 0 0 0 0 0 0 0 0 0 0 0 0 0 0 0 0 0 0 0 0 0 0 0 0 0 0 0 0 0 0 0 0 0 0 0 0 0 0 0 0 0 0 0 0 0 0 0 0 0 0 0 0 0 0 0 0 0 0 0 0 0 0 0 0 0 0 0 0 0 0 0 0 0 0 0 0 0 0 0 0 0 0 0 0 0 0 0 0 0 0 0 0 0 0 0 0 0 0 0 0 0 0 0 0 0 0 0 0 0 0 0 0 0 0 0 0 0 0 0 0 0 0 0 0 0 0 0 0 0 0 0 0 0 0 0 0 0 0 0 0 0 0 0 0 0 0 0 0 0 0 0 0 0 0 0 0 0 0 0 0 0 0 0 0 0 0 0 0 0 0 0 0 0 0 0 0 0 0 0 0 0 0 0 0 0 0 0 0 0 0 0 0 0 0 0 0 0 0 0 0 0 0 0 0 0 0 0 0 0 0 0 0 0 0 0 0 0 0 0 0 0 0 0 0 0 0 0 0 0 0 0 0 0 0 0 0 0 0 0 0 0 0 0 0 0 0 0 0 0 0 0 0 0 0 0 0 0 0 0 0 0 0 0 0 0 0 0 0 0 0 0 0 0 0 0 0 0 0 0 0 0 0 0 0 0 0 0 0 0 0 0 0 0 0 0 0 0 0 0 0 0 0 0 0 0 0 0 0 0 0 0 0 0 0 0 0 0 0 0 0 0 0 0 0 0 0 0 0 0 0 0 0 0 0 0 0 0 0 0 0 0 0 0 0 0 0 0 0 0 0 0 0 0 0 0 0 0 0 0 0 0 0 0 0 0 0 0 0 0 0 0 0 0 0 0 0 0 0 0 0 0 0 0 0 0 0 0 0 0 0 0 0 0 0 0 0 0 0 0 0 0 0 0 0 0 0 0 0 0 0 0 0 0 0 0 0 0 0 0 0 0 0 0 0 0 0 0 0 0 0 0 0 0 0 0 0 0 0 0 0 0 0 0 0 0 0 0 0 0 0 0 0 0 0 0 0 0 0 0 0 0 0 0 0 0 0 0 0 0 0 0 0 0 0 0 0 0 0 0 0 0 0 0 0 0 0 0 0 0 0 0 0 0 0 0 0 0 0 0 0 0 0 0 0 0 0 0 0 0 0 0 0 0 0 0 0 0 0 0 0 0 0 0 0 0 0 0 0 0 0 0 0 0 0 0 0 0 0 0 0 0 0 0 0 0 0 0 0 0 0 0 0 0 0 0 0 0 0 0 0 0 0 0 0 0 0 0 0 0 0 0 0 0 0 0 0 0 0 0 0 0 0 0 0 0 0 0 0 0 0 0 0 0 0 0 0 0 0 0 0 0 0 0 0 0 0 0 0 0 0 0 0 0 0 0 0 0 0 0 0 0 0 0 0 0 0 0 0 0 0 0 0 0 0 0 0 0 0 0 0 0 0 0 0 0 0 0 0 0 0 0 0 0 0 0 0 0 0 0 0 0 0 0 0 0 0 0 0 0 0 0 0 0 0 0 0 0 0 0 0 0 0 0 0 0 0 0 0 0 0 0 0 0 0 0 0 0 0 0 0 0 0 0 0 0 0 0 0 0 0 0 0 0 0 0 0 0 0 0 0 0 0 0 0 0 0 0 0 0 0 0 0 0 0 0 0 0 0 0 0 0 0 0 0 0 0 0 0 0 0 0 0 0 0 0 0 0 0 0 0 0 0 0 0 0 0 0 0 0 0 0 0 0 0 0 0 0 0 0 0 0 0 0 0 0 0 0 0 0 0 0 0 0 0 0 0 0 0 0 0 0 0 0 0 0 0 0 0 0 0 0 0 0 0 0 0 0 0 0 0 0 0 0 0 0 0 0 0 0 0 0 0 0 0 0 0 0 0 0 0 0 0 0 0 0 0 0 0 0 0 0 0 0 0 0 0 0 0 0 0 0 0 0 0 0 0 0 0 0 0 0 0 0 0 0 0 0 0 0 0 0 0 0 0 0 0 0 0 0 0 0 0 0 0 0 0 0 0 0 0 0 0 0 0 0 0 0 0 0 0 0 0 0 0 0 0 0 0 0 0 0 0 0 0 0 0 0 0 0 0 0 0 0 0 0 0 0 0 0 0 0 0 0 0 0 0 0 0 0 0 0 0 0 0 0 0 0 0 0 0 0 0 0 0 0 0 0 0 0 0 0 0 0 0 0 0 0 0 0 0 0 0 0 0 0 0 0 0 0 0 0 0 0 0 0 0 0 0 0 0 0 0 0 0 0 0 0 0 0 0 0 0 0 0 0 0 0 0 0 0 0 0
ctxt 5148878
btime 1613124388
processes 128393
procs_running 1
procs_blocked 0
softirq 22291239 1 12927191 335 950193 0 0 103091 659269 0 7651159
