cpu  8242431 4 10734 6670006 416 0 1200 0 0 0
cpu0 228782 1 427 185113 0 0 202 0 0 0
cpu1 228900 0 381 185251 1 0 22 0 0 0
cpu2 229255 0 494 184712 79 0 20 0 0 0
cpu3 228912 0 240 185410 1 0 15 0 0 0
cpu4 228865 0 250 185463 0 0 7 0 0 0
cpu5 228904 0 182 185498 0 0 4 0 0 0
cpu6 228938 0 288 185257 72 0 24 0 0 0
cpu7 228946 0 290 185314 3 0 17 0 0 0
cpu8 228964 0 296 185304 6 0 9 0 0 0
cpu9 228998 0 253 185325 1 0 8 0 0 0
cpu10 228872 0 320 185377 5 0 12 0 0 0
cpu11 228946 0 249 185368 2 0 13 0 0 0
cpu12 228187 0 958 185275 4 0 147 0 0 0
cpu13 228888 0 320 185338 1 0 22 0 0 0
cpu14 229143 0 449 184949 8 0 34 0 0 0
cpu15 228976 0 264 185338 2 0 4 0 0 0
cpu16 229159 0 373 185022 0 0 29 0 0 0
cpu17 228939 0 202 185403 22 0 4 0 0 0
cpu18 228876 0 233 185448 13 0 9 0 0 0
cpu19 229194 0 206 185169 9 0 6 0 0 0
cpu20 228968 0 297 185256 45 0 5 0 0 0
cpu21 229050 0 132 185383 10 0 2 0 0 0
cpu22 229018 0 194 185312 50 0 3 0 0 0
cpu23 228979 0 203 185390 4 0 2 0 0 0
cpu24 229082 0 138 185356 1 0 2 0 0 0
cpu25 228966 0 210 185395 1 0 2 0 0 0
cpu26 228791 0 443 185287 13 0 46 0 0 0
cpu27 228988 0 162 185419 4 0 3 0 0 0
cpu28 228940 0 207 185420 4 0 7 0 0 0
cpu29 228256 0 569 185321 2 0 421 0 0 0
cpu30 229091 0 203 185276 3 0 2 0 0 0
cpu31 228889 0 380 185243 14 0 54 0 0 0
cpu32 229044 0 183 185353 1 0 2 0 0 0
cpu33 229380 0 204 184984 2 0 2 0 0 0
cpu34 228893 0 296 185349 8 0 22 0 0 0
cpu35 229437 0 224 184909 7 0 1 0 0 0
intr 23041313 56 0 0 0 611 0 0 0 1 0 250 0 0 0 0 0 0 0 0 0 0 0 0 0 0 0 0 0 0 0 0 93 163 59 9804 102 3011 50 3146 299 305 149 299 129 604 267 357 342 141 500 2537 551 3404 859 1775 304 0 0 0 0 68 87 354 207 354 883 167 958 85 106 382 614 0 0 16 11207 1630 0 7194 435 643 167 1273 660 267 601 986 287 547 1353 26377 8546 1167 468 876 214 866 488 468 226 505 204 111 487 2234 499 1425 60796 89 345 251 173 4346 1753 0 16 7595 1 0 0 0 0 0 0 0 0 0 0 0 0 0 0 0 0 0 0 0 0 0 0 0 0 0 0 0 0 0 0 0 0 0 0 0 0 0 25 0 0 0 0 0 0 0 0 0 0 0 0 0 0 0 0 0 0 0 0 0 0 0 0 0 0 0 0 0 0 0 0 0 0 0 0 0 0 0 0 0 0 0 0 0 0 0 0 0 0 0 0 0 0 0 0 0 0 0 0 0 0 0 0 0 0 0 0 0 0 0 0 0 0 0 0 0 0 0 0 0 0 0 0 0 0 0 0 0 0 0 0 0 0 0 0 0 0 0 0 0 0 0 0 0 0 0 0 0 0 0 0 0 0 0 0 0 0 0 0 0 0 0 0 0 0 0 0 0 0 0 0 0 0 0 0 0 0 0 0 0 0 0 0 0 0 0 0 0 0 0 0 0 0 0 0 0 0 0 0 0 0 0 0 0 0 0 0 0 0 0 0 0 0 0 0 0 0 0 0 0 0 0 0 0 0 0 0 0 0 0 0 0 0 0 0 0 0 0 0 0 0 0 0 0 0 0 0 0 0 0 0 0 0 0 0 0 0 0 0 0 0 0 0 0 0 0 0 0 0 0 0 0 0 0 0 0 0 0 0 0 0 0 0 0 0 0 0 0 0 0 0 0 0 0 0 0 0 0 0 0 0 0 0 0 0 0 0 0 0 0 0 0 0 0 0 0 0 0 0 0 0 0 0 0 0 0 0 0 0 0 0 0 0 0 0 0 0 0 0 0 0 0 0 0 0 0 0 0 0 0 0 0 0 0 0 0 0 0 0 0 0 0 0 0 0 0 0 0 0 0 0 0 0 0 0 0 0 0 0 0 0 0 0 0 0 0 0 0 0 0 0 0 0 0 0 0 0 0 0 0 0 0 0 0 0 0 0 0 0 0 0 0 0 0 0 0 0 0 0 0 0 0 0 0 0 0 0 0 0 0 0 0 0 0 0 0 0 0 0 0 0 0 0 0 0 0 0 0 0 0 0 0 0 0 0 0 0 0 0 0 0 0 0 0 0 0 0 0 0 0 0 0 0 0 0 0 0 0 0 0 0 0 0 0 0 0 0 0 0 0 0 0 0 0 0 0 0 0 0 0 0 0 0 0 0 0 0 0 0 0 0 0 0 0 0 0 0 0 0 0 0 0 0 0 0 0 0 0 0 0 0 0 0 0 0 0 0 0 0 0 0 0 0 0 0 0 0 0 0 0 0 0 0 0 0 0 0 0 0 0 0 0 0 0 0 0 0 0 0 0 0 0 0 0 0 0 0 0 0 0 0 0 0 0 0 0 0 0 0 0 0 0 0 0 0 0 0 0 0 0 0 0 0 0 0 0 0 0 0 0 0 0 0 0 0 0 0 0 0 0 0 0 0 0 0 0 0 0 0 0 0 0 0 0 0 0 0 0 0 0 0 0 0 0 0 0 0 0 0 0 0 0 0 0 0 0 0 0 0 0 0 0 0 0 0 0 0 0 0 0 0 0 0 0 0 0 0 0 0 0 0 0 0 0 0 0 0 0 0 0 0 0 0 0 0 0 0 0 0 0 0 0 0 0 0 0 0 0 0 0 0 0 0 0 0 0 0 0 0 0 0 0 0 0 0 0 0 0 0 0 0 0 0 0 0 0 0 0 0 0 0 0 0 0 0 0 0 0 0 0 0 0 0 0 0 0 0 0 0 0 0 0 0 0 0 0 0 0 0 0 0 0 0 0 0 0 0 0 0 0 0 0 0 0 0 0 0 0 0 0 0 0 0 0 0 0 0 0 0 0 0 0 0 0 0 0 0 0 0 0 0 0 0 0 0 0 0 0 0 0 0 0 0 0 0 0 0 0 0 0 0 0 0 0 0 0 0 0 0 0 0 0 0 0 0 0 0 0 0 0 0 0 0 0 0 0 0 0 0 0 0 0 0 0 0 0 0 0 0 0 0 0 0 0 0 0 0 0 0 0 0 0 0 0 0 0 0 0 0 0 0 0 0 0 0 0 0 0 0 0 0 0 0 0 0 0 0 0 0 0 0 0 0 0 0 0 0 0 0 0 0 0 0 0 0 0 0 0 0 0 0 0 0 0 0 0 0 0 0 0 0 0 0 0 0 0 0 0 0 0 0 0 0 0 0 0 0 0 0 0 0 0 0 0 0 0 0 0 0 0 0 0 0 0 0 0 0 0 0 0 0 0 0 0 0 0 0 0 0 0 0 0 0 0 0 0 0 0 0 0 0 0 0 0 0 0 0 0 0 0 0 0 0 0 0 0 0 0 0 0 0 0 0 0 0 0 0 0 0 0 0 0 0 0 0 0 0 0 0 0 0 0 0 0 0 0 0 0 0 0 0 0 0 0 0 0 0 0 0 0 0 0 0 0 0 0 0 0 0 0 0 0 0 0 0 0 0 0 0 0 0 0 0 0 0 0 0 0 0 0 0 0 0 0 0 0 0 0 0 0 0 0 0 0 0 0 0 0 0 0 0 0 0 0 0 0 0 0 0 0 0 0 0 0 0 0 0 0 0 0 0 0 0 0 0 0 0 0 0
ctxt 6520173
btime 1613124388
processes 161560
procs_running 1
procs_blocked 0
softirq 30101831 1 17437722 378 1204529 0 0 125218 857177 0 10476806
