cpu  1964689 8 11170 7513955 422 0 240 0 0 0
cpu0 15280 0 610 58085 0 0 133 0 0 0
cpu1 15330 0 56 58785 0 0 20 0 0 0
cpu2 15326 0 66 58767 1 0 0 0 0 0
cpu3 15326 0 90 58748 2 0 0 0 0 0
cpu4 15336 0 108 58711 8 0 0 0 0 0
cpu5 15331 0 51 58783 0 0 0 0 0 0
cpu6 15316 0 74 58777 0 0 0 0 0 0
cpu7 15318 0 79 58766 0 0 1 0 0 0
cpu8 15405 0 128 58624 0 0 3 0 0 0
cpu9 15330 0 58 58776 0 0 0 0 0 0
cpu10 15342 0 86 58728 8 0 1 0 0 0
cpu11 15327 0 75 58765 0 0 0 0 0 0
cpu12 15444 0 160 58542 0 0 0 0 0 0
cpu13 15333 0 56 58776 0 0 0 0 0 0
cpu14 15328 0 58 58779 0 0 0 0 0 0
cpu15 15298 0 102 58764 0 0 1 0 0 0
cpu16 15322 0 148 58679 0 0 4 0 0 0
cpu17 15330 0 55 58778 0 0 0 0 0 0
cpu18 15329 0 58 58780 0 0 0 0 0 0
cpu19 15312 0 64 58786 0 0 0 0 0 0
cpu20 15394 5 169 58572 5 0 5 0 0 0
cpu21 15332 0 58 58770 0 0 0 0 0 0
cpu22 15344 0 65 58756 0 0 0 0 0 0
cpu23 15314 0 88 58759 0 0 0 0 0 0
cpu24 15434 0 143 58566 2 0 2 0 0 0
cpu25 15329 0 55 58776 0 0 0 0 0 0
cpu26 15331 0 60 58769 0 0 0 0 0 0
cpu27 15325 0 72 58762 0 0 0 0 0 0
cpu28 15531 0 198 58418 0 0 1 0 0 0
cpu29 15330 0 52 58778 0 0 0 0 0 0
cpu30 15322 0 64 58775 0 0 0 0 0 0
cpu31 15329 0 66 58761 0 0 0 0 0 0
cpu32 15420 0 166 58533 19 0 0 0 0 0
cpu33 15330 0 54 58774 0 0 0 0 0 0
cpu34 15331 0 55 58769 0 0 0 0 0 0
cpu35 15326 0 68 58762 0 0 0 0 0 0
cpu36 15409 0 174 58546 17 0 0 0 0 0
cpu37 15331 0 57 58768 0 0 0 0 0 0
cpu38 15320 0 76 58747 0 0 0 0 0 0
cpu39 15318 0 79 58758 0 0 0 0 0 0
cpu40 15362 0 118 58669 4 0 0 0 0 0
cpu41 15331 0 55 58768 0 0 0 0 0 0
cpu42 15314 0 76 58764 0 0 0 0 0 0
cpu43 15326 0 71 58756 0 0 0 0 0 0
cpu44 15305 0 108 58731 1 0 6 0 0 0
cpu45 15330 0 54 58771 0 0 0 0 0 0
cpu46 15290 0 117 58742 2 0 4 0 0 0
cpu47 15328 0 69 58754 0 0 0 0 0 0
cpu48 15378 0 122 58682 1 0 0 0 0 0
cpu49 15358 0 53 58737 0 0 0 0 0 0
cpu50 15327 0 62 58761 2 0 0 0 0 0
cpu51 15196 0 90 58872 0 0 7 0 0 0
cpu52 15274 0 116 58751 0 0 7 0 0 0
cpu53 15332 0 54 58763 0 0 0 0 0 0
cpu54 15326 0 63 58758 1 0 1 0 0 0
cpu55 15320 0 69 58759 0 0 0 0 0 0
cpu56 15336 0 82 58695 1 0 14 0 0 0
cpu57 15333 0 52 58758 0 0 0 0 0 0
cpu58 15352 0 58 58740 0 0 0 0 0 0
cpu59 15324 0 72 58753 0 0 0 0 0 0
cpu60 15619 0 106 58421 1 0 0 0 0 0
cpu61 15330 0 51 58762 0 0 0 0 0 0
cpu62 15334 0 64 58745 0 0 0 0 0 0
cpu63 15330 0 66 58754 0 0 0 0 0 0
cpu64 15303 0 123 58710 7 0 2 0 0 0
cpu65 15326 0 57 58761 0 0 0 0 0 0
cpu66 15324 0 56 58763 1 0 0 0 0 0
cpu67 15316 0 78 58751 0 0 0 0 0 0
cpu68 15343 0 77 58716 2 0 0 0 0 0
cpu69 15324 0 60 58759 0 0 0 0 0 0
cpu70 15329 0 68 58746 0 0 0 0 0 0
cpu71 15324 0 71 58749 0 0 0 0 0 0
cpu72 15343 0 77 58714 4 0 0 0 0 0
cpu73 15331 0 54 58751 1 0 0 0 0 0
cpu74 15328 0 66 58727 0 0 0 0 0 0
cpu75 15326 0 75 58740 1 0 0 0 0 0
cpu76 15878 0 262 57866 116 0 0 0 0 0
cpu77 15334 0 53 58754 0 0 0 0 0 0
cpu78 15328 0 63 58744 0 0 0 0 0 0
cpu79 15325 0 73 58740 0 0 0 0 0 0
cpu80 15415 0 130 58570 12 0 1 0 0 0
cpu81 15331 0 66 58743 0 0 0 0 0 0
cpu82 15330 0 62 58728 0 0 0 0 0 0
cpu83 15330 0 81 58723 1 0 2 0 0 0
cpu84 15530 0 181 58297 106 0 4 0 0 0
cpu85 15331 0 85 58708 6 0 0 0 0 0
cpu86 15333 0 61 58742 0 0 0 0 0 0
cpu87 15322 0 79 58735 0 0 0 0 0 0
cpu88 15509 0 139 58484 1 0 0 0 0 0
cpu89 15333 0 60 58742 0 0 0 0 0 0
cpu90 15350 0 72 58702 8 0 0 0 0 0
cpu91 15329 0 71 58736 0 0 0 0 0 0
cpu92 15443 0 154 58533 1 0 0 0 0 0
cpu93 15331 0 58 58746 0 0 0 0 0 0
cpu94 15335 0 77 58716 0 0 0 0 0 0
cpu95 15332 0 88 58710 1 0 0 0 0 0
cpu96 15388 0 211 58529 2 0 0 0 0 0
cpu97 15331 0 61 58738 0 0 0 0 0 0
cpu98 15328 0 66 58735 0 0 0 0 0 0
cpu99 15335 0 70 58725 0 0 0 0 0 0
cpu100 15451 0 169 58494 2 0 0 0 0 0
cpu101 15331 0 53 58748 0 0 0 0 0 0
cpu102 15328 0 81 58720 0 0 0 0 0 0
cpu103 15327 0 68 58735 0 0 0 0 0 0
cpu104 15452 0 127 58550 2 0 0 0 0 0
cpu105 15332 0 58 58741 0 0 0 0 0 0
cpu106 15322 0 71 58739 0 0 0 0 0 0
cpu107 15330 0 62 58733 0 0 0 0 0 0
cpu108 15349 0 69 58694 9 0 0 0 0 0
cpu109 15330 0 72 58725 0 0 0 0 0 0
cpu110 15330 0 63 58730 0 0 0 0 0 0
cpu111 15328 0 72 58727 0 0 0 0 0 0
cpu112 15331 0 70 58723 0 0 0 0 0 0
cpu113 15330 0 63 58735 0 0 0 0 0 0
cpu114 15327 0 56 58740 1 0 0 0 0 0
cpu115 15330 0 71 58726 0 0 0 0 0 0
cpu116 15337 0 76 58705 0 0 0 0 0 0
cpu117 15333 0 73 58707 11 0 0 0 0 0
cpu118 15332 0 71 58718 1 0 0 0 0 0
cpu119 15323 0 61 58735 0 0 0 0 0 0
cpu120 15332 0 83 58704 0 0 0 0 0 0
cpu121 15334 0 57 58733 0 0 0 0 0 0
cpu122 15336 0 66 58720 3 0 0 0 0 0
cpu123 15331 0 71 58716 0 0 0 0 0 0
cpu124 15564 0 91 58460 4 0 0 0 0 0
cpu125 15333 0 53 58733 0 0 0 0 0 0
cpu126 15354 0 75 58681 0 0 0 0 0 0
cpu127 15332 0 81 58706 1 0 0 0 0 0
intr 6973431 130 0 0 0 681 0 0 0 1 0 285 0 0 0 0 0 0 0 0 0 0 0 0 0 0 0 0 0 0 0 0 0 0 0 0 260 0 3290 1 0 0 295 0 1 3 3 0 3 2 1164 0 0 151 582 2 0 0 4370 0 0 3 1861 0 1 0 5648 0 0 2 6 0 0 39 0 0 0 3 162 2 4 0 181 0 12 0 3 87 0 0 0 0 730 0 26406 0 1 2 11 58 12 0 4007 0 0 0 424 0 0 0 0 0 92 0 747 0 0 0 446 0 2 0 4689 0 0 0 0 0 0 0 173 0 12 0 1 0 0 0 3 6 0 0 4 0 0 0 22 0 0 0 0 0 0 0 0 0 0 0 0 0 0 0 0 0 0 0 0 157 625 474 346 10756 2022 6255 128 466 333 280 824 64 143 22 214 729 128 486 132 151 25 6 23 163 1 2 46 5 0 293 9 0 0 0 0 0 0 0 0 0 0 0 0 0 0 0 0 0 0 0 6 0 0 0 20 0 20 2 5 10 0 334 2 5 84 12 3915 13 6 13 184 16 1 5 4 51 89 8 6 4 5 3 1 0 4 9 61 5 224 8 75 131 74 6 2 0 10 1 4 7 1 0 0 2 6 7 15 4 1 0 18 46 0 0 0 0 0 0 0 0 0 0 0 0 0 0 0 0 0 0 0 0 0 0 0 0 0 0 0 0 0 0 0 0 0 0 0 0 0 0 0 0 0 0 0 0 0 0 0 0 0 0 0 0 0 0 0 0 0 0 0 0 0 0 0 0 0 0 0 0 0 0 0 0 0 0 0 0 0 0 0 0 0 0 0 0 0 0 0 0 0 0 0 0 0 0 0 0 0 0 0 0 0 0 0 0 0 0 0 0 0 0 0 0 0 0 0 0 0 0 0 0 0 0 0 0 0 0 0 0 0 0 0 0 0 0 0 0 0 0 0 0 0 0 0 0 0 0 0 0 0 0 0 0 0 0 0 0 0 0 0 0 0 0 0 0 0 0 0 0 0 0 0 0 0 0 0 0 0 0 0 0 0 0 0 0 0 0 0 0 0 0 0 0 0 0 0 0 0 0 0 0 0 0 0 0 0 0 0 0 0 0 0 0 0 0 0 0 0 0 0 0 0 0 0 0 0 0 0 0 0 0 0 0 0 0 0 0 0 0 0 0 0 0 0 0 0 0 0 0 0 0 0 0 0 0 0 0 0 0 0 0 0 0 0 0 0 0 0 0 0 0 0 0 0 0 0 0 0 0 0 0 0 0 0 0 0 0 0 0 0 0 0 0 0 0 0 0 0 0 0 0 0 0 0 0 0 0 0 0 0 0 0 0 0 0 0 0 0 0 0 0 0 0 0 0 0 0 0 0 0 0 0 0 0 0 0 0 0 0 0 0 0 0 0 0 0 0 0 0 0 0 0 0 0 0 0 0 0 0 0 0 0 0 0 0 0 0 0 0 0 0 0 0 0 0 0 0 0 0 0 0 0 0 0 0 0 0 0 0 0 0 0 0 0 0 0 0 0 0 0 0 0 0 0 0 0 0 0 0 0 0 0 0 0 0 0 0 0 0 0 0 0 0 0 3 0 0 0 0 0 0 0 0 0 0 0 0 0 0 0 0 0 0 0 0 0 0 0 21 1 0 0 27 0 0 0 0 0 0 0 0 0 0 0 0 0 0 0 0 0 0 0 0 0 0 0 0 0 0 0 0 0 0 0 49 0 0 0 0 0 0 0 0 0 0 0 0 0 0 0 0 0 0 0 0 0 0 0 0 0 0 0 0 0 0 0 0 0 19 0 0 0 0 0 0 0 0 0 0 0 0 0 0 0 0 0 0 0 0 0 0 0 0 0 0 0 0 0 0 0 0 0 0 0 0 0 0 0 0 0 0 0 0 0 0 0 0 0 0 0 0 0 0 0 0 0 0 0 0 0 0 0 0 0 0 0 0 0 0 0 0 0 0 0 0 0 0 0 0 0 0 0 0 0 0 0 0 0 0 0 0 0 0 0 0 0 0 0 0 0 0 0 0 0 0 0 0 0 0 0 0 0 0 0 0 0 0 0 0 0 0 0 0 0 0 0 0 0 0 0 0 0 0 0 0 0 0 0 0 0 0 0 0 0 0 0 0 0 0 0 0 0 0 0 0 0 0 0 0 0 0 0 0 0 0 0 0 0 0 0 0 0 0 0 0 0 0 0 0 0 0 0 0 0 0 0 0 0 0 0 0 0 0 0 0 0 0 0 0 0 0 0 0 0 0 0 0 0 0 0 0 0 0 0 0 0 0 0 0 0 0 0 0 0 0 0 0 0 0 0 0 0 0 0 0 0 0 0 0 0 0 0 0 0 0 0 0 0 0 0 0 0 0 0 0 0 0 0 0 0 0 0 0 0 0 0 0 0 0 0 0 0 0 0 0 0 0 0 0 0 0 0 0 0 0 0 0 0 0 0 0 0 0 0 0 0 0 0 0 0 0 0 0 0 0 0 0 0 0 0 0 0 0 0 0 0 0 0 0 0 0 0 0 0 0 0 0 0 0 0 0 0 0 0 0 0 0 0 0 0 0 0 0 0 0 0 0 0 0 0 0 0 0 0 0 0 0 0 0 0 0 0 0 0 0 0 0 0 0 0 0 0 0 0 0 0 0 0 0 0 0 0 0 0 0 0 0 0 0 0 0 0 0 0 0 0 0 0 0 0 0 0 0 0 0 0 0 0 0 0 0 0 0 0 0 0 0 0 0 0 0 0 0 0 0 0 0 0 0 0 0 0 0 0 0 0 0 0 0 0 0 0 0 0 0 0 0 0 0 0 0 0 0 0 0 0 0 0 0 0 0 0 0 0 0 0 0 0 0 0 0 0 0 0 0 0 0 0 0 0 0 0 0 0 0 0 0 0 0 0 0 0 0 0 0 0 0 0 0 0 0 0 0 0 0 0 0 0 0 0 0 0 0 0 0 0 0 0 0 0 0 0 0 0 0 0 0 0 0 0 0 0 0 0 0 0 0 0 0 0 0 0 0 0 0 0 0 0 0 0 0 0 0 0 0 0 0 0 0 0 0 0 0 0 0 0 0 0 0 0 0 0 0 0 0 0 0 0 0 0 0 0 0 0 0 0 0 0 0 0 0 0 0 0 0 0 0 0 0 0 0 0 0 0 0 0 0 0 0 0 0 0 0 0 0 0 0 0 0 0 0 0 0 0 0 0 0 0 0 0 0 0 0 0 0 0 0 0 0 0 0 0 0 0 0 0 0 0 0 0 0 0 0 0 0 0 0 0 0 0 0 0 0 0 0 0 0 0 0 0 0 0 0 0 0 0 0 0 0 0 0 0 0 0 0 0 0 0 0 0 0 0 0 0 0 0 0 0 0 0 0 0 0 0 0 0 0 0 0 0 0 0 0 0 0 0 0 0 0 0 0 0 0 0 0 0 0 0 0 0 0 0 0 0 0 0 0 0 0 0 0 0 0 0 0 0 0 0 0 0 0 0 0 0 0 0 0 0 0 0 0 0 0 0 0 0 0 0 0 0 0 0 0 0 0 0 0 0 0 0 0 0 0 0 0 0 0 0 0 0 0 0 0 0 0 0 0 0 0 0 0 0 0 0 0 0 0 0 0 0 0 0 0 0 0 0 0 0 0 0 0 0 0 0 0 0 0 0 0 0 0 0 0 0 0 0 0 0 0 0 0 0 0 0 0 0 0 0 0 0 0 0 0 0 0 0 0 0 0 0 0 0 0 0 0 0 0 0 0 0 0 0 0 0 0 0 0 0 0 0 0 0 0 0 0 0 0 0 0 0 0 0 0 0 0 0 0 0 0 0 0 0 0 0 0 0 0 0 0 0 0 0 0 0 0 0 0 0 0 0 0 0 0 0 0 0 0 0 0 0 0 0 0 0 0 0 0 0 0 0 0 0 0 0 0 0 0 0 0 0 0 0 0 0 0 0 0 0 0 0 0 0 0 0 0 0 0 0 0 0 0 0 0 0 0 0 0 0 0 0 0 0 0 0 0 0 0 0 0 0 0 0 0 0 0 0 0 0 0 0 0 0 0 0 0 0 0 0 0 0 0 0 0 0 0 0 0 0 0 0 0 0 0 0 0 0 0 0 0 0 0 0 0 0 0 0 0 0 0 0 0 0 0 0 0 0 0 0 0 0 0 0 0 0 0 0 0 0 0 0 0 0 0 0 0 0 0 0 0 0 0 0 0 0 0 0 0 0 0 0 0 0 0 0 0 0 0 0 0 0 0 0 0 0 0 0 0 0 0 0 0 0 0 0 0 0 0 0 0 0 0 0 0 0 0 0 0 0 0 0 0 0 0 0 0 0 0 0 0 0 0 0 0 0 0 0 0 0 0 0 0 0 0 0 0 0 0 0 0 0 0 0 0 0 0 0 0 0 0 0 0 0 0 0 0 0 0 0 0 0 0 0 0 0 0 0 0 0 0 0 0 0 0 0 0 0 0 0 0 0 0 0 0 0 0 0 0 0 0 0 0 0 0 0 0 0 0 0 0 0 0 0 0 0 0 0 0 0 0 0 0 0 0 0 0 0 0 0 0 0 0 0 0 0 0 0 0 0 0 0 0 0 0 0 0 0 0 0 0 0 0 0 0 0 0 0 0 0 0 0 0 0 0 0 0 0 0 0 0 0 0 0 0 0 0 0 0 0 0 0 0 0 0 0 0 0 0 0 0 0 0 0 0 0 0 0 0 0 0 0 0 0 0 0 0 0 0 0 0 0 0 0 0 0 0 0 0 0 0 0 0 0 0 0 0 0 0 0 0 0 0 0 0 0 0 0 0 0 0 0 0 0 0 0 0 0 0 0 0 0 0 0 0 0 0 0 0 0 0 0 0 0 0 0 0 0 0 0 0 0 0 0 0 0 0 0 0 0 0 0 0 0 0 0 0 0 0 0 0 0 0 0 0 0 0 0 0 0 0 0 0 0 0 0 0 0 0 0 0 0 0 0 0 0 0 0 0 0 0 0 0 0 0 0 0 0 0 0 0 0 0 0 0 0 0 0 0 0 0 0 0 0 0 0 0 0 0 0 0 0 0 0 0 0 0 0 0 0 0 0 0 0 0 0 0 0 0 0 0 0 0 0 0 0 0 0 0 0 0 0 0 0 0 0 0 0 0 0 0 0 0 0 0 0 0 0 0 0 0 0 0 0 0 0 0 0 0 0 0 0 0 0 0 0 0 0 0 0 0 0 0 0 0 0 0 0 0 0 0 0 0 0 0 0 0 0 0 0 0 0 0 0 0 0 0 0 0 0 0 0 0 0 0 0 0 0 0 0 0 0 0 0 0 0 0 0 0 0 0 0 0 0 0 0 0 0 0 0 0 0 0 0 0 0 0 0 0 0 0 0 0 0 0 0 0 0 0 0 0 0 0 0 0 0 0 0 0 0 0 0 0 0 0 0 0 0 0 0 0 0 0 0 0 0 0 0 0 0 0 0 0 0 0 0 0 0 0 0 0 0 0 0 0 0 0 0 0 0 0 0 0 0 0 0 0 0 0 0 0 0 0 0 0 0 0 0 0 0 0 0 0 0 0 0 0 0 0 0 0 0 0 0 0 0 0 0 0 0 0 0 0 0 0 0 0 0 0 0 0 0 0 0 0 0 0 0 0 0 0 0 0 0 0 0 0 0 0 0 0 0 0 0 0 0 0 0 0 0 0 0 0 0 0 0 0 0 0 0 0 0 0 0 0 0 0 0 0 0 0 0 0 0 0 0 0 0 0 0 0 0 0 0 0 0 0 0 0 0 0 0 0 0 0 0 0 0 0 0 0 0 0 0 0 0 0 0 0 0 0 0 0 0 0 0 0 0 0 0 0 0 0 0 0 0 0 0 0 0 0 0 0 0 0 0 0 0 0 0 0 0 0 0 0 0 0 0 0 0 0 0 0 0 0 0 0 0 0 0 0 0 0 0 0 0 0 0 0 0 0 0 0 0 0 0 0 0 0 0 0 0 0 0 0 0 0 0 0 0 0 0 0 0 0 0 0 0 0 0 0 0 0 0 0 0 0 0 0 0 0 0 0 0 0 0 0 0 0 0 0 0 0 0 0 0 0 0 0 0 0 0 0 0 0 0 0 0 0 0 0 0 0 0 0 0 0 0 0 0 0 0 0 0 0 0 0 0 0 0 0 0 0 0 0 0 0 0 0 0 0 0 0 0 0 0 0 0 0 0 0 0 0 0 0 0 0 0 0 0 0 0 0 0 0 0 0 0 0 0 0 0 0 0 0 0 0 0 0 0 0 0 0 0 0 0 0 0 0 0 0 0 0 0 0 0 0 0 0 0 0 0 0 0 0 0 0 0 0 0 0 0 0 0 0 0 0 0 0 0 0 0 0 0 0 0 0 0 0 0 0 0 0 0 0 0 0 0 0 0 0 0 0 0 0 0 0 0 0 0 0 0 0 0 0 0 0 0 0 0 0 0 0 0 0 0 0 0 0 0 0 0 0 0 0 0 0 0 0 0 0 0 0 0 0 0 0 0 0 0 0 0 0 0 0 0 0 0 0 0 0 0 0 0 0 0 0 0 0 0 0 0 0 0 0 0 0 0 0 0 0 0 0 0 0 0 0 0 0 0 0 0 0 0 0 0 0 0 0 0 0 0 0 0 0 0 0 0 0 0 0 0 0 0 0 0 0 0 0 0 0 0 0 0 0 0 0 0 0 0 0 0 0 0 0 0 0 0 0 0 0 0 0 0 0 0 0 0 0 0 0 0 0 0 0 0 0 0 0 0 0 0 0 0 0 0 0 0 0 0 0 0 0 0 0 0 0 0 0 0 0 0 0 0 0 0 0 0 0 0 0 0 0 0 0 0 0 0 0 0 0 0 0 0 0 0 0 0 0 0 0 0 0 0 0 0 0 0 0 0 0 0 0 0 0 0 0 0 0 0 0 0 0 0 0 0 0 0 0 0 0 0 0 0 0 0 0 0 0 0 0 0 0 0 0 0 0 0 0 0 0 0 0 0 0 0 0 0 0 0 0 0 0 0 0 0 0 0 0 0 0 0 0 0 0 0 0 0 0 0 0 0 0 0 0 0 0 0 0 0 0 0 0 0 0 0 0 0 0 0 0 0 0 0 0 0 0 0 0 0 0 0 0 0 0 0 0 0 0 0 0 0 0 0 0 0 0 0 0 0 0 0 0 0 0 0 0 0 0 0 0 0 0 0 0 0 0 0 0 0 0 0 0 0 0 0 0 0 0 0 0 0 0 0 0 0 0 0 0 0 0 0 0 0 0 0 0 0 0 0 0 0 0 0 0 0 0 0 0 0 0 0 0 0 0 0 0 0 0 0 0 0 0 0 0 0 0 0 0 0 0 0 0 0 0 0 0 0 0 0 0 0 0 0 0 0 0 0 0 0 0 0 0 0 0 0 0 0 0 0 0 0 0 0 0 0 0 0 0 0 0 0 0 0 0 0 0 0 0 0 0 0 0 0 0 0 0 0 0 0 0 0 0 0 0 0 0 0 0 0 0 0 0 0 0 0 0 0 0 0 0 0 0 0 0 0 0 0 0 0 0 0 0 0 0 0 0 0 0 0 0 0 0 0 0 0 0 0 0 0 0 0 0 0 0 0 0 0 0 0 0 0 0 0 0 0 0 0 0 0 0 0 0 0 0 0 0 0 0 0 0 0 0 0 0 0 0 0 0 0 0 0 0 0 0 0 0 0 0 0 0 0 0 0 0 0 0 0 0 0 0 0 0 0 0 0 0 0 0 0 0 0 0 0 0 0 0 0 0 0 0 0 0 0 0 0 0 0 0 0 0 0 0 0 0 0 0 0 0 0 0 0 0 0 0 0 0 0 0 0 0 0 0 0 0 0 0 0 0 0 0 0 0 0 0 0 0 0 0 0 0 0 0 0 0 0 0 0 0 0 0 0 0 0 0 0 0 0 0 0 0 0 0 0 0 0 0 0 0 0 0 0 0 0 0 0 0 0 0 0 0 0 0 0 0 0 0 0 0 0 0 0 0 0 0 0 0 0 0 0 0 0 0 0 0 0 0 0 0 0 0 0 0 0 0 0 0 0 0 0 0 0 0 0 0 0 0 0 0 0 0 0 0 0 0 0 0 0 0 0 0 0 0 0 0 0 0 0 0 0 0 0 0 0 0 0 0 0 0 0 0 0 0 0 0 0 0 0 0 0 0 0 0 0 0 0 0 0 0 0 0 0 0 0 0 0 0 0 0 0 0 0 0 0 0 0 0 0 0 0 0 0 0 0 0 0 0 0 0 0 0 0 0 0 0 0 0 0 0 0 0 0 0 0 0 0 0 0 0 0 0 0 0 0 0 0 0 0 0 0 0 0 0 0 0 0 0 0 0 0 0 0 0 0 0 0 0 0 0 0 0 0 0 0 0 0 0 0 0 0 0 0 0 0 0 0 0 0 0 0 0 0 0 0 0 0 0 0 0 0 0 0 0 0 0 0 0 0 0 0 0 0 0 0 0 0 0 0 0 0 0 0 0 0 0 0 0 0 0 0 0 0 0 0 0 0 0 0 0 0 0 0 0 0 0 0 0 0 0 0 0 0 0 0 0 0 0 0 0 0 0 0 0 0 0 0 0 0 0 0 0 0 0 0 0 0 0 0 0 0 0 0 0 0 0 0 0 0 0 0 0 0 0 0 0 0 0 0 0 0 0 0 0 0 0 0 0 0 0 0 0 0 0 0 0 0 0 0 0 0 0 0 0 0 0 0 0 0 0 0 0 0 0 0 0 0 0 0 0 0 0 0 0 0 0 0 0 0 0 0 0 0 0 0 0 0 0 0 0 0 0 0 0 0 0 0 0 0 0 0 0 0 0 0 0 0 0 0 0 0 0 0 0 0 0 0 0 0 0 0 0 0 0 0 0 0 0 0 0 0 0 0 0 0 0 0 0 0 0 0 0 0 0 0 0 0 0 0 0 0 0 0 0 0 0 0 0 0 0 0 0 0 0 0 0 0 0 0 0 0 0 0 0 0 0 0 0 0 0 0 0 0 0 0 0 0 0 0 0 0 0 0 0 0 0 0 0 0 0 0 0 0 0 0 0 0 0 0 0 0 0 0 0 0 0 0 0 0 0 0 0 0 0 0 0 0 0 0 0 0 0 0 0 0 0 0 0 0 0 0 0 0 0 0 0 0 0 0 0 0 0 0 0 0 0 0 0 0 0 0 0 0 0 0 0 0 0 0 0 0 0 0 0 0 0 0 0 0 0 0 0 0 0 0 0 0 0 0 0 0 0 0 0 0 0 0 0 0 0 0 0 0 0 0 0 0 0 0 0 0 0 0 0 0 0 0 0 0 0 0 0 0 0 0 0 0 0 0 0 0 0 0 0 0 0 0 0 0 0 0 0 0 0 0 0 0 0 0 0 0 0 0 0 0 0 0 0 0 0 0 0 0 0 0 0 0 0 0 0 0 0 0 0 0 0 0 0 0 0 0 0 0 0 0 0 0 0 0 0 0 0 0 0 0 0 0 0 0 0 0 0 0 0 0 0 0 0 0 0 0 0 0 0 0 0 0 0 0 0 0 0 0 0 0 0 0 0 0 0 0 0 0 0 0 0 0 0 0 0 0 0 0 0 0 0 0 0 0 0 0 0 0 0 0 0 0 0 0 0 0 0 0 0 0 0 0 0 0 0 0 0 0 0 0 0 0 0 0 0 0 0 0 0 0 0 0 0 0 0 0 0 0 0 0 0 0 0 0 0 0 0 0 0 0 0 0 0 0 0 0 0 0 0 0 0 0 0 0 0 0 0 0 0 0 0 0 0 0 0 0 0 0 0 0 0 0 0 0 0 0 0 0 0 0 0 0 0 0 0 0 0 0 0 0 0 0 0 0 0 0 0 0 0 0 0 0 0 0 0 0 0 0 0 0 0 0 0 0 0 0 0 0 0 0 0 0 0 0 0 0 0 0 0 0 0 0 0 0 0 0 0 0 0 0 0 0 0 0 0 0 0 0 0 0
ctxt 1030042
btime 1613122782
processes 18726
procs_running 1
procs_blocked 0
softirq 6917475 1 3983822 808 147221 0 0 165 385982 0 2399476
