cpu  37925434 5 55278 26066088 418 0 4944 0 0 0
cpu0 293902 0 3047 202789 0 0 434 0 0 0
cpu1 296323 0 357 203659 0 0 43 0 0 0
cpu2 296476 0 234 203701 16 0 2 0 0 0
cpu3 295277 0 470 204614 3 0 32 0 0 0
cpu4 294588 0 2308 203304 0 0 197 0 0 0
cpu5 296483 0 169 203781 7 0 2 0 0 0
cpu6 296433 0 243 203743 0 0 21 0 0 0
cpu7 296261 0 176 203973 0 0 16 0 0 0
cpu8 294521 0 2140 203474 10 0 282 0 0 0
cpu9 296446 0 120 203865 0 0 0 0 0 0
cpu10 296525 0 96 203815 0 0 0 0 0 0
cpu11 296424 0 166 203824 0 0 12 0 0 0
cpu12 294923 0 1687 203627 0 0 158 0 0 0
cpu13 296567 0 99 203766 0 0 1 0 0 0
cpu14 296563 0 104 203770 0 0 4 0 0 0
cpu15 296508 0 206 203712 0 0 17 0 0 0
cpu16 295494 0 1964 202672 1 0 291 0 0 0
cpu17 296602 0 88 203740 1 0 0 0 0 0
cpu18 296314 0 114 203983 0 0 4 0 0 0
cpu19 296513 0 119 203784 0 0 3 0 0 0
cpu20 295158 0 1645 203423 0 0 192 0 0 0
cpu21 296513 0 124 203691 1 0 61 0 0 0
cpu22 296313 0 138 203972 0 0 5 0 0 0
cpu23 296601 0 94 203734 0 0 2 0 0 0
cpu24 295282 0 1448 203438 0 0 178 0 0 0
cpu25 296617 0 89 203726 0 0 0 0 0 0
cpu26 296616 0 112 203695 0 0 0 0 0 0
cpu27 296424 0 97 203898 0 0 4 0 0 0
cpu28 295403 1 1268 203610 0 0 146 0 0 0
cpu29 296596 0 103 203725 0 0 1 0 0 0
cpu30 296528 0 122 203774 1 0 0 0 0 0
cpu31 296620 0 83 203725 0 0 0 0 0 0
cpu32 295361 0 1350 203581 1 0 123 0 0 0
cpu33 296582 0 108 203738 0 0 0 0 0 0
cpu34 296617 0 97 203709 0 0 1 0 0 0
cpu35 296473 0 189 203740 0 0 23 0 0 0
cpu36 295353 0 1586 203319 4 0 150 0 0 0
cpu37 296470 0 164 203789 0 0 2 0 0 0
cpu38 296616 0 98 203713 0 0 0 0 0 0
cpu39 296432 0 104 203884 0 0 3 0 0 0
cpu40 295471 0 1453 203305 1 0 178 0 0 0
cpu41 296508 0 141 203767 0 0 5 0 0 0
cpu42 296487 0 99 203833 0 0 2 0 0 0
cpu43 296412 0 173 203816 0 0 18 0 0 0
cpu44 295638 0 1158 203493 5 0 121 0 0 0
cpu45 296565 0 128 203726 0 0 3 0 0 0
cpu46 296404 0 107 203899 1 0 4 0 0 0
cpu47 296587 0 107 203725 1 0 3 0 0 0
cpu48 295624 0 1147 203508 0 0 133 0 0 0
cpu49 296028 0 358 203975 1 0 57 0 0 0
cpu50 296552 0 85 203782 1 0 2 0 0 0
cpu51 296576 0 115 203726 0 0 1 0 0 0
cpu52 295856 0 1112 203334 1 0 94 0 0 0
cpu53 296630 0 86 203689 8 0 0 0 0 0
cpu54 296534 0 85 203793 1 0 0 0 0 0
cpu55 296548 0 120 203744 1 0 8 0 0 0
cpu56 295631 0 1199 203456 1 0 125 0 0 0
cpu57 296622 0 93 203708 0 0 0 0 0 0
cpu58 296296 0 293 203787 1 0 35 0 0 0
cpu59 296336 0 361 203690 0 0 33 0 0 0
cpu60 295495 0 1478 203288 1 0 129 0 0 0
cpu61 296506 0 152 203758 0 0 2 0 0 0
cpu62 296382 0 101 203923 0 0 5 0 0 0
cpu63 296180 0 289 203912 0 0 12 0 0 0
cpu64 295992 0 1454 202833 20 0 89 0 0 0
cpu65 295928 0 474 203927 5 0 70 0 0 0
cpu66 296199 0 126 204046 1 0 5 0 0 0
cpu67 296371 0 286 203738 2 0 14 0 0 0
cpu68 295944 2 1053 203322 24 0 64 0 0 0
cpu69 296569 0 116 203722 0 0 1 0 0 0
cpu70 296585 0 100 203727 0 0 4 0 0 0
cpu71 296404 0 261 203718 1 0 30 0 0 0
cpu72 296020 0 1258 202673 165 0 268 0 0 0
cpu73 296496 0 102 203813 1 0 0 0 0 0
cpu74 296568 0 92 203751 0 0 0 0 0 0
cpu75 296587 0 113 203706 3 0 0 0 0 0
cpu76 298124 0 1080 201160 1 0 43 0 0 0
cpu77 296593 0 91 203732 0 0 1 0 0 0
cpu78 296605 0 82 203725 0 0 0 0 0 0
cpu79 296474 0 204 203716 1 0 16 0 0 0
cpu80 296106 0 1010 203174 8 0 103 0 0 0
cpu81 296614 0 96 203709 0 0 0 0 0 0
cpu82 296574 0 92 203740 0 0 2 0 0 0
cpu83 296598 0 83 203726 0 0 0 0 0 0
cpu84 295690 0 1016 203598 1 0 82 0 0 0
cpu85 296617 0 88 203701 0 0 0 0 0 0
cpu86 296646 0 79 203681 0 0 0 0 0 0
cpu87 296498 0 110 203787 0 0 3 0 0 0
cpu88 295958 0 910 203455 0 0 79 0 0 0
cpu89 296254 0 129 204010 1 0 7 0 0 0
cpu90 296610 0 113 203682 0 0 0 0 0 0
cpu91 296611 0 83 203710 0 0 2 0 0 0
cpu92 296090 0 947 203296 0 0 66 0 0 0
cpu93 296610 0 93 203692 2 0 0 0 0 0
cpu94 296547 0 117 203731 0 0 2 0 0 0
cpu95 296604 0 86 203708 3 0 0 0 0 0
cpu96 295802 0 922 203617 1 0 58 0 0 0
cpu97 296610 0 98 203691 0 0 0 0 0 0
cpu98 296618 0 101 203682 0 0 0 0 0 0
cpu99 296484 0 180 203716 0 0 18 0 0 0
cpu100 296000 0 897 203434 0 0 64 0 0 0
cpu101 296573 0 114 203719 0 0 0 0 0 0
cpu102 296577 0 95 203727 2 0 0 0 0 0
cpu103 296608 0 86 203698 0 0 0 0 0 0
cpu104 296006 0 919 203377 0 0 76 0 0 0
cpu105 296607 0 101 203691 0 0 0 0 0 0
cpu106 296589 0 105 203702 0 0 0 0 0 0
cpu107 296580 0 105 203707 0 0 1 0 0 0
cpu108 296308 0 610 203397 35 0 44 0 0 0
cpu109 296581 0 121 203689 0 0 2 0 0 0
cpu110 296580 0 119 203674 11 0 1 0 0 0
cpu111 296578 0 92 203725 0 0 2 0 0 0
cpu112 296048 0 770 203513 4 0 57 0 0 0
cpu113 296588 0 127 203642 1 0 0 0 0 0
cpu114 296638 0 76 203677 1 0 0 0 0 0
cpu115 296578 0 98 203707 0 0 2 0 0 0
cpu116 296261 0 746 203317 2 0 56 0 0 0
cpu117 296481 0 172 203725 0 0 2 0 0 0
cpu118 296653 0 79 203661 0 0 0 0 0 0
cpu119 296446 0 141 203796 0 0 7 0 0 0
cpu120 296100 0 759 203475 4 0 48 0 0 0
cpu121 296623 0 88 203682 0 0 0 0 0 0
cpu122 296323 0 147 203906 0 0 1 0 0 0
cpu123 296042 0 571 203697 0 0 77 0 0 0
cpu124 296163 0 924 203246 3 0 42 0 0 0
cpu125 296568 0 176 203612 0 0 0 0 0 0
cpu126 296602 0 114 203670 0 0 0 0 0 0
cpu127 296496 0 265 203626 0 0 1 0 0 0
intr 105558510 133 0 0 0 680 0 0 0 1 0 272 0 0 0 0 0 0 0 0 0 0 0 0 0 0 0 0 0 0 0 0 0 0 0 0 260 0 799 1010 1147 14027 3919 357 546 1030 452 0 241 4181 653 360 954 4487 115 3 553 1707 1121 52929 161 987 1061 0 254 349 773 184 314 0 16 2 803 2545 962 3 407 92 221 318 476 4374 297 385 928 1756 422 17197 382 600 19 0 363 3819 47 146 2019 4805 332 736 208 9418 8062 343 999 5296 4831 243 1016 1859 19295 37 418 1831 38 182 462 3808 3830 0 496 790 54 0 251 1889 9 8 651 118 17 123 347 5 1339 0 439 1327 373 4 367 445 71 56 323 1515 2 492 816 1247 16 340 48 10 56 56 283 0 0 0 0 0 0 0 0 0 0 1912 899 13589 161 377 560 45 55 22 1669 190 255 13 153 59 130 122 2 9 3142 324 120 146 174 260 3913 82 7 14 2 481 394 4 49 0 0 0 0 0 0 0 0 0 0 0 0 0 0 0 0 57 7 310 177 18 0 0 2 3 4 11 3 0 4 49 51 160 29 9 13 53 20 53 3 6 9 5 1 95 8 4 67 4 285 4 4 2 14 483 747 221 43 43 3 30 65 24 6 4 22 9 9 38 98 26 2 11 1 2 3 115 33 161 0 0 0 0 0 0 0 0 0 0 0 0 0 0 0 0 0 0 0 0 0 0 0 0 0 0 0 0 0 0 0 0 0 0 0 0 0 0 0 0 0 0 0 0 0 0 0 0 0 0 0 0 0 0 0 0 0 0 0 0 0 0 0 0 0 0 0 0 0 0 0 0 0 0 0 0 0 0 0 0 0 0 0 0 0 0 0 0 0 0 0 0 0 0 0 0 0 0 0 0 0 0 0 0 0 0 0 0 0 0 0 0 0 0 0 0 0 0 0 0 0 0 0 0 0 0 0 0 0 0 0 0 0 0 0 0 0 0 0 0 0 0 0 0 0 0 0 0 0 0 0 0 0 0 0 0 0 0 0 0 0 0 0 0 0 0 0 0 0 0 0 0 0 0 0 0 0 0 0 0 0 0 0 0 0 0 0 0 0 0 0 0 0 0 0 0 0 0 0 0 0 0 0 0 0 0 0 0 0 0 0 0 0 0 0 0 0 0 0 0 0 0 0 0 0 0 0 0 0 0 0 0 0 0 0 0 0 0 0 0 0 0 0 0 0 0 0 0 0 0 0 0 0 0 0 0 0 0 0 0 0 0 0 0 0 0 0 0 0 0 0 0 0 0 0 0 0 0 0 0 0 0 0 0 0 0 0 0 0 0 0 0 0 0 0 0 0 0 0 0 0 0 0 0 0 0 0 0 0 0 0 0 0 0 0 0 0 0 0 0 0 0 0 0 0 0 0 0 0 0 0 0 0 0 0 0 0 0 0 0 0 0 0 0 0 0 0 0 0 0 0 0 0 0 0 0 0 0 0 0 0 0 0 0 0 0 0 0 0 0 0 0 0 0 0 0 0 0 0 0 0 0 0 0 0 0 0 0 0 0 0 0 0 0 0 0 0 0 0 0 0 0 0 0 0 0 0 0 0 0 0 0 0 0 0 0 0 0 0 0 0 0 0 0 0 0 0 0 0 0 0 0 0 0 0 0 0 0 0 0 0 48 0 0 0 0 0 0 0 3 0 0 0 0 0 0 0 0 0 0 0 0 0 0 0 0 0 0 0 0 0 0 0 0 0 0 0 0 0 0 0 0 0 0 0 0 0 0 0 0 0 0 0 0 0 0 0 0 0 0 0 0 0 0 0 0 0 0 48 0 0 0 0 0 0 0 0 23 0 0 0 0 0 0 0 0 0 0 0 0 0 0 0 0 0 0 0 0 0 0 0 0 0 0 0 0 0 0 0 0 0 0 0 0 0 0 0 0 0 0 0 0 0 0 0 0 0 0 0 0 0 0 0 0 0 0 0 0 0 0 0 0 0 0 0 0 0 0 0 0 0 0 0 0 0 0 0 0 0 0 0 0 0 0 0 0 0 0 0 0 0 0 0 0 0 0 0 0 0 0 0 0 0 0 0 0 0 0 0 0 0 0 0 0 0 0 0 0 0 0 0 0 0 0 0 0 0 0 0 0 0 0 0 0 0 0 0 0 0 0 0 0 0 0 0 0 0 0 0 0 0 0 0 0 0 0 0 0 0 0 0 0 0 0 0 0 0 0 0 0 0 0 0 0 0 0 0 0 0 0 0 0 0 0 0 0 0 0 0 0 0 0 0 0 0 0 0 0 0 0 0 0 0 0 0 0 0 0 0 0 0 0 0 0 0 0 0 0 0 0 0 0 0 0 0 0 0 0 0 0 0 0 0 0 0 0 0 0 0 0 0 0 0 0 0 0 0 0 0 0 0 0 0 0 0 0 0 0 0 0 0 0 0 0 0 0 0 0 0 0 0 0 0 0 0 0 0 0 0 0 0 0 0 0 0 0 0 0 0 0 0 0 0 0 0 0 0 0 0 0 0 0 0 0 0 0 0 0 0 0 0 0 0 0 0 0 0 0 0 0 0 0 0 0 0 0 0 0 0 0 0 0 0 0 0 0 0 0 0 0 0 0 0 0 0 0 0 0 0 0 0 0 0 0 0 0 0 0 0 0 0 0 0 0 0 0 0 0 0 0 0 0 0 0 0 0 0 0 0 0 0 0 0 0 0 0 0 0 0 0 0 0 0 0 0 0 0 0 0 0 0 0 0 0 0 0 0 0 0 0 0 0 0 0 0 0 0 0 0 0 0 0 0 0 0 0 0 0 0 0 0 0 0 0 0 0 0 0 0 0 0 0 0 0 0 0 0 0 0 0 0 0 0 0 0 0 0 0 0 0 0 0 0 0 0 0 0 0 0 0 0 0 0 0 0 0 0 0 0 0 0 0 0 0 0 0 0 0 0 0 0 0 0 0 0 0 0 0 0 0 0 0 0 0 0 0 0 0 0 0 0 0 0 0 0 0 0 0 0 0 0 0 0 0 0 0 0 0 0 0 0 0 0 0 0 0 0 0 0 0 0 0 0 0 0 0 0 0 0 0 0 0 0 0 0 0 0 0 0 0 0 0 0 0 0 0 0 0 0 0 0 0 0 0 0 0 0 0 0 0 0 0 0 0 0 0 0 0 0 0 0 0 0 0 0 0 0 0 0 0 0 0 0 0 0 0 0 0 0 0 0 0 0 0 0 0 0 0 0 0 0 0 0 0 0 0 0 0 0 0 0 0 0 0 0 0 0 0 0 0 0 0 0 0 0 0 0 0 0 0 0 0 0 0 0 0 0 0 0 0 0 0 0 0 0 0 0 0 0 0 0 0 0 0 0 0 0 0 0 0 0 0 0 0 0 0 0 0 0 0 0 0 0 0 0 0 0 0 0 0 0 0 0 0 0 0 0 0 0 0 0 0 0 0 0 0 0 0 0 0 0 0 0 0 0 0 0 0 0 0 0 0 0 0 0 0 0 0 0 0 0 0 0 0 0 0 0 0 0 0 0 0 0 0 0 0 0 0 0 0 0 0 0 0 0 0 0 0 0 0 0 0 0 0 0 0 0 0 0 0 0 0 0 0 0 0 0 0 0 0 0 0 0 0 0 0 0 0 0 0 0 0 0 0 0 0 0 0 0 0 0 0 0 0 0 0 0 0 0 0 0 0 0 0 0 0 0 0 0 0 0 0 0 0 0 0 0 0 0 0 0 0 0 0 0 0 0 0 0 0 0 0 0 0 0 0 0 0 0 0 0 0 0 0 0 0 0 0 0 0 0 0 0 0 0 0 0 0 0 0 0 0 0 0 0 0 0 0 0 0 0 0 0 0 0 0 0 0 0 0 0 0 0 0 0 0 0 0 0 0 0 0 0 0 0 0 0 0 0 0 0 0 0 0 0 0 0 0 0 0 0 0 0 0 0 0 0 0 0 0 0 0 0 0 0 0 0 0 0 0 0 0 0 0 0 0 0 0 0 0 0 0 0 0 0 0 0 0 0 0 0 0 0 0 0 0 0 0 0 0 0 0 0 0 0 0 0 0 0 0 0 0 0 0 0 0 0 0 0 0 0 0 0 0 0 0 0 0 0 0 0 0 0 0 0 0 0 0 0 0 0 0 0 0 0 0 0 0 0 0 0 0 0 0 0 0 0 0 0 0 0 0 0 0 0 0 0 0 0 0 0 0 0 0 0 0 0 0 0 0 0 0 0 0 0 0 0 0 0 0 0 0 0 0 0 0 0 0 0 0 0 0 0 0 0 0 0 0 0 0 0 0 0 0 0 0 0 0 0 0 0 0 0 0 0 0 0 0 0 0 0 0 0 0 0 0 0 0 0 0 0 0 0 0 0 0 0 0 0 0 0 0 0 0 0 0 0 0 0 0 0 0 0 0 0 0 0 0 0 0 0 0 0 0 0 0 0 0 0 0 0 0 0 0 0 0 0 0 0 0 0 0 0 0 0 0 0 0 0 0 0 0 0 0 0 0 0 0 0 0 0 0 0 0 0 0 0 0 0 0 0 0 0 0 0 0 0 0 0 0 0 0 0 0 0 0 0 0 0 0 0 0 0 0 0 0 0 0 0 0 0 0 0 0 0 0 0 0 0 0 0 0 0 0 0 0 0 0 0 0 0 0 0 0 0 0 0 0 0 0 0 0 0 0 0 0 0 0 0 0 0 0 0 0 0 0 0 0 0 0 0 0 0 0 0 0 0 0 0 0 0 0 0 0 0 0 0 0 0 0 0 0 0 0 0 0 0 0 0 0 0 0 0 0 0 0 0 0 0 0 0 0 0 0 0 0 0 0 0 0 0 0 0 0 0 0 0 0 0 0 0 0 0 0 0 0 0 0 0 0 0 0 0 0 0 0 0 0 0 0 0 0 0 0 0 0 0 0 0 0 0 0 0 0 0 0 0 0 0 0 0 0 0 0 0 0 0 0 0 0 0 0 0 0 0 0 0 0 0 0 0 0 0 0 0 0 0 0 0 0 0 0 0 0 0 0 0 0 0 0 0 0 0 0 0 0 0 0 0 0 0 0 0 0 0 0 0 0 0 0 0 0 0 0 0 0 0 0 0 0 0 0 0 0 0 0 0 0 0 0 0 0 0 0 0 0 0 0 0 0 0 0 0 0 0 0 0 0 0 0 0 0 0 0 0 0 0 0 0 0 0 0 0 0 0 0 0 0 0 0 0 0 0 0 0 0 0 0 0 0 0 0 0 0 0 0 0 0 0 0 0 0 0 0 0 0 0 0 0 0 0 0 0 0 0 0 0 0 0 0 0 0 0 0 0 0 0 0 0 0 0 0 0 0 0 0 0 0 0 0 0 0 0 0 0 0 0 0 0 0 0 0 0 0 0 0 0 0 0 0 0 0 0 0 0 0 0 0 0 0 0 0 0 0 0 0 0 0 0 0 0 0 0 0 0 0 0 0 0 0 0 0 0 0 0 0 0 0 0 0 0 0 0 0 0 0 0 0 0 0 0 0 0 0 0 0 0 0 0 0 0 0 0 0 0 0 0 0 0 0 0 0 0 0 0 0 0 0 0 0 0 0 0 0 0 0 0 0 0 0 0 0 0 0 0 0 0 0 0 0 0 0 0 0 0 0 0 0 0 0 0 0 0 0 0 0 0 0 0 0 0 0 0 0 0 0 0 0 0 0 0 0 0 0 0 0 0 0 0 0 0 0 0 0 0 0 0 0 0 0 0 0 0 0 0 0 0 0 0 0 0 0 0 0 0 0 0 0 0 0 0 0 0 0 0 0 0 0 0 0 0 0 0 0 0 0 0 0 0 0 0 0 0 0 0 0 0 0 0 0 0 0 0 0 0 0 0 0 0 0 0 0 0 0 0 0 0 0 0 0 0 0 0 0 0 0 0 0 0 0 0 0 0 0 0 0 0 0 0 0 0 0 0 0 0 0 0 0 0 0 0 0 0 0 0 0 0 0 0 0 0 0 0 0 0 0 0 0 0 0 0 0 0 0 0 0 0 0 0 0 0 0 0 0 0 0 0 0 0 0 0 0 0 0 0 0 0 0 0 0 0 0 0 0 0 0 0 0 0 0 0 0 0 0 0 0 0 0 0 0 0 0 0 0 0 0 0 0 0 0 0 0 0 0 0 0 0 0 0 0 0 0 0 0 0 0 0 0 0 0 0 0 0 0 0 0 0 0 0 0 0 0 0 0 0 0 0 0 0 0 0 0 0 0 0 0 0 0 0 0 0 0 0 0 0 0 0 0 0 0 0 0 0 0 0 0 0 0 0 0 0 0 0 0 0 0 0 0 0 0 0 0 0 0 0 0 0 0 0 0 0 0 0 0 0 0 0 0 0 0 0 0 0 0 0 0 0 0 0 0 0 0 0 0 0 0 0 0 0 0 0 0 0 0 0 0 0 0 0 0 0 0 0 0 0 0 0 0 0 0 0 0 0 0 0 0 0 0 0 0 0 0 0 0 0 0 0 0 0 0 0 0 0 0 0 0 0 0 0 0 0 0 0 0 0 0 0 0 0 0 0 0 0 0 0 0 0 0 0 0 0 0 0 0 0 0 0 0 0 0 0 0 0 0 0 0 0 0 0 0 0 0 0 0 0 0 0 0 0 0 0 0 0 0 0 0 0 0 0 0 0 0 0 0 0 0 0 0 0 0 0 0 0 0 0 0 0 0 0 0 0 0 0 0 0 0 0 0 0 0 0 0 0 0 0 0 0 0 0 0 0 0 0 0 0 0 0 0 0 0 0 0 0 0 0 0 0 0 0 0 0 0 0 0 0 0 0 0 0 0 0 0 0 0 0 0 0 0 0 0 0 0 0 0 0 0 0 0 0 0 0 0 0 0 0 0 0 0 0 0 0 0 0 0 0 0 0 0 0 0 0 0 0 0 0 0 0 0 0 0 0 0 0 0 0 0 0 0 0 0 0 0 0 0 0 0 0 0 0 0 0 0 0 0 0 0 0 0 0 0 0 0 0 0 0 0 0 0 0 0 0 0 0 0 0 0 0 0 0 0 0 0 0 0 0 0 0 0 0 0 0 0 0 0 0 0 0 0 0 0 0 0 0 0 0 0 0 0 0 0 0 0 0 0 0 0 0 0 0 0 0 0 0 0 0 0 0 0 0 0 0 0 0 0 0 0 0 0 0 0 0 0 0 0 0 0 0 0 0 0 0 0 0 0 0 0 0 0 0 0 0 0 0 0 0 0 0 0 0 0 0 0 0 0 0 0 0 0 0 0 0 0 0 0 0 0 0 0 0 0 0 0 0 0 0 0 0 0 0 0 0 0 0 0 0 0 0 0 0 0 0 0 0 0 0 0 0 0 0 0 0 0 0 0 0 0 0 0 0 0 0 0 0 0 0 0 0 0 0 0 0 0 0 0 0 0 0 0 0 0 0 0 0 0 0 0 0 0 0 0 0 0 0 0 0 0 0 0 0 0 0 0 0 0 0 0 0 0 0 0 0 0 0 0 0 0 0 0 0 0 0 0 0 0 0 0 0 0 0 0 0 0 0 0 0 0 0 0 0 0 0 0 0 0 0 0 0 0 0 0 0 0 0 0 0 0 0 0 0 0 0 0 0 0 0 0 0 0 0 0 0 0 0 0 0 0 0 0 0 0 0 0 0 0 0 0 0 0 0 0 0 0 0 0 0 0 0 0 0 0 0 0 0 0 0 0 0 0 0 0 0 0 0 0 0 0 0 0 0 0 0 0 0 0 0 0 0 0 0 0 0 0 0 0 0 0 0 0 0 0 0 0 0 0 0 0 0 0 0 0 0 0 0 0 0 0 0 0 0 0 0 0 0 0 0 0 0 0 0 0 0 0 0 0 0 0 0 0 0 0 0 0 0 0 0 0 0 0 0 0 0 0 0 0 0 0 0 0 0 0 0 0 0 0 0 0 0 0 0 0 0 0 0 0 0 0 0 0 0 0 0 0 0 0 0 0 0 0 0 0 0 0 0 0 0 0 0 0 0 0 0 0 0 0 0 0 0 0 0 0 0 0 0 0 0 0 0 0 0 0 0 0 0 0 0 0 0 0 0 0 0 0 0 0 0 0 0 0 0 0 0 0 0 0 0 0 0 0 0 0 0 0 0 0 0 0 0 0 0 0 0 0 0 0 0 0 0 0 0 0 0 0 0 0 0 0 0 0 0 0 0 0 0 0 0 0 0 0 0 0 0 0 0 0 0 0 0 0 0 0 0 0 0 0 0 0 0 0 0 0 0 0 0 0 0 0 0 0 0 0 0 0 0 0 0 0 0 0 0 0 0 0 0 0 0 0 0 0 0 0 0 0 0 0 0 0 0 0 0 0 0 0 0 0 0 0 0 0 0 0 0 0 0 0 0 0 0 0 0 0 0 0 0 0 0 0 0 0 0 0 0 0 0 0 0 0 0 0 0 0 0 0 0 0 0 0 0 0 0 0 0 0 0 0 0 0 0 0 0 0 0 0 0 0 0 0 0 0 0 0 0 0 0 0 0 0 0 0 0 0 0 0 0 0 0 0 0 0 0 0 0 0 0 0 0 0 0 0 0 0 0 0 0 0 0 0 0 0 0 0 0 0 0 0 0 0 0 0 0 0 0 0 0 0 0 0 0 0 0 0 0 0 0 0 0 0 0 0 0 0 0 0 0 0 0 0 0 0 0 0 0 0 0 0 0 0 0 0 0 0 0 0 0 0 0 0 0 0 0 0 0 0 0 0 0 0 0 0 0 0 0 0 0 0 0 0 0 0 0 0 0 0 0 0 0 0 0 0 0 0 0 0 0 0 0 0 0 0 0 0 0 0 0 0 0 0 0 0 0 0 0 0 0 0 0 0 0 0 0 0 0 0 0 0 0 0 0 0 0 0 0 0 0 0 0 0 0 0 0 0 0 0 0 0 0 0 0 0 0 0 0 0 0 0 0 0 0 0 0 0 0 0 0 0 0 0 0 0 0 0 0 0 0 0 0 0 0 0 0 0 0 0 0 0 0 0 0 0 0 0 0 0 0 0 0 0 0 0 0 0 0 0 0 0 0 0 0 0 0 0 0 0 0 0 0 0 0 0 0 0 0 0 0 0 0 0 0 0 0 0 0 0 0 0 0 0 0 0 0 0 0 0 0 0 0 0 0 0 0 0 0 0 0 0 0 0 0 0 0 0 0 0 0 0 0 0 0 0 0 0 0 0 0 0 0 0 0 0 0 0 0 0 0 0 0 0 0 0 0 0 0 0 0 0 0 0 0 0 0 0 0 0 0 0 0 0 0 0 0 0 0 0 0 0 0 0 0 0 0 0 0 0 0 0 0 0 0 0 0 0 0 0 0 0 0 0 0 0 0 0 0 0 0 0 0 0 0 0 0 0 0 0 0 0 0 0 0 0 0 0 0 0 0 0 0 0 0 0 0 0 0 0 0 0 0 0 0 0 0 0 0 0 0 0 0 0 0 0 0 0 0 0 0 0 0 0 0 0 0 0 0 0 0 0 0 0 0 0 0 0 0 0 0 0 0 0 0 0 0 0 0 0 0 0 0 0 0 0 0 0 0 0 0 0 0 0 0 0 0 0 0 0 0 0 0 0 0 0 0 0 0 0 0 0 0 0 0 0 0 0 0 0 0 0 0 0 0 0 0 0 0 0 0 0 0 0 0 0 0 0 0 0 0 0 0 0 0 0 0 0 0 0 0 0 0 0 0 0 0 0 0 0 0 0 0 0 0 0 0 0 0 0 0 0 0 0 0 0 0 0 0 0 0 0 0 0 0 0 0 0 0 0 0 0 0 0 0 0 0 0 0 0 0 0 0 0 0 0 0 0 0 0 0 0 0 0 0 0 0 0 0 0 0 0 0 0 0 0 0 0 0 0 0 0 0 0 0 0 0 0 0 0 0 0 0 0 0 0 0 0 0 0 0 0 0 0 0 0 0 0 0 0 0 0 0 0 0 0 0 0 0 0 0 0 0 0 0 0 0 0 0 0 0 0 0 0 0 0 0 0 0 0 0 0 0 0 0 0 0 0 0
ctxt 6800715
btime 1613064757
processes 133961
procs_running 1
procs_blocked 0
softirq 116566758 1 71177123 1782 1162028 0 0 877 3625301 0 40599646
