cpu  4366845 3 7604 6751554 457 0 657 0 0 0
cpu0 121234 0 296 187297 1 0 219 0 0 0
cpu1 121446 0 271 187316 22 0 16 0 0 0
cpu2 121240 0 379 187425 17 0 61 0 0 0
cpu3 121304 0 255 187524 5 0 16 0 0 0
cpu4 121099 0 365 187618 3 0 14 0 0 0
cpu5 121256 0 142 187688 2 0 8 0 0 0
cpu6 121240 0 140 187696 6 0 10 0 0 0
cpu7 121270 0 165 187645 1 0 4 0 0 0
cpu8 121201 0 184 187703 1 0 2 0 0 0
cpu9 121256 0 124 187713 1 0 1 0 0 0
cpu10 121114 0 260 187712 6 0 1 0 0 0
cpu11 121270 0 118 187693 1 0 1 0 0 0
cpu12 121251 0 238 187549 38 0 0 0 0 0
cpu13 121525 0 150 187411 4 0 1 0 0 0
cpu14 121410 0 138 187459 88 0 2 0 0 0
cpu15 120808 0 453 187599 49 0 173 0 0 0
cpu16 121368 0 190 187521 2 0 0 0 0 0
cpu17 121322 0 134 187623 2 0 1 0 0 0
cpu18 121299 0 167 187580 4 0 8 0 0 0
cpu19 121491 0 178 187394 15 0 1 0 0 0
cpu20 121174 0 397 187493 5 0 19 0 0 0
cpu21 121301 0 144 187647 1 0 1 0 0 0
cpu22 121250 0 202 187608 23 0 0 0 0 0
cpu23 121169 0 191 187704 0 0 26 0 0 0
cpu24 121305 0 92 187683 7 0 0 0 0 0
cpu25 121168 0 255 187631 13 0 21 0 0 0
cpu26 121253 0 161 187668 2 0 1 0 0 0
cpu27 121627 0 229 187211 16 0 0 0 0 0
cpu28 121513 0 342 187225 2 0 2 0 0 0
cpu29 121262 0 114 187692 1 0 1 0 0 0
cpu30 121686 0 281 187020 77 0 10 0 0 0
cpu31 121487 0 180 187410 1 0 0 0 0 0
cpu32 121305 0 73 187702 1 0 0 0 0 0
cpu33 121281 1 232 187532 6 0 21 0 0 0
cpu34 121279 0 224 187559 13 0 1 0 0 0
cpu35 121365 0 127 187584 2 0 1 0 0 0
intr 12437507 56 0 0 0 610 0 0 0 1 0 250 0 0 0 0 0 0 0 0 0 0 0 0 0 0 0 0 0 0 0 0 94 225 393 673 2629 109 175 1061 55 116 62 410 64 4604 305 3545 2010 360 143 245 332 400 112 1340 31 0 0 0 0 326 530 179 840 151 44 10205 86 67 706 328 197 0 0 17 9282 2 0 8481 147 1482 415 362 2837 128 732 965 210 264 299 312 177 498 44976 82 1405 5097 33 220 259 381 43 8 768 125 311 2783 686 6139 275 174 2208 157 1095 0 16 7619 1 0 0 0 0 0 0 0 0 0 0 0 0 0 0 0 0 0 0 0 0 0 0 0 0 0 0 0 0 0 0 0 0 0 0 0 0 0 25 0 0 0 0 0 0 0 0 0 0 0 0 0 0 0 0 0 0 0 0 0 0 0 0 0 0 0 0 0 0 0 0 0 0 0 0 0 0 0 0 0 0 0 0 0 0 0 0 0 0 0 0 0 0 0 0 0 0 0 0 0 0 0 0 0 0 0 0 0 0 0 0 0 0 0 0 0 0 0 0 0 0 0 0 0 0 0 0 0 0 0 0 0 0 0 0 0 0 0 0 0 0 0 0 0 0 0 0 0 0 0 0 0 0 0 0 0 0 0 0 0 0 0 0 0 0 0 0 0 0 0 0 0 0 0 0 0 0 0 0 0 0 0 0 0 0 0 0 0 0 0 0 0 0 0 0 0 0 0 0 0 0 0 0 0 0 0 0 0 0 0 0 0 0 0 0 0 0 0 0 0 0 0 0 0 0 0 0 0 0 0 0 0 0 0 0 0 0 0 0 0 0 0 0 0 0 0 0 0 0 0 0 0 0 0 0 0 0 0 0 0 0 0 0 0 0 0 0 0 0 0 0 0 0 0 0 0 0 0 0 0 0 0 0 0 0 0 0 0 0 0 0 0 0 0 0 0 0 0 0 0 0 0 0 0 0 0 0 0 0 0 0 0 0 0 0 0 0 0 0 0 0 0 0 0 0 0 0 0 0 0 0 0 0 0 0 0 0 0 0 0 0 0 0 0 0 0 0 0 0 0 0 0 0 0 0 0 0 0 0 0 0 0 0 0 0 0 0 0 0 0 0 0 0 0 0 0 0 0 0 0 0 0 0 0 0 0 0 0 0 0 0 0 0 0 0 0 0 0 0 0 0 0 0 0 0 0 0 0 0 0 0 0 0 0 0 0 0 0 0 0 0 0 0 0 0 0 0 0 0 0 0 0 0 0 0 0 0 0 0 0 0 0 0 0 0 0 0 0 0 0 0 0 0 0 0 0 0 0 0 0 0 0 0 0 0 0 0 0 0 0 0 0 0 0 0 0 0 0 0 0 0 0 0 0 0 0 0 0 0 0 0 0 0 0 0 0 0 0 0 0 0 0 0 0 0 0 0 0 0 0 0 0 0 0 0 0 0 0 0 0 0 0 0 0 0 0 0 0 0 0 0 0 0 0 0 0 0 0 0 0 0 0 0 0 0 0 0 0 0 0 0 0 0 0 0 0 0 0 0 0 0 0 0 0 0 0 0 0 0 0 0 0 0 0 0 0 0 0 0 0 0 0 0 0 0 0 0 0 0 0 0 0 0 0 0 0 0 0 0 0 0 0 0 0 0 0 0 0 0 0 0 0 0 0 0 0 0 0 0 0 0 0 0 0 0 0 0 0 0 0 0 0 0 0 0 0 0 0 0 0 0 0 0 0 0 0 0 0 0 0 0 0 0 0 0 0 0 0 0 0 0 0 0 0 0 0 0 0 0 0 0 0 0 0 0 0 0 0 0 0 0 0 0 0 0 0 0 0 0 0 0 0 0 0 0 0 0 0 0 0 0 0 0 0 0 0 0 0 0 0 0 0 0 0 0 0 0 0 0 0 0 0 0 0 0 0 0 0 0 0 0 0 0 0 0 0 0 0 0 0 0 0 0 0 0 0 0 0 0 0 0 0 0 0 0 0 0 0 0 0 0 0 0 0 0 0 0 0 0 0 0 0 0 0 0 0 0 0 0 0 0 0 0 0 0 0 0 0 0 0 0 0 0 0 0 0 0 0 0 0 0 0 0 0 0 0 0 0 0 0 0 0 0 0 0 0 0 0 0 0 0 0 0 0 0 0 0 0 0 0 0 0 0 0 0 0 0 0 0 0 0 0 0 0 0 0 0 0 0 0 0 0 0 0 0 0 0 0 0 0 0 0 0 0 0 0 0 0 0 0 0 0 0 0 0 0 0 0 0 0 0 0 0 0 0 0 0 0 0 0 0 0 0 0 0 0 0 0 0 0 0 0 0 0 0 0 0 0 0 0 0 0 0 0 0 0 0 0 0 0 0 0 0 0 0 0 0 0 0 0 0 0 0 0 0 0 0 0 0 0 0 0 0 0 0 0 0 0 0 0 0 0 0 0 0 0 0 0 0 0 0 0 0 0 0 0 0 0 0 0 0 0 0 0 0 0 0 0 0 0 0 0 0 0 0 0 0 0 0 0 0 0 0 0 0 0 0 0 0 0 0 0 0 0 0 0 0 0 0 0 0 0 0 0 0 0 0 0 0 0 0 0 0 0 0 0 0 0 0 0 0 0 0 0 0 0 0 0 0 0 0 0 0 0 0 0 0 0 0 0 0 0 0 0 0 0 0 0 0 0 0 0 0 0 0 0 0 0 0 0 0 0 0 0 0 0 0 0 0 0 0 0 0 0 0 0 0 0 0 0 0 0 0 0 0 0 0 0 0 0 0 0 0 0 0 0 0 0 0 0 0 0 0 0 0 0 0 0 0 0 0 0 0 0 0 0 0 0 0 0 0 0 0 0 0 0 0 0 0
ctxt 3897831
btime 1613124388
processes 96890
procs_running 1
procs_blocked 0
softirq 16022166 1 9073275 447 719312 0 0 82599 513624 0 5632908
