cpu  29950718 4 56108 7089710 515 0 4570 0 0 0
cpu0 831509 0 1529 197008 9 0 842 0 0 0
cpu1 830756 0 2800 196936 1 0 128 0 0 0
cpu2 831371 0 1949 197215 2 0 55 0 0 0
cpu3 832065 0 1106 197305 17 0 104 0 0 0
cpu4 831433 0 1714 197378 2 0 77 0 0 0
cpu5 831754 0 1464 197300 2 0 82 0 0 0
cpu6 831639 0 1841 197053 1 0 60 0 0 0
cpu7 832293 0 1041 197205 5 0 50 0 0 0
cpu8 831998 0 1609 196936 6 0 47 0 0 0
cpu9 829862 0 3260 197308 9 0 162 0 0 0
cpu10 831606 0 1727 197123 4 0 129 0 0 0
cpu11 831198 0 2296 196977 2 0 106 0 0 0
cpu12 832591 0 1090 196824 11 0 68 0 0 0
cpu13 830730 0 2762 197048 4 0 49 0 0 0
cpu14 829982 0 3839 196548 4 0 213 0 0 0
cpu15 833364 0 2387 194787 14 0 44 0 0 0
cpu16 831044 0 2424 196935 2 0 176 0 0 0
cpu17 831883 0 1436 197184 2 0 86 0 0 0
cpu18 832667 0 618 197235 51 0 25 0 0 0
cpu19 832361 0 955 197143 4 0 124 0 0 0
cpu20 832356 0 1004 197148 41 0 43 0 0 0
cpu21 832355 0 856 197292 42 0 60 0 0 0
cpu22 832631 0 544 197328 58 0 30 0 0 0
cpu23 831548 0 1624 197352 10 0 47 0 0 0
cpu24 832724 0 850 196969 0 0 35 0 0 0
cpu25 832648 0 615 197315 0 0 16 0 0 0
cpu26 832714 0 600 197251 1 0 28 0 0 0
cpu27 832140 0 1170 197249 0 0 34 0 0 0
cpu28 830028 0 2154 197205 0 0 1202 0 0 0
cpu29 832375 0 1231 196887 16 0 63 0 0 0
cpu30 832541 0 870 197138 2 0 28 0 0 0
cpu31 832683 0 1238 196606 4 0 49 0 0 0
cpu32 832891 1 1853 195773 7 0 66 0 0 0
cpu33 833189 2 1104 196181 7 0 101 0 0 0
cpu34 833928 0 982 195494 122 0 46 0 0 0
cpu35 831850 0 1550 197057 34 0 82 0 0 0
intr 82467164 56 0 0 0 609 0 0 0 1 0 257 0 0 0 0 0 0 0 0 0 0 0 0 0 0 0 0 0 0 0 0 92 580 46 395 175 338 430 182 1489 468 830 460 340 779 728 449 581 812 526 1764 226 2547 1527 2844 1631 0 0 0 0 19 187 580 14 1219 713 304 629 663 540 10356 3607 0 0 16 11945 2 0 23238 1084 4007 1783 4694 2286 7458 1996 2026 5723 3057 4216 1623 1709 1638 4476 8609 2458 4645 7327 6646 4734 887 1572 2016 763 1957 1852 242069 7725 3148 3720 1753 2519 7816 2960 0 17 7914 1 0 0 0 0 0 0 0 0 0 0 0 0 0 0 0 0 0 0 0 0 0 0 0 0 0 0 0 0 0 0 0 0 0 0 0 0 0 22 0 0 0 0 0 0 0 0 0 0 0 0 0 0 0 0 0 0 0 0 0 0 0 0 0 0 0 0 0 0 0 0 0 0 0 0 0 0 0 0 0 0 0 0 0 0 0 0 0 0 0 0 0 0 0 0 0 0 0 0 0 0 0 0 0 0 0 0 0 0 0 0 0 0 0 0 0 0 0 0 0 0 0 0 0 0 0 0 0 0 0 0 0 0 0 0 0 0 0 0 0 0 0 0 0 0 0 0 0 0 0 0 0 0 0 0 0 0 0 0 0 0 0 0 0 0 0 0 0 0 0 0 0 0 0 0 0 0 0 0 0 0 0 0 0 0 0 0 0 0 0 0 0 0 0 0 0 0 0 0 0 0 0 0 0 0 0 0 0 0 0 0 0 0 0 0 0 0 0 0 0 0 0 0 0 0 0 0 0 0 0 0 0 0 0 0 0 0 0 0 0 0 0 0 0 0 0 0 0 0 0 0 0 0 0 0 0 0 0 0 0 0 0 0 0 0 0 0 0 0 0 0 0 0 0 0 0 0 0 0 0 0 0 0 0 0 0 0 0 0 0 0 0 0 0 0 0 0 0 0 0 0 0 0 0 0 0 0 0 0 0 0 0 0 0 0 0 0 0 0 0 0 0 0 0 0 0 0 0 0 0 0 0 0 0 0 0 0 0 0 0 0 0 0 0 0 0 0 0 0 0 0 0 0 0 0 0 0 0 0 0 0 0 0 0 0 0 0 0 0 0 0 0 0 0 0 0 0 0 0 0 0 0 0 0 0 0 0 0 0 0 0 0 0 0 0 0 0 0 0 0 0 0 0 0 0 0 0 0 0 0 0 0 0 0 0 0 0 0 0 0 0 0 0 0 0 0 0 0 0 0 0 0 0 0 0 0 0 0 0 0 0 0 0 0 0 0 0 0 0 0 0 0 0 0 0 0 0 0 0 0 0 0 0 0 0 0 0 0 0 0 0 0 0 0 0 0 0 0 0 0 0 0 0 0 0 0 0 0 0 0 0 0 0 0 0 0 0 0 0 0 0 0 0 0 0 0 0 0 0 0 0 0 0 0 0 0 0 0 0 0 0 0 0 0 0 0 0 0 0 0 0 0 0 0 0 0 0 0 0 0 0 0 0 0 0 0 0 0 0 0 0 0 0 0 0 0 0 0 0 0 0 0 0 0 0 0 0 0 0 0 0 0 0 0 0 0 0 0 0 0 0 0 0 0 0 0 0 0 0 0 0 0 0 0 0 0 0 0 0 0 0 0 0 0 0 0 0 0 0 0 0 0 0 0 0 0 0 0 0 0 0 0 0 0 0 0 0 0 0 0 0 0 0 0 0 0 0 0 0 0 0 0 0 0 0 0 0 0 0 0 0 0 0 0 0 0 0 0 0 0 0 0 0 0 0 0 0 0 0 0 0 0 0 0 0 0 0 0 0 0 0 0 0 0 0 0 0 0 0 0 0 0 0 0 0 0 0 0 0 0 0 0 0 0 0 0 0 0 0 0 0 0 0 0 0 0 0 0 0 0 0 0 0 0 0 0 0 0 0 0 0 0 0 0 0 0 0 0 0 0 0 0 0 0 0 0 0 0 0 0 0 0 0 0 0 0 0 0 0 0 0 0 0 0 0 0 0 0 0 0 0 0 0 0 0 0 0 0 0 0 0 0 0 0 0 0 0 0 0 0 0 0 0 0 0 0 0 0 0 0 0 0 0 0 0 0 0 0 0 0 0 0 0 0 0 0 0 0 0 0 0 0 0 0 0 0 0 0 0 0 0 0 0 0 0 0 0 0 0 0 0 0 0 0 0 0 0 0 0 0 0 0 0 0 0 0 0 0 0 0 0 0 0 0 0 0 0 0 0 0 0 0 0 0 0 0 0 0 0 0 0 0 0 0 0 0 0 0 0 0 0 0 0 0 0 0 0 0 0 0 0 0 0 0 0 0 0 0 0 0 0 0 0 0 0 0 0 0 0 0 0 0 0 0 0 0 0 0 0 0 0 0 0 0 0 0 0 0 0 0 0 0 0 0 0 0 0 0 0 0 0 0 0 0 0 0 0 0 0 0 0 0 0 0 0 0 0 0 0 0 0 0 0 0 0 0 0 0 0 0 0 0 0 0 0 0 0 0 0 0 0 0 0 0 0 0 0 0 0 0 0 0 0 0 0 0 0 0 0 0 0 0 0 0 0 0 0 0 0 0 0 0 0 0 0 0 0 0 0 0 0 0 0 0 0 0 0 0 0 0 0 0 0 0 0 0 0 0 0 0 0 0 0 0 0 0 0 0 0 0 0 0 0 0 0 0 0 0 0 0 0 0 0 0 0 0 0 0 0 0 0 0 0 0 0 0 0 0 0 0 0 0 0 0 0 0 0 0 0 0 0 0 0 0 0 0 0 0 0 0 0 0 0 0 0 0 0 0 0 0 0 0 0 0 0 0 0 0 0 0 0 0 0 0 0 0 0 0 0
ctxt 21111144
btime 1613124388
processes 528532
procs_running 1
procs_blocked 0
softirq 106869599 1 61797920 883 4001099 0 0 383791 2792866 0 37893039
