cpu  11409234 5 18329 2364737 112 0 1124 0 0 0
cpu0 178092 0 554 36636 0 0 203 0 0 0
cpu1 178248 0 206 37045 8 0 52 0 0 0
cpu2 177824 0 578 37122 0 0 7 0 0 0
cpu3 178288 0 128 37112 0 0 10 0 0 0
cpu4 177461 0 968 36986 0 0 116 0 0 0
cpu5 178317 0 108 37110 0 0 2 0 0 0
cpu6 177893 0 866 36670 1 0 43 0 0 0
cpu7 178210 0 206 37098 0 0 14 0 0 0
cpu8 177938 0 640 36951 0 0 5 0 0 0
cpu9 178136 0 276 37117 0 0 10 0 0 0
cpu10 178560 0 732 36190 10 0 28 0 0 0
cpu11 178167 0 254 37094 1 0 4 0 0 0
cpu12 177740 0 921 36861 1 0 12 0 0 0
cpu13 178286 0 139 37110 0 0 4 0 0 0
cpu14 177939 0 846 36700 15 0 22 0 0 0
cpu15 178321 0 104 37104 0 0 4 0 0 0
cpu16 178166 0 414 36922 0 0 14 0 0 0
cpu17 177778 0 556 37102 0 0 97 0 0 0
cpu18 178086 0 408 37031 0 0 2 0 0 0
cpu19 178376 0 45 37112 0 0 0 0 0 0
cpu20 178176 0 438 36921 0 0 3 0 0 0
cpu21 178280 0 136 37112 0 0 6 0 0 0
cpu22 178033 0 549 36908 0 0 36 0 0 0
cpu23 178383 0 45 37107 0 0 0 0 0 0
cpu24 178134 0 360 36937 41 0 22 0 0 0
cpu25 178350 0 74 37107 0 0 1 0 0 0
cpu26 178242 0 216 37066 0 0 3 0 0 0
cpu27 178313 0 98 37111 1 0 8 0 0 0
cpu28 178201 0 278 37030 0 0 13 0 0 0
cpu29 178360 0 76 37093 2 0 1 0 0 0
cpu30 178412 0 238 36861 0 0 9 0 0 0
cpu31 178366 0 58 37101 7 0 0 0 0 0
cpu32 178355 0 202 36967 0 0 1 0 0 0
cpu33 178308 0 105 37104 0 0 6 0 0 0
cpu34 178304 0 154 37063 0 0 0 0 0 0
cpu35 178319 0 96 37104 0 0 7 0 0 0
cpu36 178266 0 185 37069 0 0 4 0 0 0
cpu37 178338 0 86 37101 0 0 2 0 0 0
cpu38 178238 0 476 36783 0 0 8 0 0 0
cpu39 178082 0 288 37105 0 0 52 0 0 0
cpu40 178282 0 306 36925 0 0 3 0 0 0
cpu41 178159 0 257 37104 0 0 7 0 0 0
cpu42 179920 0 554 35000 1 0 9 0 0 0
cpu43 178142 0 279 37098 0 0 7 0 0 0
cpu44 178964 0 427 36125 1 0 3 0 0 0
cpu45 178182 0 223 37101 0 0 19 0 0 0
cpu46 178568 0 357 36563 2 0 18 0 0 0
cpu47 178263 0 155 37094 0 0 10 0 0 0
cpu48 178615 0 223 36682 0 0 2 0 0 0
cpu49 178146 0 249 37101 0 0 27 0 0 0
cpu50 178376 2 244 36885 0 0 7 0 0 0
cpu51 178310 0 52 37076 0 0 69 0 0 0
cpu52 178204 0 383 36929 0 0 0 0 0 0
cpu53 178248 0 151 37102 0 0 19 0 0 0
cpu54 178272 0 230 37001 0 0 9 0 0 0
cpu55 178380 0 48 37091 0 0 0 0 0 0
cpu56 178325 0 128 37053 0 0 1 0 0 0
cpu57 178362 0 62 37092 1 0 0 0 0 0
cpu58 178261 0 216 37027 0 0 2 0 0 0
cpu59 178135 0 246 37086 0 0 50 0 0 0
cpu60 178366 0 119 37031 0 0 2 0 0 0
cpu61 178369 0 56 37093 0 0 0 0 0 0
cpu62 178693 0 158 36662 0 0 4 0 0 0
cpu63 178382 0 71 37063 0 0 0 0 0 0
intr 32697350 82 0 0 0 634 0 0 0 1 0 282 0 0 0 0 0 0 0 0 0 0 0 0 0 0 0 0 0 0 0 0 0 0 0 0 0 0 0 1139 11635 1935 5505 237 823 114 5239 15 5244 7 2015 204 1 453 1862 4886 3983 0 0 0 3605 2836 35 4137 1348 2 0 73 1020 4 717 137 5149 95 665 52 238 373 1371 0 4534 1134 2576 237 12414 1483 5631 2 8597 57 50511 495 5910 553 0 152 450 339 3 21 2 40 60 0 0 0 0 0 0 0 0 0 0 0 0 0 0 0 0 0 95 31377 0 0 0 0 0 0 0 0 0 0 0 0 0 0 0 0 0 0 0 0 0 0 0 0 0 0 0 0 0 0 0 0 0 0 0 0 0 0 0 0 0 0 0 0 0 0 0 0 0 0 0 0 0 0 0 0 0 0 0 0 0 0 0 0 0 0 0 0 0 0 0 0 0 0 0 20 0 0 0 0 0 0 0 0 0 0 0 0 0 0 0 0 0 0 0 0 0 0 0 0 0 0 0 0 0 0 0 0 0 0 0 0 0 0 0 0 0 0 0 0 0 0 0 0 0 0 0 0 0 0 0 0 0 0 0 0 0 0 0 0 0 0 0 0 0 0 0 0 0 0 0 0 0 0 0 0 0 0 0 0 0 0 0 0 0 0 0 0 0 0 0 0 0 0 0 0 0 0 0 0 0 0 0 0 0 0 0 0 0 0 0 0 0 0 0 0 0 0 0 0 0 0 0 0 0 0 0 0 0 0 0 0 0 0 0 0 0 0 0 0 0 0 0 0 0 0 0 0 0 0 0 0 0 0 0 0 0 0 0 0 0 0 0 0 0 0 0 0 0 0 0 0 0 0 0 0 0 0 0 0 0 0 0 0 0 0 0 0 0 0 0 0 0 0 0 0 0 0 0 0 0 0 0 0 0 0 0 0 0 0 0 0 0 0 0 0 0 0 0 0 0 0 0 0 0 0 0 0 0 0 0 0 0 0 0 0 0 0 0 0 0 0 0 0 0 0 0 0 0 0 0 0 0 0 0 0 0 0 0 0 0 0 0 0 0 0 0 0 0 0 0 0 0 0 0 0 0 0 0 0 0 0 0 0 0 0 0 0 0 0 0 0 0 0 0 0 0 0 0 0 0 0 0 0 0 0 0 0 0 0 0 0 0 0 0 0 0 0 0 0 0 0 0 0 0 0 0 0 0 0 0 0 0 0 0 0 0 0 0 0 0 0 0 0 0 0 0 0 0 0 0 0 0 0 0 0 0 0 0 0 0 0 0 0 0 0 0 0 0 0 0 0 0 0 0 0 0 0 0 0 0 0 0 0 0 0 0 0 0 0 0 0 0 0 0 0 0 0 0 0 0 0 0 0 0 0 0 0 0 0 0 0 0 0 0 0 0 0 0 0 0 0 0 0 0 0 0 0 0 0 0 0 0 0 0 0 0 0 0 0 0 0 0 0 0 0 0 0 0 0 0 0 0 0 0 0 0 0 0 0 0 0 0 0 0 0 0 0 0 0 0 0 0 0 0 0 0 0 0 0 0 0 0 0 0 0 0 0 0 0 0 0 0 0 0 0 0 0 0 0 0 0 0 0 0 0 0 0 0 0 0 0 0 0 0 0 0 0 0 0 0 0 0 0 0 0 0 0 0 0 0 0 0 0 0 0 0 0 0 0 0 0 0 0 0 0 0 0 0 0 0 0 0 0 0 0 0 0 0 0 0 0 0 0 0 0 0 0 0 0 0 0 0 0 0 0 0 0 0 0 0 0 0 0 0 0 0 0 0 0 0 0 0 0 0 0 0 0 0 0 0 0 0 0 0 0 0 0 0 0 0 0 0 0 0 0 0 0 0 0 0 0 0 0 0 0 0 0 0 0 0 0 0 0 0 0 0 0 0 0 0 0 0 0 0 0 0 0 0 0 0 0 0 0 0 0 0 0 0 0 0 0 0 0 0 0 0 0 0 0 0 0 0 0 0 0 0 0 0 0 0 0 0 0 0 0 0 0 0 0 0 0 0 0 0 0 0 0 0 0 0 0 0 0 0 0 0 0 0 0 0 0 0 0 0 0 0 0 0 0 0 0 0 0 0 0 0 0 0 0 0 0 0 0 0 0 0 0 0 0 0 0 0 0 0 0 0 0 0 0 0 0 0 0 0 0 0 0 0 0 0 0 0 0 0 0 0 0 0 0 0 0 0 0 0 0 0 0 0 0 0 0 0 0 0 0 0 0 0 0 0 0 0 0 0 0 0 0 0 0 0 0 0 0 0 0 0 0 0 0 0 0 0 0 0 0 0 0 0 0 0 0 0 0 0 0 0 0 0 0 0 0 0 0 0 0 0 0 0 0 0 0 0 0 0 0 0 0 0 0 0 0 0 0 0 0 0 0 0 0 0 0 0 0 0 0 0 0 0 0 0 0 0 0 0 0 0 0 0 0 0 0 0 0 0 0 0 0 0 0 0 0 0 0 0 0 0 0 0 0 0 0 0 0 0 0 0 0 0 0 0 0 0 0 0 0 0 0 0 0 0 0 0 0 0 0 0 0 0 0 0 0 0 0 0 0 0 0 0 0 0 0 0 0 0 0 0 0 0 0 0 0 0 0 0 0 0 0 0 0 0 0 0 0 0 0 0 0 0 0 0 0 0 0 0 0 0 0 0 0 0 0 0 0 0 0 0 0 0 0 0 0 0 0 0 0 0 0 0 0 0 0 0 0 0 0 0 0 0 0 0 0 0 0 0 0 0 0 0 0 0 0 0 0 0 0 0 0 0 0 0 0 0 0 0 0 0 0 0 0 0 0 0 0 0 0 0 0 0 0 0 0 0 0 0 0 0 0 0 0 0 0 0 0 0 0 0 0 0 0 0 0 0 0 0 0 0 0 0 0 0 0 0 0 0 0 0 0 0 0 0 0 0 0 0 0 0 0 0 0 0 0 0 0 0 0 0 0 0 0 0 0 0 0 0 0 0 0 0 0 0 0 0 0 0 0 0 0 0 0 0 0 0 0 0 0 0 0 0 0 0 0 0 0 0 0 0 0 0 0 0 0 0 0 0 0 0 0 0 0 0 0 0 0 0 0 0 0 0 0 0 0 0 0 0 0 0 0 0 0 0 0 0 0 0 0 0 0 0 0 0 0 0 0 0 0 0 0 0 0 0 0 0 0 0 0 0 0 0 0 0 0 0 0 0 0 0 0 0 0 0 0 0 0 0 0 0 0 0 0 0 0 0 0 0 0 0 0 0 0 0 0 0 0 0 0 0 0 0 0 0 0 0 0 0 0 0 0 0 0 0 0 0 0 0 0 0 0 0 0 0 0 0 0 0 0 0 0 0 0 0 0 0 0 0 0 0 0 0 0 0 0 0 0 0 0 0 0 0 0 0 0 0 0 0 0 0 0 0 0 0 0 0 0 0 0 0 0 0 0 0 0 0 0 0 0 0 0 0 0 0 0 0 0 0 0 0 0 0 0 0 0 0 0 0 0 0 0 0 0 0 0 0 0 0 0 0 0 0 0 0 0 0 0 0 0 0 0 0 0 0 0 0 0 0 0 0 0 0 0 0 0 0 0 0 0 0 0 0 0 0 0 0 0 0 0 0 0 0 0 0 0 0 0 0 0 0 0 0 0 0 0 0 0 0 0 0 0 0 0 0 0 0 0 0 0 0 0 0 0 0 0 0 0 0 0 0 0 0 0 0 0 0 0 0 0 0 0 0 0 0 0 0 0 0 0 0 0 0 0 0 0 0 0 0 0 0 0 0 0 0 0 0 0 0 0 0 0 0 0 0 0 0 0 0 0 0 0 0 0 0 0 0 0 0 0 0 0 0 0 0 0 0 0 0 0 0 0 0 0 0 0 0 0 0 0 0 0 0 0 0 0 0 0 0 0 0 0 0 0 0 0 0 0 0 0 0 0 0 0 0 0 0 0 0 0 0 0 0 0 0 0 0 0 0 0 0 0 0 0 0 0 0 0 0 0 0 0 0 0 0 0 0 0 0 0 0 0 0 0 0 0 0 0 0 0 0 0 0 0 0 0 0 0 0 0 0 0 0 0 0 0 0 0 0 0 0 0 0 0 0 0 0 0 0 0 0 0 0 0 0 0 0 0 0 0 0 0 0 0 0 0 0 0 0 0 0 0 0 0 0 0 0 0 0 0 0 0 0 0 0 0 0 0 0 0 0 0 0 0 0 0 0 0 0 0 0 0 0 0 0 0 0 0 0 0 0 0 0 0 0 0 0 0 0 0 0 0 0 0 0 0 0 0 0 0 0 0 0 0 0 0 0 0 0 0 0 0 0 0 0 0 0 0 0 0 0 0 0 0 0 0 0 0 0 0 0 0 0 0 0 0 0 0 0 0 0 0 0 0 0 0 0 0 0 0 0 0 0 0 0 0 0 0 0 0 0 0 0 0 0 0 0 0 0 0 0 0 0 0 0 0 0 0 0 0 0 0 0 0 0 0 0 0 0 0 0 0 0 0 0 0 0 0 0 0 0 0 0 0 0 0 0 0 0 0 0 0 0 0 0 0 0 0 0 0 0 0 0 0 0 0 0 0 0 0 0 0 0 0 0 0 0 0 0 0 0 0 0 0 0 0 0 0 0 0 0 0 0 0 0 0 0 0 0 0 0 0 0 0 0 0 0 0 0 0 0 0 0 0 0 0 0 0 0 0 0 0 0 0 0 0 0 0 0 0 0 0 0 0 0 0 0 0 0 0 0 0 0 0 0 0 0 0 0 0 0 0 0 0 0 0 0 0 0 0 0 0 0 0 0 0 0 0 0 0 0 0 0 0 0 0 0 0 0 0 0 0 0 0 0 0 0 0 0 0 0 0 0 0 0 0 0 0 0 0 0 0 0 0 0 0 0 0 0 0 0 0 0 0 0 0 0 0 0 0 0 0 0 0 0 0 0 0 0 0 0 0 0 0 0 0 0 0 0 0 0 0 0 0 0 0 0 0 0 0 0 0 0 0 0 0 0 0 0 0 0 0 0 0 0 0 0 0 0 0 0 0 0 0 0 0 0 0 0 0 0 0 0 0 0 0 0 0 0 0 0 0 0 0 0 0 0 0 0 0 0 0 0 0 0 0 0 0 0 0 0 0 0 0 0 0 0 0 0 0 0 0 0 0 0 0 0 0 0 0 0 0 0 0 0 0 0 0 0
ctxt 4950644
btime 1613144793
processes 112746
procs_running 1
procs_blocked 0
softirq 37613635 1 21865131 1119 924561 0 0 145 1173927 0 13648751
