cpu  18656732 4 26698 6887475 514 0 2890 0 0 0
cpu0 517950 0 810 191271 9 0 518 0 0 0
cpu1 517899 0 881 191521 1 0 107 0 0 0
cpu2 517808 0 1084 191457 2 0 36 0 0 0
cpu3 517889 0 853 191553 17 0 86 0 0 0
cpu4 517959 0 744 191631 2 0 64 0 0 0
cpu5 518078 0 671 191618 2 0 32 0 0 0
cpu6 518159 0 753 191432 1 0 51 0 0 0
cpu7 518193 0 629 191535 5 0 34 0 0 0
cpu8 518443 0 660 191258 6 0 30 0 0 0
cpu9 516392 0 2297 191570 9 0 135 0 0 0
cpu10 518082 0 746 191511 4 0 41 0 0 0
cpu11 518331 0 764 191240 2 0 42 0 0 0
cpu12 518539 0 707 191082 11 0 50 0 0 0
cpu13 518349 0 643 191386 4 0 13 0 0 0
cpu14 518372 0 1096 190807 4 0 107 0 0 0
cpu15 518936 0 916 190505 14 0 26 0 0 0
cpu16 518410 0 708 191234 2 0 31 0 0 0
cpu17 518138 0 724 191458 2 0 67 0 0 0
cpu18 518396 0 442 191490 51 0 17 0 0 0
cpu19 518086 0 787 191394 4 0 120 0 0 0
cpu20 518059 0 798 191460 41 0 36 0 0 0
cpu21 518135 0 638 191534 42 0 55 0 0 0
cpu22 518286 0 447 191573 58 0 27 0 0 0
cpu23 518372 0 372 191617 10 0 14 0 0 0
cpu24 518493 0 544 191316 0 0 33 0 0 0
cpu25 518380 0 362 191642 0 0 12 0 0 0
cpu26 518439 0 432 191507 0 0 15 0 0 0
cpu27 517960 0 826 191575 0 0 28 0 0 0
cpu28 516799 0 1318 191457 0 0 815 0 0 0
cpu29 518536 0 446 191366 16 0 12 0 0 0
cpu30 518440 0 440 191481 2 0 21 0 0 0
cpu31 518986 0 439 190943 4 0 10 0 0 0
cpu32 519520 1 784 190031 7 0 47 0 0 0
cpu33 518155 2 789 191343 7 0 92 0 0 0
cpu34 519324 0 646 190251 122 0 36 0 0 0
cpu35 518426 0 486 191410 34 0 16 0 0 0
intr 51462845 56 0 0 0 609 0 0 0 1 0 257 0 0 0 0 0 0 0 0 0 0 0 0 0 0 0 0 0 0 0 0 92 561 46 395 175 311 164 180 1487 468 753 435 336 497 483 448 527 468 526 1673 226 2547 1527 2844 1523 0 0 0 0 19 85 226 14 846 462 299 627 663 533 10318 3528 0 0 16 10796 2 0 15292 726 3343 1551 4290 2044 6832 1527 1952 1983 2091 3472 1321 805 1137 3619 2460 2134 2773 6667 6205 4403 724 1101 1733 631 1771 1399 152465 1285 2703 1436 1043 1952 3963 591 0 17 7794 1 0 0 0 0 0 0 0 0 0 0 0 0 0 0 0 0 0 0 0 0 0 0 0 0 0 0 0 0 0 0 0 0 0 0 0 0 0 22 0 0 0 0 0 0 0 0 0 0 0 0 0 0 0 0 0 0 0 0 0 0 0 0 0 0 0 0 0 0 0 0 0 0 0 0 0 0 0 0 0 0 0 0 0 0 0 0 0 0 0 0 0 0 0 0 0 0 0 0 0 0 0 0 0 0 0 0 0 0 0 0 0 0 0 0 0 0 0 0 0 0 0 0 0 0 0 0 0 0 0 0 0 0 0 0 0 0 0 0 0 0 0 0 0 0 0 0 0 0 0 0 0 0 0 0 0 0 0 0 0 0 0 0 0 0 0 0 0 0 0 0 0 0 0 0 0 0 0 0 0 0 0 0 0 0 0 0 0 0 0 0 0 0 0 0 0 0 0 0 0 0 0 0 0 0 0 0 0 0 0 0 0 0 0 0 0 0 0 0 0 0 0 0 0 0 0 0 0 0 0 0 0 0 0 0 0 0 0 0 0 0 0 0 0 0 0 0 0 0 0 0 0 0 0 0 0 0 0 0 0 0 0 0 0 0 0 0 0 0 0 0 0 0 0 0 0 0 0 0 0 0 0 0 0 0 0 0 0 0 0 0 0 0 0 0 0 0 0 0 0 0 0 0 0 0 0 0 0 0 0 0 0 0 0 0 0 0 0 0 0 0 0 0 0 0 0 0 0 0 0 0 0 0 0 0 0 0 0 0 0 0 0 0 0 0 0 0 0 0 0 0 0 0 0 0 0 0 0 0 0 0 0 0 0 0 0 0 0 0 0 0 0 0 0 0 0 0 0 0 0 0 0 0 0 0 0 0 0 0 0 0 0 0 0 0 0 0 0 0 0 0 0 0 0 0 0 0 0 0 0 0 0 0 0 0 0 0 0 0 0 0 0 0 0 0 0 0 0 0 0 0 0 0 0 0 0 0 0 0 0 0 0 0 0 0 0 0 0 0 0 0 0 0 0 0 0 0 0 0 0 0 0 0 0 0 0 0 0 0 0 0 0 0 0 0 0 0 0 0 0 0 0 0 0 0 0 0 0 0 0 0 0 0 0 0 0 0 0 0 0 0 0 0 0 0 0 0 0 0 0 0 0 0 0 0 0 0 0 0 0 0 0 0 0 0 0 0 0 0 0 0 0 0 0 0 0 0 0 0 0 0 0 0 0 0 0 0 0 0 0 0 0 0 0 0 0 0 0 0 0 0 0 0 0 0 0 0 0 0 0 0 0 0 0 0 0 0 0 0 0 0 0 0 0 0 0 0 0 0 0 0 0 0 0 0 0 0 0 0 0 0 0 0 0 0 0 0 0 0 0 0 0 0 0 0 0 0 0 0 0 0 0 0 0 0 0 0 0 0 0 0 0 0 0 0 0 0 0 0 0 0 0 0 0 0 0 0 0 0 0 0 0 0 0 0 0 0 0 0 0 0 0 0 0 0 0 0 0 0 0 0 0 0 0 0 0 0 0 0 0 0 0 0 0 0 0 0 0 0 0 0 0 0 0 0 0 0 0 0 0 0 0 0 0 0 0 0 0 0 0 0 0 0 0 0 0 0 0 0 0 0 0 0 0 0 0 0 0 0 0 0 0 0 0 0 0 0 0 0 0 0 0 0 0 0 0 0 0 0 0 0 0 0 0 0 0 0 0 0 0 0 0 0 0 0 0 0 0 0 0 0 0 0 0 0 0 0 0 0 0 0 0 0 0 0 0 0 0 0 0 0 0 0 0 0 0 0 0 0 0 0 0 0 0 0 0 0 0 0 0 0 0 0 0 0 0 0 0 0 0 0 0 0 0 0 0 0 0 0 0 0 0 0 0 0 0 0 0 0 0 0 0 0 0 0 0 0 0 0 0 0 0 0 0 0 0 0 0 0 0 0 0 0 0 0 0 0 0 0 0 0 0 0 0 0 0 0 0 0 0 0 0 0 0 0 0 0 0 0 0 0 0 0 0 0 0 0 0 0 0 0 0 0 0 0 0 0 0 0 0 0 0 0 0 0 0 0 0 0 0 0 0 0 0 0 0 0 0 0 0 0 0 0 0 0 0 0 0 0 0 0 0 0 0 0 0 0 0 0 0 0 0 0 0 0 0 0 0 0 0 0 0 0 0 0 0 0 0 0 0 0 0 0 0 0 0 0 0 0 0 0 0 0 0 0 0 0 0 0 0 0 0 0 0 0 0 0 0 0 0 0 0 0 0 0 0 0 0 0 0 0 0 0 0 0 0 0 0 0 0 0 0 0 0 0 0 0 0 0 0 0 0 0 0 0 0 0 0 0 0 0 0 0 0 0 0 0 0 0 0 0 0 0 0 0 0 0 0 0 0 0 0 0 0 0 0 0 0 0 0 0 0 0 0 0 0 0 0 0 0 0 0 0 0 0 0 0 0 0 0 0 0 0 0 0 0 0 0 0 0 0 0 0 0 0 0 0 0 0 0 0 0 0 0 0 0 0 0 0 0 0 0 0 0 0 0 0 0 0 0 0 0 0 0 0 0 0 0 0
ctxt 13284077
btime 1613124388
processes 330622
procs_running 1
procs_blocked 0
softirq 66734104 1 38584524 619 2495085 0 0 247252 1784119 0 23622504
