cpu  25143271 5 38249 11029585 692 0 2931 0 0 0
cpu0 195083 0 2068 85450 0 0 235 0 0 0
cpu1 196171 0 676 86058 7 0 16 0 0 0
cpu2 195825 0 733 86307 0 0 61 0 0 0
cpu3 196005 0 494 86418 1 0 31 0 0 0
cpu4 195973 0 793 86116 0 0 76 0 0 0
cpu5 196207 0 339 86359 0 0 28 0 0 0
cpu6 195933 0 426 86552 0 0 28 0 0 0
cpu7 196365 0 233 86343 0 0 7 0 0 0
cpu8 195986 0 622 86274 0 0 72 0 0 0
cpu9 196244 0 513 86122 0 0 55 0 0 0
cpu10 196070 0 376 86450 0 0 38 0 0 0
cpu11 196326 0 292 86304 0 0 25 0 0 0
cpu12 196070 0 705 86093 0 0 70 0 0 0
cpu13 196599 0 418 85912 1 0 16 0 0 0
cpu14 196352 0 346 86209 0 0 24 0 0 0
cpu15 196407 0 239 86292 0 0 12 0 0 0
cpu16 196419 0 420 86077 0 0 32 0 0 0
cpu17 196316 1 476 86099 0 0 46 0 0 0
cpu18 196550 0 250 86132 0 0 19 0 0 0
cpu19 196318 0 226 86388 0 0 16 0 0 0
cpu20 196095 0 564 86209 0 0 70 0 0 0
cpu21 197386 0 361 85183 0 0 17 0 0 0
cpu22 196539 0 236 86159 0 0 17 0 0 0
cpu23 196138 0 249 86386 0 0 128 0 0 0
cpu24 196292 0 530 86083 0 0 43 0 0 0
cpu25 196950 0 300 85681 0 0 17 0 0 0
cpu26 196579 0 224 86133 0 0 18 0 0 0
cpu27 196274 0 265 86387 0 0 10 0 0 0
cpu28 196454 0 358 86110 0 0 24 0 0 0
cpu29 196544 0 220 86164 0 0 11 0 0 0
cpu30 196515 0 209 86209 0 0 11 0 0 0
cpu31 196268 0 356 86280 0 0 40 0 0 0
cpu32 195076 0 1632 86013 0 0 251 0 0 0
cpu33 196482 0 211 86231 4 0 10 0 0 0
cpu34 196492 0 219 86214 0 0 14 0 0 0
cpu35 196480 0 164 86297 1 0 7 0 0 0
cpu36 196390 0 338 86185 0 0 31 0 0 0
cpu37 197058 0 325 85480 66 0 8 0 0 0
cpu38 195983 0 373 86498 0 0 36 0 0 0
cpu39 196466 0 172 86298 0 0 7 0 0 0
cpu40 196102 0 489 86319 1 0 26 0 0 0
cpu41 196693 0 215 85988 30 0 13 0 0 0
cpu42 196500 0 236 86189 0 0 17 0 0 0
cpu43 196493 0 151 86284 1 0 10 0 0 0
cpu44 196365 0 340 86206 1 0 22 0 0 0
cpu45 196745 0 205 85864 112 0 8 0 0 0
cpu46 196181 0 470 86208 0 0 71 0 0 0
cpu47 196415 0 182 86327 0 0 12 0 0 0
cpu48 196013 0 533 86315 0 0 60 0 0 0
cpu49 196406 0 240 86284 0 0 11 0 0 0
cpu50 196268 0 275 86350 0 0 25 0 0 0
cpu51 196439 0 189 86296 0 0 13 0 0 0
cpu52 196587 0 228 86113 0 0 10 0 0 0
cpu53 196380 0 242 86172 91 0 24 0 0 0
cpu54 196628 0 152 86141 4 0 12 0 0 0
cpu55 196468 0 174 86290 1 0 7 0 0 0
cpu56 196515 0 188 86225 0 0 5 0 0 0
cpu57 196699 0 204 86019 1 0 11 0 0 0
cpu58 196396 0 256 86267 0 0 14 0 0 0
cpu59 196436 0 181 86306 0 0 8 0 0 0
cpu60 196247 0 439 86181 0 0 59 0 0 0
cpu61 196591 0 236 86072 8 0 22 0 0 0
cpu62 196456 0 250 86205 0 0 17 0 0 0
cpu63 196352 0 272 86283 0 0 29 0 0 0
cpu64 196421 0 417 85879 185 0 11 0 0 0
cpu65 196467 0 286 86145 1 0 6 0 0 0
cpu66 196477 0 267 86162 1 0 20 0 0 0
cpu67 196300 0 260 86355 0 0 15 0 0 0
cpu68 195968 0 764 86088 0 0 110 0 0 0
cpu69 196688 0 206 85981 32 0 5 0 0 0
cpu70 196548 0 169 86204 0 0 4 0 0 0
cpu71 196442 0 198 86278 0 0 8 0 0 0
cpu72 196547 0 298 86059 2 0 16 0 0 0
cpu73 196564 0 358 85977 3 0 14 0 0 0
cpu74 196332 0 237 86330 1 0 23 0 0 0
cpu75 196453 0 195 86251 0 0 8 0 0 0
cpu76 196428 0 329 86153 1 0 22 0 0 0
cpu77 196705 0 340 85856 15 0 6 0 0 0
cpu78 196406 0 235 86263 0 0 16 0 0 0
cpu79 196447 0 178 86281 0 0 6 0 0 0
cpu80 196610 0 230 86080 0 0 6 0 0 0
cpu81 196672 0 282 85930 28 0 12 0 0 0
cpu82 196549 0 229 86131 0 0 13 0 0 0
cpu83 196456 0 217 86248 1 0 9 0 0 0
cpu84 196508 0 334 86066 0 0 15 0 0 0
cpu85 196494 0 231 86187 1 0 8 0 0 0
cpu86 196492 0 191 86225 0 0 13 0 0 0
cpu87 196386 0 196 86321 1 0 9 0 0 0
cpu88 196552 0 217 86145 0 0 10 0 0 0
cpu89 196693 2 135 86076 6 0 5 0 0 0
cpu90 196387 0 190 86321 0 0 12 0 0 0
cpu91 196360 0 276 86276 0 0 15 0 0 0
cpu92 196448 0 253 86154 0 0 58 0 0 0
cpu93 196630 0 137 86148 1 0 4 0 0 0
cpu94 196556 0 143 86208 0 0 5 0 0 0
cpu95 196514 0 143 86261 0 0 4 0 0 0
cpu96 196501 0 375 86008 6 0 26 0 0 0
cpu97 196780 0 161 85972 1 0 3 0 0 0
cpu98 196392 0 176 86318 0 0 10 0 0 0
cpu99 196498 0 154 86262 0 0 3 0 0 0
cpu100 196350 0 418 86103 12 0 30 0 0 0
cpu101 196486 0 130 86290 1 0 2 0 0 0
cpu102 196458 0 168 86271 1 0 5 0 0 0
cpu103 196488 0 160 86271 0 0 2 0 0 0
cpu104 196468 0 319 86115 0 0 11 0 0 0
cpu105 196437 0 185 86277 0 0 5 0 0 0
cpu106 196556 0 139 86214 0 0 6 0 0 0
cpu107 196507 0 142 86267 0 0 3 0 0 0
cpu108 196479 0 192 86229 1 0 8 0 0 0
cpu109 196943 0 132 85834 0 0 5 0 0 0
cpu110 196303 0 262 86323 0 0 12 0 0 0
cpu111 196530 0 145 86237 0 0 2 0 0 0
cpu112 196584 0 237 86071 0 0 20 0 0 0
cpu113 196626 0 212 86061 3 0 2 0 0 0
cpu114 196557 0 160 86185 0 0 9 0 0 0
cpu115 196513 0 124 86275 0 0 2 0 0 0
cpu116 196742 0 106 86051 0 0 1 0 0 0
cpu117 196513 0 115 86267 5 0 2 0 0 0
cpu118 196569 0 151 86178 0 0 8 0 0 0
cpu119 196480 0 151 86282 0 0 1 0 0 0
cpu120 196693 0 149 86062 0 0 2 0 0 0
cpu121 196710 0 112 86084 4 0 2 0 0 0
cpu122 196511 0 241 86140 0 0 9 0 0 0
cpu123 196486 0 149 86271 0 0 1 0 0 0
cpu124 196690 0 131 86080 0 0 9 0 0 0
cpu125 196736 0 136 86032 0 0 4 0 0 0
cpu126 196551 0 149 86194 0 0 6 0 0 0
cpu127 196528 0 174 86202 0 0 2 0 0 0
intr 70429282 129 0 0 0 680 0 0 0 1 0 285 0 0 0 0 0 0 0 0 0 0 0 0 0 0 0 0 0 0 0 0 0 0 0 0 260 0 12 207 2285 2337 4 1811 578 872 0 5048 840 3874 17 8 5475 2180 0 2 1848 2173 48 3 174 47685 0 0 792 2356 30 0 329 2149 2 1 437 2389 7 3 1990 1135 2 289 273 966 2 5 326 755 0 444 557 1573 0 517 192 977 4 0 1490 1183 143 46 499 2072 0 15 617 3775 0 6 84 2039 0 0 412 1441 0 3 388 2521 0 0 3012 3571 0 13 286 1334 0 0 276 9887 6294 1 128 1169 51 0 316 897 0 3 158 766 0 24 152 753 0 60 341 869 2 2 298 1075 0 76 164 0 0 0 0 0 0 0 0 0 0 161 3618 3 385 63 107 29 16 106 13 0 236 26 9 1 7 7 318 338 5 146 3 1 7 79 288 3410 192 655 667 359 1112 73 78 0 0 0 0 0 0 0 0 0 0 0 0 0 0 0 0 10001 2164 4871 175 3297 156 142 127 145 31 70 246 127 141 73 95 40 41 31 27 19 21 12 42 21 11 11 133 6 2 39 9 13 7 13 21 56 33 0 341 108 74 59 78 135 73 39 6 3 0 1 0 28 32 15 3 5 3 9 18 2 0 6 0 0 0 0 0 0 0 0 0 0 0 0 0 0 0 0 0 0 0 0 0 0 0 0 0 0 0 0 0 0 0 0 0 0 0 0 0 0 0 0 0 0 0 0 0 0 0 0 0 0 0 0 0 0 0 0 0 0 0 0 0 0 0 0 0 0 0 0 0 0 0 0 0 0 0 0 0 0 0 0 0 0 0 0 0 0 0 0 0 0 0 0 0 0 0 0 0 0 0 0 0 0 0 0 0 0 0 0 0 0 0 0 0 0 0 0 0 0 0 0 0 0 0 0 0 0 0 0 0 0 0 0 0 0 0 0 0 0 0 0 0 0 0 0 0 0 0 0 0 0 0 0 0 0 0 0 0 0 0 0 0 0 0 0 0 0 0 0 0 0 0 0 0 0 0 0 0 0 0 0 0 0 0 0 0 0 0 0 0 0 0 0 0 0 0 0 0 0 0 0 0 0 0 0 0 0 0 0 0 0 0 0 0 0 0 0 0 0 0 0 0 0 0 0 0 0 0 0 0 0 0 0 0 0 0 0 0 0 0 0 0 0 0 0 0 0 0 0 0 0 0 0 0 0 0 0 0 0 0 0 0 0 0 0 0 0 0 0 0 0 0 0 0 0 0 0 0 0 0 0 0 0 0 0 0 0 0 0 0 0 0 0 0 0 0 0 0 0 0 0 0 0 0 0 0 0 0 0 0 0 0 0 0 0 0 0 0 0 0 0 0 0 0 0 0 0 0 0 0 0 0 0 0 0 0 0 0 0 0 0 0 0 0 0 0 0 0 0 0 0 0 0 0 0 0 0 0 0 0 0 0 0 0 0 0 0 0 0 0 0 0 0 0 0 0 0 0 0 0 0 0 0 0 0 0 0 0 0 0 0 0 0 0 0 0 0 0 0 0 0 0 0 0 0 0 0 0 0 0 0 0 0 0 0 0 0 0 0 0 0 0 0 0 0 0 49 0 0 0 3 0 0 0 0 0 0 0 0 0 0 0 0 0 0 0 0 0 0 0 0 0 49 0 0 0 0 0 0 0 0 0 0 0 0 0 0 0 0 0 0 0 0 0 0 0 0 0 0 0 0 0 0 0 0 0 0 0 0 0 0 0 0 0 0 0 0 0 0 0 0 0 0 0 0 0 0 0 0 0 0 0 0 0 0 0 0 0 22 0 0 0 0 0 0 0 0 0 0 0 0 0 0 0 0 0 0 0 0 0 0 0 0 0 0 0 0 0 0 0 0 0 0 0 0 0 0 0 0 0 0 0 0 0 0 0 0 0 0 0 0 0 0 0 0 0 0 0 0 0 0 0 0 0 0 0 0 0 0 0 0 0 0 0 0 0 0 0 0 0 0 0 0 0 0 0 0 0 0 0 0 0 0 0 0 0 0 0 0 0 0 0 0 0 0 0 0 0 0 0 0 0 0 0 0 0 0 0 0 0 0 0 0 0 0 0 0 0 0 0 0 0 0 0 0 0 0 0 0 0 0 0 0 0 0 0 0 0 0 0 0 0 0 0 0 0 0 0 0 0 0 0 0 0 0 0 0 0 0 0 0 0 0 0 0 0 0 0 0 0 0 0 0 0 0 0 0 0 0 0 0 0 0 0 0 0 0 0 0 0 0 0 0 0 0 0 0 0 0 0 0 0 0 0 0 0 0 0 0 0 0 0 0 0 0 0 0 0 0 0 0 0 0 0 0 0 0 0 0 0 0 0 0 0 0 0 0 0 0 0 0 0 0 0 0 0 0 0 0 0 0 0 0 0 0 0 0 0 0 0 0 0 0 0 0 0 0 0 0 0 0 0 0 0 0 0 0 0 0 0 0 0 0 0 0 0 0 0 0 0 0 0 0 0 0 0 0 0 0 0 0 0 0 0 0 0 0 0 0 0 0 0 0 0 0 0 0 0 0 0 0 0 0 0 0 0 0 0 0 0 0 0 0 0 0 0 0 0 0 0 0 0 0 0 0 0 0 0 0 0 0 0 0 0 0 0 0 0 0 0 0 0 0 0 0 0 0 0 0 0 0 0 0 0 0 0 0 0 0 0 0 0 0 0 0 0 0 0 0 0 0 0 0 0 0 0 0 0 0 0 0 0 0 0 0 0 0 0 0 0 0 0 0 0 0 0 0 0 0 0 0 0 0 0 0 0 0 0 0 0 0 0 0 0 0 0 0 0 0 0 0 0 0 0 0 0 0 0 0 0 0 0 0 0 0 0 0 0 0 0 0 0 0 0 0 0 0 0 0 0 0 0 0 0 0 0 0 0 0 0 0 0 0 0 0 0 0 0 0 0 0 0 0 0 0 0 0 0 0 0 0 0 0 0 0 0 0 0 0 0 0 0 0 0 0 0 0 0 0 0 0 0 0 0 0 0 0 0 0 0 0 0 0 0 0 0 0 0 0 0 0 0 0 0 0 0 0 0 0 0 0 0 0 0 0 0 0 0 0 0 0 0 0 0 0 0 0 0 0 0 0 0 0 0 0 0 0 0 0 0 0 0 0 0 0 0 0 0 0 0 0 0 0 0 0 0 0 0 0 0 0 0 0 0 0 0 0 0 0 0 0 0 0 0 0 0 0 0 0 0 0 0 0 0 0 0 0 0 0 0 0 0 0 0 0 0 0 0 0 0 0 0 0 0 0 0 0 0 0 0 0 0 0 0 0 0 0 0 0 0 0 0 0 0 0 0 0 0 0 0 0 0 0 0 0 0 0 0 0 0 0 0 0 0 0 0 0 0 0 0 0 0 0 0 0 0 0 0 0 0 0 0 0 0 0 0 0 0 0 0 0 0 0 0 0 0 0 0 0 0 0 0 0 0 0 0 0 0 0 0 0 0 0 0 0 0 0 0 0 0 0 0 0 0 0 0 0 0 0 0 0 0 0 0 0 0 0 0 0 0 0 0 0 0 0 0 0 0 0 0 0 0 0 0 0 0 0 0 0 0 0 0 0 0 0 0 0 0 0 0 0 0 0 0 0 0 0 0 0 0 0 0 0 0 0 0 0 0 0 0 0 0 0 0 0 0 0 0 0 0 0 0 0 0 0 0 0 0 0 0 0 0 0 0 0 0 0 0 0 0 0 0 0 0 0 0 0 0 0 0 0 0 0 0 0 0 0 0 0 0 0 0 0 0 0 0 0 0 0 0 0 0 0 0 0 0 0 0 0 0 0 0 0 0 0 0 0 0 0 0 0 0 0 0 0 0 0 0 0 0 0 0 0 0 0 0 0 0 0 0 0 0 0 0 0 0 0 0 0 0 0 0 0 0 0 0 0 0 0 0 0 0 0 0 0 0 0 0 0 0 0 0 0 0 0 0 0 0 0 0 0 0 0 0 0 0 0 0 0 0 0 0 0 0 0 0 0 0 0 0 0 0 0 0 0 0 0 0 0 0 0 0 0 0 0 0 0 0 0 0 0 0 0 0 0 0 0 0 0 0 0 0 0 0 0 0 0 0 0 0 0 0 0 0 0 0 0 0 0 0 0 0 0 0 0 0 0 0 0 0 0 0 0 0 0 0 0 0 0 0 0 0 0 0 0 0 0 0 0 0 0 0 0 0 0 0 0 0 0 0 0 0 0 0 0 0 0 0 0 0 0 0 0 0 0 0 0 0 0 0 0 0 0 0 0 0 0 0 0 0 0 0 0 0 0 0 0 0 0 0 0 0 0 0 0 0 0 0 0 0 0 0 0 0 0 0 0 0 0 0 0 0 0 0 0 0 0 0 0 0 0 0 0 0 0 0 0 0 0 0 0 0 0 0 0 0 0 0 0 0 0 0 0 0 0 0 0 0 0 0 0 0 0 0 0 0 0 0 0 0 0 0 0 0 0 0 0 0 0 0 0 0 0 0 0 0 0 0 0 0 0 0 0 0 0 0 0 0 0 0 0 0 0 0 0 0 0 0 0 0 0 0 0 0 0 0 0 0 0 0 0 0 0 0 0 0 0 0 0 0 0 0 0 0 0 0 0 0 0 0 0 0 0 0 0 0 0 0 0 0 0 0 0 0 0 0 0 0 0 0 0 0 0 0 0 0 0 0 0 0 0 0 0 0 0 0 0 0 0 0 0 0 0 0 0 0 0 0 0 0 0 0 0 0 0 0 0 0 0 0 0 0 0 0 0 0 0 0 0 0 0 0 0 0 0 0 0 0 0 0 0 0 0 0 0 0 0 0 0 0 0 0 0 0 0 0 0 0 0 0 0 0 0 0 0 0 0 0 0 0 0 0 0 0 0 0 0 0 0 0 0 0 0 0 0 0 0 0 0 0 0 0 0 0 0 0 0 0 0 0 0 0 0 0 0 0 0 0 0 0 0 0 0 0 0 0 0 0 0 0 0 0 0 0 0 0 0 0 0 0 0 0 0 0 0 0 0 0 0 0 0 0 0 0 0 0 0 0 0 0 0 0 0 0 0 0 0 0 0 0 0 0 0 0 0 0 0 0 0 0 0 0 0 0 0 0 0 0 0 0 0 0 0 0 0 0 0 0 0 0 0 0 0 0 0 0 0 0 0 0 0 0 0 0 0 0 0 0 0 0 0 0 0 0 0 0 0 0 0 0 0 0 0 0 0 0 0 0 0 0 0 0 0 0 0 0 0 0 0 0 0 0 0 0 0 0 0 0 0 0 0 0 0 0 0 0 0 0 0 0 0 0 0 0 0 0 0 0 0 0 0 0 0 0 0 0 0 0 0 0 0 0 0 0 0 0 0 0 0 0 0 0 0 0 0 0 0 0 0 0 0 0 0 0 0 0 0 0 0 0 0 0 0 0 0 0 0 0 0 0 0 0 0 0 0 0 0 0 0 0 0 0 0 0 0 0 0 0 0 0 0 0 0 0 0 0 0 0 0 0 0 0 0 0 0 0 0 0 0 0 0 0 0 0 0 0 0 0 0 0 0 0 0 0 0 0 0 0 0 0 0 0 0 0 0 0 0 0 0 0 0 0 0 0 0 0 0 0 0 0 0 0 0 0 0 0 0 0 0 0 0 0 0 0 0 0 0 0 0 0 0 0 0 0 0 0 0 0 0 0 0 0 0 0 0 0 0 0 0 0 0 0 0 0 0 0 0 0 0 0 0 0 0 0 0 0 0 0 0 0 0 0 0 0 0 0 0 0 0 0 0 0 0 0 0 0 0 0 0 0 0 0 0 0 0 0 0 0 0 0 0 0 0 0 0 0 0 0 0 0 0 0 0 0 0 0 0 0 0 0 0 0 0 0 0 0 0 0 0 0 0 0 0 0 0 0 0 0 0 0 0 0 0 0 0 0 0 0 0 0 0 0 0 0 0 0 0 0 0 0 0 0 0 0 0 0 0 0 0 0 0 0 0 0 0 0 0 0 0 0 0 0 0 0 0 0 0 0 0 0 0 0 0 0 0 0 0 0 0 0 0 0 0 0 0 0 0 0 0 0 0 0 0 0 0 0 0 0 0 0 0 0 0 0 0 0 0 0 0 0 0 0 0 0 0 0 0 0 0 0 0 0 0 0 0 0 0 0 0 0 0 0 0 0 0 0 0 0 0 0 0 0 0 0 0 0 0 0 0 0 0 0 0 0 0 0 0 0 0 0 0 0 0 0 0 0 0 0 0 0 0 0 0 0 0 0 0 0 0 0 0 0 0 0 0 0 0 0 0 0 0 0 0 0 0 0 0 0 0 0 0 0 0 0 0 0 0 0 0 0 0 0 0 0 0 0 0 0 0 0 0 0 0 0 0 0 0 0 0 0 0 0 0 0 0 0 0 0 0 0 0 0 0 0 0 0 0 0 0 0 0 0 0 0 0 0 0 0 0 0 0 0 0 0 0 0 0 0 0 0 0 0 0 0 0 0 0 0 0 0 0 0 0 0 0 0 0 0 0 0 0 0 0 0 0 0 0 0 0 0 0 0 0 0 0 0 0 0 0 0 0 0 0 0 0 0 0 0 0 0 0 0 0 0 0 0 0 0 0 0 0 0 0 0 0 0 0 0 0 0 0 0 0 0 0 0 0 0 0 0 0 0 0 0 0 0 0 0 0 0 0 0 0 0 0 0 0 0 0 0 0 0 0 0 0 0 0 0 0 0 0 0 0 0 0 0 0 0 0 0 0 0 0 0 0 0 0 0 0 0 0 0 0 0 0 0 0 0 0 0 0 0 0 0 0 0 0 0 0 0 0 0 0 0 0 0 0 0 0 0 0 0 0 0 0 0 0 0 0 0 0 0 0 0 0 0 0 0 0 0 0 0 0 0 0 0 0 0 0 0 0 0 0 0 0 0 0 0 0 0 0 0 0 0 0 0 0 0 0 0 0 0 0 0 0 0 0 0 0 0 0 0 0 0 0 0 0 0 0 0 0 0 0 0 0 0 0 0 0 0 0 0 0 0 0 0 0 0 0 0 0 0 0 0 0 0 0 0 0 0 0 0 0 0 0 0 0 0 0 0 0 0 0 0 0 0 0 0 0 0 0 0 0 0 0 0 0 0 0 0 0 0 0 0 0 0 0 0 0 0 0 0 0 0 0 0 0 0 0 0 0 0 0 0 0 0 0 0 0 0 0 0 0 0 0 0 0 0 0 0 0 0 0 0 0 0 0 0 0 0 0 0 0 0 0 0 0 0 0 0 0 0 0 0 0 0 0 0 0 0 0 0 0 0 0 0 0 0 0 0 0 0 0 0 0 0 0 0 0 0 0 0 0 0 0 0 0 0 0 0 0 0 0 0 0 0 0 0 0 0 0 0 0 0 0 0 0 0 0 0 0 0 0 0 0 0 0 0 0 0 0 0 0 0 0 0 0 0 0 0 0 0 0 0 0 0 0 0 0 0 0 0 0 0 0 0 0 0 0 0 0 0 0 0 0 0 0 0 0 0 0 0 0 0 0 0 0 0 0 0 0 0 0 0 0 0 0 0 0 0 0 0 0 0 0 0 0 0 0 0 0 0 0 0 0 0 0 0 0 0 0 0 0 0 0 0 0 0 0 0 0 0 0 0 0 0 0 0 0 0 0 0 0 0 0 0 0 0 0 0 0 0 0 0 0 0 0 0 0 0 0 0 0 0 0 0 0 0 0 0 0 0 0 0 0 0 0 0 0 0 0 0 0 0 0 0 0 0 0 0 0 0 0 0 0 0 0 0 0 0 0 0 0 0 0 0 0 0 0 0 0 0 0 0 0 0 0 0 0 0 0 0 0 0 0 0 0 0 0 0 0 0 0 0 0 0 0 0 0 0 0 0 0 0 0 0 0 0 0 0 0 0 0 0 0 0 0 0 0 0 0 0 0 0 0 0 0 0 0 0 0 0 0 0 0 0 0 0 0 0 0 0 0 0 0 0 0 0 0 0 0 0 0 0 0 0 0 0 0 0 0 0 0 0 0 0 0 0 0 0 0 0 0 0 0 0 0 0 0 0 0 0 0 0 0 0 0 0 0 0 0 0 0 0 0 0 0 0 0 0 0 0 0 0 0 0 0 0 0 0 0 0 0 0 0 0 0 0 0 0 0 0 0 0 0 0 0 0 0 0 0 0 0 0 0 0 0 0 0 0 0 0 0 0 0 0 0 0 0 0 0 0 0 0 0 0 0 0 0 0 0 0 0 0 0 0 0 0 0 0 0 0 0 0 0 0 0 0 0 0 0 0 0 0 0 0 0 0 0 0 0 0 0 0 0 0 0 0 0 0 0 0 0 0 0 0 0 0 0 0 0 0 0 0 0 0 0 0 0 0 0 0 0 0 0 0 0 0 0 0 0 0 0 0 0 0 0 0 0 0 0 0 0 0 0 0 0 0 0 0 0 0 0 0 0 0 0 0 0 0 0 0 0 0 0 0 0 0 0 0 0 0 0 0 0 0 0 0 0 0 0 0 0 0 0 0 0 0 0 0 0 0 0 0 0 0 0 0 0 0 0 0 0 0 0 0 0 0 0 0 0 0 0 0 0 0 0 0 0 0 0 0 0 0 0 0 0 0 0 0 0 0 0 0 0 0 0 0 0 0 0 0 0 0 0 0 0 0 0 0 0 0 0 0 0 0 0 0 0 0 0 0 0 0 0 0 0 0 0 0 0 0 0 0 0 0 0 0 0 0 0 0 0 0 0 0 0 0 0 0 0 0 0 0 0 0 0 0 0 0 0 0 0 0 0 0 0 0 0 0 0 0 0 0 0 0 0 0 0 0 0 0 0 0 0 0 0 0 0 0 0 0 0 0 0 0 0 0 0 0 0 0 0 0 0 0 0 0 0 0 0 0 0 0 0 0 0 0 0 0 0 0 0 0 0 0 0 0 0 0 0 0 0 0 0 0 0 0 0 0 0 0 0 0 0 0 0 0 0 0 0 0 0 0 0 0 0 0 0 0 0 0 0 0 0 0 0 0 0 0 0 0 0 0 0 0 0 0 0 0 0 0 0 0 0 0 0 0 0 0 0 0 0 0 0 0 0 0 0 0 0 0 0 0 0 0 0 0 0 0 0 0 0 0 0 0 0 0 0 0 0 0 0 0 0 0 0 0 0 0 0 0 0 0 0 0 0 0 0 0 0 0 0 0 0 0 0 0 0 0 0 0 0 0 0 0 0 0 0 0 0 0 0 0 0 0 0 0 0 0 0 0 0 0 0 0 0 0 0 0 0 0 0 0 0 0 0 0 0 0 0 0 0 0 0 0 0 0 0 0 0 0 0 0 0 0 0 0 0 0 0 0 0 0 0 0 0 0 0 0 0 0 0 0 0 0 0 0 0 0 0 0 0 0 0 0 0 0 0 0 0 0 0 0 0 0 0 0 0 0 0 0 0 0 0 0 0 0 0 0 0 0 0 0 0 0 0 0 0 0 0 0 0 0 0 0 0 0 0 0 0 0 0 0 0 0 0 0 0 0 0 0 0 0 0 0 0 0 0 0 0 0 0 0 0 0 0 0 0 0 0 0 0 0 0 0 0 0 0 0 0 0 0 0 0 0 0 0 0 0 0 0 0 0 0 0 0 0 0 0 0 0 0 0 0 0 0 0 0 0 0 0 0 0 0 0 0 0 0 0 0 0 0 0 0 0 0 0 0 0 0 0 0 0 0 0 0 0 0 0 0 0 0 0 0 0 0 0 0 0 0 0 0 0 0 0 0 0 0 0 0 0 0 0 0 0 0 0 0 0 0 0 0 0 0 0 0 0 0 0 0 0 0 0 0 0 0 0 0 0 0 0 0 0 0 0 0 0 0 0 0 0 0 0 0 0 0 0 0 0 0 0 0 0 0 0 0 0 0 0 0 0 0 0 0 0 0 0 0 0 0 0 0 0 0 0 0 0 0 0 0 0 0 0 0 0 0 0 0 0 0 0 0 0 0 0 0 0 0 0 0 0 0 0 0 0 0 0 0 0 0 0
ctxt 3927749
btime 1613122782
processes 77827
procs_running 1
procs_blocked 0
softirq 72530277 1 44557387 1143 666540 0 0 228 2442836 0 24862142
