cpu  1440000 4 3588 5510497 492 0 387 0 0 0
cpu0 39982 0 201 152789 13 0 174 0 0 0
cpu1 39984 0 164 153031 1 0 44 0 0 0
cpu2 40015 0 229 152861 2 0 69 0 0 0
cpu3 39980 0 113 153089 4 0 16 0 0 0
cpu4 40189 0 183 152771 44 0 11 0 0 0
cpu5 40023 0 94 153051 29 0 0 0 0 0
cpu6 39985 0 62 153124 16 0 0 0 0 0
cpu7 39998 0 73 153114 13 0 0 0 0 0
cpu8 39948 0 69 153111 72 0 0 0 0 0
cpu9 39920 0 81 153199 2 0 1 0 0 0
cpu10 39949 0 58 153190 4 0 0 0 0 0
cpu11 39948 0 44 153207 0 0 0 0 0 0
cpu12 39672 0 306 153153 5 0 51 0 0 0
cpu13 40107 0 71 153016 1 0 0 0 0 0
cpu14 39940 0 72 153185 1 0 0 0 0 0
cpu15 39950 0 101 153139 5 0 1 0 0 0
cpu16 40003 0 70 153120 2 0 0 0 0 0
cpu17 39986 0 114 153078 6 0 0 0 0 0
cpu18 40036 0 93 153060 3 0 0 0 0 0
cpu19 40369 0 180 152581 48 0 1 0 0 0
cpu20 40021 0 114 153035 1 0 1 0 0 0
cpu21 39960 0 79 153142 2 0 2 0 0 0
cpu22 40012 0 121 153002 62 0 0 0 0 0
cpu23 40078 0 105 152927 70 0 0 0 0 0
cpu24 40018 0 49 153121 4 0 0 0 0 0
cpu25 39970 0 64 153160 1 0 0 0 0 0
cpu26 39953 0 57 153184 0 0 3 0 0 0
cpu27 39940 0 64 153189 1 0 0 0 0 0
cpu28 39938 0 52 153199 1 0 0 0 0 0
cpu29 39944 0 55 153196 0 0 0 0 0 0
cpu30 39981 0 43 153158 10 0 0 0 0 0
cpu31 40233 0 68 152891 1 0 0 0 0 0
cpu32 39952 2 66 153153 8 0 0 0 0 0
cpu33 40014 0 76 153080 20 0 0 0 0 0
cpu34 40016 0 85 153070 19 0 0 0 0 0
cpu35 39974 0 98 153102 2 0 0 0 0 0
intr 4325513 56 0 0 0 614 0 0 0 1 0 263 0 0 0 0 0 0 0 0 0 0 0 0 0 0 0 0 0 0 0 0 0 669 138 125 254 4717 2500 540 343 3006 973 72 10 1620 22 162 238 213 256 152 5976 196 122 2202 3242 0 0 0 0 384 83 13 70 40 22 614 56 875 1505 1035 176 93 0 16 9539 759 0 3470 101 17793 128 11 30 1 285 2 331 1 3 6544 451 474 1496 8 296 226 77 4173 1672 10 105 14 1 9 68 69 36 79 70 132 10 3 88 0 18 7675 1 0 0 0 0 0 0 0 0 0 0 0 0 0 0 0 0 0 0 0 0 0 0 0 0 0 0 0 0 0 0 0 0 0 0 0 0 0 21 0 0 0 0 0 0 0 0 0 0 0 0 0 0 0 0 0 0 0 0 0 0 0 0 0 0 0 0 0 0 0 0 0 0 0 0 0 0 0 0 0 0 0 0 0 0 0 0 0 0 0 0 0 0 0 0 0 0 0 0 0 0 0 0 0 0 0 0 0 0 0 0 0 0 0 0 0 0 0 0 0 0 0 0 0 0 0 0 0 0 0 0 0 0 0 0 0 0 0 0 0 0 0 0 0 0 0 0 0 0 0 0 0 0 0 0 0 0 0 0 0 0 0 0 0 0 0 0 0 0 0 0 0 0 0 0 0 0 0 0 0 0 0 0 0 0 0 0 0 0 0 0 0 0 0 0 0 0 0 0 0 0 0 0 0 0 0 0 0 0 0 0 0 0 0 0 0 0 0 0 0 0 0 0 0 0 0 0 0 0 0 0 0 0 0 0 0 0 0 0 0 0 0 0 0 0 0 0 0 0 0 0 0 0 0 0 0 0 0 0 0 0 0 0 0 0 0 0 0 0 0 0 0 0 0 0 0 0 0 0 0 0 0 0 0 0 0 0 0 0 0 0 0 0 0 0 0 0 0 0 0 0 0 0 0 0 0 0 0 0 0 0 0 0 0 0 0 0 0 0 0 0 0 0 0 0 0 0 0 0 0 0 0 0 0 0 0 0 0 0 0 0 0 0 0 0 0 0 0 0 0 0 0 0 0 0 0 0 0 0 0 0 0 0 0 0 0 0 0 0 0 0 0 0 0 0 0 0 0 0 0 0 0 0 0 0 0 0 0 0 0 0 0 0 0 0 0 0 0 0 0 0 0 0 0 0 0 0 0 0 0 0 0 0 0 0 0 0 0 0 0 0 0 0 0 0 0 0 0 0 0 0 0 0 0 0 0 0 0 0 0 0 0 0 0 0 0 0 0 0 0 0 0 0 0 0 0 0 0 0 0 0 0 0 0 0 0 0 0 0 0 0 0 0 0 0 0 0 0 0 0 0 0 0 0 0 0 0 0 0 0 0 0 0 0 0 0 0 0 0 0 0 0 0 0 0 0 0 0 0 0 0 0 0 0 0 0 0 0 0 0 0 0 0 0 0 0 0 0 0 0 0 0 0 0 0 0 0 0 0 0 0 0 0 0 0 0 0 0 0 0 0 0 0 0 0 0 0 0 0 0 0 0 0 0 0 0 0 0 0 0 0 0 0 0 0 0 0 0 0 0 0 0 0 0 0 0 0 0 0 0 0 0 0 0 0 0 0 0 0 0 0 0 0 0 0 0 0 0 0 0 0 0 0 0 0 0 0 0 0 0 0 0 0 0 0 0 0 0 0 0 0 0 0 0 0 0 0 0 0 0 0 0 0 0 0 0 0 0 0 0 0 0 0 0 0 0 0 0 0 0 0 0 0 0 0 0 0 0 0 0 0 0 0 0 0 0 0 0 0 0 0 0 0 0 0 0 0 0 0 0 0 0 0 0 0 0 0 0 0 0 0 0 0 0 0 0 0 0 0 0 0 0 0 0 0 0 0 0 0 0 0 0 0 0 0 0 0 0 0 0 0 0 0 0 0 0 0 0 0 0 0 0 0 0 0 0 0 0 0 0 0 0 0 0 0 0 0 0 0 0 0 0 0 0 0 0 0 0 0 0 0 0 0 0 0 0 0 0 0 0 0 0 0 0 0 0 0 0 0 0 0 0 0 0 0 0 0 0 0 0 0 0 0 0 0 0 0 0 0 0 0 0 0 0 0 0 0 0 0 0 0 0 0 0 0 0 0 0 0 0 0 0 0 0 0 0 0 0 0 0 0 0 0 0 0 0 0 0 0 0 0 0 0 0 0 0 0 0 0 0 0 0 0 0 0 0 0 0 0 0 0 0 0 0 0 0 0 0 0 0 0 0 0 0 0 0 0 0 0 0 0 0 0 0 0 0 0 0 0 0 0 0 0 0 0 0 0 0 0 0 0 0 0 0 0 0 0 0 0 0 0 0 0 0 0 0 0 0 0 0 0 0 0 0 0 0 0 0 0 0 0 0 0 0 0 0 0 0 0 0 0 0 0 0 0 0 0 0 0 0 0 0 0 0 0 0 0 0 0 0 0 0 0 0 0 0 0 0 0 0 0 0 0 0 0 0 0 0 0 0 0 0 0 0 0 0 0 0 0 0 0 0 0 0 0 0 0 0 0 0 0 0 0 0 0 0 0 0 0 0 0 0 0 0 0 0 0 0 0 0 0 0 0 0 0 0 0 0 0 0 0 0 0 0 0 0 0 0 0 0 0 0 0 0 0 0 0 0 0 0 0 0 0 0 0 0 0 0 0 0 0 0 0 0 0 0 0 0 0 0 0 0 0 0 0 0 0 0 0 0 0 0 0 0 0 0 0 0 0 0 0 0 0 0 0 0 0 0 0 0 0 0 0 0 0 0 0 0 0 0 0 0 0 0 0 0 0 0 0 0 0 0 0 0 0 0 0 0 0
ctxt 1610346
btime 1613124388
processes 36614
procs_running 1
procs_blocked 0
softirq 5520562 1 3064548 205 250254 0 0 36470 244789 0 1924295
