cpu  22294369 4 30457 7068283 496 0 3191 0 0 0
cpu0 618885 0 1121 196169 13 0 518 0 0 0
cpu1 621180 0 1164 194162 1 0 127 0 0 0
cpu2 618424 0 1548 195719 2 0 847 0 0 0
cpu3 618852 0 1162 196479 4 0 89 0 0 0
cpu4 619275 0 1114 196096 44 0 54 0 0 0
cpu5 619248 0 873 196408 29 0 16 0 0 0
cpu6 619071 0 892 196546 16 0 40 0 0 0
cpu7 619151 0 765 196621 13 0 26 0 0 0
cpu8 619244 0 704 196535 72 0 24 0 0 0
cpu9 618974 0 843 196718 2 0 50 0 0 0
cpu10 619002 0 918 196611 4 0 49 0 0 0
cpu11 619276 0 694 196574 0 0 33 0 0 0
cpu12 617680 0 2126 196514 9 0 239 0 0 0
cpu13 619185 0 963 196344 1 0 82 0 0 0
cpu14 619054 0 812 196688 1 0 22 0 0 0
cpu15 618947 0 985 196512 5 0 132 0 0 0
cpu16 618593 0 1212 196611 2 0 158 0 0 0
cpu17 618950 0 1048 196536 7 0 20 0 0 0
cpu18 619792 0 600 196168 3 0 12 0 0 0
cpu19 619696 0 793 195989 48 0 27 0 0 0
cpu20 620043 0 806 195651 1 0 51 0 0 0
cpu21 619956 0 860 195673 2 0 69 0 0 0
cpu22 619901 0 587 196004 62 0 19 0 0 0
cpu23 619680 0 546 196242 70 0 12 0 0 0
cpu24 619683 0 384 196493 4 0 8 0 0 0
cpu25 619280 0 682 196600 1 0 10 0 0 0
cpu26 619348 0 499 196686 0 0 42 0 0 0
cpu27 618983 0 804 196681 1 0 104 0 0 0
cpu28 619468 0 513 196571 1 0 18 0 0 0
cpu29 619494 0 396 196670 0 0 14 0 0 0
cpu30 619377 0 600 196578 10 0 7 0 0 0
cpu31 619812 0 376 196362 1 0 22 0 0 0
cpu32 619469 2 442 196632 8 0 10 0 0 0
cpu33 619640 0 476 196397 20 0 22 0 0 0
cpu34 618748 0 1136 196534 19 0 132 0 0 0
cpu35 618991 0 999 196491 2 0 71 0 0 0
intr 61458694 56 0 0 0 614 0 0 0 1 0 263 0 0 0 0 0 0 0 0 0 0 0 0 0 0 0 0 0 0 0 0 0 742 195 570 433 4717 2539 590 380 3010 1162 74 127 2285 285 532 249 566 475 214 6149 827 147 2204 3248 0 0 0 0 384 128 322 95 70 128 614 119 1019 1822 1132 342 93 0 16 14427 3211 0 15488 851 149349 854 565 885 1399 1419 955 1303 1381 1936 68067 7289 2584 2866 2212 1042 1342 613 5610 2437 324 1173 432 560 1366 1367 967 2639 898 751 1635 970 1661 1373 0 18 7895 1 0 0 0 0 0 0 0 0 0 0 0 0 0 0 0 0 0 0 0 0 0 0 0 0 0 0 0 0 0 0 0 0 0 0 0 0 0 21 0 0 0 0 0 0 0 0 0 0 0 0 0 0 0 0 0 0 0 0 0 0 0 0 0 0 0 0 0 0 0 0 0 0 0 0 0 0 0 0 0 0 0 0 0 0 0 0 0 0 0 0 0 0 0 0 0 0 0 0 0 0 0 0 0 0 0 0 0 0 0 0 0 0 0 0 0 0 0 0 0 0 0 0 0 0 0 0 0 0 0 0 0 0 0 0 0 0 0 0 0 0 0 0 0 0 0 0 0 0 0 0 0 0 0 0 0 0 0 0 0 0 0 0 0 0 0 0 0 0 0 0 0 0 0 0 0 0 0 0 0 0 0 0 0 0 0 0 0 0 0 0 0 0 0 0 0 0 0 0 0 0 0 0 0 0 0 0 0 0 0 0 0 0 0 0 0 0 0 0 0 0 0 0 0 0 0 0 0 0 0 0 0 0 0 0 0 0 0 0 0 0 0 0 0 0 0 0 0 0 0 0 0 0 0 0 0 0 0 0 0 0 0 0 0 0 0 0 0 0 0 0 0 0 0 0 0 0 0 0 0 0 0 0 0 0 0 0 0 0 0 0 0 0 0 0 0 0 0 0 0 0 0 0 0 0 0 0 0 0 0 0 0 0 0 0 0 0 0 0 0 0 0 0 0 0 0 0 0 0 0 0 0 0 0 0 0 0 0 0 0 0 0 0 0 0 0 0 0 0 0 0 0 0 0 0 0 0 0 0 0 0 0 0 0 0 0 0 0 0 0 0 0 0 0 0 0 0 0 0 0 0 0 0 0 0 0 0 0 0 0 0 0 0 0 0 0 0 0 0 0 0 0 0 0 0 0 0 0 0 0 0 0 0 0 0 0 0 0 0 0 0 0 0 0 0 0 0 0 0 0 0 0 0 0 0 0 0 0 0 0 0 0 0 0 0 0 0 0 0 0 0 0 0 0 0 0 0 0 0 0 0 0 0 0 0 0 0 0 0 0 0 0 0 0 0 0 0 0 0 0 0 0 0 0 0 0 0 0 0 0 0 0 0 0 0 0 0 0 0 0 0 0 0 0 0 0 0 0 0 0 0 0 0 0 0 0 0 0 0 0 0 0 0 0 0 0 0 0 0 0 0 0 0 0 0 0 0 0 0 0 0 0 0 0 0 0 0 0 0 0 0 0 0 0 0 0 0 0 0 0 0 0 0 0 0 0 0 0 0 0 0 0 0 0 0 0 0 0 0 0 0 0 0 0 0 0 0 0 0 0 0 0 0 0 0 0 0 0 0 0 0 0 0 0 0 0 0 0 0 0 0 0 0 0 0 0 0 0 0 0 0 0 0 0 0 0 0 0 0 0 0 0 0 0 0 0 0 0 0 0 0 0 0 0 0 0 0 0 0 0 0 0 0 0 0 0 0 0 0 0 0 0 0 0 0 0 0 0 0 0 0 0 0 0 0 0 0 0 0 0 0 0 0 0 0 0 0 0 0 0 0 0 0 0 0 0 0 0 0 0 0 0 0 0 0 0 0 0 0 0 0 0 0 0 0 0 0 0 0 0 0 0 0 0 0 0 0 0 0 0 0 0 0 0 0 0 0 0 0 0 0 0 0 0 0 0 0 0 0 0 0 0 0 0 0 0 0 0 0 0 0 0 0 0 0 0 0 0 0 0 0 0 0 0 0 0 0 0 0 0 0 0 0 0 0 0 0 0 0 0 0 0 0 0 0 0 0 0 0 0 0 0 0 0 0 0 0 0 0 0 0 0 0 0 0 0 0 0 0 0 0 0 0 0 0 0 0 0 0 0 0 0 0 0 0 0 0 0 0 0 0 0 0 0 0 0 0 0 0 0 0 0 0 0 0 0 0 0 0 0 0 0 0 0 0 0 0 0 0 0 0 0 0 0 0 0 0 0 0 0 0 0 0 0 0 0 0 0 0 0 0 0 0 0 0 0 0 0 0 0 0 0 0 0 0 0 0 0 0 0 0 0 0 0 0 0 0 0 0 0 0 0 0 0 0 0 0 0 0 0 0 0 0 0 0 0 0 0 0 0 0 0 0 0 0 0 0 0 0 0 0 0 0 0 0 0 0 0 0 0 0 0 0 0 0 0 0 0 0 0 0 0 0 0 0 0 0 0 0 0 0 0 0 0 0 0 0 0 0 0 0 0 0 0 0 0 0 0 0 0 0 0 0 0 0 0 0 0 0 0 0 0 0 0 0 0 0 0 0 0 0 0 0 0 0 0 0 0 0 0 0 0 0 0 0 0 0 0 0 0 0 0 0 0 0 0 0 0 0 0 0 0 0 0 0 0 0 0 0 0 0 0 0 0 0 0 0 0 0 0 0 0 0 0 0 0 0 0 0 0 0 0 0 0 0 0 0 0 0 0 0 0 0 0 0 0 0 0 0 0 0 0 0 0 0 0 0 0 0 0 0 0 0 0 0 0 0 0 0 0 0 0 0 0 0 0 0 0 0 0 0 0 0 0 0 0 0 0 0
ctxt 15926868
btime 1613124388
processes 396550
procs_running 1
procs_blocked 0
softirq 80321227 1 46548022 694 2980835 0 0 284427 2109594 0 28397654
