cpu  29909730 5 40179 5596215 386 0 3611 0 0 0
cpu0 466766 0 1118 87249 0 0 330 0 0 0
cpu1 466536 0 1326 87481 12 0 114 0 0 0
cpu2 466996 0 792 87684 0 0 12 0 0 0
cpu3 467311 0 688 87459 2 0 29 0 0 0
cpu4 466871 0 842 87663 0 0 104 0 0 0
cpu5 467951 0 698 86792 21 0 22 0 0 0
cpu6 467536 0 394 87487 0 0 12 0 0 0
cpu7 466784 0 1081 87502 8 0 102 0 0 0
cpu8 467208 0 546 87680 0 0 46 0 0 0
cpu9 467467 0 671 87277 65 0 13 0 0 0
cpu10 466284 0 1334 87613 0 0 249 0 0 0
cpu11 466978 0 876 87596 3 0 27 0 0 0
cpu12 467169 0 685 87610 0 0 16 0 0 0
cpu13 466836 0 987 87571 3 0 60 0 0 0
cpu14 466638 0 1080 87678 3 0 75 0 0 0
cpu15 467502 0 613 87337 1 0 31 0 0 0
cpu16 466778 0 1036 87651 5 0 11 0 0 0
cpu17 467308 0 602 87513 27 0 17 0 0 0
cpu18 467038 0 710 87680 0 0 48 0 0 0
cpu19 467176 0 851 87367 4 0 61 0 0 0
cpu20 466868 0 796 87690 1 0 125 0 0 0
cpu21 467042 0 850 87456 2 0 109 0 0 0
cpu22 467922 0 416 87097 0 0 45 0 0 0
cpu23 467774 0 405 87234 28 0 18 0 0 0
cpu24 467659 0 166 87595 24 0 4 0 0 0
cpu25 467752 0 396 87293 10 0 18 0 0 0
cpu26 467262 0 662 87552 0 0 6 0 0 0
cpu27 468038 0 453 86958 9 0 13 0 0 0
cpu28 467474 0 260 87591 0 0 135 0 0 0
cpu29 466618 0 1129 87568 2 0 155 0 0 0
cpu30 467317 0 484 87619 0 0 28 0 0 0
cpu31 468167 0 872 86316 1 0 105 0 0 0
cpu32 466928 0 821 87674 0 0 48 0 0 0
cpu33 467637 0 810 86993 4 0 26 0 0 0
cpu34 467128 0 632 87698 0 0 9 0 0 0
cpu35 467648 0 533 87267 1 0 16 0 0 0
cpu36 467489 0 285 87677 0 0 27 0 0 0
cpu37 467363 0 556 87492 1 0 49 0 0 0
cpu38 467552 0 268 87650 0 0 3 0 0 0
cpu39 466860 0 1067 87364 1 0 171 0 0 0
cpu40 467579 0 218 87665 0 0 11 0 0 0
cpu41 467289 0 615 87473 40 0 49 0 0 0
cpu42 464792 0 2371 87679 0 0 634 0 0 0
cpu43 467293 0 522 87650 0 0 10 0 0 0
cpu44 467596 0 214 87656 0 0 10 0 0 0
cpu45 467419 0 649 87360 12 0 31 0 0 0
cpu46 467502 0 322 87619 0 0 19 0 0 0
cpu47 467488 0 478 87490 2 0 14 0 0 0
cpu48 467346 0 456 87659 0 0 2 0 0 0
cpu49 467534 0 444 87468 0 0 14 0 0 0
cpu50 467564 0 232 87665 0 0 11 0 0 0
cpu51 467157 0 721 87509 2 0 77 0 0 0
cpu52 467455 0 314 87670 0 0 30 0 0 0
cpu53 467886 0 428 87126 0 0 11 0 0 0
cpu54 467610 0 166 87668 0 0 22 0 0 0
cpu55 467356 1 649 87356 6 0 91 0 0 0
cpu56 467461 0 333 87666 0 0 2 0 0 0
cpu57 468034 2 286 87124 7 0 4 0 0 0
cpu58 467636 0 149 87667 0 0 6 0 0 0
cpu59 467688 0 336 87427 4 0 12 0 0 0
cpu60 467681 0 128 87658 0 0 3 0 0 0
cpu61 468876 0 498 86028 46 0 3 0 0 0
cpu62 467620 0 172 87670 0 0 3 0 0 0
cpu63 468211 0 665 86554 4 0 30 0 0 0
intr 83973420 82 0 0 0 630 0 0 0 1 0 285 0 0 0 0 0 0 0 0 0 0 0 0 0 0 0 0 0 0 0 0 0 0 0 0 0 0 0 5726 19732 1942 3505 884 4450 989 22020 2550 880 1209 816 384 6352 1504 9650 1456 844 787 9673 1619 1759 444 1853 610 10940 1264 3105 69464 15010 2505 3140 2945 6365 3906 2781 842 658 292 14602 2213 16717 486 940 1711 15579 167 3064 763 5149 303 7525 1207 1315 1269 309 1051 2259 1210 4988 872 860 917 9339 0 0 0 0 0 0 0 0 0 0 0 0 0 0 0 0 0 93 32367 0 0 0 0 0 0 0 0 0 0 0 0 0 0 0 0 0 0 0 0 0 0 0 0 0 0 0 0 0 0 0 0 0 0 0 0 0 0 0 0 0 0 0 0 0 0 0 0 0 0 0 0 0 0 0 0 0 0 0 0 0 0 0 0 0 0 0 0 0 0 0 0 0 0 0 17 0 0 0 0 0 0 0 0 0 0 0 0 0 0 0 0 0 0 0 0 0 0 0 0 0 0 0 0 0 0 0 0 0 0 0 0 0 0 0 0 0 0 0 0 0 0 0 0 0 0 0 0 0 0 0 0 0 0 0 0 0 0 0 0 0 0 0 0 0 0 0 0 0 0 0 0 0 0 0 0 0 0 0 0 0 0 0 0 0 0 0 0 0 0 0 0 0 0 0 0 0 0 0 0 0 0 0 0 0 0 0 0 0 0 0 0 0 0 0 0 0 0 0 0 0 0 0 0 0 0 0 0 0 0 0 0 0 0 0 0 0 0 0 0 0 0 0 0 0 0 0 0 0 0 0 0 0 0 0 0 0 0 0 0 0 0 0 0 0 0 0 0 0 0 0 0 0 0 0 0 0 0 0 0 0 0 0 0 0 0 0 0 0 0 0 0 0 0 0 0 0 0 0 0 0 0 0 0 0 0 0 0 0 0 0 0 0 0 0 0 0 0 0 0 0 0 0 0 0 0 0 0 0 0 0 0 0 0 0 0 0 0 0 0 0 0 0 0 0 0 0 0 0 0 0 0 0 0 0 0 0 0 0 0 0 0 0 0 0 0 0 0 0 0 0 0 0 0 0 0 0 0 0 0 0 0 0 0 0 0 0 0 0 0 0 0 0 0 0 0 0 0 0 0 0 0 0 0 0 0 0 0 0 0 0 0 0 0 0 0 0 0 0 0 0 0 0 0 0 0 0 0 0 0 0 0 0 0 0 0 0 0 0 0 0 0 0 0 0 0 0 0 0 0 0 0 0 0 0 0 0 0 0 0 0 0 0 0 0 0 0 0 0 0 0 0 0 0 0 0 0 0 0 0 0 0 0 0 0 0 0 0 0 0 0 0 0 0 0 0 0 0 0 0 0 0 0 0 0 0 0 0 0 0 0 0 0 0 0 0 0 0 0 0 0 0 0 0 0 0 0 0 0 0 0 0 0 0 0 0 0 0 0 0 0 0 0 0 0 0 0 0 0 0 0 0 0 0 0 0 0 0 0 0 0 0 0 0 0 0 0 0 0 0 0 0 0 0 0 0 0 0 0 0 0 0 0 0 0 0 0 0 0 0 0 0 0 0 0 0 0 0 0 0 0 0 0 0 0 0 0 0 0 0 0 0 0 0 0 0 0 0 0 0 0 0 0 0 0 0 0 0 0 0 0 0 0 0 0 0 0 0 0 0 0 0 0 0 0 0 0 0 0 0 0 0 0 0 0 0 0 0 0 0 0 0 0 0 0 0 0 0 0 0 0 0 0 0 0 0 0 0 0 0 0 0 0 0 0 0 0 0 0 0 0 0 0 0 0 0 0 0 0 0 0 0 0 0 0 0 0 0 0 0 0 0 0 0 0 0 0 0 0 0 0 0 0 0 0 0 0 0 0 0 0 0 0 0 0 0 0 0 0 0 0 0 0 0 0 0 0 0 0 0 0 0 0 0 0 0 0 0 0 0 0 0 0 0 0 0 0 0 0 0 0 0 0 0 0 0 0 0 0 0 0 0 0 0 0 0 0 0 0 0 0 0 0 0 0 0 0 0 0 0 0 0 0 0 0 0 0 0 0 0 0 0 0 0 0 0 0 0 0 0 0 0 0 0 0 0 0 0 0 0 0 0 0 0 0 0 0 0 0 0 0 0 0 0 0 0 0 0 0 0 0 0 0 0 0 0 0 0 0 0 0 0 0 0 0 0 0 0 0 0 0 0 0 0 0 0 0 0 0 0 0 0 0 0 0 0 0 0 0 0 0 0 0 0 0 0 0 0 0 0 0 0 0 0 0 0 0 0 0 0 0 0 0 0 0 0 0 0 0 0 0 0 0 0 0 0 0 0 0 0 0 0 0 0 0 0 0 0 0 0 0 0 0 0 0 0 0 0 0 0 0 0 0 0 0 0 0 0 0 0 0 0 0 0 0 0 0 0 0 0 0 0 0 0 0 0 0 0 0 0 0 0 0 0 0 0 0 0 0 0 0 0 0 0 0 0 0 0 0 0 0 0 0 0 0 0 0 0 0 0 0 0 0 0 0 0 0 0 0 0 0 0 0 0 0 0 0 0 0 0 0 0 0 0 0 0 0 0 0 0 0 0 0 0 0 0 0 0 0 0 0 0 0 0 0 0 0 0 0 0 0 0 0 0 0 0 0 0 0 0 0 0 0 0 0 0 0 0 0 0 0 0 0 0 0 0 0 0 0 0 0 0 0 0 0 0 0 0 0 0 0 0 0 0 0 0 0 0 0 0 0 0 0 0 0 0 0 0 0 0 0 0 0 0 0 0 0 0 0 0 0 0 0 0 0 0 0 0 0 0 0 0 0 0 0 0 0 0 0 0 0 0 0 0 0 0 0 0 0 0 0 0 0 0 0 0 0 0 0 0 0 0 0 0 0 0 0 0 0 0 0 0 0 0 0 0 0 0 0 0 0 0 0 0 0 0 0 0 0 0 0 0 0 0 0 0 0 0 0 0 0 0 0 0 0 0 0 0 0 0 0 0 0 0 0 0 0 0 0 0 0 0 0 0 0 0 0 0 0 0 0 0 0 0 0 0 0 0 0 0 0 0 0 0 0 0 0 0 0 0 0 0 0 0 0 0 0 0 0 0 0 0 0 0 0 0 0 0 0 0 0 0 0 0 0 0 0 0 0 0 0 0 0 0 0 0 0 0 0 0 0 0 0 0 0 0 0 0 0 0 0 0 0 0 0 0 0 0 0 0 0 0 0 0 0 0 0 0 0 0 0 0 0 0 0 0 0 0 0 0 0 0 0 0 0 0 0 0 0 0 0 0 0 0 0 0 0 0 0 0 0 0 0 0 0 0 0 0 0 0 0 0 0 0 0 0 0 0 0 0 0 0 0 0 0 0 0 0 0 0 0 0 0 0 0 0 0 0 0 0 0 0 0 0 0 0 0 0 0 0 0 0 0 0 0 0 0 0 0 0 0 0 0 0 0 0 0 0 0 0 0 0 0 0 0 0 0 0 0 0 0 0 0 0 0 0 0 0 0 0 0 0 0 0 0 0 0 0 0 0 0 0 0 0 0 0 0 0 0 0 0 0 0 0 0 0 0 0 0 0 0 0 0 0 0 0 0 0 0 0 0 0 0 0 0 0 0 0 0 0 0 0 0 0 0 0 0 0 0 0 0 0 0 0 0 0 0 0 0 0 0 0 0 0 0 0 0 0 0 0 0 0 0 0 0 0 0 0 0 0 0 0 0 0 0 0 0 0 0 0 0 0 0 0 0 0 0 0 0 0 0 0 0 0 0 0 0 0 0 0 0 0 0 0 0 0 0 0 0 0 0 0 0 0 0 0 0 0 0 0 0 0 0 0 0 0 0 0 0 0 0 0 0 0 0 0 0 0 0 0 0 0 0 0 0 0 0 0 0 0 0 0 0 0 0 0 0 0 0 0 0 0 0 0 0 0 0 0 0 0 0 0 0 0 0 0 0 0 0 0 0 0 0 0 0 0 0 0 0 0 0 0 0 0 0 0 0 0 0 0 0 0 0 0 0 0 0 0 0 0 0 0 0 0 0 0 0 0 0 0 0 0 0 0 0 0 0 0 0 0 0 0 0 0 0 0 0 0 0 0 0 0 0 0 0 0 0 0 0 0 0 0 0 0 0 0 0 0 0 0 0 0 0 0 0 0 0 0 0 0 0 0 0 0 0 0 0 0 0 0 0 0 0 0 0 0 0 0 0 0 0 0 0 0 0 0 0 0 0 0 0 0 0 0 0 0 0 0 0 0 0 0 0 0 0 0 0 0 0 0 0 0 0 0 0 0 0 0 0 0 0 0 0 0 0 0 0 0 0 0 0 0 0 0 0 0 0 0 0 0 0 0 0 0 0 0 0 0 0 0 0 0 0 0 0 0 0 0 0 0 0 0 0 0 0 0 0 0 0 0 0 0 0 0 0 0 0 0 0 0 0 0 0 0 0 0 0 0 0 0 0 0 0 0 0 0 0 0 0 0 0 0 0 0 0 0 0 0 0 0 0 0 0 0 0 0 0 0 0 0 0 0 0 0 0 0 0 0 0 0 0 0 0 0 0 0 0 0 0 0 0 0 0 0 0 0 0 0 0 0 0 0 0 0 0 0 0 0 0 0 0 0 0 0 0 0 0 0 0 0 0 0 0 0 0 0 0 0 0 0 0 0 0 0 0 0 0 0 0 0 0 0 0 0 0 0 0 0 0 0 0 0 0 0 0 0 0 0 0 0 0 0 0 0 0 0 0 0 0 0 0 0 0 0 0 0 0 0 0 0 0 0 0 0 0 0 0 0 0 0 0 0 0 0 0 0 0 0 0 0 0 0 0 0 0 0 0 0 0 0 0 0 0 0 0 0 0 0 0 0 0 0 0 0 0 0 0 0 0 0 0 0 0 0 0 0 0 0 0 0 0 0 0 0 0 0 0 0 0 0 0 0 0 0 0 0 0 0 0 0 0 0 0 0 0 0 0 0 0 0 0 0 0 0 0 0 0 0 0 0 0 0 0 0 0 0 0 0 0 0 0 0 0 0 0 0 0 0 0 0 0 0 0 0 0 0 0 0 0 0 0 0 0 0 0 0 0 0 0 0 0 0 0 0 0 0 0 0 0 0 0 0 0 0 0 0 0 0 0 0 0 0 0 0 0 0 0 0 0 0 0 0 0 0 0 0 0 0 0 0 0 0 0 0 0
ctxt 12315837
btime 1613123985
processes 299161
procs_running 1
procs_blocked 0
softirq 98712230 1 57952986 1954 2365105 0 0 154 2847539 0 35544491
