cpu  29292483 3 44139 7171864 459 0 4198 0 0 0
cpu0 812981 0 1671 199163 1 0 657 0 0 0
cpu1 813773 0 1251 199110 22 0 101 0 0 0
cpu2 813466 0 1358 199278 17 0 154 0 0 0
cpu3 813413 0 1384 199396 5 0 74 0 0 0
cpu4 812756 0 1800 199470 3 0 232 0 0 0
cpu5 813292 0 1396 199497 2 0 71 0 0 0
cpu6 813372 0 1291 199508 6 0 80 0 0 0
cpu7 813397 0 1431 199296 1 0 122 0 0 0
cpu8 813762 0 955 199486 1 0 44 0 0 0
cpu9 812976 0 2015 199111 1 0 155 0 0 0
cpu10 813192 0 1467 199489 6 0 85 0 0 0
cpu11 814144 0 1340 198659 1 0 99 0 0 0
cpu12 813179 0 1464 199501 38 0 50 0 0 0
cpu13 813894 0 1407 198889 4 0 56 0 0 0
cpu14 813225 0 1555 199346 88 0 44 0 0 0
cpu15 810992 0 2802 199304 49 0 1101 0 0 0
cpu16 813189 0 1652 199336 2 0 62 0 0 0
cpu17 813212 0 1611 199353 2 0 65 0 0 0
cpu18 813841 0 841 199507 4 0 28 0 0 0
cpu19 814262 0 769 199119 15 0 54 0 0 0
cpu20 813841 0 986 199321 5 0 94 0 0 0
cpu21 814181 0 609 199451 1 0 12 0 0 0
cpu22 813725 0 886 199537 23 0 70 0 0 0
cpu23 813352 0 1120 199637 1 0 143 0 0 0
cpu24 813680 0 916 199548 7 0 98 0 0 0
cpu25 813835 0 796 199540 13 0 57 0 0 0
cpu26 814329 0 457 199450 2 0 8 0 0 0
cpu27 814328 0 857 198990 16 0 49 0 0 0
cpu28 814742 0 1201 198209 2 0 96 0 0 0
cpu29 814471 0 1038 198673 1 0 42 0 0 0
cpu30 815773 0 933 197425 77 0 28 0 0 0
cpu31 815123 0 792 198282 1 0 33 0 0 0
cpu32 813717 0 983 199517 1 0 24 0 0 0
cpu33 813688 1 1024 199464 6 0 52 0 0 0
cpu34 813798 0 890 199514 13 0 23 0 0 0
cpu35 813568 0 1177 199470 2 0 20 0 0 0
intr 80736068 56 0 0 0 610 0 0 0 1 0 250 0 0 0 0 0 0 0 0 0 0 0 0 0 0 0 0 0 0 0 0 94 530 470 749 2638 715 698 1413 293 136 282 460 83 4754 486 3890 2462 571 484 247 389 638 184 1445 135 0 0 0 0 368 542 203 1179 154 117 10240 178 151 985 627 217 0 0 17 12192 2 0 24974 2392 4405 1201 3240 4098 1561 5578 2283 6496 5444 3182 7039 1773 1687 234291 3481 4860 6890 1653 2298 1648 7006 2922 980 3011 1176 749 4448 2157 7648 5668 5213 9716 1599 2188 0 16 7899 1 0 0 0 0 0 0 0 0 0 0 0 0 0 0 0 0 0 0 0 0 0 0 0 0 0 0 0 0 0 0 0 0 0 0 0 0 0 25 0 0 0 0 0 0 0 0 0 0 0 0 0 0 0 0 0 0 0 0 0 0 0 0 0 0 0 0 0 0 0 0 0 0 0 0 0 0 0 0 0 0 0 0 0 0 0 0 0 0 0 0 0 0 0 0 0 0 0 0 0 0 0 0 0 0 0 0 0 0 0 0 0 0 0 0 0 0 0 0 0 0 0 0 0 0 0 0 0 0 0 0 0 0 0 0 0 0 0 0 0 0 0 0 0 0 0 0 0 0 0 0 0 0 0 0 0 0 0 0 0 0 0 0 0 0 0 0 0 0 0 0 0 0 0 0 0 0 0 0 0 0 0 0 0 0 0 0 0 0 0 0 0 0 0 0 0 0 0 0 0 0 0 0 0 0 0 0 0 0 0 0 0 0 0 0 0 0 0 0 0 0 0 0 0 0 0 0 0 0 0 0 0 0 0 0 0 0 0 0 0 0 0 0 0 0 0 0 0 0 0 0 0 0 0 0 0 0 0 0 0 0 0 0 0 0 0 0 0 0 0 0 0 0 0 0 0 0 0 0 0 0 0 0 0 0 0 0 0 0 0 0 0 0 0 0 0 0 0 0 0 0 0 0 0 0 0 0 0 0 0 0 0 0 0 0 0 0 0 0 0 0 0 0 0 0 0 0 0 0 0 0 0 0 0 0 0 0 0 0 0 0 0 0 0 0 0 0 0 0 0 0 0 0 0 0 0 0 0 0 0 0 0 0 0 0 0 0 0 0 0 0 0 0 0 0 0 0 0 0 0 0 0 0 0 0 0 0 0 0 0 0 0 0 0 0 0 0 0 0 0 0 0 0 0 0 0 0 0 0 0 0 0 0 0 0 0 0 0 0 0 0 0 0 0 0 0 0 0 0 0 0 0 0 0 0 0 0 0 0 0 0 0 0 0 0 0 0 0 0 0 0 0 0 0 0 0 0 0 0 0 0 0 0 0 0 0 0 0 0 0 0 0 0 0 0 0 0 0 0 0 0 0 0 0 0 0 0 0 0 0 0 0 0 0 0 0 0 0 0 0 0 0 0 0 0 0 0 0 0 0 0 0 0 0 0 0 0 0 0 0 0 0 0 0 0 0 0 0 0 0 0 0 0 0 0 0 0 0 0 0 0 0 0 0 0 0 0 0 0 0 0 0 0 0 0 0 0 0 0 0 0 0 0 0 0 0 0 0 0 0 0 0 0 0 0 0 0 0 0 0 0 0 0 0 0 0 0 0 0 0 0 0 0 0 0 0 0 0 0 0 0 0 0 0 0 0 0 0 0 0 0 0 0 0 0 0 0 0 0 0 0 0 0 0 0 0 0 0 0 0 0 0 0 0 0 0 0 0 0 0 0 0 0 0 0 0 0 0 0 0 0 0 0 0 0 0 0 0 0 0 0 0 0 0 0 0 0 0 0 0 0 0 0 0 0 0 0 0 0 0 0 0 0 0 0 0 0 0 0 0 0 0 0 0 0 0 0 0 0 0 0 0 0 0 0 0 0 0 0 0 0 0 0 0 0 0 0 0 0 0 0 0 0 0 0 0 0 0 0 0 0 0 0 0 0 0 0 0 0 0 0 0 0 0 0 0 0 0 0 0 0 0 0 0 0 0 0 0 0 0 0 0 0 0 0 0 0 0 0 0 0 0 0 0 0 0 0 0 0 0 0 0 0 0 0 0 0 0 0 0 0 0 0 0 0 0 0 0 0 0 0 0 0 0 0 0 0 0 0 0 0 0 0 0 0 0 0 0 0 0 0 0 0 0 0 0 0 0 0 0 0 0 0 0 0 0 0 0 0 0 0 0 0 0 0 0 0 0 0 0 0 0 0 0 0 0 0 0 0 0 0 0 0 0 0 0 0 0 0 0 0 0 0 0 0 0 0 0 0 0 0 0 0 0 0 0 0 0 0 0 0 0 0 0 0 0 0 0 0 0 0 0 0 0 0 0 0 0 0 0 0 0 0 0 0 0 0 0 0 0 0 0 0 0 0 0 0 0 0 0 0 0 0 0 0 0 0 0 0 0 0 0 0 0 0 0 0 0 0 0 0 0 0 0 0 0 0 0 0 0 0 0 0 0 0 0 0 0 0 0 0 0 0 0 0 0 0 0 0 0 0 0 0 0 0 0 0 0 0 0 0 0 0 0 0 0 0 0 0 0 0 0 0 0 0 0 0 0 0 0 0 0 0 0 0 0 0 0 0 0 0 0 0 0 0 0 0 0 0 0 0 0 0 0 0 0 0 0 0 0 0 0 0 0 0 0 0 0 0 0 0 0 0 0 0 0 0 0 0 0 0 0 0 0 0 0 0 0 0 0 0 0 0 0 0 0 0 0 0 0 0 0 0 0 0 0 0 0 0 0 0 0 0 0 0 0 0 0 0 0 0 0 0 0 0 0 0 0 0 0 0 0 0 0 0 0 0 0 0 0 0 0 0 0 0 0 0 0 0 0 0 0 0 0 0 0 0 0 0
ctxt 20925496
btime 1613124388
processes 525656
procs_running 1
procs_blocked 0
softirq 103890768 1 59609483 1011 3974217 0 0 382555 2734141 0 37189360
