cpu  7108093 4 10572 6696773 512 0 1135 0 0 0
cpu0 197316 0 376 185854 9 0 266 0 0 0
cpu1 197089 0 537 186105 1 0 71 0 0 0
cpu2 197284 0 400 186097 2 0 19 0 0 0
cpu3 197326 0 312 186137 17 0 19 0 0 0
cpu4 197256 0 320 186204 2 0 32 0 0 0
cpu5 197393 0 220 186190 2 0 12 0 0 0
cpu6 197308 0 349 186131 0 0 22 0 0 0
cpu7 197337 0 267 186191 5 0 10 0 0 0
cpu8 197660 0 299 185833 6 0 14 0 0 0
cpu9 197221 0 390 186156 9 0 42 0 0 0
cpu10 197416 0 266 186102 4 0 10 0 0 0
cpu11 197463 0 268 186058 2 0 10 0 0 0
cpu12 197437 0 219 186122 11 0 15 0 0 0
cpu13 197548 0 255 185997 4 0 4 0 0 0
cpu14 197412 0 421 185942 4 0 23 0 0 0
cpu15 197861 0 346 185588 14 0 7 0 0 0
cpu16 197420 0 323 186056 2 0 7 0 0 0
cpu17 197338 0 342 186068 2 0 54 0 0 0
cpu18 197424 0 244 186083 51 0 10 0 0 0
cpu19 197106 0 486 186120 4 0 88 0 0 0
cpu20 197368 0 278 186101 41 0 20 0 0 0
cpu21 197384 0 266 186114 42 0 14 0 0 0
cpu22 197388 0 203 186143 58 0 14 0 0 0
cpu23 197478 0 123 186184 10 0 2 0 0 0
cpu24 197582 0 205 186012 0 0 2 0 0 0
cpu25 197388 0 199 186221 0 0 3 0 0 0
cpu26 197506 0 203 186087 0 0 10 0 0 0
cpu27 197389 0 231 186174 0 0 11 0 0 0
cpu28 197062 0 401 186095 0 0 246 0 0 0
cpu29 197569 0 208 185993 16 0 5 0 0 0
cpu30 197536 0 182 186072 2 0 6 0 0 0
cpu31 197926 0 244 185618 4 0 1 0 0 0
cpu32 197844 1 353 185580 7 0 18 0 0 0
cpu33 197578 2 197 186023 7 0 2 0 0 0
cpu34 197969 0 401 185277 122 0 29 0 0 0
cpu35 197499 0 225 186027 34 0 5 0 0 0
intr 19873701 56 0 0 0 609 0 0 0 1 0 257 0 0 0 0 0 0 0 0 0 0 0 0 0 0 0 0 0 0 0 0 92 545 46 157 175 263 108 140 1482 467 519 369 173 378 479 429 438 214 368 1673 164 2412 1413 2844 1523 0 0 0 0 19 16 88 14 364 455 236 402 658 484 10316 3522 0 0 16 9400 2 0 6733 129 1037 1168 3643 73 5154 167 1092 656 429 253 187 375 274 1697 353 1420 1953 5699 4927 3778 12 40 646 426 1222 856 56376 731 1630 856 421 122 2741 81 0 17 7674 1 0 0 0 0 0 0 0 0 0 0 0 0 0 0 0 0 0 0 0 0 0 0 0 0 0 0 0 0 0 0 0 0 0 0 0 0 0 22 0 0 0 0 0 0 0 0 0 0 0 0 0 0 0 0 0 0 0 0 0 0 0 0 0 0 0 0 0 0 0 0 0 0 0 0 0 0 0 0 0 0 0 0 0 0 0 0 0 0 0 0 0 0 0 0 0 0 0 0 0 0 0 0 0 0 0 0 0 0 0 0 0 0 0 0 0 0 0 0 0 0 0 0 0 0 0 0 0 0 0 0 0 0 0 0 0 0 0 0 0 0 0 0 0 0 0 0 0 0 0 0 0 0 0 0 0 0 0 0 0 0 0 0 0 0 0 0 0 0 0 0 0 0 0 0 0 0 0 0 0 0 0 0 0 0 0 0 0 0 0 0 0 0 0 0 0 0 0 0 0 0 0 0 0 0 0 0 0 0 0 0 0 0 0 0 0 0 0 0 0 0 0 0 0 0 0 0 0 0 0 0 0 0 0 0 0 0 0 0 0 0 0 0 0 0 0 0 0 0 0 0 0 0 0 0 0 0 0 0 0 0 0 0 0 0 0 0 0 0 0 0 0 0 0 0 0 0 0 0 0 0 0 0 0 0 0 0 0 0 0 0 0 0 0 0 0 0 0 0 0 0 0 0 0 0 0 0 0 0 0 0 0 0 0 0 0 0 0 0 0 0 0 0 0 0 0 0 0 0 0 0 0 0 0 0 0 0 0 0 0 0 0 0 0 0 0 0 0 0 0 0 0 0 0 0 0 0 0 0 0 0 0 0 0 0 0 0 0 0 0 0 0 0 0 0 0 0 0 0 0 0 0 0 0 0 0 0 0 0 0 0 0 0 0 0 0 0 0 0 0 0 0 0 0 0 0 0 0 0 0 0 0 0 0 0 0 0 0 0 0 0 0 0 0 0 0 0 0 0 0 0 0 0 0 0 0 0 0 0 0 0 0 0 0 0 0 0 0 0 0 0 0 0 0 0 0 0 0 0 0 0 0 0 0 0 0 0 0 0 0 0 0 0 0 0 0 0 0 0 0 0 0 0 0 0 0 0 0 0 0 0 0 0 0 0 0 0 0 0 0 0 0 0 0 0 0 0 0 0 0 0 0 0 0 0 0 0 0 0 0 0 0 0 0 0 0 0 0 0 0 0 0 0 0 0 0 0 0 0 0 0 0 0 0 0 0 0 0 0 0 0 0 0 0 0 0 0 0 0 0 0 0 0 0 0 0 0 0 0 0 0 0 0 0 0 0 0 0 0 0 0 0 0 0 0 0 0 0 0 0 0 0 0 0 0 0 0 0 0 0 0 0 0 0 0 0 0 0 0 0 0 0 0 0 0 0 0 0 0 0 0 0 0 0 0 0 0 0 0 0 0 0 0 0 0 0 0 0 0 0 0 0 0 0 0 0 0 0 0 0 0 0 0 0 0 0 0 0 0 0 0 0 0 0 0 0 0 0 0 0 0 0 0 0 0 0 0 0 0 0 0 0 0 0 0 0 0 0 0 0 0 0 0 0 0 0 0 0 0 0 0 0 0 0 0 0 0 0 0 0 0 0 0 0 0 0 0 0 0 0 0 0 0 0 0 0 0 0 0 0 0 0 0 0 0 0 0 0 0 0 0 0 0 0 0 0 0 0 0 0 0 0 0 0 0 0 0 0 0 0 0 0 0 0 0 0 0 0 0 0 0 0 0 0 0 0 0 0 0 0 0 0 0 0 0 0 0 0 0 0 0 0 0 0 0 0 0 0 0 0 0 0 0 0 0 0 0 0 0 0 0 0 0 0 0 0 0 0 0 0 0 0 0 0 0 0 0 0 0 0 0 0 0 0 0 0 0 0 0 0 0 0 0 0 0 0 0 0 0 0 0 0 0 0 0 0 0 0 0 0 0 0 0 0 0 0 0 0 0 0 0 0 0 0 0 0 0 0 0 0 0 0 0 0 0 0 0 0 0 0 0 0 0 0 0 0 0 0 0 0 0 0 0 0 0 0 0 0 0 0 0 0 0 0 0 0 0 0 0 0 0 0 0 0 0 0 0 0 0 0 0 0 0 0 0 0 0 0 0 0 0 0 0 0 0 0 0 0 0 0 0 0 0 0 0 0 0 0 0 0 0 0 0 0 0 0 0 0 0 0 0 0 0 0 0 0 0 0 0 0 0 0 0 0 0 0 0 0 0 0 0 0 0 0 0 0 0 0 0 0 0 0 0 0 0 0 0 0 0 0 0 0 0 0 0 0 0 0 0 0 0 0 0 0 0 0 0 0 0 0 0 0 0 0 0 0 0 0 0 0 0 0 0 0 0 0 0 0 0 0 0 0 0 0 0 0 0 0 0 0 0 0 0 0 0 0 0 0 0 0 0 0 0 0 0 0 0 0 0 0 0 0 0 0 0 0 0 0 0 0 0 0 0 0 0 0 0 0 0 0 0 0 0 0 0 0 0 0 0 0 0 0 0 0 0 0 0 0 0 0 0 0 0 0 0 0 0 0 0 0 0 0 0 0 0 0 0 0 0
ctxt 5553261
btime 1613124388
processes 137158
procs_running 1
procs_blocked 0
softirq 26342083 1 15377439 366 1021015 0 0 105396 751993 0 9085873
