cpu  2227140 7 9716 25848382 486 0 196 0 0 0
cpu0 17354 0 362 201258 0 0 82 0 0 0
cpu1 17387 0 60 201989 0 0 1 0 0 0
cpu2 17340 0 99 201987 0 0 0 0 0 0
cpu3 17408 0 100 201935 7 0 0 0 0 0
cpu4 17354 0 90 202006 0 0 2 0 0 0
cpu5 17386 0 48 202015 0 0 2 0 0 0
cpu6 17326 0 105 201976 0 0 9 0 0 0
cpu7 17380 0 79 201990 0 0 0 0 0 0
cpu8 17360 0 77 202008 0 0 1 0 0 0
cpu9 17388 0 50 202012 0 0 0 0 0 0
cpu10 17539 0 78 201831 0 0 0 0 0 0
cpu11 17432 0 65 201953 0 0 0 0 0 0
cpu12 17374 0 74 201999 0 0 1 0 0 0
cpu13 17385 0 50 202011 0 0 0 0 0 0
cpu14 17394 0 60 201985 0 0 3 0 0 0
cpu15 17432 0 74 201939 0 0 1 0 0 0
cpu16 17384 0 57 202001 0 0 1 0 0 0
cpu17 17387 0 52 202003 0 0 0 0 0 0
cpu18 17399 0 60 201984 0 0 0 0 0 0
cpu19 17404 0 80 201958 2 0 0 0 0 0
cpu20 17383 0 68 201997 0 0 0 0 0 0
cpu21 17388 0 50 202013 0 0 0 0 0 0
cpu22 17384 0 50 202002 0 0 0 0 0 0
cpu23 17480 2 121 201844 0 0 0 0 0 0
cpu24 17386 0 90 201964 0 0 0 0 0 0
cpu25 17386 0 36 202019 0 0 0 0 0 0
cpu26 17118 0 136 202134 0 0 12 0 0 0
cpu27 17546 0 105 201765 0 0 0 0 0 0
cpu28 17386 0 185 201790 0 0 0 0 0 0
cpu29 17390 0 48 201992 0 0 0 0 0 0
cpu30 17386 0 47 202007 0 0 0 0 0 0
cpu31 17474 0 104 201854 1 0 0 0 0 0
cpu32 17367 0 55 202016 0 0 0 0 0 0
cpu33 17385 0 52 201942 0 0 11 0 0 0
cpu34 17313 0 110 202011 0 0 10 0 0 0
cpu35 17524 0 185 201721 2 0 0 0 0 0
cpu36 17387 0 118 201923 0 0 0 0 0 0
cpu37 17390 0 48 201995 0 0 0 0 0 0
cpu38 17386 0 61 201992 0 0 0 0 0 0
cpu39 17559 0 222 201648 6 0 0 0 0 0
cpu40 17386 0 90 201951 0 0 0 0 0 0
cpu41 17388 0 43 202008 1 0 0 0 0 0
cpu42 17351 0 79 202000 0 0 4 0 0 0
cpu43 17536 0 150 201716 28 0 0 0 0 0
cpu44 17390 0 62 201983 0 0 0 0 0 0
cpu45 17389 0 45 201997 0 0 0 0 0 0
cpu46 17416 0 56 201961 0 0 0 0 0 0
cpu47 17421 0 79 201930 2 0 0 0 0 0
cpu48 17388 0 52 201993 0 0 0 0 0 0
cpu49 17389 0 46 201990 0 0 0 0 0 0
cpu50 17401 0 66 201967 1 0 0 0 0 0
cpu51 17420 0 73 201931 2 0 0 0 0 0
cpu52 17387 0 50 201999 0 0 0 0 0 0
cpu53 17392 0 53 201979 2 0 0 0 0 0
cpu54 17385 0 55 201986 0 0 0 0 0 0
cpu55 17415 0 116 201893 5 0 0 0 0 0
cpu56 17386 0 53 201996 0 0 0 0 0 0
cpu57 17388 0 46 201991 0 0 0 0 0 0
cpu58 17375 0 61 201995 1 0 2 0 0 0
cpu59 17467 0 92 201782 77 0 1 0 0 0
cpu60 17388 0 52 201991 2 0 0 0 0 0
cpu61 17388 0 44 201998 0 0 0 0 0 0
cpu62 17353 0 77 201994 0 0 3 0 0 0
cpu63 17402 0 64 201959 0 0 0 0 0 0
cpu64 17331 0 72 202024 0 0 0 0 0 0
cpu65 17389 0 56 201981 0 0 0 0 0 0
cpu66 17342 0 101 201981 1 0 2 0 0 0
cpu67 17470 0 94 201761 88 0 0 0 0 0
cpu68 17122 0 118 202154 0 0 5 0 0 0
cpu69 17388 0 51 201981 1 0 0 0 0 0
cpu70 17263 0 175 201973 0 0 13 0 0 0
cpu71 17532 0 97 201764 31 0 0 0 0 0
cpu72 17376 0 71 201975 0 0 0 0 0 0
cpu73 17388 0 35 201999 0 0 0 0 0 0
cpu74 17454 0 63 201913 0 0 0 0 0 0
cpu75 17490 0 61 201864 2 0 0 0 0 0
cpu76 17162 0 75 202169 0 0 4 0 0 0
cpu77 17387 0 35 202001 0 0 0 0 0 0
cpu78 17382 0 41 201988 0 0 0 0 0 0
cpu79 17388 0 56 201955 2 0 0 0 0 0
cpu80 17388 0 50 201985 1 0 0 0 0 0
cpu81 17390 0 36 201986 0 0 0 0 0 0
cpu82 17391 0 52 201969 0 0 0 0 0 0
cpu83 17393 0 57 201964 1 0 0 0 0 0
cpu84 17385 0 57 201977 0 0 0 0 0 0
cpu85 17389 0 38 201987 0 0 0 0 0 0
cpu86 17438 0 52 201929 1 0 0 0 0 0
cpu87 17416 1 64 201928 4 0 0 0 0 0
cpu88 17386 0 50 201987 0 0 0 0 0 0
cpu89 17389 0 42 201989 0 0 0 0 0 0
cpu90 17342 0 53 202015 0 0 1 0 0 0
cpu91 17462 0 93 201839 1 0 1 0 0 0
cpu92 17386 0 64 201960 1 0 0 0 0 0
cpu93 17387 0 36 201988 0 0 0 0 0 0
cpu94 17385 0 46 201986 0 0 0 0 0 0
cpu95 17467 0 103 201831 1 0 0 0 0 0
cpu96 17388 0 56 201967 5 0 0 0 0 0
cpu97 17388 0 43 201981 0 0 0 0 0 0
cpu98 17382 0 51 201975 0 0 0 0 0 0
cpu99 17491 2 171 201764 2 0 0 0 0 0
cpu100 17386 0 53 201977 0 0 0 0 0 0
cpu101 17386 0 56 201969 0 0 0 0 0 0
cpu102 17351 0 75 201983 0 0 4 0 0 0
cpu103 17554 0 234 201622 5 0 0 0 0 0
cpu104 17388 0 52 201965 0 0 0 0 0 0
cpu105 17383 0 60 201965 0 0 0 0 0 0
cpu106 17367 0 62 201965 0 0 1 0 0 0
cpu107 17572 0 158 201671 7 0 0 0 0 0
cpu108 17391 0 70 201937 7 0 0 0 0 0
cpu109 17383 0 42 201982 0 0 0 0 0 0
cpu110 17388 0 50 201970 0 0 0 0 0 0
cpu111 17424 0 74 201909 0 0 0 0 0 0
cpu112 17398 0 66 201945 0 0 0 0 0 0
cpu113 17387 0 43 201977 0 0 0 0 0 0
cpu114 17384 0 62 201949 11 0 0 0 0 0
cpu115 17924 0 228 201167 70 0 0 0 0 0
cpu116 17396 0 46 201964 0 0 0 0 0 0
cpu117 17386 0 46 201966 0 0 0 0 0 0
cpu118 17384 0 50 201961 0 0 0 0 0 0
cpu119 17402 0 68 201932 4 0 0 0 0 0
cpu120 17387 0 56 201961 0 0 1 0 0 0
cpu121 17388 0 50 201965 1 0 0 0 0 0
cpu122 17382 0 50 201974 0 0 0 0 0 0
cpu123 17404 0 61 201882 54 0 0 0 0 0
cpu124 17389 0 42 201969 1 0 0 0 0 0
cpu125 17387 0 57 201954 0 0 0 0 0 0
cpu126 17366 0 62 201970 1 0 0 0 0 0
cpu127 17414 0 65 201921 1 0 0 0 0 0
intr 7693437 130 0 0 0 683 0 0 0 1 0 285 0 0 0 0 0 0 0 0 0 0 0 0 0 0 0 0 0 0 0 0 0 0 0 0 260 0 5 2 838 0 175 2246 2531 55 0 3 17 373 0 0 4782 1195 3 0 20 466 2 0 0 5 0 0 651 16 819 1 2 2 3 29462 148 1 9 8 0 2 108 6 1098 0 144 0 0 38 0 229 5 3 0 0 0 0 0 0 743 2107 0 0 3031 0 0 0 2963 3 614 0 466 0 0 0 2 11 78 0 0 167 0 0 0 1118 11 0 1 671 0 0 140 1291 0 0 0 0 0 0 0 4 0 0 0 0 0 1 1693 0 0 0 0 0 0 0 0 3 0 0 0 0 0 0 0 0 0 0 0 0 0 163 162 1 62 4 80 206 15 155 1 3 0 6 0 6 0 8 141 11 3 764 3 128 2 84 12 69 14 100 62 7 9 4 0 0 0 0 0 0 0 0 0 0 0 0 0 0 0 0 0 69 7 81 8 70 10 3 1 3 3 44 0 6 26 6 136 8 19 5 19 33 41 0 0 8 0 1 25 0 32 0 1 1 0 6 385 0 0 37 6003 5075 83 120 373 507 241 169 134 199 524 45 186 354 3008 20 67 220 532 17 9906 100 546 61 0 0 0 0 0 0 0 0 0 0 0 0 0 0 0 0 0 0 0 0 0 0 0 0 0 0 0 0 0 0 0 0 0 0 0 0 0 0 0 0 0 0 0 0 0 0 0 0 0 0 0 0 0 0 0 0 0 0 0 0 0 0 0 0 0 0 0 0 0 0 0 0 0 0 0 0 0 0 0 0 0 0 0 0 0 0 0 0 0 0 0 0 0 0 0 0 0 0 0 0 0 0 0 0 0 0 0 0 0 0 0 0 0 0 0 0 0 0 0 0 0 0 0 0 0 0 0 0 0 0 0 0 0 0 0 0 0 0 0 0 0 0 0 0 0 0 0 0 0 0 0 0 0 0 0 0 0 0 0 0 0 0 0 0 0 0 0 0 0 0 0 0 0 0 0 0 0 0 0 0 0 0 0 0 0 0 0 0 0 0 0 0 0 0 0 0 0 0 0 0 0 0 0 0 0 0 0 0 0 0 0 0 0 0 0 0 0 0 0 0 0 0 0 0 0 0 0 0 0 0 0 0 0 0 0 0 0 0 0 0 0 0 0 0 0 0 0 0 0 0 0 0 0 0 0 0 0 0 0 0 0 0 0 0 0 0 0 0 0 0 0 0 0 0 0 0 0 0 0 0 0 0 0 0 0 0 0 0 0 0 0 0 0 0 0 0 0 0 0 0 0 0 0 0 0 0 0 0 0 0 0 0 0 0 0 0 0 0 0 0 0 0 0 0 0 0 0 0 0 0 0 0 0 0 0 0 0 0 0 0 0 0 0 0 0 0 0 0 0 0 0 0 0 0 0 0 0 0 0 0 0 0 0 0 0 0 0 0 0 0 0 0 0 0 0 0 0 0 0 0 0 0 0 0 0 0 0 0 0 0 0 0 0 0 0 0 0 0 0 0 0 0 0 0 0 0 0 0 0 0 0 0 0 0 0 0 0 0 0 0 0 0 0 4 0 0 0 0 0 0 0 47 0 0 48 0 0 0 0 0 0 0 0 0 0 0 0 1 0 0 0 0 0 0 0 0 0 0 0 0 0 0 0 0 0 0 0 0 0 0 0 0 0 0 0 0 0 0 0 0 0 0 0 0 0 0 0 0 0 0 0 0 0 0 0 0 0 0 0 0 0 0 0 0 0 0 0 0 0 0 0 0 0 0 0 0 0 20 0 0 0 0 0 0 0 0 0 0 0 0 0 0 0 0 0 0 0 0 0 0 0 0 0 0 0 0 0 0 0 0 0 0 0 0 0 0 0 0 0 0 0 0 0 0 0 0 0 0 0 0 0 0 0 0 0 0 0 0 0 0 0 0 0 0 0 0 0 0 0 0 0 0 0 0 0 0 0 0 0 0 0 0 0 0 0 0 0 0 0 0 0 0 0 0 0 0 0 0 0 0 0 0 0 0 0 0 0 0 0 0 0 0 0 0 0 0 0 0 0 0 0 0 0 0 0 0 0 0 0 0 0 0 0 0 0 0 0 0 0 0 0 0 0 0 0 0 0 0 0 0 0 0 0 0 0 0 0 0 0 0 0 0 0 0 0 0 0 0 0 0 0 0 0 0 0 0 0 0 0 0 0 0 0 0 0 0 0 0 0 0 0 0 0 0 0 0 0 0 0 0 0 0 0 0 0 0 0 0 0 0 0 0 0 0 0 0 0 0 0 0 0 0 0 0 0 0 0 0 0 0 0 0 0 0 0 0 0 0 0 0 0 0 0 0 0 0 0 0 0 0 0 0 0 0 0 0 0 0 0 0 0 0 0 0 0 0 0 0 0 0 0 0 0 0 0 0 0 0 0 0 0 0 0 0 0 0 0 0 0 0 0 0 0 0 0 0 0 0 0 0 0 0 0 0 0 0 0 0 0 0 0 0 0 0 0 0 0 0 0 0 0 0 0 0 0 0 0 0 0 0 0 0 0 0 0 0 0 0 0 0 0 0 0 0 0 0 0 0 0 0 0 0 0 0 0 0 0 0 0 0 0 0 0 0 0 0 0 0 0 0 0 0 0 0 0 0 0 0 0 0 0 0 0 0 0 0 0 0 0 0 0 0 0 0 0 0 0 0 0 0 0 0 0 0 0 0 0 0 0 0 0 0 0 0 0 0 0 0 0 0 0 0 0 0 0 0 0 0 0 0 0 0 0 0 0 0 0 0 0 0 0 0 0 0 0 0 0 0 0 0 0 0 0 0 0 0 0 0 0 0 0 0 0 0 0 0 0 0 0 0 0 0 0 0 0 0 0 0 0 0 0 0 0 0 0 0 0 0 0 0 0 0 0 0 0 0 0 0 0 0 0 0 0 0 0 0 0 0 0 0 0 0 0 0 0 0 0 0 0 0 0 0 0 0 0 0 0 0 0 0 0 0 0 0 0 0 0 0 0 0 0 0 0 0 0 0 0 0 0 0 0 0 0 0 0 0 0 0 0 0 0 0 0 0 0 0 0 0 0 0 0 0 0 0 0 0 0 0 0 0 0 0 0 0 0 0 0 0 0 0 0 0 0 0 0 0 0 0 0 0 0 0 0 0 0 0 0 0 0 0 0 0 0 0 0 0 0 0 0 0 0 0 0 0 0 0 0 0 0 0 0 0 0 0 0 0 0 0 0 0 0 0 0 0 0 0 0 0 0 0 0 0 0 0 0 0 0 0 0 0 0 0 0 0 0 0 0 0 0 0 0 0 0 0 0 0 0 0 0 0 0 0 0 0 0 0 0 0 0 0 0 0 0 0 0 0 0 0 0 0 0 0 0 0 0 0 0 0 0 0 0 0 0 0 0 0 0 0 0 0 0 0 0 0 0 0 0 0 0 0 0 0 0 0 0 0 0 0 0 0 0 0 0 0 0 0 0 0 0 0 0 0 0 0 0 0 0 0 0 0 0 0 0 0 0 0 0 0 0 0 0 0 0 0 0 0 0 0 0 0 0 0 0 0 0 0 0 0 0 0 0 0 0 0 0 0 0 0 0 0 0 0 0 0 0 0 0 0 0 0 0 0 0 0 0 0 0 0 0 0 0 0 0 0 0 0 0 0 0 0 0 0 0 0 0 0 0 0 0 0 0 0 0 0 0 0 0 0 0 0 0 0 0 0 0 0 0 0 0 0 0 0 0 0 0 0 0 0 0 0 0 0 0 0 0 0 0 0 0 0 0 0 0 0 0 0 0 0 0 0 0 0 0 0 0 0 0 0 0 0 0 0 0 0 0 0 0 0 0 0 0 0 0 0 0 0 0 0 0 0 0 0 0 0 0 0 0 0 0 0 0 0 0 0 0 0 0 0 0 0 0 0 0 0 0 0 0 0 0 0 0 0 0 0 0 0 0 0 0 0 0 0 0 0 0 0 0 0 0 0 0 0 0 0 0 0 0 0 0 0 0 0 0 0 0 0 0 0 0 0 0 0 0 0 0 0 0 0 0 0 0 0 0 0 0 0 0 0 0 0 0 0 0 0 0 0 0 0 0 0 0 0 0 0 0 0 0 0 0 0 0 0 0 0 0 0 0 0 0 0 0 0 0 0 0 0 0 0 0 0 0 0 0 0 0 0 0 0 0 0 0 0 0 0 0 0 0 0 0 0 0 0 0 0 0 0 0 0 0 0 0 0 0 0 0 0 0 0 0 0 0 0 0 0 0 0 0 0 0 0 0 0 0 0 0 0 0 0 0 0 0 0 0 0 0 0 0 0 0 0 0 0 0 0 0 0 0 0 0 0 0 0 0 0 0 0 0 0 0 0 0 0 0 0 0 0 0 0 0 0 0 0 0 0 0 0 0 0 0 0 0 0 0 0 0 0 0 0 0 0 0 0 0 0 0 0 0 0 0 0 0 0 0 0 0 0 0 0 0 0 0 0 0 0 0 0 0 0 0 0 0 0 0 0 0 0 0 0 0 0 0 0 0 0 0 0 0 0 0 0 0 0 0 0 0 0 0 0 0 0 0 0 0 0 0 0 0 0 0 0 0 0 0 0 0 0 0 0 0 0 0 0 0 0 0 0 0 0 0 0 0 0 0 0 0 0 0 0 0 0 0 0 0 0 0 0 0 0 0 0 0 0 0 0 0 0 0 0 0 0 0 0 0 0 0 0 0 0 0 0 0 0 0 0 0 0 0 0 0 0 0 0 0 0 0 0 0 0 0 0 0 0 0 0 0 0 0 0 0 0 0 0 0 0 0 0 0 0 0 0 0 0 0 0 0 0 0 0 0 0 0 0 0 0 0 0 0 0 0 0 0 0 0 0 0 0 0 0 0 0 0 0 0 0 0 0 0 0 0 0 0 0 0 0 0 0 0 0 0 0 0 0 0 0 0 0 0 0 0 0 0 0 0 0 0 0 0 0 0 0 0 0 0 0 0 0 0 0 0 0 0 0 0 0 0 0 0 0 0 0 0 0 0 0 0 0 0 0 0 0 0 0 0 0 0 0 0 0 0 0 0 0 0 0 0 0 0 0 0 0 0 0 0 0 0 0 0 0 0 0 0 0 0 0 0 0 0 0 0 0 0 0 0 0 0 0 0 0 0 0 0 0 0 0 0 0 0 0 0 0 0 0 0 0 0 0 0 0 0 0 0 0 0 0 0 0 0 0 0 0 0 0 0 0 0 0 0 0 0 0 0 0 0 0 0 0 0 0 0 0 0 0 0 0 0 0 0 0 0 0 0 0 0 0 0 0 0 0 0 0 0 0 0 0 0 0 0 0 0 0 0 0 0 0 0 0 0 0 0 0 0 0 0 0 0 0 0 0 0 0 0 0 0 0 0 0 0 0 0 0 0 0 0 0 0 0 0 0 0 0 0 0 0 0 0 0 0 0 0 0 0 0 0 0 0 0 0 0 0 0 0 0 0 0 0 0 0 0 0 0 0 0 0 0 0 0 0 0 0 0 0 0 0 0 0 0 0 0 0 0 0 0 0 0 0 0 0 0 0 0 0 0 0 0 0 0 0 0 0 0 0 0 0 0 0 0 0 0 0 0 0 0 0 0 0 0 0 0 0 0 0 0 0 0 0 0 0 0 0 0 0 0 0 0 0 0 0 0 0 0 0 0 0 0 0 0 0 0 0 0 0 0 0 0 0 0 0 0 0 0 0 0 0 0 0 0 0 0 0 0 0 0 0 0 0 0 0 0 0 0 0 0 0 0 0 0 0 0 0 0 0 0 0 0 0 0 0 0 0 0 0 0 0 0 0 0 0 0 0 0 0 0 0 0 0 0 0 0 0 0 0 0 0 0 0 0 0 0 0 0 0 0 0 0 0 0 0 0 0 0 0 0 0 0 0 0 0 0 0 0 0 0 0 0 0 0 0 0 0 0 0 0 0 0 0 0 0 0 0 0 0 0 0 0 0 0 0 0 0 0 0 0 0 0 0 0 0 0 0 0 0 0 0 0 0 0 0 0 0 0 0 0 0 0 0 0 0 0 0 0 0 0 0 0 0 0 0 0 0 0 0 0 0 0 0 0 0 0 0 0 0 0 0 0 0 0 0 0 0 0 0 0 0 0 0 0 0 0 0 0 0 0 0 0 0 0 0 0 0 0 0 0 0 0 0 0 0 0 0 0 0 0 0 0 0 0 0 0 0 0 0 0 0 0 0 0 0 0 0 0 0 0 0 0 0 0 0 0 0 0 0 0 0 0 0 0 0 0 0 0 0 0 0 0 0 0 0 0 0 0 0 0 0 0 0 0 0 0 0 0 0 0 0 0 0 0 0 0 0 0 0 0 0 0 0 0 0 0 0 0 0 0 0 0 0 0 0 0 0 0 0 0 0 0 0 0 0 0 0 0 0 0 0 0 0 0 0 0 0 0 0 0 0 0 0 0 0 0 0 0 0 0 0 0 0 0 0 0 0 0 0 0 0 0 0 0 0 0 0 0 0 0 0 0 0 0 0 0 0 0 0 0 0 0 0 0 0 0 0 0 0 0 0 0 0 0 0 0 0 0 0 0 0 0 0 0 0 0 0 0 0 0 0 0 0 0 0 0 0 0 0 0 0 0 0 0 0 0 0 0 0 0 0 0 0 0 0 0 0 0 0 0 0 0 0 0 0 0 0 0 0 0 0 0 0 0 0 0 0 0 0 0 0 0 0 0 0 0 0 0 0 0 0 0 0 0 0 0 0 0 0 0 0 0 0 0 0 0 0 0 0 0 0 0 0 0 0 0 0 0 0 0 0 0 0 0 0 0 0 0 0 0 0 0 0 0 0 0 0 0 0 0 0 0 0 0 0 0 0 0 0 0 0 0 0 0 0 0 0 0 0 0 0 0 0 0 0 0 0 0 0 0 0 0 0 0 0 0 0 0 0 0 0 0 0 0 0 0 0 0 0 0 0 0 0 0 0 0 0 0 0 0 0 0 0 0 0 0 0 0 0 0 0 0 0 0 0 0 0 0 0 0 0 0 0 0 0 0 0 0 0 0 0 0 0 0 0 0 0 0 0 0 0 0 0 0 0 0 0 0 0 0 0 0 0 0 0 0 0 0 0 0 0 0 0 0 0 0 0 0 0 0 0 0 0 0 0 0 0 0 0 0 0 0 0 0 0 0 0 0 0 0 0 0 0 0 0 0 0 0 0 0 0 0 0 0 0 0 0 0 0 0 0 0 0 0 0 0 0 0 0 0 0 0 0 0 0 0 0 0 0 0 0 0 0 0 0 0 0 0 0 0 0 0 0 0 0 0 0 0 0 0 0 0 0 0 0 0 0 0 0 0 0 0 0 0 0 0 0 0 0 0 0 0 0 0 0 0 0 0 0 0 0 0 0 0 0 0 0 0 0 0 0 0 0 0 0 0 0 0 0 0 0 0 0 0 0 0 0 0 0 0 0 0 0 0 0 0 0 0 0 0 0 0 0 0 0 0 0 0 0 0 0 0 0 0 0 0 0 0 0 0 0 0 0 0 0 0 0 0 0 0 0 0 0 0 0 0 0 0 0 0 0 0 0 0 0 0 0 0 0 0 0 0 0 0 0 0 0 0 0 0 0 0 0 0 0 0 0 0 0 0 0 0 0 0 0 0 0 0 0 0 0 0 0 0 0 0 0 0 0 0 0 0 0 0 0 0 0 0 0 0 0 0 0 0 0 0 0 0 0 0 0 0 0 0 0 0 0 0 0 0 0 0 0 0 0 0 0 0 0 0 0 0 0 0 0 0 0 0 0 0 0 0 0 0 0 0 0 0 0 0 0 0 0 0 0 0 0 0 0 0 0 0 0 0 0 0 0 0 0 0 0 0 0 0 0 0 0 0 0 0 0 0 0 0 0 0 0 0 0 0 0 0 0 0 0 0 0 0 0 0 0 0 0 0 0 0 0 0 0 0 0 0 0 0 0 0 0 0 0 0 0 0 0 0 0 0 0 0 0 0 0 0 0 0 0 0 0 0 0 0 0 0 0 0 0 0 0 0 0 0 0 0 0 0 0 0 0 0 0 0 0 0 0 0 0 0 0 0 0 0 0 0 0 0 0 0 0 0 0 0 0 0 0 0 0 0 0 0 0 0 0 0 0 0 0 0 0 0 0 0 0 0 0 0 0 0 0 0 0 0 0 0 0 0 0 0 0 0 0 0 0 0 0 0 0 0 0 0 0 0 0 0 0 0 0 0 0 0 0 0 0 0 0 0 0 0 0 0 0 0 0 0 0 0 0 0 0 0 0 0 0 0 0 0 0 0 0 0 0 0 0 0 0 0 0 0 0 0 0 0 0 0 0 0 0 0 0 0 0 0 0 0 0 0 0 0 0 0 0 0 0 0 0 0 0 0 0 0 0 0 0 0 0 0 0 0 0 0 0 0 0 0 0 0 0 0 0 0 0 0 0 0 0 0 0 0 0 0 0 0 0 0 0 0 0 0 0 0 0 0 0 0 0 0 0 0 0 0 0 0 0 0 0 0 0 0 0 0 0 0 0 0 0 0 0 0 0 0 0 0 0 0 0 0 0 0 0 0 0 0 0 0 0 0 0 0 0 0 0 0 0 0 0 0 0 0 0 0 0 0 0 0 0 0 0 0 0 0 0 0 0 0 0 0 0 0 0 0 0 0 0 0 0 0 0 0 0 0 0 0 0 0 0 0 0 0 0 0 0 0 0 0 0 0 0 0 0 0 0 0 0 0 0 0 0 0 0 0 0 0 0 0 0 0 0 0 0 0 0 0 0 0 0 0 0 0 0 0 0 0 0 0 0 0 0 0 0 0 0 0 0 0 0 0 0 0 0 0 0 0 0 0 0 0 0 0 0 0 0 0 0 0 0 0 0 0 0 0 0 0 0 0 0 0 0 0 0 0 0 0 0 0 0 0 0 0 0 0 0 0 0 0 0 0 0 0 0 0 0 0 0 0 0 0 0 0 0 0 0 0 0 0 0 0 0 0 0 0 0 0 0 0 0 0 0 0 0 0 0 0 0 0 0 0 0 0 0 0 0 0 0 0 0 0 0 0 0 0 0 0 0 0 0 0 0 0 0 0 0 0 0 0 0 0 0 0 0 0 0 0 0 0 0 0 0 0 0 0 0 0 0 0 0 0 0 0 0 0 0 0 0 0 0 0 0 0 0 0 0 0 0 0 0 0 0 0 0 0 0 0 0 0 0 0 0 0 0 0 0 0 0 0 0 0 0 0 0 0 0 0 0 0 0 0 0 0 0 0 0 0 0 0 0 0 0 0 0 0 0 0 0 0 0 0 0 0 0 0 0 0 0 0 0 0 0 0 0 0 0 0 0 0 0 0 0 0 0 0 0 0 0 0 0 0 0 0 0 0 0 0 0 0 0 0 0 0 0 0 0 0 0 0 0 0 0 0 0 0 0 0 0 0 0 0 0 0 0 0 0 0 0 0 0 0 0 0 0 0 0 0 0 0 0 0 0 0 0 0 0 0 0 0 0 0 0 0 0 0 0 0 0 0 0 0 0 0 0 0 0 0 0 0 0 0 0 0 0 0 0 0 0 0 0 0 0 0 0 0 0 0 0 0 0 0 0 0 0 0 0 0 0 0 0 0 0 0 0 0 0 0 0 0 0 0 0 0 0 0 0 0 0 0 0 0 0 0 0 0 0 0 0 0 0 0 0 0 0 0 0 0 0 0 0 0 0 0 0 0 0 0 0 0 0 0 0 0 0 0 0 0 0 0 0 0 0 0 0 0 0 0 0 0 0 0 0 0 0 0 0 0 0 0 0 0 0 0 0 0 0 0 0 0 0 0 0 0 0 0 0 0 0 0 0 0 0 0 0 0 0 0 0 0 0 0 0 0 0 0 0 0 0 0 0 0 0 0 0 0 0 0 0 0 0 0 0 0 0 0 0 0 0 0 0 0 0 0 0 0 0 0 0 0 0 0 0 0 0 0 0 0 0 0 0 0 0 0 0 0 0
ctxt 1330488
btime 1613064757
processes 26333
procs_running 1
procs_blocked 0
softirq 8332908 1 4869262 1072 207374 0 0 160 482518 0 2772521
