cpu  27237567 4 33806 7129285 425 0 4006 0 0 0
cpu0 756300 0 1088 197888 1 0 630 0 0 0
cpu1 756496 0 752 198407 1 0 141 0 0 0
cpu2 756514 0 771 198343 0 0 98 0 0 0
cpu3 756794 0 669 198181 4 0 37 0 0 0
cpu4 755651 0 1600 198138 2 0 298 0 0 0
cpu5 756307 0 997 198303 14 0 67 0 0 0
cpu6 756462 0 849 198324 2 0 46 0 0 0
cpu7 756468 0 938 198227 4 0 63 0 0 0
cpu8 756985 0 998 197670 1 0 32 0 0 0
cpu9 756531 0 1086 198036 1 0 40 0 0 0
cpu10 756264 0 1384 197840 4 0 192 0 0 0
cpu11 756204 0 1106 198328 2 0 61 0 0 0
cpu12 756698 0 1164 197770 4 0 50 0 0 0
cpu13 756556 0 1044 197993 49 0 48 0 0 0
cpu14 755742 0 1458 198396 4 0 83 0 0 0
cpu15 755948 0 1340 198321 5 0 83 0 0 0
cpu16 756064 0 1200 198311 1 0 111 0 0 0
cpu17 756462 0 840 198307 5 0 68 0 0 0
cpu18 756814 0 490 198338 5 0 39 0 0 0
cpu19 756623 0 661 198361 1 0 42 0 0 0
cpu20 756922 0 418 198313 3 0 31 0 0 0
cpu21 756931 0 455 198288 9 0 6 0 0 0
cpu22 756600 0 616 198407 12 0 61 0 0 0
cpu23 756831 0 431 198409 2 0 8 0 0 0
cpu24 754584 0 1824 198094 15 0 1150 0 0 0
cpu25 756490 0 750 198391 3 0 58 0 0 0
cpu26 756628 0 696 198318 8 0 30 0 0 0
cpu27 756910 0 869 197860 0 0 54 0 0 0
cpu28 757806 0 1068 196608 81 0 94 0 0 0
cpu29 757340 0 859 197437 33 0 24 0 0 0
cpu30 758037 0 822 196733 54 0 14 0 0 0
cpu31 757086 3 1145 197363 40 0 54 0 0 0
cpu32 757306 0 1072 197243 6 0 62 0 0 0
cpu33 756556 0 1131 197881 12 0 82 0 0 0
cpu34 756824 0 666 198141 15 0 24 0 0 0
cpu35 756822 0 535 198300 1 0 17 0 0 0
intr 75271722 56 0 0 0 610 0 0 0 1 0 275 0 0 0 0 0 0 0 0 0 0 0 0 0 0 0 0 0 0 0 0 0 94 814 325 125 301 872 710 299 485 89 260 344 324 274 1495 459 412 331 398 307 229 193 1418 3734 0 0 0 0 204 1956 787 458 114 10339 3723 4017 1771 549 724 306 172 0 16 11960 1 0 29700 2768 4303 1477 2001 3833 967 4797 2350 4160 2223 6960 4245 1771 5156 3456 3936 1370 4433 4398 6107 1886 3773 1300 238897 6566 2308 3622 1119 5356 1125 1540 5978 2941 1325 2399 0 16 7941 1 0 0 0 0 0 0 0 0 0 0 0 0 0 0 0 0 0 0 0 0 0 0 0 0 0 0 0 0 0 0 0 0 0 0 0 0 0 24 0 0 0 0 0 0 0 0 0 0 0 0 0 0 0 0 0 0 0 0 0 0 0 0 0 0 0 0 0 0 0 0 0 0 0 0 0 0 0 0 0 0 0 0 0 0 0 0 0 0 0 0 0 0 0 0 0 0 0 0 0 0 0 0 0 0 0 0 0 0 0 0 0 0 0 0 0 0 0 0 0 0 0 0 0 0 0 0 0 0 0 0 0 0 0 0 0 0 0 0 0 0 0 0 0 0 0 0 0 0 0 0 0 0 0 0 0 0 0 0 0 0 0 0 0 0 0 0 0 0 0 0 0 0 0 0 0 0 0 0 0 0 0 0 0 0 0 0 0 0 0 0 0 0 0 0 0 0 0 0 0 0 0 0 0 0 0 0 0 0 0 0 0 0 0 0 0 0 0 0 0 0 0 0 0 0 0 0 0 0 0 0 0 0 0 0 0 0 0 0 0 0 0 0 0 0 0 0 0 0 0 0 0 0 0 0 0 0 0 0 0 0 0 0 0 0 0 0 0 0 0 0 0 0 0 0 0 0 0 0 0 0 0 0 0 0 0 0 0 0 0 0 0 0 0 0 0 0 0 0 0 0 0 0 0 0 0 0 0 0 0 0 0 0 0 0 0 0 0 0 0 0 0 0 0 0 0 0 0 0 0 0 0 0 0 0 0 0 0 0 0 0 0 0 0 0 0 0 0 0 0 0 0 0 0 0 0 0 0 0 0 0 0 0 0 0 0 0 0 0 0 0 0 0 0 0 0 0 0 0 0 0 0 0 0 0 0 0 0 0 0 0 0 0 0 0 0 0 0 0 0 0 0 0 0 0 0 0 0 0 0 0 0 0 0 0 0 0 0 0 0 0 0 0 0 0 0 0 0 0 0 0 0 0 0 0 0 0 0 0 0 0 0 0 0 0 0 0 0 0 0 0 0 0 0 0 0 0 0 0 0 0 0 0 0 0 0 0 0 0 0 0 0 0 0 0 0 0 0 0 0 0 0 0 0 0 0 0 0 0 0 0 0 0 0 0 0 0 0 0 0 0 0 0 0 0 0 0 0 0 0 0 0 0 0 0 0 0 0 0 0 0 0 0 0 0 0 0 0 0 0 0 0 0 0 0 0 0 0 0 0 0 0 0 0 0 0 0 0 0 0 0 0 0 0 0 0 0 0 0 0 0 0 0 0 0 0 0 0 0 0 0 0 0 0 0 0 0 0 0 0 0 0 0 0 0 0 0 0 0 0 0 0 0 0 0 0 0 0 0 0 0 0 0 0 0 0 0 0 0 0 0 0 0 0 0 0 0 0 0 0 0 0 0 0 0 0 0 0 0 0 0 0 0 0 0 0 0 0 0 0 0 0 0 0 0 0 0 0 0 0 0 0 0 0 0 0 0 0 0 0 0 0 0 0 0 0 0 0 0 0 0 0 0 0 0 0 0 0 0 0 0 0 0 0 0 0 0 0 0 0 0 0 0 0 0 0 0 0 0 0 0 0 0 0 0 0 0 0 0 0 0 0 0 0 0 0 0 0 0 0 0 0 0 0 0 0 0 0 0 0 0 0 0 0 0 0 0 0 0 0 0 0 0 0 0 0 0 0 0 0 0 0 0 0 0 0 0 0 0 0 0 0 0 0 0 0 0 0 0 0 0 0 0 0 0 0 0 0 0 0 0 0 0 0 0 0 0 0 0 0 0 0 0 0 0 0 0 0 0 0 0 0 0 0 0 0 0 0 0 0 0 0 0 0 0 0 0 0 0 0 0 0 0 0 0 0 0 0 0 0 0 0 0 0 0 0 0 0 0 0 0 0 0 0 0 0 0 0 0 0 0 0 0 0 0 0 0 0 0 0 0 0 0 0 0 0 0 0 0 0 0 0 0 0 0 0 0 0 0 0 0 0 0 0 0 0 0 0 0 0 0 0 0 0 0 0 0 0 0 0 0 0 0 0 0 0 0 0 0 0 0 0 0 0 0 0 0 0 0 0 0 0 0 0 0 0 0 0 0 0 0 0 0 0 0 0 0 0 0 0 0 0 0 0 0 0 0 0 0 0 0 0 0 0 0 0 0 0 0 0 0 0 0 0 0 0 0 0 0 0 0 0 0 0 0 0 0 0 0 0 0 0 0 0 0 0 0 0 0 0 0 0 0 0 0 0 0 0 0 0 0 0 0 0 0 0 0 0 0 0 0 0 0 0 0 0 0 0 0 0 0 0 0 0 0 0 0 0 0 0 0 0 0 0 0 0 0 0 0 0 0 0 0 0 0 0 0 0 0 0 0 0 0 0 0 0 0 0 0 0 0 0 0 0 0 0 0 0 0 0 0 0 0 0 0 0 0 0 0 0 0 0 0 0 0 0 0 0 0 0 0 0 0 0 0 0 0 0 0 0 0 0 0 0 0 0 0 0 0 0 0 0 0 0 0 0 0 0 0 0 0 0 0 0 0 0 0 0 0 0 0 0 0 0 0 0 0 0 0
ctxt 20096569
btime 1613124388
processes 507422
procs_running 1
procs_blocked 0
softirq 98072900 1 56428598 792 3841124 0 0 378382 2558481 0 34865522
