cpu  12973949 8 16822 11598584 423 0 659 0 0 0
cpu0 101587 0 860 89439 0 0 217 0 0 0
cpu1 101375 0 67 90687 0 0 28 0 0 0
cpu2 101156 0 194 90760 1 0 3 0 0 0
cpu3 101120 0 286 90698 2 0 23 0 0 0
cpu4 101742 0 264 90120 8 0 2 0 0 0
cpu5 101378 0 60 90698 0 0 0 0 0 0
cpu6 101281 0 146 90708 0 0 2 0 0 0
cpu7 101262 0 154 90701 0 0 10 0 0 0
cpu8 101900 0 252 89963 0 0 4 0 0 0
cpu9 101256 0 72 90798 0 0 1 0 0 0
cpu10 101252 0 166 90697 8 0 5 0 0 0
cpu11 101326 0 131 90676 0 0 4 0 0 0
cpu12 101476 0 239 90395 0 0 3 0 0 0
cpu13 101385 0 61 90690 0 0 0 0 0 0
cpu14 101313 0 137 90681 0 0 2 0 0 0
cpu15 100766 0 424 90866 0 0 47 0 0 0
cpu16 101363 0 228 90522 0 0 5 0 0 0
cpu17 101376 0 67 90692 0 0 0 0 0 0
cpu18 101282 0 108 90747 0 0 1 0 0 0
cpu19 101283 0 138 90702 0 0 5 0 0 0
cpu20 101494 5 205 90403 5 0 6 0 0 0
cpu21 101380 0 68 90684 0 0 0 0 0 0
cpu22 101311 0 112 90709 0 0 3 0 0 0
cpu23 101254 0 188 90678 0 0 10 0 0 0
cpu24 101544 0 178 90392 2 0 2 0 0 0
cpu25 101218 0 138 90770 0 0 0 0 0 0
cpu26 101364 0 79 90687 0 0 1 0 0 0
cpu27 101336 0 107 90680 0 0 5 0 0 0
cpu28 101668 0 254 90195 0 0 1 0 0 0
cpu29 101368 0 71 90691 0 0 1 0 0 0
cpu30 101296 0 84 90749 0 0 2 0 0 0
cpu31 101355 0 90 90679 0 0 1 0 0 0
cpu32 101453 0 189 90443 19 0 1 0 0 0
cpu33 101334 0 106 90688 0 0 0 0 0 0
cpu34 101316 0 68 90740 0 0 0 0 0 0
cpu35 101353 0 94 90679 0 0 2 0 0 0
cpu36 101445 0 214 90438 17 0 0 0 0 0
cpu37 101332 0 86 90710 0 0 2 0 0 0
cpu38 101241 0 88 90782 0 0 0 0 0 0
cpu39 101340 0 108 90673 0 0 4 0 0 0
cpu40 101366 0 184 90563 4 0 0 0 0 0
cpu41 101378 0 63 90682 0 0 0 0 0 0
cpu42 101221 0 82 90819 0 0 0 0 0 0
cpu43 101311 0 106 90697 0 0 2 0 0 0
cpu44 101264 0 236 90602 1 0 16 0 0 0
cpu45 101379 0 62 90686 0 0 0 0 0 0
cpu46 101151 0 128 90837 2 0 4 0 0 0
cpu47 101298 0 129 90683 0 0 4 0 0 0
cpu48 101409 0 150 90589 1 0 1 0 0 0
cpu49 101406 0 62 90651 0 0 0 0 0 0
cpu50 101303 0 71 90744 2 0 1 0 0 0
cpu51 101151 0 126 90846 0 0 11 0 0 0
cpu52 101300 0 162 90648 0 0 8 0 0 0
cpu53 101381 0 62 90677 0 0 0 0 0 0
cpu54 101183 0 76 90849 1 0 2 0 0 0
cpu55 101312 0 130 90675 0 0 2 0 0 0
cpu56 101312 0 136 90596 1 0 30 0 0 0
cpu57 101379 0 60 90674 0 0 0 0 0 0
cpu58 101307 0 78 90733 0 0 0 0 0 0
cpu59 101354 0 94 90669 0 0 2 0 0 0
cpu60 101645 0 140 90330 1 0 0 0 0 0
cpu61 101362 0 71 90678 0 0 2 0 0 0
cpu62 101376 0 73 90665 0 0 0 0 0 0
cpu63 101355 0 94 90670 0 0 0 0 0 0
cpu64 101228 0 214 90657 7 0 2 0 0 0
cpu65 101363 0 66 90686 0 0 0 0 0 0
cpu66 101302 0 119 90692 1 0 0 0 0 0
cpu67 101234 0 159 90714 0 0 6 0 0 0
cpu68 101740 0 230 90128 2 0 8 0 0 0
cpu69 101363 0 67 90685 0 0 0 0 0 0
cpu70 101340 0 95 90677 0 0 1 0 0 0
cpu71 101215 0 166 90708 0 0 16 0 0 0
cpu72 101352 0 118 90630 4 0 0 0 0 0
cpu73 101374 0 61 90672 1 0 0 0 0 0
cpu74 101329 0 99 90664 0 0 0 0 0 0
cpu75 101312 0 140 90654 1 0 6 0 0 0
cpu76 101966 0 307 89702 116 0 0 0 0 0
cpu77 101384 0 58 90668 0 0 0 0 0 0
cpu78 101344 0 90 90671 0 0 0 0 0 0
cpu79 101077 0 317 90663 0 0 46 0 0 0
cpu80 101541 0 187 90355 12 0 2 0 0 0
cpu81 101354 0 81 90675 0 0 0 0 0 0
cpu82 101339 0 108 90640 0 0 1 0 0 0
cpu83 101151 0 230 90693 1 0 15 0 0 0
cpu84 101679 0 234 90063 106 0 4 0 0 0
cpu85 101380 0 92 90623 6 0 0 0 0 0
cpu86 101293 0 84 90727 0 0 0 0 0 0
cpu87 101327 0 124 90652 0 0 2 0 0 0
cpu88 101551 0 157 90394 1 0 0 0 0 0
cpu89 101372 0 78 90654 0 0 0 0 0 0
cpu90 101372 0 86 90634 8 0 0 0 0 0
cpu91 101310 0 136 90654 0 0 5 0 0 0
cpu92 101500 0 175 90423 1 0 0 0 0 0
cpu93 101346 0 72 90688 0 0 0 0 0 0
cpu94 101370 0 86 90641 0 0 0 0 0 0
cpu95 101328 0 120 90649 1 0 1 0 0 0
cpu96 101422 0 229 90448 2 0 0 0 0 0
cpu97 101332 0 87 90681 0 0 0 0 0 0
cpu98 101232 0 80 90787 0 0 0 0 0 0
cpu99 101332 0 98 90659 0 0 3 0 0 0
cpu100 101508 0 186 90389 2 0 0 0 0 0
cpu101 101300 0 70 90731 0 0 0 0 0 0
cpu102 101260 0 91 90747 0 0 0 0 0 0
cpu103 101291 0 115 90691 0 0 4 0 0 0
cpu104 101474 0 172 90452 2 0 0 0 0 0
cpu105 101382 0 64 90656 0 0 0 0 0 0
cpu106 101360 0 81 90661 0 0 0 0 0 0
cpu107 101320 0 96 90671 0 0 4 0 0 0
cpu108 101384 0 116 90577 9 0 4 0 0 0
cpu109 101378 0 80 90640 0 0 0 0 0 0
cpu110 101362 0 73 90659 0 0 0 0 0 0
cpu111 101303 0 132 90657 0 0 1 0 0 0
cpu112 101372 0 80 90641 0 0 0 0 0 0
cpu113 101379 0 70 90650 0 0 0 0 0 0
cpu114 101320 0 67 90706 1 0 0 0 0 0
cpu115 101319 0 118 90656 0 0 2 0 0 0
cpu116 101368 0 114 90607 0 0 0 0 0 0
cpu117 101379 0 79 90625 11 0 0 0 0 0
cpu118 101365 0 83 90643 1 0 0 0 0 0
cpu119 101303 0 132 90654 0 0 1 0 0 0
cpu120 101485 0 113 90491 0 0 0 0 0 0
cpu121 101379 0 64 90653 0 0 0 0 0 0
cpu122 101355 0 73 90663 3 0 0 0 0 0
cpu123 101366 0 88 90635 0 0 0 0 0 0
cpu124 101586 0 127 90368 4 0 0 0 0 0
cpu125 101372 0 63 90655 0 0 0 0 0 0
cpu126 101208 0 87 90784 0 0 0 0 0 0
cpu127 101385 0 130 90573 1 0 0 0 0 0
intr 38735937 130 0 0 0 681 0 0 0 1 0 285 0 0 0 0 0 0 0 0 0 0 0 0 0 0 0 0 0 0 0 0 0 0 0 0 260 0 3292 208 107 5360 454 0 1 2340 3 7 3 2235 1239 0 0 7391 582 2 0 4168 4370 0 0 2465 1861 10 1 2477 5648 0 0 1106 6 0 14 1526 2 0 0 7337 227 2 4 1339 305 0 32 1835 4 160 177 1977 187 0 769 1538 44085 0 1 1204 11 116 12 636 4008 95 0 1909 424 0 0 3255 0 0 92 3654 748 0 0 8448 446 0 2 3609 4689 0 0 1920 0 0 0 1593 173 0 14 880 1 0 0 1053 3 7 0 4034 4 0 0 1791 22 0 0 2179 0 0 0 1477 0 0 0 0 0 0 0 0 0 0 0 0 0 157 747 476 348 10759 2029 6255 130 466 333 280 824 64 143 27 215 731 128 486 132 151 25 13 27 164 1 2 46 5 0 293 9 0 0 0 0 0 0 0 0 0 0 0 0 0 0 0 0 0 0 0 6 0 0 0 20 0 20 2 5 10 0 337 2 5 84 12 3928 15 6 13 184 18 1 5 4 51 89 8 12 4 8 3 1 0 4 9 61 5 263 45 192 376 79 6 2 0 10 2 127 7 5 0 0 8 54 118 15 82 1 4 18 51 0 0 0 0 0 0 0 0 0 0 0 0 0 0 0 0 0 0 0 0 0 0 0 0 0 0 0 0 0 0 0 0 0 0 0 0 0 0 0 0 0 0 0 0 0 0 0 0 0 0 0 0 0 0 0 0 0 0 0 0 0 0 0 0 0 0 0 0 0 0 0 0 0 0 0 0 0 0 0 0 0 0 0 0 0 0 0 0 0 0 0 0 0 0 0 0 0 0 0 0 0 0 0 0 0 0 0 0 0 0 0 0 0 0 0 0 0 0 0 0 0 0 0 0 0 0 0 0 0 0 0 0 0 0 0 0 0 0 0 0 0 0 0 0 0 0 0 0 0 0 0 0 0 0 0 0 0 0 0 0 0 0 0 0 0 0 0 0 0 0 0 0 0 0 0 0 0 0 0 0 0 0 0 0 0 0 0 0 0 0 0 0 0 0 0 0 0 0 0 0 0 0 0 0 0 0 0 0 0 0 0 0 0 0 0 0 0 0 0 0 0 0 0 0 0 0 0 0 0 0 0 0 0 0 0 0 0 0 0 0 0 0 0 0 0 0 0 0 0 0 0 0 0 0 0 0 0 0 0 0 0 0 0 0 0 0 0 0 0 0 0 0 0 0 0 0 0 0 0 0 0 0 0 0 0 0 0 0 0 0 0 0 0 0 0 0 0 0 0 0 0 0 0 0 0 0 0 0 0 0 0 0 0 0 0 0 0 0 0 0 0 0 0 0 0 0 0 0 0 0 0 0 0 0 0 0 0 0 0 0 0 0 0 0 0 0 0 0 0 0 0 0 0 0 0 0 0 0 0 0 0 0 0 0 0 0 0 0 0 0 0 0 0 0 0 0 0 0 0 0 0 0 0 0 0 0 0 0 0 0 0 0 0 0 0 0 0 0 0 0 0 0 0 0 0 0 0 0 0 0 0 0 0 0 0 0 0 0 0 0 0 0 0 3 0 0 0 0 0 0 0 0 0 0 0 0 0 0 0 0 0 0 0 0 0 0 0 21 1 0 0 27 0 0 0 0 0 0 0 0 0 0 0 0 0 0 0 0 0 0 0 0 0 0 0 0 0 0 0 0 0 0 0 49 0 0 0 0 0 0 0 0 0 0 0 0 0 0 0 0 0 0 0 0 0 0 0 0 0 0 0 0 0 0 0 0 0 19 0 0 0 0 0 0 0 0 0 0 0 0 0 0 0 0 0 0 0 0 0 0 0 0 0 0 0 0 0 0 0 0 0 0 0 0 0 0 0 0 0 0 0 0 0 0 0 0 0 0 0 0 0 0 0 0 0 0 0 0 0 0 0 0 0 0 0 0 0 0 0 0 0 0 0 0 0 0 0 0 0 0 0 0 0 0 0 0 0 0 0 0 0 0 0 0 0 0 0 0 0 0 0 0 0 0 0 0 0 0 0 0 0 0 0 0 0 0 0 0 0 0 0 0 0 0 0 0 0 0 0 0 0 0 0 0 0 0 0 0 0 0 0 0 0 0 0 0 0 0 0 0 0 0 0 0 0 0 0 0 0 0 0 0 0 0 0 0 0 0 0 0 0 0 0 0 0 0 0 0 0 0 0 0 0 0 0 0 0 0 0 0 0 0 0 0 0 0 0 0 0 0 0 0 0 0 0 0 0 0 0 0 0 0 0 0 0 0 0 0 0 0 0 0 0 0 0 0 0 0 0 0 0 0 0 0 0 0 0 0 0 0 0 0 0 0 0 0 0 0 0 0 0 0 0 0 0 0 0 0 0 0 0 0 0 0 0 0 0 0 0 0 0 0 0 0 0 0 0 0 0 0 0 0 0 0 0 0 0 0 0 0 0 0 0 0 0 0 0 0 0 0 0 0 0 0 0 0 0 0 0 0 0 0 0 0 0 0 0 0 0 0 0 0 0 0 0 0 0 0 0 0 0 0 0 0 0 0 0 0 0 0 0 0 0 0 0 0 0 0 0 0 0 0 0 0 0 0 0 0 0 0 0 0 0 0 0 0 0 0 0 0 0 0 0 0 0 0 0 0 0 0 0 0 0 0 0 0 0 0 0 0 0 0 0 0 0 0 0 0 0 0 0 0 0 0 0 0 0 0 0 0 0 0 0 0 0 0 0 0 0 0 0 0 0 0 0 0 0 0 0 0 0 0 0 0 0 0 0 0 0 0 0 0 0 0 0 0 0 0 0 0 0 0 0 0 0 0 0 0 0 0 0 0 0 0 0 0 0 0 0 0 0 0 0 0 0 0 0 0 0 0 0 0 0 0 0 0 0 0 0 0 0 0 0 0 0 0 0 0 0 0 0 0 0 0 0 0 0 0 0 0 0 0 0 0 0 0 0 0 0 0 0 0 0 0 0 0 0 0 0 0 0 0 0 0 0 0 0 0 0 0 0 0 0 0 0 0 0 0 0 0 0 0 0 0 0 0 0 0 0 0 0 0 0 0 0 0 0 0 0 0 0 0 0 0 0 0 0 0 0 0 0 0 0 0 0 0 0 0 0 0 0 0 0 0 0 0 0 0 0 0 0 0 0 0 0 0 0 0 0 0 0 0 0 0 0 0 0 0 0 0 0 0 0 0 0 0 0 0 0 0 0 0 0 0 0 0 0 0 0 0 0 0 0 0 0 0 0 0 0 0 0 0 0 0 0 0 0 0 0 0 0 0 0 0 0 0 0 0 0 0 0 0 0 0 0 0 0 0 0 0 0 0 0 0 0 0 0 0 0 0 0 0 0 0 0 0 0 0 0 0 0 0 0 0 0 0 0 0 0 0 0 0 0 0 0 0 0 0 0 0 0 0 0 0 0 0 0 0 0 0 0 0 0 0 0 0 0 0 0 0 0 0 0 0 0 0 0 0 0 0 0 0 0 0 0 0 0 0 0 0 0 0 0 0 0 0 0 0 0 0 0 0 0 0 0 0 0 0 0 0 0 0 0 0 0 0 0 0 0 0 0 0 0 0 0 0 0 0 0 0 0 0 0 0 0 0 0 0 0 0 0 0 0 0 0 0 0 0 0 0 0 0 0 0 0 0 0 0 0 0 0 0 0 0 0 0 0 0 0 0 0 0 0 0 0 0 0 0 0 0 0 0 0 0 0 0 0 0 0 0 0 0 0 0 0 0 0 0 0 0 0 0 0 0 0 0 0 0 0 0 0 0 0 0 0 0 0 0 0 0 0 0 0 0 0 0 0 0 0 0 0 0 0 0 0 0 0 0 0 0 0 0 0 0 0 0 0 0 0 0 0 0 0 0 0 0 0 0 0 0 0 0 0 0 0 0 0 0 0 0 0 0 0 0 0 0 0 0 0 0 0 0 0 0 0 0 0 0 0 0 0 0 0 0 0 0 0 0 0 0 0 0 0 0 0 0 0 0 0 0 0 0 0 0 0 0 0 0 0 0 0 0 0 0 0 0 0 0 0 0 0 0 0 0 0 0 0 0 0 0 0 0 0 0 0 0 0 0 0 0 0 0 0 0 0 0 0 0 0 0 0 0 0 0 0 0 0 0 0 0 0 0 0 0 0 0 0 0 0 0 0 0 0 0 0 0 0 0 0 0 0 0 0 0 0 0 0 0 0 0 0 0 0 0 0 0 0 0 0 0 0 0 0 0 0 0 0 0 0 0 0 0 0 0 0 0 0 0 0 0 0 0 0 0 0 0 0 0 0 0 0 0 0 0 0 0 0 0 0 0 0 0 0 0 0 0 0 0 0 0 0 0 0 0 0 0 0 0 0 0 0 0 0 0 0 0 0 0 0 0 0 0 0 0 0 0 0 0 0 0 0 0 0 0 0 0 0 0 0 0 0 0 0 0 0 0 0 0 0 0 0 0 0 0 0 0 0 0 0 0 0 0 0 0 0 0 0 0 0 0 0 0 0 0 0 0 0 0 0 0 0 0 0 0 0 0 0 0 0 0 0 0 0 0 0 0 0 0 0 0 0 0 0 0 0 0 0 0 0 0 0 0 0 0 0 0 0 0 0 0 0 0 0 0 0 0 0 0 0 0 0 0 0 0 0 0 0 0 0 0 0 0 0 0 0 0 0 0 0 0 0 0 0 0 0 0 0 0 0 0 0 0 0 0 0 0 0 0 0 0 0 0 0 0 0 0 0 0 0 0 0 0 0 0 0 0 0 0 0 0 0 0 0 0 0 0 0 0 0 0 0 0 0 0 0 0 0 0 0 0 0 0 0 0 0 0 0 0 0 0 0 0 0 0 0 0 0 0 0 0 0 0 0 0 0 0 0 0 0 0 0 0 0 0 0 0 0 0 0 0 0 0 0 0 0 0 0 0 0 0 0 0 0 0 0 0 0 0 0 0 0 0 0 0 0 0 0 0 0 0 0 0 0 0 0 0 0 0 0 0 0 0 0 0 0 0 0 0 0 0 0 0 0 0 0 0 0 0 0 0 0 0 0 0 0 0 0 0 0 0 0 0 0 0 0 0 0 0 0 0 0 0 0 0 0 0 0 0 0 0 0 0 0 0 0 0 0 0 0 0 0 0 0 0 0 0 0 0 0 0 0 0 0 0 0 0 0 0 0 0 0 0 0 0 0 0 0 0 0 0 0 0 0 0 0 0 0 0 0 0 0 0 0 0 0 0 0 0 0 0 0 0 0 0 0 0 0 0 0 0 0 0 0 0 0 0 0 0 0 0 0 0 0 0 0 0 0 0 0 0 0 0 0 0 0 0 0 0 0 0 0 0 0 0 0 0 0 0 0 0 0 0 0 0 0 0 0 0 0 0 0 0 0 0 0 0 0 0 0 0 0 0 0 0 0 0 0 0 0 0 0 0 0 0 0 0 0 0 0 0 0 0 0 0 0 0 0 0 0 0 0 0 0 0 0 0 0 0 0 0 0 0 0 0 0 0 0 0 0 0 0 0 0 0 0 0 0 0 0 0 0 0 0 0 0 0 0 0 0 0 0 0 0 0 0 0 0 0 0 0 0 0 0 0 0 0 0 0 0 0 0 0 0 0 0 0 0 0 0 0 0 0 0 0 0 0 0 0 0 0 0 0 0 0 0 0 0 0 0 0 0 0 0 0 0 0 0 0 0 0 0 0 0 0 0 0 0 0 0 0 0 0 0 0 0 0 0 0 0 0 0 0 0 0 0 0 0 0 0 0 0 0 0 0 0 0 0 0 0 0 0 0 0 0 0 0 0 0 0 0 0 0 0 0 0 0 0 0 0 0 0 0 0 0 0 0 0 0 0 0 0 0 0 0 0 0 0 0 0 0 0 0 0 0 0 0 0 0 0 0 0 0 0 0 0 0 0 0 0 0 0 0 0 0 0 0 0 0 0 0 0 0 0 0 0 0 0 0 0 0 0 0 0 0 0 0 0 0 0 0 0 0 0 0 0 0 0 0 0 0 0 0 0 0 0 0 0 0 0 0 0 0 0 0 0 0 0 0 0 0 0 0 0 0 0 0 0 0 0 0 0 0 0 0 0 0 0 0 0 0 0 0 0 0 0 0 0 0 0 0 0 0 0 0 0 0 0 0 0 0 0 0 0 0 0 0 0 0 0 0 0 0 0 0 0 0 0 0 0 0 0 0 0 0 0 0 0 0 0 0 0 0 0 0 0 0 0 0 0 0 0 0 0 0 0 0 0 0 0 0 0 0 0 0 0 0 0 0 0 0 0 0 0 0 0 0 0 0 0 0 0 0 0 0 0 0 0 0 0 0 0 0 0 0 0 0 0 0 0 0 0 0 0 0 0 0 0 0 0 0 0 0 0 0 0 0 0 0 0 0 0 0 0 0 0 0 0 0 0 0 0 0 0 0 0 0 0 0 0 0 0 0 0 0 0 0 0 0 0 0 0 0 0 0 0 0 0 0 0 0 0 0 0 0 0 0 0 0 0 0 0 0 0 0 0 0 0 0 0 0 0 0 0 0 0 0 0 0 0 0 0 0 0 0 0 0 0 0 0 0 0 0 0 0 0 0 0 0 0 0 0 0 0 0 0 0 0 0 0 0 0 0 0 0 0 0 0 0 0 0 0 0 0 0 0 0 0 0 0 0 0 0 0 0 0 0 0 0 0 0 0 0 0 0 0 0 0 0 0 0 0 0 0 0 0 0 0 0 0 0 0 0 0 0 0 0 0 0 0 0 0 0 0 0 0 0 0 0 0 0 0 0 0 0 0 0 0 0 0 0 0 0 0 0 0 0 0 0 0 0 0 0 0 0 0 0 0 0 0 0 0 0 0 0 0 0 0 0 0 0 0 0 0 0 0 0 0 0 0 0 0 0 0 0 0 0 0 0 0 0 0 0 0 0 0 0 0 0 0 0 0 0 0 0 0 0 0 0 0 0 0 0 0 0 0 0 0 0 0 0 0 0 0 0 0 0 0 0 0 0 0 0 0 0 0 0 0 0 0 0 0 0 0 0 0 0 0 0 0 0 0 0 0 0 0 0 0 0 0 0 0 0 0 0 0 0 0 0 0 0 0 0 0 0 0 0 0 0 0 0 0 0 0 0 0 0 0 0 0 0 0 0 0 0 0 0 0 0 0 0 0 0 0 0 0 0 0 0 0 0 0 0 0 0 0 0 0 0 0 0 0 0 0 0 0 0 0 0 0 0 0 0 0 0 0 0 0 0 0 0 0 0 0 0 0 0 0 0 0 0 0 0 0 0 0 0 0 0 0 0 0 0 0 0 0 0 0 0 0 0 0 0 0 0 0 0 0 0 0 0 0 0 0 0 0 0 0 0 0 0 0 0 0 0 0 0 0 0 0 0 0 0 0 0 0 0 0 0 0 0 0 0 0 0 0 0 0 0 0 0 0 0 0 0 0 0 0 0 0 0 0 0 0 0 0 0 0 0 0 0 0 0 0 0 0 0 0 0 0 0 0 0 0 0 0 0 0 0 0 0 0 0 0 0 0 0 0 0 0 0 0 0 0 0 0 0 0 0 0 0 0 0 0 0 0 0 0 0 0 0 0 0 0 0 0 0 0 0 0 0 0 0 0 0 0 0 0 0 0 0 0 0 0 0 0 0 0 0 0 0 0 0 0 0 0 0 0 0 0 0 0 0 0 0 0 0 0 0 0 0 0 0 0 0 0 0 0 0 0 0 0 0 0 0 0 0 0 0 0 0 0 0 0 0 0 0 0 0 0 0 0 0 0 0 0 0 0 0 0 0 0 0 0 0 0 0 0 0 0 0 0 0 0 0 0 0 0 0 0 0 0 0 0 0 0 0 0 0 0 0 0 0 0 0 0 0 0 0 0 0 0 0 0 0 0 0 0 0 0 0 0 0 0 0 0 0 0 0 0 0 0 0 0 0 0 0 0 0 0 0 0 0 0 0 0 0 0 0 0 0 0 0 0 0 0 0 0 0 0 0 0 0 0 0 0 0 0 0 0 0 0 0 0 0 0 0 0 0 0 0 0 0 0 0 0 0 0 0 0 0 0 0 0 0 0 0 0 0 0 0 0 0 0 0 0 0 0 0 0 0 0 0 0 0 0 0 0 0 0 0 0 0 0 0 0 0 0 0 0 0 0 0 0 0 0 0 0 0 0 0 0 0 0 0 0 0 0 0 0 0 0 0 0 0 0 0 0 0 0 0 0 0 0 0 0 0 0 0 0 0 0 0 0 0 0 0 0 0 0 0 0 0 0 0 0 0 0 0 0 0 0 0 0 0 0 0 0 0 0 0 0 0 0 0 0 0 0 0 0 0 0 0 0 0 0 0 0 0 0 0 0 0 0 0 0 0 0 0 0 0 0 0 0 0 0 0 0 0 0 0 0 0 0 0 0 0 0 0 0 0 0 0 0 0 0 0 0 0 0 0 0 0 0 0 0 0 0 0 0 0 0 0 0 0 0 0 0 0 0 0 0 0 0 0 0 0 0 0 0 0 0 0 0 0 0 0 0 0 0 0 0 0 0 0 0 0 0 0 0 0 0 0 0 0 0 0 0 0 0 0 0 0 0 0 0 0 0 0 0 0 0 0 0 0 0 0 0 0 0 0 0 0 0 0 0 0 0 0 0 0 0 0 0 0 0 0 0 0 0 0 0 0 0 0 0 0 0 0 0 0 0 0 0 0 0 0 0 0 0 0 0 0 0 0 0 0 0 0 0 0 0 0 0 0 0 0 0 0 0 0 0 0 0 0 0 0 0 0 0 0 0 0 0 0 0 0 0 0 0 0 0 0 0 0 0 0 0 0 0 0 0 0 0 0 0 0 0 0 0 0 0 0 0 0 0 0 0 0 0 0 0 0 0 0 0 0 0 0 0 0 0 0 0 0 0 0 0 0 0 0 0 0 0 0 0 0 0 0 0 0 0 0 0 0 0 0 0 0 0 0 0 0 0 0 0 0 0 0 0 0 0 0 0 0 0 0 0 0 0 0 0 0 0 0 0 0 0 0 0 0 0 0 0 0 0 0 0 0 0 0 0 0 0 0 0 0 0 0 0 0 0 0 0 0 0 0 0 0 0 0 0 0 0 0 0 0 0 0 0 0 0 0 0 0 0 0 0 0 0 0 0 0 0 0 0 0 0 0 0 0 0 0 0 0 0 0 0 0 0 0 0 0 0 0 0 0 0 0 0 0 0 0 0 0 0 0 0 0 0 0 0 0 0 0 0 0 0 0 0 0 0 0 0 0 0 0 0 0 0 0 0 0 0 0 0 0 0 0 0 0 0 0 0 0 0 0 0 0 0 0 0 0 0 0 0 0 0 0 0 0 0 0 0 0 0 0 0 0 0 0 0 0 0 0 0 0 0 0 0 0 0 0 0 0 0 0 0 0 0 0 0 0 0 0 0 0 0 0 0 0 0 0 0 0 0 0 0 0 0 0 0 0 0 0 0 0 0 0 0 0 0 0 0 0 0 0 0 0 0 0 0 0 0 0 0 0 0 0 0 0 0 0 0 0 0 0 0 0 0 0 0 0 0 0 0 0 0 0 0 0 0 0 0 0 0 0 0 0 0 0 0 0 0 0 0 0 0 0 0 0 0 0 0 0 0 0 0 0 0 0 0 0 0 0 0 0 0 0 0 0 0 0 0 0 0 0 0 0 0 0 0 0 0 0 0 0 0 0 0 0 0 0 0 0 0 0 0 0 0 0 0 0 0 0 0 0 0 0 0 0 0 0 0 0 0 0 0 0 0 0 0 0 0 0 0 0 0 0 0 0 0 0 0 0 0 0 0 0 0 0 0 0 0 0 0 0 0 0 0 0 0 0 0 0 0 0 0 0 0 0 0 0 0 0 0 0 0 0 0 0 0 0 0 0 0 0 0 0 0 0 0 0 0 0 0 0 0 0 0 0 0 0 0 0 0 0 0 0 0 0 0 0 0 0 0 0 0 0 0 0 0 0 0 0 0 0 0 0 0 0 0
ctxt 3592736
btime 1613122782
processes 78272
procs_running 1
procs_blocked 0
softirq 40685491 1 23693705 1107 686703 0 0 170 1390708 0 14913097
