cpu  28049868 4 53785 7060884 515 0 4310 0 0 0
cpu0 778718 0 1474 196189 9 0 811 0 0 0
cpu1 777878 0 2761 196182 1 0 119 0 0 0
cpu2 778563 0 1905 196394 2 0 54 0 0 0
cpu3 779258 0 1061 196485 17 0 102 0 0 0
cpu4 778623 0 1678 196557 2 0 71 0 0 0
cpu5 779140 0 1268 196479 2 0 40 0 0 0
cpu6 778810 0 1820 196232 1 0 59 0 0 0
cpu7 779444 0 1031 196391 5 0 49 0 0 0
cpu8 779209 0 1546 196115 6 0 46 0 0 0
cpu9 777092 0 3181 196486 9 0 161 0 0 0
cpu10 778799 0 1683 196302 4 0 127 0 0 0
cpu11 778442 0 2201 196157 2 0 104 0 0 0
cpu12 779840 0 988 196004 11 0 68 0 0 0
cpu13 777973 0 2669 196228 4 0 46 0 0 0
cpu14 777253 0 3716 195727 4 0 211 0 0 0
cpu15 780211 0 2232 194416 14 0 41 0 0 0
cpu16 778266 0 2354 196114 2 0 172 0 0 0
cpu17 779044 0 1411 196377 2 0 84 0 0 0
cpu18 779877 0 559 196415 51 0 22 0 0 0
cpu19 779521 0 944 196323 4 0 124 0 0 0
cpu20 779520 0 986 196330 41 0 42 0 0 0
cpu21 779546 0 812 196471 42 0 59 0 0 0
cpu22 779790 0 534 196507 58 0 30 0 0 0
cpu23 778838 0 1497 196549 10 0 16 0 0 0
cpu24 779853 0 824 196202 0 0 35 0 0 0
cpu25 779740 0 602 196563 0 0 16 0 0 0
cpu26 779886 0 573 196432 1 0 28 0 0 0
cpu27 779332 0 1123 196430 0 0 34 0 0 0
cpu28 777356 0 2046 196383 0 0 1130 0 0 0
cpu29 779684 0 1098 196067 16 0 35 0 0 0
cpu30 779767 0 792 196318 2 0 27 0 0 0
cpu31 779891 0 1162 195802 4 0 49 0 0 0
cpu32 780118 1 1772 194954 7 0 65 0 0 0
cpu33 780388 2 1045 195369 7 0 99 0 0 0
cpu34 781163 0 902 194672 122 0 38 0 0 0
cpu35 779021 0 1520 196242 34 0 82 0 0 0
intr 77263139 56 0 0 0 609 0 0 0 1 0 257 0 0 0 0 0 0 0 0 0 0 0 0 0 0 0 0 0 0 0 0 92 580 46 395 175 311 430 182 1489 468 825 459 339 779 728 449 579 812 526 1675 226 2547 1527 2844 1532 0 0 0 0 19 187 499 14 1137 680 304 628 663 538 10319 3607 0 0 16 11832 2 0 21840 1084 4003 1783 4579 2231 7285 1986 2026 5471 2605 3989 1507 1709 1638 4089 8229 2458 2850 7327 6646 4734 887 1488 2016 763 1957 1852 229322 7439 2941 3629 1655 2260 4228 2960 0 17 7900 1 0 0 0 0 0 0 0 0 0 0 0 0 0 0 0 0 0 0 0 0 0 0 0 0 0 0 0 0 0 0 0 0 0 0 0 0 0 22 0 0 0 0 0 0 0 0 0 0 0 0 0 0 0 0 0 0 0 0 0 0 0 0 0 0 0 0 0 0 0 0 0 0 0 0 0 0 0 0 0 0 0 0 0 0 0 0 0 0 0 0 0 0 0 0 0 0 0 0 0 0 0 0 0 0 0 0 0 0 0 0 0 0 0 0 0 0 0 0 0 0 0 0 0 0 0 0 0 0 0 0 0 0 0 0 0 0 0 0 0 0 0 0 0 0 0 0 0 0 0 0 0 0 0 0 0 0 0 0 0 0 0 0 0 0 0 0 0 0 0 0 0 0 0 0 0 0 0 0 0 0 0 0 0 0 0 0 0 0 0 0 0 0 0 0 0 0 0 0 0 0 0 0 0 0 0 0 0 0 0 0 0 0 0 0 0 0 0 0 0 0 0 0 0 0 0 0 0 0 0 0 0 0 0 0 0 0 0 0 0 0 0 0 0 0 0 0 0 0 0 0 0 0 0 0 0 0 0 0 0 0 0 0 0 0 0 0 0 0 0 0 0 0 0 0 0 0 0 0 0 0 0 0 0 0 0 0 0 0 0 0 0 0 0 0 0 0 0 0 0 0 0 0 0 0 0 0 0 0 0 0 0 0 0 0 0 0 0 0 0 0 0 0 0 0 0 0 0 0 0 0 0 0 0 0 0 0 0 0 0 0 0 0 0 0 0 0 0 0 0 0 0 0 0 0 0 0 0 0 0 0 0 0 0 0 0 0 0 0 0 0 0 0 0 0 0 0 0 0 0 0 0 0 0 0 0 0 0 0 0 0 0 0 0 0 0 0 0 0 0 0 0 0 0 0 0 0 0 0 0 0 0 0 0 0 0 0 0 0 0 0 0 0 0 0 0 0 0 0 0 0 0 0 0 0 0 0 0 0 0 0 0 0 0 0 0 0 0 0 0 0 0 0 0 0 0 0 0 0 0 0 0 0 0 0 0 0 0 0 0 0 0 0 0 0 0 0 0 0 0 0 0 0 0 0 0 0 0 0 0 0 0 0 0 0 0 0 0 0 0 0 0 0 0 0 0 0 0 0 0 0 0 0 0 0 0 0 0 0 0 0 0 0 0 0 0 0 0 0 0 0 0 0 0 0 0 0 0 0 0 0 0 0 0 0 0 0 0 0 0 0 0 0 0 0 0 0 0 0 0 0 0 0 0 0 0 0 0 0 0 0 0 0 0 0 0 0 0 0 0 0 0 0 0 0 0 0 0 0 0 0 0 0 0 0 0 0 0 0 0 0 0 0 0 0 0 0 0 0 0 0 0 0 0 0 0 0 0 0 0 0 0 0 0 0 0 0 0 0 0 0 0 0 0 0 0 0 0 0 0 0 0 0 0 0 0 0 0 0 0 0 0 0 0 0 0 0 0 0 0 0 0 0 0 0 0 0 0 0 0 0 0 0 0 0 0 0 0 0 0 0 0 0 0 0 0 0 0 0 0 0 0 0 0 0 0 0 0 0 0 0 0 0 0 0 0 0 0 0 0 0 0 0 0 0 0 0 0 0 0 0 0 0 0 0 0 0 0 0 0 0 0 0 0 0 0 0 0 0 0 0 0 0 0 0 0 0 0 0 0 0 0 0 0 0 0 0 0 0 0 0 0 0 0 0 0 0 0 0 0 0 0 0 0 0 0 0 0 0 0 0 0 0 0 0 0 0 0 0 0 0 0 0 0 0 0 0 0 0 0 0 0 0 0 0 0 0 0 0 0 0 0 0 0 0 0 0 0 0 0 0 0 0 0 0 0 0 0 0 0 0 0 0 0 0 0 0 0 0 0 0 0 0 0 0 0 0 0 0 0 0 0 0 0 0 0 0 0 0 0 0 0 0 0 0 0 0 0 0 0 0 0 0 0 0 0 0 0 0 0 0 0 0 0 0 0 0 0 0 0 0 0 0 0 0 0 0 0 0 0 0 0 0 0 0 0 0 0 0 0 0 0 0 0 0 0 0 0 0 0 0 0 0 0 0 0 0 0 0 0 0 0 0 0 0 0 0 0 0 0 0 0 0 0 0 0 0 0 0 0 0 0 0 0 0 0 0 0 0 0 0 0 0 0 0 0 0 0 0 0 0 0 0 0 0 0 0 0 0 0 0 0 0 0 0 0 0 0 0 0 0 0 0 0 0 0 0 0 0 0 0 0 0 0 0 0 0 0 0 0 0 0 0 0 0 0 0 0 0 0 0 0 0 0 0 0 0 0 0 0 0 0 0 0 0 0 0 0 0 0 0 0 0 0 0 0 0 0 0 0 0 0 0 0 0 0 0 0 0 0 0 0 0 0 0 0 0 0 0 0 0 0 0 0 0 0 0 0 0 0 0 0 0 0 0 0 0 0 0 0 0 0 0 0 0 0 0 0 0 0 0 0 0 0 0 0 0 0 0 0 0 0 0 0 0 0 0 0 0 0 0 0 0 0 0 0 0 0 0 0 0 0 0 0 0 0 0 0 0
ctxt 19766157
btime 1613124388
processes 494335
procs_running 1
procs_blocked 0
softirq 100095853 1 57904793 839 3740876 0 0 361115 2623984 0 35464245
