cpu  5806077 6 9526 2054922 126 0 577 0 0 0
cpu0 90648 0 319 31808 0 0 143 0 0 0
cpu1 90694 0 101 32173 8 0 13 0 0 0
cpu2 90636 0 219 32138 0 0 3 0 0 0
cpu3 90712 0 54 32237 0 0 0 0 0 0
cpu4 90602 0 253 32130 0 0 6 0 0 0
cpu5 90694 0 72 32236 0 0 2 0 0 0
cpu6 90754 0 370 31822 0 0 4 0 0 0
cpu7 90110 0 564 32208 0 0 119 0 0 0
cpu8 90680 0 229 32077 0 0 2 0 0 0
cpu9 90343 0 380 32224 0 0 47 0 0 0
cpu10 90798 0 238 31939 1 0 3 0 0 0
cpu11 90648 0 116 32233 0 0 3 0 0 0
cpu12 90784 2 371 31815 13 0 7 0 0 0
cpu13 90713 0 64 32222 0 0 1 0 0 0
cpu14 90810 1 210 31971 2 0 2 0 0 0
cpu15 90585 0 172 32238 0 0 6 0 0 0
cpu16 90816 0 165 32003 0 0 2 0 0 0
cpu17 90727 0 42 32230 0 0 0 0 0 0
cpu18 90816 0 181 31999 0 0 2 0 0 0
cpu19 90730 0 44 32222 0 0 0 0 0 0
cpu20 90701 0 132 32153 0 0 1 0 0 0
cpu21 90738 0 52 32199 7 0 0 0 0 0
cpu22 90707 0 119 32166 0 0 4 0 0 0
cpu23 90722 0 44 32229 0 0 0 0 0 0
cpu24 90868 0 134 31960 6 0 1 0 0 0
cpu25 90724 0 40 32230 0 0 0 0 0 0
cpu26 90936 0 140 31922 0 0 1 0 0 0
cpu27 90721 0 39 32232 0 0 0 0 0 0
cpu28 90659 0 152 32175 0 0 4 0 0 0
cpu29 90719 0 56 32207 9 0 0 0 0 0
cpu30 90671 0 194 32128 0 0 2 0 0 0
cpu31 90719 0 51 32198 20 0 0 0 0 0
cpu32 90680 0 127 32192 0 0 0 0 0 0
cpu33 90718 0 48 32227 1 0 0 0 0 0
cpu34 90698 0 173 32120 0 0 1 0 0 0
cpu35 90672 0 62 32196 7 0 42 0 0 0
cpu36 90586 0 202 32205 0 0 0 0 0 0
cpu37 90698 0 66 32220 3 0 2 0 0 0
cpu38 91195 0 167 31623 0 0 0 0 0 0
cpu39 90664 0 105 32205 7 0 9 0 0 0
cpu40 91276 0 334 31361 2 0 0 0 0 0
cpu41 89937 0 750 32203 10 0 89 0 0 0
cpu42 91295 0 206 31461 2 0 1 0 0 0
cpu43 90591 0 147 32218 6 0 24 0 0 0
cpu44 90780 0 200 31991 0 0 1 0 0 0
cpu45 90702 0 63 32223 0 0 0 0 0 0
cpu46 90859 0 178 31944 0 0 0 0 0 0
cpu47 90597 0 154 32227 0 0 7 0 0 0
cpu48 90844 0 150 31978 1 0 0 0 0 0
cpu49 90741 0 55 32188 0 0 0 0 0 0
cpu50 90790 0 112 32078 0 0 0 0 0 0
cpu51 90724 0 51 32209 0 0 0 0 0 0
cpu52 90732 0 97 32149 0 0 0 0 0 0
cpu53 90720 0 43 32217 0 0 0 0 0 0
cpu54 90726 0 91 32163 0 0 0 0 0 0
cpu55 90722 0 56 32200 2 0 0 0 0 0
cpu56 90804 0 85 32093 0 0 0 0 0 0
cpu57 90722 0 45 32218 0 0 0 0 0 0
cpu58 90791 0 92 32097 0 0 0 0 0 0
cpu59 90722 0 50 32211 0 0 0 0 0 0
cpu60 90720 0 75 32179 0 0 0 0 0 0
cpu61 90720 0 52 32211 0 0 1 0 0 0
cpu62 90714 0 84 32178 0 0 1 0 0 0
cpu63 90729 0 62 32183 0 0 0 0 0 0
intr 17133183 84 0 0 0 630 0 0 0 1 0 282 0 0 0 0 0 0 0 0 0 0 0 0 0 0 0 0 0 0 0 0 0 0 0 0 0 0 0 5 0 598 0 1994 1218 4 2104 28 17124 2 3184 263 782 0 5492 4 0 393 4 510 2 1302 0 6 0 337 20 5734 69 0 131 0 5 0 25771 0 1085 3 2466 5 16560 2 12035 31 456 3 4662 0 0 0 0 0 0 2 0 789 4 5 1 7 123 26 26 0 0 0 0 0 0 0 0 0 0 0 0 0 0 0 0 0 92 30043 0 0 0 0 0 0 0 0 0 0 0 0 0 0 0 0 0 0 0 0 0 0 0 0 0 0 0 0 0 0 0 0 0 0 0 0 0 0 0 0 0 0 0 0 0 0 0 0 0 0 0 0 0 0 0 0 0 0 0 0 0 0 0 0 0 0 0 0 0 0 0 0 0 0 0 23 0 0 0 0 0 0 0 0 0 0 0 0 0 0 0 0 0 0 0 0 0 0 0 0 0 0 0 0 0 0 0 0 0 0 0 0 0 0 0 0 0 0 0 0 0 0 0 0 0 0 0 0 0 0 0 0 0 0 0 0 0 0 0 0 0 0 0 0 0 0 0 0 0 0 0 0 0 0 0 0 0 0 0 0 0 0 0 0 0 0 0 0 0 0 0 0 0 0 0 0 0 0 0 0 0 0 0 0 0 0 0 0 0 0 0 0 0 0 0 0 0 0 0 0 0 0 0 0 0 0 0 0 0 0 0 0 0 0 0 0 0 0 0 0 0 0 0 0 0 0 0 0 0 0 0 0 0 0 0 0 0 0 0 0 0 0 0 0 0 0 0 0 0 0 0 0 0 0 0 0 0 0 0 0 0 0 0 0 0 0 0 0 0 0 0 0 0 0 0 0 0 0 0 0 0 0 0 0 0 0 0 0 0 0 0 0 0 0 0 0 0 0 0 0 0 0 0 0 0 0 0 0 0 0 0 0 0 0 0 0 0 0 0 0 0 0 0 0 0 0 0 0 0 0 0 0 0 0 0 0 0 0 0 0 0 0 0 0 0 0 0 0 0 0 0 0 0 0 0 0 0 0 0 0 0 0 0 0 0 0 0 0 0 0 0 0 0 0 0 0 0 0 0 0 0 0 0 0 0 0 0 0 0 0 0 0 0 0 0 0 0 0 0 0 0 0 0 0 0 0 0 0 0 0 0 0 0 0 0 0 0 0 0 0 0 0 0 0 0 0 0 0 0 0 0 0 0 0 0 0 0 0 0 0 0 0 0 0 0 0 0 0 0 0 0 0 0 0 0 0 0 0 0 0 0 0 0 0 0 0 0 0 0 0 0 0 0 0 0 0 0 0 0 0 0 0 0 0 0 0 0 0 0 0 0 0 0 0 0 0 0 0 0 0 0 0 0 0 0 0 0 0 0 0 0 0 0 0 0 0 0 0 0 0 0 0 0 0 0 0 0 0 0 0 0 0 0 0 0 0 0 0 0 0 0 0 0 0 0 0 0 0 0 0 0 0 0 0 0 0 0 0 0 0 0 0 0 0 0 0 0 0 0 0 0 0 0 0 0 0 0 0 0 0 0 0 0 0 0 0 0 0 0 0 0 0 0 0 0 0 0 0 0 0 0 0 0 0 0 0 0 0 0 0 0 0 0 0 0 0 0 0 0 0 0 0 0 0 0 0 0 0 0 0 0 0 0 0 0 0 0 0 0 0 0 0 0 0 0 0 0 0 0 0 0 0 0 0 0 0 0 0 0 0 0 0 0 0 0 0 0 0 0 0 0 0 0 0 0 0 0 0 0 0 0 0 0 0 0 0 0 0 0 0 0 0 0 0 0 0 0 0 0 0 0 0 0 0 0 0 0 0 0 0 0 0 0 0 0 0 0 0 0 0 0 0 0 0 0 0 0 0 0 0 0 0 0 0 0 0 0 0 0 0 0 0 0 0 0 0 0 0 0 0 0 0 0 0 0 0 0 0 0 0 0 0 0 0 0 0 0 0 0 0 0 0 0 0 0 0 0 0 0 0 0 0 0 0 0 0 0 0 0 0 0 0 0 0 0 0 0 0 0 0 0 0 0 0 0 0 0 0 0 0 0 0 0 0 0 0 0 0 0 0 0 0 0 0 0 0 0 0 0 0 0 0 0 0 0 0 0 0 0 0 0 0 0 0 0 0 0 0 0 0 0 0 0 0 0 0 0 0 0 0 0 0 0 0 0 0 0 0 0 0 0 0 0 0 0 0 0 0 0 0 0 0 0 0 0 0 0 0 0 0 0 0 0 0 0 0 0 0 0 0 0 0 0 0 0 0 0 0 0 0 0 0 0 0 0 0 0 0 0 0 0 0 0 0 0 0 0 0 0 0 0 0 0 0 0 0 0 0 0 0 0 0 0 0 0 0 0 0 0 0 0 0 0 0 0 0 0 0 0 0 0 0 0 0 0 0 0 0 0 0 0 0 0 0 0 0 0 0 0 0 0 0 0 0 0 0 0 0 0 0 0 0 0 0 0 0 0 0 0 0 0 0 0 0 0 0 0 0 0 0 0 0 0 0 0 0 0 0 0 0 0 0 0 0 0 0 0 0 0 0 0 0 0 0 0 0 0 0 0 0 0 0 0 0 0 0 0 0 0 0 0 0 0 0 0 0 0 0 0 0 0 0 0 0 0 0 0 0 0 0 0 0 0 0 0 0 0 0 0 0 0 0 0 0 0 0 0 0 0 0 0 0 0 0 0 0 0 0 0 0 0 0 0 0 0 0 0 0 0 0 0 0 0 0 0 0 0 0 0 0 0 0 0 0 0 0 0 0 0 0 0 0 0 0 0 0 0 0 0 0 0 0 0 0 0 0 0 0 0 0 0 0 0 0 0 0 0 0 0 0 0 0 0 0 0 0 0 0 0 0 0 0 0 0 0 0 0 0 0 0 0 0 0 0 0 0 0 0 0 0 0 0 0 0 0 0 0 0 0 0 0 0 0 0 0 0 0 0 0 0 0 0 0 0 0 0 0 0 0 0 0 0 0 0 0 0 0 0 0 0 0 0 0 0 0 0 0 0 0 0 0 0 0 0 0 0 0 0 0 0 0 0 0 0 0 0 0 0 0 0 0 0 0 0 0 0 0 0 0 0 0 0 0 0 0 0 0 0 0 0 0 0 0 0 0 0 0 0 0 0 0 0 0 0 0 0 0 0 0 0 0 0 0 0 0 0 0 0 0 0 0 0 0 0 0 0 0 0 0 0 0 0 0 0 0 0 0 0 0 0 0 0 0 0 0 0 0 0 0 0 0 0 0 0 0 0 0 0 0 0 0 0 0 0 0 0 0 0 0 0 0 0 0 0 0 0 0 0 0 0 0 0 0 0 0 0 0 0 0 0 0 0 0 0 0 0 0 0 0 0 0 0 0 0 0 0 0 0 0 0 0 0 0 0 0 0 0 0 0 0 0 0 0 0 0 0 0 0 0 0 0 0 0 0 0 0 0 0 0 0 0 0 0 0 0 0 0 0 0 0 0 0 0 0 0 0 0 0 0 0 0 0 0 0 0 0 0 0 0 0 0 0 0 0 0 0 0 0 0 0 0 0 0 0 0 0 0 0 0 0 0 0 0 0 0 0 0 0 0 0 0 0 0 0 0 0 0 0 0 0 0 0 0 0 0 0 0 0 0 0 0 0 0 0 0 0 0 0 0 0 0 0 0 0 0 0 0 0 0 0 0 0 0 0 0 0 0 0 0 0 0 0 0 0 0 0 0 0 0 0 0 0 0 0 0 0 0 0 0 0 0 0 0 0 0 0 0 0 0 0 0 0 0 0 0 0 0 0 0 0 0 0 0 0 0 0 0 0 0 0 0 0 0 0 0 0 0 0 0 0 0 0 0 0 0 0 0 0 0 0 0 0 0 0 0 0 0 0 0 0 0 0 0 0 0 0 0 0 0 0 0 0 0 0 0 0 0 0 0 0 0 0 0 0 0 0 0 0 0 0 0 0 0 0 0 0 0 0 0 0 0 0 0 0 0 0 0 0 0 0 0 0 0 0 0 0 0 0 0 0 0 0 0 0 0 0 0 0 0 0 0 0 0 0 0 0 0 0 0 0 0 0 0 0 0 0 0 0 0 0 0 0 0 0 0 0 0 0 0 0 0 0 0 0 0 0 0 0 0 0 0 0 0 0 0 0 0 0 0 0 0 0 0 0 0 0 0 0 0 0 0 0 0 0 0 0 0 0 0 0 0 0 0 0 0 0 0 0 0 0 0 0 0 0 0 0 0 0 0 0 0 0 0 0 0 0 0 0 0 0 0 0 0 0 0 0 0 0 0 0 0 0 0 0 0 0 0 0 0 0 0 0 0 0 0 0 0 0 0 0 0 0 0 0 0 0 0 0 0 0 0 0 0 0 0 0 0 0 0 0 0 0 0 0 0 0 0 0 0 0 0 0 0 0 0 0 0 0 0 0 0 0 0 0 0 0 0 0 0 0 0 0 0 0 0 0 0 0 0 0 0 0 0 0 0 0 0 0 0 0 0 0 0 0 0 0 0 0 0 0 0 0 0 0 0 0 0 0 0 0 0 0 0 0 0 0 0 0 0 0 0 0 0 0 0 0 0 0 0 0 0 0 0 0 0 0 0 0 0 0 0 0 0 0 0 0 0 0 0 0 0 0 0 0 0 0 0 0 0 0 0 0 0 0 0 0 0 0 0 0 0 0 0 0 0 0 0 0 0 0 0 0 0 0 0 0 0 0 0 0 0 0 0 0 0 0 0 0 0 0 0 0 0 0 0 0 0 0 0 0 0 0 0 0 0 0 0 0 0 0 0 0 0 0 0 0 0 0 0 0 0 0 0 0 0 0 0 0 0 0 0 0 0 0 0 0 0 0 0 0 0 0 0 0 0 0 0 0 0 0 0 0 0 0 0 0 0 0 0 0 0 0 0 0 0 0 0 0 0 0 0 0 0 0 0 0 0 0 0 0 0 0 0 0 0 0 0 0 0 0 0 0 0 0 0 0 0 0 0 0 0 0 0 0 0 0 0 0 0 0 0 0 0 0 0 0 0 0 0 0 0 0 0 0 0 0 0 0 0 0 0 0 0 0 0 0 0 0 0 0 0 0 0 0 0 0 0 0 0 0 0 0 0 0 0 0 0 0 0 0 0 0 0 0 0
ctxt 2938520
btime 1613144793
processes 67533
procs_running 1
procs_blocked 0
softirq 18565765 1 10472233 881 549439 0 0 141 671244 0 6871826
