cpu  4405399 4 6376 6711973 420 0 672 0 0 0
cpu0 122263 0 312 186225 1 0 180 0 0 0
cpu1 122335 0 128 186552 1 0 98 0 0 0
cpu2 122360 0 171 186494 0 0 24 0 0 0
cpu3 122331 0 259 186404 4 0 8 0 0 0
cpu4 122302 0 268 186434 2 0 12 0 0 0
cpu5 122318 0 231 186453 14 0 2 0 0 0
cpu6 122305 0 208 186496 2 0 6 0 0 0
cpu7 122342 0 165 186522 4 0 0 0 0 0
cpu8 122758 0 180 186082 1 0 0 0 0 0
cpu9 122380 0 195 186448 1 0 4 0 0 0
cpu10 122344 0 136 186539 4 0 0 0 0 0
cpu11 122389 0 119 186518 2 0 3 0 0 0
cpu12 122240 0 182 186589 4 0 6 0 0 0
cpu13 122598 0 187 186192 48 0 1 0 0 0
cpu14 122171 0 266 186549 4 0 25 0 0 0
cpu15 122272 0 170 186577 5 0 6 0 0 0
cpu16 122186 0 274 186522 1 0 37 0 0 0
cpu17 122412 0 158 186437 5 0 2 0 0 0
cpu18 122383 0 157 186473 4 0 3 0 0 0
cpu19 122277 0 173 186553 1 0 17 0 0 0
cpu20 122382 0 103 186524 3 0 3 0 0 0
cpu21 122345 0 122 186547 9 0 0 0 0 0
cpu22 122270 0 193 186546 12 0 6 0 0 0
cpu23 122379 0 107 186531 2 0 0 0 0 0
cpu24 122139 0 253 186436 12 0 166 0 0 0
cpu25 122372 0 116 186534 3 0 0 0 0 0
cpu26 122354 0 140 186516 7 0 0 0 0 0
cpu27 122768 0 187 186069 0 0 2 0 0 0
cpu28 122856 0 191 185868 81 0 0 0 0 0
cpu29 122397 0 116 186474 33 0 2 0 0 0
cpu30 122510 0 129 186302 54 0 1 0 0 0
cpu31 122451 3 117 186403 40 0 1 0 0 0
cpu32 122169 0 297 186515 6 0 39 0 0 0
cpu33 122342 0 130 186530 12 0 3 0 0 0
cpu34 122356 0 95 186546 15 0 1 0 0 0
cpu35 122330 0 128 186556 1 0 0 0 0 0
intr 12509715 56 0 0 0 610 0 0 0 1 0 275 0 0 0 0 0 0 0 0 0 0 0 0 0 0 0 0 0 0 0 0 0 94 247 65 18 196 323 609 125 186 58 86 228 138 255 1443 453 279 134 339 191 118 151 1241 3734 0 0 0 0 203 1211 260 364 35 10036 3397 3976 1767 545 714 219 128 0 16 9127 1 0 6228 47 157 532 661 8 104 152 1 2415 92 807 2202 70 4222 780 2611 278 887 94 5304 259 2764 721 44063 3 32 809 36 751 302 132 4905 658 237 409 0 16 7667 1 0 0 0 0 0 0 0 0 0 0 0 0 0 0 0 0 0 0 0 0 0 0 0 0 0 0 0 0 0 0 0 0 0 0 0 0 0 24 0 0 0 0 0 0 0 0 0 0 0 0 0 0 0 0 0 0 0 0 0 0 0 0 0 0 0 0 0 0 0 0 0 0 0 0 0 0 0 0 0 0 0 0 0 0 0 0 0 0 0 0 0 0 0 0 0 0 0 0 0 0 0 0 0 0 0 0 0 0 0 0 0 0 0 0 0 0 0 0 0 0 0 0 0 0 0 0 0 0 0 0 0 0 0 0 0 0 0 0 0 0 0 0 0 0 0 0 0 0 0 0 0 0 0 0 0 0 0 0 0 0 0 0 0 0 0 0 0 0 0 0 0 0 0 0 0 0 0 0 0 0 0 0 0 0 0 0 0 0 0 0 0 0 0 0 0 0 0 0 0 0 0 0 0 0 0 0 0 0 0 0 0 0 0 0 0 0 0 0 0 0 0 0 0 0 0 0 0 0 0 0 0 0 0 0 0 0 0 0 0 0 0 0 0 0 0 0 0 0 0 0 0 0 0 0 0 0 0 0 0 0 0 0 0 0 0 0 0 0 0 0 0 0 0 0 0 0 0 0 0 0 0 0 0 0 0 0 0 0 0 0 0 0 0 0 0 0 0 0 0 0 0 0 0 0 0 0 0 0 0 0 0 0 0 0 0 0 0 0 0 0 0 0 0 0 0 0 0 0 0 0 0 0 0 0 0 0 0 0 0 0 0 0 0 0 0 0 0 0 0 0 0 0 0 0 0 0 0 0 0 0 0 0 0 0 0 0 0 0 0 0 0 0 0 0 0 0 0 0 0 0 0 0 0 0 0 0 0 0 0 0 0 0 0 0 0 0 0 0 0 0 0 0 0 0 0 0 0 0 0 0 0 0 0 0 0 0 0 0 0 0 0 0 0 0 0 0 0 0 0 0 0 0 0 0 0 0 0 0 0 0 0 0 0 0 0 0 0 0 0 0 0 0 0 0 0 0 0 0 0 0 0 0 0 0 0 0 0 0 0 0 0 0 0 0 0 0 0 0 0 0 0 0 0 0 0 0 0 0 0 0 0 0 0 0 0 0 0 0 0 0 0 0 0 0 0 0 0 0 0 0 0 0 0 0 0 0 0 0 0 0 0 0 0 0 0 0 0 0 0 0 0 0 0 0 0 0 0 0 0 0 0 0 0 0 0 0 0 0 0 0 0 0 0 0 0 0 0 0 0 0 0 0 0 0 0 0 0 0 0 0 0 0 0 0 0 0 0 0 0 0 0 0 0 0 0 0 0 0 0 0 0 0 0 0 0 0 0 0 0 0 0 0 0 0 0 0 0 0 0 0 0 0 0 0 0 0 0 0 0 0 0 0 0 0 0 0 0 0 0 0 0 0 0 0 0 0 0 0 0 0 0 0 0 0 0 0 0 0 0 0 0 0 0 0 0 0 0 0 0 0 0 0 0 0 0 0 0 0 0 0 0 0 0 0 0 0 0 0 0 0 0 0 0 0 0 0 0 0 0 0 0 0 0 0 0 0 0 0 0 0 0 0 0 0 0 0 0 0 0 0 0 0 0 0 0 0 0 0 0 0 0 0 0 0 0 0 0 0 0 0 0 0 0 0 0 0 0 0 0 0 0 0 0 0 0 0 0 0 0 0 0 0 0 0 0 0 0 0 0 0 0 0 0 0 0 0 0 0 0 0 0 0 0 0 0 0 0 0 0 0 0 0 0 0 0 0 0 0 0 0 0 0 0 0 0 0 0 0 0 0 0 0 0 0 0 0 0 0 0 0 0 0 0 0 0 0 0 0 0 0 0 0 0 0 0 0 0 0 0 0 0 0 0 0 0 0 0 0 0 0 0 0 0 0 0 0 0 0 0 0 0 0 0 0 0 0 0 0 0 0 0 0 0 0 0 0 0 0 0 0 0 0 0 0 0 0 0 0 0 0 0 0 0 0 0 0 0 0 0 0 0 0 0 0 0 0 0 0 0 0 0 0 0 0 0 0 0 0 0 0 0 0 0 0 0 0 0 0 0 0 0 0 0 0 0 0 0 0 0 0 0 0 0 0 0 0 0 0 0 0 0 0 0 0 0 0 0 0 0 0 0 0 0 0 0 0 0 0 0 0 0 0 0 0 0 0 0 0 0 0 0 0 0 0 0 0 0 0 0 0 0 0 0 0 0 0 0 0 0 0 0 0 0 0 0 0 0 0 0 0 0 0 0 0 0 0 0 0 0 0 0 0 0 0 0 0 0 0 0 0 0 0 0 0 0 0 0 0 0 0 0 0 0 0 0 0 0 0 0 0 0 0 0 0 0 0 0 0 0 0 0 0 0 0 0 0 0 0 0 0 0 0 0 0 0 0 0 0 0 0 0 0 0 0 0 0 0 0 0 0 0 0 0 0 0 0 0 0 0 0 0 0 0 0 0 0 0 0 0 0 0 0 0 0 0 0 0 0 0 0 0 0 0 0 0 0 0 0 0 0 0 0 0 0 0 0 0 0 0 0 0 0 0 0 0 0 0 0
ctxt 3908899
btime 1613124388
processes 96436
procs_running 1
procs_blocked 0
softirq 16604088 1 9597045 292 713339 0 0 81947 516208 0 5695256
