cpu  8748303 6 14054 10603602 504 0 494 0 0 0
cpu0 67973 0 712 82381 0 0 152 0 0 0
cpu1 68351 0 78 82907 0 0 6 0 0 0
cpu2 68325 0 227 82777 1 0 3 0 0 0
cpu3 68252 0 123 82940 3 0 6 0 0 0
cpu4 68185 0 188 82936 8 0 10 0 0 0
cpu5 68344 0 96 82893 1 0 2 0 0 0
cpu6 68211 0 313 82778 8 0 8 0 0 0
cpu7 68322 0 72 82930 0 0 1 0 0 0
cpu8 68304 0 129 82888 0 0 1 0 0 0
cpu9 68318 0 111 82880 2 0 6 0 0 0
cpu10 68513 0 152 82660 0 0 2 0 0 0
cpu11 68340 0 69 82920 0 0 2 0 0 0
cpu12 68298 0 83 82939 0 0 1 0 0 0
cpu13 68363 0 75 82890 0 0 0 0 0 0
cpu14 68420 0 101 82785 2 0 2 0 0 0
cpu15 68361 0 65 82900 0 0 0 0 0 0
cpu16 68259 0 113 82941 0 0 2 0 0 0
cpu17 68362 0 78 82892 0 0 0 0 0 0
cpu18 68342 0 132 82852 0 0 2 0 0 0
cpu19 68214 0 181 82915 3 0 10 0 0 0
cpu20 68378 0 74 82876 0 0 0 0 0 0
cpu21 68366 0 68 82889 2 0 1 0 0 0
cpu22 68400 0 104 82815 1 0 0 0 0 0
cpu23 68357 0 71 82891 0 0 1 0 0 0
cpu24 68323 0 140 82864 0 0 0 0 0 0
cpu25 68330 0 93 82895 0 0 6 0 0 0
cpu26 68459 0 149 82710 0 0 0 0 0 0
cpu27 68306 0 113 82893 0 0 4 0 0 0
cpu28 68396 0 114 82835 0 0 0 0 0 0
cpu29 68366 0 66 82890 0 0 0 0 0 0
cpu30 68484 0 136 82697 0 0 0 0 0 0
cpu31 68110 0 168 83011 0 0 14 0 0 0
cpu32 68391 0 83 82843 1 0 0 0 0 0
cpu33 68363 0 81 82864 0 0 0 0 0 0
cpu34 68454 0 119 82725 1 0 3 0 0 0
cpu35 68113 0 133 83041 1 0 5 0 0 0
cpu36 68203 0 208 82885 0 0 24 0 0 0
cpu37 68298 0 88 82880 0 0 24 0 0 0
cpu38 68422 0 216 82662 7 0 0 0 0 0
cpu39 68190 0 72 83044 2 0 1 0 0 0
cpu40 68390 0 67 82863 0 0 0 0 0 0
cpu41 68360 0 67 82893 0 0 0 0 0 0
cpu42 68484 1 269 82558 5 0 1 0 0 0
cpu43 68356 0 62 82896 0 0 0 0 0 0
cpu44 68397 0 67 82851 0 0 0 0 0 0
cpu45 67914 0 88 83305 0 0 1 0 0 0
cpu46 68535 0 157 82614 5 0 1 0 0 0
cpu47 68360 0 58 82893 1 0 0 0 0 0
cpu48 68388 0 68 82857 1 0 0 0 0 0
cpu49 68352 0 79 82880 0 0 1 0 0 0
cpu50 68490 0 114 82686 17 0 1 0 0 0
cpu51 68359 0 58 82895 0 0 0 0 0 0
cpu52 67648 0 138 83442 1 0 11 0 0 0
cpu53 68342 0 88 82877 1 0 2 0 0 0
cpu54 68457 0 100 82712 27 0 0 0 0 0
cpu55 68358 0 63 82892 0 0 0 0 0 0
cpu56 68374 0 75 82865 1 0 0 0 0 0
cpu57 68358 0 68 82882 0 0 1 0 0 0
cpu58 68903 0 231 82079 88 0 0 0 0 0
cpu59 68316 0 70 82917 0 0 0 0 0 0
cpu60 68335 0 96 82873 0 0 2 0 0 0
cpu61 68372 0 64 82872 0 0 0 0 0 0
cpu62 68348 0 110 82781 60 0 3 0 0 0
cpu63 68365 0 58 82885 0 0 0 0 0 0
cpu64 68151 0 192 82945 1 0 8 0 0 0
cpu65 68307 0 93 82902 0 0 4 0 0 0
cpu66 68334 0 99 82856 10 0 2 0 0 0
cpu67 68324 0 81 82886 3 0 5 0 0 0
cpu68 68299 0 108 82889 0 0 4 0 0 0
cpu69 68317 0 70 82919 0 0 1 0 0 0
cpu70 68348 0 210 82708 9 0 9 0 0 0
cpu71 68274 0 122 82892 0 0 16 0 0 0
cpu72 68371 0 72 82863 0 0 0 0 0 0
cpu73 68284 0 93 82922 0 0 5 0 0 0
cpu74 68536 0 104 82661 0 0 1 0 0 0
cpu75 68352 0 66 82886 0 0 0 0 0 0
cpu76 68344 0 82 82860 8 0 0 0 0 0
cpu77 68297 0 121 82874 1 0 5 0 0 0
cpu78 68482 0 108 82703 7 0 0 0 0 0
cpu79 68282 0 74 82939 0 0 0 0 0 0
cpu80 68373 0 72 82845 9 0 0 0 0 0
cpu81 68370 0 55 82875 0 0 0 0 0 0
cpu82 68346 1 111 82829 3 0 2 0 0 0
cpu83 68224 0 182 82880 0 0 13 0 0 0
cpu84 68349 0 72 82878 0 0 0 0 0 0
cpu85 68367 0 68 82858 2 0 0 0 0 0
cpu86 68431 0 84 82777 5 0 0 0 0 0
cpu87 68340 0 79 82877 0 0 0 0 0 0
cpu88 68343 0 77 82878 0 0 0 0 0 0
cpu89 68364 0 72 82863 0 0 0 0 0 0
cpu90 68405 0 136 82749 2 0 2 0 0 0
cpu91 68299 0 120 82866 0 0 6 0 0 0
cpu92 68373 0 70 82854 2 0 0 0 0 0
cpu93 68361 0 75 82855 0 0 1 0 0 0
cpu94 68386 0 157 82735 2 0 4 0 0 0
cpu95 68260 0 72 82959 0 0 1 0 0 0
cpu96 68376 0 70 82853 0 0 0 0 0 0
cpu97 68360 0 78 82856 0 0 0 0 0 0
cpu98 68457 0 120 82695 2 0 2 0 0 0
cpu99 68329 0 70 82891 0 0 0 0 0 0
cpu100 68354 0 72 82867 1 0 1 0 0 0
cpu101 68364 0 66 82857 0 0 0 0 0 0
cpu102 68451 0 202 82627 1 0 3 0 0 0
cpu103 68368 0 62 82861 0 0 0 0 0 0
cpu104 68101 0 100 83079 1 0 3 0 0 0
cpu105 68370 0 64 82862 0 0 0 0 0 0
cpu106 68573 0 256 82427 22 0 2 0 0 0
cpu107 68360 0 59 82872 0 0 0 0 0 0
cpu108 68362 0 65 82866 0 0 0 0 0 0
cpu109 68360 0 74 82838 1 0 1 0 0 0
cpu110 68314 0 199 82745 19 0 4 0 0 0
cpu111 68330 0 62 82891 0 0 0 0 0 0
cpu112 68377 0 66 82848 0 0 0 0 0 0
cpu113 68364 0 74 82843 1 0 0 0 0 0
cpu114 68421 0 114 82745 4 0 2 0 0 0
cpu115 68362 0 60 82865 2 0 0 0 0 0
cpu116 67957 0 117 83162 2 0 7 0 0 0
cpu117 68340 0 83 82860 0 0 2 0 0 0
cpu118 69316 0 188 81777 7 0 0 0 0 0
cpu119 68358 0 70 82861 0 0 0 0 0 0
cpu120 68346 0 70 82867 1 0 1 0 0 0
cpu121 68315 0 110 82855 0 0 6 0 0 0
cpu122 68439 0 96 82750 1 0 0 0 0 0
cpu123 68149 0 102 83013 1 0 3 0 0 0
cpu124 68376 0 76 82834 0 0 0 0 0 0
cpu125 68368 0 60 82846 5 0 0 0 0 0
cpu126 68353 0 97 82751 70 0 0 0 0 0
cpu127 68367 0 94 82815 2 0 0 0 0 0
intr 26742178 130 0 0 0 691 0 0 0 1 0 249 0 0 0 0 0 0 0 0 0 0 0 0 0 0 0 0 0 0 0 0 0 0 0 0 260 0 1017 1280 3116 106 260 532 206 6 112 785 311 959 83 371 1750 0 76 302 326 7758 127 677 0 500 1 1119 51 6218 261 895 574 1225 337 1034 4083 982 63 38155 398 7 2 276 660 4 63 623 2 0 0 724 424 0 671 1609 0 5 70 431 20 914 80 95 625 22 833 2013 926 1729 196 499 856 1130 0 730 12 0 29 223 2 14 33 129 783 2206 0 703 0 476 0 585 0 3596 149 838 126 9 38 1189 3002 1185 35 349 288 0 0 91 1026 106 0 433 60 11 0 595 264 6 541 2189 694 0 0 0 0 0 0 0 0 0 0 159 328 111 71 769 415 56 18 25 229 1 4 1 21 19 76 33 2 56 21 3 4 16 0 17 100 5 98 151 33 84 6 70 3 0 0 0 0 0 0 0 0 0 0 0 0 0 0 0 0 3 6 1 0 21 0 0 0 0 7 3 55 87 1 182 1131 5775 43 445 613 302 489 177 69 280 143 196 1731 1916 10123 1676 97 52 495 402 76 168 70 1100 263 15 1 4 127 75 21 21 5 37 2 1 0 0 1 9 4 36 4 2 2 1 33 6 0 0 0 0 0 0 0 0 0 0 0 0 0 0 0 0 0 0 0 0 0 0 0 0 0 0 0 0 0 0 0 0 0 0 0 0 0 0 0 0 0 0 0 0 0 0 0 0 0 0 0 0 0 0 0 0 0 0 0 0 0 0 0 0 0 0 0 0 0 0 0 0 0 0 0 0 0 0 0 0 0 0 0 0 0 0 0 0 0 0 0 0 0 0 0 0 0 0 0 0 0 0 0 0 0 0 0 0 0 0 0 0 0 0 0 0 0 0 0 0 0 0 0 0 0 0 0 0 0 0 0 0 0 0 0 0 0 0 0 0 0 0 0 0 0 0 0 0 0 0 0 0 0 0 0 0 0 0 0 0 0 0 0 0 0 0 0 0 0 0 0 0 0 0 0 0 0 0 0 0 0 0 0 0 0 0 0 0 0 0 0 0 0 0 0 0 0 0 0 0 0 0 0 0 0 0 0 0 0 0 0 0 0 0 0 0 0 0 0 0 0 0 0 0 0 0 0 0 0 0 0 0 0 0 0 0 0 0 0 0 0 0 0 0 0 0 0 0 0 0 0 0 0 0 0 0 0 0 0 0 0 0 0 0 0 0 0 0 0 0 0 0 0 0 0 0 0 0 0 0 0 0 0 0 0 0 0 0 0 0 0 0 0 0 0 0 0 0 0 0 0 0 0 0 0 0 0 0 0 0 0 0 0 0 0 0 0 0 0 0 0 0 0 0 0 0 0 0 0 0 0 0 0 0 0 0 0 0 0 0 0 0 0 0 0 0 0 0 0 0 0 0 0 0 0 0 0 0 0 0 0 0 0 0 0 0 0 0 0 0 0 0 0 0 0 0 0 0 0 0 0 0 0 0 0 0 0 0 0 0 0 0 0 0 0 0 0 0 0 0 0 0 0 0 0 0 0 0 0 0 0 0 0 0 0 0 0 0 0 0 0 0 49 3 0 0 0 0 0 0 0 0 0 0 0 0 0 0 0 0 0 0 49 0 0 0 0 0 0 0 0 0 0 0 0 0 0 0 0 0 0 0 0 0 0 0 0 0 0 0 0 0 0 0 0 0 0 0 0 0 0 0 0 0 0 0 0 0 0 0 0 0 0 0 0 0 0 0 0 0 0 0 0 0 0 0 0 0 0 0 0 0 0 0 0 0 0 15 0 0 0 0 0 0 0 0 0 0 0 0 0 0 0 0 0 0 0 0 0 0 0 0 0 0 0 0 0 0 0 0 0 0 0 0 0 0 0 0 0 0 0 0 0 0 0 0 0 0 0 0 0 0 0 0 0 0 0 0 0 0 0 0 0 0 0 0 0 0 0 0 0 0 0 0 0 0 0 0 0 0 0 0 0 0 0 0 0 0 0 0 0 0 0 0 0 0 0 0 0 0 0 0 0 0 0 0 0 0 0 0 0 0 0 0 0 0 0 0 0 0 0 0 0 0 0 0 0 0 0 0 0 0 0 0 0 0 0 0 0 0 0 0 0 0 0 0 0 0 0 0 0 0 0 0 0 0 0 0 0 0 0 0 0 0 0 0 0 0 0 0 0 0 0 0 0 0 0 0 0 0 0 0 0 0 0 0 0 0 0 0 0 0 0 0 0 0 0 0 0 0 0 0 0 0 0 0 0 0 0 0 0 0 0 0 0 0 0 0 0 0 0 0 0 0 0 0 0 0 0 0 0 0 0 0 0 0 0 0 0 0 0 0 0 0 0 0 0 0 0 0 0 0 0 0 0 0 0 0 0 0 0 0 0 0 0 0 0 0 0 0 0 0 0 0 0 0 0 0 0 0 0 0 0 0 0 0 0 0 0 0 0 0 0 0 0 0 0 0 0 0 0 0 0 0 0 0 0 0 0 0 0 0 0 0 0 0 0 0 0 0 0 0 0 0 0 0 0 0 0 0 0 0 0 0 0 0 0 0 0 0 0 0 0 0 0 0 0 0 0 0 0 0 0 0 0 0 0 0 0 0 0 0 0 0 0 0 0 0 0 0 0 0 0 0 0 0 0 0 0 0 0 0 0 0 0 0 0 0 0 0 0 0 0 0 0 0 0 0 0 0 0 0 0 0 0 0 0 0 0 0 0 0 0 0 0 0 0 0 0 0 0 0 0 0 0 0 0 0 0 0 0 0 0 0 0 0 0 0 0 0 0 0 0 0 0 0 0 0 0 0 0 0 0 0 0 0 0 0 0 0 0 0 0 0 0 0 0 0 0 0 0 0 0 0 0 0 0 0 0 0 0 0 0 0 0 0 0 0 0 0 0 0 0 0 0 0 0 0 0 0 0 0 0 0 0 0 0 0 0 0 0 0 0 0 0 0 0 0 0 0 0 0 0 0 0 0 0 0 0 0 0 0 0 0 0 0 0 0 0 0 0 0 0 0 0 0 0 0 0 0 0 0 0 0 0 0 0 0 0 0 0 0 0 0 0 0 0 0 0 0 0 0 0 0 0 0 0 0 0 0 0 0 0 0 0 0 0 0 0 0 0 0 0 0 0 0 0 0 0 0 0 0 0 0 0 0 0 0 0 0 0 0 0 0 0 0 0 0 0 0 0 0 0 0 0 0 0 0 0 0 0 0 0 0 0 0 0 0 0 0 0 0 0 0 0 0 0 0 0 0 0 0 0 0 0 0 0 0 0 0 0 0 0 0 0 0 0 0 0 0 0 0 0 0 0 0 0 0 0 0 0 0 0 0 0 0 0 0 0 0 0 0 0 0 0 0 0 0 0 0 0 0 0 0 0 0 0 0 0 0 0 0 0 0 0 0 0 0 0 0 0 0 0 0 0 0 0 0 0 0 0 0 0 0 0 0 0 0 0 0 0 0 0 0 0 0 0 0 0 0 0 0 0 0 0 0 0 0 0 0 0 0 0 0 0 0 0 0 0 0 0 0 0 0 0 0 0 0 0 0 0 0 0 0 0 0 0 0 0 0 0 0 0 0 0 0 0 0 0 0 0 0 0 0 0 0 0 0 0 0 0 0 0 0 0 0 0 0 0 0 0 0 0 0 0 0 0 0 0 0 0 0 0 0 0 0 0 0 0 0 0 0 0 0 0 0 0 0 0 0 0 0 0 0 0 0 0 0 0 0 0 0 0 0 0 0 0 0 0 0 0 0 0 0 0 0 0 0 0 0 0 0 0 0 0 0 0 0 0 0 0 0 0 0 0 0 0 0 0 0 0 0 0 0 0 0 0 0 0 0 0 0 0 0 0 0 0 0 0 0 0 0 0 0 0 0 0 0 0 0 0 0 0 0 0 0 0 0 0 0 0 0 0 0 0 0 0 0 0 0 0 0 0 0 0 0 0 0 0 0 0 0 0 0 0 0 0 0 0 0 0 0 0 0 0 0 0 0 0 0 0 0 0 0 0 0 0 0 0 0 0 0 0 0 0 0 0 0 0 0 0 0 0 0 0 0 0 0 0 0 0 0 0 0 0 0 0 0 0 0 0 0 0 0 0 0 0 0 0 0 0 0 0 0 0 0 0 0 0 0 0 0 0 0 0 0 0 0 0 0 0 0 0 0 0 0 0 0 0 0 0 0 0 0 0 0 0 0 0 0 0 0 0 0 0 0 0 0 0 0 0 0 0 0 0 0 0 0 0 0 0 0 0 0 0 0 0 0 0 0 0 0 0 0 0 0 0 0 0 0 0 0 0 0 0 0 0 0 0 0 0 0 0 0 0 0 0 0 0 0 0 0 0 0 0 0 0 0 0 0 0 0 0 0 0 0 0 0 0 0 0 0 0 0 0 0 0 0 0 0 0 0 0 0 0 0 0 0 0 0 0 0 0 0 0 0 0 0 0 0 0 0 0 0 0 0 0 0 0 0 0 0 0 0 0 0 0 0 0 0 0 0 0 0 0 0 0 0 0 0 0 0 0 0 0 0 0 0 0 0 0 0 0 0 0 0 0 0 0 0 0 0 0 0 0 0 0 0 0 0 0 0 0 0 0 0 0 0 0 0 0 0 0 0 0 0 0 0 0 0 0 0 0 0 0 0 0 0 0 0 0 0 0 0 0 0 0 0 0 0 0 0 0 0 0 0 0 0 0 0 0 0 0 0 0 0 0 0 0 0 0 0 0 0 0 0 0 0 0 0 0 0 0 0 0 0 0 0 0 0 0 0 0 0 0 0 0 0 0 0 0 0 0 0 0 0 0 0 0 0 0 0 0 0 0 0 0 0 0 0 0 0 0 0 0 0 0 0 0 0 0 0 0 0 0 0 0 0 0 0 0 0 0 0 0 0 0 0 0 0 0 0 0 0 0 0 0 0 0 0 0 0 0 0 0 0 0 0 0 0 0 0 0 0 0 0 0 0 0 0 0 0 0 0 0 0 0 0 0 0 0 0 0 0 0 0 0 0 0 0 0 0 0 0 0 0 0 0 0 0 0 0 0 0 0 0 0 0 0 0 0 0 0 0 0 0 0 0 0 0 0 0 0 0 0 0 0 0 0 0 0 0 0 0 0 0 0 0 0 0 0 0 0 0 0 0 0 0 0 0 0 0 0 0 0 0 0 0 0 0 0 0 0 0 0 0 0 0 0 0 0 0 0 0 0 0 0 0 0 0 0 0 0 0 0 0 0 0 0 0 0 0 0 0 0 0 0 0 0 0 0 0 0 0 0 0 0 0 0 0 0 0 0 0 0 0 0 0 0 0 0 0 0 0 0 0 0 0 0 0 0 0 0 0 0 0 0 0 0 0 0 0 0 0 0 0 0 0 0 0 0 0 0 0 0 0 0 0 0 0 0 0 0 0 0 0 0 0 0 0 0 0 0 0 0 0 0 0 0 0 0 0 0 0 0 0 0 0 0 0 0 0 0 0 0 0 0 0 0 0 0 0 0 0 0 0 0 0 0 0 0 0 0 0 0 0 0 0 0 0 0 0 0 0 0 0 0 0 0 0 0 0 0 0 0 0 0 0 0 0 0 0 0 0 0 0 0 0 0 0 0 0 0 0 0 0 0 0 0 0 0 0 0 0 0 0 0 0 0 0 0 0 0 0 0 0 0 0 0 0 0 0 0 0 0 0 0 0 0 0 0 0 0 0 0 0 0 0 0 0 0 0 0 0 0 0 0 0 0 0 0 0 0 0 0 0 0 0 0 0 0 0 0 0 0 0 0 0 0 0 0 0 0 0 0 0 0 0 0 0 0 0 0 0 0 0 0 0 0 0 0 0 0 0 0 0 0 0 0 0 0 0 0 0 0 0 0 0 0 0 0 0 0 0 0 0 0 0 0 0 0 0 0 0 0 0 0 0 0 0 0 0 0 0 0 0 0 0 0 0 0 0 0 0 0 0 0 0 0 0 0 0 0 0 0 0 0 0 0 0 0 0 0 0 0 0 0 0 0 0 0 0 0 0 0 0 0 0 0 0 0 0 0 0 0 0 0 0 0 0 0 0 0 0 0 0 0 0 0 0 0 0 0 0 0 0 0 0 0 0 0 0 0 0 0 0 0 0 0 0 0 0 0 0 0 0 0 0 0 0 0 0 0 0 0 0 0 0 0 0 0 0 0 0 0 0 0 0 0 0 0 0 0 0 0 0 0 0 0 0 0 0 0 0 0 0 0 0 0 0 0 0 0 0 0 0 0 0 0 0 0 0 0 0 0 0 0 0 0 0 0 0 0 0 0 0 0 0 0 0 0 0 0 0 0 0 0 0 0 0 0 0 0 0 0 0 0 0 0 0 0 0 0 0 0 0 0 0 0 0 0 0 0 0 0 0 0 0 0 0 0 0 0 0 0 0 0 0 0 0 0 0 0 0 0 0 0 0 0 0 0 0 0 0 0 0 0 0 0 0 0 0 0 0 0 0 0 0 0 0 0 0 0 0 0 0 0 0 0 0 0 0 0 0 0 0 0 0 0 0 0 0 0 0 0 0 0 0 0 0 0 0 0 0 0 0 0 0 0 0 0 0 0 0 0 0 0 0 0 0 0 0 0 0 0 0 0 0 0 0 0 0 0 0 0 0 0 0 0 0 0 0 0 0 0 0 0 0 0 0 0 0 0 0 0 0 0 0 0 0 0 0 0 0 0 0 0 0 0 0 0 0 0 0 0 0 0 0 0 0 0 0 0 0 0 0 0 0 0 0 0 0 0 0 0 0 0 0 0 0 0 0 0 0 0 0 0 0 0 0 0 0 0 0 0 0 0 0 0 0 0 0 0 0 0 0 0 0 0 0 0 0 0 0 0 0 0 0 0 0 0 0 0 0 0 0 0 0 0 0 0 0 0 0 0 0 0 0 0 0 0 0 0 0 0 0 0 0 0 0 0 0 0 0 0 0 0 0 0 0 0 0 0 0 0 0 0 0 0 0 0 0 0 0 0 0 0 0 0 0 0 0 0 0 0 0 0 0 0 0 0 0 0 0 0 0 0 0 0 0 0 0 0 0 0 0 0 0 0 0 0 0 0 0 0 0 0 0 0 0 0 0 0 0 0 0 0 0 0 0 0 0 0 0 0 0 0 0 0 0 0 0 0 0 0 0 0 0 0 0 0 0 0 0 0 0 0 0 0 0 0 0 0 0 0 0 0 0 0 0 0 0 0 0 0 0 0 0 0 0 0 0 0 0 0 0 0 0 0 0 0 0 0 0 0 0 0 0 0 0 0 0 0 0 0 0 0 0 0 0 0 0 0 0 0 0 0 0 0 0 0 0 0 0 0 0 0 0 0 0 0 0 0 0 0 0 0 0 0 0 0 0 0 0 0 0 0 0 0 0 0 0 0 0 0 0 0 0 0 0 0 0 0 0 0 0 0 0 0 0 0 0 0 0 0 0 0 0 0 0 0 0 0 0 0 0 0 0 0 0 0 0 0 0 0 0 0 0 0 0 0 0 0 0 0 0 0 0 0 0 0 0 0 0 0 0 0 0 0 0 0 0 0 0 0 0 0 0 0 0 0 0 0 0 0 0 0 0 0 0 0 0 0 0 0 0 0 0 0 0 0 0 0 0 0 0 0 0 0 0 0 0 0 0 0 0 0 0 0 0 0 0 0 0 0 0 0 0 0 0 0 0 0 0 0 0 0 0 0 0 0 0 0 0 0 0 0 0 0 0 0 0 0 0 0 0 0 0 0 0 0 0 0 0 0 0 0 0 0 0 0 0 0 0 0 0 0 0 0 0 0 0 0 0 0 0 0 0 0 0 0 0 0 0 0 0 0 0 0 0 0 0 0 0 0 0 0 0 0 0 0 0 0 0 0 0 0 0 0 0 0 0 0 0 0 0 0 0 0 0 0 0 0 0 0 0 0 0 0 0 0 0 0 0 0 0 0 0 0 0 0 0 0 0 0 0 0 0 0 0 0 0 0 0 0 0 0 0 0 0 0 0 0 0 0 0 0 0 0 0 0 0 0 0 0 0 0 0 0 0 0 0 0 0 0 0 0 0 0 0 0 0 0 0 0 0 0 0 0 0 0 0 0 0 0 0 0 0 0 0 0 0 0 0 0 0 0 0 0 0 0 0 0 0 0 0 0 0 0 0 0 0 0 0 0 0 0 0 0 0 0 0 0 0 0 0 0 0 0 0 0 0 0 0 0 0 0 0 0 0 0 0 0 0 0 0 0 0 0 0 0 0 0 0 0 0 0 0 0 0 0 0 0 0 0 0 0 0 0 0 0 0 0 0 0 0 0 0 0 0 0 0 0 0 0 0 0 0 0 0 0 0 0 0 0 0 0 0 0 0 0 0 0 0 0 0 0 0 0 0 0 0 0 0 0 0 0 0 0 0 0 0 0 0 0 0 0 0 0 0 0 0 0 0 0 0 0 0 0 0 0 0 0 0 0 0 0 0 0 0 0 0 0 0 0 0 0 0 0 0 0 0 0 0 0 0 0 0 0 0 0 0 0 0 0 0 0 0 0 0 0 0 0 0 0 0 0 0 0 0 0 0 0 0 0 0 0 0 0 0 0 0 0 0 0 0 0 0 0 0 0 0 0 0 0 0 0 0 0 0 0 0 0 0 0 0 0 0 0 0 0 0 0 0 0 0 0 0 0 0 0 0 0 0 0 0 0 0 0 0 0 0 0 0 0 0 0 0 0 0 0 0 0 0 0 0 0 0 0 0 0 0 0 0 0 0 0 0 0 0 0 0 0 0 0 0 0 0 0 0 0 0 0 0 0 0 0 0 0 0 0 0 0 0 0 0 0 0 0 0 0 0 0 0 0 0 0 0 0 0 0 0 0 0 0 0 0 0 0 0 0 0 0 0 0 0 0 0 0 0 0 0 0 0 0 0 0 0 0 0 0 0 0 0 0 0 0 0 0 0 0 0 0 0 0 0 0 0 0 0 0 0 0 0 0 0 0 0 0 0 0 0 0 0 0 0 0 0 0 0 0 0 0 0 0 0 0 0 0 0 0 0 0 0 0 0 0 0 0 0 0 0 0 0 0 0 0 0 0 0 0 0 0 0 0 0 0 0 0 0 0 0 0 0 0 0 0 0 0 0 0 0 0 0 0 0 0 0 0 0 0 0 0 0 0 0 0 0 0 0 0 0 0 0 0 0 0 0 0 0 0 0 0 0 0 0 0 0 0 0 0 0 0 0 0 0 0 0 0 0 0 0 0 0 0 0 0 0 0 0 0 0 0 0 0 0 0 0 0 0 0 0 0 0 0 0 0 0 0 0 0 0 0 0 0 0 0 0 0 0 0 0 0 0 0 0 0 0 0 0 0 0 0 0 0 0 0 0 0 0 0 0 0 0 0 0 0 0 0 0 0 0 0 0 0 0 0 0 0 0 0 0 0 0 0 0 0 0 0 0 0 0 0 0 0 0 0 0 0 0 0 0 0 0 0 0 0 0 0 0 0 0 0 0 0 0 0 0 0 0 0 0 0 0 0 0 0 0 0 0 0 0 0 0 0 0 0 0 0 0 0 0 0 0 0 0 0 0 0 0 0 0 0 0 0 0 0 0 0 0 0 0 0 0 0 0 0 0 0 0 0 0 0 0 0 0 0 0 0 0 0 0 0 0 0 0 0 0 0 0 0 0 0 0 0 0 0 0 0 0 0 0 0 0 0 0 0 0 0 0 0 0 0 0 0 0 0 0 0 0 0 0 0 0 0 0 0 0 0 0 0 0 0 0 0 0 0 0 0 0 0 0 0 0 0 0 0 0 0 0 0 0 0 0 0 0 0 0 0 0 0 0 0 0 0 0 0 0 0 0 0 0 0 0 0 0 0 0 0 0 0 0 0 0 0 0 0 0 0 0 0 0 0 0 0 0 0 0 0 0 0 0 0 0 0 0 0 0 0 0 0 0 0 0 0 0 0 0 0 0 0 0 0 0 0 0 0 0 0 0 0 0 0 0 0 0 0 0 0 0 0
ctxt 2755814
btime 1613122782
processes 67561
procs_running 1
procs_blocked 0
softirq 28458519 1 16628167 1090 565382 0 0 169 1026804 0 10236906
