cpu  553 8 8691 6787811 91 0 42 0 0 0
cpu0 2 0 559 52458 0 0 14 0 0 0
cpu1 1 0 54 53076 0 0 20 0 0 0
cpu2 3 0 56 53056 1 0 0 0 0 0
cpu3 4 0 68 53055 0 0 0 0 0 0
cpu4 3 0 85 53025 8 0 0 0 0 0
cpu5 2 0 49 53072 0 0 0 0 0 0
cpu6 0 0 57 53067 0 0 0 0 0 0
cpu7 0 0 67 53055 0 0 0 0 0 0
cpu8 1 0 74 53048 0 0 0 0 0 0
cpu9 0 0 58 53064 0 0 0 0 0 0
cpu10 0 0 55 53068 0 0 0 0 0 0
cpu11 1 0 70 53054 0 0 0 0 0 0
cpu12 4 0 109 53000 0 0 0 0 0 0
cpu13 3 0 55 53065 0 0 0 0 0 0
cpu14 0 0 56 53068 0 0 0 0 0 0
cpu15 3 0 67 53053 0 0 0 0 0 0
cpu16 5 0 70 53045 0 0 0 0 0 0
cpu17 0 0 55 53066 0 0 0 0 0 0
cpu18 1 0 56 53069 0 0 0 0 0 0
cpu19 1 0 51 53069 0 0 0 0 0 0
cpu20 5 5 85 53022 0 0 0 0 0 0
cpu21 2 0 58 53058 0 0 0 0 0 0
cpu22 6 0 52 53065 0 0 0 0 0 0
cpu23 2 0 70 53047 0 0 0 0 0 0
cpu24 11 0 81 53022 1 0 0 0 0 0
cpu25 1 0 53 53065 0 0 0 0 0 0
cpu26 4 0 56 53057 0 0 0 0 0 0
cpu27 3 0 64 53051 0 0 0 0 0 0
cpu28 6 0 98 53016 0 0 0 0 0 0
cpu29 1 0 51 53066 0 0 0 0 0 0
cpu30 2 0 53 53063 0 0 0 0 0 0
cpu31 1 0 63 53050 0 0 0 0 0 0
cpu32 4 0 60 53038 0 0 0 0 0 0
cpu33 0 0 54 53063 0 0 0 0 0 0
cpu34 2 0 54 53058 0 0 0 0 0 0
cpu35 1 0 63 53051 0 0 0 0 0 0
cpu36 6 0 59 53045 0 0 0 0 0 0
cpu37 1 0 56 53057 0 0 0 0 0 0
cpu38 2 0 63 53047 0 0 0 0 0 0
cpu39 3 0 63 53047 0 0 0 0 0 0
cpu40 4 0 66 53038 1 0 0 0 0 0
cpu41 1 0 54 53056 0 0 0 0 0 0
cpu42 5 0 54 53052 0 0 0 0 0 0
cpu43 4 0 63 53044 0 0 0 0 0 0
cpu44 6 0 60 53042 1 0 0 0 0 0
cpu45 1 0 53 53059 0 0 0 0 0 0
cpu46 4 0 66 53040 2 0 0 0 0 0
cpu47 2 0 65 53042 0 0 0 0 0 0
cpu48 26 0 109 53007 0 0 0 0 0 0
cpu49 30 0 52 53026 0 0 0 0 0 0
cpu50 2 0 58 53049 2 0 0 0 0 0
cpu51 1 0 55 53054 0 0 0 0 0 0
cpu52 2 0 56 53048 0 0 0 0 0 0
cpu53 3 0 53 53051 0 0 0 0 0 0
cpu54 1 0 55 53049 1 0 0 0 0 0
cpu55 3 0 55 53048 0 0 0 0 0 0
cpu56 3 0 74 53006 1 0 4 0 0 0
cpu57 4 0 50 53046 0 0 0 0 0 0
cpu58 23 0 57 53028 0 0 0 0 0 0
cpu59 3 0 63 53041 0 0 0 0 0 0
cpu60 8 0 71 53028 0 0 0 0 0 0
cpu61 0 0 50 53050 0 0 0 0 0 0
cpu62 5 0 63 53033 0 0 0 0 0 0
cpu63 4 0 61 53043 0 0 0 0 0 0
cpu64 4 0 64 53037 1 0 0 0 0 0
cpu65 2 0 56 53044 0 0 0 0 0 0
cpu66 2 0 53 53046 1 0 0 0 0 0
cpu67 3 0 63 53037 0 0 0 0 0 0
cpu68 6 0 68 53022 1 0 0 0 0 0
cpu69 0 0 59 53042 0 0 0 0 0 0
cpu70 2 0 62 53038 0 0 0 0 0 0
cpu71 1 0 64 53037 0 0 0 0 0 0
cpu72 7 0 69 53021 0 0 0 0 0 0
cpu73 2 0 52 53039 1 0 0 0 0 0
cpu74 2 0 62 53033 0 0 0 0 0 0
cpu75 2 0 69 53028 1 0 0 0 0 0
cpu76 7 0 88 52993 8 0 0 0 0 0
cpu77 5 0 53 53041 0 0 0 0 0 0
cpu78 1 0 60 53032 0 0 0 0 0 0
cpu79 2 0 66 53028 0 0 0 0 0 0
cpu80 3 0 65 53029 0 0 0 0 0 0
cpu81 2 0 65 53031 0 0 0 0 0 0
cpu82 2 0 60 53015 0 0 0 0 0 0
cpu83 17 0 66 53011 1 0 0 0 0 0
cpu84 1 0 71 53021 0 0 0 0 0 0
cpu85 2 0 82 53005 2 0 0 0 0 0
cpu86 4 0 59 53030 0 0 0 0 0 0
cpu87 2 0 68 53023 0 0 0 0 0 0
cpu88 4 0 66 53022 0 0 0 0 0 0
cpu89 4 0 60 53030 0 0 0 0 0 0
cpu90 21 0 70 52990 8 0 0 0 0 0
cpu91 1 0 69 53024 0 0 0 0 0 0
cpu92 12 0 74 53002 1 0 0 0 0 0
cpu93 2 0 58 53034 0 0 0 0 0 0
cpu94 6 0 76 53003 0 0 0 0 0 0
cpu95 9 0 83 52996 1 0 0 0 0 0
cpu96 2 0 66 53020 1 0 0 0 0 0
cpu97 2 0 60 53026 0 0 0 0 0 0
cpu98 4 0 64 53021 0 0 0 0 0 0
cpu99 6 0 68 53013 0 0 0 0 0 0
cpu100 9 0 66 52996 1 0 0 0 0 0
cpu101 2 0 52 53036 0 0 0 0 0 0
cpu102 3 0 75 53008 0 0 0 0 0 0
cpu103 4 0 62 53023 0 0 0 0 0 0
cpu104 1 0 68 53017 0 0 0 0 0 0
cpu105 2 0 57 53029 0 0 0 0 0 0
cpu106 2 0 60 53027 0 0 0 0 0 0
cpu107 1 0 60 53021 0 0 0 0 0 0
cpu108 7 0 56 53017 1 0 0 0 0 0
cpu109 1 0 72 53013 0 0 0 0 0 0
cpu110 2 0 61 53018 0 0 0 0 0 0
cpu111 2 0 67 53015 0 0 0 0 0 0
cpu112 2 0 65 53015 0 0 0 0 0 0
cpu113 0 0 62 53023 0 0 0 0 0 0
cpu114 0 0 53 53028 1 0 0 0 0 0
cpu115 2 0 68 53014 0 0 0 0 0 0
cpu116 5 0 69 53003 0 0 0 0 0 0
cpu117 4 0 62 53018 0 0 0 0 0 0
cpu118 3 0 69 53005 1 0 0 0 0 0
cpu119 1 0 54 53022 0 0 0 0 0 0
cpu120 2 0 76 53001 0 0 0 0 0 0
cpu121 5 0 56 53021 0 0 0 0 0 0
cpu122 7 0 64 53008 3 0 0 0 0 0
cpu123 3 0 69 53004 0 0 0 0 0 0
cpu124 4 0 66 53008 1 0 0 0 0 0
cpu125 4 0 52 53022 0 0 0 0 0 0
cpu126 24 0 73 52974 0 0 0 0 0 0
cpu127 2 0 76 52998 1 0 0 0 0 0
intr 935303 130 0 0 0 681 0 0 0 1 0 285 0 0 0 0 0 0 0 0 0 0 0 0 0 0 0 0 0 0 0 0 0 0 0 0 260 0 3 1 0 0 32 0 1 0 2 0 0 0 0 0 0 0 0 0 0 0 7 0 0 0 1 0 1 0 1 0 0 0 6 0 0 0 0 0 0 0 137 2 0 0 76 0 8 0 0 52 0 0 0 0 50 0 13779 0 1 0 0 40 12 0 0 0 0 0 0 0 0 0 0 0 0 0 0 0 0 0 0 0 0 0 0 0 0 0 0 0 0 0 1 0 12 0 1 0 0 0 1 6 0 0 4 0 0 0 0 0 0 0 0 0 0 0 0 0 0 0 0 0 0 0 0 0 0 0 0 157 193 173 102 889 61 550 25 48 0 5 56 54 71 17 57 2 74 292 5 54 24 1 18 90 1 2 46 5 0 170 9 0 0 0 0 0 0 0 0 0 0 0 0 0 0 0 0 0 0 0 6 0 0 0 20 0 20 2 5 10 0 8 2 5 83 8 78 13 6 13 184 16 1 5 4 51 89 8 6 4 5 3 1 0 4 9 61 5 9 8 75 128 74 6 2 0 10 1 4 7 1 0 0 2 6 7 15 4 1 0 18 46 0 0 0 0 0 0 0 0 0 0 0 0 0 0 0 0 0 0 0 0 0 0 0 0 0 0 0 0 0 0 0 0 0 0 0 0 0 0 0 0 0 0 0 0 0 0 0 0 0 0 0 0 0 0 0 0 0 0 0 0 0 0 0 0 0 0 0 0 0 0 0 0 0 0 0 0 0 0 0 0 0 0 0 0 0 0 0 0 0 0 0 0 0 0 0 0 0 0 0 0 0 0 0 0 0 0 0 0 0 0 0 0 0 0 0 0 0 0 0 0 0 0 0 0 0 0 0 0 0 0 0 0 0 0 0 0 0 0 0 0 0 0 0 0 0 0 0 0 0 0 0 0 0 0 0 0 0 0 0 0 0 0 0 0 0 0 0 0 0 0 0 0 0 0 0 0 0 0 0 0 0 0 0 0 0 0 0 0 0 0 0 0 0 0 0 0 0 0 0 0 0 0 0 0 0 0 0 0 0 0 0 0 0 0 0 0 0 0 0 0 0 0 0 0 0 0 0 0 0 0 0 0 0 0 0 0 0 0 0 0 0 0 0 0 0 0 0 0 0 0 0 0 0 0 0 0 0 0 0 0 0 0 0 0 0 0 0 0 0 0 0 0 0 0 0 0 0 0 0 0 0 0 0 0 0 0 0 0 0 0 0 0 0 0 0 0 0 0 0 0 0 0 0 0 0 0 0 0 0 0 0 0 0 0 0 0 0 0 0 0 0 0 0 0 0 0 0 0 0 0 0 0 0 0 0 0 0 0 0 0 0 0 0 0 0 0 0 0 0 0 0 0 0 0 0 0 0 0 0 0 0 0 0 0 0 0 0 0 0 0 0 0 0 0 0 0 0 0 0 0 0 0 0 0 0 0 0 0 0 0 0 0 0 0 0 0 0 0 0 0 0 0 0 0 0 0 0 0 0 0 0 0 0 0 0 0 0 0 0 0 0 0 0 3 0 0 0 0 0 0 0 0 0 0 0 0 0 0 0 0 0 0 0 0 0 0 0 21 1 0 0 27 0 0 0 0 0 0 0 0 0 0 0 0 0 0 0 0 0 0 0 0 0 0 0 0 0 0 0 0 0 0 0 49 0 0 0 0 0 0 0 0 0 0 0 0 0 0 0 0 0 0 0 0 0 0 0 0 0 0 0 0 0 0 0 0 0 19 0 0 0 0 0 0 0 0 0 0 0 0 0 0 0 0 0 0 0 0 0 0 0 0 0 0 0 0 0 0 0 0 0 0 0 0 0 0 0 0 0 0 0 0 0 0 0 0 0 0 0 0 0 0 0 0 0 0 0 0 0 0 0 0 0 0 0 0 0 0 0 0 0 0 0 0 0 0 0 0 0 0 0 0 0 0 0 0 0 0 0 0 0 0 0 0 0 0 0 0 0 0 0 0 0 0 0 0 0 0 0 0 0 0 0 0 0 0 0 0 0 0 0 0 0 0 0 0 0 0 0 0 0 0 0 0 0 0 0 0 0 0 0 0 0 0 0 0 0 0 0 0 0 0 0 0 0 0 0 0 0 0 0 0 0 0 0 0 0 0 0 0 0 0 0 0 0 0 0 0 0 0 0 0 0 0 0 0 0 0 0 0 0 0 0 0 0 0 0 0 0 0 0 0 0 0 0 0 0 0 0 0 0 0 0 0 0 0 0 0 0 0 0 0 0 0 0 0 0 0 0 0 0 0 0 0 0 0 0 0 0 0 0 0 0 0 0 0 0 0 0 0 0 0 0 0 0 0 0 0 0 0 0 0 0 0 0 0 0 0 0 0 0 0 0 0 0 0 0 0 0 0 0 0 0 0 0 0 0 0 0 0 0 0 0 0 0 0 0 0 0 0 0 0 0 0 0 0 0 0 0 0 0 0 0 0 0 0 0 0 0 0 0 0 0 0 0 0 0 0 0 0 0 0 0 0 0 0 0 0 0 0 0 0 0 0 0 0 0 0 0 0 0 0 0 0 0 0 0 0 0 0 0 0 0 0 0 0 0 0 0 0 0 0 0 0 0 0 0 0 0 0 0 0 0 0 0 0 0 0 0 0 0 0 0 0 0 0 0 0 0 0 0 0 0 0 0 0 0 0 0 0 0 0 0 0 0 0 0 0 0 0 0 0 0 0 0 0 0 0 0 0 0 0 0 0 0 0 0 0 0 0 0 0 0 0 0 0 0 0 0 0 0 0 0 0 0 0 0 0 0 0 0 0 0 0 0 0 0 0 0 0 0 0 0 0 0 0 0 0 0 0 0 0 0 0 0 0 0 0 0 0 0 0 0 0 0 0 0 0 0 0 0 0 0 0 0 0 0 0 0 0 0 0 0 0 0 0 0 0 0 0 0 0 0 0 0 0 0 0 0 0 0 0 0 0 0 0 0 0 0 0 0 0 0 0 0 0 0 0 0 0 0 0 0 0 0 0 0 0 0 0 0 0 0 0 0 0 0 0 0 0 0 0 0 0 0 0 0 0 0 0 0 0 0 0 0 0 0 0 0 0 0 0 0 0 0 0 0 0 0 0 0 0 0 0 0 0 0 0 0 0 0 0 0 0 0 0 0 0 0 0 0 0 0 0 0 0 0 0 0 0 0 0 0 0 0 0 0 0 0 0 0 0 0 0 0 0 0 0 0 0 0 0 0 0 0 0 0 0 0 0 0 0 0 0 0 0 0 0 0 0 0 0 0 0 0 0 0 0 0 0 0 0 0 0 0 0 0 0 0 0 0 0 0 0 0 0 0 0 0 0 0 0 0 0 0 0 0 0 0 0 0 0 0 0 0 0 0 0 0 0 0 0 0 0 0 0 0 0 0 0 0 0 0 0 0 0 0 0 0 0 0 0 0 0 0 0 0 0 0 0 0 0 0 0 0 0 0 0 0 0 0 0 0 0 0 0 0 0 0 0 0 0 0 0 0 0 0 0 0 0 0 0 0 0 0 0 0 0 0 0 0 0 0 0 0 0 0 0 0 0 0 0 0 0 0 0 0 0 0 0 0 0 0 0 0 0 0 0 0 0 0 0 0 0 0 0 0 0 0 0 0 0 0 0 0 0 0 0 0 0 0 0 0 0 0 0 0 0 0 0 0 0 0 0 0 0 0 0 0 0 0 0 0 0 0 0 0 0 0 0 0 0 0 0 0 0 0 0 0 0 0 0 0 0 0 0 0 0 0 0 0 0 0 0 0 0 0 0 0 0 0 0 0 0 0 0 0 0 0 0 0 0 0 0 0 0 0 0 0 0 0 0 0 0 0 0 0 0 0 0 0 0 0 0 0 0 0 0 0 0 0 0 0 0 0 0 0 0 0 0 0 0 0 0 0 0 0 0 0 0 0 0 0 0 0 0 0 0 0 0 0 0 0 0 0 0 0 0 0 0 0 0 0 0 0 0 0 0 0 0 0 0 0 0 0 0 0 0 0 0 0 0 0 0 0 0 0 0 0 0 0 0 0 0 0 0 0 0 0 0 0 0 0 0 0 0 0 0 0 0 0 0 0 0 0 0 0 0 0 0 0 0 0 0 0 0 0 0 0 0 0 0 0 0 0 0 0 0 0 0 0 0 0 0 0 0 0 0 0 0 0 0 0 0 0 0 0 0 0 0 0 0 0 0 0 0 0 0 0 0 0 0 0 0 0 0 0 0 0 0 0 0 0 0 0 0 0 0 0 0 0 0 0 0 0 0 0 0 0 0 0 0 0 0 0 0 0 0 0 0 0 0 0 0 0 0 0 0 0 0 0 0 0 0 0 0 0 0 0 0 0 0 0 0 0 0 0 0 0 0 0 0 0 0 0 0 0 0 0 0 0 0 0 0 0 0 0 0 0 0 0 0 0 0 0 0 0 0 0 0 0 0 0 0 0 0 0 0 0 0 0 0 0 0 0 0 0 0 0 0 0 0 0 0 0 0 0 0 0 0 0 0 0 0 0 0 0 0 0 0 0 0 0 0 0 0 0 0 0 0 0 0 0 0 0 0 0 0 0 0 0 0 0 0 0 0 0 0 0 0 0 0 0 0 0 0 0 0 0 0 0 0 0 0 0 0 0 0 0 0 0 0 0 0 0 0 0 0 0 0 0 0 0 0 0 0 0 0 0 0 0 0 0 0 0 0 0 0 0 0 0 0 0 0 0 0 0 0 0 0 0 0 0 0 0 0 0 0 0 0 0 0 0 0 0 0 0 0 0 0 0 0 0 0 0 0 0 0 0 0 0 0 0 0 0 0 0 0 0 0 0 0 0 0 0 0 0 0 0 0 0 0 0 0 0 0 0 0 0 0 0 0 0 0 0 0 0 0 0 0 0 0 0 0 0 0 0 0 0 0 0 0 0 0 0 0 0 0 0 0 0 0 0 0 0 0 0 0 0 0 0 0 0 0 0 0 0 0 0 0 0 0 0 0 0 0 0 0 0 0 0 0 0 0 0 0 0 0 0 0 0 0 0 0 0 0 0 0 0 0 0 0 0 0 0 0 0 0 0 0 0 0 0 0 0 0 0 0 0 0 0 0 0 0 0 0 0 0 0 0 0 0 0 0 0 0 0 0 0 0 0 0 0 0 0 0 0 0 0 0 0 0 0 0 0 0 0 0 0 0 0 0 0 0 0 0 0 0 0 0 0 0 0 0 0 0 0 0 0 0 0 0 0 0 0 0 0 0 0 0 0 0 0 0 0 0 0 0 0 0 0 0 0 0 0 0 0 0 0 0 0 0 0 0 0 0 0 0 0 0 0 0 0 0 0 0 0 0 0 0 0 0 0 0 0 0 0 0 0 0 0 0 0 0 0 0 0 0 0 0 0 0 0 0 0 0 0 0 0 0 0 0 0 0 0 0 0 0 0 0 0 0 0 0 0 0 0 0 0 0 0 0 0 0 0 0 0 0 0 0 0 0 0 0 0 0 0 0 0 0 0 0 0 0 0 0 0 0 0 0 0 0 0 0 0 0 0 0 0 0 0 0 0 0 0 0 0 0 0 0 0 0 0 0 0 0 0 0 0 0 0 0 0 0 0 0 0 0 0 0 0 0 0 0 0 0 0 0 0 0 0 0 0 0 0 0 0 0 0 0 0 0 0 0 0 0 0 0 0 0 0 0 0 0 0 0 0 0 0 0 0 0 0 0 0 0 0 0 0 0 0 0 0 0 0 0 0 0 0 0 0 0 0 0 0 0 0 0 0 0 0 0 0 0 0 0 0 0 0 0 0 0 0 0 0 0 0 0 0 0 0 0 0 0 0 0 0 0 0 0 0 0 0 0 0 0 0 0 0 0 0 0 0 0 0 0 0 0 0 0 0 0 0 0 0 0 0 0 0 0 0 0 0 0 0 0 0 0 0 0 0 0 0 0 0 0 0 0 0 0 0 0 0 0 0 0 0 0 0 0 0 0 0 0 0 0 0 0 0 0 0 0 0 0 0 0 0 0 0 0 0 0 0 0 0 0 0 0 0 0 0 0 0 0 0 0 0 0 0 0 0 0 0 0 0 0 0 0 0 0 0 0 0 0 0 0 0 0 0 0 0 0 0 0 0 0 0 0 0 0 0 0 0 0 0 0 0 0 0 0 0 0 0 0 0 0 0 0 0 0 0 0 0 0 0 0 0 0 0 0 0 0 0 0 0 0 0 0 0 0 0 0 0 0 0 0 0 0 0 0 0 0 0 0 0 0 0 0 0 0 0 0 0 0 0 0 0 0 0 0 0 0 0 0 0 0 0 0 0 0 0 0 0 0 0 0 0 0 0 0 0 0 0 0 0 0 0 0 0 0 0 0 0 0 0 0 0 0 0 0 0 0 0 0 0 0 0 0 0 0 0 0 0 0 0 0 0 0 0 0 0 0 0 0 0 0 0 0 0 0 0 0 0 0 0 0 0 0 0 0 0 0 0 0 0 0 0 0 0 0 0 0 0 0 0 0 0 0 0 0 0 0 0 0 0 0 0 0 0 0 0 0 0 0 0 0 0 0 0 0 0 0 0 0 0 0 0 0 0 0 0 0 0 0 0 0 0 0 0 0 0 0 0 0 0 0 0 0 0 0 0 0 0 0 0 0 0 0 0 0 0 0 0 0 0 0 0 0 0 0 0 0 0 0 0 0 0 0 0 0 0 0 0 0 0 0 0 0 0 0 0 0 0 0 0 0 0 0 0 0 0 0 0 0 0 0 0 0 0 0 0 0 0 0 0 0 0 0 0 0 0 0 0 0 0 0 0 0 0 0 0 0 0 0 0 0 0 0 0 0 0 0 0 0 0 0 0 0 0 0 0 0 0 0 0 0 0 0 0 0 0 0 0 0 0 0 0 0 0 0 0 0 0 0 0 0 0 0 0 0 0 0 0 0 0 0 0 0 0 0 0 0 0 0 0 0 0 0 0 0 0 0 0 0 0 0 0 0 0 0 0 0 0 0 0 0 0 0 0 0 0 0 0 0 0 0 0 0 0 0 0 0 0 0 0 0 0 0 0 0 0 0 0 0 0 0 0 0 0 0 0 0 0 0 0 0 0 0 0 0 0 0 0 0 0 0 0 0 0 0 0 0 0 0 0 0 0 0 0 0 0 0 0 0 0 0 0 0 0 0 0 0 0 0 0 0 0 0 0 0 0 0 0 0 0 0 0 0 0 0 0 0 0 0 0 0 0 0 0 0 0 0 0 0 0 0 0 0 0 0 0 0 0 0 0 0 0 0 0 0 0 0 0 0 0 0 0 0 0 0 0 0 0 0 0 0 0 0 0 0 0 0 0 0 0 0 0 0 0 0 0 0 0 0 0 0 0 0 0 0 0 0 0 0 0 0 0 0 0 0 0 0 0 0 0 0 0 0 0 0 0 0 0 0 0 0 0 0 0 0 0 0 0 0 0 0 0 0 0 0 0 0 0 0 0 0 0 0 0 0 0 0 0 0 0 0 0 0 0 0 0 0 0 0 0 0 0 0 0 0 0 0 0 0 0 0 0 0 0 0 0 0 0 0 0 0 0 0 0 0 0 0 0 0 0 0 0 0 0 0 0 0 0 0 0 0 0 0 0 0 0 0 0 0 0 0 0 0 0 0 0 0 0 0 0 0 0 0 0 0 0 0 0 0 0 0 0 0 0 0 0 0 0 0 0 0 0 0 0 0 0 0 0 0 0 0 0 0 0 0 0 0 0 0 0 0 0 0 0 0 0 0 0 0 0 0 0 0 0 0 0 0 0 0 0 0 0 0 0 0 0 0 0 0 0 0 0 0 0 0 0 0 0 0 0 0 0 0 0 0 0 0 0 0 0 0 0 0 0 0 0 0 0 0 0 0 0 0 0 0 0 0 0 0 0 0 0 0 0 0 0 0 0 0 0 0 0 0 0 0 0 0 0 0 0 0 0 0 0 0 0 0 0 0 0 0 0 0 0 0 0 0 0 0 0 0 0 0 0 0 0 0 0 0 0 0 0 0 0 0 0 0 0 0 0 0 0 0 0 0 0 0 0 0 0 0 0 0 0 0 0 0 0 0 0 0 0 0 0 0 0 0 0 0 0 0 0 0 0 0 0 0 0 0 0 0 0 0 0 0 0 0 0 0 0 0 0 0 0 0 0 0 0 0 0 0 0 0 0 0 0 0 0 0 0 0 0 0 0 0 0 0 0 0 0 0 0 0 0 0 0 0 0 0 0 0 0 0 0 0 0 0 0 0 0 0 0 0 0 0 0 0 0 0 0 0 0 0 0 0 0 0 0 0 0 0 0 0 0 0 0 0 0 0 0 0 0 0 0 0 0 0 0 0 0 0 0 0 0 0 0 0 0 0 0 0 0 0 0 0 0 0 0 0 0 0 0 0 0 0 0 0 0 0 0 0 0 0 0 0 0 0 0 0 0 0 0 0 0 0 0 0 0 0 0 0 0 0 0 0 0 0 0 0 0 0 0 0 0 0 0 0 0 0 0 0 0 0 0 0 0 0 0 0 0 0 0 0 0 0 0 0 0 0 0 0 0 0 0 0 0 0 0 0 0 0 0 0 0 0 0 0 0 0 0 0 0 0 0 0 0 0 0 0 0 0 0 0 0 0 0 0 0 0 0 0 0 0 0 0 0 0 0 0 0 0 0 0 0 0 0 0 0 0 0 0 0 0 0 0 0 0 0 0 0 0 0 0 0 0 0 0 0 0 0 0 0 0 0 0 0 0 0 0 0 0 0 0 0 0 0 0 0 0 0 0 0 0 0 0 0 0 0 0 0 0 0 0 0 0 0 0 0 0 0 0 0 0 0 0 0 0 0 0 0 0 0 0 0 0 0 0 0 0 0 0 0 0 0 0 0 0 0 0 0 0 0 0 0 0 0 0 0 0 0 0 0 0 0 0 0 0 0 0 0 0 0 0 0 0 0 0 0 0 0 0 0 0 0 0 0 0 0 0 0 0 0 0 0 0 0 0 0 0 0 0 0 0 0 0 0 0 0 0 0 0 0 0 0 0 0 0 0 0 0 0 0 0 0 0 0 0 0 0 0 0 0 0 0 0 0 0 0 0 0 0 0 0 0 0 0 0 0 0 0 0 0 0 0 0 0 0 0 0 0 0 0 0 0 0 0 0 0 0 0 0 0 0 0 0 0 0 0 0 0 0 0 0 0 0 0 0 0 0 0 0 0 0 0 0 0 0 0 0 0 0 0 0 0 0 0 0 0 0 0 0 0 0 0 0 0 0 0 0 0 0 0 0 0 0 0 0 0 0 0 0 0 0 0 0 0 0 0 0 0 0 0 0 0 0 0 0 0 0 0 0 0 0 0 0 0 0 0 0 0 0 0 0 0 0 0 0 0 0 0 0 0 0 0 0 0 0 0 0 0 0 0 0 0 0 0 0 0 0 0 0 0 0 0 0 0 0 0 0 0 0 0 0 0 0 0 0 0 0 0 0 0 0 0 0 0 0 0 0 0 0 0 0 0 0 0 0 0 0 0 0 0 0 0 0 0 0 0 0 0 0 0 0 0 0 0 0 0 0 0 0 0 0 0 0 0 0 0 0 0 0 0 0 0 0 0 0 0 0 0 0 0 0 0 0 0 0 0 0 0 0 0 0 0 0 0 0 0 0 0 0 0 0 0 0 0 0 0 0 0 0 0 0 0 0 0 0 0 0 0 0 0 0 0 0 0 0 0 0 0 0 0 0 0 0 0 0 0 0 0 0 0 0 0 0 0 0 0 0 0 0 0 0 0 0 0 0 0 0 0 0 0 0 0 0 0 0 0 0 0 0 0 0 0 0 0 0 0 0 0 0 0 0 0 0 0 0 0 0 0 0 0 0 0 0 0 0 0 0 0 0 0 0 0 0 0 0 0 0 0 0 0 0 0 0 0 0 0 0 0 0 0 0 0 0 0 0 0 0 0 0 0 0 0 0 0
ctxt 262421
btime 1613122782
processes 2214
procs_running 1
procs_blocked 0
softirq 433881 1 158323 123 14238 0 0 148 152105 0 108943
