cpu  14722776 7 16895 27866602 488 0 814 0 0 0
cpu0 114994 0 403 216979 0 0 140 0 0 0
cpu1 115078 0 71 217736 0 0 2 0 0 0
cpu2 115038 0 106 217735 0 0 0 0 0 0
cpu3 114542 0 414 217878 7 0 22 0 0 0
cpu4 115014 0 139 217752 0 0 3 0 0 0
cpu5 115065 0 60 217764 0 0 16 0 0 0
cpu6 115023 0 114 217724 0 0 9 0 0 0
cpu7 114679 0 426 217735 0 0 36 0 0 0
cpu8 115038 0 102 217757 0 0 4 0 0 0
cpu9 115084 0 58 217761 0 0 0 0 0 0
cpu10 115235 0 87 217576 0 0 0 0 0 0
cpu11 114960 0 196 217735 0 0 6 0 0 0
cpu12 114804 0 182 217887 0 0 10 0 0 0
cpu13 115080 0 58 217761 0 0 0 0 0 0
cpu14 115094 0 66 217734 0 0 3 0 0 0
cpu15 114990 0 218 217667 0 0 19 0 0 0
cpu16 115019 0 130 217748 0 0 1 0 0 0
cpu17 115070 0 57 217767 0 0 0 0 0 0
cpu18 115114 0 71 217713 0 0 0 0 0 0
cpu19 115066 0 141 217678 2 0 6 0 0 0
cpu20 115033 0 124 217744 0 0 2 0 0 0
cpu21 115087 0 54 217762 0 0 0 0 0 0
cpu22 115085 0 55 217751 0 0 0 0 0 0
cpu23 115119 2 220 217545 0 0 8 0 0 0
cpu24 115024 0 156 217711 0 0 3 0 0 0
cpu25 115083 0 44 217769 0 0 0 0 0 0
cpu26 114783 0 176 217884 0 0 12 0 0 0
cpu27 114803 0 364 217641 0 0 38 0 0 0
cpu28 115052 0 226 217538 0 0 0 0 0 0
cpu29 115084 0 54 217745 0 0 0 0 0 0
cpu30 115008 0 128 217756 0 0 2 0 0 0
cpu31 115010 0 238 217618 1 0 8 0 0 0
cpu32 114831 0 127 217926 0 0 5 0 0 0
cpu33 115071 0 61 217685 0 0 21 0 0 0
cpu34 114983 0 142 217760 0 0 13 0 0 0
cpu35 115052 0 390 217406 2 0 31 0 0 0
cpu36 115002 0 145 217733 0 0 2 0 0 0
cpu37 115087 0 56 217744 0 0 0 0 0 0
cpu38 115069 0 68 217755 0 0 1 0 0 0
cpu39 115198 0 319 217364 6 0 1 0 0 0
cpu40 115063 0 110 217706 0 0 1 0 0 0
cpu41 115085 0 50 217757 1 0 0 0 0 0
cpu42 115048 0 87 217749 0 0 4 0 0 0
cpu43 115049 0 282 217503 28 0 9 0 0 0
cpu44 113018 0 376 219415 0 0 36 0 0 0
cpu45 115089 0 50 217746 0 0 0 0 0 0
cpu46 115114 0 63 217710 0 0 0 0 0 0
cpu47 114890 0 557 217338 2 0 49 0 0 0
cpu48 115048 0 95 217742 0 0 1 0 0 0
cpu49 115087 0 52 217739 0 0 0 0 0 0
cpu50 115100 0 72 217716 1 0 0 0 0 0
cpu51 115021 0 158 217691 2 0 2 0 0 0
cpu52 115065 0 75 217748 0 0 3 0 0 0
cpu53 115089 0 60 217728 2 0 0 0 0 0
cpu54 115082 0 62 217735 0 0 0 0 0 0
cpu55 114919 0 204 217741 5 0 7 0 0 0
cpu56 115086 0 59 217745 0 0 0 0 0 0
cpu57 115023 0 52 217802 0 0 0 0 0 0
cpu58 115073 0 66 217745 1 0 2 0 0 0
cpu59 114872 0 178 217732 77 0 8 0 0 0
cpu60 114921 0 222 217713 2 0 29 0 0 0
cpu61 115076 0 53 217754 0 0 0 0 0 0
cpu62 115039 0 81 217758 0 0 3 0 0 0
cpu63 115068 0 170 217627 0 0 6 0 0 0
cpu64 115049 0 85 217747 0 0 0 0 0 0
cpu65 115046 0 65 217767 0 0 0 0 0 0
cpu66 115026 0 106 217746 1 0 2 0 0 0
cpu67 115032 0 210 217530 88 0 3 0 0 0
cpu68 114747 0 182 217921 0 0 6 0 0 0
cpu69 115008 0 58 217807 1 0 0 0 0 0
cpu70 114943 0 182 217739 0 0 14 0 0 0
cpu71 115168 0 184 217485 31 0 3 0 0 0
cpu72 115060 0 85 217729 0 0 0 0 0 0
cpu73 114992 0 44 217839 0 0 0 0 0 0
cpu74 115137 0 69 217679 0 0 0 0 0 0
cpu75 114914 0 238 217683 2 0 14 0 0 0
cpu76 114848 0 93 217919 0 0 4 0 0 0
cpu77 115084 0 41 217751 0 0 0 0 0 0
cpu78 115089 0 52 217726 0 0 0 0 0 0
cpu79 115012 0 139 217693 2 0 3 0 0 0
cpu80 115044 0 96 217736 1 0 0 0 0 0
cpu81 115063 0 43 217759 0 0 0 0 0 0
cpu82 115014 0 57 217793 0 0 0 0 0 0
cpu83 115048 0 125 217688 1 0 6 0 0 0
cpu84 115039 0 105 217727 0 0 0 0 0 0
cpu85 115056 0 44 217768 0 0 0 0 0 0
cpu86 115134 0 59 217680 1 0 0 0 0 0
cpu87 115074 1 142 217637 4 0 7 0 0 0
cpu88 115066 0 74 217734 0 0 0 0 0 0
cpu89 115085 0 48 217740 0 0 0 0 0 0
cpu90 114727 0 180 217951 0 0 2 0 0 0
cpu91 114730 0 225 217861 1 0 17 0 0 0
cpu92 115016 0 106 217738 1 0 1 0 0 0
cpu93 115078 0 46 217740 0 0 0 0 0 0
cpu94 114751 0 131 217981 0 0 2 0 0 0
cpu95 115008 0 190 217638 1 0 6 0 0 0
cpu96 115074 0 82 217708 5 0 0 0 0 0
cpu97 115082 0 52 217732 0 0 0 0 0 0
cpu98 115070 0 65 217726 0 0 0 0 0 0
cpu99 115121 2 250 217500 2 0 7 0 0 0
cpu100 115097 0 66 217706 0 0 0 0 0 0
cpu101 115076 0 65 217724 0 0 0 0 0 0
cpu102 115017 0 86 217758 0 0 4 0 0 0
cpu103 115260 0 279 217322 5 0 0 0 0 0
cpu104 115007 0 76 217773 0 0 0 0 0 0
cpu105 115074 0 64 217723 0 0 0 0 0 0
cpu106 114694 0 76 218066 0 0 2 0 0 0
cpu107 115312 0 202 217340 7 0 0 0 0 0
cpu108 115036 0 104 217711 7 0 0 0 0 0
cpu109 115079 0 48 217732 0 0 0 0 0 0
cpu110 115085 0 55 217720 0 0 0 0 0 0
cpu111 115648 0 675 216429 1 0 74 0 0 0
cpu112 115075 0 94 217695 0 0 0 0 0 0
cpu113 115085 0 48 217727 0 0 0 0 0 0
cpu114 115082 0 67 217700 11 0 0 0 0 0
cpu115 115642 0 328 216798 70 0 3 0 0 0
cpu116 115035 0 106 217714 0 0 5 0 0 0
cpu117 115084 0 51 217716 0 0 0 0 0 0
cpu118 115082 0 56 217711 0 0 0 0 0 0
cpu119 114757 0 153 217929 4 0 2 0 0 0
cpu120 115086 0 62 217711 0 0 1 0 0 0
cpu121 115086 0 56 217716 1 0 0 0 0 0
cpu122 115079 0 56 217725 0 0 0 0 0 0
cpu123 115188 0 168 217442 54 0 2 0 0 0
cpu124 115088 0 51 217718 1 0 0 0 0 0
cpu125 115086 0 63 217704 0 0 0 0 0 0
cpu126 115065 0 68 217715 1 0 0 0 0 0
cpu127 115006 0 188 217650 1 0 2 0 0 0
intr 43015792 130 0 0 0 683 0 0 0 1 0 285 0 0 0 0 0 0 0 0 0 0 0 0 0 0 0 0 0 0 0 0 0 0 0 0 260 0 5 2 838 3380 193 7308 2539 3333 0 3 97 4453 63 0 4782 6586 3 0 20 2213 17 0 0 2454 0 0 651 1756 838 12 2 2171 3 38006 148 8450 9 8 0 636 134 6 1098 4975 344 0 0 6013 0 346 5 1999 0 0 0 1549 0 0 743 4878 0 0 3031 1719 0 0 2963 1712 614 0 466 2367 0 0 2 4218 163 0 0 2715 0 0 0 3285 47 0 1 2399 0 0 140 2835 0 0 0 1901 0 0 0 3015 0 0 0 324 0 1 1693 802 0 0 0 4771 0 0 0 513 0 0 0 0 0 0 0 0 0 0 0 0 0 163 162 1 62 4 80 206 15 155 1 3 0 9 0 6 0 10 143 11 3 764 3 128 2 84 12 69 14 100 62 7 9 4 0 0 0 0 0 0 0 0 0 0 0 0 0 0 0 0 0 69 7 81 8 70 10 3 1 3 3 44 0 6 26 6 136 39 19 7 19 33 76 0 0 8 0 1 25 0 32 0 1 1 0 6 385 0 0 37 6200 5114 111 286 471 547 289 184 200 205 639 157 186 393 3008 20 82 222 532 32 9906 114 546 74 0 0 0 0 0 0 0 0 0 0 0 0 0 0 0 0 0 0 0 0 0 0 0 0 0 0 0 0 0 0 0 0 0 0 0 0 0 0 0 0 0 0 0 0 0 0 0 0 0 0 0 0 0 0 0 0 0 0 0 0 0 0 0 0 0 0 0 0 0 0 0 0 0 0 0 0 0 0 0 0 0 0 0 0 0 0 0 0 0 0 0 0 0 0 0 0 0 0 0 0 0 0 0 0 0 0 0 0 0 0 0 0 0 0 0 0 0 0 0 0 0 0 0 0 0 0 0 0 0 0 0 0 0 0 0 0 0 0 0 0 0 0 0 0 0 0 0 0 0 0 0 0 0 0 0 0 0 0 0 0 0 0 0 0 0 0 0 0 0 0 0 0 0 0 0 0 0 0 0 0 0 0 0 0 0 0 0 0 0 0 0 0 0 0 0 0 0 0 0 0 0 0 0 0 0 0 0 0 0 0 0 0 0 0 0 0 0 0 0 0 0 0 0 0 0 0 0 0 0 0 0 0 0 0 0 0 0 0 0 0 0 0 0 0 0 0 0 0 0 0 0 0 0 0 0 0 0 0 0 0 0 0 0 0 0 0 0 0 0 0 0 0 0 0 0 0 0 0 0 0 0 0 0 0 0 0 0 0 0 0 0 0 0 0 0 0 0 0 0 0 0 0 0 0 0 0 0 0 0 0 0 0 0 0 0 0 0 0 0 0 0 0 0 0 0 0 0 0 0 0 0 0 0 0 0 0 0 0 0 0 0 0 0 0 0 0 0 0 0 0 0 0 0 0 0 0 0 0 0 0 0 0 0 0 0 0 0 0 0 0 0 0 0 0 0 0 0 0 0 0 0 0 0 0 0 0 0 0 0 0 0 0 0 0 0 0 0 0 0 0 0 0 0 0 0 0 0 0 0 0 0 0 0 0 0 0 0 0 0 0 0 0 0 4 0 0 0 0 0 0 0 47 0 0 48 0 0 0 0 0 0 0 0 0 0 0 0 1 0 0 0 0 0 0 0 0 0 0 0 0 0 0 0 0 0 0 0 0 0 0 0 0 0 0 0 0 0 0 0 0 0 0 0 0 0 0 0 0 0 0 0 0 0 0 0 0 0 0 0 0 0 0 0 0 0 0 0 0 0 0 0 0 0 0 0 0 0 20 0 0 0 0 0 0 0 0 0 0 0 0 0 0 0 0 0 0 0 0 0 0 0 0 0 0 0 0 0 0 0 0 0 0 0 0 0 0 0 0 0 0 0 0 0 0 0 0 0 0 0 0 0 0 0 0 0 0 0 0 0 0 0 0 0 0 0 0 0 0 0 0 0 0 0 0 0 0 0 0 0 0 0 0 0 0 0 0 0 0 0 0 0 0 0 0 0 0 0 0 0 0 0 0 0 0 0 0 0 0 0 0 0 0 0 0 0 0 0 0 0 0 0 0 0 0 0 0 0 0 0 0 0 0 0 0 0 0 0 0 0 0 0 0 0 0 0 0 0 0 0 0 0 0 0 0 0 0 0 0 0 0 0 0 0 0 0 0 0 0 0 0 0 0 0 0 0 0 0 0 0 0 0 0 0 0 0 0 0 0 0 0 0 0 0 0 0 0 0 0 0 0 0 0 0 0 0 0 0 0 0 0 0 0 0 0 0 0 0 0 0 0 0 0 0 0 0 0 0 0 0 0 0 0 0 0 0 0 0 0 0 0 0 0 0 0 0 0 0 0 0 0 0 0 0 0 0 0 0 0 0 0 0 0 0 0 0 0 0 0 0 0 0 0 0 0 0 0 0 0 0 0 0 0 0 0 0 0 0 0 0 0 0 0 0 0 0 0 0 0 0 0 0 0 0 0 0 0 0 0 0 0 0 0 0 0 0 0 0 0 0 0 0 0 0 0 0 0 0 0 0 0 0 0 0 0 0 0 0 0 0 0 0 0 0 0 0 0 0 0 0 0 0 0 0 0 0 0 0 0 0 0 0 0 0 0 0 0 0 0 0 0 0 0 0 0 0 0 0 0 0 0 0 0 0 0 0 0 0 0 0 0 0 0 0 0 0 0 0 0 0 0 0 0 0 0 0 0 0 0 0 0 0 0 0 0 0 0 0 0 0 0 0 0 0 0 0 0 0 0 0 0 0 0 0 0 0 0 0 0 0 0 0 0 0 0 0 0 0 0 0 0 0 0 0 0 0 0 0 0 0 0 0 0 0 0 0 0 0 0 0 0 0 0 0 0 0 0 0 0 0 0 0 0 0 0 0 0 0 0 0 0 0 0 0 0 0 0 0 0 0 0 0 0 0 0 0 0 0 0 0 0 0 0 0 0 0 0 0 0 0 0 0 0 0 0 0 0 0 0 0 0 0 0 0 0 0 0 0 0 0 0 0 0 0 0 0 0 0 0 0 0 0 0 0 0 0 0 0 0 0 0 0 0 0 0 0 0 0 0 0 0 0 0 0 0 0 0 0 0 0 0 0 0 0 0 0 0 0 0 0 0 0 0 0 0 0 0 0 0 0 0 0 0 0 0 0 0 0 0 0 0 0 0 0 0 0 0 0 0 0 0 0 0 0 0 0 0 0 0 0 0 0 0 0 0 0 0 0 0 0 0 0 0 0 0 0 0 0 0 0 0 0 0 0 0 0 0 0 0 0 0 0 0 0 0 0 0 0 0 0 0 0 0 0 0 0 0 0 0 0 0 0 0 0 0 0 0 0 0 0 0 0 0 0 0 0 0 0 0 0 0 0 0 0 0 0 0 0 0 0 0 0 0 0 0 0 0 0 0 0 0 0 0 0 0 0 0 0 0 0 0 0 0 0 0 0 0 0 0 0 0 0 0 0 0 0 0 0 0 0 0 0 0 0 0 0 0 0 0 0 0 0 0 0 0 0 0 0 0 0 0 0 0 0 0 0 0 0 0 0 0 0 0 0 0 0 0 0 0 0 0 0 0 0 0 0 0 0 0 0 0 0 0 0 0 0 0 0 0 0 0 0 0 0 0 0 0 0 0 0 0 0 0 0 0 0 0 0 0 0 0 0 0 0 0 0 0 0 0 0 0 0 0 0 0 0 0 0 0 0 0 0 0 0 0 0 0 0 0 0 0 0 0 0 0 0 0 0 0 0 0 0 0 0 0 0 0 0 0 0 0 0 0 0 0 0 0 0 0 0 0 0 0 0 0 0 0 0 0 0 0 0 0 0 0 0 0 0 0 0 0 0 0 0 0 0 0 0 0 0 0 0 0 0 0 0 0 0 0 0 0 0 0 0 0 0 0 0 0 0 0 0 0 0 0 0 0 0 0 0 0 0 0 0 0 0 0 0 0 0 0 0 0 0 0 0 0 0 0 0 0 0 0 0 0 0 0 0 0 0 0 0 0 0 0 0 0 0 0 0 0 0 0 0 0 0 0 0 0 0 0 0 0 0 0 0 0 0 0 0 0 0 0 0 0 0 0 0 0 0 0 0 0 0 0 0 0 0 0 0 0 0 0 0 0 0 0 0 0 0 0 0 0 0 0 0 0 0 0 0 0 0 0 0 0 0 0 0 0 0 0 0 0 0 0 0 0 0 0 0 0 0 0 0 0 0 0 0 0 0 0 0 0 0 0 0 0 0 0 0 0 0 0 0 0 0 0 0 0 0 0 0 0 0 0 0 0 0 0 0 0 0 0 0 0 0 0 0 0 0 0 0 0 0 0 0 0 0 0 0 0 0 0 0 0 0 0 0 0 0 0 0 0 0 0 0 0 0 0 0 0 0 0 0 0 0 0 0 0 0 0 0 0 0 0 0 0 0 0 0 0 0 0 0 0 0 0 0 0 0 0 0 0 0 0 0 0 0 0 0 0 0 0 0 0 0 0 0 0 0 0 0 0 0 0 0 0 0 0 0 0 0 0 0 0 0 0 0 0 0 0 0 0 0 0 0 0 0 0 0 0 0 0 0 0 0 0 0 0 0 0 0 0 0 0 0 0 0 0 0 0 0 0 0 0 0 0 0 0 0 0 0 0 0 0 0 0 0 0 0 0 0 0 0 0 0 0 0 0 0 0 0 0 0 0 0 0 0 0 0 0 0 0 0 0 0 0 0 0 0 0 0 0 0 0 0 0 0 0 0 0 0 0 0 0 0 0 0 0 0 0 0 0 0 0 0 0 0 0 0 0 0 0 0 0 0 0 0 0 0 0 0 0 0 0 0 0 0 0 0 0 0 0 0 0 0 0 0 0 0 0 0 0 0 0 0 0 0 0 0 0 0 0 0 0 0 0 0 0 0 0 0 0 0 0 0 0 0 0 0 0 0 0 0 0 0 0 0 0 0 0 0 0 0 0 0 0 0 0 0 0 0 0 0 0 0 0 0 0 0 0 0 0 0 0 0 0 0 0 0 0 0 0 0 0 0 0 0 0 0 0 0 0 0 0 0 0 0 0 0 0 0 0 0 0 0 0 0 0 0 0 0 0 0 0 0 0 0 0 0 0 0 0 0 0 0 0 0 0 0 0 0 0 0 0 0 0 0 0 0 0 0 0 0 0 0 0 0 0 0 0 0 0 0 0 0 0 0 0 0 0 0 0 0 0 0 0 0 0 0 0 0 0 0 0 0 0 0 0 0 0 0 0 0 0 0 0 0 0 0 0 0 0 0 0 0 0 0 0 0 0 0 0 0 0 0 0 0 0 0 0 0 0 0 0 0 0 0 0 0 0 0 0 0 0 0 0 0 0 0 0 0 0 0 0 0 0 0 0 0 0 0 0 0 0 0 0 0 0 0 0 0 0 0 0 0 0 0 0 0 0 0 0 0 0 0 0 0 0 0 0 0 0 0 0 0 0 0 0 0 0 0 0 0 0 0 0 0 0 0 0 0 0 0 0 0 0 0 0 0 0 0 0 0 0 0 0 0 0 0 0 0 0 0 0 0 0 0 0 0 0 0 0 0 0 0 0 0 0 0 0 0 0 0 0 0 0 0 0 0 0 0 0 0 0 0 0 0 0 0 0 0 0 0 0 0 0 0 0 0 0 0 0 0 0 0 0 0 0 0 0 0 0 0 0 0 0 0 0 0 0 0 0 0 0 0 0 0 0 0 0 0 0 0 0 0 0 0 0 0 0 0 0 0 0 0 0 0 0 0 0 0 0 0 0 0 0 0 0 0 0 0 0 0 0 0 0 0 0 0 0 0 0 0 0 0 0 0 0 0 0 0 0 0 0 0 0 0 0 0 0 0 0 0 0 0 0 0 0 0 0 0 0 0 0 0 0 0 0 0 0 0 0 0 0 0 0 0 0 0 0 0 0 0 0 0 0 0 0 0 0 0 0 0 0 0 0 0 0 0 0 0 0 0 0 0 0 0 0 0 0 0 0 0 0 0 0 0 0 0 0 0 0 0 0 0 0 0 0 0 0 0 0 0 0 0 0 0 0 0 0 0 0 0 0 0 0 0 0 0 0 0 0 0 0 0 0 0 0 0 0 0 0 0 0 0 0 0 0 0 0 0 0 0 0 0 0 0 0 0 0 0 0 0 0 0 0 0 0 0 0 0 0 0 0 0 0 0 0 0 0 0 0 0 0 0 0 0 0 0 0 0 0 0 0 0 0 0 0 0 0 0 0 0 0 0 0 0 0 0 0 0 0 0 0 0 0 0 0 0 0 0 0 0 0 0 0 0 0 0 0 0 0 0 0 0 0 0 0 0 0 0 0 0 0 0 0 0 0 0 0 0 0 0 0 0 0 0 0 0 0 0 0 0 0 0 0 0 0 0 0 0 0 0 0 0 0 0 0 0 0 0 0 0 0 0 0 0 0 0 0 0 0 0 0 0 0 0 0 0 0 0 0 0 0 0 0 0 0 0 0 0 0 0 0 0 0 0 0 0 0 0 0 0 0 0 0 0 0 0 0 0 0 0 0 0 0 0 0 0 0 0 0 0 0 0 0 0 0 0 0 0 0 0 0 0 0 0 0 0 0 0 0 0 0 0 0 0 0 0 0 0 0 0 0 0 0 0 0 0 0 0 0 0 0 0 0 0 0 0 0 0 0 0 0 0 0 0 0 0 0 0 0 0 0 0 0 0 0 0 0 0 0 0 0 0 0 0 0 0 0 0 0 0 0 0 0 0 0 0 0 0 0 0 0 0 0 0 0 0 0 0 0 0 0 0 0 0 0 0 0 0 0 0 0 0 0 0 0 0 0 0 0 0 0 0 0 0 0 0 0 0 0 0 0 0 0 0 0 0 0 0 0 0 0 0 0 0 0 0 0 0 0 0 0 0 0 0 0 0 0 0 0 0 0 0 0 0 0 0 0 0 0 0 0 0 0 0 0 0 0 0 0 0 0 0 0 0 0 0 0 0 0 0 0 0 0 0 0 0 0 0 0 0 0 0 0 0 0 0 0 0 0 0 0 0 0 0 0 0 0 0 0 0 0 0 0 0 0 0 0 0 0 0 0 0 0 0 0 0 0 0 0 0 0 0 0 0 0 0 0 0 0 0 0 0 0 0 0 0 0 0 0 0 0 0 0 0 0 0 0 0 0 0 0 0 0 0 0 0 0 0 0 0 0 0 0 0 0 0 0 0 0 0 0 0 0 0 0 0 0 0 0 0 0 0 0 0 0 0 0 0 0 0 0 0 0 0 0 0 0 0 0 0 0 0 0 0 0 0 0 0 0 0 0 0 0 0 0 0 0 0 0 0 0 0 0 0 0 0 0 0 0 0 0 0 0 0 0 0 0 0 0 0 0 0 0 0 0 0 0 0 0 0 0 0 0 0 0 0 0 0 0 0 0 0 0 0 0 0 0 0 0 0 0 0 0 0 0 0 0 0 0 0 0 0 0 0 0 0 0 0 0 0 0 0 0 0 0 0 0 0 0 0 0 0 0 0 0 0 0 0 0 0 0 0 0 0 0 0 0 0 0 0 0 0 0 0 0 0 0 0 0 0 0 0 0 0 0 0 0 0 0 0 0 0 0 0 0 0 0 0 0 0 0 0 0 0 0 0 0 0 0 0 0 0 0 0 0 0 0 0 0 0 0 0 0 0 0 0 0 0 0 0 0 0 0 0 0 0 0 0 0 0 0 0 0 0 0 0 0 0 0 0 0 0 0 0 0 0 0 0 0 0 0 0 0 0 0 0 0 0 0 0 0 0 0 0 0 0 0 0 0 0 0 0 0 0 0 0 0 0 0 0 0 0 0 0 0 0 0 0 0 0 0 0 0 0 0 0 0 0 0 0 0 0 0 0 0 0 0 0 0 0 0 0 0 0 0 0 0 0 0 0 0 0 0 0 0 0 0 0 0 0 0 0 0 0 0 0 0 0 0 0 0 0 0 0 0 0 0 0 0 0 0 0 0 0 0 0 0 0 0 0 0 0 0 0 0 0 0 0 0 0 0 0 0 0 0 0 0 0 0 0 0 0 0 0 0 0 0 0 0 0 0 0 0 0 0 0 0 0 0 0 0 0 0 0 0 0 0 0 0 0 0 0 0 0 0 0 0 0 0 0 0 0 0 0 0 0 0 0 0 0 0 0 0 0 0 0 0 0 0 0 0 0 0 0 0 0 0 0 0 0 0 0 0 0 0 0 0 0 0 0 0 0 0 0 0 0 0 0 0 0 0 0 0 0 0 0 0 0 0 0 0 0 0 0 0 0 0 0 0 0 0 0 0 0 0 0 0 0 0 0 0 0 0 0 0 0 0 0 0 0 0 0 0 0 0 0 0 0 0 0 0 0 0 0 0 0 0 0 0 0 0 0 0 0 0 0 0 0 0 0 0 0 0 0 0 0 0 0 0 0 0 0 0 0 0 0 0 0 0 0 0 0 0 0 0 0 0 0 0 0 0 0 0 0 0 0 0 0 0 0 0 0 0 0 0 0 0 0 0 0 0 0 0 0 0 0 0 0 0 0 0 0 0 0 0 0 0 0 0 0 0 0 0 0 0 0 0 0 0 0 0 0 0 0 0 0 0 0 0 0 0 0 0 0 0 0 0 0 0 0 0 0 0 0 0 0 0 0 0 0 0 0 0 0 0 0 0 0 0 0 0 0 0 0 0 0 0 0 0 0 0 0 0 0 0 0 0 0 0 0 0 0 0 0 0 0 0 0 0 0 0 0 0 0 0 0 0 0 0 0 0 0 0 0 0 0 0 0 0 0 0 0 0 0 0 0 0 0 0 0 0 0 0 0 0 0 0 0 0 0 0 0 0 0 0 0 0 0 0 0 0 0 0 0 0 0 0 0 0 0 0 0 0 0 0 0 0 0 0 0 0 0 0 0 0 0 0 0 0 0 0 0 0 0 0 0 0 0 0 0 0 0 0 0 0 0 0 0 0 0 0 0 0 0 0 0 0 0 0 0 0 0 0 0 0 0 0 0 0 0 0 0 0 0 0 0 0 0 0 0 0 0 0 0 0 0 0 0 0 0 0 0 0 0 0 0 0 0 0 0 0 0 0 0 0 0 0 0 0 0 0 0 0 0 0 0 0 0 0 0 0 0 0 0 0 0 0 0 0 0 0 0 0 0 0 0 0 0 0 0 0 0 0 0 0 0 0 0 0 0 0 0 0 0 0 0 0 0 0 0 0 0 0 0 0 0 0 0 0 0 0 0 0 0 0 0 0 0 0 0 0 0 0 0 0 0 0 0 0 0 0 0 0 0 0 0 0 0 0 0 0 0 0 0 0 0 0 0 0 0 0 0 0 0 0 0 0 0 0 0 0 0 0 0 0 0 0 0 0 0 0 0 0 0 0 0 0 0 0 0 0 0 0 0 0 0 0 0 0 0 0 0 0 0 0 0 0 0 0 0 0 0 0 0 0 0 0 0 0 0 0 0 0 0 0 0 0 0 0 0 0 0 0 0 0 0 0 0 0 0 0 0 0 0 0 0 0 0 0 0 0 0 0 0 0 0 0 0 0 0 0 0 0 0 0 0 0 0 0 0 0 0 0 0 0 0 0 0 0 0 0 0 0 0 0 0 0 0 0 0 0 0 0 0 0 0 0 0 0 0 0 0 0 0 0 0 0 0 0 0 0 0 0 0 0 0 0 0 0 0 0 0 0 0 0 0 0 0 0 0 0 0 0 0 0 0 0 0 0 0 0 0 0 0 0 0 0 0 0 0 0 0 0 0 0 0 0 0 0 0 0 0 0 0 0 0 0 0 0 0 0 0 0 0 0 0 0 0 0 0 0 0 0 0 0 0 0 0 0 0 0 0 0 0 0 0 0 0 0 0 0 0 0 0 0 0 0 0 0 0 0 0 0 0 0 0 0 0 0 0 0 0 0 0 0 0 0 0 0 0 0 0 0 0 0 0 0 0 0 0 0 0 0 0 0 0 0 0 0 0 0 0 0 0 0 0 0 0
ctxt 4331144
btime 1613064757
processes 105214
procs_running 1
procs_blocked 0
softirq 47548878 1 27958063 1342 887995 0 0 164 1628066 0 17073247
