cpu  76314548 5 95994 27155534 446 0 7705 0 0 0
cpu0 591149 0 5969 211146 3 0 609 0 0 0
cpu1 596415 0 422 212242 0 0 58 0 0 0
cpu2 596725 0 374 212071 17 0 17 0 0 0
cpu3 594952 0 775 213371 3 0 56 0 0 0
cpu4 593621 0 3606 211602 0 0 280 0 0 0
cpu5 596534 0 257 212408 7 0 10 0 0 0
cpu6 596739 0 284 212172 0 0 21 0 0 0
cpu7 596121 0 245 212809 0 0 21 0 0 0
cpu8 593910 0 3045 211847 10 0 359 0 0 0
cpu9 596588 0 156 212460 0 0 3 0 0 0
cpu10 596786 0 129 212290 0 0 2 0 0 0
cpu11 596508 0 211 212461 0 0 14 0 0 0
cpu12 595113 0 2522 211304 1 0 212 0 0 0
cpu13 596648 0 129 212430 0 0 2 0 0 0
cpu14 596833 0 132 212244 1 0 4 0 0 0
cpu15 596444 0 412 212325 0 0 34 0 0 0
cpu16 595198 0 2700 210948 1 0 331 0 0 0
cpu17 596737 0 109 212362 1 0 0 0 0 0
cpu18 596690 0 139 212360 0 0 4 0 0 0
cpu19 596598 0 192 212395 1 0 6 0 0 0
cpu20 596678 0 2567 209672 0 0 233 0 0 0
cpu21 596529 0 167 212301 1 0 166 0 0 0
cpu22 596704 0 160 212335 0 0 5 0 0 0
cpu23 596644 0 148 212406 0 0 3 0 0 0
cpu24 594924 0 2723 211156 0 0 282 0 0 0
cpu25 596732 0 142 212335 0 0 1 0 0 0
cpu26 596788 0 145 212261 0 0 2 0 0 0
cpu27 596479 0 167 212546 0 0 8 0 0 0
cpu28 594720 1 2076 212156 0 0 199 0 0 0
cpu29 596586 0 281 212314 0 0 20 0 0 0
cpu30 596803 0 152 212243 1 0 0 0 0 0
cpu31 596701 0 124 212376 0 0 2 0 0 0
cpu32 594319 0 2752 211842 1 0 234 0 0 0
cpu33 596599 0 191 212412 0 0 3 0 0 0
cpu34 596931 0 179 212084 0 0 6 0 0 0
cpu35 596556 0 247 212370 0 0 26 0 0 0
cpu36 593735 0 3796 211314 4 0 305 0 0 0
cpu37 596589 0 209 212400 1 0 3 0 0 0
cpu38 596934 0 128 212140 1 0 1 0 0 0
cpu39 596539 0 135 212522 0 0 4 0 0 0
cpu40 594458 0 2882 211532 2 0 272 0 0 0
cpu41 596474 0 184 212533 0 0 8 0 0 0
cpu42 596855 0 128 212212 0 0 4 0 0 0
cpu43 596542 0 198 212436 0 0 18 0 0 0
cpu44 593572 0 3536 211733 5 0 304 0 0 0
cpu45 596610 0 166 212415 0 0 5 0 0 0
cpu46 596496 0 148 212538 1 0 4 0 0 0
cpu47 596614 0 160 212409 2 0 6 0 0 0
cpu48 594416 0 2379 212119 0 0 224 0 0 0
cpu49 596158 0 387 212579 1 0 70 0 0 0
cpu50 596943 0 111 212141 1 0 2 0 0 0
cpu51 596700 0 143 212346 1 0 2 0 0 0
cpu52 594962 0 2356 211628 1 0 196 0 0 0
cpu53 596782 0 107 212290 9 0 0 0 0 0
cpu54 596784 0 110 212294 1 0 2 0 0 0
cpu55 596621 0 177 212382 1 0 13 0 0 0
cpu56 594504 0 2342 212113 1 0 189 0 0 0
cpu57 596742 0 144 212313 0 0 3 0 0 0
cpu58 596644 0 322 212185 1 0 36 0 0 0
cpu59 596400 0 414 212337 0 0 33 0 0 0
cpu60 594981 0 2246 211741 1 0 183 0 0 0
cpu61 596650 0 176 212365 0 0 2 0 0 0
cpu62 596432 0 123 212623 0 0 6 0 0 0
cpu63 596039 0 498 212581 0 0 50 0 0 0
cpu64 594768 0 2670 211513 20 0 158 0 0 0
cpu65 596045 0 500 212559 5 0 70 0 0 0
cpu66 596310 0 172 212665 1 0 5 0 0 0
cpu67 596128 0 595 212403 2 0 52 0 0 0
cpu68 595275 2 1941 211796 24 0 113 0 0 0
cpu69 596680 0 137 212365 0 0 2 0 0 0
cpu70 596736 0 143 212305 0 0 5 0 0 0
cpu71 596226 0 312 212609 1 0 34 0 0 0
cpu72 596476 0 1827 210367 165 0 298 0 0 0
cpu73 596554 0 181 212440 1 0 10 0 0 0
cpu74 596814 0 124 212250 0 0 0 0 0 0
cpu75 596490 0 166 212507 4 0 2 0 0 0
cpu76 597697 0 1564 209812 1 0 82 0 0 0
cpu77 596732 0 109 212348 0 0 1 0 0 0
cpu78 596763 0 111 212314 0 0 0 0 0 0
cpu79 596286 0 450 212395 1 0 47 0 0 0
cpu80 595784 0 1586 211625 8 0 118 0 0 0
cpu81 596738 0 133 212320 2 0 3 0 0 0
cpu82 596897 0 105 212181 0 0 2 0 0 0
cpu83 596714 0 120 212344 0 0 2 0 0 0
cpu84 595262 0 1588 212175 1 0 112 0 0 0
cpu85 596588 0 114 212478 0 0 0 0 0 0
cpu86 596638 0 99 212439 0 0 2 0 0 0
cpu87 596520 0 172 212465 0 0 9 0 0 0
cpu88 595711 0 1396 211945 0 0 98 0 0 0
cpu89 596376 0 165 212624 1 0 9 0 0 0
cpu90 596918 0 130 212136 0 0 0 0 0 0
cpu91 596722 0 126 212329 0 0 4 0 0 0
cpu92 596016 0 1444 211607 0 0 94 0 0 0
cpu93 596727 0 142 212300 4 0 0 0 0 0
cpu94 596942 0 136 212093 0 0 2 0 0 0
cpu95 596684 0 118 212367 3 0 2 0 0 0
cpu96 595694 0 1635 211747 1 0 87 0 0 0
cpu97 596737 0 176 212259 0 0 2 0 0 0
cpu98 596710 0 126 212335 0 0 2 0 0 0
cpu99 596450 0 244 212445 3 0 27 0 0 0
cpu100 594863 0 2293 211823 1 0 159 0 0 0
cpu101 596704 0 140 212335 0 0 1 0 0 0
cpu102 596874 0 120 212178 2 0 1 0 0 0
cpu103 596724 0 123 212322 0 0 1 0 0 0
cpu104 593804 0 3428 211593 0 0 283 0 0 0
cpu105 596756 0 124 212295 0 0 0 0 0 0
cpu106 596563 0 136 212468 2 0 0 0 0 0
cpu107 596603 0 229 212313 0 0 24 0 0 0
cpu108 595305 0 1754 211940 35 0 100 0 0 0
cpu109 596696 0 160 212311 0 0 3 0 0 0
cpu110 596913 0 138 212098 11 0 2 0 0 0
cpu111 596571 0 131 212466 0 0 4 0 0 0
cpu112 595676 0 1444 211938 4 0 87 0 0 0
cpu113 596711 0 169 212249 1 0 3 0 0 0
cpu114 596829 0 104 212234 1 0 0 0 0 0
cpu115 596671 0 124 212356 0 0 3 0 0 0
cpu116 595955 0 1480 211603 2 0 102 0 0 0
cpu117 596626 0 196 212333 0 0 2 0 0 0
cpu118 597052 0 96 212023 0 0 0 0 0 0
cpu119 596491 0 198 212462 0 0 8 0 0 0
cpu120 595444 0 1714 211901 4 0 85 0 0 0
cpu121 596695 0 138 212332 0 0 6 0 0 0
cpu122 596659 0 168 212327 0 0 1 0 0 0
cpu123 596022 0 608 212453 0 0 77 0 0 0
cpu124 596133 0 1456 211482 3 0 63 0 0 0
cpu125 596675 0 212 212243 0 0 2 0 0 0
cpu126 596970 0 159 212034 1 0 0 0 0 0
cpu127 596523 0 411 212218 0 0 8 0 0 0
intr 208444041 133 0 0 0 680 0 0 0 1 0 272 0 0 0 0 0 0 0 0 0 0 0 0 0 0 0 0 0 0 0 0 0 0 0 0 260 0 922 1087 1619 23734 4123 357 732 1890 681 504 343 4876 653 360 954 17248 378 3 553 3710 1124 69408 161 2262 1902 0 254 3008 789 184 314 1157 426 2 803 4425 1723 3 407 753 606 318 527 4449 851 385 928 3747 848 17516 382 1266 515 0 403 6996 237 204 2019 4901 332 742 208 11073 8176 343 1118 15109 4970 395 1016 3383 23476 612 438 2049 440 182 462 12654 3834 0 496 2197 160 0 251 5229 22 8 651 1214 147 123 347 1695 1550 0 439 4715 1173 4 367 804 1377 56 323 1611 78 494 816 3401 231 340 48 165 121 56 283 0 0 0 0 0 0 0 0 0 0 2020 1121 13743 211 522 718 147 87 167 1833 223 376 149 191 98 130 164 62 151 3178 324 135 169 189 260 3921 82 7 14 2 481 394 4 49 0 0 0 0 0 0 0 0 0 0 0 0 0 0 0 0 57 7 448 177 200 0 0 2 3 4 11 3 0 4 49 51 160 29 9 13 53 20 53 3 6 11 5 1 95 8 4 67 4 285 4 4 2 14 483 750 251 70 43 3 30 65 24 6 4 22 9 9 38 253 26 2 11 1 3 12 115 39 161 0 0 0 0 0 0 0 0 0 0 0 0 0 0 0 0 0 0 0 0 0 0 0 0 0 0 0 0 0 0 0 0 0 0 0 0 0 0 0 0 0 0 0 0 0 0 0 0 0 0 0 0 0 0 0 0 0 0 0 0 0 0 0 0 0 0 0 0 0 0 0 0 0 0 0 0 0 0 0 0 0 0 0 0 0 0 0 0 0 0 0 0 0 0 0 0 0 0 0 0 0 0 0 0 0 0 0 0 0 0 0 0 0 0 0 0 0 0 0 0 0 0 0 0 0 0 0 0 0 0 0 0 0 0 0 0 0 0 0 0 0 0 0 0 0 0 0 0 0 0 0 0 0 0 0 0 0 0 0 0 0 0 0 0 0 0 0 0 0 0 0 0 0 0 0 0 0 0 0 0 0 0 0 0 0 0 0 0 0 0 0 0 0 0 0 0 0 0 0 0 0 0 0 0 0 0 0 0 0 0 0 0 0 0 0 0 0 0 0 0 0 0 0 0 0 0 0 0 0 0 0 0 0 0 0 0 0 0 0 0 0 0 0 0 0 0 0 0 0 0 0 0 0 0 0 0 0 0 0 0 0 0 0 0 0 0 0 0 0 0 0 0 0 0 0 0 0 0 0 0 0 0 0 0 0 0 0 0 0 0 0 0 0 0 0 0 0 0 0 0 0 0 0 0 0 0 0 0 0 0 0 0 0 0 0 0 0 0 0 0 0 0 0 0 0 0 0 0 0 0 0 0 0 0 0 0 0 0 0 0 0 0 0 0 0 0 0 0 0 0 0 0 0 0 0 0 0 0 0 0 0 0 0 0 0 0 0 0 0 0 0 0 0 0 0 0 0 0 0 0 0 0 0 0 0 0 0 0 0 0 0 0 0 0 0 0 0 0 0 0 0 0 0 0 0 0 0 0 0 0 0 0 0 0 0 0 0 0 0 0 0 0 0 0 0 0 0 0 0 0 0 0 0 0 0 0 0 0 0 0 0 48 0 0 0 0 0 0 0 3 0 0 0 0 0 0 0 0 0 0 0 0 0 0 0 0 0 0 0 0 0 0 0 0 0 0 0 0 0 0 0 0 0 0 0 0 0 0 0 0 0 0 0 0 0 0 0 0 0 0 0 0 0 0 0 0 0 0 48 0 0 0 0 0 0 0 0 23 0 0 0 0 0 0 0 0 0 0 0 0 0 0 0 0 0 0 0 0 0 0 0 0 0 0 0 0 0 0 0 0 0 0 0 0 0 0 0 0 0 0 0 0 0 0 0 0 0 0 0 0 0 0 0 0 0 0 0 0 0 0 0 0 0 0 0 0 0 0 0 0 0 0 0 0 0 0 0 0 0 0 0 0 0 0 0 0 0 0 0 0 0 0 0 0 0 0 0 0 0 0 0 0 0 0 0 0 0 0 0 0 0 0 0 0 0 0 0 0 0 0 0 0 0 0 0 0 0 0 0 0 0 0 0 0 0 0 0 0 0 0 0 0 0 0 0 0 0 0 0 0 0 0 0 0 0 0 0 0 0 0 0 0 0 0 0 0 0 0 0 0 0 0 0 0 0 0 0 0 0 0 0 0 0 0 0 0 0 0 0 0 0 0 0 0 0 0 0 0 0 0 0 0 0 0 0 0 0 0 0 0 0 0 0 0 0 0 0 0 0 0 0 0 0 0 0 0 0 0 0 0 0 0 0 0 0 0 0 0 0 0 0 0 0 0 0 0 0 0 0 0 0 0 0 0 0 0 0 0 0 0 0 0 0 0 0 0 0 0 0 0 0 0 0 0 0 0 0 0 0 0 0 0 0 0 0 0 0 0 0 0 0 0 0 0 0 0 0 0 0 0 0 0 0 0 0 0 0 0 0 0 0 0 0 0 0 0 0 0 0 0 0 0 0 0 0 0 0 0 0 0 0 0 0 0 0 0 0 0 0 0 0 0 0 0 0 0 0 0 0 0 0 0 0 0 0 0 0 0 0 0 0 0 0 0 0 0 0 0 0 0 0 0 0 0 0 0 0 0 0 0 0 0 0 0 0 0 0 0 0 0 0 0 0 0 0 0 0 0 0 0 0 0 0 0 0 0 0 0 0 0 0 0 0 0 0 0 0 0 0 0 0 0 0 0 0 0 0 0 0 0 0 0 0 0 0 0 0 0 0 0 0 0 0 0 0 0 0 0 0 0 0 0 0 0 0 0 0 0 0 0 0 0 0 0 0 0 0 0 0 0 0 0 0 0 0 0 0 0 0 0 0 0 0 0 0 0 0 0 0 0 0 0 0 0 0 0 0 0 0 0 0 0 0 0 0 0 0 0 0 0 0 0 0 0 0 0 0 0 0 0 0 0 0 0 0 0 0 0 0 0 0 0 0 0 0 0 0 0 0 0 0 0 0 0 0 0 0 0 0 0 0 0 0 0 0 0 0 0 0 0 0 0 0 0 0 0 0 0 0 0 0 0 0 0 0 0 0 0 0 0 0 0 0 0 0 0 0 0 0 0 0 0 0 0 0 0 0 0 0 0 0 0 0 0 0 0 0 0 0 0 0 0 0 0 0 0 0 0 0 0 0 0 0 0 0 0 0 0 0 0 0 0 0 0 0 0 0 0 0 0 0 0 0 0 0 0 0 0 0 0 0 0 0 0 0 0 0 0 0 0 0 0 0 0 0 0 0 0 0 0 0 0 0 0 0 0 0 0 0 0 0 0 0 0 0 0 0 0 0 0 0 0 0 0 0 0 0 0 0 0 0 0 0 0 0 0 0 0 0 0 0 0 0 0 0 0 0 0 0 0 0 0 0 0 0 0 0 0 0 0 0 0 0 0 0 0 0 0 0 0 0 0 0 0 0 0 0 0 0 0 0 0 0 0 0 0 0 0 0 0 0 0 0 0 0 0 0 0 0 0 0 0 0 0 0 0 0 0 0 0 0 0 0 0 0 0 0 0 0 0 0 0 0 0 0 0 0 0 0 0 0 0 0 0 0 0 0 0 0 0 0 0 0 0 0 0 0 0 0 0 0 0 0 0 0 0 0 0 0 0 0 0 0 0 0 0 0 0 0 0 0 0 0 0 0 0 0 0 0 0 0 0 0 0 0 0 0 0 0 0 0 0 0 0 0 0 0 0 0 0 0 0 0 0 0 0 0 0 0 0 0 0 0 0 0 0 0 0 0 0 0 0 0 0 0 0 0 0 0 0 0 0 0 0 0 0 0 0 0 0 0 0 0 0 0 0 0 0 0 0 0 0 0 0 0 0 0 0 0 0 0 0 0 0 0 0 0 0 0 0 0 0 0 0 0 0 0 0 0 0 0 0 0 0 0 0 0 0 0 0 0 0 0 0 0 0 0 0 0 0 0 0 0 0 0 0 0 0 0 0 0 0 0 0 0 0 0 0 0 0 0 0 0 0 0 0 0 0 0 0 0 0 0 0 0 0 0 0 0 0 0 0 0 0 0 0 0 0 0 0 0 0 0 0 0 0 0 0 0 0 0 0 0 0 0 0 0 0 0 0 0 0 0 0 0 0 0 0 0 0 0 0 0 0 0 0 0 0 0 0 0 0 0 0 0 0 0 0 0 0 0 0 0 0 0 0 0 0 0 0 0 0 0 0 0 0 0 0 0 0 0 0 0 0 0 0 0 0 0 0 0 0 0 0 0 0 0 0 0 0 0 0 0 0 0 0 0 0 0 0 0 0 0 0 0 0 0 0 0 0 0 0 0 0 0 0 0 0 0 0 0 0 0 0 0 0 0 0 0 0 0 0 0 0 0 0 0 0 0 0 0 0 0 0 0 0 0 0 0 0 0 0 0 0 0 0 0 0 0 0 0 0 0 0 0 0 0 0 0 0 0 0 0 0 0 0 0 0 0 0 0 0 0 0 0 0 0 0 0 0 0 0 0 0 0 0 0 0 0 0 0 0 0 0 0 0 0 0 0 0 0 0 0 0 0 0 0 0 0 0 0 0 0 0 0 0 0 0 0 0 0 0 0 0 0 0 0 0 0 0 0 0 0 0 0 0 0 0 0 0 0 0 0 0 0 0 0 0 0 0 0 0 0 0 0 0 0 0 0 0 0 0 0 0 0 0 0 0 0 0 0 0 0 0 0 0 0 0 0 0 0 0 0 0 0 0 0 0 0 0 0 0 0 0 0 0 0 0 0 0 0 0 0 0 0 0 0 0 0 0 0 0 0 0 0 0 0 0 0 0 0 0 0 0 0 0 0 0 0 0 0 0 0 0 0 0 0 0 0 0 0 0 0 0 0 0 0 0 0 0 0 0 0 0 0 0 0 0 0 0 0 0 0 0 0 0 0 0 0 0 0 0 0 0 0 0 0 0 0 0 0 0 0 0 0 0 0 0 0 0 0 0 0 0 0 0 0 0 0 0 0 0 0 0 0 0 0 0 0 0 0 0 0 0 0 0 0 0 0 0 0 0 0 0 0 0 0 0 0 0 0 0 0 0 0 0 0 0 0 0 0 0 0 0 0 0 0 0 0 0 0 0 0 0 0 0 0 0 0 0 0 0 0 0 0 0 0 0 0 0 0 0 0 0 0 0 0 0 0 0 0 0 0 0 0 0 0 0 0 0 0 0 0 0 0 0 0 0 0 0 0 0 0 0 0 0 0 0 0 0 0 0 0 0 0 0 0 0 0 0 0 0 0 0 0 0 0 0 0 0 0 0 0 0 0 0 0 0 0 0 0 0 0 0 0 0 0 0 0 0 0 0 0 0 0 0 0 0 0 0 0 0 0 0 0 0 0 0 0 0 0 0 0 0 0 0 0 0 0 0 0 0 0 0 0 0 0 0 0 0 0 0 0 0 0 0 0 0 0 0 0 0 0 0 0 0 0 0 0 0 0 0 0 0 0 0 0 0 0 0 0 0 0 0 0 0 0 0 0 0 0 0 0 0 0 0 0 0 0 0 0 0 0 0 0 0 0 0 0 0 0 0 0 0 0 0 0 0 0 0 0 0 0 0 0 0 0 0 0 0 0 0 0 0 0 0 0 0 0 0 0 0 0 0 0 0 0 0 0 0 0 0 0 0 0 0 0 0 0 0 0 0 0 0 0 0 0 0 0 0 0 0 0 0 0 0 0 0 0 0 0 0 0 0 0 0 0 0 0 0 0 0 0 0 0 0 0 0 0 0 0 0 0 0 0 0 0 0 0 0 0 0 0 0 0 0 0 0 0 0 0 0 0 0 0 0 0 0 0 0 0 0 0 0 0 0 0 0 0 0 0 0 0 0 0 0 0 0 0 0 0 0 0 0 0 0 0 0 0 0 0 0 0 0 0 0 0 0 0 0 0 0 0 0 0 0 0 0 0 0 0 0 0 0 0 0 0 0 0 0 0 0 0 0 0 0 0 0 0 0 0 0 0 0 0 0 0 0 0 0 0 0 0 0 0 0 0 0 0 0 0 0 0 0 0 0 0 0 0 0 0 0 0 0 0 0 0 0 0 0 0 0 0 0 0 0 0 0 0 0 0 0 0 0 0 0 0 0 0 0 0 0 0 0 0 0 0 0 0 0 0 0 0 0 0 0 0 0 0 0 0 0 0 0 0 0 0 0 0 0 0 0 0 0 0 0 0 0 0 0 0 0 0 0 0 0 0 0 0 0 0 0 0 0 0 0 0 0 0 0 0 0 0 0 0 0 0 0 0 0 0 0 0 0 0 0 0 0 0 0 0 0 0 0 0 0 0 0 0 0 0 0 0 0 0 0 0 0 0 0 0 0 0 0 0 0 0 0 0 0 0 0 0 0 0 0 0 0 0 0 0 0 0 0 0 0 0 0 0 0 0 0 0 0 0 0 0 0 0 0 0 0 0 0 0 0 0 0 0 0 0 0 0 0 0 0 0 0 0 0 0 0 0 0 0 0 0 0 0 0 0 0 0 0 0 0 0 0 0 0 0 0 0 0 0 0 0 0 0 0 0 0 0 0 0 0 0 0 0 0 0 0 0 0 0 0 0 0 0 0 0 0 0 0 0 0 0 0 0 0 0 0 0 0 0 0 0 0 0 0 0 0 0 0 0 0 0 0 0 0 0 0 0 0 0 0 0 0 0 0 0 0 0 0 0 0 0 0 0 0 0 0 0 0 0 0 0 0 0 0 0 0 0 0 0 0 0 0 0 0 0 0 0 0 0 0 0 0 0 0 0 0 0 0 0 0 0 0 0 0 0 0 0 0 0 0 0 0 0 0 0 0 0 0 0 0 0 0 0 0 0 0 0 0 0 0 0 0 0 0 0 0 0 0 0 0 0 0 0 0 0 0 0 0 0 0 0 0 0 0 0 0 0 0 0 0 0 0 0 0 0 0 0 0 0 0 0 0 0 0 0 0 0 0 0 0 0 0 0 0 0 0 0 0 0 0 0 0 0 0 0 0 0 0 0 0 0 0 0 0 0 0 0 0 0 0 0 0 0 0 0 0 0 0 0 0 0 0 0 0 0 0 0 0 0 0 0 0 0 0 0 0 0 0 0 0 0 0 0 0 0 0 0 0 0 0 0 0 0 0 0 0 0 0 0 0 0 0 0 0 0 0 0 0 0 0 0 0 0 0 0 0 0 0 0 0 0 0 0 0 0 0 0 0 0 0 0 0 0 0 0 0 0 0 0 0 0 0 0 0 0 0 0 0 0 0 0 0 0 0 0 0 0 0 0 0 0 0 0 0 0 0 0 0 0 0 0 0 0 0 0 0 0 0 0 0 0 0 0 0 0 0 0 0 0 0 0 0 0 0 0 0 0 0 0 0 0 0 0 0 0 0 0 0 0 0 0 0 0 0 0 0 0 0 0 0 0 0 0 0 0 0 0 0 0 0 0 0 0 0 0 0 0 0 0 0 0 0 0 0 0 0 0 0 0 0 0 0 0 0 0 0 0 0 0 0 0 0 0 0 0 0 0 0 0 0 0 0 0 0 0 0 0 0 0 0 0 0 0 0 0 0 0 0 0 0 0 0 0 0 0 0 0 0 0 0 0 0 0 0 0 0 0 0 0 0 0 0 0 0 0 0 0 0 0 0 0 0 0 0 0 0 0 0 0 0 0 0 0 0 0 0 0 0 0 0 0 0 0 0 0 0 0 0 0 0 0 0 0 0 0 0 0 0 0 0 0 0 0 0 0 0 0 0 0 0 0 0 0 0 0 0 0 0 0 0 0 0 0 0 0 0 0 0 0 0 0 0 0 0 0 0 0 0 0 0 0 0 0 0 0 0 0 0 0 0 0 0 0 0 0 0 0 0 0 0 0 0 0 0 0 0 0 0 0 0 0 0 0 0 0 0 0 0 0 0 0 0 0 0 0 0 0 0 0 0 0 0 0 0 0 0 0 0 0 0 0 0 0 0 0 0 0 0 0 0 0 0 0 0 0 0 0 0 0 0 0 0 0 0 0 0 0 0 0 0 0 0 0 0 0 0 0 0 0 0 0 0 0 0 0 0 0 0 0 0 0 0 0 0 0 0 0 0 0 0 0 0 0 0 0 0 0 0 0 0 0 0 0 0 0 0 0 0 0 0 0 0 0 0 0 0 0 0 0 0 0 0 0 0 0 0 0 0 0 0 0 0 0 0 0 0 0 0 0 0 0 0 0 0 0 0 0 0 0 0 0 0 0 0 0 0 0 0 0 0 0 0 0 0 0 0 0 0 0 0 0 0 0 0 0 0 0 0 0 0 0 0 0 0 0 0 0 0 0 0 0 0 0 0 0 0 0 0 0 0 0 0 0 0 0 0 0 0 0 0 0 0 0 0 0 0 0 0 0 0 0 0 0 0 0 0 0 0 0 0 0 0 0 0 0 0 0 0 0 0 0 0 0 0 0 0 0 0 0 0 0 0 0 0 0 0 0 0 0 0 0 0 0 0 0 0 0 0 0 0 0 0 0 0 0 0 0 0 0 0 0 0 0 0 0 0 0 0 0 0 0 0 0 0 0 0 0 0 0 0 0 0 0 0 0 0 0 0 0 0 0 0 0 0 0 0 0 0 0 0 0 0 0 0 0 0 0 0 0 0 0 0 0 0 0 0 0 0 0 0 0 0 0 0 0 0 0 0 0 0 0 0 0 0 0 0 0 0 0 0 0 0 0 0 0 0 0 0 0 0 0 0 0 0 0 0 0 0 0 0 0 0 0 0 0 0 0 0 0 0 0 0 0 0 0 0 0 0 0 0 0 0 0 0 0 0 0 0 0 0 0 0 0 0 0 0 0 0 0 0 0 0 0 0 0 0 0 0 0 0 0 0 0 0 0 0 0 0 0 0 0 0 0 0 0 0 0 0 0 0 0 0 0 0 0 0 0 0 0 0 0 0 0 0 0 0 0 0 0 0 0 0 0 0 0 0 0 0 0 0 0 0 0 0 0 0 0 0 0 0 0 0 0 0 0 0 0 0 0 0 0 0 0 0 0 0 0 0 0 0 0 0 0 0 0 0 0 0 0 0 0 0 0 0 0 0 0 0 0 0 0 0 0 0 0 0 0 0 0 0 0 0 0 0 0 0 0 0 0 0 0 0 0 0 0 0 0 0 0 0 0 0 0 0 0 0 0 0 0 0 0 0 0 0 0 0 0 0 0 0 0 0 0 0 0 0 0 0 0 0 0 0 0 0 0 0 0 0 0 0 0 0 0 0 0 0 0 0 0 0 0 0 0 0 0 0 0 0 0 0 0 0 0 0 0 0 0 0 0 0 0 0 0 0 0 0 0 0 0 0 0 0 0 0 0 0 0 0 0 0 0 0 0 0 0 0 0 0 0 0 0 0 0 0 0 0 0 0 0 0 0 0 0 0 0 0 0 0 0 0 0 0 0 0 0 0 0 0 0 0 0 0 0 0 0 0 0 0 0 0 0 0 0 0 0 0 0 0 0 0 0 0 0 0 0 0 0 0 0 0 0 0 0 0 0 0 0 0 0 0 0 0 0 0 0 0 0 0 0 0 0 0 0 0 0 0 0 0 0 0 0 0 0 0 0 0 0 0 0 0 0 0 0 0 0 0 0 0 0 0 0 0 0 0 0 0 0 0 0 0 0 0 0 0 0 0 0 0 0 0 0 0 0 0 0 0 0 0 0 0 0 0 0 0 0 0 0 0 0 0 0 0 0 0 0 0 0 0 0 0 0 0 0 0 0 0 0 0 0 0 0 0 0 0 0 0 0 0 0 0 0 0 0 0 0 0 0 0 0 0 0 0 0 0 0 0 0 0 0 0 0 0 0 0 0 0 0 0 0 0 0 0 0 0 0 0 0 0 0 0 0 0 0 0 0 0 0 0 0 0 0 0 0 0 0 0 0 0 0 0 0 0 0 0 0 0 0 0 0 0 0 0 0 0 0 0 0 0 0 0 0 0 0 0 0
ctxt 10556296
btime 1613064757
processes 200745
procs_running 1
procs_blocked 0
softirq 217868261 1 143805297 2412 1769237 0 0 882 7007982 0 65282450
