cpu  22480678 4 27258 7032765 425 0 3177 0 0 0
cpu0 624218 0 927 195148 1 0 518 0 0 0
cpu1 624264 0 706 195667 1 0 138 0 0 0
cpu2 624294 0 717 195599 0 0 90 0 0 0
cpu3 624588 0 600 195439 4 0 26 0 0 0
cpu4 623400 0 1511 195459 2 0 294 0 0 0
cpu5 624223 0 826 195555 14 0 48 0 0 0
cpu6 624410 0 646 195579 2 0 25 0 0 0
cpu7 624257 0 806 195555 4 0 57 0 0 0
cpu8 624819 0 883 194937 1 0 28 0 0 0
cpu9 624230 0 997 195407 1 0 39 0 0 0
cpu10 624434 0 991 195164 4 0 70 0 0 0
cpu11 624126 0 898 195597 2 0 58 0 0 0
cpu12 624716 0 884 195024 4 0 37 0 0 0
cpu13 624547 0 784 195254 49 0 36 0 0 0
cpu14 623826 0 1124 195664 4 0 47 0 0 0
cpu15 623968 0 996 195644 5 0 66 0 0 0
cpu16 624051 0 887 195638 1 0 91 0 0 0
cpu17 624383 0 659 195562 5 0 54 0 0 0
cpu18 624632 0 406 195592 5 0 33 0 0 0
cpu19 624368 0 636 195623 1 0 41 0 0 0
cpu20 624680 0 390 195564 3 0 30 0 0 0
cpu21 624630 0 407 195617 9 0 6 0 0 0
cpu22 624370 0 568 195665 12 0 60 0 0 0
cpu23 624591 0 400 195663 2 0 6 0 0 0
cpu24 622972 0 1381 195349 15 0 934 0 0 0
cpu25 624475 0 515 195659 3 0 21 0 0 0
cpu26 624529 0 529 195584 7 0 10 0 0 0
cpu27 624694 0 798 195129 0 0 53 0 0 0
cpu28 625899 0 766 193881 81 0 12 0 0 0
cpu29 624901 0 570 195148 33 0 22 0 0 0
cpu30 625510 0 616 194445 54 0 11 0 0 0
cpu31 624694 3 818 195066 40 0 48 0 0 0
cpu32 625223 0 884 194505 6 0 48 0 0 0
cpu33 624368 0 798 195396 12 0 78 0 0 0
cpu34 624715 0 499 195403 15 0 16 0 0 0
cpu35 624658 0 420 195568 1 0 13 0 0 0
intr 62132688 56 0 0 0 610 0 0 0 1 0 275 0 0 0 0 0 0 0 0 0 0 0 0 0 0 0 0 0 0 0 0 0 94 733 325 125 301 860 671 131 479 84 260 326 323 274 1492 453 393 316 398 283 229 193 1418 3734 0 0 0 0 203 1675 572 452 110 10041 3721 4011 1769 547 724 306 169 0 16 11331 1 0 25514 2762 4303 1471 1450 802 419 4533 1487 3998 1822 6686 4156 1683 4348 2218 3863 1267 3618 4384 6107 1886 3664 1043 188522 5542 1383 3220 844 5308 1125 1344 5279 2650 1323 2347 0 16 7881 1 0 0 0 0 0 0 0 0 0 0 0 0 0 0 0 0 0 0 0 0 0 0 0 0 0 0 0 0 0 0 0 0 0 0 0 0 0 24 0 0 0 0 0 0 0 0 0 0 0 0 0 0 0 0 0 0 0 0 0 0 0 0 0 0 0 0 0 0 0 0 0 0 0 0 0 0 0 0 0 0 0 0 0 0 0 0 0 0 0 0 0 0 0 0 0 0 0 0 0 0 0 0 0 0 0 0 0 0 0 0 0 0 0 0 0 0 0 0 0 0 0 0 0 0 0 0 0 0 0 0 0 0 0 0 0 0 0 0 0 0 0 0 0 0 0 0 0 0 0 0 0 0 0 0 0 0 0 0 0 0 0 0 0 0 0 0 0 0 0 0 0 0 0 0 0 0 0 0 0 0 0 0 0 0 0 0 0 0 0 0 0 0 0 0 0 0 0 0 0 0 0 0 0 0 0 0 0 0 0 0 0 0 0 0 0 0 0 0 0 0 0 0 0 0 0 0 0 0 0 0 0 0 0 0 0 0 0 0 0 0 0 0 0 0 0 0 0 0 0 0 0 0 0 0 0 0 0 0 0 0 0 0 0 0 0 0 0 0 0 0 0 0 0 0 0 0 0 0 0 0 0 0 0 0 0 0 0 0 0 0 0 0 0 0 0 0 0 0 0 0 0 0 0 0 0 0 0 0 0 0 0 0 0 0 0 0 0 0 0 0 0 0 0 0 0 0 0 0 0 0 0 0 0 0 0 0 0 0 0 0 0 0 0 0 0 0 0 0 0 0 0 0 0 0 0 0 0 0 0 0 0 0 0 0 0 0 0 0 0 0 0 0 0 0 0 0 0 0 0 0 0 0 0 0 0 0 0 0 0 0 0 0 0 0 0 0 0 0 0 0 0 0 0 0 0 0 0 0 0 0 0 0 0 0 0 0 0 0 0 0 0 0 0 0 0 0 0 0 0 0 0 0 0 0 0 0 0 0 0 0 0 0 0 0 0 0 0 0 0 0 0 0 0 0 0 0 0 0 0 0 0 0 0 0 0 0 0 0 0 0 0 0 0 0 0 0 0 0 0 0 0 0 0 0 0 0 0 0 0 0 0 0 0 0 0 0 0 0 0 0 0 0 0 0 0 0 0 0 0 0 0 0 0 0 0 0 0 0 0 0 0 0 0 0 0 0 0 0 0 0 0 0 0 0 0 0 0 0 0 0 0 0 0 0 0 0 0 0 0 0 0 0 0 0 0 0 0 0 0 0 0 0 0 0 0 0 0 0 0 0 0 0 0 0 0 0 0 0 0 0 0 0 0 0 0 0 0 0 0 0 0 0 0 0 0 0 0 0 0 0 0 0 0 0 0 0 0 0 0 0 0 0 0 0 0 0 0 0 0 0 0 0 0 0 0 0 0 0 0 0 0 0 0 0 0 0 0 0 0 0 0 0 0 0 0 0 0 0 0 0 0 0 0 0 0 0 0 0 0 0 0 0 0 0 0 0 0 0 0 0 0 0 0 0 0 0 0 0 0 0 0 0 0 0 0 0 0 0 0 0 0 0 0 0 0 0 0 0 0 0 0 0 0 0 0 0 0 0 0 0 0 0 0 0 0 0 0 0 0 0 0 0 0 0 0 0 0 0 0 0 0 0 0 0 0 0 0 0 0 0 0 0 0 0 0 0 0 0 0 0 0 0 0 0 0 0 0 0 0 0 0 0 0 0 0 0 0 0 0 0 0 0 0 0 0 0 0 0 0 0 0 0 0 0 0 0 0 0 0 0 0 0 0 0 0 0 0 0 0 0 0 0 0 0 0 0 0 0 0 0 0 0 0 0 0 0 0 0 0 0 0 0 0 0 0 0 0 0 0 0 0 0 0 0 0 0 0 0 0 0 0 0 0 0 0 0 0 0 0 0 0 0 0 0 0 0 0 0 0 0 0 0 0 0 0 0 0 0 0 0 0 0 0 0 0 0 0 0 0 0 0 0 0 0 0 0 0 0 0 0 0 0 0 0 0 0 0 0 0 0 0 0 0 0 0 0 0 0 0 0 0 0 0 0 0 0 0 0 0 0 0 0 0 0 0 0 0 0 0 0 0 0 0 0 0 0 0 0 0 0 0 0 0 0 0 0 0 0 0 0 0 0 0 0 0 0 0 0 0 0 0 0 0 0 0 0 0 0 0 0 0 0 0 0 0 0 0 0 0 0 0 0 0 0 0 0 0 0 0 0 0 0 0 0 0 0 0 0 0 0 0 0 0 0 0 0 0 0 0 0 0 0 0 0 0 0 0 0 0 0 0 0 0 0 0 0 0 0 0 0 0 0 0 0 0 0 0 0 0 0 0 0 0 0 0 0 0 0 0 0 0 0 0 0 0 0 0 0 0 0 0 0 0 0 0 0 0 0 0 0 0 0 0 0 0 0 0 0 0 0 0 0 0 0 0 0 0 0 0 0 0 0 0 0 0 0 0 0 0 0 0 0 0 0 0 0 0 0 0 0 0 0 0 0 0 0 0 0 0 0 0 0 0 0 0 0 0 0 0 0 0 0 0 0 0 0 0 0
ctxt 16536297
btime 1613124388
processes 416395
procs_running 1
procs_blocked 0
softirq 80818446 1 46448505 685 3141366 0 0 310295 2130363 0 28787231
