cpu  65805291 7 63351 29466376 522 0 4760 0 0 0
cpu0 512913 0 1726 229485 0 0 370 0 0 0
cpu1 513784 0 529 230483 2 0 49 0 0 0
cpu2 513162 0 1244 230337 0 0 79 0 0 0
cpu3 512388 0 1667 230622 7 0 98 0 0 0
cpu4 513866 0 689 230281 1 0 49 0 0 0
cpu5 514214 0 272 230316 0 0 77 0 0 0
cpu6 513760 0 827 230225 0 0 33 0 0 0
cpu7 513160 0 1325 230240 0 0 84 0 0 0
cpu8 514124 0 547 230166 0 0 43 0 0 0
cpu9 514465 0 260 230152 1 0 8 0 0 0
cpu10 513597 0 1056 230133 0 0 90 0 0 0
cpu11 513746 0 842 230199 0 0 76 0 0 0
cpu12 513606 0 721 230439 0 0 84 0 0 0
cpu13 514038 0 443 230361 0 0 32 0 0 0
cpu14 513567 0 1016 230224 0 0 70 0 0 0
cpu15 513708 0 833 230259 0 0 62 0 0 0
cpu16 514320 0 295 230254 0 0 9 0 0 0
cpu17 514163 0 258 230434 0 0 14 0 0 0
cpu18 513328 0 1293 230151 0 0 108 0 0 0
cpu19 513909 0 726 230169 2 0 53 0 0 0
cpu20 514232 0 270 230354 0 0 12 0 0 0
cpu21 514274 0 250 230348 0 0 16 0 0 0
cpu22 513787 0 830 230165 0 0 92 0 0 0
cpu23 513667 2 841 230269 0 0 70 0 0 0
cpu24 514429 0 346 230084 0 0 18 0 0 0
cpu25 514610 0 368 229870 1 0 18 0 0 0
cpu26 513345 0 973 230384 0 0 134 0 0 0
cpu27 513727 0 775 230233 0 0 81 0 0 0
cpu28 514526 0 318 229945 0 0 4 0 0 0
cpu29 514240 0 304 230303 0 0 12 0 0 0
cpu30 514250 0 446 230163 0 0 19 0 0 0
cpu31 513845 0 770 230174 1 0 62 0 0 0
cpu32 514059 0 444 230334 0 0 36 0 0 0
cpu33 514224 0 216 230170 0 0 210 0 0 0
cpu34 514098 0 551 230178 0 0 54 0 0 0
cpu35 514084 0 845 229863 3 0 60 0 0 0
cpu36 514393 0 326 230137 0 0 6 0 0 0
cpu37 513817 0 190 230845 0 0 12 0 0 0
cpu38 513959 0 594 230280 0 0 38 0 0 0
cpu39 514074 0 984 229726 6 0 76 0 0 0
cpu40 514469 0 224 230162 0 0 11 0 0 0
cpu41 514486 0 202 230172 1 0 11 0 0 0
cpu42 513992 0 507 230331 0 0 36 0 0 0
cpu43 514504 0 760 229491 29 0 58 0 0 0
cpu44 512455 0 490 231838 0 0 43 0 0 0
cpu45 514938 0 360 229539 1 0 20 0 0 0
cpu46 513899 0 590 230332 3 0 34 0 0 0
cpu47 514967 0 952 228828 2 0 66 0 0 0
cpu48 514338 0 283 230230 0 0 15 0 0 0
cpu49 514417 0 248 230168 0 0 20 0 0 0
cpu50 514157 0 544 230125 1 0 44 0 0 0
cpu51 513850 0 720 230192 2 0 55 0 0 0
cpu52 514243 0 238 230371 0 0 10 0 0 0
cpu53 514285 0 256 230303 2 0 15 0 0 0
cpu54 514202 0 345 230296 0 0 18 0 0 0
cpu55 514097 0 433 230297 5 0 20 0 0 0
cpu56 514275 0 271 230296 0 0 20 0 0 0
cpu57 514161 0 216 230467 0 0 12 0 0 0
cpu58 514049 0 560 230209 3 0 47 0 0 0
cpu59 513927 0 464 230339 77 0 34 0 0 0
cpu60 513948 0 454 230417 2 0 44 0 0 0
cpu61 514391 0 184 230280 0 0 12 0 0 0
cpu62 514306 0 339 230196 0 0 21 0 0 0
cpu63 514250 0 474 230089 0 0 27 0 0 0
cpu64 513517 0 940 230274 1 0 122 0 0 0
cpu65 513912 0 382 230504 0 0 27 0 0 0
cpu66 513424 0 782 230604 3 0 30 0 0 0
cpu67 513705 0 746 230233 88 0 34 0 0 0
cpu68 514102 0 365 230359 0 0 9 0 0 0
cpu69 514110 0 322 230401 1 0 10 0 0 0
cpu70 513915 0 617 230307 0 0 20 0 0 0
cpu71 513996 0 694 230097 31 0 23 0 0 0
cpu72 514390 0 312 230147 0 0 9 0 0 0
cpu73 514197 0 233 230416 0 0 10 0 0 0
cpu74 513979 0 673 230177 0 0 40 0 0 0
cpu75 513837 0 619 230314 2 0 50 0 0 0
cpu76 514192 0 244 230399 0 0 10 0 0 0
cpu77 514224 0 316 230299 1 0 12 0 0 0
cpu78 512628 0 784 231336 0 0 50 0 0 0
cpu79 513783 0 582 230403 4 0 30 0 0 0
cpu80 514500 0 195 230162 1 0 2 0 0 0
cpu81 514259 0 164 230415 0 0 7 0 0 0
cpu82 513504 0 868 230396 0 0 66 0 0 0
cpu83 513768 0 515 230480 1 0 48 0 0 0
cpu84 514527 0 200 230119 0 0 5 0 0 0
cpu85 514120 0 248 230460 0 0 13 0 0 0
cpu86 514164 0 551 230105 1 0 32 0 0 0
cpu87 513697 1 760 230283 4 0 98 0 0 0
cpu88 514194 0 417 230217 0 0 25 0 0 0
cpu89 514350 0 167 230326 0 0 9 0 0 0
cpu90 513878 0 588 230336 0 0 40 0 0 0
cpu91 513634 0 635 230465 1 0 63 0 0 0
cpu92 514436 0 194 230211 1 0 3 0 0 0
cpu93 514334 0 168 230330 0 0 10 0 0 0
cpu94 514063 0 299 230475 0 0 10 0 0 0
cpu95 513938 0 532 230314 1 0 24 0 0 0
cpu96 514343 0 239 230243 5 0 8 0 0 0
cpu97 514391 0 163 230285 0 0 6 0 0 0
cpu98 514392 0 280 230155 0 0 16 0 0 0
cpu99 514246 2 592 229976 2 0 40 0 0 0
cpu100 514495 0 168 230183 0 0 2 0 0 0
cpu101 514328 0 176 230336 1 0 5 0 0 0
cpu102 514312 0 288 230237 0 0 12 0 0 0
cpu103 514490 0 658 229645 5 0 44 0 0 0
cpu104 514459 0 196 230183 0 0 1 0 0 0
cpu105 514412 0 162 230255 1 0 10 0 0 0
cpu106 513902 0 364 230539 0 0 15 0 0 0
cpu107 514466 0 586 229729 8 0 52 0 0 0
cpu108 514407 0 202 230219 7 0 3 0 0 0
cpu109 514373 0 182 230275 1 0 13 0 0 0
cpu110 514168 0 307 230337 0 0 20 0 0 0
cpu111 516188 0 1034 227499 1 0 80 0 0 0
cpu112 514556 0 196 230091 0 0 4 0 0 0
cpu113 514324 0 173 230326 0 0 12 0 0 0
cpu114 514027 0 576 230179 11 0 49 0 0 0
cpu115 515451 0 572 228706 70 0 11 0 0 0
cpu116 514254 0 223 230354 1 0 6 0 0 0
cpu117 514392 0 185 230247 0 0 8 0 0 0
cpu118 514417 0 206 230204 0 0 3 0 0 0
cpu119 514361 0 568 229840 4 0 45 0 0 0
cpu120 514585 0 180 230076 0 0 4 0 0 0
cpu121 514404 0 165 230269 2 0 4 0 0 0
cpu122 514080 0 388 230349 0 0 17 0 0 0
cpu123 514243 0 527 229967 54 0 22 0 0 0
cpu124 514294 0 233 230302 2 0 13 0 0 0
cpu125 514418 0 237 230173 0 0 5 0 0 0
cpu126 514459 0 227 230142 1 0 3 0 0 0
cpu127 514264 0 616 229905 1 0 18 0 0 0
intr 186351352 130 0 0 0 683 0 0 0 1 0 285 0 0 0 0 0 0 0 0 0 0 0 0 0 0 0 0 0 0 0 0 0 0 0 0 260 0 976 7097 1756 16465 2007 22012 3405 8512 1847 682 1286 6907 135 2572 5812 9018 157 655 1067 7517 1186 2520 591 10060 446 2427 1192 5748 1506 1374 745 7895 554 64333 517 11399 483 845 272 6120 1408 928 1372 9545 1284 761 998 11196 473 1762 1564 4145 380 1449 433 3476 299 1461 954 7243 153 1132 3633 4438 885 6232 4124 13169 2223 3664 1158 7555 1005 762 760 7681 598 2331 1115 8314 134 445 539 7848 1102 3592 569 10162 567 1151 753 7788 429 1768 925 9656 513 975 346 4748 399 580 241 5355 701 731 2009 4058 1129 2212 788 6789 200 1159 757 1608 526 1119 613 0 0 0 0 0 0 0 0 0 0 163 189 1 62 4 80 368 18 155 1 3 0 9 0 6 0 10 158 11 3 764 21 128 2 86 398 192 19 271 62 483 38 93 0 0 0 0 0 0 0 0 0 0 0 0 0 0 0 0 0 179 10 191 26 97 34 24 1 111 3 85 0 6 26 104 136 39 19 91 19 35 76 0 0 8 0 105 28 0 83 0 1 1 0 6 385 0 0 37 6395 5260 120 424 471 763 463 245 219 253 872 172 202 402 3008 77 131 225 582 66 9908 117 546 85 0 0 0 0 0 0 0 0 0 0 0 0 0 0 0 0 0 0 0 0 0 0 0 0 0 0 0 0 0 0 0 0 0 0 0 0 0 0 0 0 0 0 0 0 0 0 0 0 0 0 0 0 0 0 0 0 0 0 0 0 0 0 0 0 0 0 0 0 0 0 0 0 0 0 0 0 0 0 0 0 0 0 0 0 0 0 0 0 0 0 0 0 0 0 0 0 0 0 0 0 0 0 0 0 0 0 0 0 0 0 0 0 0 0 0 0 0 0 0 0 0 0 0 0 0 0 0 0 0 0 0 0 0 0 0 0 0 0 0 0 0 0 0 0 0 0 0 0 0 0 0 0 0 0 0 0 0 0 0 0 0 0 0 0 0 0 0 0 0 0 0 0 0 0 0 0 0 0 0 0 0 0 0 0 0 0 0 0 0 0 0 0 0 0 0 0 0 0 0 0 0 0 0 0 0 0 0 0 0 0 0 0 0 0 0 0 0 0 0 0 0 0 0 0 0 0 0 0 0 0 0 0 0 0 0 0 0 0 0 0 0 0 0 0 0 0 0 0 0 0 0 0 0 0 0 0 0 0 0 0 0 0 0 0 0 0 0 0 0 0 0 0 0 0 0 0 0 0 0 0 0 0 0 0 0 0 0 0 0 0 0 0 0 0 0 0 0 0 0 0 0 0 0 0 0 0 0 0 0 0 0 0 0 0 0 0 0 0 0 0 0 0 0 0 0 0 0 0 0 0 0 0 0 0 0 0 0 0 0 0 0 0 0 0 0 0 0 0 0 0 0 0 0 0 0 0 0 0 0 0 0 0 0 0 0 0 0 0 0 0 0 0 0 0 0 0 0 0 0 0 0 0 0 0 0 0 0 0 0 0 0 0 0 0 0 0 0 0 0 0 0 0 0 0 0 0 0 0 0 0 0 0 0 0 0 0 0 0 0 0 0 0 0 4 0 0 0 0 0 0 0 47 0 0 48 0 0 0 0 0 0 0 0 0 0 0 0 1 0 0 0 0 0 0 0 0 0 0 0 0 0 0 0 0 0 0 0 0 0 0 0 0 0 0 0 0 0 0 0 0 0 0 0 0 0 0 0 0 0 0 0 0 0 0 0 0 0 0 0 0 0 0 0 0 0 0 0 0 0 0 0 0 0 0 0 0 0 20 0 0 0 0 0 0 0 0 0 0 0 0 0 0 0 0 0 0 0 0 0 0 0 0 0 0 0 0 0 0 0 0 0 0 0 0 0 0 0 0 0 0 0 0 0 0 0 0 0 0 0 0 0 0 0 0 0 0 0 0 0 0 0 0 0 0 0 0 0 0 0 0 0 0 0 0 0 0 0 0 0 0 0 0 0 0 0 0 0 0 0 0 0 0 0 0 0 0 0 0 0 0 0 0 0 0 0 0 0 0 0 0 0 0 0 0 0 0 0 0 0 0 0 0 0 0 0 0 0 0 0 0 0 0 0 0 0 0 0 0 0 0 0 0 0 0 0 0 0 0 0 0 0 0 0 0 0 0 0 0 0 0 0 0 0 0 0 0 0 0 0 0 0 0 0 0 0 0 0 0 0 0 0 0 0 0 0 0 0 0 0 0 0 0 0 0 0 0 0 0 0 0 0 0 0 0 0 0 0 0 0 0 0 0 0 0 0 0 0 0 0 0 0 0 0 0 0 0 0 0 0 0 0 0 0 0 0 0 0 0 0 0 0 0 0 0 0 0 0 0 0 0 0 0 0 0 0 0 0 0 0 0 0 0 0 0 0 0 0 0 0 0 0 0 0 0 0 0 0 0 0 0 0 0 0 0 0 0 0 0 0 0 0 0 0 0 0 0 0 0 0 0 0 0 0 0 0 0 0 0 0 0 0 0 0 0 0 0 0 0 0 0 0 0 0 0 0 0 0 0 0 0 0 0 0 0 0 0 0 0 0 0 0 0 0 0 0 0 0 0 0 0 0 0 0 0 0 0 0 0 0 0 0 0 0 0 0 0 0 0 0 0 0 0 0 0 0 0 0 0 0 0 0 0 0 0 0 0 0 0 0 0 0 0 0 0 0 0 0 0 0 0 0 0 0 0 0 0 0 0 0 0 0 0 0 0 0 0 0 0 0 0 0 0 0 0 0 0 0 0 0 0 0 0 0 0 0 0 0 0 0 0 0 0 0 0 0 0 0 0 0 0 0 0 0 0 0 0 0 0 0 0 0 0 0 0 0 0 0 0 0 0 0 0 0 0 0 0 0 0 0 0 0 0 0 0 0 0 0 0 0 0 0 0 0 0 0 0 0 0 0 0 0 0 0 0 0 0 0 0 0 0 0 0 0 0 0 0 0 0 0 0 0 0 0 0 0 0 0 0 0 0 0 0 0 0 0 0 0 0 0 0 0 0 0 0 0 0 0 0 0 0 0 0 0 0 0 0 0 0 0 0 0 0 0 0 0 0 0 0 0 0 0 0 0 0 0 0 0 0 0 0 0 0 0 0 0 0 0 0 0 0 0 0 0 0 0 0 0 0 0 0 0 0 0 0 0 0 0 0 0 0 0 0 0 0 0 0 0 0 0 0 0 0 0 0 0 0 0 0 0 0 0 0 0 0 0 0 0 0 0 0 0 0 0 0 0 0 0 0 0 0 0 0 0 0 0 0 0 0 0 0 0 0 0 0 0 0 0 0 0 0 0 0 0 0 0 0 0 0 0 0 0 0 0 0 0 0 0 0 0 0 0 0 0 0 0 0 0 0 0 0 0 0 0 0 0 0 0 0 0 0 0 0 0 0 0 0 0 0 0 0 0 0 0 0 0 0 0 0 0 0 0 0 0 0 0 0 0 0 0 0 0 0 0 0 0 0 0 0 0 0 0 0 0 0 0 0 0 0 0 0 0 0 0 0 0 0 0 0 0 0 0 0 0 0 0 0 0 0 0 0 0 0 0 0 0 0 0 0 0 0 0 0 0 0 0 0 0 0 0 0 0 0 0 0 0 0 0 0 0 0 0 0 0 0 0 0 0 0 0 0 0 0 0 0 0 0 0 0 0 0 0 0 0 0 0 0 0 0 0 0 0 0 0 0 0 0 0 0 0 0 0 0 0 0 0 0 0 0 0 0 0 0 0 0 0 0 0 0 0 0 0 0 0 0 0 0 0 0 0 0 0 0 0 0 0 0 0 0 0 0 0 0 0 0 0 0 0 0 0 0 0 0 0 0 0 0 0 0 0 0 0 0 0 0 0 0 0 0 0 0 0 0 0 0 0 0 0 0 0 0 0 0 0 0 0 0 0 0 0 0 0 0 0 0 0 0 0 0 0 0 0 0 0 0 0 0 0 0 0 0 0 0 0 0 0 0 0 0 0 0 0 0 0 0 0 0 0 0 0 0 0 0 0 0 0 0 0 0 0 0 0 0 0 0 0 0 0 0 0 0 0 0 0 0 0 0 0 0 0 0 0 0 0 0 0 0 0 0 0 0 0 0 0 0 0 0 0 0 0 0 0 0 0 0 0 0 0 0 0 0 0 0 0 0 0 0 0 0 0 0 0 0 0 0 0 0 0 0 0 0 0 0 0 0 0 0 0 0 0 0 0 0 0 0 0 0 0 0 0 0 0 0 0 0 0 0 0 0 0 0 0 0 0 0 0 0 0 0 0 0 0 0 0 0 0 0 0 0 0 0 0 0 0 0 0 0 0 0 0 0 0 0 0 0 0 0 0 0 0 0 0 0 0 0 0 0 0 0 0 0 0 0 0 0 0 0 0 0 0 0 0 0 0 0 0 0 0 0 0 0 0 0 0 0 0 0 0 0 0 0 0 0 0 0 0 0 0 0 0 0 0 0 0 0 0 0 0 0 0 0 0 0 0 0 0 0 0 0 0 0 0 0 0 0 0 0 0 0 0 0 0 0 0 0 0 0 0 0 0 0 0 0 0 0 0 0 0 0 0 0 0 0 0 0 0 0 0 0 0 0 0 0 0 0 0 0 0 0 0 0 0 0 0 0 0 0 0 0 0 0 0 0 0 0 0 0 0 0 0 0 0 0 0 0 0 0 0 0 0 0 0 0 0 0 0 0 0 0 0 0 0 0 0 0 0 0 0 0 0 0 0 0 0 0 0 0 0 0 0 0 0 0 0 0 0 0 0 0 0 0 0 0 0 0 0 0 0 0 0 0 0 0 0 0 0 0 0 0 0 0 0 0 0 0 0 0 0 0 0 0 0 0 0 0 0 0 0 0 0 0 0 0 0 0 0 0 0 0 0 0 0 0 0 0 0 0 0 0 0 0 0 0 0 0 0 0 0 0 0 0 0 0 0 0 0 0 0 0 0 0 0 0 0 0 0 0 0 0 0 0 0 0 0 0 0 0 0 0 0 0 0 0 0 0 0 0 0 0 0 0 0 0 0 0 0 0 0 0 0 0 0 0 0 0 0 0 0 0 0 0 0 0 0 0 0 0 0 0 0 0 0 0 0 0 0 0 0 0 0 0 0 0 0 0 0 0 0 0 0 0 0 0 0 0 0 0 0 0 0 0 0 0 0 0 0 0 0 0 0 0 0 0 0 0 0 0 0 0 0 0 0 0 0 0 0 0 0 0 0 0 0 0 0 0 0 0 0 0 0 0 0 0 0 0 0 0 0 0 0 0 0 0 0 0 0 0 0 0 0 0 0 0 0 0 0 0 0 0 0 0 0 0 0 0 0 0 0 0 0 0 0 0 0 0 0 0 0 0 0 0 0 0 0 0 0 0 0 0 0 0 0 0 0 0 0 0 0 0 0 0 0 0 0 0 0 0 0 0 0 0 0 0 0 0 0 0 0 0 0 0 0 0 0 0 0 0 0 0 0 0 0 0 0 0 0 0 0 0 0 0 0 0 0 0 0 0 0 0 0 0 0 0 0 0 0 0 0 0 0 0 0 0 0 0 0 0 0 0 0 0 0 0 0 0 0 0 0 0 0 0 0 0 0 0 0 0 0 0 0 0 0 0 0 0 0 0 0 0 0 0 0 0 0 0 0 0 0 0 0 0 0 0 0 0 0 0 0 0 0 0 0 0 0 0 0 0 0 0 0 0 0 0 0 0 0 0 0 0 0 0 0 0 0 0 0 0 0 0 0 0 0 0 0 0 0 0 0 0 0 0 0 0 0 0 0 0 0 0 0 0 0 0 0 0 0 0 0 0 0 0 0 0 0 0 0 0 0 0 0 0 0 0 0 0 0 0 0 0 0 0 0 0 0 0 0 0 0 0 0 0 0 0 0 0 0 0 0 0 0 0 0 0 0 0 0 0 0 0 0 0 0 0 0 0 0 0 0 0 0 0 0 0 0 0 0 0 0 0 0 0 0 0 0 0 0 0 0 0 0 0 0 0 0 0 0 0 0 0 0 0 0 0 0 0 0 0 0 0 0 0 0 0 0 0 0 0 0 0 0 0 0 0 0 0 0 0 0 0 0 0 0 0 0 0 0 0 0 0 0 0 0 0 0 0 0 0 0 0 0 0 0 0 0 0 0 0 0 0 0 0 0 0 0 0 0 0 0 0 0 0 0 0 0 0 0 0 0 0 0 0 0 0 0 0 0 0 0 0 0 0 0 0 0 0 0 0 0 0 0 0 0 0 0 0 0 0 0 0 0 0 0 0 0 0 0 0 0 0 0 0 0 0 0 0 0 0 0 0 0 0 0 0 0 0 0 0 0 0 0 0 0 0 0 0 0 0 0 0 0 0 0 0 0 0 0 0 0 0 0 0 0 0 0 0 0 0 0 0 0 0 0 0 0 0 0 0 0 0 0 0 0 0 0 0 0 0 0 0 0 0 0 0 0 0 0 0 0 0 0 0 0 0 0 0 0 0 0 0 0 0 0 0 0 0 0 0 0 0 0 0 0 0 0 0 0 0 0 0 0 0 0 0 0 0 0 0 0 0 0 0 0 0 0 0 0 0 0 0 0 0 0 0 0 0 0 0 0 0 0 0 0 0 0 0 0 0 0 0 0 0 0 0 0 0 0 0 0 0 0 0 0 0 0 0 0 0 0 0 0 0 0 0 0 0 0 0 0 0 0 0 0 0 0 0 0 0 0 0 0 0 0 0 0 0 0 0 0 0 0 0 0 0 0 0 0 0 0 0 0 0 0 0 0 0 0 0 0 0 0 0 0 0 0 0 0 0 0 0 0 0 0 0 0 0 0 0 0 0 0 0 0 0 0 0 0 0 0 0 0 0 0 0 0 0 0 0 0 0 0 0 0 0 0 0 0 0 0 0 0 0 0 0 0 0 0 0 0 0 0 0 0 0 0 0 0 0 0 0 0 0 0 0 0 0 0 0 0 0 0 0 0 0 0 0 0 0 0 0 0 0 0 0 0 0 0 0 0 0 0 0 0 0 0 0 0 0 0 0 0 0 0 0 0 0 0 0 0 0 0 0 0 0 0 0 0 0 0 0 0 0 0 0 0 0 0 0 0 0 0 0 0 0 0 0 0 0 0 0 0 0 0 0 0 0 0 0 0 0 0 0 0 0 0 0 0 0 0 0 0 0 0 0 0 0 0 0 0 0 0 0 0 0 0 0 0 0 0 0 0 0 0 0 0 0 0 0 0 0 0 0 0 0 0 0 0 0 0 0 0 0 0 0 0 0 0 0 0 0 0 0 0 0 0 0 0 0 0 0 0 0 0 0 0 0 0 0 0 0 0 0 0 0 0 0 0 0 0 0 0 0 0 0 0 0 0 0 0 0 0 0 0 0 0 0 0 0 0 0 0 0 0 0 0 0 0 0 0 0 0 0 0 0 0 0 0 0 0 0 0 0 0 0 0 0 0 0 0 0 0 0 0 0 0 0 0 0 0 0 0 0 0 0 0 0 0 0 0 0 0 0 0 0 0 0 0 0 0 0 0 0 0 0 0 0 0 0 0 0 0 0 0 0 0 0 0 0 0 0 0 0 0 0 0 0 0 0 0 0 0 0 0 0 0 0 0 0 0 0 0 0 0 0 0 0 0 0 0 0 0 0 0 0 0 0 0 0 0 0 0 0 0 0 0 0 0 0 0 0 0 0 0 0 0 0 0 0 0 0 0 0 0 0 0 0 0 0 0 0 0 0 0 0 0 0 0 0 0 0 0 0 0 0 0 0 0 0 0 0 0 0 0 0 0 0 0 0 0 0 0 0 0 0 0 0 0 0 0 0 0 0 0 0 0 0 0 0 0 0 0 0 0 0 0 0 0 0 0 0 0 0 0 0 0 0 0 0 0 0 0 0 0 0 0 0 0 0 0 0 0 0 0 0 0 0 0 0 0 0 0 0 0 0 0 0 0 0 0 0 0 0 0 0 0 0 0 0 0 0 0 0 0 0 0 0 0 0 0 0 0 0 0 0 0 0 0 0 0 0 0 0 0 0 0 0 0 0 0 0 0 0 0 0 0 0 0 0 0 0 0 0 0 0 0 0 0 0 0 0 0 0 0 0 0 0 0 0 0 0 0 0 0 0 0 0 0 0 0 0 0 0 0 0 0 0 0 0 0 0 0 0 0 0 0 0 0 0 0 0 0 0 0 0 0 0 0 0 0 0 0 0 0 0 0 0 0 0 0 0 0 0 0 0 0 0 0 0 0 0 0 0 0 0 0 0 0 0 0 0 0 0 0 0 0 0 0 0 0 0 0 0 0 0 0 0 0 0 0 0 0 0 0 0 0 0 0 0 0 0 0 0 0 0 0 0 0 0 0 0 0 0 0 0 0 0 0 0 0 0 0 0 0 0 0 0 0 0 0 0 0 0 0 0 0 0 0 0 0 0 0 0 0 0 0 0 0 0 0 0 0 0 0 0 0 0 0 0 0 0 0 0 0 0 0 0 0 0 0 0 0 0 0 0 0 0 0 0 0 0 0 0 0 0 0 0 0 0 0 0 0 0 0 0 0 0 0 0 0 0 0 0 0 0 0 0 0 0 0 0 0 0 0 0 0 0 0 0 0 0 0 0 0 0 0 0 0 0 0 0 0 0 0 0 0 0 0 0 0 0 0 0 0 0 0 0 0 0 0 0 0 0 0 0 0 0 0 0 0 0 0 0 0 0 0 0 0 0 0 0 0 0 0 0 0 0 0 0 0 0 0 0 0 0 0 0 0 0 0 0 0 0 0 0 0 0 0 0 0 0 0 0 0 0 0 0 0 0 0 0 0 0 0 0 0 0 0 0 0 0 0 0 0 0 0 0 0 0 0 0 0 0 0 0 0 0 0 0 0 0 0 0 0 0 0 0 0 0 0 0 0 0 0 0 0 0 0 0 0 0 0 0 0 0 0 0 0 0 0 0 0 0 0 0 0 0 0 0 0 0 0 0 0 0 0 0 0 0 0 0 0 0 0 0 0 0 0 0 0 0 0 0 0 0 0 0 0 0 0 0 0 0 0 0 0 0 0 0 0 0 0 0 0 0 0 0 0 0 0 0 0 0 0 0 0 0 0 0 0 0 0 0 0 0 0 0 0 0 0 0 0 0 0 0 0 0 0 0 0 0 0 0 0 0 0 0 0 0 0 0 0 0 0 0 0 0 0 0 0 0 0 0 0 0 0 0 0 0 0 0 0 0 0 0 0 0 0 0 0 0 0 0 0 0 0 0 0 0 0 0 0 0 0 0 0 0 0 0 0 0 0 0 0 0 0 0 0 0 0 0 0 0 0 0 0 0 0 0 0 0 0 0 0 0 0 0 0 0 0 0 0 0 0 0 0 0 0 0 0 0 0 0 0 0 0 0 0 0 0 0 0 0 0 0 0 0 0 0 0 0 0 0 0 0 0 0 0 0 0 0 0 0 0 0 0 0 0 0 0 0 0 0 0 0 0 0 0 0 0 0 0 0 0 0 0 0 0 0 0 0 0 0 0 0 0 0 0 0 0 0 0 0 0 0 0 0 0 0 0 0 0 0 0 0 0 0 0 0 0 0 0 0 0 0 0 0 0 0 0 0 0 0 0 0 0 0 0 0 0 0 0 0 0 0 0 0 0 0 0 0 0 0 0 0 0 0 0 0 0 0 0 0 0 0 0 0 0 0 0 0 0 0 0 0 0 0 0 0 0 0 0 0 0 0 0 0 0 0 0 0 0 0 0 0 0 0 0 0 0 0 0 0 0 0 0 0 0 0 0 0 0 0 0 0 0 0 0 0 0 0 0 0 0 0 0 0 0 0 0 0 0 0 0 0 0 0 0 0 0 0 0 0 0 0 0 0 0 0 0 0 0 0 0 0 0 0 0 0 0 0 0 0 0 0 0 0 0 0 0 0 0 0 0 0 0 0 0 0 0 0 0 0 0 0 0 0 0 0 0 0 0 0 0 0 0 0 0 0 0 0 0 0 0 0 0 0 0 0 0 0 0 0 0
ctxt 13238727
btime 1613064757
processes 313184
procs_running 1
procs_blocked 0
softirq 201942871 1 120620966 2316 2706695 0 0 190 6166839 0 72445864
