cpu  45474827 8 73213 4781582 180 0 6333 0 0 0
cpu0 709182 0 2634 74259 0 0 448 0 0 0
cpu1 710082 0 1462 74804 9 0 176 0 0 0
cpu2 710098 0 2016 74227 1 0 175 0 0 0
cpu3 709793 0 1495 75017 4 0 204 0 0 0
cpu4 710085 0 2103 74113 8 0 118 0 0 0
cpu5 710873 0 574 75006 4 0 57 0 0 0
cpu6 709762 0 1642 74950 1 0 150 0 0 0
cpu7 709922 0 1462 74900 2 0 231 0 0 0
cpu8 709796 0 1825 74800 0 0 85 0 0 0
cpu9 710990 0 515 74951 3 0 59 0 0 0
cpu10 709810 0 1922 74631 3 0 130 0 0 0
cpu11 710429 0 973 74971 2 0 136 0 0 0
cpu12 709760 0 1979 74676 1 0 89 0 0 0
cpu13 711108 0 478 74869 1 0 47 0 0 0
cpu14 709515 0 1971 74887 0 0 138 0 0 0
cpu15 711004 0 668 74731 2 0 94 0 0 0
cpu16 708923 0 2513 74859 0 0 212 0 0 0
cpu17 710848 0 578 74813 1 0 252 0 0 0
cpu18 709468 0 2146 74712 0 0 188 0 0 0
cpu19 710986 0 555 74903 1 0 57 0 0 0
cpu20 710024 0 1494 74768 49 0 127 0 0 0
cpu21 710922 0 592 74930 11 0 58 0 0 0
cpu22 709880 0 1594 74902 1 0 132 0 0 0
cpu23 710928 0 547 74989 8 0 42 0 0 0
cpu24 710204 0 1410 74832 1 0 53 0 0 0
cpu25 711069 0 400 75019 1 0 30 0 0 0
cpu26 709560 0 1922 74851 0 0 164 0 0 0
cpu27 710618 0 790 74997 1 0 108 0 0 0
cpu28 709499 0 1950 74953 0 0 107 0 0 0
cpu29 711175 0 298 75019 2 0 18 0 0 0
cpu30 709391 0 1943 74929 0 0 247 0 0 0
cpu31 710940 0 489 75036 1 0 38 0 0 0
cpu32 710745 0 1373 74294 1 0 76 0 0 0
cpu33 710070 0 1302 75009 1 0 124 0 0 0
cpu34 711234 2 1395 73821 0 0 47 0 0 0
cpu35 710575 0 806 75028 0 0 98 0 0 0
cpu36 713570 0 1437 71438 0 0 41 0 0 0
cpu37 710902 0 539 75018 5 0 42 0 0 0
cpu38 713301 0 1119 72022 1 0 38 0 0 0
cpu39 710120 0 1223 74984 1 0 177 0 0 0
cpu40 711442 0 1170 73815 5 0 55 0 0 0
cpu41 711189 0 384 74898 1 0 19 0 0 0
cpu42 709680 0 1803 74847 0 0 172 0 0 0
cpu43 710915 0 560 74956 0 0 71 0 0 0
cpu44 710505 0 1377 74594 0 0 26 0 0 0
cpu45 711193 0 379 74896 0 0 25 0 0 0
cpu46 710003 0 1874 74449 0 0 163 0 0 0
cpu47 711311 0 364 74795 2 0 24 0 0 0
cpu48 710000 0 1656 74735 0 0 106 0 0 0
cpu49 711163 0 518 74796 2 0 19 0 0 0
cpu50 710281 0 1170 74959 0 0 87 0 0 0
cpu51 711178 0 388 74912 2 0 22 0 0 0
cpu52 710826 0 667 74960 0 0 44 0 0 0
cpu53 711162 0 367 74948 3 0 23 0 0 0
cpu54 710623 0 930 74882 1 0 56 0 0 0
cpu55 710944 0 528 74992 0 0 35 0 0 0
cpu56 710536 0 1091 74820 0 0 46 0 0 0
cpu57 711168 0 310 74998 0 0 18 0 0 0
cpu58 710641 0 901 74911 0 0 40 0 0 0
cpu59 710253 1 1053 75003 1 0 188 0 0 0
cpu60 710587 0 1230 74601 0 0 32 0 0 0
cpu61 711225 0 248 75002 1 0 20 0 0 0
cpu62 709652 0 1654 74990 0 0 193 0 0 0
cpu63 711167 0 430 74876 7 0 10 0 0 0
intr 127450151 83 0 0 0 639 0 0 0 1 0 282 0 0 0 0 0 0 0 0 0 0 0 0 0 0 0 0 0 0 0 0 0 0 0 0 0 0 0 1483 48180 1468 20088 348 11092 1253 25891 743 16767 637 9840 775 8695 256 5137 1331 85516 184 7704 10063 5900 1563 16458 1526 2246 891 7447 1866 930 789 7248 1450 25518 171 14849 174 11008 253 18395 374 3429 576 11163 845 3262 12 5192 732 8855 765 8032 2889 5451 3988 9385 1180 2881 743 12905 773 2236 835 3948 0 0 0 0 0 0 0 0 0 0 0 0 0 0 0 0 0 33508 93 0 0 0 0 0 0 0 0 0 0 0 0 0 0 0 0 0 0 0 0 0 0 0 0 0 0 0 0 0 0 0 0 0 0 0 0 0 0 0 0 0 0 0 0 0 0 0 0 0 0 0 0 0 0 0 0 0 0 0 0 0 0 0 0 0 0 0 0 0 0 0 0 0 0 0 15 0 0 0 0 0 0 0 0 0 0 0 0 0 0 0 0 0 0 0 0 0 0 0 0 0 0 0 0 0 0 0 0 0 0 0 0 0 0 0 0 0 0 0 0 0 0 0 0 0 0 0 0 0 0 0 0 0 0 0 0 0 0 0 0 0 0 0 0 0 0 0 0 0 0 0 0 0 0 0 0 0 0 0 0 0 0 0 0 0 0 0 0 0 0 0 0 0 0 0 0 0 0 0 0 0 0 0 0 0 0 0 0 0 0 0 0 0 0 0 0 0 0 0 0 0 0 0 0 0 0 0 0 0 0 0 0 0 0 0 0 0 0 0 0 0 0 0 0 0 0 0 0 0 0 0 0 0 0 0 0 0 0 0 0 0 0 0 0 0 0 0 0 0 0 0 0 0 0 0 0 0 0 0 0 0 0 0 0 0 0 0 0 0 0 0 0 0 0 0 0 0 0 0 0 0 0 0 0 0 0 0 0 0 0 0 0 0 0 0 0 0 0 0 0 0 0 0 0 0 0 0 0 0 0 0 0 0 0 0 0 0 0 0 0 0 0 0 0 0 0 0 0 0 0 0 0 0 0 0 0 0 0 0 0 0 0 0 0 0 0 0 0 0 0 0 0 0 0 0 0 0 0 0 0 0 0 0 0 0 0 0 0 0 0 0 0 0 0 0 0 0 0 0 0 0 0 0 0 0 0 0 0 0 0 0 0 0 0 0 0 0 0 0 0 0 0 0 0 0 0 0 0 0 0 0 0 0 0 0 0 0 0 0 0 0 0 0 0 0 0 0 0 0 0 0 0 0 0 0 0 0 0 0 0 0 0 0 0 0 0 0 0 0 0 0 0 0 0 0 0 0 0 0 0 0 0 0 0 0 0 0 0 0 0 0 0 0 0 0 0 0 0 0 0 0 0 0 0 0 0 0 0 0 0 0 0 0 0 0 0 0 0 0 0 0 0 0 0 0 0 0 0 0 0 0 0 0 0 0 0 0 0 0 0 0 0 0 0 0 0 0 0 0 0 0 0 0 0 0 0 0 0 0 0 0 0 0 0 0 0 0 0 0 0 0 0 0 0 0 0 0 0 0 0 0 0 0 0 0 0 0 0 0 0 0 0 0 0 0 0 0 0 0 0 0 0 0 0 0 0 0 0 0 0 0 0 0 0 0 0 0 0 0 0 0 0 0 0 0 0 0 0 0 0 0 0 0 0 0 0 0 0 0 0 0 0 0 0 0 0 0 0 0 0 0 0 0 0 0 0 0 0 0 0 0 0 0 0 0 0 0 0 0 0 0 0 0 0 0 0 0 0 0 0 0 0 0 0 0 0 0 0 0 0 0 0 0 0 0 0 0 0 0 0 0 0 0 0 0 0 0 0 0 0 0 0 0 0 0 0 0 0 0 0 0 0 0 0 0 0 0 0 0 0 0 0 0 0 0 0 0 0 0 0 0 0 0 0 0 0 0 0 0 0 0 0 0 0 0 0 0 0 0 0 0 0 0 0 0 0 0 0 0 0 0 0 0 0 0 0 0 0 0 0 0 0 0 0 0 0 0 0 0 0 0 0 0 0 0 0 0 0 0 0 0 0 0 0 0 0 0 0 0 0 0 0 0 0 0 0 0 0 0 0 0 0 0 0 0 0 0 0 0 0 0 0 0 0 0 0 0 0 0 0 0 0 0 0 0 0 0 0 0 0 0 0 0 0 0 0 0 0 0 0 0 0 0 0 0 0 0 0 0 0 0 0 0 0 0 0 0 0 0 0 0 0 0 0 0 0 0 0 0 0 0 0 0 0 0 0 0 0 0 0 0 0 0 0 0 0 0 0 0 0 0 0 0 0 0 0 0 0 0 0 0 0 0 0 0 0 0 0 0 0 0 0 0 0 0 0 0 0 0 0 0 0 0 0 0 0 0 0 0 0 0 0 0 0 0 0 0 0 0 0 0 0 0 0 0 0 0 0 0 0 0 0 0 0 0 0 0 0 0 0 0 0 0 0 0 0 0 0 0 0 0 0 0 0 0 0 0 0 0 0 0 0 0 0 0 0 0 0 0 0 0 0 0 0 0 0 0 0 0 0 0 0 0 0 0 0 0 0 0 0 0 0 0 0 0 0 0 0 0 0 0 0 0 0 0 0 0 0 0 0 0 0 0 0 0 0 0 0 0 0 0 0 0 0 0 0 0 0 0 0 0 0 0 0 0 0 0 0 0 0 0 0 0 0 0 0 0 0 0 0 0 0 0 0 0 0 0 0 0 0 0 0 0 0 0 0 0 0 0 0 0 0 0 0 0 0 0 0 0 0 0 0 0 0 0 0 0 0 0 0 0 0 0 0 0 0 0 0 0 0 0 0 0 0 0 0 0 0 0 0 0 0 0 0 0 0 0 0 0 0 0 0 0 0 0 0 0 0 0 0 0 0 0 0 0 0 0 0 0 0 0 0 0 0 0 0 0 0 0 0 0 0 0 0 0 0 0 0 0 0 0 0 0 0 0 0 0 0 0 0 0 0 0 0 0 0 0 0 0 0 0 0 0 0 0 0 0 0 0 0 0 0 0 0 0 0 0 0 0 0 0 0 0 0 0 0 0 0 0 0 0 0 0 0 0 0 0 0 0 0 0 0 0 0 0 0 0 0 0 0 0 0 0 0 0 0 0 0 0 0 0 0 0 0 0 0 0 0 0 0 0 0 0 0 0 0 0 0 0 0 0 0 0 0 0 0 0 0 0 0 0 0 0 0 0 0 0 0 0 0 0 0 0 0 0 0 0 0 0 0 0 0 0 0 0 0 0 0 0 0 0 0 0 0 0 0 0 0 0 0 0 0 0 0 0 0 0 0 0 0 0 0 0 0 0 0 0 0 0 0 0 0 0 0 0 0 0 0 0 0 0 0 0 0 0 0 0 0 0 0 0 0 0 0 0 0 0 0 0 0 0 0 0 0 0 0 0 0 0 0 0 0 0 0 0 0 0 0 0 0 0 0 0 0 0 0 0 0 0 0 0 0 0 0 0 0 0 0 0 0 0 0 0 0 0 0 0 0 0 0 0 0 0 0 0 0 0 0 0 0 0 0 0 0 0 0 0 0 0 0 0 0 0 0 0 0 0 0 0 0 0 0 0 0 0 0 0 0 0 0 0 0 0 0 0 0 0 0 0 0 0 0 0 0 0 0 0 0 0 0 0 0 0 0 0 0 0 0 0 0 0 0 0 0 0 0 0 0 0 0 0 0 0 0 0 0 0 0 0 0 0 0 0 0 0 0 0 0 0 0 0 0 0 0 0 0 0 0 0 0 0 0 0 0 0 0 0 0 0 0 0 0 0 0 0 0 0 0 0 0 0 0 0 0 0 0 0 0 0 0 0 0 0 0 0 0 0 0 0 0 0 0 0 0 0 0 0 0 0 0 0 0 0 0 0 0 0 0 0 0 0 0 0 0 0 0 0 0 0 0 0 0 0 0 0 0 0 0 0 0 0 0 0 0 0 0 0 0 0 0 0 0 0 0 0 0 0 0 0 0 0 0 0 0 0 0 0 0 0 0 0 0 0 0 0 0 0 0 0 0 0 0 0 0 0 0 0 0 0 0 0 0 0 0 0 0 0 0 0 0 0 0 0 0 0 0 0 0 0 0 0 0 0 0 0 0 0 0 0 0 0 0 0 0 0 0 0 0 0 0 0 0 0 0 0 0 0 0 0 0 0 0 0 0 0 0 0 0 0 0 0 0 0 0 0 0 0 0 0 0 0 0 0 0 0 0 0 0 0 0 0 0 0 0 0 0 0 0 0 0 0 0 0 0 0 0 0 0 0 0 0 0 0 0 0 0 0 0 0 0 0 0 0 0 0 0 0 0 0 0 0 0 0 0 0 0 0 0 0 0 0 0 0 0 0 0 0 0 0 0 0 0 0 0 0 0 0 0 0 0 0 0 0 0 0 0 0 0 0 0 0 0 0 0 0 0 0 0 0 0 0 0 0 0 0 0 0 0 0 0 0 0 0 0 0 0 0 0 0 0 0 0 0 0 0 0 0 0 0 0 0 0 0 0 0 0 0 0 0 0 0 0 0 0 0 0 0 0 0 0 0 0 0 0 0 0 0 0 0 0 0 0 0 0 0 0 0 0 0 0 0 0 0 0 0 0 0 0 0 0 0 0 0 0 0 0 0 0 0 0 0 0 0 0 0 0 0 0 0 0 0 0 0 0 0 0 0 0 0 0 0 0 0 0 0 0 0 0 0 0 0 0 0 0 0 0 0 0 0 0 0 0 0 0 0 0 0 0 0 0 0 0 0 0 0 0 0 0 0 0 0 0 0 0 0 0 0 0 0 0 0 0 0 0 0 0 0 0 0 0 0 0 0 0 0 0 0 0 0 0 0 0 0 0 0 0 0 0 0 0 0 0 0 0 0 0 0 0 0 0 0 0 0 0 0 0 0 0 0 0 0 0 0 0 0 0 0 0 0 0 0 0 0 0 0 0 0 0 0 0 0 0 0 0 0 0 0 0 0 0 0 0 0 0 0 0 0 0 0 0 0 0 0 0 0 0 0 0 0 0 0 0 0 0 0 0 0 0 0 0 0 0 0 0 0 0 0 0 0 0 0 0 0 0 0 0 0 0 0 0 0 0 0 0 0 0 0 0 0 0 0 0 0 0 0 0 0 0 0 0 0 0 0 0 0 0 0 0 0 0 0 0 0 0 0 0 0 0 0 0 0 0 0 0 0
ctxt 16313617
btime 1613123985
processes 366295
procs_running 1
procs_blocked 0
softirq 140806342 1 80461496 1864 3017603 0 0 153 4241426 0 53083799
