cpu  8325436 6 13544 27918280 401 0 443 0 0 0
cpu0 64924 0 680 217353 0 0 142 0 0 0
cpu1 65050 0 55 218177 0 0 6 0 0 0
cpu2 65100 0 174 217996 0 0 0 0 0 0
cpu3 64944 0 131 218181 2 0 11 0 0 0
cpu4 64980 0 126 218187 0 0 2 0 0 0
cpu5 65055 0 56 218183 0 0 0 0 0 0
cpu6 64893 0 364 218027 2 0 4 0 0 0
cpu7 64909 0 194 218181 0 0 9 0 0 0
cpu8 64996 0 120 218176 0 0 2 0 0 0
cpu9 65054 0 52 218191 0 0 0 0 0 0
cpu10 65174 0 178 217934 2 0 3 0 0 0
cpu11 64976 0 92 218207 0 0 5 0 0 0
cpu12 65025 0 134 218119 0 0 0 0 0 0
cpu13 65053 0 50 218186 0 0 0 0 0 0
cpu14 65119 0 117 218049 0 0 0 0 0 0
cpu15 64464 0 612 218178 0 0 31 0 0 0
cpu16 65038 0 91 218164 0 0 0 0 0 0
cpu17 65053 0 51 218183 0 0 0 0 0 0
cpu18 65097 0 73 218110 1 0 0 0 0 0
cpu19 64908 0 122 218239 0 0 11 0 0 0
cpu20 64912 0 95 218264 0 0 2 0 0 0
cpu21 65051 0 50 218189 0 0 0 0 0 0
cpu22 65547 0 134 217607 0 0 0 0 0 0
cpu23 64752 0 168 218323 0 0 14 0 0 0
cpu24 65043 0 68 218178 0 0 1 0 0 0
cpu25 64948 0 91 218245 0 0 0 0 0 0
cpu26 65642 0 232 217321 4 0 21 0 0 0
cpu27 64999 0 95 218184 0 0 2 0 0 0
cpu28 65048 0 79 218152 0 0 0 0 0 0
cpu29 65049 0 56 218179 0 0 0 0 0 0
cpu30 65126 0 110 218039 2 0 0 0 0 0
cpu31 65043 0 62 218180 0 0 1 0 0 0
cpu32 65043 0 68 218157 0 0 0 0 0 0
cpu33 65054 0 53 218177 0 0 0 0 0 0
cpu34 65103 0 76 218026 69 0 0 0 0 0
cpu35 64817 0 243 218174 0 0 45 0 0 0
cpu36 65048 0 60 218176 0 0 0 0 0 0
cpu37 65053 0 55 218173 0 0 0 0 0 0
cpu38 65040 0 91 218148 0 0 0 0 0 0
cpu39 65000 0 101 218171 0 0 5 0 0 0
cpu40 65086 0 76 218120 0 0 0 0 0 0
cpu41 65001 0 48 218227 0 0 0 0 0 0
cpu42 65102 0 81 218084 3 0 1 0 0 0
cpu43 65007 0 65 218205 0 0 1 0 0 0
cpu44 65050 0 98 218131 0 0 0 0 0 0
cpu45 65050 0 52 218178 0 0 0 0 0 0
cpu46 65264 0 148 217863 0 0 0 0 0 0
cpu47 64927 0 186 218166 0 0 4 0 0 0
cpu48 65021 0 98 218157 1 0 1 0 0 0
cpu49 65051 0 56 218173 0 0 0 0 0 0
cpu50 65025 0 102 218148 0 0 0 0 0 0
cpu51 65023 0 66 218188 0 0 1 0 0 0
cpu52 65046 0 75 218136 16 0 0 0 0 0
cpu53 65053 0 50 218174 0 0 0 0 0 0
cpu54 65044 0 89 218115 4 0 0 0 0 0
cpu55 64985 0 103 218187 1 0 4 0 0 0
cpu56 65024 0 71 218173 0 0 2 0 0 0
cpu57 65035 0 54 218178 0 0 10 0 0 0
cpu58 65022 0 134 218104 1 0 0 0 0 0
cpu59 64926 0 62 218274 0 0 2 0 0 0
cpu60 65050 0 55 218168 0 0 0 0 0 0
cpu61 64997 0 64 218211 0 0 1 0 0 0
cpu62 65080 0 133 218038 4 0 0 0 0 0
cpu63 65036 0 63 218170 0 0 0 0 0 0
cpu64 65030 0 81 218159 1 0 0 0 0 0
cpu65 65014 0 52 218207 0 0 0 0 0 0
cpu66 65234 0 179 217821 1 0 1 0 0 0
cpu67 65024 0 78 218167 0 0 2 0 0 0
cpu68 64905 0 157 218199 0 0 0 0 0 0
cpu69 65016 0 57 218193 1 0 0 0 0 0
cpu70 65216 0 286 217685 81 0 0 0 0 0
cpu71 65028 0 89 218145 0 0 4 0 0 0
cpu72 65016 0 91 218156 1 0 1 0 0 0
cpu73 65050 0 58 218168 0 0 0 0 0 0
cpu74 65178 0 167 217860 46 0 0 0 0 0
cpu75 64936 0 102 218223 0 0 7 0 0 0
cpu76 65040 0 94 218107 8 0 0 0 0 0
cpu77 65022 0 54 218190 0 0 0 0 0 0
cpu78 65152 2 110 217981 16 0 2 0 0 0
cpu79 64700 0 381 218171 0 0 11 0 0 0
cpu80 65040 0 70 218150 0 0 0 0 0 0
cpu81 65050 0 55 218159 0 0 0 0 0 0
cpu82 65150 0 80 218022 4 0 0 0 0 0
cpu83 64993 0 67 218198 0 0 1 0 0 0
cpu84 65016 0 76 218164 0 0 0 0 0 0
cpu85 65052 0 53 218154 0 0 0 0 0 0
cpu86 65147 0 74 218038 0 0 0 0 0 0
cpu87 64860 0 134 218239 0 0 13 0 0 0
cpu88 64992 0 110 218158 0 0 0 0 0 0
cpu89 65048 0 59 218153 0 0 0 0 0 0
cpu90 65072 0 69 218100 10 0 0 0 0 0
cpu91 64886 0 152 218213 0 0 6 0 0 0
cpu92 65056 0 68 218138 0 0 0 0 0 0
cpu93 65051 0 57 218147 0 0 0 0 0 0
cpu94 65509 0 218 217520 1 0 4 0 0 0
cpu95 65039 0 78 218144 0 0 1 0 0 0
cpu96 65051 0 72 218139 0 0 0 0 0 0
cpu97 65052 0 54 218150 0 0 0 0 0 0
cpu98 65173 0 101 217906 59 0 4 0 0 0
cpu99 64999 0 75 218176 0 0 0 0 0 0
cpu100 64977 0 92 218183 1 0 2 0 0 0
cpu101 65054 0 53 218145 0 0 0 0 0 0
cpu102 65100 0 89 218066 1 0 0 0 0 0
cpu103 65041 0 66 218144 0 0 0 0 0 0
cpu104 64952 0 101 218192 0 0 4 0 0 0
cpu105 65052 0 60 218142 0 0 0 0 0 0
cpu106 65047 0 63 218135 2 0 0 0 0 0
cpu107 65033 0 71 218144 0 0 0 0 0 0
cpu108 65039 0 73 218139 0 0 0 0 0 0
cpu109 65002 0 52 218193 0 0 0 0 0 0
cpu110 65236 0 93 217919 0 0 0 0 0 0
cpu111 64886 0 166 218195 0 0 1 0 0 0
cpu112 65053 0 80 218106 10 0 0 0 0 0
cpu113 65054 0 52 218141 0 0 0 0 0 0
cpu114 65156 0 88 217996 4 0 0 0 0 0
cpu115 65000 0 63 218184 0 0 1 0 0 0
cpu116 65050 0 68 218129 0 0 0 0 0 0
cpu117 65053 0 54 218142 0 0 0 0 0 0
cpu118 65129 0 131 217978 1 0 1 0 0 0
cpu119 65034 0 71 218133 0 0 0 0 0 0
cpu120 65052 0 60 218134 0 0 0 0 0 0
cpu121 65050 0 56 218143 0 0 0 0 0 0
cpu122 65172 0 135 217915 2 0 0 0 0 0
cpu123 65046 0 65 218136 0 0 0 0 0 0
cpu124 65050 0 62 218135 0 0 0 0 0 0
cpu125 65051 0 74 218119 0 0 0 0 0 0
cpu126 65141 0 110 217988 1 0 0 0 0 0
cpu127 65047 0 104 218089 0 0 0 0 0 0
intr 25052131 129 0 0 0 678 0 0 0 1 0 254 0 0 0 0 0 0 0 0 0 0 0 0 0 0 0 0 0 0 0 0 0 0 0 0 260 0 5 2 0 1251 0 7 3 4137 6 0 0 1738 0 1 4 8503 0 0 0 2507 61 0 2 1994 2 0 35815 893 0 0 0 1254 11 0 3 1482 4 0 2 982 0 0 2 1159 3 0 9 4660 0 0 2 982 141 0 0 413 10 6683 2 839 3 0 1 1083 20 0 33 731 0 0 0 1815 0 0 15 2225 0 0 0 8344 0 0 0 1316 0 0 0 2515 0 0 0 2151 0 0 6726 1254 0 0 5240 1378 12 0 3 410 52 0 0 1202 0 0 5 1028 0 0 6 894 0 0 67 0 0 0 0 0 0 0 0 0 0 160 168 32 32 866 10 198 12 67 5 4 52 7 111 480 26 11 14 98 15 227 67 10 4 20 6 87 9 6 6 0 39 2 0 0 0 0 0 0 0 0 0 0 0 0 0 0 0 0 0 1 3 2 0 5 0 1 39 5 1 8 0 0 4 6 701 4212 1559 630 656 84 10010 3355 1305 16 1633 28 37 367 87 132 2292 82 200 32 269 68 178 107 268 63 4 173 24 35 21 14 3 9 39 3 5 31 8 13 12 11 14 3 2 87 11 8 0 0 0 0 0 0 0 0 0 0 0 0 0 0 0 0 0 0 0 0 0 0 0 0 0 0 0 0 0 0 0 0 0 0 0 0 0 0 0 0 0 0 0 0 0 0 0 0 0 0 0 0 0 0 0 0 0 0 0 0 0 0 0 0 0 0 0 0 0 0 0 0 0 0 0 0 0 0 0 0 0 0 0 0 0 0 0 0 0 0 0 0 0 0 0 0 0 0 0 0 0 0 0 0 0 0 0 0 0 0 0 0 0 0 0 0 0 0 0 0 0 0 0 0 0 0 0 0 0 0 0 0 0 0 0 0 0 0 0 0 0 0 0 0 0 0 0 0 0 0 0 0 0 0 0 0 0 0 0 0 0 0 0 0 0 0 0 0 0 0 0 0 0 0 0 0 0 0 0 0 0 0 0 0 0 0 0 0 0 0 0 0 0 0 0 0 0 0 0 0 0 0 0 0 0 0 0 0 0 0 0 0 0 0 0 0 0 0 0 0 0 0 0 0 0 0 0 0 0 0 0 0 0 0 0 0 0 0 0 0 0 0 0 0 0 0 0 0 0 0 0 0 0 0 0 0 0 0 0 0 0 0 0 0 0 0 0 0 0 0 0 0 0 0 0 0 0 0 0 0 0 0 0 0 0 0 0 0 0 0 0 0 0 0 0 0 0 0 0 0 0 0 0 0 0 0 0 0 0 0 0 0 0 0 0 0 0 0 0 0 0 0 0 0 0 0 0 0 0 0 0 0 0 0 0 0 0 0 0 0 0 0 0 0 0 0 0 0 0 0 0 0 0 0 0 0 0 0 0 0 0 0 0 0 0 0 0 0 0 0 0 0 0 0 0 0 0 0 0 0 0 0 0 0 0 0 0 0 0 0 0 0 0 0 0 0 0 0 0 0 0 0 0 0 0 0 0 0 0 0 0 0 0 0 0 0 0 0 0 0 0 0 0 0 0 0 0 0 0 0 0 0 0 0 0 0 0 0 0 0 0 0 0 0 3 0 0 0 0 0 0 0 0 0 0 0 0 0 0 0 49 0 0 0 0 0 0 0 0 0 0 0 0 49 0 0 0 0 0 0 0 0 0 0 0 0 0 0 0 0 0 0 0 0 0 0 0 0 0 0 0 0 0 0 0 0 0 0 0 0 0 0 0 0 0 0 0 16 0 0 0 0 0 0 0 0 0 0 0 0 0 0 0 0 0 0 0 0 0 0 0 0 0 0 0 0 0 0 0 0 0 0 0 0 0 0 0 0 0 0 0 0 0 0 0 0 0 0 0 0 0 0 0 0 0 0 0 0 0 0 0 0 0 0 0 0 0 0 0 0 0 0 0 0 0 0 0 0 0 0 0 0 0 0 0 0 0 0 0 0 0 0 0 0 0 0 0 0 0 0 0 0 0 0 0 0 0 0 0 0 0 0 0 0 0 0 0 0 0 0 0 0 0 0 0 0 0 0 0 0 0 0 0 0 0 0 0 0 0 0 0 0 0 0 0 0 0 0 0 0 0 0 0 0 0 0 0 0 0 0 0 0 0 0 0 0 0 0 0 0 0 0 0 0 0 0 0 0 0 0 0 0 0 0 0 0 0 0 0 0 0 0 0 0 0 0 0 0 0 0 0 0 0 0 0 0 0 0 0 0 0 0 0 0 0 0 0 0 0 0 0 0 0 0 0 0 0 0 0 0 0 0 0 0 0 0 0 0 0 0 0 0 0 0 0 0 0 0 0 0 0 0 0 0 0 0 0 0 0 0 0 0 0 0 0 0 0 0 0 0 0 0 0 0 0 0 0 0 0 0 0 0 0 0 0 0 0 0 0 0 0 0 0 0 0 0 0 0 0 0 0 0 0 0 0 0 0 0 0 0 0 0 0 0 0 0 0 0 0 0 0 0 0 0 0 0 0 0 0 0 0 0 0 0 0 0 0 0 0 0 0 0 0 0 0 0 0 0 0 0 0 0 0 0 0 0 0 0 0 0 0 0 0 0 0 0 0 0 0 0 0 0 0 0 0 0 0 0 0 0 0 0 0 0 0 0 0 0 0 0 0 0 0 0 0 0 0 0 0 0 0 0 0 0 0 0 0 0 0 0 0 0 0 0 0 0 0 0 0 0 0 0 0 0 0 0 0 0 0 0 0 0 0 0 0 0 0 0 0 0 0 0 0 0 0 0 0 0 0 0 0 0 0 0 0 0 0 0 0 0 0 0 0 0 0 0 0 0 0 0 0 0 0 0 0 0 0 0 0 0 0 0 0 0 0 0 0 0 0 0 0 0 0 0 0 0 0 0 0 0 0 0 0 0 0 0 0 0 0 0 0 0 0 0 0 0 0 0 0 0 0 0 0 0 0 0 0 0 0 0 0 0 0 0 0 0 0 0 0 0 0 0 0 0 0 0 0 0 0 0 0 0 0 0 0 0 0 0 0 0 0 0 0 0 0 0 0 0 0 0 0 0 0 0 0 0 0 0 0 0 0 0 0 0 0 0 0 0 0 0 0 0 0 0 0 0 0 0 0 0 0 0 0 0 0 0 0 0 0 0 0 0 0 0 0 0 0 0 0 0 0 0 0 0 0 0 0 0 0 0 0 0 0 0 0 0 0 0 0 0 0 0 0 0 0 0 0 0 0 0 0 0 0 0 0 0 0 0 0 0 0 0 0 0 0 0 0 0 0 0 0 0 0 0 0 0 0 0 0 0 0 0 0 0 0 0 0 0 0 0 0 0 0 0 0 0 0 0 0 0 0 0 0 0 0 0 0 0 0 0 0 0 0 0 0 0 0 0 0 0 0 0 0 0 0 0 0 0 0 0 0 0 0 0 0 0 0 0 0 0 0 0 0 0 0 0 0 0 0 0 0 0 0 0 0 0 0 0 0 0 0 0 0 0 0 0 0 0 0 0 0 0 0 0 0 0 0 0 0 0 0 0 0 0 0 0 0 0 0 0 0 0 0 0 0 0 0 0 0 0 0 0 0 0 0 0 0 0 0 0 0 0 0 0 0 0 0 0 0 0 0 0 0 0 0 0 0 0 0 0 0 0 0 0 0 0 0 0 0 0 0 0 0 0 0 0 0 0 0 0 0 0 0 0 0 0 0 0 0 0 0 0 0 0 0 0 0 0 0 0 0 0 0 0 0 0 0 0 0 0 0 0 0 0 0 0 0 0 0 0 0 0 0 0 0 0 0 0 0 0 0 0 0 0 0 0 0 0 0 0 0 0 0 0 0 0 0 0 0 0 0 0 0 0 0 0 0 0 0 0 0 0 0 0 0 0 0 0 0 0 0 0 0 0 0 0 0 0 0 0 0 0 0 0 0 0 0 0 0 0 0 0 0 0 0 0 0 0 0 0 0 0 0 0 0 0 0 0 0 0 0 0 0 0 0 0 0 0 0 0 0 0 0 0 0 0 0 0 0 0 0 0 0 0 0 0 0 0 0 0 0 0 0 0 0 0 0 0 0 0 0 0 0 0 0 0 0 0 0 0 0 0 0 0 0 0 0 0 0 0 0 0 0 0 0 0 0 0 0 0 0 0 0 0 0 0 0 0 0 0 0 0 0 0 0 0 0 0 0 0 0 0 0 0 0 0 0 0 0 0 0 0 0 0 0 0 0 0 0 0 0 0 0 0 0 0 0 0 0 0 0 0 0 0 0 0 0 0 0 0 0 0 0 0 0 0 0 0 0 0 0 0 0 0 0 0 0 0 0 0 0 0 0 0 0 0 0 0 0 0 0 0 0 0 0 0 0 0 0 0 0 0 0 0 0 0 0 0 0 0 0 0 0 0 0 0 0 0 0 0 0 0 0 0 0 0 0 0 0 0 0 0 0 0 0 0 0 0 0 0 0 0 0 0 0 0 0 0 0 0 0 0 0 0 0 0 0 0 0 0 0 0 0 0 0 0 0 0 0 0 0 0 0 0 0 0 0 0 0 0 0 0 0 0 0 0 0 0 0 0 0 0 0 0 0 0 0 0 0 0 0 0 0 0 0 0 0 0 0 0 0 0 0 0 0 0 0 0 0 0 0 0 0 0 0 0 0 0 0 0 0 0 0 0 0 0 0 0 0 0 0 0 0 0 0 0 0 0 0 0 0 0 0 0 0 0 0 0 0 0 0 0 0 0 0 0 0 0 0 0 0 0 0 0 0 0 0 0 0 0 0 0 0 0 0 0 0 0 0 0 0 0 0 0 0 0 0 0 0 0 0 0 0 0 0 0 0 0 0 0 0 0 0 0 0 0 0 0 0 0 0 0 0 0 0 0 0 0 0 0 0 0 0 0 0 0 0 0 0 0 0 0 0 0 0 0 0 0 0 0 0 0 0 0 0 0 0 0 0 0 0 0 0 0 0 0 0 0 0 0 0 0 0 0 0 0 0 0 0 0 0 0 0 0 0 0 0 0 0 0 0 0 0 0 0 0 0 0 0 0 0 0 0 0 0 0 0 0 0 0 0 0 0 0 0 0 0 0 0 0 0 0 0 0 0 0 0 0 0 0 0 0 0 0 0 0 0 0 0 0 0 0 0 0 0 0 0 0 0 0 0 0 0 0 0 0 0 0 0 0 0 0 0 0 0 0 0 0 0 0 0 0 0 0 0 0 0 0 0 0 0 0 0 0 0 0 0 0 0 0 0 0 0 0 0 0 0 0 0 0 0 0 0 0 0 0 0 0 0 0 0 0 0 0 0 0 0 0 0 0 0 0 0 0 0 0 0 0 0 0 0 0 0 0 0 0 0 0 0 0 0 0 0 0 0 0 0 0 0 0 0 0 0 0 0 0 0 0 0 0 0 0 0 0 0 0 0 0 0 0 0 0 0 0 0 0 0 0 0 0 0 0 0 0 0 0 0 0 0 0 0 0 0 0 0 0 0 0 0 0 0 0 0 0 0 0 0 0 0 0 0 0 0 0 0 0 0 0 0 0 0 0 0 0 0 0 0 0 0 0 0 0 0 0 0 0 0 0 0 0 0 0 0 0 0 0 0 0 0 0 0 0 0 0 0 0 0 0 0 0 0 0 0 0 0 0 0 0 0 0 0 0 0 0 0 0 0 0 0 0 0 0 0 0 0 0 0 0 0 0 0 0 0 0 0 0 0 0 0 0 0 0 0 0 0 0 0 0 0 0 0 0 0 0 0 0 0 0 0 0 0 0 0 0 0 0 0 0 0 0 0 0 0 0 0 0 0 0 0 0 0 0 0 0 0 0 0 0 0 0 0 0 0 0 0 0 0 0 0 0 0 0 0 0 0 0 0 0 0 0 0 0 0 0 0 0 0 0 0 0 0 0 0 0 0 0 0 0 0 0 0 0 0 0 0 0 0 0 0 0 0 0 0 0 0 0 0 0 0 0 0 0 0 0 0 0 0 0 0 0 0 0 0 0 0 0 0 0 0 0 0 0 0 0 0 0 0 0 0 0 0 0 0 0 0 0 0 0 0 0 0 0 0 0 0 0 0 0 0 0 0 0 0 0 0 0 0 0 0 0 0 0 0 0 0 0 0 0 0 0 0 0 0 0 0 0 0 0 0 0 0 0 0 0 0 0 0 0 0 0 0 0 0 0 0 0 0 0 0 0 0 0 0 0 0 0 0 0 0 0 0 0 0 0 0 0 0 0 0 0 0 0 0 0 0 0 0 0 0 0 0 0 0 0 0 0 0 0 0 0 0 0 0 0 0 0 0 0 0 0 0 0 0 0 0 0 0 0 0 0 0 0 0 0 0 0 0 0 0 0 0 0 0 0 0 0 0 0 0 0 0 0 0 0 0 0 0 0 0 0 0 0 0 0 0 0 0 0 0 0 0 0 0 0 0 0 0 0 0 0 0 0 0 0 0 0 0 0 0 0 0 0 0 0 0 0 0 0 0 0 0 0 0 0 0 0 0 0 0 0 0 0 0 0 0 0 0 0 0 0 0 0 0 0 0 0 0 0 0 0 0 0 0 0 0 0 0 0 0 0 0 0 0 0 0 0 0 0 0 0 0 0 0 0 0 0 0 0 0 0 0 0 0 0 0 0 0 0 0 0 0 0 0 0 0 0 0 0 0 0 0 0 0 0 0 0 0 0 0 0 0 0 0 0 0 0 0 0 0 0 0 0 0 0 0 0 0 0 0 0 0 0 0 0 0 0 0 0 0 0 0 0 0 0 0 0 0 0 0 0 0 0 0 0 0 0 0 0 0 0 0 0 0 0 0 0 0 0 0 0 0 0 0 0 0 0 0 0 0 0 0 0 0 0 0 0 0 0 0 0 0 0 0 0 0 0 0 0 0 0 0 0 0 0 0 0 0 0 0 0 0 0 0 0 0 0 0 0 0 0 0 0 0 0 0 0 0 0 0 0 0 0 0 0 0 0 0 0 0 0 0 0 0 0 0 0 0 0 0 0 0 0 0 0 0 0 0 0 0 0 0 0 0 0 0 0 0 0 0 0 0 0 0 0 0 0 0 0 0 0 0 0 0 0 0 0 0 0 0 0 0 0 0 0 0 0 0 0 0 0 0 0 0 0 0 0 0 0 0 0 0 0 0 0 0 0 0 0 0 0 0 0 0 0 0 0 0 0 0 0 0 0 0 0 0 0 0 0 0 0 0 0 0 0 0 0 0 0 0 0 0 0 0 0 0 0 0 0 0 0 0 0 0 0 0 0 0 0 0 0 0 0 0 0 0 0 0 0 0 0 0 0 0 0 0 0 0 0 0 0 0 0 0 0 0 0 0 0 0 0 0 0 0 0 0 0 0 0 0 0 0 0 0 0 0 0 0 0 0 0 0 0 0 0 0 0 0 0 0 0 0 0 0 0 0 0 0 0 0 0 0 0 0 0 0 0 0 0 0 0 0 0 0 0 0 0 0 0 0 0 0 0 0 0 0 0 0 0 0 0 0 0 0 0 0 0 0 0 0 0 0 0 0 0 0 0 0 0 0 0 0 0 0 0 0 0 0 0 0 0 0 0 0 0 0 0 0 0 0 0 0 0 0 0 0 0 0 0 0 0 0 0 0 0 0 0 0 0 0 0 0 0 0 0 0 0 0 0 0 0 0 0 0 0 0 0 0 0 0 0 0 0 0 0 0 0 0 0 0 0 0 0 0 0 0 0 0 0 0 0 0 0 0 0 0 0 0 0 0 0 0 0 0 0 0 0 0 0 0 0 0 0 0 0 0 0 0 0 0 0 0 0 0 0 0 0 0 0 0 0 0 0 0 0 0 0 0 0 0 0 0 0 0 0 0 0 0 0 0 0 0 0 0 0 0 0 0 0 0 0 0 0 0 0 0 0 0 0 0 0 0 0 0 0 0 0 0 0 0 0 0 0 0 0 0 0 0 0 0 0 0 0 0 0 0 0 0 0 0 0 0 0 0 0 0 0 0 0 0 0 0 0 0 0 0 0 0 0 0 0 0 0 0 0 0 0 0 0 0 0 0 0 0 0 0 0 0 0 0 0 0 0 0 0 0 0 0 0 0 0 0 0 0 0 0 0 0 0 0 0 0 0 0 0 0 0 0 0 0 0 0 0 0 0 0 0 0 0 0 0 0 0 0 0 0 0 0 0 0 0 0 0 0 0 0 0 0 0 0 0 0 0 0 0 0 0 0 0 0 0 0 0 0 0 0 0 0 0 0 0 0 0 0 0 0 0 0 0 0 0 0 0 0 0 0 0 0 0 0 0 0 0 0 0 0 0 0 0 0 0 0 0 0 0 0 0 0 0 0 0 0 0 0 0 0 0 0 0 0 0 0 0 0 0 0 0 0 0 0 0 0 0 0 0 0 0 0 0 0 0 0 0 0 0 0 0 0 0 0 0 0 0 0 0 0 0 0 0 0 0 0 0 0 0 0 0 0 0 0 0 0 0 0 0 0 0 0 0 0 0 0 0 0 0 0 0 0 0 0 0 0 0 0 0 0 0 0 0 0 0 0 0 0 0 0 0 0 0 0 0 0 0 0 0 0 0 0 0 0 0 0 0 0 0 0 0 0 0 0 0 0 0 0 0 0 0 0 0 0 0 0 0 0 0 0 0 0 0 0 0 0 0 0 0 0 0 0 0 0 0 0 0 0 0 0 0 0 0 0 0 0 0 0 0 0 0 0 0 0 0 0 0 0 0 0 0 0 0 0 0 0 0 0 0 0 0 0 0 0 0 0 0 0 0 0 0 0 0 0 0 0 0 0 0 0 0 0 0 0 0 0 0 0 0 0 0 0 0 0 0 0 0 0 0 0 0 0 0 0 0 0 0 0 0 0 0 0 0 0 0 0 0 0 0 0 0 0 0 0 0 0 0 0 0 0 0 0 0 0 0 0 0 0 0 0 0 0 0 0 0 0 0 0 0 0 0 0 0 0 0 0 0 0 0 0 0 0 0 0 0 0 0 0 0 0 0 0 0 0 0 0 0 0 0 0 0 0 0 0 0 0 0 0 0 0 0 0 0 0 0 0 0 0 0 0 0 0 0 0 0 0 0 0 0 0 0 0 0 0 0 0 0 0 0 0 0 0 0 0 0 0 0 0 0 0 0 0 0 0 0 0 0 0 0 0 0 0 0 0 0 0 0 0 0 0 0 0 0 0 0 0 0 0 0 0 0 0 0 0 0 0 0 0 0 0 0 0 0 0 0 0 0 0 0 0 0 0 0 0 0 0 0 0 0 0 0 0 0 0 0 0 0 0 0 0 0 0 0 0 0 0 0 0 0 0 0 0 0 0 0 0 0 0 0 0 0 0 0 0 0 0 0 0 0 0 0 0 0 0 0 0 0 0 0 0 0 0 0 0 0 0 0 0 0 0 0 0 0 0 0 0 0 0 0 0 0 0 0 0 0 0 0 0 0 0 0 0 0 0 0 0 0 0 0 0 0 0 0 0 0 0 0 0 0 0 0 0 0 0 0 0 0 0 0 0 0 0 0 0 0 0 0 0 0 0 0 0 0 0 0 0 0 0 0 0 0 0 0 0 0 0 0 0 0 0 0 0 0 0 0 0 0 0 0 0 0 0 0 0 0 0 0 0 0 0 0 0 0 0 0 0 0 0 0 0 0 0 0 0 0 0 0 0 0 0 0 0 0 0 0 0 0 0 0 0 0 0 0 0 0 0 0 0 0 0 0 0 0 0 0 0 0 0 0 0 0 0 0 0 0 0 0 0 0 0 0 0 0 0 0 0 0 0 0 0 0 0 0 0 0 0 0 0 0 0 0 0 0 0 0 0 0 0 0 0 0 0 0 0 0 0 0 0 0 0 0 0 0 0 0 0 0 0 0 0 0 0 0 0 0 0 0 0 0 0 0 0 0 0 0 0 0 0 0 0 0 0 0 0 0 0 0 0 0 0 0 0 0 0 0 0 0 0 0 0 0 0 0 0 0 0
ctxt 2536008
btime 1613064758
processes 53228
procs_running 1
procs_blocked 0
softirq 26839202 1 15642530 1426 461446 0 0 169 1005057 0 9728573
