cpu  25789933 4 49219 6961049 419 0 3871 0 0 0
cpu0 717279 1 1770 191823 0 0 443 0 0 0
cpu1 716084 0 1758 193286 1 0 89 0 0 0
cpu2 716742 0 1557 192794 79 0 54 0 0 0
cpu3 715448 0 2046 193678 1 0 72 0 0 0
cpu4 715951 0 1574 193683 1 0 32 0 0 0
cpu5 716003 0 1413 193786 0 0 48 0 0 0
cpu6 716413 0 1334 193300 72 0 112 0 0 0
cpu7 716676 0 1011 193484 3 0 53 0 0 0
cpu8 716498 0 1258 193445 6 0 23 0 0 0
cpu9 716734 0 996 193453 1 0 53 0 0 0
cpu10 716354 0 1166 193635 5 0 84 0 0 0
cpu11 716210 0 1322 193616 3 0 82 0 0 0
cpu12 714535 0 2781 193549 4 0 355 0 0 0
cpu13 715903 0 1834 193404 1 0 75 0 0 0
cpu14 715445 0 2488 193215 8 0 78 0 0 0
cpu15 715605 0 2042 193546 2 0 37 0 0 0
cpu16 716973 0 2234 191949 0 0 76 0 0 0
cpu17 716435 0 1070 193654 22 0 43 0 0 0
cpu18 716869 0 1144 193196 13 0 16 0 0 0
cpu19 716112 0 1551 193438 9 0 128 0 0 0
cpu20 716780 0 855 193536 45 0 12 0 0 0
cpu21 715852 0 1840 193517 10 0 11 0 0 0
cpu22 716708 0 869 193590 50 0 14 0 0 0
cpu23 716690 0 828 193649 4 0 65 0 0 0
cpu24 717102 0 506 193604 1 0 19 0 0 0
cpu25 716532 0 1017 193663 1 0 16 0 0 0
cpu26 716773 0 839 193559 13 0 51 0 0 0
cpu27 716257 0 1069 193680 4 0 219 0 0 0
cpu28 716900 0 683 193627 4 0 17 0 0 0
cpu29 713941 0 2369 193584 2 0 1327 0 0 0
cpu30 716874 0 940 193401 3 0 8 0 0 0
cpu31 716520 0 1301 193332 14 0 68 0 0 0
cpu32 716879 0 747 193600 1 0 14 0 0 0
cpu33 716802 0 1160 193249 3 0 16 0 0 0
cpu34 717044 0 972 193171 8 0 32 0 0 0
cpu35 717994 0 864 192335 7 0 14 0 0 0
intr 71140185 56 0 0 0 611 0 0 0 1 0 250 0 0 0 0 0 0 0 0 0 0 0 0 0 0 0 0 0 0 0 0 93 186 220 9804 102 3113 151 3148 509 349 158 581 292 1103 871 556 415 286 541 2544 551 3452 1141 1832 416 0 0 0 0 68 99 375 350 362 1133 408 1002 155 331 386 795 0 0 16 15150 3584 0 17753 1132 1355 844 1849 1063 1016 1309 1896 964 3257 2844 73145 18072 2539 1512 2230 658 1184 1063 813 790 1919 663 1011 846 2822 1598 3275 171193 524 1538 1074 753 4951 2129 0 16 7769 1 0 0 0 0 0 0 0 0 0 0 0 0 0 0 0 0 0 0 0 0 0 0 0 0 0 0 0 0 0 0 0 0 0 0 0 0 0 25 0 0 0 0 0 0 0 0 0 0 0 0 0 0 0 0 0 0 0 0 0 0 0 0 0 0 0 0 0 0 0 0 0 0 0 0 0 0 0 0 0 0 0 0 0 0 0 0 0 0 0 0 0 0 0 0 0 0 0 0 0 0 0 0 0 0 0 0 0 0 0 0 0 0 0 0 0 0 0 0 0 0 0 0 0 0 0 0 0 0 0 0 0 0 0 0 0 0 0 0 0 0 0 0 0 0 0 0 0 0 0 0 0 0 0 0 0 0 0 0 0 0 0 0 0 0 0 0 0 0 0 0 0 0 0 0 0 0 0 0 0 0 0 0 0 0 0 0 0 0 0 0 0 0 0 0 0 0 0 0 0 0 0 0 0 0 0 0 0 0 0 0 0 0 0 0 0 0 0 0 0 0 0 0 0 0 0 0 0 0 0 0 0 0 0 0 0 0 0 0 0 0 0 0 0 0 0 0 0 0 0 0 0 0 0 0 0 0 0 0 0 0 0 0 0 0 0 0 0 0 0 0 0 0 0 0 0 0 0 0 0 0 0 0 0 0 0 0 0 0 0 0 0 0 0 0 0 0 0 0 0 0 0 0 0 0 0 0 0 0 0 0 0 0 0 0 0 0 0 0 0 0 0 0 0 0 0 0 0 0 0 0 0 0 0 0 0 0 0 0 0 0 0 0 0 0 0 0 0 0 0 0 0 0 0 0 0 0 0 0 0 0 0 0 0 0 0 0 0 0 0 0 0 0 0 0 0 0 0 0 0 0 0 0 0 0 0 0 0 0 0 0 0 0 0 0 0 0 0 0 0 0 0 0 0 0 0 0 0 0 0 0 0 0 0 0 0 0 0 0 0 0 0 0 0 0 0 0 0 0 0 0 0 0 0 0 0 0 0 0 0 0 0 0 0 0 0 0 0 0 0 0 0 0 0 0 0 0 0 0 0 0 0 0 0 0 0 0 0 0 0 0 0 0 0 0 0 0 0 0 0 0 0 0 0 0 0 0 0 0 0 0 0 0 0 0 0 0 0 0 0 0 0 0 0 0 0 0 0 0 0 0 0 0 0 0 0 0 0 0 0 0 0 0 0 0 0 0 0 0 0 0 0 0 0 0 0 0 0 0 0 0 0 0 0 0 0 0 0 0 0 0 0 0 0 0 0 0 0 0 0 0 0 0 0 0 0 0 0 0 0 0 0 0 0 0 0 0 0 0 0 0 0 0 0 0 0 0 0 0 0 0 0 0 0 0 0 0 0 0 0 0 0 0 0 0 0 0 0 0 0 0 0 0 0 0 0 0 0 0 0 0 0 0 0 0 0 0 0 0 0 0 0 0 0 0 0 0 0 0 0 0 0 0 0 0 0 0 0 0 0 0 0 0 0 0 0 0 0 0 0 0 0 0 0 0 0 0 0 0 0 0 0 0 0 0 0 0 0 0 0 0 0 0 0 0 0 0 0 0 0 0 0 0 0 0 0 0 0 0 0 0 0 0 0 0 0 0 0 0 0 0 0 0 0 0 0 0 0 0 0 0 0 0 0 0 0 0 0 0 0 0 0 0 0 0 0 0 0 0 0 0 0 0 0 0 0 0 0 0 0 0 0 0 0 0 0 0 0 0 0 0 0 0 0 0 0 0 0 0 0 0 0 0 0 0 0 0 0 0 0 0 0 0 0 0 0 0 0 0 0 0 0 0 0 0 0 0 0 0 0 0 0 0 0 0 0 0 0 0 0 0 0 0 0 0 0 0 0 0 0 0 0 0 0 0 0 0 0 0 0 0 0 0 0 0 0 0 0 0 0 0 0 0 0 0 0 0 0 0 0 0 0 0 0 0 0 0 0 0 0 0 0 0 0 0 0 0 0 0 0 0 0 0 0 0 0 0 0 0 0 0 0 0 0 0 0 0 0 0 0 0 0 0 0 0 0 0 0 0 0 0 0 0 0 0 0 0 0 0 0 0 0 0 0 0 0 0 0 0 0 0 0 0 0 0 0 0 0 0 0 0 0 0 0 0 0 0 0 0 0 0 0 0 0 0 0 0 0 0 0 0 0 0 0 0 0 0 0 0 0 0 0 0 0 0 0 0 0 0 0 0 0 0 0 0 0 0 0 0 0 0 0 0 0 0 0 0 0 0 0 0 0 0 0 0 0 0 0 0 0 0 0 0 0 0 0 0 0 0 0 0 0 0 0 0 0 0 0 0 0 0 0 0 0 0 0 0 0 0 0 0 0 0 0 0 0 0 0 0 0 0 0 0 0 0 0 0 0 0 0 0 0 0 0 0 0 0 0 0 0 0 0 0 0 0 0 0 0 0 0 0 0 0 0 0 0 0 0 0 0 0 0 0 0 0 0 0 0 0 0 0 0 0 0 0 0 0 0 0 0 0 0 0 0 0 0 0 0 0 0 0 0 0 0 0 0 0 0 0 0 0 0 0 0 0 0 0 0 0 0 0 0 0 0 0 0 0 0 0
ctxt 18408800
btime 1613124388
processes 460000
procs_running 1
procs_blocked 0
softirq 93384371 1 54472403 778 3457403 0 0 329195 2420118 0 32704473
