cpu  4078881 8 12677 11201292 423 0 358 0 0 0
cpu0 31780 0 634 86866 0 0 148 0 0 0
cpu1 31854 0 57 87596 0 0 20 0 0 0
cpu2 31696 0 121 87663 1 0 2 0 0 0
cpu3 31780 0 129 87586 2 0 3 0 0 0
cpu4 31845 0 123 87524 8 0 1 0 0 0
cpu5 31854 0 52 87596 0 0 0 0 0 0
cpu6 31800 0 114 87590 0 0 1 0 0 0
cpu7 31808 0 89 87601 0 0 3 0 0 0
cpu8 31919 0 141 87430 0 0 3 0 0 0
cpu9 31853 0 61 87589 0 0 0 0 0 0
cpu10 31735 0 152 87598 8 0 4 0 0 0
cpu11 31850 0 77 87577 0 0 0 0 0 0
cpu12 31960 0 168 87353 0 0 1 0 0 0
cpu13 31857 0 58 87589 0 0 0 0 0 0
cpu14 31810 0 100 87590 0 0 2 0 0 0
cpu15 31628 0 268 87575 0 0 30 0 0 0
cpu16 31884 0 172 87428 0 0 4 0 0 0
cpu17 31854 0 56 87590 0 0 0 0 0 0
cpu18 31818 0 94 87590 0 0 1 0 0 0
cpu19 31836 0 66 87599 0 0 0 0 0 0
cpu20 31913 5 174 87385 5 0 5 0 0 0
cpu21 31855 0 61 87583 0 0 0 0 0 0
cpu22 31839 0 94 87567 0 0 3 0 0 0
cpu23 31815 0 110 87573 0 0 1 0 0 0
cpu24 32004 0 160 87317 2 0 2 0 0 0
cpu25 31853 0 57 87589 0 0 0 0 0 0
cpu26 31843 0 73 87582 0 0 1 0 0 0
cpu27 31848 0 74 87575 0 0 0 0 0 0
cpu28 32049 0 204 87232 0 0 1 0 0 0
cpu29 31854 0 54 87591 0 0 0 0 0 0
cpu30 31843 0 77 87577 0 0 2 0 0 0
cpu31 31852 0 68 87574 0 0 0 0 0 0
cpu32 31941 0 174 87339 19 0 1 0 0 0
cpu33 31852 0 56 87587 0 0 0 0 0 0
cpu34 31853 0 57 87582 0 0 0 0 0 0
cpu35 31850 0 70 87575 0 0 0 0 0 0
cpu36 31930 0 177 87358 17 0 0 0 0 0
cpu37 31854 0 59 87581 0 0 0 0 0 0
cpu38 31842 0 78 87560 0 0 0 0 0 0
cpu39 31839 0 81 87571 0 0 2 0 0 0
cpu40 31900 0 124 87457 4 0 0 0 0 0
cpu41 31854 0 56 87580 0 0 0 0 0 0
cpu42 31836 0 78 87577 0 0 0 0 0 0
cpu43 31849 0 73 87569 0 0 0 0 0 0
cpu44 31824 0 114 87544 1 0 6 0 0 0
cpu45 31853 0 56 87584 0 0 0 0 0 0
cpu46 31779 0 122 87582 2 0 4 0 0 0
cpu47 31831 0 80 87577 0 0 0 0 0 0
cpu48 31898 0 132 87490 1 0 0 0 0 0
cpu49 31882 0 54 87550 0 0 0 0 0 0
cpu50 31849 0 64 87574 2 0 0 0 0 0
cpu51 31720 0 91 87685 0 0 7 0 0 0
cpu52 31799 0 127 87553 0 0 7 0 0 0
cpu53 31856 0 56 87576 0 0 0 0 0 0
cpu54 31849 0 64 87571 1 0 1 0 0 0
cpu55 31801 0 112 87572 0 0 1 0 0 0
cpu56 31888 0 106 87443 1 0 16 0 0 0
cpu57 31854 0 54 87573 0 0 0 0 0 0
cpu58 31874 0 60 87554 0 0 0 0 0 0
cpu59 31847 0 73 87566 0 0 0 0 0 0
cpu60 32131 0 122 87230 1 0 0 0 0 0
cpu61 31853 0 52 87575 0 0 0 0 0 0
cpu62 31858 0 66 87558 0 0 0 0 0 0
cpu63 31852 0 68 87567 0 0 0 0 0 0
cpu64 31816 0 135 87522 7 0 2 0 0 0
cpu65 31841 0 60 87580 0 0 0 0 0 0
cpu66 31826 0 73 87582 1 0 0 0 0 0
cpu67 31831 0 88 87564 0 0 0 0 0 0
cpu68 32302 0 148 87021 2 0 1 0 0 0
cpu69 31841 0 62 87579 0 0 0 0 0 0
cpu70 31830 0 86 87564 0 0 1 0 0 0
cpu71 31846 0 73 87562 0 0 0 0 0 0
cpu72 31863 0 81 87524 4 0 0 0 0 0
cpu73 31848 0 55 87571 1 0 0 0 0 0
cpu74 31826 0 93 87540 0 0 0 0 0 0
cpu75 31848 0 76 87554 1 0 0 0 0 0
cpu76 32398 0 266 86679 116 0 0 0 0 0
cpu77 31856 0 55 87567 0 0 0 0 0 0
cpu78 31825 0 84 87564 0 0 0 0 0 0
cpu79 31658 0 237 87544 0 0 36 0 0 0
cpu80 31995 0 152 87310 12 0 2 0 0 0
cpu81 31854 0 68 87556 0 0 0 0 0 0
cpu82 31817 0 98 87542 0 0 1 0 0 0
cpu83 31848 0 87 87536 1 0 2 0 0 0
cpu84 32049 0 189 87109 106 0 4 0 0 0
cpu85 31854 0 86 87521 6 0 0 0 0 0
cpu86 31846 0 72 87555 0 0 0 0 0 0
cpu87 31818 0 105 87548 0 0 1 0 0 0
cpu88 32032 0 145 87293 1 0 0 0 0 0
cpu89 31855 0 63 87555 0 0 0 0 0 0
cpu90 31866 0 79 87515 8 0 0 0 0 0
cpu91 31851 0 74 87549 0 0 0 0 0 0
cpu92 31963 0 157 87346 1 0 0 0 0 0
cpu93 31854 0 60 87560 0 0 0 0 0 0
cpu94 31855 0 81 87529 0 0 0 0 0 0
cpu95 31854 0 90 87524 1 0 0 0 0 0
cpu96 31904 0 218 87343 2 0 0 0 0 0
cpu97 31854 0 62 87551 0 0 0 0 0 0
cpu98 31866 0 72 87529 0 0 0 0 0 0
cpu99 31858 0 72 87539 0 0 0 0 0 0
cpu100 31973 0 171 87307 2 0 0 0 0 0
cpu101 31854 0 55 87562 0 0 0 0 0 0
cpu102 31868 0 86 87513 0 0 0 0 0 0
cpu103 31850 0 70 87549 0 0 0 0 0 0
cpu104 31993 0 131 87342 2 0 0 0 0 0
cpu105 31855 0 59 87554 0 0 0 0 0 0
cpu106 31844 0 73 87553 0 0 0 0 0 0
cpu107 31852 0 64 87546 0 0 0 0 0 0
cpu108 31868 0 74 87507 9 0 0 0 0 0
cpu109 31853 0 74 87539 0 0 0 0 0 0
cpu110 31858 0 66 87537 0 0 0 0 0 0
cpu111 31850 0 74 87540 0 0 0 0 0 0
cpu112 31852 0 73 87537 0 0 0 0 0 0
cpu113 31853 0 64 87548 0 0 0 0 0 0
cpu114 31849 0 58 87554 1 0 0 0 0 0
cpu115 31853 0 73 87540 0 0 0 0 0 0
cpu116 31859 0 81 87516 0 0 0 0 0 0
cpu117 31856 0 74 87520 11 0 0 0 0 0
cpu118 31854 0 73 87531 1 0 0 0 0 0
cpu119 31800 0 109 87548 0 0 0 0 0 0
cpu120 31879 0 89 87489 0 0 0 0 0 0
cpu121 31858 0 59 87546 0 0 0 0 0 0
cpu122 31859 0 67 87533 3 0 0 0 0 0
cpu123 31853 0 74 87530 0 0 0 0 0 0
cpu124 32057 0 110 87283 4 0 0 0 0 0
cpu125 31856 0 56 87545 0 0 0 0 0 0
cpu126 31877 0 76 87494 0 0 0 0 0 0
cpu127 31860 0 96 87501 1 0 0 0 0 0
intr 13094129 130 0 0 0 681 0 0 0 1 0 285 0 0 0 0 0 0 0 0 0 0 0 0 0 0 0 0 0 0 0 0 0 0 0 0 260 0 3292 1 107 1724 295 0 1 531 3 0 3 2 1239 0 0 3958 582 2 0 99 4370 0 0 1007 1861 0 1 0 5648 0 0 2 6 0 0 39 0 0 0 3158 201 2 4 0 230 0 20 0 4 114 0 0 0 0 730 490 33343 0 1 2 11 86 12 0 4008 0 0 0 424 0 0 0 0 0 92 0 748 0 0 3968 446 0 2 438 4689 0 0 1386 0 0 0 0 173 0 14 0 1 0 0 0 3 6 0 0 4 0 0 0 22 0 0 0 0 0 0 0 0 0 0 0 0 0 0 0 0 0 0 0 0 157 737 475 347 10759 2027 6255 128 466 333 280 824 64 143 25 215 731 128 486 132 151 25 9 25 163 1 2 46 5 0 293 9 0 0 0 0 0 0 0 0 0 0 0 0 0 0 0 0 0 0 0 6 0 0 0 20 0 20 2 5 10 0 334 2 5 84 12 3928 13 6 13 184 18 1 5 4 51 89 8 6 4 5 3 1 0 4 9 61 5 236 8 75 226 74 6 2 0 10 1 4 7 1 0 0 2 6 7 15 4 1 4 18 48 0 0 0 0 0 0 0 0 0 0 0 0 0 0 0 0 0 0 0 0 0 0 0 0 0 0 0 0 0 0 0 0 0 0 0 0 0 0 0 0 0 0 0 0 0 0 0 0 0 0 0 0 0 0 0 0 0 0 0 0 0 0 0 0 0 0 0 0 0 0 0 0 0 0 0 0 0 0 0 0 0 0 0 0 0 0 0 0 0 0 0 0 0 0 0 0 0 0 0 0 0 0 0 0 0 0 0 0 0 0 0 0 0 0 0 0 0 0 0 0 0 0 0 0 0 0 0 0 0 0 0 0 0 0 0 0 0 0 0 0 0 0 0 0 0 0 0 0 0 0 0 0 0 0 0 0 0 0 0 0 0 0 0 0 0 0 0 0 0 0 0 0 0 0 0 0 0 0 0 0 0 0 0 0 0 0 0 0 0 0 0 0 0 0 0 0 0 0 0 0 0 0 0 0 0 0 0 0 0 0 0 0 0 0 0 0 0 0 0 0 0 0 0 0 0 0 0 0 0 0 0 0 0 0 0 0 0 0 0 0 0 0 0 0 0 0 0 0 0 0 0 0 0 0 0 0 0 0 0 0 0 0 0 0 0 0 0 0 0 0 0 0 0 0 0 0 0 0 0 0 0 0 0 0 0 0 0 0 0 0 0 0 0 0 0 0 0 0 0 0 0 0 0 0 0 0 0 0 0 0 0 0 0 0 0 0 0 0 0 0 0 0 0 0 0 0 0 0 0 0 0 0 0 0 0 0 0 0 0 0 0 0 0 0 0 0 0 0 0 0 0 0 0 0 0 0 0 0 0 0 0 0 0 0 0 0 0 0 0 0 0 0 0 0 0 0 0 0 0 0 0 0 0 0 0 0 0 0 0 0 0 0 0 0 0 0 0 0 0 0 0 0 0 0 0 0 0 0 0 0 0 0 0 0 0 0 0 0 0 0 0 0 0 3 0 0 0 0 0 0 0 0 0 0 0 0 0 0 0 0 0 0 0 0 0 0 0 21 1 0 0 27 0 0 0 0 0 0 0 0 0 0 0 0 0 0 0 0 0 0 0 0 0 0 0 0 0 0 0 0 0 0 0 49 0 0 0 0 0 0 0 0 0 0 0 0 0 0 0 0 0 0 0 0 0 0 0 0 0 0 0 0 0 0 0 0 0 19 0 0 0 0 0 0 0 0 0 0 0 0 0 0 0 0 0 0 0 0 0 0 0 0 0 0 0 0 0 0 0 0 0 0 0 0 0 0 0 0 0 0 0 0 0 0 0 0 0 0 0 0 0 0 0 0 0 0 0 0 0 0 0 0 0 0 0 0 0 0 0 0 0 0 0 0 0 0 0 0 0 0 0 0 0 0 0 0 0 0 0 0 0 0 0 0 0 0 0 0 0 0 0 0 0 0 0 0 0 0 0 0 0 0 0 0 0 0 0 0 0 0 0 0 0 0 0 0 0 0 0 0 0 0 0 0 0 0 0 0 0 0 0 0 0 0 0 0 0 0 0 0 0 0 0 0 0 0 0 0 0 0 0 0 0 0 0 0 0 0 0 0 0 0 0 0 0 0 0 0 0 0 0 0 0 0 0 0 0 0 0 0 0 0 0 0 0 0 0 0 0 0 0 0 0 0 0 0 0 0 0 0 0 0 0 0 0 0 0 0 0 0 0 0 0 0 0 0 0 0 0 0 0 0 0 0 0 0 0 0 0 0 0 0 0 0 0 0 0 0 0 0 0 0 0 0 0 0 0 0 0 0 0 0 0 0 0 0 0 0 0 0 0 0 0 0 0 0 0 0 0 0 0 0 0 0 0 0 0 0 0 0 0 0 0 0 0 0 0 0 0 0 0 0 0 0 0 0 0 0 0 0 0 0 0 0 0 0 0 0 0 0 0 0 0 0 0 0 0 0 0 0 0 0 0 0 0 0 0 0 0 0 0 0 0 0 0 0 0 0 0 0 0 0 0 0 0 0 0 0 0 0 0 0 0 0 0 0 0 0 0 0 0 0 0 0 0 0 0 0 0 0 0 0 0 0 0 0 0 0 0 0 0 0 0 0 0 0 0 0 0 0 0 0 0 0 0 0 0 0 0 0 0 0 0 0 0 0 0 0 0 0 0 0 0 0 0 0 0 0 0 0 0 0 0 0 0 0 0 0 0 0 0 0 0 0 0 0 0 0 0 0 0 0 0 0 0 0 0 0 0 0 0 0 0 0 0 0 0 0 0 0 0 0 0 0 0 0 0 0 0 0 0 0 0 0 0 0 0 0 0 0 0 0 0 0 0 0 0 0 0 0 0 0 0 0 0 0 0 0 0 0 0 0 0 0 0 0 0 0 0 0 0 0 0 0 0 0 0 0 0 0 0 0 0 0 0 0 0 0 0 0 0 0 0 0 0 0 0 0 0 0 0 0 0 0 0 0 0 0 0 0 0 0 0 0 0 0 0 0 0 0 0 0 0 0 0 0 0 0 0 0 0 0 0 0 0 0 0 0 0 0 0 0 0 0 0 0 0 0 0 0 0 0 0 0 0 0 0 0 0 0 0 0 0 0 0 0 0 0 0 0 0 0 0 0 0 0 0 0 0 0 0 0 0 0 0 0 0 0 0 0 0 0 0 0 0 0 0 0 0 0 0 0 0 0 0 0 0 0 0 0 0 0 0 0 0 0 0 0 0 0 0 0 0 0 0 0 0 0 0 0 0 0 0 0 0 0 0 0 0 0 0 0 0 0 0 0 0 0 0 0 0 0 0 0 0 0 0 0 0 0 0 0 0 0 0 0 0 0 0 0 0 0 0 0 0 0 0 0 0 0 0 0 0 0 0 0 0 0 0 0 0 0 0 0 0 0 0 0 0 0 0 0 0 0 0 0 0 0 0 0 0 0 0 0 0 0 0 0 0 0 0 0 0 0 0 0 0 0 0 0 0 0 0 0 0 0 0 0 0 0 0 0 0 0 0 0 0 0 0 0 0 0 0 0 0 0 0 0 0 0 0 0 0 0 0 0 0 0 0 0 0 0 0 0 0 0 0 0 0 0 0 0 0 0 0 0 0 0 0 0 0 0 0 0 0 0 0 0 0 0 0 0 0 0 0 0 0 0 0 0 0 0 0 0 0 0 0 0 0 0 0 0 0 0 0 0 0 0 0 0 0 0 0 0 0 0 0 0 0 0 0 0 0 0 0 0 0 0 0 0 0 0 0 0 0 0 0 0 0 0 0 0 0 0 0 0 0 0 0 0 0 0 0 0 0 0 0 0 0 0 0 0 0 0 0 0 0 0 0 0 0 0 0 0 0 0 0 0 0 0 0 0 0 0 0 0 0 0 0 0 0 0 0 0 0 0 0 0 0 0 0 0 0 0 0 0 0 0 0 0 0 0 0 0 0 0 0 0 0 0 0 0 0 0 0 0 0 0 0 0 0 0 0 0 0 0 0 0 0 0 0 0 0 0 0 0 0 0 0 0 0 0 0 0 0 0 0 0 0 0 0 0 0 0 0 0 0 0 0 0 0 0 0 0 0 0 0 0 0 0 0 0 0 0 0 0 0 0 0 0 0 0 0 0 0 0 0 0 0 0 0 0 0 0 0 0 0 0 0 0 0 0 0 0 0 0 0 0 0 0 0 0 0 0 0 0 0 0 0 0 0 0 0 0 0 0 0 0 0 0 0 0 0 0 0 0 0 0 0 0 0 0 0 0 0 0 0 0 0 0 0 0 0 0 0 0 0 0 0 0 0 0 0 0 0 0 0 0 0 0 0 0 0 0 0 0 0 0 0 0 0 0 0 0 0 0 0 0 0 0 0 0 0 0 0 0 0 0 0 0 0 0 0 0 0 0 0 0 0 0 0 0 0 0 0 0 0 0 0 0 0 0 0 0 0 0 0 0 0 0 0 0 0 0 0 0 0 0 0 0 0 0 0 0 0 0 0 0 0 0 0 0 0 0 0 0 0 0 0 0 0 0 0 0 0 0 0 0 0 0 0 0 0 0 0 0 0 0 0 0 0 0 0 0 0 0 0 0 0 0 0 0 0 0 0 0 0 0 0 0 0 0 0 0 0 0 0 0 0 0 0 0 0 0 0 0 0 0 0 0 0 0 0 0 0 0 0 0 0 0 0 0 0 0 0 0 0 0 0 0 0 0 0 0 0 0 0 0 0 0 0 0 0 0 0 0 0 0 0 0 0 0 0 0 0 0 0 0 0 0 0 0 0 0 0 0 0 0 0 0 0 0 0 0 0 0 0 0 0 0 0 0 0 0 0 0 0 0 0 0 0 0 0 0 0 0 0 0 0 0 0 0 0 0 0 0 0 0 0 0 0 0 0 0 0 0 0 0 0 0 0 0 0 0 0 0 0 0 0 0 0 0 0 0 0 0 0 0 0 0 0 0 0 0 0 0 0 0 0 0 0 0 0 0 0 0 0 0 0 0 0 0 0 0 0 0 0 0 0 0 0 0 0 0 0 0 0 0 0 0 0 0 0 0 0 0 0 0 0 0 0 0 0 0 0 0 0 0 0 0 0 0 0 0 0 0 0 0 0 0 0 0 0 0 0 0 0 0 0 0 0 0 0 0 0 0 0 0 0 0 0 0 0 0 0 0 0 0 0 0 0 0 0 0 0 0 0 0 0 0 0 0 0 0 0 0 0 0 0 0 0 0 0 0 0 0 0 0 0 0 0 0 0 0 0 0 0 0 0 0 0 0 0 0 0 0 0 0 0 0 0 0 0 0 0 0 0 0 0 0 0 0 0 0 0 0 0 0 0 0 0 0 0 0 0 0 0 0 0 0 0 0 0 0 0 0 0 0 0 0 0 0 0 0 0 0 0 0 0 0 0 0 0 0 0 0 0 0 0 0 0 0 0 0 0 0 0 0 0 0 0 0 0 0 0 0 0 0 0 0 0 0 0 0 0 0 0 0 0 0 0 0 0 0 0 0 0 0 0 0 0 0 0 0 0 0 0 0 0 0 0 0 0 0 0 0 0 0 0 0 0 0 0 0 0 0 0 0 0 0 0 0 0 0 0 0 0 0 0 0 0 0 0 0 0 0 0 0 0 0 0 0 0 0 0 0 0 0 0 0 0 0 0 0 0 0 0 0 0 0 0 0 0 0 0 0 0 0 0 0 0 0 0 0 0 0 0 0 0 0 0 0 0 0 0 0 0 0 0 0 0 0 0 0 0 0 0 0 0 0 0 0 0 0 0 0 0 0 0 0 0 0 0 0 0 0 0 0 0 0 0 0 0 0 0 0 0 0 0 0 0 0 0 0 0 0 0 0 0 0 0 0 0 0 0 0 0 0 0 0 0 0 0 0 0 0 0 0 0 0 0 0 0 0 0 0 0 0 0 0 0 0 0 0 0 0 0 0 0 0 0 0 0 0 0 0 0 0 0 0 0 0 0 0 0 0 0 0 0 0 0 0 0 0 0 0 0 0 0 0 0 0 0 0 0 0 0 0 0 0 0 0 0 0 0 0 0 0 0 0 0 0 0 0 0 0 0 0 0 0 0 0 0 0 0 0 0 0 0 0 0 0 0 0 0 0 0 0 0 0 0 0 0 0 0 0 0 0 0 0 0 0 0 0 0 0 0 0 0 0 0 0 0 0 0 0 0 0 0 0 0 0 0 0 0 0 0 0 0 0 0 0 0 0 0 0 0 0 0 0 0 0 0 0 0 0 0 0 0 0 0 0 0 0 0 0 0 0 0 0 0 0 0 0 0 0 0 0 0 0 0 0 0 0 0 0 0 0 0 0 0 0 0 0 0 0 0 0 0 0 0 0 0 0 0 0 0 0 0 0 0 0 0 0 0 0 0 0 0 0 0 0 0 0 0 0 0 0 0 0 0 0 0 0 0 0 0 0 0 0 0 0 0 0 0 0 0 0 0 0 0 0 0 0 0 0 0 0 0 0 0 0 0 0 0 0 0 0 0 0 0 0 0 0 0 0 0 0 0 0 0 0 0 0 0 0 0 0 0 0 0 0 0 0 0 0 0 0 0 0 0 0 0 0 0 0 0 0 0 0 0 0 0 0 0 0 0 0 0 0 0 0 0 0 0 0 0 0 0 0 0 0 0 0 0 0 0 0 0 0 0 0 0 0 0 0 0 0 0 0 0 0 0 0 0 0 0 0 0 0 0 0 0 0 0 0 0 0 0 0 0 0 0 0 0 0 0 0 0 0 0 0 0 0 0 0 0 0 0 0 0 0 0 0 0 0 0 0 0 0 0 0 0 0 0 0 0 0 0 0 0 0 0 0 0 0 0 0 0 0 0 0 0 0 0 0 0 0 0 0 0 0 0 0 0 0 0 0 0 0 0 0 0 0 0 0 0 0 0 0 0 0 0 0 0 0 0 0 0 0 0 0 0 0 0 0 0 0 0 0 0 0 0 0 0 0 0 0 0 0 0 0 0 0 0 0 0 0 0 0 0 0 0 0 0 0 0 0 0 0 0 0 0 0 0 0 0 0 0 0 0 0 0 0 0 0 0 0 0 0 0 0 0 0 0 0 0 0 0 0 0 0 0 0 0 0 0 0 0 0 0 0 0 0 0 0 0 0 0 0 0 0 0 0 0 0 0 0 0 0 0 0 0 0 0 0 0 0 0 0 0 0 0 0 0 0 0 0 0 0 0 0 0 0 0 0 0 0 0 0 0 0 0 0 0 0 0 0 0 0 0 0 0 0 0 0 0 0 0 0 0 0 0 0 0 0 0 0 0 0 0 0 0 0 0 0 0 0 0 0 0 0 0 0 0 0 0 0 0 0 0 0 0 0 0 0 0 0 0 0 0 0 0 0 0 0 0 0 0 0 0 0 0 0 0 0 0 0 0 0 0 0 0 0 0 0 0 0 0 0 0 0 0 0 0 0 0 0 0 0 0 0 0 0 0 0 0 0 0 0 0 0 0 0 0 0 0 0 0 0 0 0 0 0 0 0 0 0 0 0 0 0 0 0 0 0 0 0 0 0 0 0 0 0 0 0 0 0 0 0 0 0 0 0 0 0 0 0 0 0 0 0 0 0 0 0 0 0 0 0 0 0 0 0 0 0 0 0 0 0 0 0 0 0 0 0 0 0 0 0 0 0 0 0 0 0 0 0 0 0 0 0 0 0 0 0 0 0 0 0 0 0 0 0 0 0 0 0 0 0 0 0 0 0 0 0 0 0 0 0 0 0 0 0 0 0 0 0 0 0 0 0 0 0 0 0 0 0 0 0 0 0 0 0 0 0 0 0 0 0 0 0 0 0 0 0 0 0 0 0 0 0 0 0 0 0 0 0 0 0 0 0 0 0 0 0 0 0 0 0 0 0 0 0 0 0 0 0 0 0 0 0 0 0 0 0 0 0 0 0 0 0 0 0 0 0 0 0 0 0 0 0 0 0 0 0 0 0 0 0 0 0 0 0 0 0 0 0 0 0 0 0 0 0 0 0 0 0 0 0 0 0 0 0 0 0 0 0 0 0 0 0 0 0 0 0 0 0 0 0 0 0 0 0 0 0 0 0 0 0 0 0 0 0 0 0 0 0 0 0 0 0 0 0 0 0 0 0 0 0 0 0 0 0 0 0 0 0 0 0 0 0 0 0 0 0 0 0 0 0 0 0 0 0 0 0 0 0 0 0 0 0 0 0 0 0 0 0 0 0 0 0 0 0 0 0 0 0 0 0 0 0 0 0 0 0 0 0 0 0 0 0 0 0 0 0 0 0 0 0 0 0 0 0 0 0 0 0 0 0 0 0 0 0 0 0 0 0 0 0 0 0 0 0 0 0 0 0 0 0 0 0 0 0 0 0 0 0 0 0 0 0 0 0 0 0 0 0 0 0 0 0 0 0 0 0 0 0 0 0 0 0 0 0 0 0 0 0 0 0 0 0 0 0 0 0 0 0 0 0 0 0 0 0 0 0 0 0 0 0 0 0 0 0 0 0 0 0 0 0 0 0 0 0 0 0 0 0 0 0 0 0 0 0 0 0 0 0 0 0 0 0 0 0 0 0 0 0 0 0 0 0 0 0 0 0 0 0 0 0 0 0 0 0 0 0 0 0 0 0 0 0 0 0 0 0 0 0 0 0 0 0 0 0 0 0 0 0 0 0 0 0 0 0 0 0 0 0 0 0 0 0 0 0 0 0 0 0 0 0 0 0 0 0 0 0 0 0 0 0 0 0 0 0 0 0 0 0 0 0 0 0 0 0 0 0 0 0 0 0 0 0 0 0 0 0 0 0 0 0 0 0 0 0 0 0 0 0 0 0 0 0 0 0 0 0 0 0 0 0 0 0 0 0 0 0 0 0 0 0 0 0 0 0 0 0 0 0 0 0 0 0 0 0 0 0 0 0 0 0 0 0 0 0 0 0 0 0 0 0 0 0 0 0 0 0 0 0 0 0 0 0 0 0 0 0 0 0 0 0 0 0 0 0 0 0 0 0 0 0 0 0 0 0 0 0 0 0 0 0 0 0 0 0 0 0 0 0 0 0 0 0 0 0 0 0 0 0 0 0 0 0 0 0 0 0 0 0 0 0 0 0 0 0 0 0 0 0 0 0 0 0 0 0 0 0 0 0 0 0 0 0 0 0 0 0 0 0 0 0 0 0 0 0 0 0 0 0 0 0 0 0 0 0 0 0 0 0 0 0 0 0 0 0 0 0 0 0 0 0 0 0 0 0 0 0 0 0 0 0 0 0 0 0 0 0 0 0 0 0 0 0 0 0 0 0 0 0 0 0 0 0 0 0 0 0 0 0 0 0 0 0 0 0 0 0 0 0 0 0 0 0 0 0 0 0 0 0 0 0 0 0 0 0 0 0 0 0 0 0 0 0 0 0 0 0 0 0 0 0 0 0 0 0 0 0 0 0 0 0 0 0 0 0 0 0 0 0 0 0 0 0 0 0 0 0 0 0 0 0 0 0 0 0 0 0 0 0 0 0 0 0 0 0 0 0 0 0 0 0 0 0 0 0 0 0 0 0 0 0 0 0 0 0 0 0 0 0 0 0 0 0 0 0 0 0 0 0 0 0 0 0 0 0 0 0 0 0 0 0 0 0 0 0 0 0 0 0 0 0 0 0 0 0 0 0 0 0 0 0 0 0 0 0 0 0 0 0 0 0 0 0 0 0 0 0 0 0 0 0 0 0 0 0 0 0 0 0 0 0 0 0 0 0 0 0 0 0 0 0 0 0 0 0 0 0 0 0 0 0 0 0 0 0 0 0 0 0 0 0 0 0 0 0 0 0 0 0 0 0 0 0 0 0 0 0 0 0 0 0 0 0 0 0 0 0 0 0 0 0 0 0 0 0 0 0 0 0 0 0 0 0 0 0 0 0 0 0 0 0 0 0 0 0 0 0 0 0 0 0 0
ctxt 1656470
btime 1613122782
processes 32987
procs_running 1
procs_blocked 0
softirq 13190067 1 7551379 910 272783 0 0 166 586635 0 4778193
