cpu  20941733 4 26000 7001800 422 0 3004 0 0 0
cpu0 581497 0 887 194269 1 0 498 0 0 0
cpu1 581525 0 678 194785 1 0 138 0 0 0
cpu2 581571 0 676 194717 0 0 83 0 0 0
cpu3 581849 0 572 194559 4 0 25 0 0 0
cpu4 580670 0 1471 194581 2 0 292 0 0 0
cpu5 581469 0 806 194683 14 0 48 0 0 0
cpu6 581664 0 626 194697 2 0 25 0 0 0
cpu7 581474 0 755 194745 4 0 54 0 0 0
cpu8 582006 0 874 194112 1 0 28 0 0 0
cpu9 581474 0 982 194529 1 0 38 0 0 0
cpu10 581687 0 972 194283 4 0 69 0 0 0
cpu11 581567 0 702 194731 2 0 30 0 0 0
cpu12 581997 0 841 194143 4 0 33 0 0 0
cpu13 581794 0 771 194374 49 0 36 0 0 0
cpu14 581074 0 1110 194782 4 0 47 0 0 0
cpu15 581216 0 982 194762 5 0 66 0 0 0
cpu16 581382 0 800 194760 1 0 77 0 0 0
cpu17 581652 0 622 194681 5 0 53 0 0 0
cpu18 581879 0 392 194710 5 0 32 0 0 0
cpu19 581620 0 618 194741 1 0 40 0 0 0
cpu20 581954 0 350 194682 3 0 29 0 0 0
cpu21 581876 0 396 194735 9 0 6 0 0 0
cpu22 581643 0 531 194782 12 0 60 0 0 0
cpu23 581836 0 390 194780 2 0 6 0 0 0
cpu24 580334 0 1323 194478 13 0 856 0 0 0
cpu25 581748 0 471 194783 3 0 19 0 0 0
cpu26 581763 0 519 194713 7 0 10 0 0 0
cpu27 581930 0 794 194250 0 0 52 0 0 0
cpu28 583169 0 732 192999 81 0 11 0 0 0
cpu29 582154 0 552 194265 33 0 22 0 0 0
cpu30 582794 0 567 193564 54 0 9 0 0 0
cpu31 581944 3 802 194184 40 0 48 0 0 0
cpu32 582050 0 836 194074 6 0 48 0 0 0
cpu33 581637 0 759 194521 12 0 74 0 0 0
cpu34 581891 0 445 194642 15 0 16 0 0 0
cpu35 581926 0 383 194689 1 0 12 0 0 0
intr 57874036 56 0 0 0 610 0 0 0 1 0 275 0 0 0 0 0 0 0 0 0 0 0 0 0 0 0 0 0 0 0 0 0 94 730 235 125 255 842 609 131 479 84 260 326 213 269 1489 453 351 316 398 283 229 193 1418 3734 0 0 0 0 203 1624 565 449 110 10040 3721 4011 1769 545 724 306 168 0 16 11122 1 0 24334 2756 4039 1471 1406 802 393 4024 1487 3998 1734 1417 3771 1682 4348 2218 3862 1023 3618 4384 5766 1886 3374 1043 175657 5053 1379 3205 615 5156 835 1319 5279 2650 1323 2015 0 16 7861 1 0 0 0 0 0 0 0 0 0 0 0 0 0 0 0 0 0 0 0 0 0 0 0 0 0 0 0 0 0 0 0 0 0 0 0 0 0 24 0 0 0 0 0 0 0 0 0 0 0 0 0 0 0 0 0 0 0 0 0 0 0 0 0 0 0 0 0 0 0 0 0 0 0 0 0 0 0 0 0 0 0 0 0 0 0 0 0 0 0 0 0 0 0 0 0 0 0 0 0 0 0 0 0 0 0 0 0 0 0 0 0 0 0 0 0 0 0 0 0 0 0 0 0 0 0 0 0 0 0 0 0 0 0 0 0 0 0 0 0 0 0 0 0 0 0 0 0 0 0 0 0 0 0 0 0 0 0 0 0 0 0 0 0 0 0 0 0 0 0 0 0 0 0 0 0 0 0 0 0 0 0 0 0 0 0 0 0 0 0 0 0 0 0 0 0 0 0 0 0 0 0 0 0 0 0 0 0 0 0 0 0 0 0 0 0 0 0 0 0 0 0 0 0 0 0 0 0 0 0 0 0 0 0 0 0 0 0 0 0 0 0 0 0 0 0 0 0 0 0 0 0 0 0 0 0 0 0 0 0 0 0 0 0 0 0 0 0 0 0 0 0 0 0 0 0 0 0 0 0 0 0 0 0 0 0 0 0 0 0 0 0 0 0 0 0 0 0 0 0 0 0 0 0 0 0 0 0 0 0 0 0 0 0 0 0 0 0 0 0 0 0 0 0 0 0 0 0 0 0 0 0 0 0 0 0 0 0 0 0 0 0 0 0 0 0 0 0 0 0 0 0 0 0 0 0 0 0 0 0 0 0 0 0 0 0 0 0 0 0 0 0 0 0 0 0 0 0 0 0 0 0 0 0 0 0 0 0 0 0 0 0 0 0 0 0 0 0 0 0 0 0 0 0 0 0 0 0 0 0 0 0 0 0 0 0 0 0 0 0 0 0 0 0 0 0 0 0 0 0 0 0 0 0 0 0 0 0 0 0 0 0 0 0 0 0 0 0 0 0 0 0 0 0 0 0 0 0 0 0 0 0 0 0 0 0 0 0 0 0 0 0 0 0 0 0 0 0 0 0 0 0 0 0 0 0 0 0 0 0 0 0 0 0 0 0 0 0 0 0 0 0 0 0 0 0 0 0 0 0 0 0 0 0 0 0 0 0 0 0 0 0 0 0 0 0 0 0 0 0 0 0 0 0 0 0 0 0 0 0 0 0 0 0 0 0 0 0 0 0 0 0 0 0 0 0 0 0 0 0 0 0 0 0 0 0 0 0 0 0 0 0 0 0 0 0 0 0 0 0 0 0 0 0 0 0 0 0 0 0 0 0 0 0 0 0 0 0 0 0 0 0 0 0 0 0 0 0 0 0 0 0 0 0 0 0 0 0 0 0 0 0 0 0 0 0 0 0 0 0 0 0 0 0 0 0 0 0 0 0 0 0 0 0 0 0 0 0 0 0 0 0 0 0 0 0 0 0 0 0 0 0 0 0 0 0 0 0 0 0 0 0 0 0 0 0 0 0 0 0 0 0 0 0 0 0 0 0 0 0 0 0 0 0 0 0 0 0 0 0 0 0 0 0 0 0 0 0 0 0 0 0 0 0 0 0 0 0 0 0 0 0 0 0 0 0 0 0 0 0 0 0 0 0 0 0 0 0 0 0 0 0 0 0 0 0 0 0 0 0 0 0 0 0 0 0 0 0 0 0 0 0 0 0 0 0 0 0 0 0 0 0 0 0 0 0 0 0 0 0 0 0 0 0 0 0 0 0 0 0 0 0 0 0 0 0 0 0 0 0 0 0 0 0 0 0 0 0 0 0 0 0 0 0 0 0 0 0 0 0 0 0 0 0 0 0 0 0 0 0 0 0 0 0 0 0 0 0 0 0 0 0 0 0 0 0 0 0 0 0 0 0 0 0 0 0 0 0 0 0 0 0 0 0 0 0 0 0 0 0 0 0 0 0 0 0 0 0 0 0 0 0 0 0 0 0 0 0 0 0 0 0 0 0 0 0 0 0 0 0 0 0 0 0 0 0 0 0 0 0 0 0 0 0 0 0 0 0 0 0 0 0 0 0 0 0 0 0 0 0 0 0 0 0 0 0 0 0 0 0 0 0 0 0 0 0 0 0 0 0 0 0 0 0 0 0 0 0 0 0 0 0 0 0 0 0 0 0 0 0 0 0 0 0 0 0 0 0 0 0 0 0 0 0 0 0 0 0 0 0 0 0 0 0 0 0 0 0 0 0 0 0 0 0 0 0 0 0 0 0 0 0 0 0 0 0 0 0 0 0 0 0 0 0 0 0 0 0 0 0 0 0 0 0 0 0 0 0 0 0 0 0 0 0 0 0 0 0 0 0 0 0 0 0 0 0 0 0 0 0 0 0 0 0 0 0 0 0 0 0 0 0 0 0 0 0 0 0 0 0 0 0 0 0 0 0 0 0 0 0 0 0 0 0 0 0 0 0 0 0 0 0 0 0 0 0 0 0 0 0 0 0 0 0 0 0 0 0 0 0 0 0 0 0 0 0 0 0 0 0 0 0 0 0 0 0 0 0 0
ctxt 15360351
btime 1613124388
processes 386028
procs_running 1
procs_blocked 0
softirq 75385555 1 43372946 653 2908386 0 0 287272 1991685 0 26824612
