cpu  21593499 5 32810 5326018 385 0 2989 0 0 0
cpu0 337055 0 886 82955 0 0 242 0 0 0
cpu1 336949 0 804 83385 12 0 35 0 0 0
cpu2 337073 0 711 83408 0 0 7 0 0 0
cpu3 337532 0 436 83206 2 0 18 0 0 0
cpu4 336901 0 802 83388 0 0 100 0 0 0
cpu5 338226 0 408 82525 21 0 13 0 0 0
cpu6 337537 0 356 83236 0 0 10 0 0 0
cpu7 337266 0 581 83297 8 0 41 0 0 0
cpu8 337308 0 440 83404 0 0 39 0 0 0
cpu9 337500 0 528 83102 65 0 10 0 0 0
cpu10 336322 0 1286 83337 0 0 246 0 0 0
cpu11 337093 0 727 83346 3 0 22 0 0 0
cpu12 337208 0 632 83336 0 0 12 0 0 0
cpu13 337171 0 722 83263 3 0 27 0 0 0
cpu14 336713 0 1022 83379 3 0 74 0 0 0
cpu15 337616 0 492 83063 1 0 22 0 0 0
cpu16 336816 0 988 83375 5 0 7 0 0 0
cpu17 337361 0 524 83250 27 0 16 0 0 0
cpu18 337075 0 669 83404 0 0 46 0 0 0
cpu19 337298 0 661 83174 4 0 34 0 0 0
cpu20 336975 0 694 83404 1 0 119 0 0 0
cpu21 337139 0 746 83182 2 0 103 0 0 0
cpu22 337444 0 321 83382 0 0 43 0 0 0
cpu23 337832 0 325 82972 28 0 16 0 0 0
cpu24 337682 0 129 83320 24 0 3 0 0 0
cpu25 337828 0 280 83056 10 0 8 0 0 0
cpu26 337227 0 588 83373 0 0 3 0 0 0
cpu27 338047 0 410 82705 9 0 10 0 0 0
cpu28 337532 0 175 83373 0 0 96 0 0 0
cpu29 336701 0 1031 83300 2 0 152 0 0 0
cpu30 337572 0 228 83376 0 0 4 0 0 0
cpu31 337984 0 766 82316 1 0 104 0 0 0
cpu32 337032 0 715 83395 0 0 39 0 0 0
cpu33 337883 0 571 82703 4 0 21 0 0 0
cpu34 337269 0 520 83399 0 0 1 0 0 0
cpu35 337818 0 338 83005 1 0 13 0 0 0
cpu36 337502 0 260 83400 0 0 27 0 0 0
cpu37 337410 0 374 83350 1 0 48 0 0 0
cpu38 337558 0 232 83391 0 0 3 0 0 0
cpu39 337169 0 796 83085 1 0 128 0 0 0
cpu40 337644 0 142 83392 0 0 6 0 0 0
cpu41 337386 0 494 83212 40 0 47 0 0 0
cpu42 334801 0 2349 83402 0 0 632 0 0 0
cpu43 337380 0 420 83378 0 0 9 0 0 0
cpu44 337614 0 184 83381 0 0 7 0 0 0
cpu45 337485 0 566 83091 12 0 29 0 0 0
cpu46 337504 0 307 83346 0 0 18 0 0 0
cpu47 337535 0 417 83215 2 0 14 0 0 0
cpu48 337373 0 418 83383 0 0 0 0 0 0
cpu49 337504 0 381 83274 0 0 13 0 0 0
cpu50 337569 0 214 83389 0 0 11 0 0 0
cpu51 337534 0 379 83247 2 0 17 0 0 0
cpu52 337511 0 249 83394 0 0 26 0 0 0
cpu53 337956 0 352 82847 0 0 8 0 0 0
cpu54 337617 0 149 83392 0 0 21 0 0 0
cpu55 337373 1 619 83084 6 0 90 0 0 0
cpu56 337476 0 311 83387 0 0 2 0 0 0
cpu57 337898 2 235 83021 7 0 3 0 0 0
cpu58 337688 0 94 83391 0 0 3 0 0 0
cpu59 337717 0 285 83161 4 0 11 0 0 0
cpu60 337695 0 93 83388 0 0 3 0 0 0
cpu61 337929 0 306 82885 46 0 3 0 0 0
cpu62 337684 0 112 83380 0 0 0 0 0 0
cpu63 337979 0 534 82628 4 0 27 0 0 0
intr 60408309 82 0 0 0 630 0 0 0 1 0 285 0 0 0 0 0 0 0 0 0 0 0 0 0 0 0 0 0 0 0 0 0 0 0 0 0 0 0 2291 14330 833 3202 513 3062 269 11246 70 871 686 816 286 3950 573 1846 410 685 393 4487 369 1425 229 1853 480 5886 403 3058 43430 14128 863 3140 805 5254 544 2151 842 191 292 7977 301 16717 350 940 925 14843 167 2279 0 4009 303 5441 17 1080 1121 309 1047 2259 428 4988 697 732 376 7865 0 0 0 0 0 0 0 0 0 0 0 0 0 0 0 0 0 93 31509 0 0 0 0 0 0 0 0 0 0 0 0 0 0 0 0 0 0 0 0 0 0 0 0 0 0 0 0 0 0 0 0 0 0 0 0 0 0 0 0 0 0 0 0 0 0 0 0 0 0 0 0 0 0 0 0 0 0 0 0 0 0 0 0 0 0 0 0 0 0 0 0 0 0 0 17 0 0 0 0 0 0 0 0 0 0 0 0 0 0 0 0 0 0 0 0 0 0 0 0 0 0 0 0 0 0 0 0 0 0 0 0 0 0 0 0 0 0 0 0 0 0 0 0 0 0 0 0 0 0 0 0 0 0 0 0 0 0 0 0 0 0 0 0 0 0 0 0 0 0 0 0 0 0 0 0 0 0 0 0 0 0 0 0 0 0 0 0 0 0 0 0 0 0 0 0 0 0 0 0 0 0 0 0 0 0 0 0 0 0 0 0 0 0 0 0 0 0 0 0 0 0 0 0 0 0 0 0 0 0 0 0 0 0 0 0 0 0 0 0 0 0 0 0 0 0 0 0 0 0 0 0 0 0 0 0 0 0 0 0 0 0 0 0 0 0 0 0 0 0 0 0 0 0 0 0 0 0 0 0 0 0 0 0 0 0 0 0 0 0 0 0 0 0 0 0 0 0 0 0 0 0 0 0 0 0 0 0 0 0 0 0 0 0 0 0 0 0 0 0 0 0 0 0 0 0 0 0 0 0 0 0 0 0 0 0 0 0 0 0 0 0 0 0 0 0 0 0 0 0 0 0 0 0 0 0 0 0 0 0 0 0 0 0 0 0 0 0 0 0 0 0 0 0 0 0 0 0 0 0 0 0 0 0 0 0 0 0 0 0 0 0 0 0 0 0 0 0 0 0 0 0 0 0 0 0 0 0 0 0 0 0 0 0 0 0 0 0 0 0 0 0 0 0 0 0 0 0 0 0 0 0 0 0 0 0 0 0 0 0 0 0 0 0 0 0 0 0 0 0 0 0 0 0 0 0 0 0 0 0 0 0 0 0 0 0 0 0 0 0 0 0 0 0 0 0 0 0 0 0 0 0 0 0 0 0 0 0 0 0 0 0 0 0 0 0 0 0 0 0 0 0 0 0 0 0 0 0 0 0 0 0 0 0 0 0 0 0 0 0 0 0 0 0 0 0 0 0 0 0 0 0 0 0 0 0 0 0 0 0 0 0 0 0 0 0 0 0 0 0 0 0 0 0 0 0 0 0 0 0 0 0 0 0 0 0 0 0 0 0 0 0 0 0 0 0 0 0 0 0 0 0 0 0 0 0 0 0 0 0 0 0 0 0 0 0 0 0 0 0 0 0 0 0 0 0 0 0 0 0 0 0 0 0 0 0 0 0 0 0 0 0 0 0 0 0 0 0 0 0 0 0 0 0 0 0 0 0 0 0 0 0 0 0 0 0 0 0 0 0 0 0 0 0 0 0 0 0 0 0 0 0 0 0 0 0 0 0 0 0 0 0 0 0 0 0 0 0 0 0 0 0 0 0 0 0 0 0 0 0 0 0 0 0 0 0 0 0 0 0 0 0 0 0 0 0 0 0 0 0 0 0 0 0 0 0 0 0 0 0 0 0 0 0 0 0 0 0 0 0 0 0 0 0 0 0 0 0 0 0 0 0 0 0 0 0 0 0 0 0 0 0 0 0 0 0 0 0 0 0 0 0 0 0 0 0 0 0 0 0 0 0 0 0 0 0 0 0 0 0 0 0 0 0 0 0 0 0 0 0 0 0 0 0 0 0 0 0 0 0 0 0 0 0 0 0 0 0 0 0 0 0 0 0 0 0 0 0 0 0 0 0 0 0 0 0 0 0 0 0 0 0 0 0 0 0 0 0 0 0 0 0 0 0 0 0 0 0 0 0 0 0 0 0 0 0 0 0 0 0 0 0 0 0 0 0 0 0 0 0 0 0 0 0 0 0 0 0 0 0 0 0 0 0 0 0 0 0 0 0 0 0 0 0 0 0 0 0 0 0 0 0 0 0 0 0 0 0 0 0 0 0 0 0 0 0 0 0 0 0 0 0 0 0 0 0 0 0 0 0 0 0 0 0 0 0 0 0 0 0 0 0 0 0 0 0 0 0 0 0 0 0 0 0 0 0 0 0 0 0 0 0 0 0 0 0 0 0 0 0 0 0 0 0 0 0 0 0 0 0 0 0 0 0 0 0 0 0 0 0 0 0 0 0 0 0 0 0 0 0 0 0 0 0 0 0 0 0 0 0 0 0 0 0 0 0 0 0 0 0 0 0 0 0 0 0 0 0 0 0 0 0 0 0 0 0 0 0 0 0 0 0 0 0 0 0 0 0 0 0 0 0 0 0 0 0 0 0 0 0 0 0 0 0 0 0 0 0 0 0 0 0 0 0 0 0 0 0 0 0 0 0 0 0 0 0 0 0 0 0 0 0 0 0 0 0 0 0 0 0 0 0 0 0 0 0 0 0 0 0 0 0 0 0 0 0 0 0 0 0 0 0 0 0 0 0 0 0 0 0 0 0 0 0 0 0 0 0 0 0 0 0 0 0 0 0 0 0 0 0 0 0 0 0 0 0 0 0 0 0 0 0 0 0 0 0 0 0 0 0 0 0 0 0 0 0 0 0 0 0 0 0 0 0 0 0 0 0 0 0 0 0 0 0 0 0 0 0 0 0 0 0 0 0 0 0 0 0 0 0 0 0 0 0 0 0 0 0 0 0 0 0 0 0 0 0 0 0 0 0 0 0 0 0 0 0 0 0 0 0 0 0 0 0 0 0 0 0 0 0 0 0 0 0 0 0 0 0 0 0 0 0 0 0 0 0 0 0 0 0 0 0 0 0 0 0 0 0 0 0 0 0 0 0 0 0 0 0 0 0 0 0 0 0 0 0 0 0 0 0 0 0 0 0 0 0 0 0 0 0 0 0 0 0 0 0 0 0 0 0 0 0 0 0 0 0 0 0 0 0 0 0 0 0 0 0 0 0 0 0 0 0 0 0 0 0 0 0 0 0 0 0 0 0 0 0 0 0 0 0 0 0 0 0 0 0 0 0 0 0 0 0 0 0 0 0 0 0 0 0 0 0 0 0 0 0 0 0 0 0 0 0 0 0 0 0 0 0 0 0 0 0 0 0 0 0 0 0 0 0 0 0 0 0 0 0 0 0 0 0 0 0 0 0 0 0 0 0 0 0 0 0 0 0 0 0 0 0 0 0 0 0 0 0 0 0 0 0 0 0 0 0 0 0 0 0 0 0 0 0 0 0 0 0 0 0 0 0 0 0 0 0 0 0 0 0 0 0 0 0 0 0 0 0 0 0 0 0 0 0 0 0 0 0 0 0 0 0 0 0 0 0 0 0 0 0 0 0 0 0 0 0 0 0 0 0 0 0 0 0 0 0 0 0 0 0 0 0 0 0 0 0 0 0 0 0 0 0 0 0 0 0 0 0 0 0 0 0 0 0 0 0 0 0 0 0 0 0 0 0 0 0 0 0 0 0 0 0 0 0 0 0 0 0 0 0 0 0 0 0 0 0 0 0 0 0 0 0 0 0 0 0 0 0 0 0 0 0 0 0 0 0 0 0 0 0 0 0 0 0 0 0 0 0 0 0 0 0 0 0 0 0 0 0 0 0 0 0 0 0 0 0 0 0 0 0 0 0 0 0 0 0 0 0 0 0 0 0 0 0 0 0 0 0 0 0 0 0 0 0 0 0 0 0 0 0 0 0 0 0 0 0 0 0 0 0 0 0 0 0 0 0 0 0 0 0 0 0 0 0 0 0 0 0 0 0 0 0 0 0 0 0 0 0 0 0 0 0 0 0 0 0 0 0 0 0 0 0 0 0 0 0 0 0 0 0 0 0 0 0 0 0 0 0 0 0 0 0 0 0 0 0 0 0 0 0 0 0 0 0 0 0 0 0 0 0 0 0 0 0 0 0 0 0 0 0 0 0 0 0 0 0 0 0 0 0 0 0 0 0 0 0 0 0 0 0 0 0 0 0 0 0 0 0 0 0 0 0 0 0 0 0 0 0 0 0 0 0 0 0 0 0 0 0 0 0 0 0 0 0 0 0 0 0 0 0 0 0 0 0 0 0 0 0 0 0 0 0 0 0 0 0 0 0 0 0 0 0 0 0 0 0 0 0 0 0 0 0 0 0 0 0 0 0 0 0 0 0 0 0 0 0 0 0 0 0 0 0 0 0 0 0 0 0 0 0 0 0 0 0 0 0 0 0 0 0 0 0 0 0 0 0 0 0 0 0 0 0 0 0 0 0 0 0 0 0 0 0 0 0 0 0 0 0 0 0 0 0 0 0 0 0 0 0 0 0 0 0 0 0 0 0 0 0 0 0 0 0 0 0 0 0 0 0 0 0 0 0 0 0 0 0 0 0 0 0 0 0 0 0 0 0 0 0 0 0 0 0 0 0 0 0 0 0 0 0 0 0 0 0 0 0 0 0 0 0 0 0 0 0 0 0 0 0 0 0 0 0 0 0 0 0 0 0 0 0 0 0 0 0 0 0 0 0 0 0 0 0 0 0 0 0 0 0 0 0 0 0 0 0 0 0 0 0 0 0 0 0 0 0 0 0 0 0 0 0 0 0 0 0 0 0 0 0 0 0 0 0 0 0 0 0 0 0 0 0 0 0 0 0 0 0 0 0 0 0 0 0 0 0 0 0 0 0 0 0 0 0 0 0 0 0 0 0 0 0 0 0 0 0 0 0 0 0 0 0 0 0 0 0 0 0 0 0 0 0 0 0 0 0 0 0 0 0 0 0 0 0 0 0 0 0 0 0 0 0 0 0 0 0 0 0 0 0 0 0 0 0 0 0 0 0 0 0 0 0 0 0 0 0 0 0 0 0 0 0 0 0 0 0 0 0 0 0 0 0 0 0 0 0 0 0 0 0 0
ctxt 8504086
btime 1613123985
processes 199244
procs_running 1
procs_blocked 0
softirq 71892596 1 42397293 1635 1559146 0 0 150 2084852 0 25849519
