cpu  8863895 5 14172 2175717 112 0 881 0 0 0
cpu0 138507 0 336 33672 0 0 149 0 0 0
cpu1 138471 0 165 34080 8 0 34 0 0 0
cpu2 138162 0 484 34093 0 0 2 0 0 0
cpu3 138565 0 55 34126 0 0 0 0 0 0
cpu4 137946 0 709 34018 0 0 70 0 0 0
cpu5 138578 0 42 34124 0 0 0 0 0 0
cpu6 138170 0 703 33770 1 0 37 0 0 0
cpu7 138471 0 139 34113 0 0 11 0 0 0
cpu8 138192 0 561 33986 0 0 3 0 0 0
cpu9 138454 0 152 34131 0 0 8 0 0 0
cpu10 138770 0 708 33209 10 0 28 0 0 0
cpu11 138577 0 42 34107 1 0 0 0 0 0
cpu12 138306 0 541 33884 1 0 12 0 0 0
cpu13 138579 0 36 34129 0 0 3 0 0 0
cpu14 138473 0 501 33722 15 0 18 0 0 0
cpu15 138519 0 99 34118 0 0 4 0 0 0
cpu16 138462 0 297 33955 0 0 12 0 0 0
cpu17 138061 0 476 34116 0 0 86 0 0 0
cpu18 138300 0 387 34047 0 0 2 0 0 0
cpu19 138576 0 36 34128 0 0 0 0 0 0
cpu20 138340 0 392 34009 0 0 3 0 0 0
cpu21 138478 0 130 34126 0 0 6 0 0 0
cpu22 138249 0 526 33923 0 0 35 0 0 0
cpu23 138579 0 42 34122 0 0 0 0 0 0
cpu24 138345 0 341 33955 41 0 20 0 0 0
cpu25 138547 0 71 34121 0 0 1 0 0 0
cpu26 138481 0 179 34071 0 0 2 0 0 0
cpu27 138510 0 94 34124 1 0 8 0 0 0
cpu28 138402 0 252 34065 0 0 12 0 0 0
cpu29 138576 0 46 34114 2 0 0 0 0 0
cpu30 138628 0 215 33876 0 0 8 0 0 0
cpu31 138564 0 53 34115 7 0 0 0 0 0
cpu32 138499 0 171 34063 0 0 1 0 0 0
cpu33 138508 0 99 34118 0 0 6 0 0 0
cpu34 138545 0 107 34078 0 0 0 0 0 0
cpu35 138577 0 37 34119 0 0 0 0 0 0
cpu36 138499 0 145 34084 0 0 3 0 0 0
cpu37 138577 0 41 34114 0 0 0 0 0 0
cpu38 138510 0 389 33809 0 0 7 0 0 0
cpu39 138323 0 240 34119 0 0 51 0 0 0
cpu40 138487 0 288 33946 0 0 2 0 0 0
cpu41 138498 0 114 34117 0 0 5 0 0 0
cpu42 139453 0 470 32768 1 0 9 0 0 0
cpu43 138578 0 43 34112 0 0 0 0 0 0
cpu44 138639 0 314 33764 1 0 3 0 0 0
cpu45 138572 0 46 34115 0 0 0 0 0 0
cpu46 138765 0 298 33638 2 0 17 0 0 0
cpu47 138460 0 151 34108 0 0 10 0 0 0
cpu48 138719 0 189 33821 0 0 2 0 0 0
cpu49 138370 0 218 34116 0 0 27 0 0 0
cpu50 138587 2 220 33905 0 0 6 0 0 0
cpu51 138520 0 49 34094 0 0 54 0 0 0
cpu52 138356 0 338 34030 0 0 0 0 0 0
cpu53 138447 0 146 34116 0 0 18 0 0 0
cpu54 138488 0 200 34021 0 0 9 0 0 0
cpu55 138576 0 45 34105 0 0 0 0 0 0
cpu56 138528 0 116 34072 0 0 0 0 0 0
cpu57 138558 0 60 34106 1 0 0 0 0 0
cpu58 138466 0 204 34042 0 0 2 0 0 0
cpu59 138331 0 243 34100 0 0 50 0 0 0
cpu60 138552 0 107 34064 0 0 2 0 0 0
cpu61 138573 0 46 34107 0 0 0 0 0 0
cpu62 138895 0 148 33677 0 0 4 0 0 0
cpu63 138576 0 56 34090 0 0 0 0 0 0
intr 25149377 82 0 0 0 634 0 0 0 1 0 282 0 0 0 0 0 0 0 0 0 0 0 0 0 0 0 0 0 0 0 0 0 0 0 0 0 0 0 1139 11628 1929 52 192 6 114 4486 15 3906 7 4 204 1 453 1862 4886 3775 0 0 0 3605 2836 28 4077 1348 0 0 73 0 4 717 129 5149 95 0 52 0 359 937 0 2807 1134 0 237 6 1483 5629 2 8328 57 37747 495 5415 553 0 92 450 332 3 4 2 40 60 0 0 0 0 0 0 0 0 0 0 0 0 0 0 0 0 0 95 31058 0 0 0 0 0 0 0 0 0 0 0 0 0 0 0 0 0 0 0 0 0 0 0 0 0 0 0 0 0 0 0 0 0 0 0 0 0 0 0 0 0 0 0 0 0 0 0 0 0 0 0 0 0 0 0 0 0 0 0 0 0 0 0 0 0 0 0 0 0 0 0 0 0 0 0 20 0 0 0 0 0 0 0 0 0 0 0 0 0 0 0 0 0 0 0 0 0 0 0 0 0 0 0 0 0 0 0 0 0 0 0 0 0 0 0 0 0 0 0 0 0 0 0 0 0 0 0 0 0 0 0 0 0 0 0 0 0 0 0 0 0 0 0 0 0 0 0 0 0 0 0 0 0 0 0 0 0 0 0 0 0 0 0 0 0 0 0 0 0 0 0 0 0 0 0 0 0 0 0 0 0 0 0 0 0 0 0 0 0 0 0 0 0 0 0 0 0 0 0 0 0 0 0 0 0 0 0 0 0 0 0 0 0 0 0 0 0 0 0 0 0 0 0 0 0 0 0 0 0 0 0 0 0 0 0 0 0 0 0 0 0 0 0 0 0 0 0 0 0 0 0 0 0 0 0 0 0 0 0 0 0 0 0 0 0 0 0 0 0 0 0 0 0 0 0 0 0 0 0 0 0 0 0 0 0 0 0 0 0 0 0 0 0 0 0 0 0 0 0 0 0 0 0 0 0 0 0 0 0 0 0 0 0 0 0 0 0 0 0 0 0 0 0 0 0 0 0 0 0 0 0 0 0 0 0 0 0 0 0 0 0 0 0 0 0 0 0 0 0 0 0 0 0 0 0 0 0 0 0 0 0 0 0 0 0 0 0 0 0 0 0 0 0 0 0 0 0 0 0 0 0 0 0 0 0 0 0 0 0 0 0 0 0 0 0 0 0 0 0 0 0 0 0 0 0 0 0 0 0 0 0 0 0 0 0 0 0 0 0 0 0 0 0 0 0 0 0 0 0 0 0 0 0 0 0 0 0 0 0 0 0 0 0 0 0 0 0 0 0 0 0 0 0 0 0 0 0 0 0 0 0 0 0 0 0 0 0 0 0 0 0 0 0 0 0 0 0 0 0 0 0 0 0 0 0 0 0 0 0 0 0 0 0 0 0 0 0 0 0 0 0 0 0 0 0 0 0 0 0 0 0 0 0 0 0 0 0 0 0 0 0 0 0 0 0 0 0 0 0 0 0 0 0 0 0 0 0 0 0 0 0 0 0 0 0 0 0 0 0 0 0 0 0 0 0 0 0 0 0 0 0 0 0 0 0 0 0 0 0 0 0 0 0 0 0 0 0 0 0 0 0 0 0 0 0 0 0 0 0 0 0 0 0 0 0 0 0 0 0 0 0 0 0 0 0 0 0 0 0 0 0 0 0 0 0 0 0 0 0 0 0 0 0 0 0 0 0 0 0 0 0 0 0 0 0 0 0 0 0 0 0 0 0 0 0 0 0 0 0 0 0 0 0 0 0 0 0 0 0 0 0 0 0 0 0 0 0 0 0 0 0 0 0 0 0 0 0 0 0 0 0 0 0 0 0 0 0 0 0 0 0 0 0 0 0 0 0 0 0 0 0 0 0 0 0 0 0 0 0 0 0 0 0 0 0 0 0 0 0 0 0 0 0 0 0 0 0 0 0 0 0 0 0 0 0 0 0 0 0 0 0 0 0 0 0 0 0 0 0 0 0 0 0 0 0 0 0 0 0 0 0 0 0 0 0 0 0 0 0 0 0 0 0 0 0 0 0 0 0 0 0 0 0 0 0 0 0 0 0 0 0 0 0 0 0 0 0 0 0 0 0 0 0 0 0 0 0 0 0 0 0 0 0 0 0 0 0 0 0 0 0 0 0 0 0 0 0 0 0 0 0 0 0 0 0 0 0 0 0 0 0 0 0 0 0 0 0 0 0 0 0 0 0 0 0 0 0 0 0 0 0 0 0 0 0 0 0 0 0 0 0 0 0 0 0 0 0 0 0 0 0 0 0 0 0 0 0 0 0 0 0 0 0 0 0 0 0 0 0 0 0 0 0 0 0 0 0 0 0 0 0 0 0 0 0 0 0 0 0 0 0 0 0 0 0 0 0 0 0 0 0 0 0 0 0 0 0 0 0 0 0 0 0 0 0 0 0 0 0 0 0 0 0 0 0 0 0 0 0 0 0 0 0 0 0 0 0 0 0 0 0 0 0 0 0 0 0 0 0 0 0 0 0 0 0 0 0 0 0 0 0 0 0 0 0 0 0 0 0 0 0 0 0 0 0 0 0 0 0 0 0 0 0 0 0 0 0 0 0 0 0 0 0 0 0 0 0 0 0 0 0 0 0 0 0 0 0 0 0 0 0 0 0 0 0 0 0 0 0 0 0 0 0 0 0 0 0 0 0 0 0 0 0 0 0 0 0 0 0 0 0 0 0 0 0 0 0 0 0 0 0 0 0 0 0 0 0 0 0 0 0 0 0 0 0 0 0 0 0 0 0 0 0 0 0 0 0 0 0 0 0 0 0 0 0 0 0 0 0 0 0 0 0 0 0 0 0 0 0 0 0 0 0 0 0 0 0 0 0 0 0 0 0 0 0 0 0 0 0 0 0 0 0 0 0 0 0 0 0 0 0 0 0 0 0 0 0 0 0 0 0 0 0 0 0 0 0 0 0 0 0 0 0 0 0 0 0 0 0 0 0 0 0 0 0 0 0 0 0 0 0 0 0 0 0 0 0 0 0 0 0 0 0 0 0 0 0 0 0 0 0 0 0 0 0 0 0 0 0 0 0 0 0 0 0 0 0 0 0 0 0 0 0 0 0 0 0 0 0 0 0 0 0 0 0 0 0 0 0 0 0 0 0 0 0 0 0 0 0 0 0 0 0 0 0 0 0 0 0 0 0 0 0 0 0 0 0 0 0 0 0 0 0 0 0 0 0 0 0 0 0 0 0 0 0 0 0 0 0 0 0 0 0 0 0 0 0 0 0 0 0 0 0 0 0 0 0 0 0 0 0 0 0 0 0 0 0 0 0 0 0 0 0 0 0 0 0 0 0 0 0 0 0 0 0 0 0 0 0 0 0 0 0 0 0 0 0 0 0 0 0 0 0 0 0 0 0 0 0 0 0 0 0 0 0 0 0 0 0 0 0 0 0 0 0 0 0 0 0 0 0 0 0 0 0 0 0 0 0 0 0 0 0 0 0 0 0 0 0 0 0 0 0 0 0 0 0 0 0 0 0 0 0 0 0 0 0 0 0 0 0 0 0 0 0 0 0 0 0 0 0 0 0 0 0 0 0 0 0 0 0 0 0 0 0 0 0 0 0 0 0 0 0 0 0 0 0 0 0 0 0 0 0 0 0 0 0 0 0 0 0 0 0 0 0 0 0 0 0 0 0 0 0 0 0 0 0 0 0 0 0 0 0 0 0 0 0 0 0 0 0 0 0 0 0 0 0 0 0 0 0 0 0 0 0 0 0 0 0 0 0 0 0 0 0 0 0 0 0 0 0 0 0 0 0 0 0 0 0 0 0 0 0 0 0 0 0 0 0 0 0 0 0 0 0 0 0 0 0 0 0 0 0 0 0 0 0 0 0 0 0 0 0 0 0 0 0 0 0 0 0 0 0 0 0 0 0 0 0 0 0 0 0 0 0 0 0 0 0 0 0 0 0 0 0 0 0 0 0 0 0 0 0 0 0 0 0 0 0 0 0 0 0 0 0 0 0 0 0 0 0 0 0 0 0 0 0 0 0 0 0 0 0 0 0 0 0 0 0 0 0 0 0 0 0 0 0 0 0 0 0 0 0 0 0 0 0 0 0 0 0 0 0 0 0 0 0 0 0 0 0 0 0 0 0 0 0 0 0 0 0 0 0 0 0 0 0 0 0 0 0 0 0 0 0 0 0 0 0 0 0 0 0 0 0 0 0 0 0 0 0 0 0 0 0 0 0 0 0 0 0 0 0 0 0 0 0 0 0 0 0 0 0 0 0 0 0 0 0 0 0 0 0 0 0 0 0 0 0 0 0 0 0 0 0 0 0 0 0 0 0 0 0 0 0 0 0 0 0 0 0 0 0 0 0 0 0 0 0 0 0 0 0 0 0 0 0 0 0 0 0 0 0 0 0 0 0 0 0 0 0 0 0 0 0 0 0 0 0 0 0 0 0 0 0 0 0 0 0 0 0 0 0 0 0 0 0 0 0 0 0 0 0 0 0 0 0 0 0 0 0 0 0 0 0 0 0 0 0 0 0 0 0 0 0 0 0 0 0 0 0 0 0 0 0 0 0 0 0 0 0 0 0 0 0 0 0 0 0 0 0 0 0 0 0 0 0 0 0 0 0 0 0 0 0 0 0 0 0 0 0 0 0 0 0 0 0 0 0 0 0 0 0 0 0 0 0 0 0 0 0 0 0 0 0 0 0 0 0 0 0 0 0 0 0 0 0 0 0 0 0 0 0 0 0 0 0 0 0 0 0 0 0 0 0 0 0 0 0 0 0 0 0 0 0 0 0 0 0 0 0 0 0 0 0 0 0 0 0 0 0 0 0 0 0 0 0 0 0 0 0 0 0 0 0 0 0 0 0 0 0 0 0 0 0 0 0 0 0 0 0 0 0 0 0 0 0 0 0 0 0 0 0 0 0 0 0 0 0 0 0 0 0 0 0 0 0 0 0 0 0 0 0 0 0 0 0 0 0 0 0 0 0 0 0 0 0 0 0 0 0 0 0 0 0 0 0 0 0 0 0 0 0 0 0 0 0 0 0 0 0 0 0 0 0 0 0 0 0 0 0 0 0 0 0 0 0 0 0 0 0 0 0 0 0 0 0 0 0 0 0 0 0 0 0 0 0 0 0 0 0 0 0 0 0 0 0 0 0 0 0 0 0 0 0 0 0 0 0 0 0 0 0 0 0
ctxt 3732524
btime 1613144793
processes 84264
procs_running 1
procs_blocked 0
softirq 29727312 1 17426185 1022 681306 0 0 143 936012 0 10682643
