cpu  56469916 5 56233 12460388 698 0 4158 0 0 0
cpu0 439824 0 2220 96522 0 0 367 0 0 0
cpu1 440654 0 1090 97217 8 0 23 0 0 0
cpu2 440493 0 890 97531 0 0 75 0 0 0
cpu3 440667 0 756 97531 1 0 57 0 0 0
cpu4 440717 0 925 97306 0 0 86 0 0 0
cpu5 440775 0 729 97449 0 0 45 0 0 0
cpu6 440761 0 475 97748 0 0 30 0 0 0
cpu7 440944 0 479 97560 0 0 36 0 0 0
cpu8 440686 0 792 97464 0 0 84 0 0 0
cpu9 440776 0 824 97331 0 0 72 0 0 0
cpu10 440700 0 529 97712 0 0 63 0 0 0
cpu11 441043 0 376 97570 0 0 32 0 0 0
cpu12 440842 0 834 97258 0 0 75 0 0 0
cpu13 441292 0 708 96985 1 0 29 0 0 0
cpu14 441063 0 449 97449 0 0 32 0 0 0
cpu15 440725 0 490 97758 0 0 36 0 0 0
cpu16 441014 0 529 97437 0 0 36 0 0 0
cpu17 441038 1 810 97102 0 0 56 0 0 0
cpu18 441324 0 323 97354 0 0 24 0 0 0
cpu19 441051 0 358 97584 0 0 24 0 0 0
cpu20 440856 0 668 97411 0 0 75 0 0 0
cpu21 442075 0 667 96246 0 0 25 0 0 0
cpu22 441268 0 380 97344 0 0 29 0 0 0
cpu23 440716 0 355 97726 0 0 173 0 0 0
cpu24 441098 0 609 97265 0 0 47 0 0 0
cpu25 441552 0 570 96869 0 0 26 0 0 0
cpu26 441369 0 279 97356 0 0 21 0 0 0
cpu27 440638 0 490 97822 0 0 33 0 0 0
cpu28 441270 0 425 97294 0 0 28 0 0 0
cpu29 441067 0 482 97413 0 0 27 0 0 0
cpu30 441306 0 275 97423 0 0 12 0 0 0
cpu31 440677 0 723 97505 0 0 103 0 0 0
cpu32 439854 0 1734 97196 0 0 259 0 0 0
cpu33 441283 0 310 97397 4 0 16 0 0 0
cpu34 441308 0 262 97422 0 0 14 0 0 0
cpu35 441022 0 284 97686 1 0 22 0 0 0
cpu36 441194 0 421 97367 0 0 32 0 0 0
cpu37 441983 0 434 96509 66 0 11 0 0 0
cpu38 440760 0 437 97718 0 0 40 0 0 0
cpu39 441230 0 279 97490 0 0 16 0 0 0
cpu40 440860 0 608 97504 1 0 36 0 0 0
cpu41 441590 0 331 97041 30 0 14 0 0 0
cpu42 441204 0 274 97512 0 0 19 0 0 0
cpu43 441147 0 289 97544 1 0 30 0 0 0
cpu44 441092 0 418 97457 1 0 26 0 0 0
cpu45 441294 0 469 97090 112 0 23 0 0 0
cpu46 440979 0 523 97426 0 0 73 0 0 0
cpu47 441168 0 290 97530 0 0 20 0 0 0
cpu48 440810 0 612 97499 0 0 70 0 0 0
cpu49 441273 0 490 97226 0 0 22 0 0 0
cpu50 440506 0 488 97949 0 0 36 0 0 0
cpu51 441150 0 336 97493 0 0 32 0 0 0
cpu52 441322 0 309 97365 0 0 12 0 0 0
cpu53 441199 0 443 97211 91 0 34 0 0 0
cpu54 441387 0 208 97394 4 0 14 0 0 0
cpu55 441104 0 307 97572 2 0 26 0 0 0
cpu56 441321 0 251 97424 0 0 8 0 0 0
cpu57 440968 0 457 97523 1 0 28 0 0 0
cpu58 441192 0 294 97505 0 0 15 0 0 0
cpu59 441127 0 336 97511 0 0 29 0 0 0
cpu60 440988 0 509 97435 0 0 66 0 0 0
cpu61 441377 0 387 97200 8 0 28 0 0 0
cpu62 441112 0 380 97482 0 0 22 0 0 0
cpu63 441072 0 404 97486 0 0 40 0 0 0
cpu64 441210 0 489 97089 185 0 11 0 0 0
cpu65 441094 0 547 97329 1 0 8 0 0 0
cpu66 441154 0 378 97437 2 0 26 0 0 0
cpu67 440896 0 494 97569 0 0 41 0 0 0
cpu68 440761 0 842 97289 0 0 111 0 0 0
cpu69 441408 0 401 97128 32 0 10 0 0 0
cpu70 440981 0 430 97565 0 0 20 0 0 0
cpu71 441094 0 351 97529 0 0 19 0 0 0
cpu72 441346 0 380 97248 2 0 19 0 0 0
cpu73 441216 0 542 97201 3 0 20 0 0 0
cpu74 440988 0 326 97649 1 0 30 0 0 0
cpu75 441240 0 272 97455 0 0 13 0 0 0
cpu76 441162 0 405 97416 1 0 22 0 0 0
cpu77 441504 0 472 96990 15 0 8 0 0 0
cpu78 441040 0 311 97597 0 0 19 0 0 0
cpu79 441117 0 313 97534 0 0 21 0 0 0
cpu80 441430 0 291 97266 0 0 7 0 0 0
cpu81 441350 0 495 97099 28 0 15 0 0 0
cpu82 441252 0 358 97366 0 0 18 0 0 0
cpu83 441150 0 332 97502 1 0 15 0 0 0
cpu84 441208 0 404 97366 0 0 17 0 0 0
cpu85 442103 0 478 96388 1 0 13 0 0 0
cpu86 441040 0 282 97653 0 0 16 0 0 0
cpu87 441206 0 262 97503 1 0 13 0 0 0
cpu88 441231 0 291 97454 0 0 13 0 0 0
cpu89 443860 2 708 94372 6 0 10 0 0 0
cpu90 441238 0 228 97505 0 0 14 0 0 0
cpu91 441067 0 363 97543 0 0 26 0 0 0
cpu92 441178 0 332 97383 0 0 93 0 0 0
cpu93 442794 0 516 95641 1 0 9 0 0 0
cpu94 441377 0 198 97402 0 0 7 0 0 0
cpu95 441273 0 242 97464 0 0 15 0 0 0
cpu96 441248 0 434 97271 7 0 26 0 0 0
cpu97 441517 0 364 97076 1 0 8 0 0 0
cpu98 441223 0 224 97511 0 0 12 0 0 0
cpu99 441275 0 252 97453 0 0 11 0 0 0
cpu100 441034 0 498 97409 12 0 32 0 0 0
cpu101 441286 0 236 97426 1 0 5 0 0 0
cpu102 441151 0 222 97592 1 0 7 0 0 0
cpu103 441007 0 238 97708 0 0 8 0 0 0
cpu104 441255 0 364 97350 0 0 14 0 0 0
cpu105 441353 0 321 97295 0 0 6 0 0 0
cpu106 441380 0 174 97426 0 0 6 0 0 0
cpu107 441138 0 256 97558 0 0 16 0 0 0
cpu108 441257 0 231 97475 2 0 11 0 0 0
cpu109 441504 0 468 96994 0 0 14 0 0 0
cpu110 441092 0 328 97539 0 0 12 0 0 0
cpu111 441222 0 252 97503 0 0 8 0 0 0
cpu112 441366 0 278 97320 0 0 20 0 0 0
cpu113 441415 0 329 97223 3 0 6 0 0 0
cpu114 441329 0 261 97382 0 0 12 0 0 0
cpu115 441172 0 268 97531 0 0 17 0 0 0
cpu116 441539 0 159 97272 0 0 2 0 0 0
cpu117 440999 0 361 97581 5 0 13 0 0 0
cpu118 441360 0 197 97412 0 0 8 0 0 0
cpu119 440988 0 431 97523 0 0 42 0 0 0
cpu120 441467 0 207 97299 0 0 2 0 0 0
cpu121 441252 0 289 97424 4 0 5 0 0 0
cpu122 441333 0 286 97344 0 0 10 0 0 0
cpu123 441236 0 233 97508 0 0 3 0 0 0
cpu124 441462 0 201 97301 0 0 15 0 0 0
cpu125 441395 0 256 97306 0 0 9 0 0 0
cpu126 441170 0 383 97386 0 0 30 0 0 0
cpu127 441316 0 365 97289 0 0 5 0 0 0
intr 160670840 129 0 0 0 680 0 0 0 1 0 285 0 0 0 0 0 0 0 0 0 0 0 0 0 0 0 0 0 0 0 0 0 0 0 0 260 0 578 453 8857 11750 226 1829 1080 7553 338 5327 2923 6104 581 128 5844 9404 514 587 2320 5946 478 343 1364 79341 345 911 1906 7308 735 1537 1390 5990 270 1 934 6062 644 80 3306 3792 429 474 1597 5459 1020 4331 1111 4486 0 486 5546 6128 282 1074 530 3656 453 853 1885 5004 1661 99 4422 6813 358 275 6089 12674 226 10 293 8605 409 144 2699 4139 469 15 2266 6419 182 102 3294 7569 802 29 2607 3678 673 78 900 13149 24068 4472 1717 5393 295 99 1286 4671 757 422 1353 3407 422 277 1309 5186 594 2604 409 3399 2 7 3933 4623 354 945 787 0 0 0 0 0 0 0 0 0 0 161 3642 3 385 63 107 38 172 106 13 0 236 26 9 1 7 10 405 341 5 149 3 1 55 79 389 3440 217 681 695 448 1121 80 78 0 0 0 0 0 0 0 0 0 0 0 0 0 0 0 0 10003 2164 5291 199 3432 237 142 127 145 33 71 322 136 322 78 95 76 47 33 27 37 21 12 42 21 86 74 133 6 2 39 9 13 7 13 21 56 33 0 377 321 74 209 174 135 100 72 21 3 75 55 0 28 32 15 3 17 3 9 18 5 24 16 0 0 0 0 0 0 0 0 0 0 0 0 0 0 0 0 0 0 0 0 0 0 0 0 0 0 0 0 0 0 0 0 0 0 0 0 0 0 0 0 0 0 0 0 0 0 0 0 0 0 0 0 0 0 0 0 0 0 0 0 0 0 0 0 0 0 0 0 0 0 0 0 0 0 0 0 0 0 0 0 0 0 0 0 0 0 0 0 0 0 0 0 0 0 0 0 0 0 0 0 0 0 0 0 0 0 0 0 0 0 0 0 0 0 0 0 0 0 0 0 0 0 0 0 0 0 0 0 0 0 0 0 0 0 0 0 0 0 0 0 0 0 0 0 0 0 0 0 0 0 0 0 0 0 0 0 0 0 0 0 0 0 0 0 0 0 0 0 0 0 0 0 0 0 0 0 0 0 0 0 0 0 0 0 0 0 0 0 0 0 0 0 0 0 0 0 0 0 0 0 0 0 0 0 0 0 0 0 0 0 0 0 0 0 0 0 0 0 0 0 0 0 0 0 0 0 0 0 0 0 0 0 0 0 0 0 0 0 0 0 0 0 0 0 0 0 0 0 0 0 0 0 0 0 0 0 0 0 0 0 0 0 0 0 0 0 0 0 0 0 0 0 0 0 0 0 0 0 0 0 0 0 0 0 0 0 0 0 0 0 0 0 0 0 0 0 0 0 0 0 0 0 0 0 0 0 0 0 0 0 0 0 0 0 0 0 0 0 0 0 0 0 0 0 0 0 0 0 0 0 0 0 0 0 0 0 0 0 0 0 0 0 0 0 0 0 0 0 0 0 0 0 0 0 0 0 0 0 0 0 0 0 0 0 0 0 0 0 0 0 0 0 0 0 0 0 0 0 0 0 0 0 0 0 0 0 0 0 0 0 0 0 0 0 0 0 0 0 0 0 0 0 0 0 0 0 0 0 0 0 0 0 0 0 0 0 0 0 0 0 0 0 0 0 0 49 0 0 0 3 0 0 0 0 0 0 0 0 0 0 0 0 0 0 0 0 0 0 0 0 0 49 0 0 0 0 0 0 0 0 0 0 0 0 0 0 0 0 0 0 0 0 0 0 0 0 0 0 0 0 0 0 0 0 0 0 0 0 0 0 0 0 0 0 0 0 0 0 0 0 0 0 0 0 0 0 0 0 0 0 0 0 0 0 0 0 0 22 0 0 0 0 0 0 0 0 0 0 0 0 0 0 0 0 0 0 0 0 0 0 0 0 0 0 0 0 0 0 0 0 0 0 0 0 0 0 0 0 0 0 0 0 0 0 0 0 0 0 0 0 0 0 0 0 0 0 0 0 0 0 0 0 0 0 0 0 0 0 0 0 0 0 0 0 0 0 0 0 0 0 0 0 0 0 0 0 0 0 0 0 0 0 0 0 0 0 0 0 0 0 0 0 0 0 0 0 0 0 0 0 0 0 0 0 0 0 0 0 0 0 0 0 0 0 0 0 0 0 0 0 0 0 0 0 0 0 0 0 0 0 0 0 0 0 0 0 0 0 0 0 0 0 0 0 0 0 0 0 0 0 0 0 0 0 0 0 0 0 0 0 0 0 0 0 0 0 0 0 0 0 0 0 0 0 0 0 0 0 0 0 0 0 0 0 0 0 0 0 0 0 0 0 0 0 0 0 0 0 0 0 0 0 0 0 0 0 0 0 0 0 0 0 0 0 0 0 0 0 0 0 0 0 0 0 0 0 0 0 0 0 0 0 0 0 0 0 0 0 0 0 0 0 0 0 0 0 0 0 0 0 0 0 0 0 0 0 0 0 0 0 0 0 0 0 0 0 0 0 0 0 0 0 0 0 0 0 0 0 0 0 0 0 0 0 0 0 0 0 0 0 0 0 0 0 0 0 0 0 0 0 0 0 0 0 0 0 0 0 0 0 0 0 0 0 0 0 0 0 0 0 0 0 0 0 0 0 0 0 0 0 0 0 0 0 0 0 0 0 0 0 0 0 0 0 0 0 0 0 0 0 0 0 0 0 0 0 0 0 0 0 0 0 0 0 0 0 0 0 0 0 0 0 0 0 0 0 0 0 0 0 0 0 0 0 0 0 0 0 0 0 0 0 0 0 0 0 0 0 0 0 0 0 0 0 0 0 0 0 0 0 0 0 0 0 0 0 0 0 0 0 0 0 0 0 0 0 0 0 0 0 0 0 0 0 0 0 0 0 0 0 0 0 0 0 0 0 0 0 0 0 0 0 0 0 0 0 0 0 0 0 0 0 0 0 0 0 0 0 0 0 0 0 0 0 0 0 0 0 0 0 0 0 0 0 0 0 0 0 0 0 0 0 0 0 0 0 0 0 0 0 0 0 0 0 0 0 0 0 0 0 0 0 0 0 0 0 0 0 0 0 0 0 0 0 0 0 0 0 0 0 0 0 0 0 0 0 0 0 0 0 0 0 0 0 0 0 0 0 0 0 0 0 0 0 0 0 0 0 0 0 0 0 0 0 0 0 0 0 0 0 0 0 0 0 0 0 0 0 0 0 0 0 0 0 0 0 0 0 0 0 0 0 0 0 0 0 0 0 0 0 0 0 0 0 0 0 0 0 0 0 0 0 0 0 0 0 0 0 0 0 0 0 0 0 0 0 0 0 0 0 0 0 0 0 0 0 0 0 0 0 0 0 0 0 0 0 0 0 0 0 0 0 0 0 0 0 0 0 0 0 0 0 0 0 0 0 0 0 0 0 0 0 0 0 0 0 0 0 0 0 0 0 0 0 0 0 0 0 0 0 0 0 0 0 0 0 0 0 0 0 0 0 0 0 0 0 0 0 0 0 0 0 0 0 0 0 0 0 0 0 0 0 0 0 0 0 0 0 0 0 0 0 0 0 0 0 0 0 0 0 0 0 0 0 0 0 0 0 0 0 0 0 0 0 0 0 0 0 0 0 0 0 0 0 0 0 0 0 0 0 0 0 0 0 0 0 0 0 0 0 0 0 0 0 0 0 0 0 0 0 0 0 0 0 0 0 0 0 0 0 0 0 0 0 0 0 0 0 0 0 0 0 0 0 0 0 0 0 0 0 0 0 0 0 0 0 0 0 0 0 0 0 0 0 0 0 0 0 0 0 0 0 0 0 0 0 0 0 0 0 0 0 0 0 0 0 0 0 0 0 0 0 0 0 0 0 0 0 0 0 0 0 0 0 0 0 0 0 0 0 0 0 0 0 0 0 0 0 0 0 0 0 0 0 0 0 0 0 0 0 0 0 0 0 0 0 0 0 0 0 0 0 0 0 0 0 0 0 0 0 0 0 0 0 0 0 0 0 0 0 0 0 0 0 0 0 0 0 0 0 0 0 0 0 0 0 0 0 0 0 0 0 0 0 0 0 0 0 0 0 0 0 0 0 0 0 0 0 0 0 0 0 0 0 0 0 0 0 0 0 0 0 0 0 0 0 0 0 0 0 0 0 0 0 0 0 0 0 0 0 0 0 0 0 0 0 0 0 0 0 0 0 0 0 0 0 0 0 0 0 0 0 0 0 0 0 0 0 0 0 0 0 0 0 0 0 0 0 0 0 0 0 0 0 0 0 0 0 0 0 0 0 0 0 0 0 0 0 0 0 0 0 0 0 0 0 0 0 0 0 0 0 0 0 0 0 0 0 0 0 0 0 0 0 0 0 0 0 0 0 0 0 0 0 0 0 0 0 0 0 0 0 0 0 0 0 0 0 0 0 0 0 0 0 0 0 0 0 0 0 0 0 0 0 0 0 0 0 0 0 0 0 0 0 0 0 0 0 0 0 0 0 0 0 0 0 0 0 0 0 0 0 0 0 0 0 0 0 0 0 0 0 0 0 0 0 0 0 0 0 0 0 0 0 0 0 0 0 0 0 0 0 0 0 0 0 0 0 0 0 0 0 0 0 0 0 0 0 0 0 0 0 0 0 0 0 0 0 0 0 0 0 0 0 0 0 0 0 0 0 0 0 0 0 0 0 0 0 0 0 0 0 0 0 0 0 0 0 0 0 0 0 0 0 0 0 0 0 0 0 0 0 0 0 0 0 0 0 0 0 0 0 0 0 0 0 0 0 0 0 0 0 0 0 0 0 0 0 0 0 0 0 0 0 0 0 0 0 0 0 0 0 0 0 0 0 0 0 0 0 0 0 0 0 0 0 0 0 0 0 0 0 0 0 0 0 0 0 0 0 0 0 0 0 0 0 0 0 0 0 0 0 0 0 0 0 0 0 0 0 0 0 0 0 0 0 0 0 0 0 0 0 0 0 0 0 0 0 0 0 0 0 0 0 0 0 0 0 0 0 0 0 0 0 0 0 0 0 0 0 0 0 0 0 0 0 0 0 0 0 0 0 0 0 0 0 0 0 0 0 0 0 0 0 0 0 0 0 0 0 0 0 0 0 0 0 0 0 0 0 0 0 0 0 0 0 0 0 0 0 0 0 0 0 0 0 0 0 0 0 0 0 0 0 0 0 0 0 0 0 0 0 0 0 0 0 0 0 0 0 0 0 0 0 0 0 0 0 0 0 0 0 0 0 0 0 0 0 0 0 0 0 0 0 0 0 0 0 0 0 0 0 0 0 0 0 0 0 0 0 0 0 0 0 0 0 0 0 0 0 0 0 0 0 0 0 0 0 0 0 0 0 0 0 0 0 0 0 0 0 0 0 0 0 0 0 0 0 0 0 0 0 0 0 0 0 0 0 0 0 0 0 0 0 0 0 0 0 0 0 0 0 0 0 0 0 0 0 0 0 0 0 0 0 0 0 0 0 0 0 0 0 0 0 0 0 0 0 0 0 0 0 0 0 0 0 0 0 0 0 0 0 0 0 0 0 0 0 0 0 0 0 0 0 0 0 0 0 0 0 0 0 0 0 0 0 0 0 0 0 0 0 0 0 0 0 0 0 0 0 0 0 0 0 0 0 0 0 0 0 0 0 0 0 0 0 0 0 0 0 0 0 0 0 0 0 0 0 0 0 0 0 0 0 0 0 0 0 0 0 0 0 0 0 0 0 0 0 0 0 0 0 0 0 0 0 0 0 0 0 0 0 0 0 0 0 0 0 0 0 0 0 0 0 0 0 0 0 0 0 0 0 0 0 0 0 0 0 0 0 0 0 0 0 0 0 0 0 0 0 0 0 0 0 0 0 0 0 0 0 0 0 0 0 0 0 0 0 0 0 0 0 0 0 0 0 0 0 0 0 0 0 0 0 0 0 0 0 0 0 0 0 0 0 0 0 0 0 0 0 0 0 0 0 0 0 0 0 0 0 0 0 0 0 0 0 0 0 0 0 0 0 0 0 0 0 0 0 0 0 0 0 0 0 0 0 0 0 0 0 0 0 0 0 0 0 0 0 0 0 0 0 0 0 0 0 0 0 0 0 0 0 0 0 0 0 0 0 0 0 0 0 0 0 0 0 0 0 0 0 0 0 0 0 0 0 0 0 0 0 0 0 0 0 0 0 0 0 0 0 0 0 0 0 0 0 0 0 0 0 0 0 0 0 0 0 0 0 0 0 0 0 0 0 0 0 0 0 0 0 0 0 0 0 0 0 0 0 0 0 0 0 0 0 0 0 0 0 0 0 0 0 0 0 0 0 0 0 0 0 0 0 0 0 0 0 0 0 0 0 0 0 0 0 0 0 0 0 0 0 0 0 0 0 0 0 0 0 0 0 0 0 0 0 0 0 0 0 0 0 0 0 0 0 0 0 0 0 0 0 0 0 0 0 0 0 0 0 0 0 0 0 0 0 0 0 0 0 0 0 0 0 0 0 0 0 0 0 0 0 0 0 0 0 0 0 0 0 0 0 0 0 0 0 0 0 0 0 0 0 0 0 0 0 0 0 0 0 0 0 0 0 0 0 0 0 0 0 0 0 0 0 0 0 0 0 0 0 0 0 0 0 0 0 0 0 0 0 0 0 0 0 0 0 0 0 0 0 0 0 0 0 0 0 0 0 0 0 0 0 0 0 0 0 0 0 0 0 0 0 0 0 0 0 0 0 0 0 0 0 0 0 0 0 0 0 0 0 0 0 0 0 0 0 0 0 0 0 0 0 0 0 0 0 0 0 0 0 0 0 0 0 0 0 0 0 0 0 0 0 0 0 0 0 0 0 0 0 0 0 0 0 0 0 0 0 0 0 0 0 0 0 0 0 0 0 0 0 0 0 0 0 0 0 0 0 0 0 0 0 0 0 0 0 0 0 0 0 0 0 0 0 0 0 0 0 0 0 0 0 0 0 0 0 0 0 0 0 0 0 0 0 0 0 0 0 0 0 0 0 0 0 0 0 0 0 0 0 0 0 0 0 0 0 0 0 0 0 0 0 0 0 0 0 0 0 0 0 0 0 0 0 0 0 0 0 0 0 0 0 0 0 0 0 0 0 0 0 0 0 0 0 0 0 0 0 0 0 0 0 0 0 0 0 0 0 0 0 0 0 0 0 0 0 0 0 0 0 0 0 0 0 0 0 0 0 0 0 0 0 0 0 0 0 0 0 0 0 0 0 0 0 0 0 0 0 0 0 0 0 0 0 0 0 0 0 0 0 0 0 0 0 0 0 0 0 0 0 0 0 0 0 0 0 0 0 0 0 0 0 0 0 0 0 0 0 0 0 0 0 0 0 0 0 0 0 0 0 0 0 0 0 0 0 0 0 0 0 0 0 0 0 0 0 0 0 0 0 0 0 0 0 0 0 0 0 0 0 0 0 0 0 0 0 0 0 0 0 0 0 0 0 0 0 0 0 0 0 0 0 0 0 0 0 0 0 0 0 0 0 0 0 0 0 0 0 0 0 0 0 0 0 0 0 0 0 0 0 0 0 0 0 0 0 0 0 0 0 0 0 0 0 0 0 0 0 0 0 0 0 0 0 0 0 0 0 0 0 0 0 0 0 0 0 0 0 0 0 0 0 0 0 0 0 0 0 0 0 0 0 0 0 0 0 0 0 0 0 0 0 0 0 0 0 0 0 0 0 0 0 0 0 0 0 0 0 0 0 0 0 0 0 0 0 0 0 0 0 0 0 0 0 0 0 0 0 0 0 0 0 0 0 0 0 0 0 0 0 0 0 0 0 0 0 0 0 0 0 0 0 0 0 0 0 0 0 0 0 0 0 0 0 0 0 0 0 0 0 0 0 0 0 0 0 0 0 0 0 0 0 0 0 0 0 0 0 0 0 0 0 0 0 0 0 0 0 0 0 0 0 0 0 0 0 0 0 0 0 0 0 0 0 0 0 0 0 0 0 0 0 0 0 0 0 0 0 0 0 0 0 0 0 0 0 0 0 0 0 0 0 0 0 0 0 0 0 0 0 0 0 0 0 0 0 0 0 0 0 0 0 0 0 0 0 0 0 0 0 0 0 0 0 0 0 0 0 0 0 0 0 0 0 0 0 0 0 0 0 0 0 0 0 0 0 0 0 0 0 0 0 0 0 0 0 0 0 0 0 0 0 0 0 0 0 0 0 0 0 0 0 0 0 0 0 0 0 0 0 0 0 0 0 0 0 0 0 0 0 0 0 0 0 0 0 0 0 0 0 0 0 0 0 0 0 0 0 0 0 0 0 0 0 0 0 0 0 0 0 0 0 0 0 0 0 0 0 0 0 0 0 0 0 0 0 0 0 0 0 0 0 0 0 0 0 0 0 0 0 0 0 0 0 0 0 0 0 0 0 0 0 0 0 0 0 0 0 0 0 0 0 0 0 0 0 0 0 0 0 0 0 0 0 0 0 0 0 0 0 0 0 0 0 0 0 0 0 0 0 0 0 0 0 0 0 0 0 0 0 0 0 0 0 0 0 0 0 0 0 0 0 0 0 0 0 0 0 0 0 0 0 0 0 0 0 0 0 0 0 0 0 0 0 0 0 0 0 0 0 0 0 0 0 0 0 0 0 0 0 0 0 0 0 0 0 0 0 0 0 0 0 0 0 0 0 0 0 0 0 0 0 0 0 0 0 0 0 0 0 0 0 0 0 0 0 0 0 0 0 0 0 0 0 0 0 0 0 0 0 0 0 0 0 0 0 0 0 0 0 0 0 0 0 0 0 0 0 0 0 0 0 0 0 0 0 0 0 0 0 0 0 0 0 0 0 0 0 0 0 0 0 0 0 0 0 0 0 0 0 0 0 0 0 0 0 0 0 0 0 0 0 0 0 0 0 0 0 0 0 0 0 0 0 0 0 0 0 0 0 0 0 0 0 0 0 0 0 0 0 0 0 0 0 0 0 0 0 0 0 0 0 0 0 0 0 0 0 0 0 0 0 0 0 0 0 0 0 0 0 0 0 0 0 0 0 0 0 0 0 0 0 0 0 0 0 0 0 0 0 0 0 0 0 0 0 0 0 0 0 0 0 0 0 0 0 0 0 0 0 0 0 0 0 0 0 0 0 0 0 0 0 0 0 0 0 0 0 0 0 0 0 0 0 0 0 0 0 0 0 0 0 0 0 0 0 0 0 0 0 0 0 0 0 0 0 0 0 0 0 0 0 0 0 0 0 0 0 0 0 0 0 0 0 0 0 0 0 0 0 0 0 0 0 0 0 0 0 0 0 0 0 0 0 0 0 0 0 0 0 0 0 0 0 0 0 0 0 0 0 0 0 0 0 0 0 0 0 0 0 0 0 0 0 0 0 0 0 0 0 0 0 0 0 0 0 0 0 0 0 0 0 0 0 0 0 0 0 0 0 0 0 0 0 0 0 0 0 0 0 0 0 0 0 0 0 0 0 0 0 0 0 0 0 0 0 0 0 0 0 0 0 0 0 0 0 0 0 0 0 0 0 0 0 0 0 0 0 0 0 0 0 0 0 0 0 0 0 0 0 0 0 0 0 0 0 0 0 0 0 0 0 0 0 0 0 0 0 0 0 0 0 0 0 0 0 0 0 0 0 0 0 0 0 0 0 0 0 0 0 0 0 0 0 0 0 0 0 0 0 0 0 0 0 0 0 0 0 0 0 0 0 0 0 0 0 0 0 0 0 0 0 0 0 0 0 0 0 0 0 0 0 0 0 0 0 0 0 0 0 0 0 0 0 0 0 0 0 0 0 0 0 0 0 0 0 0 0 0 0 0 0 0 0 0 0 0 0 0 0 0 0 0 0 0 0 0 0 0 0 0 0 0 0 0 0 0 0 0 0 0 0 0 0 0 0 0 0 0 0 0 0 0 0 0 0 0 0 0 0 0 0 0 0 0 0 0 0 0 0 0 0 0 0 0 0 0 0 0 0 0 0 0 0 0 0 0 0 0 0 0 0 0 0 0 0 0 0 0 0 0 0 0 0 0 0 0 0 0 0 0 0 0 0 0 0 0 0 0 0 0 0 0 0 0 0 0 0 0 0 0 0 0 0 0 0 0 0 0 0 0 0 0 0 0 0 0 0 0 0 0 0 0
ctxt 10508056
btime 1613122782
processes 228922
procs_running 1
procs_blocked 0
softirq 169373402 1 101834866 1740 2050202 0 0 246 5257616 0 60228731
