cpu  2899796 3 6551 6720821 456 0 497 0 0 0
cpu0 80570 0 215 186424 1 0 178 0 0 0
cpu1 80713 0 242 186441 22 0 16 0 0 0
cpu2 80502 0 356 186549 17 0 60 0 0 0
cpu3 80497 0 231 186718 5 0 16 0 0 0
cpu4 80372 0 330 186743 3 0 12 0 0 0
cpu5 80509 0 123 186816 2 0 8 0 0 0
cpu6 80541 0 82 186825 6 0 0 0 0 0
cpu7 80520 0 138 186786 1 0 0 0 0 0
cpu8 80480 0 143 186829 1 0 0 0 0 0
cpu9 80514 0 104 186837 1 0 0 0 0 0
cpu10 80372 0 239 186837 6 0 1 0 0 0
cpu11 80519 0 106 186819 1 0 1 0 0 0
cpu12 80513 0 214 186674 38 0 0 0 0 0
cpu13 80769 0 135 186544 4 0 0 0 0 0
cpu14 80664 0 119 186587 88 0 1 0 0 0
cpu15 80207 0 352 186732 49 0 105 0 0 0
cpu16 80603 0 187 186651 2 0 0 0 0 0
cpu17 80581 0 113 186748 2 0 1 0 0 0
cpu18 80606 0 105 186704 4 0 0 0 0 0
cpu19 80712 0 147 186569 15 0 0 0 0 0
cpu20 80426 0 383 186617 5 0 18 0 0 0
cpu21 80542 0 133 186778 1 0 0 0 0 0
cpu22 80506 0 184 186732 23 0 0 0 0 0
cpu23 80420 0 177 186828 0 0 26 0 0 0
cpu24 80574 0 58 186809 7 0 0 0 0 0
cpu25 80421 0 238 186759 13 0 20 0 0 0
cpu26 80467 0 137 186841 2 0 0 0 0 0
cpu27 80885 0 206 186341 16 0 0 0 0 0
cpu28 80347 0 288 186806 2 0 2 0 0 0
cpu29 80495 0 106 186829 1 0 1 0 0 0
cpu30 80930 0 270 186150 77 0 10 0 0 0
cpu31 80690 0 148 186601 1 0 0 0 0 0
cpu32 80549 0 66 186827 1 0 0 0 0 0
cpu33 80623 1 142 186656 6 0 6 0 0 0
cpu34 80520 0 220 186683 13 0 1 0 0 0
cpu35 80623 0 104 186714 2 0 0 0 0 0
intr 8372562 56 0 0 0 610 0 0 0 1 0 250 0 0 0 0 0 0 0 0 0 0 0 0 0 0 0 0 0 0 0 0 94 208 393 673 2629 109 172 1046 54 103 62 410 64 4604 305 3545 1940 357 143 128 329 400 112 1340 31 0 0 0 0 321 530 179 840 85 44 10205 86 67 706 328 110 0 0 17 9055 2 0 6234 7 1404 415 362 2837 18 468 59 42 264 299 312 177 498 29555 81 1291 4513 29 109 259 381 1 8 596 1 207 2783 679 6069 264 174 1688 157 47 0 16 7599 1 0 0 0 0 0 0 0 0 0 0 0 0 0 0 0 0 0 0 0 0 0 0 0 0 0 0 0 0 0 0 0 0 0 0 0 0 0 25 0 0 0 0 0 0 0 0 0 0 0 0 0 0 0 0 0 0 0 0 0 0 0 0 0 0 0 0 0 0 0 0 0 0 0 0 0 0 0 0 0 0 0 0 0 0 0 0 0 0 0 0 0 0 0 0 0 0 0 0 0 0 0 0 0 0 0 0 0 0 0 0 0 0 0 0 0 0 0 0 0 0 0 0 0 0 0 0 0 0 0 0 0 0 0 0 0 0 0 0 0 0 0 0 0 0 0 0 0 0 0 0 0 0 0 0 0 0 0 0 0 0 0 0 0 0 0 0 0 0 0 0 0 0 0 0 0 0 0 0 0 0 0 0 0 0 0 0 0 0 0 0 0 0 0 0 0 0 0 0 0 0 0 0 0 0 0 0 0 0 0 0 0 0 0 0 0 0 0 0 0 0 0 0 0 0 0 0 0 0 0 0 0 0 0 0 0 0 0 0 0 0 0 0 0 0 0 0 0 0 0 0 0 0 0 0 0 0 0 0 0 0 0 0 0 0 0 0 0 0 0 0 0 0 0 0 0 0 0 0 0 0 0 0 0 0 0 0 0 0 0 0 0 0 0 0 0 0 0 0 0 0 0 0 0 0 0 0 0 0 0 0 0 0 0 0 0 0 0 0 0 0 0 0 0 0 0 0 0 0 0 0 0 0 0 0 0 0 0 0 0 0 0 0 0 0 0 0 0 0 0 0 0 0 0 0 0 0 0 0 0 0 0 0 0 0 0 0 0 0 0 0 0 0 0 0 0 0 0 0 0 0 0 0 0 0 0 0 0 0 0 0 0 0 0 0 0 0 0 0 0 0 0 0 0 0 0 0 0 0 0 0 0 0 0 0 0 0 0 0 0 0 0 0 0 0 0 0 0 0 0 0 0 0 0 0 0 0 0 0 0 0 0 0 0 0 0 0 0 0 0 0 0 0 0 0 0 0 0 0 0 0 0 0 0 0 0 0 0 0 0 0 0 0 0 0 0 0 0 0 0 0 0 0 0 0 0 0 0 0 0 0 0 0 0 0 0 0 0 0 0 0 0 0 0 0 0 0 0 0 0 0 0 0 0 0 0 0 0 0 0 0 0 0 0 0 0 0 0 0 0 0 0 0 0 0 0 0 0 0 0 0 0 0 0 0 0 0 0 0 0 0 0 0 0 0 0 0 0 0 0 0 0 0 0 0 0 0 0 0 0 0 0 0 0 0 0 0 0 0 0 0 0 0 0 0 0 0 0 0 0 0 0 0 0 0 0 0 0 0 0 0 0 0 0 0 0 0 0 0 0 0 0 0 0 0 0 0 0 0 0 0 0 0 0 0 0 0 0 0 0 0 0 0 0 0 0 0 0 0 0 0 0 0 0 0 0 0 0 0 0 0 0 0 0 0 0 0 0 0 0 0 0 0 0 0 0 0 0 0 0 0 0 0 0 0 0 0 0 0 0 0 0 0 0 0 0 0 0 0 0 0 0 0 0 0 0 0 0 0 0 0 0 0 0 0 0 0 0 0 0 0 0 0 0 0 0 0 0 0 0 0 0 0 0 0 0 0 0 0 0 0 0 0 0 0 0 0 0 0 0 0 0 0 0 0 0 0 0 0 0 0 0 0 0 0 0 0 0 0 0 0 0 0 0 0 0 0 0 0 0 0 0 0 0 0 0 0 0 0 0 0 0 0 0 0 0 0 0 0 0 0 0 0 0 0 0 0 0 0 0 0 0 0 0 0 0 0 0 0 0 0 0 0 0 0 0 0 0 0 0 0 0 0 0 0 0 0 0 0 0 0 0 0 0 0 0 0 0 0 0 0 0 0 0 0 0 0 0 0 0 0 0 0 0 0 0 0 0 0 0 0 0 0 0 0 0 0 0 0 0 0 0 0 0 0 0 0 0 0 0 0 0 0 0 0 0 0 0 0 0 0 0 0 0 0 0 0 0 0 0 0 0 0 0 0 0 0 0 0 0 0 0 0 0 0 0 0 0 0 0 0 0 0 0 0 0 0 0 0 0 0 0 0 0 0 0 0 0 0 0 0 0 0 0 0 0 0 0 0 0 0 0 0 0 0 0 0 0 0 0 0 0 0 0 0 0 0 0 0 0 0 0 0 0 0 0 0 0 0 0 0 0 0 0 0 0 0 0 0 0 0 0 0 0 0 0 0 0 0 0 0 0 0 0 0 0 0 0 0 0 0 0 0 0 0 0 0 0 0 0 0 0 0 0 0 0 0 0 0 0 0 0 0 0 0 0 0 0 0 0 0 0 0 0 0 0 0 0 0 0 0 0 0 0 0 0 0 0 0 0 0 0 0 0 0 0 0 0 0 0 0 0 0 0 0 0 0 0 0 0 0 0 0 0 0 0 0 0 0 0 0 0 0 0 0 0 0 0 0 0 0 0 0 0 0 0 0 0 0 0 0 0 0 0 0 0 0 0 0 0 0 0 0 0 0 0 0 0 0 0 0 0 0 0 0 0 0 0 0
ctxt 2743433
btime 1613124388
processes 66701
procs_running 1
procs_blocked 0
softirq 10667084 1 5954815 413 486729 0 0 60388 380980 0 3783758
