cpu  45378236 5 50407 11927379 697 0 3778 0 0 0
cpu0 353191 0 2161 92389 0 0 310 0 0 0
cpu1 354042 0 992 93067 7 0 21 0 0 0
cpu2 353854 0 844 93354 0 0 69 0 0 0
cpu3 354100 0 608 93394 1 0 43 0 0 0
cpu4 354079 0 874 93129 0 0 82 0 0 0
cpu5 354072 0 680 93338 0 0 42 0 0 0
cpu6 354088 0 465 93564 0 0 30 0 0 0
cpu7 354349 0 390 93382 0 0 30 0 0 0
cpu8 354106 0 686 93293 0 0 74 0 0 0
cpu9 354156 0 788 93120 0 0 71 0 0 0
cpu10 354147 0 410 93539 0 0 40 0 0 0
cpu11 354409 0 344 93370 0 0 28 0 0 0
cpu12 354194 0 769 93107 0 0 72 0 0 0
cpu13 354593 0 652 92875 1 0 29 0 0 0
cpu14 354386 0 431 93276 0 0 31 0 0 0
cpu15 354121 0 406 93590 0 0 26 0 0 0
cpu16 354356 0 492 93266 0 0 35 0 0 0
cpu17 354396 1 729 92959 0 0 56 0 0 0
cpu18 354692 0 312 93130 0 0 24 0 0 0
cpu19 354444 0 287 93402 0 0 20 0 0 0
cpu20 354207 0 621 93240 0 0 73 0 0 0
cpu21 355322 0 621 92182 0 0 25 0 0 0
cpu22 354597 0 362 93167 0 0 29 0 0 0
cpu23 354175 0 312 93461 0 0 156 0 0 0
cpu24 354443 0 568 93095 0 0 46 0 0 0
cpu25 354950 0 520 92657 0 0 26 0 0 0
cpu26 354720 0 266 93153 0 0 20 0 0 0
cpu27 354008 0 430 93651 0 0 26 0 0 0
cpu28 354596 0 404 93125 0 0 26 0 0 0
cpu29 354426 0 424 93248 0 0 26 0 0 0
cpu30 354622 0 264 93250 0 0 12 0 0 0
cpu31 354040 0 670 93332 0 0 98 0 0 0
cpu32 353232 0 1666 93026 0 0 252 0 0 0
cpu33 354612 0 278 93233 4 0 16 0 0 0
cpu34 354628 0 252 93250 0 0 14 0 0 0
cpu35 354354 0 257 93517 1 0 20 0 0 0
cpu36 354540 0 378 93198 0 0 32 0 0 0
cpu37 355274 0 388 92400 66 0 10 0 0 0
cpu38 354074 0 428 93548 0 0 40 0 0 0
cpu39 354561 0 254 93318 0 0 14 0 0 0
cpu40 354260 0 520 93334 1 0 27 0 0 0
cpu41 354904 0 286 92907 30 0 14 0 0 0
cpu42 354608 0 264 93255 0 0 19 0 0 0
cpu43 354571 0 244 93302 1 0 26 0 0 0
cpu44 354418 0 398 93286 1 0 26 0 0 0
cpu45 354669 0 411 92916 112 0 19 0 0 0
cpu46 354319 0 515 93228 0 0 73 0 0 0
cpu47 354538 0 240 93346 0 0 18 0 0 0
cpu48 354130 0 598 93327 0 0 70 0 0 0
cpu49 354629 0 438 93061 0 0 18 0 0 0
cpu50 354018 0 326 93745 0 0 25 0 0 0
cpu51 354489 0 303 93322 0 0 29 0 0 0
cpu52 354646 0 290 93194 0 0 11 0 0 0
cpu53 354590 0 349 93052 91 0 31 0 0 0
cpu54 354716 0 187 93220 4 0 14 0 0 0
cpu55 354436 0 282 93400 2 0 24 0 0 0
cpu56 354643 0 235 93251 0 0 8 0 0 0
cpu57 354371 0 373 93344 1 0 23 0 0 0
cpu58 354506 0 282 93334 0 0 15 0 0 0
cpu59 354485 0 298 93325 0 0 27 0 0 0
cpu60 354304 0 498 93263 0 0 66 0 0 0
cpu61 354696 0 336 93067 8 0 25 0 0 0
cpu62 354462 0 361 93284 0 0 22 0 0 0
cpu63 354409 0 366 93322 0 0 38 0 0 0
cpu64 354535 0 470 92917 185 0 11 0 0 0
cpu65 354524 0 489 93091 1 0 7 0 0 0
cpu66 354517 0 334 93253 2 0 25 0 0 0
cpu67 354416 0 324 93374 0 0 21 0 0 0
cpu68 354112 0 809 93104 0 0 111 0 0 0
cpu69 354691 0 372 93010 32 0 9 0 0 0
cpu70 354646 0 193 93286 0 0 4 0 0 0
cpu71 354470 0 286 93356 0 0 16 0 0 0
cpu72 354700 0 334 93074 2 0 17 0 0 0
cpu73 354572 0 516 93005 3 0 19 0 0 0
cpu74 354390 0 265 93447 1 0 24 0 0 0
cpu75 354580 0 248 93271 0 0 12 0 0 0
cpu76 354518 0 378 93220 1 0 22 0 0 0
cpu77 354812 0 454 92833 15 0 8 0 0 0
cpu78 354411 0 294 93377 0 0 18 0 0 0
cpu79 354518 0 284 93298 0 0 17 0 0 0
cpu80 354760 0 269 93091 0 0 6 0 0 0
cpu81 354722 0 452 92909 28 0 15 0 0 0
cpu82 354568 0 348 93192 0 0 18 0 0 0
cpu83 354538 0 262 93322 1 0 11 0 0 0
cpu84 354546 0 383 93182 0 0 17 0 0 0
cpu85 354982 0 394 92727 1 0 12 0 0 0
cpu86 354366 0 263 93479 0 0 16 0 0 0
cpu87 354543 0 230 93332 1 0 12 0 0 0
cpu88 354683 0 245 93187 0 0 12 0 0 0
cpu89 356740 2 590 90742 6 0 9 0 0 0
cpu90 354554 0 218 93331 0 0 14 0 0 0
cpu91 354404 0 335 93368 0 0 24 0 0 0
cpu92 354523 0 313 93196 0 0 86 0 0 0
cpu93 355143 0 360 92584 1 0 9 0 0 0
cpu94 354693 0 190 93227 0 0 7 0 0 0
cpu95 354614 0 209 93291 0 0 12 0 0 0
cpu96 354597 0 402 93088 6 0 26 0 0 0
cpu97 354857 0 302 92936 1 0 7 0 0 0
cpu98 354543 0 210 93336 0 0 12 0 0 0
cpu99 354592 0 233 93288 0 0 11 0 0 0
cpu100 354428 0 472 93175 12 0 32 0 0 0
cpu101 354515 0 186 93390 1 0 5 0 0 0
cpu102 354462 0 212 93422 1 0 7 0 0 0
cpu103 354352 0 211 93526 0 0 5 0 0 0
cpu104 354559 0 346 93198 0 0 14 0 0 0
cpu105 354727 0 290 93084 0 0 6 0 0 0
cpu106 354695 0 166 93252 0 0 6 0 0 0
cpu107 354512 0 210 93369 0 0 12 0 0 0
cpu108 354574 0 221 93303 2 0 10 0 0 0
cpu109 354982 0 408 92718 0 0 10 0 0 0
cpu110 354433 0 319 93341 0 0 12 0 0 0
cpu111 354612 0 214 93286 0 0 6 0 0 0
cpu112 354744 0 262 93089 0 0 20 0 0 0
cpu113 354752 0 286 93063 3 0 4 0 0 0
cpu114 354698 0 201 93208 0 0 10 0 0 0
cpu115 354532 0 229 93346 0 0 14 0 0 0
cpu116 354856 0 148 93100 0 0 2 0 0 0
cpu117 354691 0 226 93173 5 0 10 0 0 0
cpu118 354699 0 188 93215 0 0 8 0 0 0
cpu119 354338 0 392 93347 0 0 40 0 0 0
cpu120 354848 0 184 93077 0 0 2 0 0 0
cpu121 354751 0 196 93156 4 0 4 0 0 0
cpu122 354667 0 272 93158 0 0 9 0 0 0
cpu123 354572 0 205 93333 0 0 3 0 0 0
cpu124 354778 0 190 93129 0 0 15 0 0 0
cpu125 354818 0 210 93068 0 0 8 0 0 0
cpu126 354604 0 272 93219 0 0 8 0 0 0
cpu127 354637 0 299 93168 0 0 5 0 0 0
intr 128558229 129 0 0 0 680 0 0 0 1 0 285 0 0 0 0 0 0 0 0 0 0 0 0 0 0 0 0 0 0 0 0 0 0 0 0 260 0 578 453 5743 5215 226 1829 1080 4011 338 5148 1176 4660 400 78 5844 6162 514 587 2320 3597 463 343 1364 62746 345 911 1901 5135 735 1537 1390 4490 270 1 934 4965 644 80 3306 2307 411 474 1597 2527 1020 4228 1111 2671 0 484 1451 4508 282 897 530 2381 453 849 1885 3203 1461 99 4416 4874 358 275 4281 6809 226 10 293 5352 409 144 739 3012 414 5 2266 4554 182 102 3294 5326 802 29 2525 2113 418 77 900 11469 19271 4472 1690 3380 295 99 1187 4004 757 422 1352 1843 420 277 1309 2799 594 2542 409 1937 2 7 760 3972 354 835 787 0 0 0 0 0 0 0 0 0 0 161 3642 3 385 63 107 38 25 106 13 0 236 26 9 1 7 10 405 338 5 149 3 1 55 79 387 3440 194 670 687 436 1119 78 78 0 0 0 0 0 0 0 0 0 0 0 0 0 0 0 0 10003 2164 5291 199 3299 237 142 127 145 33 71 246 130 181 73 95 76 41 33 27 37 21 12 42 21 11 74 133 6 2 39 9 13 7 13 21 56 33 0 377 288 74 80 174 135 100 72 21 3 0 55 0 28 32 15 3 17 3 9 18 5 0 11 0 0 0 0 0 0 0 0 0 0 0 0 0 0 0 0 0 0 0 0 0 0 0 0 0 0 0 0 0 0 0 0 0 0 0 0 0 0 0 0 0 0 0 0 0 0 0 0 0 0 0 0 0 0 0 0 0 0 0 0 0 0 0 0 0 0 0 0 0 0 0 0 0 0 0 0 0 0 0 0 0 0 0 0 0 0 0 0 0 0 0 0 0 0 0 0 0 0 0 0 0 0 0 0 0 0 0 0 0 0 0 0 0 0 0 0 0 0 0 0 0 0 0 0 0 0 0 0 0 0 0 0 0 0 0 0 0 0 0 0 0 0 0 0 0 0 0 0 0 0 0 0 0 0 0 0 0 0 0 0 0 0 0 0 0 0 0 0 0 0 0 0 0 0 0 0 0 0 0 0 0 0 0 0 0 0 0 0 0 0 0 0 0 0 0 0 0 0 0 0 0 0 0 0 0 0 0 0 0 0 0 0 0 0 0 0 0 0 0 0 0 0 0 0 0 0 0 0 0 0 0 0 0 0 0 0 0 0 0 0 0 0 0 0 0 0 0 0 0 0 0 0 0 0 0 0 0 0 0 0 0 0 0 0 0 0 0 0 0 0 0 0 0 0 0 0 0 0 0 0 0 0 0 0 0 0 0 0 0 0 0 0 0 0 0 0 0 0 0 0 0 0 0 0 0 0 0 0 0 0 0 0 0 0 0 0 0 0 0 0 0 0 0 0 0 0 0 0 0 0 0 0 0 0 0 0 0 0 0 0 0 0 0 0 0 0 0 0 0 0 0 0 0 0 0 0 0 0 0 0 0 0 0 0 0 0 0 0 0 0 0 0 0 0 0 0 0 0 0 0 0 0 0 0 0 0 0 0 0 0 0 0 0 0 0 0 0 0 0 0 0 0 0 0 0 0 0 0 0 0 0 0 0 0 0 0 0 0 0 0 0 0 0 0 0 49 0 0 0 3 0 0 0 0 0 0 0 0 0 0 0 0 0 0 0 0 0 0 0 0 0 49 0 0 0 0 0 0 0 0 0 0 0 0 0 0 0 0 0 0 0 0 0 0 0 0 0 0 0 0 0 0 0 0 0 0 0 0 0 0 0 0 0 0 0 0 0 0 0 0 0 0 0 0 0 0 0 0 0 0 0 0 0 0 0 0 0 22 0 0 0 0 0 0 0 0 0 0 0 0 0 0 0 0 0 0 0 0 0 0 0 0 0 0 0 0 0 0 0 0 0 0 0 0 0 0 0 0 0 0 0 0 0 0 0 0 0 0 0 0 0 0 0 0 0 0 0 0 0 0 0 0 0 0 0 0 0 0 0 0 0 0 0 0 0 0 0 0 0 0 0 0 0 0 0 0 0 0 0 0 0 0 0 0 0 0 0 0 0 0 0 0 0 0 0 0 0 0 0 0 0 0 0 0 0 0 0 0 0 0 0 0 0 0 0 0 0 0 0 0 0 0 0 0 0 0 0 0 0 0 0 0 0 0 0 0 0 0 0 0 0 0 0 0 0 0 0 0 0 0 0 0 0 0 0 0 0 0 0 0 0 0 0 0 0 0 0 0 0 0 0 0 0 0 0 0 0 0 0 0 0 0 0 0 0 0 0 0 0 0 0 0 0 0 0 0 0 0 0 0 0 0 0 0 0 0 0 0 0 0 0 0 0 0 0 0 0 0 0 0 0 0 0 0 0 0 0 0 0 0 0 0 0 0 0 0 0 0 0 0 0 0 0 0 0 0 0 0 0 0 0 0 0 0 0 0 0 0 0 0 0 0 0 0 0 0 0 0 0 0 0 0 0 0 0 0 0 0 0 0 0 0 0 0 0 0 0 0 0 0 0 0 0 0 0 0 0 0 0 0 0 0 0 0 0 0 0 0 0 0 0 0 0 0 0 0 0 0 0 0 0 0 0 0 0 0 0 0 0 0 0 0 0 0 0 0 0 0 0 0 0 0 0 0 0 0 0 0 0 0 0 0 0 0 0 0 0 0 0 0 0 0 0 0 0 0 0 0 0 0 0 0 0 0 0 0 0 0 0 0 0 0 0 0 0 0 0 0 0 0 0 0 0 0 0 0 0 0 0 0 0 0 0 0 0 0 0 0 0 0 0 0 0 0 0 0 0 0 0 0 0 0 0 0 0 0 0 0 0 0 0 0 0 0 0 0 0 0 0 0 0 0 0 0 0 0 0 0 0 0 0 0 0 0 0 0 0 0 0 0 0 0 0 0 0 0 0 0 0 0 0 0 0 0 0 0 0 0 0 0 0 0 0 0 0 0 0 0 0 0 0 0 0 0 0 0 0 0 0 0 0 0 0 0 0 0 0 0 0 0 0 0 0 0 0 0 0 0 0 0 0 0 0 0 0 0 0 0 0 0 0 0 0 0 0 0 0 0 0 0 0 0 0 0 0 0 0 0 0 0 0 0 0 0 0 0 0 0 0 0 0 0 0 0 0 0 0 0 0 0 0 0 0 0 0 0 0 0 0 0 0 0 0 0 0 0 0 0 0 0 0 0 0 0 0 0 0 0 0 0 0 0 0 0 0 0 0 0 0 0 0 0 0 0 0 0 0 0 0 0 0 0 0 0 0 0 0 0 0 0 0 0 0 0 0 0 0 0 0 0 0 0 0 0 0 0 0 0 0 0 0 0 0 0 0 0 0 0 0 0 0 0 0 0 0 0 0 0 0 0 0 0 0 0 0 0 0 0 0 0 0 0 0 0 0 0 0 0 0 0 0 0 0 0 0 0 0 0 0 0 0 0 0 0 0 0 0 0 0 0 0 0 0 0 0 0 0 0 0 0 0 0 0 0 0 0 0 0 0 0 0 0 0 0 0 0 0 0 0 0 0 0 0 0 0 0 0 0 0 0 0 0 0 0 0 0 0 0 0 0 0 0 0 0 0 0 0 0 0 0 0 0 0 0 0 0 0 0 0 0 0 0 0 0 0 0 0 0 0 0 0 0 0 0 0 0 0 0 0 0 0 0 0 0 0 0 0 0 0 0 0 0 0 0 0 0 0 0 0 0 0 0 0 0 0 0 0 0 0 0 0 0 0 0 0 0 0 0 0 0 0 0 0 0 0 0 0 0 0 0 0 0 0 0 0 0 0 0 0 0 0 0 0 0 0 0 0 0 0 0 0 0 0 0 0 0 0 0 0 0 0 0 0 0 0 0 0 0 0 0 0 0 0 0 0 0 0 0 0 0 0 0 0 0 0 0 0 0 0 0 0 0 0 0 0 0 0 0 0 0 0 0 0 0 0 0 0 0 0 0 0 0 0 0 0 0 0 0 0 0 0 0 0 0 0 0 0 0 0 0 0 0 0 0 0 0 0 0 0 0 0 0 0 0 0 0 0 0 0 0 0 0 0 0 0 0 0 0 0 0 0 0 0 0 0 0 0 0 0 0 0 0 0 0 0 0 0 0 0 0 0 0 0 0 0 0 0 0 0 0 0 0 0 0 0 0 0 0 0 0 0 0 0 0 0 0 0 0 0 0 0 0 0 0 0 0 0 0 0 0 0 0 0 0 0 0 0 0 0 0 0 0 0 0 0 0 0 0 0 0 0 0 0 0 0 0 0 0 0 0 0 0 0 0 0 0 0 0 0 0 0 0 0 0 0 0 0 0 0 0 0 0 0 0 0 0 0 0 0 0 0 0 0 0 0 0 0 0 0 0 0 0 0 0 0 0 0 0 0 0 0 0 0 0 0 0 0 0 0 0 0 0 0 0 0 0 0 0 0 0 0 0 0 0 0 0 0 0 0 0 0 0 0 0 0 0 0 0 0 0 0 0 0 0 0 0 0 0 0 0 0 0 0 0 0 0 0 0 0 0 0 0 0 0 0 0 0 0 0 0 0 0 0 0 0 0 0 0 0 0 0 0 0 0 0 0 0 0 0 0 0 0 0 0 0 0 0 0 0 0 0 0 0 0 0 0 0 0 0 0 0 0 0 0 0 0 0 0 0 0 0 0 0 0 0 0 0 0 0 0 0 0 0 0 0 0 0 0 0 0 0 0 0 0 0 0 0 0 0 0 0 0 0 0 0 0 0 0 0 0 0 0 0 0 0 0 0 0 0 0 0 0 0 0 0 0 0 0 0 0 0 0 0 0 0 0 0 0 0 0 0 0 0 0 0 0 0 0 0 0 0 0 0 0 0 0 0 0 0 0 0 0 0 0 0 0 0 0 0 0 0 0 0 0 0 0 0 0 0 0 0 0 0 0 0 0 0 0 0 0 0 0 0 0 0 0 0 0 0 0 0 0 0 0 0 0 0 0 0 0 0 0 0 0 0 0 0 0 0 0 0 0 0 0 0 0 0 0 0 0 0 0 0 0 0 0 0 0 0 0 0 0 0 0 0 0 0 0 0 0 0 0 0 0 0 0 0 0 0 0 0 0 0 0 0 0 0 0 0 0 0 0 0 0 0 0 0 0 0 0 0 0 0 0 0 0 0 0 0 0 0 0 0 0 0 0 0 0 0 0 0 0 0 0 0 0 0 0 0 0 0 0 0 0 0 0 0 0 0 0 0 0 0 0 0 0 0 0 0 0 0 0 0 0 0 0 0 0 0 0 0 0 0 0 0 0 0 0 0 0 0 0 0 0 0 0 0 0 0 0 0 0 0 0 0 0 0 0 0 0 0 0 0 0 0 0 0 0 0 0 0 0 0 0 0 0 0 0 0 0 0 0 0 0 0 0 0 0 0 0 0 0 0 0 0 0 0 0 0 0 0 0 0 0 0 0 0 0 0 0 0 0 0 0 0 0 0 0 0 0 0 0 0 0 0 0 0 0 0 0 0 0 0 0 0 0 0 0 0 0 0 0 0 0 0 0 0 0 0 0 0 0 0 0 0 0 0 0 0 0 0 0 0 0 0 0 0 0 0 0 0 0 0 0 0 0 0 0 0 0 0 0 0 0 0 0 0 0 0 0 0 0 0 0 0 0 0 0 0 0 0 0 0 0 0 0 0 0 0 0 0 0 0 0 0 0 0 0 0 0 0 0 0 0 0 0 0 0 0 0 0 0 0 0 0 0 0 0 0 0 0 0 0 0 0 0 0 0 0 0 0 0 0 0 0 0 0 0 0 0 0 0 0 0 0 0 0 0 0 0 0 0 0 0 0 0 0 0 0 0 0 0 0 0 0 0 0 0 0 0 0 0 0 0 0 0 0 0 0 0 0 0 0 0 0 0 0 0 0 0 0 0 0 0 0 0 0 0 0 0 0 0 0 0 0 0 0 0 0 0 0 0 0 0 0 0 0 0 0 0 0 0 0 0 0 0 0 0 0 0 0 0 0 0 0 0 0 0 0 0 0 0 0 0 0 0 0 0 0 0 0 0 0 0 0 0 0 0 0 0 0 0 0 0 0 0 0 0 0 0 0 0 0 0 0 0 0 0 0 0 0 0 0 0 0 0 0 0 0 0 0 0 0 0 0 0 0 0 0 0 0 0 0 0 0 0 0 0 0 0 0 0 0 0 0 0 0 0 0 0 0 0 0 0 0 0 0 0 0 0 0 0 0 0 0 0 0 0 0 0 0 0 0 0 0 0 0 0 0 0 0 0 0 0 0 0 0 0 0 0 0 0 0 0 0 0 0 0 0 0 0 0 0 0 0 0 0 0 0 0 0 0 0 0 0 0 0 0 0 0 0 0 0 0 0 0 0 0 0 0 0 0 0 0 0 0 0 0 0 0 0 0 0 0 0 0 0 0 0 0 0 0 0 0 0 0 0 0 0 0 0 0 0 0 0 0 0 0 0 0 0 0 0 0 0 0 0 0 0 0 0 0 0 0 0 0 0 0 0 0 0 0 0 0 0 0 0 0 0 0 0 0 0 0 0 0 0 0 0 0 0 0 0 0 0 0 0 0 0 0 0 0 0 0 0 0 0 0 0 0 0 0 0 0 0 0 0 0 0 0 0 0 0 0 0 0 0 0 0 0 0 0 0 0 0 0 0 0 0 0 0 0 0 0 0 0 0 0 0 0 0 0 0 0 0 0 0 0 0 0 0 0 0 0 0 0 0 0 0 0 0 0 0 0 0 0 0 0 0 0 0 0 0 0 0 0 0 0 0 0 0 0 0 0 0 0 0 0 0 0 0 0 0 0 0 0 0 0 0 0 0 0 0 0 0 0 0 0 0 0 0 0 0 0 0 0 0 0 0 0 0 0 0 0 0 0 0 0 0 0 0 0 0 0 0 0 0 0 0 0 0 0 0 0 0 0 0 0 0 0 0 0 0 0 0 0 0 0 0 0 0 0 0 0 0 0 0 0 0 0 0 0 0 0 0 0 0 0 0 0 0 0 0 0 0 0 0 0 0 0 0 0 0 0 0 0 0 0 0 0 0 0 0 0 0 0 0 0 0 0 0 0 0 0 0 0 0 0 0 0 0 0 0 0 0 0 0 0 0 0 0 0 0 0 0 0 0 0 0 0 0 0 0 0 0 0 0 0 0 0 0 0 0 0 0 0 0 0 0 0 0 0 0 0 0 0 0 0 0 0 0 0 0 0 0 0 0 0 0 0 0 0 0 0 0 0 0 0 0 0 0 0 0 0 0 0 0 0 0 0 0 0 0 0 0 0 0 0 0 0 0 0 0 0 0 0 0 0 0 0 0 0 0 0 0 0 0 0 0 0 0 0 0 0 0 0 0 0 0 0 0 0 0 0 0 0 0 0 0 0 0 0 0 0 0 0 0 0 0 0 0 0 0 0 0 0 0 0 0 0 0 0 0 0 0 0 0 0 0 0 0 0 0 0 0 0 0 0 0 0 0 0 0 0 0 0 0 0 0 0 0 0 0 0 0 0 0 0 0 0 0 0 0 0 0 0 0 0 0 0 0 0 0 0 0 0 0 0 0 0 0 0 0 0 0 0 0 0 0 0 0 0 0 0 0 0 0 0 0 0 0 0 0 0 0 0 0 0 0 0 0 0 0 0 0 0 0 0 0 0 0 0 0 0 0 0 0 0 0 0 0 0 0 0 0 0 0 0 0 0 0 0 0 0 0 0 0 0 0 0 0 0 0 0 0 0 0 0 0 0 0 0 0 0 0 0 0 0 0 0 0 0 0 0 0 0 0 0 0 0 0 0 0 0 0 0 0 0 0 0 0 0 0 0 0 0 0 0 0 0 0 0 0 0 0 0 0 0 0 0 0 0 0 0 0 0 0 0 0 0 0 0 0 0 0 0 0 0 0 0 0 0 0 0 0 0 0 0 0 0 0 0 0 0 0 0 0 0 0 0 0 0 0 0 0 0 0 0 0 0 0 0 0 0 0 0 0 0 0 0 0 0 0 0 0 0 0 0 0 0 0 0 0 0 0 0 0 0 0 0 0 0 0 0 0 0 0 0 0 0 0 0 0 0 0 0 0 0 0 0 0 0 0 0 0 0 0 0 0 0 0 0 0 0 0 0 0 0 0 0 0 0 0 0 0 0 0 0 0 0 0 0 0 0 0 0 0 0 0 0 0 0 0 0 0 0 0 0 0 0 0 0 0 0 0 0 0 0 0 0 0 0 0 0 0 0 0 0 0 0 0 0 0 0 0 0 0 0 0 0 0 0 0 0 0 0 0 0 0 0 0 0 0 0 0 0 0 0 0 0 0 0 0 0 0 0 0 0 0 0 0 0 0 0 0 0 0 0 0 0 0 0 0 0 0 0 0 0 0 0 0 0 0 0 0 0 0 0 0 0 0 0 0 0 0 0 0 0 0 0 0 0 0 0 0 0 0 0 0 0 0 0 0 0 0 0 0 0 0 0 0 0 0 0 0 0 0 0 0 0 0 0 0 0 0 0 0 0 0 0 0 0 0 0 0 0 0 0 0 0 0 0 0 0 0 0 0 0 0 0 0 0 0 0 0 0 0 0 0 0 0 0 0 0 0 0 0 0 0 0 0 0 0 0 0 0 0 0 0 0 0 0 0 0 0 0 0 0 0 0 0 0 0 0 0 0 0 0 0 0 0 0 0 0 0 0 0 0 0 0 0 0 0 0 0 0 0 0 0 0 0 0 0 0 0 0 0 0 0 0 0 0 0 0 0 0 0 0 0 0 0 0 0 0 0 0 0 0 0 0 0 0 0 0 0 0 0 0 0 0 0 0 0 0 0 0 0 0 0 0 0 0 0 0 0 0 0 0 0 0 0 0 0 0 0 0 0 0 0 0 0 0 0 0 0 0 0 0 0 0 0 0 0 0 0 0 0 0 0 0 0 0 0 0 0 0 0 0 0 0 0 0 0 0 0 0 0 0 0 0 0 0 0 0 0 0 0 0 0 0 0 0 0 0 0 0 0 0 0 0 0 0 0 0 0 0 0 0 0 0 0 0 0 0 0 0 0 0 0 0 0 0 0 0 0 0 0 0 0 0 0 0 0 0 0 0 0 0 0 0 0 0 0 0 0 0 0 0 0 0 0 0 0 0 0 0 0 0 0 0 0 0 0 0 0 0 0 0 0 0 0 0 0 0 0 0 0 0 0 0 0 0 0 0 0 0 0 0 0 0 0 0 0 0 0 0 0 0 0 0 0 0 0 0 0 0 0 0 0 0 0 0 0 0 0 0 0 0 0 0 0 0 0 0 0 0 0 0 0 0 0 0 0 0 0 0 0 0 0 0 0 0 0 0 0 0 0 0 0 0 0 0 0 0 0 0 0 0 0 0 0 0 0 0 0 0 0 0 0 0 0 0 0 0 0 0 0 0 0 0 0 0 0 0 0 0 0 0 0 0 0 0 0 0 0 0 0 0 0 0 0 0 0 0 0 0 0 0 0 0 0 0 0 0 0 0 0 0 0 0 0 0 0 0 0 0 0 0 0 0 0 0 0 0 0 0 0 0 0 0 0 0 0 0 0 0 0 0 0 0 0 0 0 0 0 0 0 0 0 0 0 0 0 0 0 0 0 0 0 0 0 0 0 0 0 0 0 0 0 0 0 0 0 0 0 0 0 0 0 0 0 0 0 0 0 0 0 0 0 0 0 0 0 0 0 0 0 0 0 0 0 0 0 0 0 0 0 0 0 0 0 0 0 0 0 0 0 0 0 0 0 0 0 0 0 0 0 0 0 0 0 0 0 0 0 0 0 0 0 0 0 0 0 0 0 0 0 0 0 0 0 0 0 0 0 0 0 0 0 0 0 0 0 0 0 0 0 0 0 0 0 0 0 0 0 0 0 0 0 0 0 0 0 0 0 0 0 0 0 0 0 0 0 0 0 0 0 0 0 0 0 0 0 0 0 0 0 0 0 0 0 0 0 0 0 0 0 0 0 0 0 0 0 0 0 0 0 0 0 0 0 0 0 0 0 0 0 0 0 0 0 0 0 0 0 0 0 0 0 0 0
ctxt 8063381
btime 1613122782
processes 173340
procs_running 1
procs_blocked 0
softirq 135184991 1 81565449 1542 1536098 0 0 242 4259684 0 47821975
