cpu  35526258 8 58515 4562945 180 0 5211 0 0 0
cpu0 553894 0 2306 70822 0 0 363 0 0 0
cpu1 554614 0 1263 71382 9 0 153 0 0 0
cpu2 554559 0 1890 70801 1 0 160 0 0 0
cpu3 554565 0 1126 71552 4 0 155 0 0 0
cpu4 554977 0 1587 70645 8 0 111 0 0 0
cpu5 555470 0 364 71542 4 0 25 0 0 0
cpu6 554412 0 1346 71488 1 0 150 0 0 0
cpu7 554755 0 1058 71437 2 0 154 0 0 0
cpu8 554258 0 1600 71471 0 0 68 0 0 0
cpu9 555414 0 450 71485 3 0 56 0 0 0
cpu10 554756 0 1293 71241 3 0 94 0 0 0
cpu11 554928 0 838 71506 2 0 128 0 0 0
cpu12 554272 0 1624 71424 1 0 80 0 0 0
cpu13 555489 0 454 71404 1 0 46 0 0 0
cpu14 554372 0 1515 71420 0 0 94 0 0 0
cpu15 555395 0 635 71266 2 0 90 0 0 0
cpu16 553494 0 2229 71476 0 0 199 0 0 0
cpu17 555291 0 511 71348 1 0 231 0 0 0
cpu18 554033 0 1948 71249 0 0 174 0 0 0
cpu19 555390 0 508 71437 1 0 56 0 0 0
cpu20 554519 0 1352 71311 49 0 118 0 0 0
cpu21 555371 0 506 71464 11 0 51 0 0 0
cpu22 554482 0 1284 71508 1 0 124 0 0 0
cpu23 555412 0 425 71522 8 0 36 0 0 0
cpu24 554926 0 1030 71389 1 0 43 0 0 0
cpu25 555563 0 266 71566 1 0 10 0 0 0
cpu26 554488 0 1363 71387 0 0 149 0 0 0
cpu27 555337 0 482 71531 1 0 53 0 0 0
cpu28 554612 0 1210 71494 0 0 85 0 0 0
cpu29 555569 0 262 71553 2 0 16 0 0 0
cpu30 554345 0 1367 71475 0 0 210 0 0 0
cpu31 555374 0 416 71570 1 0 32 0 0 0
cpu32 555208 0 1103 71030 1 0 40 0 0 0
cpu33 554553 0 1184 71542 1 0 115 0 0 0
cpu34 555673 2 1263 70421 0 0 32 0 0 0
cpu35 555393 0 411 71563 0 0 29 0 0 0
cpu36 556601 0 973 69769 0 0 40 0 0 0
cpu37 555471 0 352 71552 5 0 16 0 0 0
cpu38 557787 0 925 68623 1 0 38 0 0 0
cpu39 554941 0 834 71526 1 0 94 0 0 0
cpu40 555906 0 1058 70364 5 0 46 0 0 0
cpu41 555601 0 329 71432 1 0 18 0 0 0
cpu42 554609 0 1246 71383 0 0 154 0 0 0
cpu43 555393 0 446 71491 0 0 62 0 0 0
cpu44 555090 0 1143 71135 0 0 25 0 0 0
cpu45 555587 0 342 71437 0 0 23 0 0 0
cpu46 554546 0 1699 70983 0 0 151 0 0 0
cpu47 555689 0 341 71329 2 0 24 0 0 0
cpu48 554465 0 1546 71276 0 0 102 0 0 0
cpu49 555559 0 478 71330 2 0 19 0 0 0
cpu50 554742 0 1069 71495 0 0 81 0 0 0
cpu51 555598 0 330 71446 2 0 16 0 0 0
cpu52 555264 0 567 71514 0 0 42 0 0 0
cpu53 555596 0 294 71482 3 0 18 0 0 0
cpu54 555157 0 725 71447 1 0 52 0 0 0
cpu55 555418 0 419 71526 0 0 26 0 0 0
cpu56 555077 0 897 71368 0 0 41 0 0 0
cpu57 555630 0 212 71533 0 0 9 0 0 0
cpu58 555300 0 591 71459 0 0 35 0 0 0
cpu59 555186 1 566 71543 1 0 92 0 0 0
cpu60 555304 0 766 71253 0 0 23 0 0 0
cpu61 555617 0 213 71535 1 0 17 0 0 0
cpu62 554364 0 1290 71538 0 0 188 0 0 0
cpu63 555570 0 369 71425 7 0 8 0 0 0
intr 99893106 83 0 0 0 639 0 0 0 1 0 282 0 0 0 0 0 0 0 0 0 0 0 0 0 0 0 0 0 0 0 0 0 0 0 0 0 0 0 1483 43686 1468 12899 304 7090 1253 23734 743 16176 637 6043 525 8272 256 4234 1331 74873 184 6981 9919 2176 1561 12283 1150 1177 489 5783 1866 607 789 5404 1450 22012 171 8833 146 7002 253 13805 344 3000 576 8548 845 2929 12 5165 671 8412 765 6080 2889 2313 3814 5755 1096 1524 598 11268 773 1627 835 2597 0 0 0 0 0 0 0 0 0 0 0 0 0 0 0 0 0 32616 93 0 0 0 0 0 0 0 0 0 0 0 0 0 0 0 0 0 0 0 0 0 0 0 0 0 0 0 0 0 0 0 0 0 0 0 0 0 0 0 0 0 0 0 0 0 0 0 0 0 0 0 0 0 0 0 0 0 0 0 0 0 0 0 0 0 0 0 0 0 0 0 0 0 0 0 15 0 0 0 0 0 0 0 0 0 0 0 0 0 0 0 0 0 0 0 0 0 0 0 0 0 0 0 0 0 0 0 0 0 0 0 0 0 0 0 0 0 0 0 0 0 0 0 0 0 0 0 0 0 0 0 0 0 0 0 0 0 0 0 0 0 0 0 0 0 0 0 0 0 0 0 0 0 0 0 0 0 0 0 0 0 0 0 0 0 0 0 0 0 0 0 0 0 0 0 0 0 0 0 0 0 0 0 0 0 0 0 0 0 0 0 0 0 0 0 0 0 0 0 0 0 0 0 0 0 0 0 0 0 0 0 0 0 0 0 0 0 0 0 0 0 0 0 0 0 0 0 0 0 0 0 0 0 0 0 0 0 0 0 0 0 0 0 0 0 0 0 0 0 0 0 0 0 0 0 0 0 0 0 0 0 0 0 0 0 0 0 0 0 0 0 0 0 0 0 0 0 0 0 0 0 0 0 0 0 0 0 0 0 0 0 0 0 0 0 0 0 0 0 0 0 0 0 0 0 0 0 0 0 0 0 0 0 0 0 0 0 0 0 0 0 0 0 0 0 0 0 0 0 0 0 0 0 0 0 0 0 0 0 0 0 0 0 0 0 0 0 0 0 0 0 0 0 0 0 0 0 0 0 0 0 0 0 0 0 0 0 0 0 0 0 0 0 0 0 0 0 0 0 0 0 0 0 0 0 0 0 0 0 0 0 0 0 0 0 0 0 0 0 0 0 0 0 0 0 0 0 0 0 0 0 0 0 0 0 0 0 0 0 0 0 0 0 0 0 0 0 0 0 0 0 0 0 0 0 0 0 0 0 0 0 0 0 0 0 0 0 0 0 0 0 0 0 0 0 0 0 0 0 0 0 0 0 0 0 0 0 0 0 0 0 0 0 0 0 0 0 0 0 0 0 0 0 0 0 0 0 0 0 0 0 0 0 0 0 0 0 0 0 0 0 0 0 0 0 0 0 0 0 0 0 0 0 0 0 0 0 0 0 0 0 0 0 0 0 0 0 0 0 0 0 0 0 0 0 0 0 0 0 0 0 0 0 0 0 0 0 0 0 0 0 0 0 0 0 0 0 0 0 0 0 0 0 0 0 0 0 0 0 0 0 0 0 0 0 0 0 0 0 0 0 0 0 0 0 0 0 0 0 0 0 0 0 0 0 0 0 0 0 0 0 0 0 0 0 0 0 0 0 0 0 0 0 0 0 0 0 0 0 0 0 0 0 0 0 0 0 0 0 0 0 0 0 0 0 0 0 0 0 0 0 0 0 0 0 0 0 0 0 0 0 0 0 0 0 0 0 0 0 0 0 0 0 0 0 0 0 0 0 0 0 0 0 0 0 0 0 0 0 0 0 0 0 0 0 0 0 0 0 0 0 0 0 0 0 0 0 0 0 0 0 0 0 0 0 0 0 0 0 0 0 0 0 0 0 0 0 0 0 0 0 0 0 0 0 0 0 0 0 0 0 0 0 0 0 0 0 0 0 0 0 0 0 0 0 0 0 0 0 0 0 0 0 0 0 0 0 0 0 0 0 0 0 0 0 0 0 0 0 0 0 0 0 0 0 0 0 0 0 0 0 0 0 0 0 0 0 0 0 0 0 0 0 0 0 0 0 0 0 0 0 0 0 0 0 0 0 0 0 0 0 0 0 0 0 0 0 0 0 0 0 0 0 0 0 0 0 0 0 0 0 0 0 0 0 0 0 0 0 0 0 0 0 0 0 0 0 0 0 0 0 0 0 0 0 0 0 0 0 0 0 0 0 0 0 0 0 0 0 0 0 0 0 0 0 0 0 0 0 0 0 0 0 0 0 0 0 0 0 0 0 0 0 0 0 0 0 0 0 0 0 0 0 0 0 0 0 0 0 0 0 0 0 0 0 0 0 0 0 0 0 0 0 0 0 0 0 0 0 0 0 0 0 0 0 0 0 0 0 0 0 0 0 0 0 0 0 0 0 0 0 0 0 0 0 0 0 0 0 0 0 0 0 0 0 0 0 0 0 0 0 0 0 0 0 0 0 0 0 0 0 0 0 0 0 0 0 0 0 0 0 0 0 0 0 0 0 0 0 0 0 0 0 0 0 0 0 0 0 0 0 0 0 0 0 0 0 0 0 0 0 0 0 0 0 0 0 0 0 0 0 0 0 0 0 0 0 0 0 0 0 0 0 0 0 0 0 0 0 0 0 0 0 0 0 0 0 0 0 0 0 0 0 0 0 0 0 0 0 0 0 0 0 0 0 0 0 0 0 0 0 0 0 0 0 0 0 0 0 0 0 0 0 0 0 0 0 0 0 0 0 0 0 0 0 0 0 0 0 0 0 0 0 0 0 0 0 0 0 0 0 0 0 0 0 0 0 0 0 0 0 0 0 0 0 0 0 0 0 0 0 0 0 0 0 0 0 0 0 0 0 0 0 0 0 0 0 0 0 0 0 0 0 0 0 0 0 0 0 0 0 0 0 0 0 0 0 0 0 0 0 0 0 0 0 0 0 0 0 0 0 0 0 0 0 0 0 0 0 0 0 0 0 0 0 0 0 0 0 0 0 0 0 0 0 0 0 0 0 0 0 0 0 0 0 0 0 0 0 0 0 0 0 0 0 0 0 0 0 0 0 0 0 0 0 0 0 0 0 0 0 0 0 0 0 0 0 0 0 0 0 0 0 0 0 0 0 0 0 0 0 0 0 0 0 0 0 0 0 0 0 0 0 0 0 0 0 0 0 0 0 0 0 0 0 0 0 0 0 0 0 0 0 0 0 0 0 0 0 0 0 0 0 0 0 0 0 0 0 0 0 0 0 0 0 0 0 0 0 0 0 0 0 0 0 0 0 0 0 0 0 0 0 0 0 0 0 0 0 0 0 0 0 0 0 0 0 0 0 0 0 0 0 0 0 0 0 0 0 0 0 0 0 0 0 0 0 0 0 0 0 0 0 0 0 0 0 0 0 0 0 0 0 0 0 0 0 0 0 0 0 0 0 0 0 0 0 0 0 0 0 0 0 0 0 0 0 0 0 0 0 0 0 0 0 0 0 0 0 0 0 0 0 0 0 0 0 0 0 0 0 0 0 0 0 0 0 0 0 0 0 0 0 0 0 0 0 0 0 0 0 0 0 0 0 0 0 0 0 0 0 0 0 0 0 0 0 0 0 0 0 0 0 0 0 0 0 0 0 0 0 0 0 0 0 0 0 0 0 0 0 0 0 0 0 0 0 0 0 0 0 0 0 0 0 0 0 0 0 0 0 0 0 0 0 0 0 0 0 0 0 0 0 0 0 0 0 0 0 0 0 0 0 0 0 0 0 0 0 0 0 0 0 0 0 0 0 0 0 0 0 0 0 0 0 0 0 0 0 0 0 0 0 0 0 0 0 0 0 0 0 0 0 0 0 0 0 0 0 0 0 0 0 0 0 0 0 0 0 0 0 0 0 0 0 0 0 0 0 0 0 0 0 0 0 0 0 0 0 0 0 0 0 0 0 0 0 0 0 0 0 0 0 0 0 0 0 0 0 0 0 0 0 0 0 0 0 0 0 0 0 0 0 0 0 0 0 0 0 0 0 0 0 0 0 0 0 0 0 0 0 0 0 0 0 0 0 0 0 0 0 0 0 0 0 0 0 0 0 0 0 0 0 0 0 0 0 0 0 0 0 0 0 0 0 0 0 0 0 0 0 0 0 0 0 0 0 0 0 0 0 0 0 0 0 0 0 0 0 0 0 0 0 0 0 0 0 0 0 0 0 0 0 0 0 0 0 0 0 0 0 0 0 0 0 0 0 0 0 0 0 0 0 0 0 0 0 0 0 0 0 0 0 0 0 0 0 0 0 0 0 0 0 0 0 0 0 0 0 0 0 0 0 0 0 0 0 0 0 0 0 0 0 0 0 0 0 0 0 0 0 0 0 0 0 0 0 0 0 0 0 0 0 0 0 0 0 0 0 0 0 0 0 0 0 0 0 0 0 0 0 0 0 0 0 0 0 0 0 0 0 0 0 0 0 0 0 0 0 0 0 0 0 0 0 0 0 0 0 0 0 0 0 0 0 0 0 0 0 0 0 0 0 0 0 0 0 0 0 0 0 0 0 0 0 0 0 0 0 0 0 0 0 0 0 0 0 0 0 0 0 0 0 0 0 0 0 0 0 0 0 0 0 0 0 0 0 0 0 0 0 0 0 0 0 0 0 0 0 0 0 0 0 0 0 0 0 0 0 0 0 0 0 0 0 0 0 0 0 0 0 0 0 0 0 0 0 0 0 0 0 0 0 0 0 0 0 0 0 0 0 0 0 0 0 0 0 0 0 0 0 0 0 0 0 0 0 0 0 0 0 0 0 0 0 0 0 0 0 0 0 0 0 0 0 0 0 0 0 0 0 0 0 0 0 0 0 0 0 0 0 0 0 0 0 0 0 0 0 0 0 0 0 0 0 0 0 0 0 0 0 0 0 0 0 0 0 0 0 0 0 0 0 0 0 0 0 0 0 0 0 0 0 0 0 0 0 0 0 0 0 0 0 0 0 0 0 0 0 0 0 0 0 0 0 0 0 0 0 0 0 0 0 0 0 0 0 0 0 0 0 0 0 0 0 0 0 0 0 0 0 0 0 0 0 0 0 0 0 0 0 0 0 0 0 0 0 0 0 0 0 0 0 0 0 0 0 0 0 0 0 0 0 0 0 0 0 0 0 0 0 0 0 0 0 0 0 0 0 0 0 0 0 0 0
ctxt 12946795
btime 1613123985
processes 290944
procs_running 1
procs_blocked 0
softirq 110742190 1 63842139 1541 2391990 0 0 150 3349717 0 41156652
