cpu  29801814 4 38131 7160979 425 0 4548 0 0 0
cpu0 827497 0 1218 198788 1 0 670 0 0 0
cpu1 827632 0 934 199302 1 0 178 0 0 0
cpu2 827672 0 945 199246 0 0 107 0 0 0
cpu3 827971 0 818 199084 4 0 51 0 0 0
cpu4 826944 0 1707 198971 2 0 306 0 0 0
cpu5 827552 0 1087 199205 14 0 72 0 0 0
cpu6 827752 0 898 199225 2 0 50 0 0 0
cpu7 827362 0 1306 199128 4 0 145 0 0 0
cpu8 828218 0 1102 198571 1 0 37 0 0 0
cpu9 827771 0 1246 198864 1 0 55 0 0 0
cpu10 827513 0 1480 198729 4 0 202 0 0 0
cpu11 827453 0 1198 199228 2 0 65 0 0 0
cpu12 827882 0 1318 198672 4 0 53 0 0 0
cpu13 827744 0 1191 198896 49 0 54 0 0 0
cpu14 826895 0 1656 199285 4 0 88 0 0 0
cpu15 827077 0 1541 199223 5 0 94 0 0 0
cpu16 827297 0 1300 199214 1 0 120 0 0 0
cpu17 827589 0 1010 199209 5 0 113 0 0 0
cpu18 828078 0 566 199241 5 0 40 0 0 0
cpu19 827918 0 705 199264 1 0 44 0 0 0
cpu20 828144 0 534 199216 3 0 33 0 0 0
cpu21 828147 0 573 199190 9 0 12 0 0 0
cpu22 827903 0 661 199303 12 0 61 0 0 0
cpu23 828132 0 471 199312 2 0 9 0 0 0
cpu24 825724 0 1933 198997 15 0 1241 0 0 0
cpu25 827706 0 857 199294 3 0 75 0 0 0
cpu26 827910 0 755 199218 8 0 32 0 0 0
cpu27 828139 0 974 198759 0 0 64 0 0 0
cpu28 829090 0 1126 197508 81 0 95 0 0 0
cpu29 828590 0 945 198339 33 0 31 0 0 0
cpu30 829712 0 944 197181 54 0 16 0 0 0
cpu31 828361 3 1206 198266 40 0 57 0 0 0
cpu32 828517 0 1198 198146 6 0 64 0 0 0
cpu33 827861 0 1220 198720 12 0 87 0 0 0
cpu34 828179 0 718 198977 15 0 24 0 0 0
cpu35 827869 0 774 199189 1 0 88 0 0 0
intr 82239332 56 0 0 0 610 0 0 0 1 0 275 0 0 0 0 0 0 0 0 0 0 0 0 0 0 0 0 0 0 0 0 0 94 889 325 125 301 872 710 299 491 91 260 351 324 274 1495 461 412 331 398 307 229 193 1439 3734 0 0 0 0 345 2040 787 512 114 10339 3754 4165 1771 549 724 306 173 0 16 12174 1 0 31252 2831 4447 1564 2001 3938 985 5488 2354 4270 2610 7289 4347 1836 5156 3550 3964 1370 4501 4564 6165 3838 3781 1446 253576 6902 2344 3659 1235 7015 1227 1586 5978 3098 1359 2481 0 16 7961 1 0 0 0 0 0 0 0 0 0 0 0 0 0 0 0 0 0 0 0 0 0 0 0 0 0 0 0 0 0 0 0 0 0 0 0 0 0 24 0 0 0 0 0 0 0 0 0 0 0 0 0 0 0 0 0 0 0 0 0 0 0 0 0 0 0 0 0 0 0 0 0 0 0 0 0 0 0 0 0 0 0 0 0 0 0 0 0 0 0 0 0 0 0 0 0 0 0 0 0 0 0 0 0 0 0 0 0 0 0 0 0 0 0 0 0 0 0 0 0 0 0 0 0 0 0 0 0 0 0 0 0 0 0 0 0 0 0 0 0 0 0 0 0 0 0 0 0 0 0 0 0 0 0 0 0 0 0 0 0 0 0 0 0 0 0 0 0 0 0 0 0 0 0 0 0 0 0 0 0 0 0 0 0 0 0 0 0 0 0 0 0 0 0 0 0 0 0 0 0 0 0 0 0 0 0 0 0 0 0 0 0 0 0 0 0 0 0 0 0 0 0 0 0 0 0 0 0 0 0 0 0 0 0 0 0 0 0 0 0 0 0 0 0 0 0 0 0 0 0 0 0 0 0 0 0 0 0 0 0 0 0 0 0 0 0 0 0 0 0 0 0 0 0 0 0 0 0 0 0 0 0 0 0 0 0 0 0 0 0 0 0 0 0 0 0 0 0 0 0 0 0 0 0 0 0 0 0 0 0 0 0 0 0 0 0 0 0 0 0 0 0 0 0 0 0 0 0 0 0 0 0 0 0 0 0 0 0 0 0 0 0 0 0 0 0 0 0 0 0 0 0 0 0 0 0 0 0 0 0 0 0 0 0 0 0 0 0 0 0 0 0 0 0 0 0 0 0 0 0 0 0 0 0 0 0 0 0 0 0 0 0 0 0 0 0 0 0 0 0 0 0 0 0 0 0 0 0 0 0 0 0 0 0 0 0 0 0 0 0 0 0 0 0 0 0 0 0 0 0 0 0 0 0 0 0 0 0 0 0 0 0 0 0 0 0 0 0 0 0 0 0 0 0 0 0 0 0 0 0 0 0 0 0 0 0 0 0 0 0 0 0 0 0 0 0 0 0 0 0 0 0 0 0 0 0 0 0 0 0 0 0 0 0 0 0 0 0 0 0 0 0 0 0 0 0 0 0 0 0 0 0 0 0 0 0 0 0 0 0 0 0 0 0 0 0 0 0 0 0 0 0 0 0 0 0 0 0 0 0 0 0 0 0 0 0 0 0 0 0 0 0 0 0 0 0 0 0 0 0 0 0 0 0 0 0 0 0 0 0 0 0 0 0 0 0 0 0 0 0 0 0 0 0 0 0 0 0 0 0 0 0 0 0 0 0 0 0 0 0 0 0 0 0 0 0 0 0 0 0 0 0 0 0 0 0 0 0 0 0 0 0 0 0 0 0 0 0 0 0 0 0 0 0 0 0 0 0 0 0 0 0 0 0 0 0 0 0 0 0 0 0 0 0 0 0 0 0 0 0 0 0 0 0 0 0 0 0 0 0 0 0 0 0 0 0 0 0 0 0 0 0 0 0 0 0 0 0 0 0 0 0 0 0 0 0 0 0 0 0 0 0 0 0 0 0 0 0 0 0 0 0 0 0 0 0 0 0 0 0 0 0 0 0 0 0 0 0 0 0 0 0 0 0 0 0 0 0 0 0 0 0 0 0 0 0 0 0 0 0 0 0 0 0 0 0 0 0 0 0 0 0 0 0 0 0 0 0 0 0 0 0 0 0 0 0 0 0 0 0 0 0 0 0 0 0 0 0 0 0 0 0 0 0 0 0 0 0 0 0 0 0 0 0 0 0 0 0 0 0 0 0 0 0 0 0 0 0 0 0 0 0 0 0 0 0 0 0 0 0 0 0 0 0 0 0 0 0 0 0 0 0 0 0 0 0 0 0 0 0 0 0 0 0 0 0 0 0 0 0 0 0 0 0 0 0 0 0 0 0 0 0 0 0 0 0 0 0 0 0 0 0 0 0 0 0 0 0 0 0 0 0 0 0 0 0 0 0 0 0 0 0 0 0 0 0 0 0 0 0 0 0 0 0 0 0 0 0 0 0 0 0 0 0 0 0 0 0 0 0 0 0 0 0 0 0 0 0 0 0 0 0 0 0 0 0 0 0 0 0 0 0 0 0 0 0 0 0 0 0 0 0 0 0 0 0 0 0 0 0 0 0 0 0 0 0 0 0 0 0 0 0 0 0 0 0 0 0 0 0 0 0 0 0 0 0 0 0 0 0 0 0 0 0 0 0 0 0 0 0 0 0 0 0 0 0 0 0 0 0 0 0 0 0 0 0 0 0 0 0 0 0 0 0 0 0 0 0 0 0 0 0 0 0 0 0 0 0 0 0 0 0 0 0 0 0 0 0 0 0 0 0 0 0 0 0 0 0 0 0 0 0 0 0 0 0 0 0 0 0 0 0 0 0 0 0 0 0 0 0 0 0 0 0 0 0 0 0 0 0 0 0 0 0 0 0 0 0 0 0 0 0 0 0 0 0 0 0 0 0 0 0 0 0 0 0 0 0 0 0 0 0 0 0 0 0 0 0 0
ctxt 21680654
btime 1613124388
processes 546496
procs_running 1
procs_blocked 0
softirq 107543224 1 62022031 851 4128744 0 0 401800 2784593 0 38205204
