cpu  10293233 5 15290 8107181 129 0 1192 0 0 0
cpu0 160570 0 654 126253 0 0 228 0 0 0
cpu1 160782 0 205 126762 2 0 79 0 0 0
cpu2 160542 0 542 126657 0 0 36 0 0 0
cpu3 160843 0 121 126818 7 0 5 0 0 0
cpu4 160391 0 624 126642 0 0 32 0 0 0
cpu5 160839 0 119 126820 0 0 10 0 0 0
cpu6 160786 0 370 126600 0 0 25 0 0 0
cpu7 160464 0 437 126799 0 0 86 0 0 0
cpu8 160732 0 516 126501 0 0 22 0 0 0
cpu9 160841 0 110 126822 0 0 11 0 0 0
cpu10 160858 0 343 126556 0 0 13 0 0 0
cpu11 160843 0 121 126813 0 0 7 0 0 0
cpu12 160835 0 245 126685 0 0 17 0 0 0
cpu13 160902 0 60 126821 0 0 0 0 0 0
cpu14 160706 0 336 126723 2 0 12 0 0 0
cpu15 160854 0 114 126813 0 0 4 0 0 0
cpu16 160666 0 390 126694 3 0 18 0 0 0
cpu17 160910 0 64 126800 0 0 0 0 0 0
cpu18 160806 0 402 126534 4 0 25 0 0 0
cpu19 160897 0 68 126816 0 0 0 0 0 0
cpu20 160904 0 492 126245 59 0 29 0 0 0
cpu21 160900 0 86 126796 0 0 2 0 0 0
cpu22 160573 0 430 126736 1 0 28 0 0 0
cpu23 160910 0 56 126814 0 0 1 0 0 0
cpu24 160726 1 260 126776 0 0 14 0 0 0
cpu25 160893 0 78 126806 0 0 2 0 0 0
cpu26 160587 0 409 126758 0 0 18 0 0 0
cpu27 160906 0 61 126808 0 0 0 0 0 0
cpu28 160821 0 269 126675 0 0 10 0 0 0
cpu29 160872 0 98 126811 0 0 1 0 0 0
cpu30 160545 0 513 126676 1 0 32 0 0 0
cpu31 160893 0 75 126805 1 0 0 0 0 0
cpu32 160868 0 457 126435 0 0 6 0 0 0
cpu33 160832 0 118 126813 0 0 4 0 0 0
cpu34 160705 0 314 126726 0 0 11 0 0 0
cpu35 160903 0 64 126809 0 0 1 0 0 0
cpu36 160738 0 304 126686 0 0 12 0 0 0
cpu37 160879 0 79 126812 0 0 4 0 0 0
cpu38 160895 0 238 126615 2 0 19 0 0 0
cpu39 159858 0 925 126795 0 0 190 0 0 0
cpu40 160866 0 296 126594 0 0 12 0 0 0
cpu41 160919 0 52 126802 1 0 0 0 0 0
cpu42 161498 0 393 125844 14 0 5 0 0 0
cpu43 160897 0 66 126806 1 0 0 0 0 0
cpu44 161368 0 252 126150 0 0 4 0 0 0
cpu45 160909 0 56 126807 1 0 0 0 0 0
cpu46 161776 0 419 125541 2 0 5 0 0 0
cpu47 160925 0 53 126793 1 0 0 0 0 0
cpu48 160872 0 178 126704 0 0 7 0 0 0
cpu49 160910 0 54 126807 0 0 0 0 0 0
cpu50 161058 1 330 126314 0 0 35 0 0 0
cpu51 160908 0 62 126797 0 0 0 0 0 0
cpu52 160774 0 227 126754 0 0 9 0 0 0
cpu53 160926 0 55 126779 0 0 0 0 0 0
cpu54 160720 0 274 126754 0 0 11 0 0 0
cpu55 160924 0 46 126797 0 0 0 0 0 0
cpu56 160787 0 220 126749 0 0 10 0 0 0
cpu57 160897 0 63 126806 0 0 1 0 0 0
cpu58 160719 0 261 126775 3 0 9 0 0 0
cpu59 160914 0 48 126804 0 0 0 0 0 0
cpu60 160920 0 137 126697 0 0 5 0 0 0
cpu61 160754 0 194 126792 0 0 25 0 0 0
cpu62 160781 0 270 126394 0 0 13 0 0 0
cpu63 160910 0 92 126762 0 0 1 0 0 0
intr 29302469 83 0 0 0 622 0 0 0 1 0 285 0 0 0 0 0 0 0 0 0 0 0 0 0 0 0 0 0 0 0 0 0 0 0 0 0 0 0 1970 2665 1025 2715 1987 321 358 10795 851 1713 600 4289 106 0 688 5726 2698 0 2136 0 20970 0 4555 0 1198 793 841 0 509 2 931 0 1233 1044 793 7 681 2258 2963 4594 1553 18 758 2 283 1 289 65 1143 89 19654 703 1411 10 766 3 523 648 1094 0 680 1 485 0 0 0 0 0 0 0 0 0 0 0 0 0 0 0 0 0 0 30765 93 0 0 0 0 0 0 0 0 0 0 0 0 0 0 0 0 0 0 0 0 0 0 0 0 0 0 0 0 0 0 0 0 0 0 0 0 0 0 0 0 0 0 0 0 0 0 0 0 0 0 0 0 0 0 0 0 0 0 0 0 0 0 0 0 0 0 0 0 0 0 0 0 0 0 0 25 0 0 0 0 0 0 0 0 0 0 0 0 0 0 0 0 0 0 0 0 0 0 0 0 0 0 0 0 0 0 0 0 0 0 0 0 0 0 0 0 0 0 0 0 0 0 0 0 0 0 0 0 0 0 0 0 0 0 0 0 0 0 0 0 0 0 0 0 0 0 0 0 0 0 0 0 0 0 0 0 0 0 0 0 0 0 0 0 0 0 0 0 0 0 0 0 0 0 0 0 0 0 0 0 0 0 0 0 0 0 0 0 0 0 0 0 0 0 0 0 0 0 0 0 0 0 0 0 0 0 0 0 0 0 0 0 0 0 0 0 0 0 0 0 0 0 0 0 0 0 0 0 0 0 0 0 0 0 0 0 0 0 0 0 0 0 0 0 0 0 0 0 0 0 0 0 0 0 0 0 0 0 0 0 0 0 0 0 0 0 0 0 0 0 0 0 0 0 0 0 0 0 0 0 0 0 0 0 0 0 0 0 0 0 0 0 0 0 0 0 0 0 0 0 0 0 0 0 0 0 0 0 0 0 0 0 0 0 0 0 0 0 0 0 0 0 0 0 0 0 0 0 0 0 0 0 0 0 0 0 0 0 0 0 0 0 0 0 0 0 0 0 0 0 0 0 0 0 0 0 0 0 0 0 0 0 0 0 0 0 0 0 0 0 0 0 0 0 0 0 0 0 0 0 0 0 0 0 0 0 0 0 0 0 0 0 0 0 0 0 0 0 0 0 0 0 0 0 0 0 0 0 0 0 0 0 0 0 0 0 0 0 0 0 0 0 0 0 0 0 0 0 0 0 0 0 0 0 0 0 0 0 0 0 0 0 0 0 0 0 0 0 0 0 0 0 0 0 0 0 0 0 0 0 0 0 0 0 0 0 0 0 0 0 0 0 0 0 0 0 0 0 0 0 0 0 0 0 0 0 0 0 0 0 0 0 0 0 0 0 0 0 0 0 0 0 0 0 0 0 0 0 0 0 0 0 0 0 0 0 0 0 0 0 0 0 0 0 0 0 0 0 0 0 0 0 0 0 0 0 0 0 0 0 0 0 0 0 0 0 0 0 0 0 0 0 0 0 0 0 0 0 0 0 0 0 0 0 0 0 0 0 0 0 0 0 0 0 0 0 0 0 0 0 0 0 0 0 0 0 0 0 0 0 0 0 0 0 0 0 0 0 0 0 0 0 0 0 0 0 0 0 0 0 0 0 0 0 0 0 0 0 0 0 0 0 0 0 0 0 0 0 0 0 0 0 0 0 0 0 0 0 0 0 0 0 0 0 0 0 0 0 0 0 0 0 0 0 0 0 0 0 0 0 0 0 0 0 0 0 0 0 0 0 0 0 0 0 0 0 0 0 0 0 0 0 0 0 0 0 0 0 0 0 0 0 0 0 0 0 0 0 0 0 0 0 0 0 0 0 0 0 0 0 0 0 0 0 0 0 0 0 0 0 0 0 0 0 0 0 0 0 0 0 0 0 0 0 0 0 0 0 0 0 0 0 0 0 0 0 0 0 0 0 0 0 0 0 0 0 0 0 0 0 0 0 0 0 0 0 0 0 0 0 0 0 0 0 0 0 0 0 0 0 0 0 0 0 0 0 0 0 0 0 0 0 0 0 0 0 0 0 0 0 0 0 0 0 0 0 0 0 0 0 0 0 0 0 0 0 0 0 0 0 0 0 0 0 0 0 0 0 0 0 0 0 0 0 0 0 0 0 0 0 0 0 0 0 0 0 0 0 0 0 0 0 0 0 0 0 0 0 0 0 0 0 0 0 0 0 0 0 0 0 0 0 0 0 0 0 0 0 0 0 0 0 0 0 0 0 0 0 0 0 0 0 0 0 0 0 0 0 0 0 0 0 0 0 0 0 0 0 0 0 0 0 0 0 0 0 0 0 0 0 0 0 0 0 0 0 0 0 0 0 0 0 0 0 0 0 0 0 0 0 0 0 0 0 0 0 0 0 0 0 0 0 0 0 0 0 0 0 0 0 0 0 0 0 0 0 0 0 0 0 0 0 0 0 0 0 0 0 0 0 0 0 0 0 0 0 0 0 0 0 0 0 0 0 0 0 0 0 0 0 0 0 0 0 0 0 0 0 0 0 0 0 0 0 0 0 0 0 0 0 0 0 0 0 0 0 0 0 0 0 0 0 0 0 0 0 0 0 0 0 0 0 0 0 0 0 0 0 0 0 0 0 0 0 0 0 0 0 0 0 0 0 0 0 0 0 0 0 0 0 0 0 0 0 0 0 0 0 0 0 0 0 0 0 0 0 0 0 0 0 0 0 0 0 0 0 0 0 0 0 0 0 0 0 0 0 0 0 0 0 0 0 0 0 0 0 0 0 0 0 0 0 0 0 0 0 0 0 0 0 0 0 0 0 0 0 0 0 0 0 0 0 0 0 0 0 0 0 0 0 0 0 0 0 0 0 0 0 0 0 0 0 0 0 0 0 0 0 0 0 0 0 0 0 0 0 0 0 0 0 0 0 0 0 0 0 0 0 0 0 0 0 0 0 0 0 0 0 0 0 0 0 0 0 0 0 0 0 0 0 0 0 0 0 0 0 0 0 0 0 0 0 0 0 0 0 0 0 0 0 0 0 0 0 0 0 0 0 0 0 0 0 0 0 0 0 0 0 0 0 0 0 0 0 0 0 0 0 0 0 0 0 0 0 0 0 0 0 0 0 0 0 0 0 0 0 0 0 0 0 0 0 0 0 0 0 0 0 0 0 0 0 0 0 0 0 0 0 0 0 0 0 0 0 0 0 0 0 0 0 0 0 0 0 0 0 0 0 0 0 0 0 0 0 0 0 0 0 0 0 0 0 0 0 0 0 0 0 0 0 0 0 0 0 0 0 0 0 0 0 0 0 0 0 0 0 0 0 0 0 0 0 0 0 0 0 0 0 0 0 0 0 0 0 0 0 0 0 0 0 0 0 0 0 0 0 0 0 0 0 0 0 0 0 0 0 0 0 0 0 0 0 0 0 0 0 0 0 0 0 0 0 0 0 0 0 0 0 0 0 0 0 0 0 0 0 0 0 0 0 0 0 0 0 0 0 0 0 0 0 0 0 0 0 0 0 0 0 0 0 0 0 0 0 0 0 0 0 0 0 0 0 0 0 0 0 0 0 0 0 0 0 0 0 0 0 0 0 0 0 0 0 0 0 0 0 0 0 0 0 0 0 0 0 0 0 0 0 0 0 0 0 0 0 0 0 0 0 0 0 0 0 0 0 0 0 0 0 0 0 0 0 0 0 0 0 0 0 0 0 0 0 0 0 0 0 0 0 0 0 0 0 0 0 0 0 0 0 0 0 0 0 0 0 0 0 0 0 0 0 0 0 0 0 0 0 0 0 0 0 0 0 0 0 0 0 0 0 0 0 0 0 0 0 0 0 0 0 0 0 0 0 0 0 0 0 0 0 0 0 0 0 0 0 0 0 0 0 0 0 0 0 0 0 0 0 0 0 0 0 0 0 0 0 0 0 0 0 0 0 0 0 0 0 0 0 0 0 0 0 0 0 0 0 0 0 0 0 0 0 0 0 0 0 0 0 0 0 0 0 0 0 0 0 0 0 0 0 0 0 0 0 0 0 0 0 0 0 0 0 0 0 0 0 0 0 0 0 0 0 0 0 0 0 0 0 0 0 0 0 0 0 0 0 0 0 0 0 0 0 0 0 0 0 0 0 0 0 0 0 0 0 0 0 0 0 0 0 0 0 0 0 0 0 0 0 0 0 0 0 0 0 0 0 0 0 0 0 0 0 0 0 0 0 0 0 0 0 0 0 0 0 0 0 0 0 0 0 0 0 0 0 0 0 0 0 0 0 0 0 0 0 0 0 0 0 0 0 0 0 0 0 0 0 0 0 0 0 0 0 0 0 0 0 0 0 0 0 0 0 0 0 0 0 0 0 0 0 0 0 0 0 0 0 0 0 0 0 0 0 0 0 0 0 0 0 0 0 0 0 0 0 0 0 0 0 0 0 0 0 0 0 0 0 0 0 0 0 0 0 0 0 0 0 0 0 0 0 0 0 0 0 0 0 0 0 0 0 0 0 0 0 0 0 0 0 0 0 0 0 0 0 0 0 0 0 0 0 0 0 0 0 0 0 0 0 0 0 0 0 0 0 0 0 0 0 0 0 0 0 0 0 0 0 0 0 0 0 0 0 0 0 0 0 0 0 0 0 0 0 0 0 0 0 0 0 0 0 0 0 0 0 0 0 0 0 0 0 0 0 0 0 0 0 0 0 0 0 0 0 0 0 0 0 0 0 0 0 0 0 0 0 0 0 0 0 0 0 0 0 0 0 0 0 0 0 0 0 0 0 0 0 0 0 0 0 0 0 0 0 0 0 0 0 0 0 0 0 0 0 0 0 0 0 0 0 0 0 0 0 0 0 0 0 0 0 0 0 0 0 0 0 0 0 0 0 0 0 0 0 0 0 0 0 0 0 0 0 0 0 0 0 0 0 0 0 0 0 0 0 0 0 0 0 0 0 0 0 0 0 0 0 0 0 0 0 0 0 0 0 0 0 0 0 0 0 0 0 0 0 0 0 0 0 0 0 0 0 0 0 0 0 0 0 0 0 0 0 0 0 0 0 0 0 0 0 0 0 0 0 0 0 0 0 0 0 0 0 0 0 0 0 0 0 0 0 0 0 0 0 0 0 0 0 0 0 0 0 0 0 0 0 0 0 0 0 0 0 0 0 0 0 0 0 0
ctxt 4446087
btime 1613123984
processes 100152
procs_running 1
procs_blocked 0
softirq 34068173 1 19869445 1295 800492 0 0 140 1093778 0 12303022
