cpu  2223157 5 9797 7268598 670 0 189 0 0 0
cpu0 17352 0 594 56127 0 0 85 0 0 0
cpu1 17449 0 128 56671 7 0 2 0 0 0
cpu2 17349 0 55 56867 0 0 0 0 0 0
cpu3 17365 0 56 56831 1 0 0 0 0 0
cpu4 17358 0 54 56846 0 0 0 0 0 0
cpu5 17430 0 117 56701 0 0 2 0 0 0
cpu6 17354 0 46 56861 0 0 0 0 0 0
cpu7 17336 0 68 56855 0 0 0 0 0 0
cpu8 17356 0 44 56860 0 0 0 0 0 0
cpu9 17558 0 173 56514 0 0 4 0 0 0
cpu10 17352 0 56 56853 0 0 0 0 0 0
cpu11 17328 0 66 56864 0 0 0 0 0 0
cpu12 17365 0 58 56826 0 0 0 0 0 0
cpu13 17489 0 196 56565 1 0 0 0 0 0
cpu14 17359 0 55 56834 0 0 1 0 0 0
cpu15 17344 0 70 56841 0 0 1 0 0 0
cpu16 17362 0 74 56819 0 0 0 0 0 0
cpu17 17425 1 153 56669 0 0 0 0 0 0
cpu18 17308 0 92 56852 0 0 4 0 0 0
cpu19 17232 0 101 56918 0 0 6 0 0 0
cpu20 17356 0 60 56837 0 0 0 0 0 0
cpu21 17391 0 82 56780 0 0 0 0 0 0
cpu22 17352 0 46 56859 0 0 0 0 0 0
cpu23 17217 0 98 56894 0 0 16 0 0 0
cpu24 17356 0 61 56838 0 0 0 0 0 0
cpu25 17379 0 61 56815 0 0 0 0 0 0
cpu26 17353 0 47 56860 0 0 0 0 0 0
cpu27 17335 0 67 56849 0 0 0 0 0 0
cpu28 17357 0 55 56842 0 0 0 0 0 0
cpu29 17374 0 77 56801 0 0 0 0 0 0
cpu30 17356 0 51 56847 0 0 0 0 0 0
cpu31 17343 0 62 56843 0 0 0 0 0 0
cpu32 17383 0 84 56810 0 0 0 0 0 0
cpu33 17360 0 64 56820 2 0 0 0 0 0
cpu34 17318 0 60 56873 0 0 1 0 0 0
cpu35 17350 0 48 56855 0 0 0 0 0 0
cpu36 17356 0 54 56840 0 0 0 0 0 0
cpu37 17886 0 212 56079 66 0 0 0 0 0
cpu38 17218 0 91 56923 0 0 3 0 0 0
cpu39 17336 0 67 56844 0 0 0 0 0 0
cpu40 17356 0 50 56845 0 0 0 0 0 0
cpu41 17371 0 69 56774 30 0 0 0 0 0
cpu42 17354 0 46 56849 0 0 0 0 0 0
cpu43 17335 0 68 56840 0 0 0 0 0 0
cpu44 17355 0 47 56846 1 0 0 0 0 0
cpu45 17561 0 100 56468 112 0 0 0 0 0
cpu46 17354 0 45 56850 0 0 0 0 0 0
cpu47 17316 0 58 56871 0 0 0 0 0 0
cpu48 17356 0 56 56832 0 0 0 0 0 0
cpu49 17354 0 63 56833 0 0 0 0 0 0
cpu50 17188 0 81 56959 0 0 4 0 0 0
cpu51 17346 0 51 56847 0 0 1 0 0 0
cpu52 17353 0 48 56842 0 0 0 0 0 0
cpu53 17452 0 90 56601 91 0 0 0 0 0
cpu54 17355 0 49 56840 0 0 0 0 0 0
cpu55 17350 0 51 56844 1 0 0 0 0 0
cpu56 17356 0 50 56833 0 0 0 0 0 0
cpu57 17504 0 72 56666 1 0 0 0 0 0
cpu58 17342 0 72 56831 0 0 1 0 0 0
cpu59 17355 0 52 56833 0 0 0 0 0 0
cpu60 17354 0 50 56834 0 0 0 0 0 0
cpu61 17481 0 78 56671 5 0 0 0 0 0
cpu62 17354 0 49 56834 0 0 0 0 0 0
cpu63 17226 0 161 56833 0 0 21 0 0 0
cpu64 17354 0 60 56620 185 0 0 0 0 0
cpu65 17415 0 94 56710 1 0 0 0 0 0
cpu66 17349 0 51 56834 1 0 0 0 0 0
cpu67 17350 0 49 56838 0 0 0 0 0 0
cpu68 17353 0 58 56825 0 0 0 0 0 0
cpu69 17522 0 130 56541 32 0 0 0 0 0
cpu70 17350 0 50 56834 0 0 0 0 0 0
cpu71 17346 0 55 56829 0 0 0 0 0 0
cpu72 17362 0 69 56795 1 0 0 0 0 0
cpu73 17513 0 157 56552 3 0 0 0 0 0
cpu74 17350 0 48 56840 1 0 0 0 0 0
cpu75 17344 0 64 56803 0 0 0 0 0 0
cpu76 17354 0 50 56833 1 0 0 0 0 0
cpu77 17492 0 220 56505 14 0 0 0 0 0
cpu78 17352 0 53 56830 0 0 0 0 0 0
cpu79 17348 0 64 56807 0 0 0 0 0 0
cpu80 17355 0 51 56824 0 0 0 0 0 0
cpu81 17439 0 155 56610 28 0 0 0 0 0
cpu82 17261 0 96 56866 0 0 5 0 0 0
cpu83 17275 0 146 56806 1 0 7 0 0 0
cpu84 17354 0 68 56809 0 0 0 0 0 0
cpu85 17390 0 74 56768 1 0 0 0 0 0
cpu86 17356 0 51 56826 0 0 0 0 0 0
cpu87 17199 0 131 56882 1 0 6 0 0 0
cpu88 17353 0 50 56827 0 0 0 0 0 0
cpu89 17390 2 72 56754 6 0 0 0 0 0
cpu90 17354 0 52 56823 0 0 0 0 0 0
cpu91 17350 0 59 56820 0 0 0 0 0 0
cpu92 17355 0 56 56813 0 0 0 0 0 0
cpu93 17402 0 68 56757 1 0 0 0 0 0
cpu94 17355 0 51 56824 0 0 0 0 0 0
cpu95 17351 0 62 56815 0 0 0 0 0 0
cpu96 17354 0 67 56793 6 0 0 0 0 0
cpu97 17354 0 61 56810 1 0 0 0 0 0
cpu98 17356 0 47 56823 0 0 0 0 0 0
cpu99 17355 0 54 56816 0 0 0 0 0 0
cpu100 17358 0 65 56787 12 0 0 0 0 0
cpu101 17357 0 64 56797 1 0 0 0 0 0
cpu102 17350 0 58 56819 1 0 0 0 0 0
cpu103 17328 0 78 56820 0 0 0 0 0 0
cpu104 17356 0 54 56811 0 0 0 0 0 0
cpu105 17366 0 101 56752 0 0 0 0 0 0
cpu106 17353 0 50 56819 0 0 0 0 0 0
cpu107 17345 0 60 56820 0 0 0 0 0 0
cpu108 17361 0 63 56793 1 0 1 0 0 0
cpu109 17674 0 87 56459 0 0 0 0 0 0
cpu110 17354 0 52 56818 0 0 0 0 0 0
cpu111 17372 0 67 56781 0 0 0 0 0 0
cpu112 17355 0 48 56813 0 0 0 0 0 0
cpu113 17430 0 81 56697 3 0 0 0 0 0
cpu114 17351 0 50 56821 0 0 0 0 0 0
cpu115 17353 0 46 56822 0 0 0 0 0 0
cpu116 17355 0 55 56809 0 0 0 0 0 0
cpu117 17356 0 54 56799 4 0 0 0 0 0
cpu118 17353 0 50 56813 0 0 0 0 0 0
cpu119 17350 0 52 56816 0 0 0 0 0 0
cpu120 17354 0 63 56794 0 0 0 0 0 0
cpu121 17390 0 64 56759 4 0 0 0 0 0
cpu122 17322 0 79 56816 0 0 0 0 0 0
cpu123 17350 0 52 56812 0 0 0 0 0 0
cpu124 17355 0 53 56808 0 0 0 0 0 0
cpu125 17465 0 94 56652 0 0 0 0 0 0
cpu126 17354 0 48 56810 0 0 0 0 0 0
cpu127 17354 0 57 56800 0 0 0 0 0 0
intr 7446480 129 0 0 0 680 0 0 0 1 0 285 0 0 0 0 0 0 0 0 0 0 0 0 0 0 0 0 0 0 0 0 0 0 0 0 260 0 5 199 654 54 4 1808 0 2 0 5046 400 27 0 3 4822 7 0 0 1511 1466 14 3 3 27889 0 0 328 0 30 0 0 42 2 1 13 2 7 3 1549 1 2 284 0 0 0 5 0 2 0 438 83 327 0 234 0 0 3 0 1036 0 0 46 2 0 0 0 0 0 0 6 0 0 0 0 0 1 0 0 0 1 0 0 2723 3292 0 2 0 550 0 0 0 0 1815 1 0 0 0 0 0 0 0 0 0 0 0 24 0 8 0 11 0 0 2 2 0 0 0 72 0 0 0 0 0 0 0 0 0 0 0 161 3603 3 385 63 107 26 15 104 13 0 236 26 9 1 4 7 318 338 5 146 3 1 7 79 273 3410 189 633 663 48 1112 73 78 0 0 0 0 0 0 0 0 0 0 0 0 0 0 0 0 10001 2158 4771 17 3297 156 141 124 145 31 51 246 127 141 73 29 1 32 11 0 1 0 0 0 0 5 2 60 3 2 3 0 10 4 1 0 2 0 0 269 0 74 23 78 76 13 3 0 0 0 1 0 28 2 3 0 5 3 9 0 2 0 2 0 0 0 0 0 0 0 0 0 0 0 0 0 0 0 0 0 0 0 0 0 0 0 0 0 0 0 0 0 0 0 0 0 0 0 0 0 0 0 0 0 0 0 0 0 0 0 0 0 0 0 0 0 0 0 0 0 0 0 0 0 0 0 0 0 0 0 0 0 0 0 0 0 0 0 0 0 0 0 0 0 0 0 0 0 0 0 0 0 0 0 0 0 0 0 0 0 0 0 0 0 0 0 0 0 0 0 0 0 0 0 0 0 0 0 0 0 0 0 0 0 0 0 0 0 0 0 0 0 0 0 0 0 0 0 0 0 0 0 0 0 0 0 0 0 0 0 0 0 0 0 0 0 0 0 0 0 0 0 0 0 0 0 0 0 0 0 0 0 0 0 0 0 0 0 0 0 0 0 0 0 0 0 0 0 0 0 0 0 0 0 0 0 0 0 0 0 0 0 0 0 0 0 0 0 0 0 0 0 0 0 0 0 0 0 0 0 0 0 0 0 0 0 0 0 0 0 0 0 0 0 0 0 0 0 0 0 0 0 0 0 0 0 0 0 0 0 0 0 0 0 0 0 0 0 0 0 0 0 0 0 0 0 0 0 0 0 0 0 0 0 0 0 0 0 0 0 0 0 0 0 0 0 0 0 0 0 0 0 0 0 0 0 0 0 0 0 0 0 0 0 0 0 0 0 0 0 0 0 0 0 0 0 0 0 0 0 0 0 0 0 0 0 0 0 0 0 0 0 0 0 0 0 0 0 0 0 0 0 0 0 0 0 0 0 0 0 0 0 0 0 0 0 0 0 0 0 0 0 0 0 0 0 0 0 0 0 0 0 0 0 0 0 0 0 0 0 0 0 0 0 0 0 0 0 0 0 0 0 0 0 0 0 0 0 0 0 0 0 0 0 0 0 0 0 0 0 0 0 0 0 0 0 0 0 0 0 0 0 0 0 0 0 0 0 49 0 0 0 3 0 0 0 0 0 0 0 0 0 0 0 0 0 0 0 0 0 0 0 0 0 49 0 0 0 0 0 0 0 0 0 0 0 0 0 0 0 0 0 0 0 0 0 0 0 0 0 0 0 0 0 0 0 0 0 0 0 0 0 0 0 0 0 0 0 0 0 0 0 0 0 0 0 0 0 0 0 0 0 0 0 0 0 0 0 0 0 22 0 0 0 0 0 0 0 0 0 0 0 0 0 0 0 0 0 0 0 0 0 0 0 0 0 0 0 0 0 0 0 0 0 0 0 0 0 0 0 0 0 0 0 0 0 0 0 0 0 0 0 0 0 0 0 0 0 0 0 0 0 0 0 0 0 0 0 0 0 0 0 0 0 0 0 0 0 0 0 0 0 0 0 0 0 0 0 0 0 0 0 0 0 0 0 0 0 0 0 0 0 0 0 0 0 0 0 0 0 0 0 0 0 0 0 0 0 0 0 0 0 0 0 0 0 0 0 0 0 0 0 0 0 0 0 0 0 0 0 0 0 0 0 0 0 0 0 0 0 0 0 0 0 0 0 0 0 0 0 0 0 0 0 0 0 0 0 0 0 0 0 0 0 0 0 0 0 0 0 0 0 0 0 0 0 0 0 0 0 0 0 0 0 0 0 0 0 0 0 0 0 0 0 0 0 0 0 0 0 0 0 0 0 0 0 0 0 0 0 0 0 0 0 0 0 0 0 0 0 0 0 0 0 0 0 0 0 0 0 0 0 0 0 0 0 0 0 0 0 0 0 0 0 0 0 0 0 0 0 0 0 0 0 0 0 0 0 0 0 0 0 0 0 0 0 0 0 0 0 0 0 0 0 0 0 0 0 0 0 0 0 0 0 0 0 0 0 0 0 0 0 0 0 0 0 0 0 0 0 0 0 0 0 0 0 0 0 0 0 0 0 0 0 0 0 0 0 0 0 0 0 0 0 0 0 0 0 0 0 0 0 0 0 0 0 0 0 0 0 0 0 0 0 0 0 0 0 0 0 0 0 0 0 0 0 0 0 0 0 0 0 0 0 0 0 0 0 0 0 0 0 0 0 0 0 0 0 0 0 0 0 0 0 0 0 0 0 0 0 0 0 0 0 0 0 0 0 0 0 0 0 0 0 0 0 0 0 0 0 0 0 0 0 0 0 0 0 0 0 0 0 0 0 0 0 0 0 0 0 0 0 0 0 0 0 0 0 0 0 0 0 0 0 0 0 0 0 0 0 0 0 0 0 0 0 0 0 0 0 0 0 0 0 0 0 0 0 0 0 0 0 0 0 0 0 0 0 0 0 0 0 0 0 0 0 0 0 0 0 0 0 0 0 0 0 0 0 0 0 0 0 0 0 0 0 0 0 0 0 0 0 0 0 0 0 0 0 0 0 0 0 0 0 0 0 0 0 0 0 0 0 0 0 0 0 0 0 0 0 0 0 0 0 0 0 0 0 0 0 0 0 0 0 0 0 0 0 0 0 0 0 0 0 0 0 0 0 0 0 0 0 0 0 0 0 0 0 0 0 0 0 0 0 0 0 0 0 0 0 0 0 0 0 0 0 0 0 0 0 0 0 0 0 0 0 0 0 0 0 0 0 0 0 0 0 0 0 0 0 0 0 0 0 0 0 0 0 0 0 0 0 0 0 0 0 0 0 0 0 0 0 0 0 0 0 0 0 0 0 0 0 0 0 0 0 0 0 0 0 0 0 0 0 0 0 0 0 0 0 0 0 0 0 0 0 0 0 0 0 0 0 0 0 0 0 0 0 0 0 0 0 0 0 0 0 0 0 0 0 0 0 0 0 0 0 0 0 0 0 0 0 0 0 0 0 0 0 0 0 0 0 0 0 0 0 0 0 0 0 0 0 0 0 0 0 0 0 0 0 0 0 0 0 0 0 0 0 0 0 0 0 0 0 0 0 0 0 0 0 0 0 0 0 0 0 0 0 0 0 0 0 0 0 0 0 0 0 0 0 0 0 0 0 0 0 0 0 0 0 0 0 0 0 0 0 0 0 0 0 0 0 0 0 0 0 0 0 0 0 0 0 0 0 0 0 0 0 0 0 0 0 0 0 0 0 0 0 0 0 0 0 0 0 0 0 0 0 0 0 0 0 0 0 0 0 0 0 0 0 0 0 0 0 0 0 0 0 0 0 0 0 0 0 0 0 0 0 0 0 0 0 0 0 0 0 0 0 0 0 0 0 0 0 0 0 0 0 0 0 0 0 0 0 0 0 0 0 0 0 0 0 0 0 0 0 0 0 0 0 0 0 0 0 0 0 0 0 0 0 0 0 0 0 0 0 0 0 0 0 0 0 0 0 0 0 0 0 0 0 0 0 0 0 0 0 0 0 0 0 0 0 0 0 0 0 0 0 0 0 0 0 0 0 0 0 0 0 0 0 0 0 0 0 0 0 0 0 0 0 0 0 0 0 0 0 0 0 0 0 0 0 0 0 0 0 0 0 0 0 0 0 0 0 0 0 0 0 0 0 0 0 0 0 0 0 0 0 0 0 0 0 0 0 0 0 0 0 0 0 0 0 0 0 0 0 0 0 0 0 0 0 0 0 0 0 0 0 0 0 0 0 0 0 0 0 0 0 0 0 0 0 0 0 0 0 0 0 0 0 0 0 0 0 0 0 0 0 0 0 0 0 0 0 0 0 0 0 0 0 0 0 0 0 0 0 0 0 0 0 0 0 0 0 0 0 0 0 0 0 0 0 0 0 0 0 0 0 0 0 0 0 0 0 0 0 0 0 0 0 0 0 0 0 0 0 0 0 0 0 0 0 0 0 0 0 0 0 0 0 0 0 0 0 0 0 0 0 0 0 0 0 0 0 0 0 0 0 0 0 0 0 0 0 0 0 0 0 0 0 0 0 0 0 0 0 0 0 0 0 0 0 0 0 0 0 0 0 0 0 0 0 0 0 0 0 0 0 0 0 0 0 0 0 0 0 0 0 0 0 0 0 0 0 0 0 0 0 0 0 0 0 0 0 0 0 0 0 0 0 0 0 0 0 0 0 0 0 0 0 0 0 0 0 0 0 0 0 0 0 0 0 0 0 0 0 0 0 0 0 0 0 0 0 0 0 0 0 0 0 0 0 0 0 0 0 0 0 0 0 0 0 0 0 0 0 0 0 0 0 0 0 0 0 0 0 0 0 0 0 0 0 0 0 0 0 0 0 0 0 0 0 0 0 0 0 0 0 0 0 0 0 0 0 0 0 0 0 0 0 0 0 0 0 0 0 0 0 0 0 0 0 0 0 0 0 0 0 0 0 0 0 0 0 0 0 0 0 0 0 0 0 0 0 0 0 0 0 0 0 0 0 0 0 0 0 0 0 0 0 0 0 0 0 0 0 0 0 0 0 0 0 0 0 0 0 0 0 0 0 0 0 0 0 0 0 0 0 0 0 0 0 0 0 0 0 0 0 0 0 0 0 0 0 0 0 0 0 0 0 0 0 0 0 0 0 0 0 0 0 0 0 0 0 0 0 0 0 0 0 0 0 0 0 0 0 0 0 0 0 0 0 0 0 0 0 0 0 0 0 0 0 0 0 0 0 0 0 0 0 0 0 0 0 0 0 0 0 0 0 0 0 0 0 0 0 0 0 0 0 0 0 0 0 0 0 0 0 0 0 0 0 0 0 0 0 0 0 0 0 0 0 0 0 0 0 0 0 0 0 0 0 0 0 0 0 0 0 0 0 0 0 0 0 0 0 0 0 0 0 0 0 0 0 0 0 0 0 0 0 0 0 0 0 0 0 0 0 0 0 0 0 0 0 0 0 0 0 0 0 0 0 0 0 0 0 0 0 0 0 0 0 0 0 0 0 0 0 0 0 0 0 0 0 0 0 0 0 0 0 0 0 0 0 0 0 0 0 0 0 0 0 0 0 0 0 0 0 0 0 0 0 0 0 0 0 0 0 0 0 0 0 0 0 0 0 0 0 0 0 0 0 0 0 0 0 0 0 0 0 0 0 0 0 0 0 0 0 0 0 0 0 0 0 0 0 0 0 0 0 0 0 0 0 0 0 0 0 0 0 0 0 0 0 0 0 0 0 0 0 0 0 0 0 0 0 0 0 0 0 0 0 0 0 0 0 0 0 0 0 0 0 0 0 0 0 0 0 0 0 0 0 0 0 0 0 0 0 0 0 0 0 0 0 0 0 0 0 0 0 0 0 0 0 0 0 0 0 0 0 0 0 0 0 0 0 0 0 0 0 0 0 0 0 0 0 0 0 0 0 0 0 0 0 0 0 0 0 0 0 0 0 0 0 0 0 0 0 0 0 0 0 0 0 0 0 0 0 0 0 0 0 0 0 0 0 0 0 0 0 0 0 0 0 0 0 0 0 0 0 0 0 0 0 0 0 0 0 0 0 0 0 0 0 0 0 0 0 0 0 0 0 0 0 0 0 0 0 0 0 0 0 0 0 0 0 0 0 0 0 0 0 0 0 0 0 0 0 0 0 0 0 0 0 0 0 0 0 0 0 0 0 0 0 0 0 0 0 0 0 0 0 0 0 0 0 0 0 0 0 0 0 0 0 0 0 0 0 0 0 0 0 0 0 0 0 0 0 0 0 0 0 0 0 0 0 0 0 0 0 0 0 0 0 0 0 0 0 0 0 0 0 0 0 0 0 0 0 0 0 0 0 0 0 0 0 0 0 0 0 0 0 0 0 0 0 0 0 0 0 0 0 0 0 0 0 0 0 0 0 0 0 0 0 0 0 0 0 0 0 0 0 0 0 0 0 0 0 0 0 0 0 0 0 0 0 0 0 0 0 0 0 0 0 0 0 0 0 0 0 0 0 0 0 0 0 0 0 0 0 0 0 0 0 0 0 0 0 0 0 0 0 0 0 0 0 0 0 0 0 0 0 0 0 0 0 0 0 0 0 0 0 0 0 0 0 0 0 0 0 0 0 0 0 0 0 0 0 0 0 0 0 0 0 0 0 0 0 0 0 0 0 0 0 0 0 0 0 0 0 0 0 0 0 0 0 0 0 0 0 0 0 0 0 0 0 0 0 0 0 0 0 0 0 0 0 0 0 0 0 0 0 0 0 0 0 0 0 0 0 0 0 0 0 0 0 0 0 0 0 0 0 0 0 0 0 0 0 0 0 0 0 0 0 0 0 0 0 0 0 0 0 0 0 0 0 0 0 0 0 0 0 0 0 0 0 0 0 0 0 0 0 0 0 0 0 0 0 0 0 0 0 0 0 0 0 0 0 0 0 0 0 0 0 0 0 0 0 0 0 0 0 0 0 0 0 0 0 0 0 0 0 0 0 0 0 0 0 0 0 0 0 0 0 0 0 0 0 0 0 0 0 0 0 0 0 0 0 0 0 0 0 0 0 0 0 0 0 0 0 0 0 0 0 0 0 0 0 0 0 0 0 0 0 0 0 0 0 0 0 0 0 0 0 0 0 0 0 0 0 0 0 0 0 0 0 0 0 0 0 0 0 0 0 0 0 0 0 0 0 0 0 0 0 0 0 0 0 0 0 0 0 0 0 0 0 0 0 0 0 0 0 0 0 0 0 0 0 0 0 0 0 0 0 0 0 0 0 0 0 0 0 0 0 0 0 0 0 0 0 0 0 0 0 0 0 0 0 0 0 0 0 0 0 0 0 0 0 0 0 0 0 0 0 0 0 0 0 0 0 0 0 0 0 0 0 0 0 0 0 0 0 0 0 0 0 0 0 0 0 0 0 0 0 0 0 0 0 0 0 0 0 0 0 0 0 0 0 0 0 0 0 0 0 0 0 0 0 0 0 0 0 0 0 0 0 0 0 0 0 0 0 0 0 0 0 0 0 0 0 0 0 0 0 0 0 0 0 0 0 0 0 0 0 0 0 0 0 0 0 0 0 0 0 0 0 0 0 0 0 0 0 0 0 0 0 0 0 0 0 0 0 0 0 0 0 0 0 0 0 0 0 0 0 0 0 0 0 0 0 0 0 0 0 0 0 0 0 0 0 0 0 0 0 0 0 0 0 0 0 0 0 0 0 0 0 0 0 0 0 0 0 0 0 0 0 0 0 0 0 0 0 0 0 0 0 0 0 0 0 0 0 0 0 0 0 0 0 0 0 0 0 0 0 0 0 0 0 0 0 0 0 0 0 0 0 0 0 0 0 0 0 0 0 0 0 0 0 0 0 0 0 0 0 0 0 0 0 0 0 0 0 0 0 0 0 0 0 0 0 0 0 0 0 0 0 0 0 0 0 0 0 0 0 0 0 0 0 0 0 0 0 0 0 0 0 0 0 0 0 0 0 0 0 0 0 0 0 0 0 0 0 0 0 0 0 0 0 0 0 0 0 0 0 0 0 0 0 0 0 0 0 0 0 0 0 0 0 0 0 0 0 0 0 0 0 0 0 0 0 0 0 0 0 0 0 0 0 0 0 0 0 0 0 0 0 0 0 0 0 0 0 0 0 0 0 0 0 0 0 0 0 0 0 0 0 0 0 0 0 0 0 0 0 0 0 0 0 0 0 0 0 0 0 0 0 0 0 0 0 0 0 0 0 0 0 0 0 0 0 0 0 0 0 0 0 0 0 0 0 0 0 0 0 0 0 0 0 0 0 0 0 0 0 0 0 0 0 0 0 0 0 0 0 0 0 0 0 0 0 0 0 0 0 0 0 0 0 0 0 0 0 0 0 0 0 0 0 0 0 0 0 0 0 0 0 0 0 0 0 0 0 0 0 0 0 0 0 0 0 0 0 0 0 0 0 0 0 0 0 0 0 0 0 0 0 0 0 0 0 0 0 0 0 0 0 0 0 0 0 0 0 0 0 0 0 0 0 0 0 0 0 0 0 0 0 0 0 0 0 0 0 0 0 0 0 0 0 0 0 0 0 0 0 0 0 0 0 0 0 0 0 0 0 0 0 0 0 0 0 0 0 0 0 0 0 0 0 0 0 0 0 0 0 0 0 0 0 0 0 0 0 0 0 0 0 0 0 0 0 0 0 0 0 0 0 0 0 0 0 0 0 0 0 0 0 0 0 0 0 0 0 0 0 0 0 0 0 0 0 0 0 0 0 0 0 0 0 0 0 0 0 0 0 0 0 0 0 0 0 0 0 0 0 0 0 0 0 0 0 0 0 0 0 0 0 0 0 0 0 0 0 0 0 0 0 0 0 0 0 0 0 0 0 0 0 0 0 0 0 0 0 0 0 0 0 0 0 0 0 0 0 0 0 0 0 0 0 0 0 0 0 0 0 0 0 0 0 0 0 0 0 0 0 0 0 0 0 0 0 0 0 0 0 0 0 0 0 0 0 0 0 0 0 0 0 0 0 0 0 0 0 0 0 0 0 0 0 0 0 0 0 0 0 0 0 0 0 0 0 0 0 0 0 0 0 0 0 0 0 0 0 0 0 0 0 0 0 0 0 0 0 0 0 0 0 0 0 0 0 0 0 0 0 0 0 0 0 0 0 0 0 0 0 0 0 0 0 0 0 0 0 0 0 0 0 0 0 0 0 0 0 0 0 0 0 0 0 0 0 0 0 0 0 0 0 0 0 0 0 0 0 0 0 0 0 0 0 0 0 0 0 0 0 0 0 0 0 0 0 0 0 0 0 0 0 0 0 0 0 0 0 0 0 0 0 0 0 0 0 0 0 0 0 0 0 0 0 0 0 0 0 0 0 0 0 0 0 0 0 0 0 0 0 0 0 0 0 0 0 0 0 0 0 0 0 0 0 0 0 0 0 0 0 0 0 0 0 0 0 0 0 0 0 0 0 0 0 0 0 0 0 0 0 0 0 0 0 0 0 0 0 0 0 0 0 0 0 0 0 0 0 0 0 0 0 0 0 0 0 0 0 0 0 0 0 0 0 0 0 0 0 0 0 0 0 0 0 0 0 0 0 0 0 0 0 0 0 0 0 0 0 0 0 0 0 0 0 0 0 0 0 0 0 0 0 0 0 0 0 0 0 0 0 0 0 0 0 0 0 0 0 0 0 0 0 0 0 0 0 0 0 0 0 0 0 0 0 0 0 0 0 0 0 0 0 0 0 0 0 0 0 0 0 0 0 0 0 0 0 0 0 0 0 0 0 0 0 0 0 0 0 0 0 0 0 0 0 0 0 0 0 0 0 0 0 0 0 0 0 0 0 0 0 0 0 0 0 0 0 0 0 0 0 0 0 0 0 0 0 0 0 0 0 0 0 0 0 0 0 0 0 0 0 0 0 0 0 0 0 0 0 0 0 0 0 0 0 0 0 0 0 0 0 0 0 0 0 0 0 0 0 0 0 0 0 0 0 0 0 0 0 0 0 0 0 0 0 0 0 0 0 0 0 0 0 0 0 0 0 0 0 0 0 0 0 0 0 0 0 0 0 0 0 0 0 0 0 0 0 0 0 0 0 0 0 0 0 0 0 0 0 0 0
ctxt 1163641
btime 1613122782
processes 27040
procs_running 1
procs_blocked 0
softirq 7546326 1 4303238 607 206641 0 0 173 424618 0 2611048
