cpu  307 4 1755 5754070 85 0 20 0 0 0
cpu0 3 1 138 159566 0 0 10 0 0 0
cpu1 2 0 149 159718 1 0 2 0 0 0
cpu2 17 0 114 159756 0 0 2 0 0 0
cpu3 6 0 76 159816 1 0 2 0 0 0
cpu4 9 0 45 159851 0 0 0 0 0 0
cpu5 4 0 32 159872 0 0 0 0 0 0
cpu6 2 0 32 159871 0 0 0 0 0 0
cpu7 7 0 48 159831 2 0 0 0 0 0
cpu8 16 0 37 159847 3 0 0 0 0 0
cpu9 10 0 46 159851 1 0 0 0 0 0
cpu10 6 0 43 159855 2 0 0 0 0 0
cpu11 6 0 44 159855 0 0 0 0 0 0
cpu12 26 0 37 159834 0 0 0 0 0 0
cpu13 10 0 34 159856 1 0 0 0 0 0
cpu14 9 0 53 159843 0 0 0 0 0 0
cpu15 9 0 40 159850 0 0 0 0 0 0
cpu16 3 0 41 159851 0 0 0 0 0 0
cpu17 4 0 32 159853 12 0 0 0 0 0
cpu18 5 0 38 159852 0 0 0 0 0 0
cpu19 18 0 35 159845 5 0 0 0 0 0
cpu20 6 0 42 159850 4 0 0 0 0 0
cpu21 6 0 51 159826 10 0 0 0 0 0
cpu22 4 0 41 159855 2 0 0 0 0 0
cpu23 10 0 42 159845 0 0 0 0 0 0
cpu24 8 0 33 159859 0 0 0 0 0 0
cpu25 7 0 30 159863 0 0 0 0 0 0
cpu26 2 0 36 159860 1 0 0 0 0 0
cpu27 5 0 41 159850 4 0 0 0 0 0
cpu28 8 0 39 159849 4 0 0 0 0 0
cpu29 4 0 41 159853 1 0 0 0 0 0
cpu30 6 0 37 159854 1 0 0 0 0 0
cpu31 26 0 36 159833 1 0 0 0 0 0
cpu32 12 0 37 159849 1 0 0 0 0 0
cpu33 8 0 45 159838 2 0 0 0 0 0
cpu34 7 0 40 159850 1 0 0 0 0 0
cpu35 5 0 38 159846 6 0 0 0 0 0
intr 228283 56 0 0 0 611 0 0 0 1 0 250 0 0 0 0 0 0 0 0 0 0 0 0 0 0 0 0 0 0 0 0 93 156 55 74 58 45 10 17 106 136 104 141 30 58 115 51 241 19 128 54 323 153 849 83 28 0 0 0 0 20 26 38 165 302 121 84 69 60 95 28 589 0 0 16 8947 628 0 2826 1 3 12 4 1 1 102 22 9 1 2 5 3 7 1 7 1 8 4 2 7 1 1 28 1 1 78 1 56 3 46 1 1 3 1 0 16 7495 1 0 0 0 0 0 0 0 0 0 0 0 0 0 0 0 0 0 0 0 0 0 0 0 0 0 0 0 0 0 0 0 0 0 0 0 0 0 25 0 0 0 0 0 0 0 0 0 0 0 0 0 0 0 0 0 0 0 0 0 0 0 0 0 0 0 0 0 0 0 0 0 0 0 0 0 0 0 0 0 0 0 0 0 0 0 0 0 0 0 0 0 0 0 0 0 0 0 0 0 0 0 0 0 0 0 0 0 0 0 0 0 0 0 0 0 0 0 0 0 0 0 0 0 0 0 0 0 0 0 0 0 0 0 0 0 0 0 0 0 0 0 0 0 0 0 0 0 0 0 0 0 0 0 0 0 0 0 0 0 0 0 0 0 0 0 0 0 0 0 0 0 0 0 0 0 0 0 0 0 0 0 0 0 0 0 0 0 0 0 0 0 0 0 0 0 0 0 0 0 0 0 0 0 0 0 0 0 0 0 0 0 0 0 0 0 0 0 0 0 0 0 0 0 0 0 0 0 0 0 0 0 0 0 0 0 0 0 0 0 0 0 0 0 0 0 0 0 0 0 0 0 0 0 0 0 0 0 0 0 0 0 0 0 0 0 0 0 0 0 0 0 0 0 0 0 0 0 0 0 0 0 0 0 0 0 0 0 0 0 0 0 0 0 0 0 0 0 0 0 0 0 0 0 0 0 0 0 0 0 0 0 0 0 0 0 0 0 0 0 0 0 0 0 0 0 0 0 0 0 0 0 0 0 0 0 0 0 0 0 0 0 0 0 0 0 0 0 0 0 0 0 0 0 0 0 0 0 0 0 0 0 0 0 0 0 0 0 0 0 0 0 0 0 0 0 0 0 0 0 0 0 0 0 0 0 0 0 0 0 0 0 0 0 0 0 0 0 0 0 0 0 0 0 0 0 0 0 0 0 0 0 0 0 0 0 0 0 0 0 0 0 0 0 0 0 0 0 0 0 0 0 0 0 0 0 0 0 0 0 0 0 0 0 0 0 0 0 0 0 0 0 0 0 0 0 0 0 0 0 0 0 0 0 0 0 0 0 0 0 0 0 0 0 0 0 0 0 0 0 0 0 0 0 0 0 0 0 0 0 0 0 0 0 0 0 0 0 0 0 0 0 0 0 0 0 0 0 0 0 0 0 0 0 0 0 0 0 0 0 0 0 0 0 0 0 0 0 0 0 0 0 0 0 0 0 0 0 0 0 0 0 0 0 0 0 0 0 0 0 0 0 0 0 0 0 0 0 0 0 0 0 0 0 0 0 0 0 0 0 0 0 0 0 0 0 0 0 0 0 0 0 0 0 0 0 0 0 0 0 0 0 0 0 0 0 0 0 0 0 0 0 0 0 0 0 0 0 0 0 0 0 0 0 0 0 0 0 0 0 0 0 0 0 0 0 0 0 0 0 0 0 0 0 0 0 0 0 0 0 0 0 0 0 0 0 0 0 0 0 0 0 0 0 0 0 0 0 0 0 0 0 0 0 0 0 0 0 0 0 0 0 0 0 0 0 0 0 0 0 0 0 0 0 0 0 0 0 0 0 0 0 0 0 0 0 0 0 0 0 0 0 0 0 0 0 0 0 0 0 0 0 0 0 0 0 0 0 0 0 0 0 0 0 0 0 0 0 0 0 0 0 0 0 0 0 0 0 0 0 0 0 0 0 0 0 0 0 0 0 0 0 0 0 0 0 0 0 0 0 0 0 0 0 0 0 0 0 0 0 0 0 0 0 0 0 0 0 0 0 0 0 0 0 0 0 0 0 0 0 0 0 0 0 0 0 0 0 0 0 0 0 0 0 0 0 0 0 0 0 0 0 0 0 0 0 0 0 0 0 0 0 0 0 0 0 0 0 0 0 0 0 0 0 0 0 0 0 0 0 0 0 0 0 0 0 0 0 0 0 0 0 0 0 0 0 0 0 0 0 0 0 0 0 0 0 0 0 0 0 0 0 0 0 0 0 0 0 0 0 0 0 0 0 0 0 0 0 0 0 0 0 0 0 0 0 0 0 0 0 0 0 0 0 0 0 0 0 0 0 0 0 0 0 0 0 0 0 0 0 0 0 0 0 0 0 0 0 0 0 0 0 0 0 0 0 0 0 0 0 0 0 0 0 0 0 0 0 0 0 0 0 0 0 0 0 0 0 0 0 0 0 0 0 0 0 0 0 0 0 0 0 0 0 0 0 0 0 0 0 0 0 0 0 0 0 0 0 0 0 0 0 0 0 0 0 0 0 0 0 0 0 0 0 0 0 0 0 0 0 0 0 0 0 0 0 0 0 0 0 0 0 0 0 0 0 0 0 0 0 0 0 0 0 0 0 0 0 0 0 0 0 0 0 0 0 0 0 0 0 0 0 0 0 0 0 0 0 0 0 0 0 0 0 0 0 0 0 0 0 0 0 0 0 0 0 0 0 0 0 0 0 0 0 0 0 0 0 0 0 0 0 0 0 0 0 0 0 0 0 0 0 0 0 0 0 0 0 0 0 0 0 0 0 0 0 0 0 0 0 0 0 0 0 0 0 0 0 0 0 0 0 0 0 0 0 0 0 0
ctxt 204960
btime 1613124388
processes 1362
procs_running 1
procs_blocked 0
softirq 198748 1 67375 133 3251 0 0 3347 70369 0 54272
