cpu  3653012 8 6947 3805052 177 0 390 0 0 0
cpu0 57067 0 283 59075 0 0 102 0 0 0
cpu1 56957 0 163 59503 9 0 48 0 0 0
cpu2 57054 0 104 59504 1 0 5 0 0 0
cpu3 56803 0 276 59548 4 0 32 0 0 0
cpu4 57535 0 364 58683 8 0 0 0 0 0
cpu5 57002 0 112 59542 4 0 4 0 0 0
cpu6 57072 0 85 59494 1 0 3 0 0 0
cpu7 56929 0 252 59437 2 0 42 0 0 0
cpu8 57053 0 125 59476 0 0 2 0 0 0
cpu9 57069 0 94 59488 3 0 10 0 0 0
cpu10 57065 0 154 59427 3 0 0 0 0 0
cpu11 57078 0 60 59520 2 0 0 0 0 0
cpu12 57083 0 109 59466 1 0 2 0 0 0
cpu13 57170 0 76 59403 1 0 0 0 0 0
cpu14 57166 0 113 59382 0 0 2 0 0 0
cpu15 57266 0 107 59272 2 0 0 0 0 0
cpu16 57060 0 99 59494 0 0 1 0 0 0
cpu17 57134 0 141 59348 1 0 19 0 0 0
cpu18 57060 0 152 59450 0 0 0 0 0 0
cpu19 57079 0 127 59438 1 0 6 0 0 0
cpu20 56938 0 186 59440 47 0 3 0 0 0
cpu21 57089 0 90 59468 11 0 1 0 0 0
cpu22 56992 0 150 59510 1 0 3 0 0 0
cpu23 57022 0 104 59519 8 0 7 0 0 0
cpu24 57015 0 154 59477 1 0 4 0 0 0
cpu25 57064 0 34 59564 1 0 0 0 0 0
cpu26 56998 0 110 59536 0 0 2 0 0 0
cpu27 57076 0 43 59539 1 0 0 0 0 0
cpu28 57044 0 78 59535 0 0 2 0 0 0
cpu29 57070 0 42 59545 2 0 0 0 0 0
cpu30 57064 0 65 59517 0 0 0 0 0 0
cpu31 57070 0 34 59549 1 0 0 0 0 0
cpu32 57168 0 112 59366 1 0 0 0 0 0
cpu33 56980 0 108 59557 1 0 6 0 0 0
cpu34 57014 2 99 59538 0 0 0 0 0 0
cpu35 56935 0 148 59562 0 0 8 0 0 0
cpu36 57011 0 114 59518 0 0 4 0 0 0
cpu37 56962 0 130 59550 5 0 4 0 0 0
cpu38 57514 0 107 59029 1 0 0 0 0 0
cpu39 57045 0 68 59537 1 0 1 0 0 0
cpu40 57170 0 100 59372 5 0 0 0 0 0
cpu41 57129 0 77 59430 1 0 0 0 0 0
cpu42 57055 0 74 59517 0 0 0 0 0 0
cpu43 57087 0 72 59492 0 0 0 0 0 0
cpu44 57151 0 82 59419 0 0 0 0 0 0
cpu45 57129 0 78 59439 0 0 0 0 0 0
cpu46 57270 0 102 59272 0 0 0 0 0 0
cpu47 57206 0 107 59325 2 0 0 0 0 0
cpu48 57058 0 84 59501 0 0 1 0 0 0
cpu49 57169 0 148 59327 2 0 0 0 0 0
cpu50 57042 0 75 59527 0 0 0 0 0 0
cpu51 57111 0 92 59443 2 0 0 0 0 0
cpu52 57045 0 80 59522 0 0 2 0 0 0
cpu53 57088 0 78 59478 3 0 2 0 0 0
cpu54 57043 0 71 59525 1 0 1 0 0 0
cpu55 57061 0 64 59522 0 0 0 0 0 0
cpu56 57114 0 100 59428 0 0 0 0 0 0
cpu57 57070 0 42 59529 0 0 0 0 0 0
cpu58 57053 0 71 59515 0 0 0 0 0 0
cpu59 56898 1 165 59540 1 0 41 0 0 0
cpu60 57063 0 58 59511 0 0 0 0 0 0
cpu61 57068 0 34 59541 0 0 0 0 0 0
cpu62 57053 0 46 59540 0 0 0 0 0 0
cpu63 57082 0 52 59499 7 0 0 0 0 0
intr 11102871 83 0 0 0 639 0 0 0 1 0 282 0 0 0 0 0 0 0 0 0 0 0 0 0 0 0 0 0 0 0 0 0 0 0 0 0 0 0 832 2656 1420 10413 4 3451 1250 391 612 6593 11 0 2 2 245 97 64 12165 8 893 16 818 0 3432 528 5 12 0 0 0 0 2 2 3668 0 5292 62 5002 0 1059 24 587 0 4 40 5 12 19 372 1 2 763 2701 789 1527 322 0 0 41 3 7 0 47 0 0 0 0 0 0 0 0 0 0 0 0 0 0 0 0 0 0 29441 93 0 0 0 0 0 0 0 0 0 0 0 0 0 0 0 0 0 0 0 0 0 0 0 0 0 0 0 0 0 0 0 0 0 0 0 0 0 0 0 0 0 0 0 0 0 0 0 0 0 0 0 0 0 0 0 0 0 0 0 0 0 0 0 0 0 0 0 0 0 0 0 0 0 0 0 15 0 0 0 0 0 0 0 0 0 0 0 0 0 0 0 0 0 0 0 0 0 0 0 0 0 0 0 0 0 0 0 0 0 0 0 0 0 0 0 0 0 0 0 0 0 0 0 0 0 0 0 0 0 0 0 0 0 0 0 0 0 0 0 0 0 0 0 0 0 0 0 0 0 0 0 0 0 0 0 0 0 0 0 0 0 0 0 0 0 0 0 0 0 0 0 0 0 0 0 0 0 0 0 0 0 0 0 0 0 0 0 0 0 0 0 0 0 0 0 0 0 0 0 0 0 0 0 0 0 0 0 0 0 0 0 0 0 0 0 0 0 0 0 0 0 0 0 0 0 0 0 0 0 0 0 0 0 0 0 0 0 0 0 0 0 0 0 0 0 0 0 0 0 0 0 0 0 0 0 0 0 0 0 0 0 0 0 0 0 0 0 0 0 0 0 0 0 0 0 0 0 0 0 0 0 0 0 0 0 0 0 0 0 0 0 0 0 0 0 0 0 0 0 0 0 0 0 0 0 0 0 0 0 0 0 0 0 0 0 0 0 0 0 0 0 0 0 0 0 0 0 0 0 0 0 0 0 0 0 0 0 0 0 0 0 0 0 0 0 0 0 0 0 0 0 0 0 0 0 0 0 0 0 0 0 0 0 0 0 0 0 0 0 0 0 0 0 0 0 0 0 0 0 0 0 0 0 0 0 0 0 0 0 0 0 0 0 0 0 0 0 0 0 0 0 0 0 0 0 0 0 0 0 0 0 0 0 0 0 0 0 0 0 0 0 0 0 0 0 0 0 0 0 0 0 0 0 0 0 0 0 0 0 0 0 0 0 0 0 0 0 0 0 0 0 0 0 0 0 0 0 0 0 0 0 0 0 0 0 0 0 0 0 0 0 0 0 0 0 0 0 0 0 0 0 0 0 0 0 0 0 0 0 0 0 0 0 0 0 0 0 0 0 0 0 0 0 0 0 0 0 0 0 0 0 0 0 0 0 0 0 0 0 0 0 0 0 0 0 0 0 0 0 0 0 0 0 0 0 0 0 0 0 0 0 0 0 0 0 0 0 0 0 0 0 0 0 0 0 0 0 0 0 0 0 0 0 0 0 0 0 0 0 0 0 0 0 0 0 0 0 0 0 0 0 0 0 0 0 0 0 0 0 0 0 0 0 0 0 0 0 0 0 0 0 0 0 0 0 0 0 0 0 0 0 0 0 0 0 0 0 0 0 0 0 0 0 0 0 0 0 0 0 0 0 0 0 0 0 0 0 0 0 0 0 0 0 0 0 0 0 0 0 0 0 0 0 0 0 0 0 0 0 0 0 0 0 0 0 0 0 0 0 0 0 0 0 0 0 0 0 0 0 0 0 0 0 0 0 0 0 0 0 0 0 0 0 0 0 0 0 0 0 0 0 0 0 0 0 0 0 0 0 0 0 0 0 0 0 0 0 0 0 0 0 0 0 0 0 0 0 0 0 0 0 0 0 0 0 0 0 0 0 0 0 0 0 0 0 0 0 0 0 0 0 0 0 0 0 0 0 0 0 0 0 0 0 0 0 0 0 0 0 0 0 0 0 0 0 0 0 0 0 0 0 0 0 0 0 0 0 0 0 0 0 0 0 0 0 0 0 0 0 0 0 0 0 0 0 0 0 0 0 0 0 0 0 0 0 0 0 0 0 0 0 0 0 0 0 0 0 0 0 0 0 0 0 0 0 0 0 0 0 0 0 0 0 0 0 0 0 0 0 0 0 0 0 0 0 0 0 0 0 0 0 0 0 0 0 0 0 0 0 0 0 0 0 0 0 0 0 0 0 0 0 0 0 0 0 0 0 0 0 0 0 0 0 0 0 0 0 0 0 0 0 0 0 0 0 0 0 0 0 0 0 0 0 0 0 0 0 0 0 0 0 0 0 0 0 0 0 0 0 0 0 0 0 0 0 0 0 0 0 0 0 0 0 0 0 0 0 0 0 0 0 0 0 0 0 0 0 0 0 0 0 0 0 0 0 0 0 0 0 0 0 0 0 0 0 0 0 0 0 0 0 0 0 0 0 0 0 0 0 0 0 0 0 0 0 0 0 0 0 0 0 0 0 0 0 0 0 0 0 0 0 0 0 0 0 0 0 0 0 0 0 0 0 0 0 0 0 0 0 0 0 0 0 0 0 0 0 0 0 0 0 0 0 0 0 0 0 0 0 0 0 0 0 0 0 0 0 0 0 0 0 0 0 0 0 0 0 0 0 0 0 0 0 0 0 0 0 0 0 0 0 0 0 0 0 0 0 0 0 0 0 0 0 0 0 0 0 0 0 0 0 0 0 0 0 0 0 0 0 0 0 0 0 0 0 0 0 0 0 0 0 0 0 0 0 0 0 0 0 0 0 0 0 0 0 0 0 0 0 0 0 0 0 0 0 0 0 0 0 0 0 0 0 0 0 0 0 0 0 0 0 0 0 0 0 0 0 0 0 0 0 0 0 0 0 0 0 0 0 0 0 0 0 0 0 0 0 0 0 0 0 0 0 0 0 0 0 0 0 0 0 0 0 0 0 0 0 0 0 0 0 0 0 0 0 0 0 0 0 0 0 0 0 0 0 0 0 0 0 0 0 0 0 0 0 0 0 0 0 0 0 0 0 0 0 0 0 0 0 0 0 0 0 0 0 0 0 0 0 0 0 0 0 0 0 0 0 0 0 0 0 0 0 0 0 0 0 0 0 0 0 0 0 0 0 0 0 0 0 0 0 0 0 0 0 0 0 0 0 0 0 0 0 0 0 0 0 0 0 0 0 0 0 0 0 0 0 0 0 0 0 0 0 0 0 0 0 0 0 0 0 0 0 0 0 0 0 0 0 0 0 0 0 0 0 0 0 0 0 0 0 0 0 0 0 0 0 0 0 0 0 0 0 0 0 0 0 0 0 0 0 0 0 0 0 0 0 0 0 0 0 0 0 0 0 0 0 0 0 0 0 0 0 0 0 0 0 0 0 0 0 0 0 0 0 0 0 0 0 0 0 0 0 0 0 0 0 0 0 0 0 0 0 0 0 0 0 0 0 0 0 0 0 0 0 0 0 0 0 0 0 0 0 0 0 0 0 0 0 0 0 0 0 0 0 0 0 0 0 0 0 0 0 0 0 0 0 0 0 0 0 0 0 0 0 0 0 0 0 0 0 0 0 0 0 0 0 0 0 0 0 0 0 0 0 0 0 0 0 0 0 0 0 0 0 0 0 0 0 0 0 0 0 0 0 0 0 0 0 0 0 0 0 0 0 0 0 0 0 0 0 0 0 0 0 0 0 0 0 0 0 0 0 0 0 0 0 0 0 0 0 0 0 0 0 0 0 0 0 0 0 0 0 0 0 0 0 0 0 0 0 0 0 0 0 0 0 0 0 0 0 0 0 0 0 0 0 0 0 0 0 0 0 0 0 0 0 0 0 0 0 0 0 0 0 0 0 0 0 0 0 0 0 0 0 0 0 0 0 0 0 0 0 0 0 0 0 0 0 0 0 0 0 0 0 0 0 0 0 0 0 0 0 0 0 0 0 0 0 0 0 0 0 0 0 0 0 0 0 0 0 0 0 0 0 0 0 0 0 0 0 0 0 0 0 0 0 0 0 0 0 0 0 0 0 0 0 0 0 0 0 0 0 0 0 0 0 0 0 0 0 0 0 0 0 0 0 0 0 0 0 0 0 0 0 0 0 0 0 0 0 0 0 0 0 0 0 0 0 0 0 0 0 0 0 0 0 0 0 0 0 0 0 0 0 0 0 0 0 0 0 0 0 0 0 0 0 0 0 0 0 0 0 0 0 0 0 0 0 0 0 0 0 0 0 0 0 0 0 0 0 0 0 0 0 0 0 0 0 0 0 0 0 0 0 0 0 0 0 0 0 0 0 0 0 0 0 0 0 0 0 0 0 0 0 0 0 0 0 0 0 0 0 0 0 0 0 0 0 0 0 0 0 0 0 0 0 0 0 0 0 0 0 0 0 0 0 0 0 0 0 0 0 0 0 0 0 0 0 0 0 0 0 0 0 0 0 0 0 0 0 0 0 0 0 0 0 0 0 0 0 0 0 0 0 0 0 0 0 0 0 0 0 0 0 0 0 0 0 0 0 0 0 0 0 0 0 0 0 0 0 0 0 0 0 0 0 0 0 0 0 0 0 0 0 0 0 0 0 0 0 0 0 0 0 0 0 0 0 0 0 0 0 0 0 0 0 0 0 0 0 0 0 0 0 0 0 0 0 0 0 0 0 0 0 0 0 0 0 0 0 0 0 0 0 0 0 0 0 0 0 0 0 0 0 0 0 0 0 0 0 0 0 0 0 0 0 0 0 0 0 0 0 0 0 0 0 0 0 0 0 0 0 0 0 0 0 0 0 0 0 0 0 0 0 0 0 0 0 0 0 0 0 0 0 0 0 0 0 0 0 0 0 0 0 0 0 0 0 0 0 0 0 0 0 0 0 0 0 0 0 0 0 0 0 0 0 0 0 0 0 0 0 0 0 0 0 0 0 0 0 0 0 0 0 0 0 0 0 0 0 0 0 0 0 0 0 0 0 0 0 0 0 0 0 0 0 0 0 0 0 0 0 0 0 0 0 0 0 0 0 0 0 0 0 0 0 0 0 0 0 0 0 0 0 0 0 0 0 0 0 0 0 0 0 0 0 0 0 0 0 0 0 0 0 0 0 0 0 0 0 0 0 0 0 0 0 0 0 0 0 0 0 0 0
ctxt 2088430
btime 1613123985
processes 47473
procs_running 1
procs_blocked 0
softirq 12499460 1 7263723 424 364600 0 0 141 482602 0 4387969
