cpu  20127458 4 27788 6931254 514 0 3043 0 0 0
cpu0 558760 0 852 192516 9 0 546 0 0 0
cpu1 558820 0 930 192653 1 0 110 0 0 0
cpu2 558607 0 1140 192703 2 0 42 0 0 0
cpu3 558705 0 892 192799 17 0 87 0 0 0
cpu4 558788 0 771 192879 2 0 64 0 0 0
cpu5 558910 0 694 192866 2 0 32 0 0 0
cpu6 559010 0 758 192680 1 0 51 0 0 0
cpu7 559044 0 634 192781 5 0 34 0 0 0
cpu8 559294 0 666 192504 6 0 31 0 0 0
cpu9 557242 0 2309 192810 9 0 135 0 0 0
cpu10 559043 0 768 192633 4 0 41 0 0 0
cpu11 559170 0 784 192484 2 0 44 0 0 0
cpu12 559382 0 727 192322 11 0 50 0 0 0
cpu13 559165 0 694 192617 4 0 18 0 0 0
cpu14 559208 0 1116 192055 4 0 108 0 0 0
cpu15 560270 0 1007 191179 14 0 28 0 0 0
cpu16 559288 0 742 192422 2 0 32 0 0 0
cpu17 558977 0 741 192706 2 0 67 0 0 0
cpu18 559224 0 469 192738 51 0 17 0 0 0
cpu19 558904 0 824 192642 4 0 120 0 0 0
cpu20 558872 0 840 192708 41 0 37 0 0 0
cpu21 558969 0 660 192781 42 0 56 0 0 0
cpu22 559140 0 454 192816 58 0 27 0 0 0
cpu23 559206 0 393 192865 10 0 14 0 0 0
cpu24 559344 0 549 192564 0 0 33 0 0 0
cpu25 559234 0 364 192889 0 0 12 0 0 0
cpu26 559287 0 439 192755 1 0 15 0 0 0
cpu27 558805 0 838 192823 0 0 28 0 0 0
cpu28 557497 0 1421 192692 0 0 882 0 0 0
cpu29 559490 0 466 192495 16 0 12 0 0 0
cpu30 559298 0 448 192717 2 0 21 0 0 0
cpu31 559683 0 626 192129 4 0 41 0 0 0
cpu32 560365 1 795 191278 7 0 48 0 0 0
cpu33 558992 2 808 192591 7 0 93 0 0 0
cpu34 560172 0 654 191499 122 0 36 0 0 0
cpu35 559280 0 500 192646 34 0 16 0 0 0
intr 55538605 56 0 0 0 609 0 0 0 1 0 257 0 0 0 0 0 0 0 0 0 0 0 0 0 0 0 0 0 0 0 0 92 567 46 395 175 311 164 180 1487 468 755 435 337 497 484 448 554 468 526 1673 226 2547 1527 2844 1529 0 0 0 0 19 85 469 14 936 467 299 627 663 533 10318 3530 0 0 16 11013 2 0 16335 957 3867 1708 4290 2044 6832 1544 1952 2054 2099 3472 1321 994 1204 3845 2461 2151 2850 7083 6509 4560 724 1215 1733 631 1771 1440 170598 1466 2703 1548 1043 2010 3963 591 0 17 7820 1 0 0 0 0 0 0 0 0 0 0 0 0 0 0 0 0 0 0 0 0 0 0 0 0 0 0 0 0 0 0 0 0 0 0 0 0 0 22 0 0 0 0 0 0 0 0 0 0 0 0 0 0 0 0 0 0 0 0 0 0 0 0 0 0 0 0 0 0 0 0 0 0 0 0 0 0 0 0 0 0 0 0 0 0 0 0 0 0 0 0 0 0 0 0 0 0 0 0 0 0 0 0 0 0 0 0 0 0 0 0 0 0 0 0 0 0 0 0 0 0 0 0 0 0 0 0 0 0 0 0 0 0 0 0 0 0 0 0 0 0 0 0 0 0 0 0 0 0 0 0 0 0 0 0 0 0 0 0 0 0 0 0 0 0 0 0 0 0 0 0 0 0 0 0 0 0 0 0 0 0 0 0 0 0 0 0 0 0 0 0 0 0 0 0 0 0 0 0 0 0 0 0 0 0 0 0 0 0 0 0 0 0 0 0 0 0 0 0 0 0 0 0 0 0 0 0 0 0 0 0 0 0 0 0 0 0 0 0 0 0 0 0 0 0 0 0 0 0 0 0 0 0 0 0 0 0 0 0 0 0 0 0 0 0 0 0 0 0 0 0 0 0 0 0 0 0 0 0 0 0 0 0 0 0 0 0 0 0 0 0 0 0 0 0 0 0 0 0 0 0 0 0 0 0 0 0 0 0 0 0 0 0 0 0 0 0 0 0 0 0 0 0 0 0 0 0 0 0 0 0 0 0 0 0 0 0 0 0 0 0 0 0 0 0 0 0 0 0 0 0 0 0 0 0 0 0 0 0 0 0 0 0 0 0 0 0 0 0 0 0 0 0 0 0 0 0 0 0 0 0 0 0 0 0 0 0 0 0 0 0 0 0 0 0 0 0 0 0 0 0 0 0 0 0 0 0 0 0 0 0 0 0 0 0 0 0 0 0 0 0 0 0 0 0 0 0 0 0 0 0 0 0 0 0 0 0 0 0 0 0 0 0 0 0 0 0 0 0 0 0 0 0 0 0 0 0 0 0 0 0 0 0 0 0 0 0 0 0 0 0 0 0 0 0 0 0 0 0 0 0 0 0 0 0 0 0 0 0 0 0 0 0 0 0 0 0 0 0 0 0 0 0 0 0 0 0 0 0 0 0 0 0 0 0 0 0 0 0 0 0 0 0 0 0 0 0 0 0 0 0 0 0 0 0 0 0 0 0 0 0 0 0 0 0 0 0 0 0 0 0 0 0 0 0 0 0 0 0 0 0 0 0 0 0 0 0 0 0 0 0 0 0 0 0 0 0 0 0 0 0 0 0 0 0 0 0 0 0 0 0 0 0 0 0 0 0 0 0 0 0 0 0 0 0 0 0 0 0 0 0 0 0 0 0 0 0 0 0 0 0 0 0 0 0 0 0 0 0 0 0 0 0 0 0 0 0 0 0 0 0 0 0 0 0 0 0 0 0 0 0 0 0 0 0 0 0 0 0 0 0 0 0 0 0 0 0 0 0 0 0 0 0 0 0 0 0 0 0 0 0 0 0 0 0 0 0 0 0 0 0 0 0 0 0 0 0 0 0 0 0 0 0 0 0 0 0 0 0 0 0 0 0 0 0 0 0 0 0 0 0 0 0 0 0 0 0 0 0 0 0 0 0 0 0 0 0 0 0 0 0 0 0 0 0 0 0 0 0 0 0 0 0 0 0 0 0 0 0 0 0 0 0 0 0 0 0 0 0 0 0 0 0 0 0 0 0 0 0 0 0 0 0 0 0 0 0 0 0 0 0 0 0 0 0 0 0 0 0 0 0 0 0 0 0 0 0 0 0 0 0 0 0 0 0 0 0 0 0 0 0 0 0 0 0 0 0 0 0 0 0 0 0 0 0 0 0 0 0 0 0 0 0 0 0 0 0 0 0 0 0 0 0 0 0 0 0 0 0 0 0 0 0 0 0 0 0 0 0 0 0 0 0 0 0 0 0 0 0 0 0 0 0 0 0 0 0 0 0 0 0 0 0 0 0 0 0 0 0 0 0 0 0 0 0 0 0 0 0 0 0 0 0 0 0 0 0 0 0 0 0 0 0 0 0 0 0 0 0 0 0 0 0 0 0 0 0 0 0 0 0 0 0 0 0 0 0 0 0 0 0 0 0 0 0 0 0 0 0 0 0 0 0 0 0 0 0 0 0 0 0 0 0 0 0 0 0 0 0 0 0 0 0 0 0 0 0 0 0 0 0 0 0 0 0 0 0 0 0 0 0 0 0 0 0 0 0 0 0 0 0 0 0 0 0 0 0 0 0 0 0 0 0 0 0 0 0 0 0 0 0 0 0 0 0 0 0 0 0 0 0 0 0 0 0 0 0 0 0 0 0 0 0 0 0 0 0 0 0 0 0 0 0 0 0 0 0 0 0 0 0 0 0 0 0 0 0 0 0 0 0 0 0 0 0 0 0 0 0 0 0 0 0 0 0 0 0 0 0 0 0 0 0 0 0 0 0 0 0 0 0 0 0 0 0 0 0 0 0 0 0 0 0 0 0 0 0 0 0 0 0 0 0 0 0 0 0 0 0
ctxt 14445530
btime 1613124388
processes 361108
procs_running 1
procs_blocked 0
softirq 71872756 1 41491782 653 2729339 0 0 269367 1918503 0 25463111
