cpu  73401982 7 68260 29767592 522 0 5159 0 0 0
cpu0 572253 0 1774 231819 0 0 404 0 0 0
cpu1 573154 0 546 232839 2 0 50 0 0 0
cpu2 572534 0 1259 232694 0 0 80 0 0 0
cpu3 571673 0 1766 232974 7 0 104 0 0 0
cpu4 573231 0 713 232637 1 0 49 0 0 0
cpu5 573588 0 282 232673 0 0 82 0 0 0
cpu6 573117 0 847 232591 0 0 34 0 0 0
cpu7 572514 0 1358 232595 0 0 86 0 0 0
cpu8 573495 0 563 232522 0 0 44 0 0 0
cpu9 573845 0 269 232508 1 0 8 0 0 0
cpu10 572941 0 1076 232507 0 0 93 0 0 0
cpu11 572993 0 945 232581 0 0 88 0 0 0
cpu12 572909 0 757 232841 0 0 84 0 0 0
cpu13 573417 0 453 232718 0 0 32 0 0 0
cpu14 572938 0 1034 232581 0 0 70 0 0 0
cpu15 572879 0 1031 232606 0 0 90 0 0 0
cpu16 573684 0 327 232601 0 0 10 0 0 0
cpu17 573532 0 278 232790 0 0 15 0 0 0
cpu18 572703 0 1306 232507 0 0 111 0 0 0
cpu19 573262 0 806 232471 2 0 63 0 0 0
cpu20 573420 0 468 232710 0 0 15 0 0 0
cpu21 573648 0 264 232703 0 0 17 0 0 0
cpu22 573168 0 838 232521 0 0 92 0 0 0
cpu23 573045 2 866 232603 0 0 72 0 0 0
cpu24 573676 0 476 232441 0 0 30 0 0 0
cpu25 573992 0 374 232226 1 0 18 0 0 0
cpu26 572719 0 987 232741 0 0 134 0 0 0
cpu27 573062 0 847 232565 0 0 86 0 0 0
cpu28 573796 0 420 232301 0 0 22 0 0 0
cpu29 573617 0 315 232658 0 0 12 0 0 0
cpu30 573571 0 460 232571 0 0 20 0 0 0
cpu31 573079 0 895 232544 2 0 74 0 0 0
cpu32 573409 0 478 232691 0 0 40 0 0 0
cpu33 573598 0 226 232522 0 0 220 0 0 0
cpu34 573473 0 564 232534 0 0 54 0 0 0
cpu35 573460 0 916 232160 3 0 62 0 0 0
cpu36 573769 0 338 232493 0 0 6 0 0 0
cpu37 573065 0 248 233278 0 0 14 0 0 0
cpu38 573311 0 609 232655 0 0 39 0 0 0
cpu39 573350 0 1056 232107 6 0 81 0 0 0
cpu40 573830 0 249 232519 0 0 12 0 0 0
cpu41 573845 0 231 232527 1 0 12 0 0 0
cpu42 573367 0 521 232688 0 0 36 0 0 0
cpu43 573929 0 821 231747 29 0 61 0 0 0
cpu44 571829 0 504 234194 0 0 44 0 0 0
cpu45 574312 0 384 231884 1 0 22 0 0 0
cpu46 573086 0 632 232834 3 0 38 0 0 0
cpu47 574112 0 1141 231195 2 0 101 0 0 0
cpu48 573710 0 299 232586 0 0 16 0 0 0
cpu49 573796 0 256 232525 0 0 21 0 0 0
cpu50 573528 0 560 232482 1 0 44 0 0 0
cpu51 573162 0 786 232548 2 0 65 0 0 0
cpu52 573599 0 270 232728 0 0 10 0 0 0
cpu53 573667 0 263 232659 2 0 15 0 0 0
cpu54 573568 0 367 232652 0 0 18 0 0 0
cpu55 573892 0 629 232030 5 0 26 0 0 0
cpu56 573620 0 309 232653 0 0 24 0 0 0
cpu57 573543 0 223 232823 0 0 12 0 0 0
cpu58 573420 0 575 232567 3 0 48 0 0 0
cpu59 573079 0 633 232734 77 0 49 0 0 0
cpu60 573293 0 495 232773 2 0 48 0 0 0
cpu61 573776 0 188 232637 0 0 12 0 0 0
cpu62 573682 0 352 232553 0 0 21 0 0 0
cpu63 573452 0 637 232451 0 0 36 0 0 0
cpu64 572895 0 951 232631 1 0 122 0 0 0
cpu65 573294 0 388 232862 0 0 27 0 0 0
cpu66 572800 0 788 232966 3 0 30 0 0 0
cpu67 573089 0 808 232521 88 0 44 0 0 0
cpu68 573482 0 373 232716 0 0 9 0 0 0
cpu69 573454 0 329 232797 1 0 10 0 0 0
cpu70 573260 0 634 232689 0 0 20 0 0 0
cpu71 573370 0 717 232443 31 0 24 0 0 0
cpu72 573772 0 318 232504 0 0 10 0 0 0
cpu73 573525 0 239 232828 0 0 10 0 0 0
cpu74 573348 0 685 232541 0 0 40 0 0 0
cpu75 573152 0 745 232589 2 0 60 0 0 0
cpu76 573571 0 252 232756 0 0 10 0 0 0
cpu77 573550 0 321 232713 1 0 12 0 0 0
cpu78 571744 0 799 233947 0 0 50 0 0 0
cpu79 572932 0 788 232764 4 0 59 0 0 0
cpu80 573592 0 253 232756 1 0 2 0 0 0
cpu81 573635 0 175 232773 0 0 7 0 0 0
cpu82 572881 0 876 232756 0 0 66 0 0 0
cpu83 573160 0 615 232725 1 0 56 0 0 0
cpu84 573869 0 243 232477 0 0 7 0 0 0
cpu85 573502 0 252 232818 0 0 14 0 0 0
cpu86 573492 0 570 232498 1 0 32 0 0 0
cpu87 573062 1 782 232640 4 0 98 0 0 0
cpu88 573536 0 459 232574 0 0 28 0 0 0
cpu89 573733 0 171 232684 0 0 9 0 0 0
cpu90 573250 0 603 232693 0 0 40 0 0 0
cpu91 572995 0 665 232817 1 0 65 0 0 0
cpu92 573786 0 228 232568 1 0 8 0 0 0
cpu93 573714 0 176 232688 0 0 10 0 0 0
cpu94 573442 0 307 232833 0 0 10 0 0 0
cpu95 573281 0 574 232671 1 0 27 0 0 0
cpu96 573716 0 254 232601 5 0 9 0 0 0
cpu97 573775 0 167 232642 0 0 6 0 0 0
cpu98 573770 0 290 232512 0 0 16 0 0 0
cpu99 573594 2 641 232322 2 0 41 0 0 0
cpu100 573867 0 184 232541 0 0 3 0 0 0
cpu101 573690 0 202 232694 1 0 6 0 0 0
cpu102 573681 0 296 232603 0 0 12 0 0 0
cpu103 573756 0 741 232024 5 0 48 0 0 0
cpu104 573839 0 204 232541 0 0 1 0 0 0
cpu105 573778 0 184 232613 1 0 10 0 0 0
cpu106 573279 0 374 232898 0 0 15 0 0 0
cpu107 574334 0 669 231520 8 0 52 0 0 0
cpu108 573788 0 209 232576 7 0 3 0 0 0
cpu109 573752 0 191 232632 1 0 13 0 0 0
cpu110 573534 0 324 232698 0 0 20 0 0 0
cpu111 575456 0 1140 229854 1 0 96 0 0 0
cpu112 573884 0 212 232494 0 0 6 0 0 0
cpu113 573724 0 182 232663 0 0 12 0 0 0
cpu114 573409 0 581 232537 11 0 49 0 0 0
cpu115 574840 0 633 230996 70 0 15 0 0 0
cpu116 573630 0 234 232710 1 0 6 0 0 0
cpu117 573778 0 188 232605 0 0 8 0 0 0
cpu118 573796 0 216 232561 0 0 3 0 0 0
cpu119 573739 0 628 232143 4 0 45 0 0 0
cpu120 573576 0 241 232746 0 0 10 0 0 0
cpu121 573788 0 170 232626 2 0 4 0 0 0
cpu122 573458 0 394 232708 0 0 17 0 0 0
cpu123 573630 0 598 232248 54 0 26 0 0 0
cpu124 573652 0 255 232667 2 0 14 0 0 0
cpu125 573821 0 242 232510 0 0 5 0 0 0
cpu126 573842 0 232 232500 1 0 3 0 0 0
cpu127 573599 0 692 232238 1 0 19 0 0 0
intr 207989452 130 0 0 0 683 0 0 0 1 0 285 0 0 0 0 0 0 0 0 0 0 0 0 0 0 0 0 0 0 0 0 0 0 0 0 260 0 976 7097 1756 16995 2017 23814 3405 9187 1847 682 1291 8411 135 2572 5812 12699 157 655 1067 10253 1186 2520 591 10930 446 2427 1192 8062 1520 1374 745 9288 554 69739 517 12070 483 958 272 9196 1430 928 1372 10852 1470 1062 998 12855 473 1829 1564 5800 380 1449 433 4870 461 1461 954 7877 153 1132 3633 5174 885 6232 4124 13854 2223 3664 1158 7829 1005 762 760 8633 598 2331 1115 14188 134 445 539 10022 1102 3592 569 10682 567 1151 753 8429 429 1768 925 10612 513 975 346 5450 399 994 241 6060 701 731 2009 4807 1129 2212 788 8004 200 1159 757 2178 526 1119 613 0 0 0 0 0 0 0 0 0 0 163 189 1 62 4 80 368 18 155 1 3 0 9 0 6 0 10 158 11 3 764 21 128 2 86 398 192 19 271 62 483 38 99 0 0 0 0 0 0 0 0 0 0 0 0 0 0 0 0 0 179 10 381 26 97 34 24 1 111 3 85 0 6 26 104 136 39 19 91 19 35 76 0 0 8 0 105 28 0 83 0 1 1 0 6 385 0 0 37 6413 5260 120 538 579 789 463 314 223 253 872 172 202 404 3032 77 132 226 584 66 9908 117 546 87 0 0 0 0 0 0 0 0 0 0 0 0 0 0 0 0 0 0 0 0 0 0 0 0 0 0 0 0 0 0 0 0 0 0 0 0 0 0 0 0 0 0 0 0 0 0 0 0 0 0 0 0 0 0 0 0 0 0 0 0 0 0 0 0 0 0 0 0 0 0 0 0 0 0 0 0 0 0 0 0 0 0 0 0 0 0 0 0 0 0 0 0 0 0 0 0 0 0 0 0 0 0 0 0 0 0 0 0 0 0 0 0 0 0 0 0 0 0 0 0 0 0 0 0 0 0 0 0 0 0 0 0 0 0 0 0 0 0 0 0 0 0 0 0 0 0 0 0 0 0 0 0 0 0 0 0 0 0 0 0 0 0 0 0 0 0 0 0 0 0 0 0 0 0 0 0 0 0 0 0 0 0 0 0 0 0 0 0 0 0 0 0 0 0 0 0 0 0 0 0 0 0 0 0 0 0 0 0 0 0 0 0 0 0 0 0 0 0 0 0 0 0 0 0 0 0 0 0 0 0 0 0 0 0 0 0 0 0 0 0 0 0 0 0 0 0 0 0 0 0 0 0 0 0 0 0 0 0 0 0 0 0 0 0 0 0 0 0 0 0 0 0 0 0 0 0 0 0 0 0 0 0 0 0 0 0 0 0 0 0 0 0 0 0 0 0 0 0 0 0 0 0 0 0 0 0 0 0 0 0 0 0 0 0 0 0 0 0 0 0 0 0 0 0 0 0 0 0 0 0 0 0 0 0 0 0 0 0 0 0 0 0 0 0 0 0 0 0 0 0 0 0 0 0 0 0 0 0 0 0 0 0 0 0 0 0 0 0 0 0 0 0 0 0 0 0 0 0 0 0 0 0 0 0 0 0 0 0 0 0 0 0 0 0 0 0 0 0 0 0 0 0 0 0 0 0 0 0 0 0 0 0 0 0 0 0 0 0 0 0 0 0 0 4 0 0 0 0 0 0 0 47 0 0 48 0 0 0 0 0 0 0 0 0 0 0 0 1 0 0 0 0 0 0 0 0 0 0 0 0 0 0 0 0 0 0 0 0 0 0 0 0 0 0 0 0 0 0 0 0 0 0 0 0 0 0 0 0 0 0 0 0 0 0 0 0 0 0 0 0 0 0 0 0 0 0 0 0 0 0 0 0 0 0 0 0 0 20 0 0 0 0 0 0 0 0 0 0 0 0 0 0 0 0 0 0 0 0 0 0 0 0 0 0 0 0 0 0 0 0 0 0 0 0 0 0 0 0 0 0 0 0 0 0 0 0 0 0 0 0 0 0 0 0 0 0 0 0 0 0 0 0 0 0 0 0 0 0 0 0 0 0 0 0 0 0 0 0 0 0 0 0 0 0 0 0 0 0 0 0 0 0 0 0 0 0 0 0 0 0 0 0 0 0 0 0 0 0 0 0 0 0 0 0 0 0 0 0 0 0 0 0 0 0 0 0 0 0 0 0 0 0 0 0 0 0 0 0 0 0 0 0 0 0 0 0 0 0 0 0 0 0 0 0 0 0 0 0 0 0 0 0 0 0 0 0 0 0 0 0 0 0 0 0 0 0 0 0 0 0 0 0 0 0 0 0 0 0 0 0 0 0 0 0 0 0 0 0 0 0 0 0 0 0 0 0 0 0 0 0 0 0 0 0 0 0 0 0 0 0 0 0 0 0 0 0 0 0 0 0 0 0 0 0 0 0 0 0 0 0 0 0 0 0 0 0 0 0 0 0 0 0 0 0 0 0 0 0 0 0 0 0 0 0 0 0 0 0 0 0 0 0 0 0 0 0 0 0 0 0 0 0 0 0 0 0 0 0 0 0 0 0 0 0 0 0 0 0 0 0 0 0 0 0 0 0 0 0 0 0 0 0 0 0 0 0 0 0 0 0 0 0 0 0 0 0 0 0 0 0 0 0 0 0 0 0 0 0 0 0 0 0 0 0 0 0 0 0 0 0 0 0 0 0 0 0 0 0 0 0 0 0 0 0 0 0 0 0 0 0 0 0 0 0 0 0 0 0 0 0 0 0 0 0 0 0 0 0 0 0 0 0 0 0 0 0 0 0 0 0 0 0 0 0 0 0 0 0 0 0 0 0 0 0 0 0 0 0 0 0 0 0 0 0 0 0 0 0 0 0 0 0 0 0 0 0 0 0 0 0 0 0 0 0 0 0 0 0 0 0 0 0 0 0 0 0 0 0 0 0 0 0 0 0 0 0 0 0 0 0 0 0 0 0 0 0 0 0 0 0 0 0 0 0 0 0 0 0 0 0 0 0 0 0 0 0 0 0 0 0 0 0 0 0 0 0 0 0 0 0 0 0 0 0 0 0 0 0 0 0 0 0 0 0 0 0 0 0 0 0 0 0 0 0 0 0 0 0 0 0 0 0 0 0 0 0 0 0 0 0 0 0 0 0 0 0 0 0 0 0 0 0 0 0 0 0 0 0 0 0 0 0 0 0 0 0 0 0 0 0 0 0 0 0 0 0 0 0 0 0 0 0 0 0 0 0 0 0 0 0 0 0 0 0 0 0 0 0 0 0 0 0 0 0 0 0 0 0 0 0 0 0 0 0 0 0 0 0 0 0 0 0 0 0 0 0 0 0 0 0 0 0 0 0 0 0 0 0 0 0 0 0 0 0 0 0 0 0 0 0 0 0 0 0 0 0 0 0 0 0 0 0 0 0 0 0 0 0 0 0 0 0 0 0 0 0 0 0 0 0 0 0 0 0 0 0 0 0 0 0 0 0 0 0 0 0 0 0 0 0 0 0 0 0 0 0 0 0 0 0 0 0 0 0 0 0 0 0 0 0 0 0 0 0 0 0 0 0 0 0 0 0 0 0 0 0 0 0 0 0 0 0 0 0 0 0 0 0 0 0 0 0 0 0 0 0 0 0 0 0 0 0 0 0 0 0 0 0 0 0 0 0 0 0 0 0 0 0 0 0 0 0 0 0 0 0 0 0 0 0 0 0 0 0 0 0 0 0 0 0 0 0 0 0 0 0 0 0 0 0 0 0 0 0 0 0 0 0 0 0 0 0 0 0 0 0 0 0 0 0 0 0 0 0 0 0 0 0 0 0 0 0 0 0 0 0 0 0 0 0 0 0 0 0 0 0 0 0 0 0 0 0 0 0 0 0 0 0 0 0 0 0 0 0 0 0 0 0 0 0 0 0 0 0 0 0 0 0 0 0 0 0 0 0 0 0 0 0 0 0 0 0 0 0 0 0 0 0 0 0 0 0 0 0 0 0 0 0 0 0 0 0 0 0 0 0 0 0 0 0 0 0 0 0 0 0 0 0 0 0 0 0 0 0 0 0 0 0 0 0 0 0 0 0 0 0 0 0 0 0 0 0 0 0 0 0 0 0 0 0 0 0 0 0 0 0 0 0 0 0 0 0 0 0 0 0 0 0 0 0 0 0 0 0 0 0 0 0 0 0 0 0 0 0 0 0 0 0 0 0 0 0 0 0 0 0 0 0 0 0 0 0 0 0 0 0 0 0 0 0 0 0 0 0 0 0 0 0 0 0 0 0 0 0 0 0 0 0 0 0 0 0 0 0 0 0 0 0 0 0 0 0 0 0 0 0 0 0 0 0 0 0 0 0 0 0 0 0 0 0 0 0 0 0 0 0 0 0 0 0 0 0 0 0 0 0 0 0 0 0 0 0 0 0 0 0 0 0 0 0 0 0 0 0 0 0 0 0 0 0 0 0 0 0 0 0 0 0 0 0 0 0 0 0 0 0 0 0 0 0 0 0 0 0 0 0 0 0 0 0 0 0 0 0 0 0 0 0 0 0 0 0 0 0 0 0 0 0 0 0 0 0 0 0 0 0 0 0 0 0 0 0 0 0 0 0 0 0 0 0 0 0 0 0 0 0 0 0 0 0 0 0 0 0 0 0 0 0 0 0 0 0 0 0 0 0 0 0 0 0 0 0 0 0 0 0 0 0 0 0 0 0 0 0 0 0 0 0 0 0 0 0 0 0 0 0 0 0 0 0 0 0 0 0 0 0 0 0 0 0 0 0 0 0 0 0 0 0 0 0 0 0 0 0 0 0 0 0 0 0 0 0 0 0 0 0 0 0 0 0 0 0 0 0 0 0 0 0 0 0 0 0 0 0 0 0 0 0 0 0 0 0 0 0 0 0 0 0 0 0 0 0 0 0 0 0 0 0 0 0 0 0 0 0 0 0 0 0 0 0 0 0 0 0 0 0 0 0 0 0 0 0 0 0 0 0 0 0 0 0 0 0 0 0 0 0 0 0 0 0 0 0 0 0 0 0 0 0 0 0 0 0 0 0 0 0 0 0 0 0 0 0 0 0 0 0 0 0 0 0 0 0 0 0 0 0 0 0 0 0 0 0 0 0 0 0 0 0 0 0 0 0 0 0 0 0 0 0 0 0 0 0 0 0 0 0 0 0 0 0 0 0 0 0 0 0 0 0 0 0 0 0 0 0 0 0 0 0 0 0 0 0 0 0 0 0 0 0 0 0 0 0 0 0 0 0 0 0 0 0 0 0 0 0 0 0 0 0 0 0 0 0 0 0 0 0 0 0 0 0 0 0 0 0 0 0 0 0 0 0 0 0 0 0 0 0 0 0 0 0 0 0 0 0 0 0 0 0 0 0 0 0 0 0 0 0 0 0 0 0 0 0 0 0 0 0 0 0 0 0 0 0 0 0 0 0 0 0 0 0 0 0 0 0 0 0 0 0 0 0 0 0 0 0 0 0 0 0 0 0 0 0 0 0 0 0 0 0 0 0 0 0 0 0 0 0 0 0 0 0 0 0 0 0 0 0 0 0 0 0 0 0 0 0 0 0 0 0 0 0 0 0 0 0 0 0 0 0 0 0 0 0 0 0 0 0 0 0 0 0 0 0 0 0 0 0 0 0 0 0 0 0 0 0 0 0 0 0 0 0 0 0 0 0 0 0 0 0 0 0 0 0 0 0 0 0 0 0 0 0 0 0 0 0 0 0 0 0 0 0 0 0 0 0 0 0 0 0 0 0 0 0 0 0 0 0 0 0 0 0 0 0 0 0 0 0 0 0 0 0 0 0 0 0 0 0 0 0 0 0 0 0 0 0 0 0 0 0 0 0 0 0 0 0 0 0 0 0 0 0 0 0 0 0 0 0 0 0 0 0 0 0 0 0 0 0 0 0 0 0 0 0 0 0 0 0 0 0 0 0 0 0 0 0 0 0 0 0 0 0 0 0 0 0 0 0 0 0 0 0 0 0 0 0 0 0 0 0 0 0 0 0 0 0 0 0 0 0 0 0 0 0 0 0 0 0 0 0 0 0 0 0 0 0 0 0 0 0 0 0 0 0 0 0 0 0 0 0 0 0 0 0 0 0 0 0 0 0 0 0 0 0 0 0 0 0 0 0 0 0 0 0 0 0 0 0 0 0 0 0 0 0 0 0 0 0 0 0 0 0 0 0 0 0 0 0 0 0 0 0 0 0 0 0 0 0 0 0 0 0 0 0 0 0 0 0 0 0 0 0 0 0 0 0 0 0 0 0 0 0 0 0 0 0 0 0 0 0 0 0 0 0 0 0 0 0 0 0 0 0 0 0 0 0 0 0 0 0 0 0 0 0 0 0 0 0 0 0 0 0 0 0 0 0 0 0 0 0 0 0 0 0 0 0 0 0 0 0 0 0 0 0 0 0 0 0 0 0 0 0 0 0 0 0 0 0 0 0 0 0 0 0 0 0 0 0 0 0 0 0 0 0 0 0 0 0 0 0 0 0 0 0 0 0 0 0 0 0 0 0 0 0 0 0 0 0 0 0 0 0 0 0 0 0 0 0 0 0 0 0 0 0 0 0 0 0 0 0 0 0 0 0 0 0 0 0 0 0 0 0 0 0 0 0 0 0 0 0 0 0 0 0 0 0 0 0 0 0 0 0 0 0 0 0 0 0 0 0 0 0 0 0 0 0 0 0 0 0 0 0 0 0 0 0 0 0 0 0 0 0 0 0 0 0 0 0 0 0 0 0 0 0 0 0 0 0 0 0 0 0 0 0 0 0 0 0 0 0 0 0 0 0 0 0 0 0 0 0 0 0 0 0 0 0 0 0 0 0 0 0 0 0 0 0 0 0 0 0 0 0 0 0 0 0 0 0 0 0 0 0 0 0 0 0 0 0 0 0 0 0 0 0 0 0 0 0 0 0 0 0 0 0 0 0 0 0 0 0 0 0 0 0 0 0 0 0 0 0 0 0 0 0 0 0 0 0 0 0 0 0 0 0 0 0 0 0 0 0 0 0 0 0 0 0 0 0 0 0 0 0 0 0 0 0 0 0 0 0 0 0 0 0 0 0 0 0 0 0 0 0 0 0 0 0 0 0 0 0 0 0 0 0 0 0 0 0 0 0 0 0 0 0 0 0 0 0 0 0 0 0 0 0 0 0 0 0 0 0 0 0 0 0 0 0 0 0 0 0 0 0 0 0 0 0 0 0 0 0 0 0 0 0 0 0 0 0 0 0 0 0 0 0 0 0 0 0 0 0 0 0 0 0 0 0 0 0 0 0 0 0 0 0 0 0 0 0 0 0 0 0 0 0 0 0 0 0 0 0 0 0 0 0 0 0 0 0 0 0 0 0 0 0 0 0 0 0 0 0 0 0 0 0 0 0 0 0 0 0 0 0 0 0 0 0 0 0 0 0 0 0 0 0 0 0 0 0 0 0 0 0 0 0 0 0 0 0 0 0 0 0 0 0 0 0 0 0 0 0 0 0 0 0 0 0 0 0 0 0 0 0 0 0 0 0 0 0 0 0 0 0 0 0 0 0 0 0 0 0 0 0 0 0 0 0 0 0 0 0 0 0 0 0 0 0 0 0 0 0 0 0 0 0 0 0 0 0 0 0 0 0 0 0 0 0 0 0 0 0 0 0 0 0 0 0 0 0 0 0 0 0 0 0 0 0 0 0 0 0 0 0 0 0 0 0 0 0 0 0 0 0 0 0 0 0 0 0 0 0 0 0 0 0 0 0 0 0 0 0 0 0 0 0 0 0 0 0 0 0 0 0 0 0 0 0 0 0 0 0 0 0 0 0 0 0 0 0 0 0 0 0 0 0 0 0 0 0 0 0 0 0 0 0 0 0 0 0 0 0 0 0 0 0 0 0 0 0 0 0 0 0 0 0 0 0 0 0 0 0 0 0 0 0 0 0 0 0 0 0 0 0 0 0 0 0 0 0 0 0 0 0 0 0 0 0 0 0 0 0 0 0 0 0 0 0 0 0 0 0 0 0 0 0 0 0 0 0 0 0 0 0 0 0 0 0 0 0 0 0 0 0 0 0 0 0 0 0 0 0 0 0 0 0 0 0 0 0 0 0 0 0 0 0 0 0 0 0 0 0 0 0 0 0 0 0 0 0 0 0 0 0 0 0 0 0 0 0 0 0 0 0 0 0 0 0 0 0 0 0 0 0 0 0 0 0 0 0 0 0 0 0 0 0 0 0 0 0 0 0 0 0 0 0 0 0 0 0 0 0 0 0 0 0 0 0 0 0 0 0 0 0 0 0 0 0 0 0 0 0 0 0 0 0 0 0 0 0 0 0 0 0 0 0 0 0 0 0 0 0 0 0 0 0 0 0 0 0 0 0 0 0 0 0 0 0 0 0 0 0 0 0 0 0 0 0 0 0 0 0 0 0 0 0 0 0 0 0 0 0 0 0 0 0 0 0 0 0 0 0 0 0 0 0 0 0 0 0 0 0 0 0 0 0 0 0 0 0 0 0 0 0 0 0 0 0 0 0 0 0 0 0 0 0 0 0 0 0 0 0 0 0 0 0 0 0 0 0 0 0 0 0 0 0 0 0 0 0 0 0 0 0 0 0 0 0 0 0 0 0 0 0 0 0 0 0 0 0 0 0 0 0 0 0 0 0 0 0 0 0 0 0 0 0 0 0 0 0 0 0 0 0 0 0 0 0 0 0 0 0 0 0 0 0 0 0 0 0 0 0 0 0 0 0 0 0 0 0 0 0 0 0 0 0 0 0 0 0 0 0 0 0 0 0 0 0 0 0 0 0 0 0 0 0 0 0 0 0 0 0 0 0 0 0 0 0 0 0 0 0 0 0 0 0 0 0 0 0 0 0 0 0 0 0 0 0 0 0 0 0 0 0 0 0 0 0 0 0 0 0 0 0 0 0 0 0 0 0 0 0 0 0 0 0 0 0 0 0 0 0 0 0 0 0 0 0 0 0 0 0 0 0 0 0 0 0 0 0 0 0 0 0 0 0 0 0 0 0 0 0 0 0 0 0 0 0 0 0 0 0 0 0 0 0 0 0 0 0 0 0 0 0 0 0 0 0 0 0 0 0 0 0 0 0 0 0 0 0 0 0 0 0 0 0 0 0 0 0 0 0 0 0 0 0 0 0 0 0 0 0 0 0 0 0 0 0 0 0 0 0 0 0 0 0 0 0 0 0 0 0 0 0 0 0 0 0 0 0 0 0 0 0 0 0 0 0 0 0 0 0 0 0 0 0 0 0 0 0 0 0 0 0 0 0 0 0 0 0 0 0 0 0 0 0 0 0 0 0 0 0 0 0 0 0 0 0 0 0 0 0 0 0 0 0 0 0 0 0 0 0 0 0 0 0 0 0 0 0 0 0 0 0 0 0 0 0 0 0 0 0 0 0 0 0 0 0 0 0 0 0 0 0 0 0 0 0 0 0 0 0 0 0 0 0 0 0 0 0 0 0 0 0 0 0 0 0 0 0 0 0 0 0 0 0 0 0 0 0 0 0 0 0 0 0 0 0 0 0 0 0 0 0 0 0 0 0 0 0 0 0 0 0 0 0 0 0 0 0 0 0 0 0 0 0 0 0 0 0 0 0 0 0 0 0 0 0 0 0 0 0 0 0 0 0 0 0 0 0 0 0 0 0 0 0 0 0 0 0 0 0 0 0 0 0 0 0 0 0 0 0 0 0 0 0 0 0 0 0 0 0 0 0 0 0 0 0 0 0 0 0 0 0 0 0 0 0 0 0 0 0 0 0 0 0 0 0 0 0 0 0 0 0 0 0 0 0 0 0 0 0 0 0 0 0 0 0 0 0 0 0 0 0 0 0 0 0 0 0 0 0 0 0 0 0 0 0 0 0 0 0 0 0 0 0 0 0 0 0 0 0 0 0 0 0 0 0 0 0 0 0 0 0 0 0 0 0 0 0 0 0 0 0 0 0 0 0 0 0 0 0 0 0 0 0 0 0 0 0 0 0 0 0 0 0 0 0 0 0 0 0 0 0 0 0 0 0 0 0 0 0 0 0 0 0 0 0 0 0 0 0 0 0 0 0 0 0 0 0 0 0 0 0 0 0 0 0 0 0 0 0 0 0 0
ctxt 14883915
btime 1613064757
processes 353583
procs_running 1
procs_blocked 0
softirq 225754482 1 134751885 2448 3051035 0 0 192 6843642 0 81105279
