cpu  93657579 5 106818 27820258 447 0 8421 0 0 0
cpu0 726544 0 6212 216238 3 0 676 0 0 0
cpu1 731968 0 450 217427 0 0 68 0 0 0
cpu2 732284 0 394 217267 17 0 18 0 0 0
cpu3 729800 0 1277 218767 3 0 70 0 0 0
cpu4 729152 0 3845 216596 0 0 290 0 0 0
cpu5 731757 0 340 217857 7 0 18 0 0 0
cpu6 732310 0 302 217360 0 0 22 0 0 0
cpu7 731597 0 325 218022 0 0 27 0 0 0
cpu8 729332 0 3240 216997 10 0 366 0 0 0
cpu9 732164 0 190 217627 0 0 3 0 0 0
cpu10 732379 0 145 217458 0 0 2 0 0 0
cpu11 732010 0 273 217673 0 0 18 0 0 0
cpu12 731025 0 2728 215947 1 0 222 0 0 0
cpu13 732234 0 154 217595 0 0 2 0 0 0
cpu14 732130 0 144 217710 1 0 4 0 0 0
cpu15 731457 0 922 217526 0 0 88 0 0 0
cpu16 731189 0 2845 215588 1 0 336 0 0 0
cpu17 732325 0 124 217536 1 0 2 0 0 0
cpu18 732289 0 154 217525 0 0 4 0 0 0
cpu19 732104 0 276 217573 1 0 17 0 0 0
cpu20 732278 0 2843 214554 0 0 243 0 0 0
cpu21 731965 0 200 217586 1 0 185 0 0 0
cpu22 732304 0 173 217501 0 0 5 0 0 0
cpu23 732110 0 268 217581 0 0 21 0 0 0
cpu24 730326 0 3008 216226 0 0 298 0 0 0
cpu25 732260 0 188 217534 0 0 1 0 0 0
cpu26 732392 0 154 217427 0 0 2 0 0 0
cpu27 732030 0 219 217717 0 0 11 0 0 0
cpu28 730194 1 2221 217306 0 0 206 0 0 0
cpu29 732007 0 301 217646 0 0 22 0 0 0
cpu30 732408 0 160 217409 1 0 0 0 0 0
cpu31 732262 0 172 217538 0 0 6 0 0 0
cpu32 729837 0 2919 216931 1 0 238 0 0 0
cpu33 731826 0 234 217903 0 0 8 0 0 0
cpu34 732535 0 188 217250 0 0 6 0 0 0
cpu35 732131 0 298 217517 0 0 32 0 0 0
cpu36 729225 0 3895 216496 4 0 308 0 0 0
cpu37 732106 0 237 217629 1 0 3 0 0 0
cpu38 732554 0 142 217284 1 0 1 0 0 0
cpu39 732030 0 242 217697 0 0 8 0 0 0
cpu40 729784 0 3171 216687 2 0 278 0 0 0
cpu41 732017 0 208 217739 0 0 8 0 0 0
cpu42 732367 0 152 217450 0 0 4 0 0 0
cpu43 732061 0 248 217635 0 0 23 0 0 0
cpu44 728735 0 3928 216920 5 0 334 0 0 0
cpu45 732051 0 191 217722 0 0 7 0 0 0
cpu46 732056 0 176 217728 1 0 4 0 0 0
cpu47 732157 0 214 217584 2 0 10 0 0 0
cpu48 729752 0 2654 217248 0 0 261 0 0 0
cpu49 731418 0 411 218052 1 0 70 0 0 0
cpu50 732546 0 122 217307 1 0 2 0 0 0
cpu51 732256 0 188 217520 1 0 4 0 0 0
cpu52 730205 0 2748 216750 1 0 212 0 0 0
cpu53 732268 0 121 217568 9 0 0 0 0 0
cpu54 732241 0 158 217568 1 0 2 0 0 0
cpu55 732168 0 224 217559 1 0 18 0 0 0
cpu56 729966 0 2507 217252 1 0 201 0 0 0
cpu57 732130 0 182 217665 0 0 4 0 0 0
cpu58 732069 0 358 217502 1 0 36 0 0 0
cpu59 731825 0 592 217492 0 0 54 0 0 0
cpu60 730511 0 2325 216900 1 0 192 0 0 0
cpu61 731968 0 233 217761 0 0 4 0 0 0
cpu62 732026 0 141 217789 0 0 6 0 0 0
cpu63 731601 0 538 217754 0 0 51 0 0 0
cpu64 730194 0 2802 216725 20 0 160 0 0 0
cpu65 731431 0 521 217924 5 0 72 0 0 0
cpu66 731610 0 218 218097 1 0 5 0 0 0
cpu67 731406 0 873 217614 2 0 58 0 0 0
cpu68 730826 2 2079 216881 24 0 114 0 0 0
cpu69 732072 0 174 217704 0 0 3 0 0 0
cpu70 732255 0 157 217550 0 0 5 0 0 0
cpu71 731633 0 496 217774 1 0 56 0 0 0
cpu72 731901 0 1930 215600 165 0 311 0 0 0
cpu73 731940 0 211 217798 1 0 11 0 0 0
cpu74 732248 0 142 217576 0 0 0 0 0 0
cpu75 731970 0 231 217738 4 0 6 0 0 0
cpu76 734110 0 1813 213909 1 0 100 0 0 0
cpu77 732321 0 124 217522 0 0 2 0 0 0
cpu78 732350 0 121 217495 0 0 0 0 0 0
cpu79 731390 0 908 217552 1 0 104 0 0 0
cpu80 731390 0 1652 216727 8 0 120 0 0 0
cpu81 732149 0 153 217660 2 0 4 0 0 0
cpu82 732482 0 118 217360 0 0 2 0 0 0
cpu83 732244 0 200 217510 0 0 6 0 0 0
cpu84 730803 0 1642 217355 1 0 114 0 0 0
cpu85 732065 0 135 217756 0 0 1 0 0 0
cpu86 732233 0 116 217607 0 0 2 0 0 0
cpu87 732073 0 220 217638 0 0 14 0 0 0
cpu88 731117 0 1573 217127 0 0 103 0 0 0
cpu89 731844 0 186 217912 1 0 10 0 0 0
cpu90 732426 0 151 217380 0 0 0 0 0 0
cpu91 732274 0 174 217505 0 0 8 0 0 0
cpu92 731658 0 1522 216657 0 0 99 0 0 0
cpu93 732318 0 160 217468 4 0 1 0 0 0
cpu94 732544 0 145 217261 0 0 2 0 0 0
cpu95 732253 0 156 217535 3 0 5 0 0 0
cpu96 731336 0 1793 216722 1 0 90 0 0 0
cpu97 732140 0 205 217596 0 0 3 0 0 0
cpu98 732311 0 136 217502 0 0 2 0 0 0
cpu99 732037 0 279 217600 3 0 28 0 0 0
cpu100 729602 0 2525 217600 1 0 179 0 0 0
cpu101 732197 0 161 217599 0 0 1 0 0 0
cpu102 732360 0 131 217458 2 0 1 0 0 0
cpu103 732183 0 230 217524 0 0 5 0 0 0
cpu104 729314 0 3622 216652 0 0 289 0 0 0
cpu105 732094 0 149 217699 0 0 0 0 0 0
cpu106 732002 0 158 217784 2 0 1 0 0 0
cpu107 732168 0 260 217491 0 0 28 0 0 0
cpu108 730773 0 1898 217094 35 0 110 0 0 0
cpu109 732014 0 182 217732 0 0 6 0 0 0
cpu110 732497 0 166 217265 11 0 2 0 0 0
cpu111 732096 0 205 217642 0 0 6 0 0 0
cpu112 731156 0 1563 217107 4 0 96 0 0 0
cpu113 731983 0 235 217667 1 0 10 0 0 0
cpu114 732428 0 115 217401 1 0 0 0 0 0
cpu115 732236 0 160 217532 0 0 5 0 0 0
cpu116 731526 0 1570 216716 2 0 107 0 0 0
cpu117 732223 0 210 217496 0 0 2 0 0 0
cpu118 732580 0 117 217252 0 0 0 0 0 0
cpu119 732070 0 219 217638 0 0 8 0 0 0
cpu120 731027 0 1765 217041 4 0 87 0 0 0
cpu121 732255 0 166 217518 0 0 6 0 0 0
cpu122 732257 0 181 217494 0 0 1 0 0 0
cpu123 731580 0 649 217629 0 0 79 0 0 0
cpu124 731694 0 1502 216647 3 0 68 0 0 0
cpu125 732167 0 270 217470 0 0 2 0 0 0
cpu126 732575 0 176 217190 1 0 0 0 0 0
cpu127 732110 0 470 217349 0 0 8 0 0 0
intr 257903451 133 0 0 0 680 0 0 0 1 0 272 0 0 0 0 0 0 0 0 0 0 0 0 0 0 0 0 0 0 0 0 0 0 0 0 260 0 1791 1586 1950 30737 5076 526 732 4201 1538 883 343 6143 1503 678 954 26835 704 177 553 6296 1237 84173 161 3849 2329 689 254 5402 1414 812 314 3774 1220 757 803 7226 2613 342 435 2513 1279 671 549 7355 1147 569 992 5854 1124 18076 382 3479 1917 89 733 7812 1254 634 2019 6234 1522 1381 208 12114 8751 691 1244 20831 5740 552 1016 6298 29928 935 438 3362 1066 441 462 18391 4297 101 496 4235 412 439 251 6900 480 279 724 3603 824 426 347 3226 2579 599 439 5609 2051 155 367 4329 1766 401 332 3594 806 613 816 5275 494 1097 48 1829 1139 470 493 0 0 0 0 0 0 0 0 0 0 2041 1134 14005 216 524 733 357 120 191 1833 253 376 151 292 98 130 164 86 151 3209 324 135 169 189 263 3951 82 7 20 2 481 394 4 49 0 0 0 0 0 0 0 0 0 0 0 0 0 0 0 0 57 13 448 177 200 0 0 2 3 4 32 18 0 4 49 51 160 29 9 13 53 20 53 3 6 11 5 1 95 8 4 67 4 285 4 4 2 16 564 756 332 70 43 153 30 67 24 6 4 22 9 9 38 277 47 2 11 1 3 12 265 43 161 0 0 0 0 0 0 0 0 0 0 0 0 0 0 0 0 0 0 0 0 0 0 0 0 0 0 0 0 0 0 0 0 0 0 0 0 0 0 0 0 0 0 0 0 0 0 0 0 0 0 0 0 0 0 0 0 0 0 0 0 0 0 0 0 0 0 0 0 0 0 0 0 0 0 0 0 0 0 0 0 0 0 0 0 0 0 0 0 0 0 0 0 0 0 0 0 0 0 0 0 0 0 0 0 0 0 0 0 0 0 0 0 0 0 0 0 0 0 0 0 0 0 0 0 0 0 0 0 0 0 0 0 0 0 0 0 0 0 0 0 0 0 0 0 0 0 0 0 0 0 0 0 0 0 0 0 0 0 0 0 0 0 0 0 0 0 0 0 0 0 0 0 0 0 0 0 0 0 0 0 0 0 0 0 0 0 0 0 0 0 0 0 0 0 0 0 0 0 0 0 0 0 0 0 0 0 0 0 0 0 0 0 0 0 0 0 0 0 0 0 0 0 0 0 0 0 0 0 0 0 0 0 0 0 0 0 0 0 0 0 0 0 0 0 0 0 0 0 0 0 0 0 0 0 0 0 0 0 0 0 0 0 0 0 0 0 0 0 0 0 0 0 0 0 0 0 0 0 0 0 0 0 0 0 0 0 0 0 0 0 0 0 0 0 0 0 0 0 0 0 0 0 0 0 0 0 0 0 0 0 0 0 0 0 0 0 0 0 0 0 0 0 0 0 0 0 0 0 0 0 0 0 0 0 0 0 0 0 0 0 0 0 0 0 0 0 0 0 0 0 0 0 0 0 0 0 0 0 0 0 0 0 0 0 0 0 0 0 0 0 0 0 0 0 0 0 0 0 0 0 0 0 0 0 0 0 0 0 0 0 0 0 0 0 0 0 0 0 0 0 0 0 0 0 0 0 0 0 0 0 0 0 0 0 0 0 0 0 0 0 0 0 0 0 0 0 0 0 0 0 0 0 0 0 0 0 0 0 0 0 0 48 0 0 0 0 0 0 0 3 0 0 0 0 0 0 0 0 0 0 0 0 0 0 0 0 0 0 0 0 0 0 0 0 0 0 0 0 0 0 0 0 0 0 0 0 0 0 0 0 0 0 0 0 0 0 0 0 0 0 0 0 0 0 0 0 0 0 48 0 0 0 0 0 0 0 0 23 0 0 0 0 0 0 0 0 0 0 0 0 0 0 0 0 0 0 0 0 0 0 0 0 0 0 0 0 0 0 0 0 0 0 0 0 0 0 0 0 0 0 0 0 0 0 0 0 0 0 0 0 0 0 0 0 0 0 0 0 0 0 0 0 0 0 0 0 0 0 0 0 0 0 0 0 0 0 0 0 0 0 0 0 0 0 0 0 0 0 0 0 0 0 0 0 0 0 0 0 0 0 0 0 0 0 0 0 0 0 0 0 0 0 0 0 0 0 0 0 0 0 0 0 0 0 0 0 0 0 0 0 0 0 0 0 0 0 0 0 0 0 0 0 0 0 0 0 0 0 0 0 0 0 0 0 0 0 0 0 0 0 0 0 0 0 0 0 0 0 0 0 0 0 0 0 0 0 0 0 0 0 0 0 0 0 0 0 0 0 0 0 0 0 0 0 0 0 0 0 0 0 0 0 0 0 0 0 0 0 0 0 0 0 0 0 0 0 0 0 0 0 0 0 0 0 0 0 0 0 0 0 0 0 0 0 0 0 0 0 0 0 0 0 0 0 0 0 0 0 0 0 0 0 0 0 0 0 0 0 0 0 0 0 0 0 0 0 0 0 0 0 0 0 0 0 0 0 0 0 0 0 0 0 0 0 0 0 0 0 0 0 0 0 0 0 0 0 0 0 0 0 0 0 0 0 0 0 0 0 0 0 0 0 0 0 0 0 0 0 0 0 0 0 0 0 0 0 0 0 0 0 0 0 0 0 0 0 0 0 0 0 0 0 0 0 0 0 0 0 0 0 0 0 0 0 0 0 0 0 0 0 0 0 0 0 0 0 0 0 0 0 0 0 0 0 0 0 0 0 0 0 0 0 0 0 0 0 0 0 0 0 0 0 0 0 0 0 0 0 0 0 0 0 0 0 0 0 0 0 0 0 0 0 0 0 0 0 0 0 0 0 0 0 0 0 0 0 0 0 0 0 0 0 0 0 0 0 0 0 0 0 0 0 0 0 0 0 0 0 0 0 0 0 0 0 0 0 0 0 0 0 0 0 0 0 0 0 0 0 0 0 0 0 0 0 0 0 0 0 0 0 0 0 0 0 0 0 0 0 0 0 0 0 0 0 0 0 0 0 0 0 0 0 0 0 0 0 0 0 0 0 0 0 0 0 0 0 0 0 0 0 0 0 0 0 0 0 0 0 0 0 0 0 0 0 0 0 0 0 0 0 0 0 0 0 0 0 0 0 0 0 0 0 0 0 0 0 0 0 0 0 0 0 0 0 0 0 0 0 0 0 0 0 0 0 0 0 0 0 0 0 0 0 0 0 0 0 0 0 0 0 0 0 0 0 0 0 0 0 0 0 0 0 0 0 0 0 0 0 0 0 0 0 0 0 0 0 0 0 0 0 0 0 0 0 0 0 0 0 0 0 0 0 0 0 0 0 0 0 0 0 0 0 0 0 0 0 0 0 0 0 0 0 0 0 0 0 0 0 0 0 0 0 0 0 0 0 0 0 0 0 0 0 0 0 0 0 0 0 0 0 0 0 0 0 0 0 0 0 0 0 0 0 0 0 0 0 0 0 0 0 0 0 0 0 0 0 0 0 0 0 0 0 0 0 0 0 0 0 0 0 0 0 0 0 0 0 0 0 0 0 0 0 0 0 0 0 0 0 0 0 0 0 0 0 0 0 0 0 0 0 0 0 0 0 0 0 0 0 0 0 0 0 0 0 0 0 0 0 0 0 0 0 0 0 0 0 0 0 0 0 0 0 0 0 0 0 0 0 0 0 0 0 0 0 0 0 0 0 0 0 0 0 0 0 0 0 0 0 0 0 0 0 0 0 0 0 0 0 0 0 0 0 0 0 0 0 0 0 0 0 0 0 0 0 0 0 0 0 0 0 0 0 0 0 0 0 0 0 0 0 0 0 0 0 0 0 0 0 0 0 0 0 0 0 0 0 0 0 0 0 0 0 0 0 0 0 0 0 0 0 0 0 0 0 0 0 0 0 0 0 0 0 0 0 0 0 0 0 0 0 0 0 0 0 0 0 0 0 0 0 0 0 0 0 0 0 0 0 0 0 0 0 0 0 0 0 0 0 0 0 0 0 0 0 0 0 0 0 0 0 0 0 0 0 0 0 0 0 0 0 0 0 0 0 0 0 0 0 0 0 0 0 0 0 0 0 0 0 0 0 0 0 0 0 0 0 0 0 0 0 0 0 0 0 0 0 0 0 0 0 0 0 0 0 0 0 0 0 0 0 0 0 0 0 0 0 0 0 0 0 0 0 0 0 0 0 0 0 0 0 0 0 0 0 0 0 0 0 0 0 0 0 0 0 0 0 0 0 0 0 0 0 0 0 0 0 0 0 0 0 0 0 0 0 0 0 0 0 0 0 0 0 0 0 0 0 0 0 0 0 0 0 0 0 0 0 0 0 0 0 0 0 0 0 0 0 0 0 0 0 0 0 0 0 0 0 0 0 0 0 0 0 0 0 0 0 0 0 0 0 0 0 0 0 0 0 0 0 0 0 0 0 0 0 0 0 0 0 0 0 0 0 0 0 0 0 0 0 0 0 0 0 0 0 0 0 0 0 0 0 0 0 0 0 0 0 0 0 0 0 0 0 0 0 0 0 0 0 0 0 0 0 0 0 0 0 0 0 0 0 0 0 0 0 0 0 0 0 0 0 0 0 0 0 0 0 0 0 0 0 0 0 0 0 0 0 0 0 0 0 0 0 0 0 0 0 0 0 0 0 0 0 0 0 0 0 0 0 0 0 0 0 0 0 0 0 0 0 0 0 0 0 0 0 0 0 0 0 0 0 0 0 0 0 0 0 0 0 0 0 0 0 0 0 0 0 0 0 0 0 0 0 0 0 0 0 0 0 0 0 0 0 0 0 0 0 0 0 0 0 0 0 0 0 0 0 0 0 0 0 0 0 0 0 0 0 0 0 0 0 0 0 0 0 0 0 0 0 0 0 0 0 0 0 0 0 0 0 0 0 0 0 0 0 0 0 0 0 0 0 0 0 0 0 0 0 0 0 0 0 0 0 0 0 0 0 0 0 0 0 0 0 0 0 0 0 0 0 0 0 0 0 0 0 0 0 0 0 0 0 0 0 0 0 0 0 0 0 0 0 0 0 0 0 0 0 0 0 0 0 0 0 0 0 0 0 0 0 0 0 0 0 0 0 0 0 0 0 0 0 0 0 0 0 0 0 0 0 0 0 0 0 0 0 0 0 0 0 0 0 0 0 0 0 0 0 0 0 0 0 0 0 0 0 0 0 0 0 0 0 0 0 0 0 0 0 0 0 0 0 0 0 0 0 0 0 0 0 0 0 0 0 0 0 0 0 0 0 0 0 0 0 0 0 0 0 0 0 0 0 0 0 0 0 0 0 0 0 0 0 0 0 0 0 0 0 0 0 0 0 0 0 0 0 0 0 0 0 0 0 0 0 0 0 0 0 0 0 0 0 0 0 0 0 0 0 0 0 0 0 0 0 0 0 0 0 0 0 0 0 0 0 0 0 0 0 0 0 0 0 0 0 0 0 0 0 0 0 0 0 0 0 0 0 0 0 0 0 0 0 0 0 0 0 0 0 0 0 0 0 0 0 0 0 0 0 0 0 0 0 0 0 0 0 0 0 0 0 0 0 0 0 0 0 0 0 0 0 0 0 0 0 0 0 0 0 0 0 0 0 0 0 0 0 0 0 0 0 0 0 0 0 0 0 0 0 0 0 0 0 0 0 0 0 0 0 0 0 0 0 0 0 0 0 0 0 0 0 0 0 0 0 0 0 0 0 0 0 0 0 0 0 0 0 0 0 0 0 0 0 0 0 0 0 0 0 0 0 0 0 0 0 0 0 0 0 0 0 0 0 0 0 0 0 0 0 0 0 0 0 0 0 0 0 0 0 0 0 0 0 0 0 0 0 0 0 0 0 0 0 0 0 0 0 0 0 0 0 0 0 0 0 0 0 0 0 0 0 0 0 0 0 0 0 0 0 0 0 0 0 0 0 0 0 0 0 0 0 0 0 0 0 0 0 0 0 0 0 0 0 0 0 0 0 0 0 0 0 0 0 0 0 0 0 0 0 0 0 0 0 0 0 0 0 0 0 0 0 0 0 0 0 0 0 0 0 0 0 0 0 0 0 0 0 0 0 0 0 0 0 0 0 0 0 0 0 0 0 0 0 0 0 0 0 0 0 0 0 0 0 0 0 0 0 0 0 0 0 0 0 0 0 0 0 0 0 0 0 0 0 0 0 0 0 0 0 0 0 0 0 0 0 0 0 0 0 0 0 0 0 0 0 0 0 0 0 0 0 0 0 0 0 0 0 0 0 0 0 0 0 0 0 0 0 0 0 0 0 0 0 0 0 0 0 0 0 0 0 0 0 0 0 0 0 0 0 0 0 0 0 0 0 0 0 0 0 0 0 0 0 0 0 0 0 0 0 0 0 0 0 0 0 0 0 0 0 0 0 0 0 0 0 0 0 0 0 0 0 0 0 0 0 0 0 0 0 0 0 0 0 0 0 0 0 0 0 0 0 0 0 0 0 0 0 0 0 0 0 0 0 0 0 0 0 0 0 0 0 0 0 0 0 0 0 0 0 0 0 0 0 0 0 0 0 0 0 0 0 0 0 0 0 0 0 0 0 0 0 0 0 0 0 0 0 0 0 0 0 0 0 0 0 0 0 0 0 0 0 0 0 0 0 0 0 0 0 0 0 0 0 0 0 0 0 0 0 0 0 0 0 0 0 0 0 0 0 0 0 0 0 0 0 0 0 0 0 0 0 0 0 0 0 0 0 0 0 0 0 0 0 0 0 0 0 0 0 0 0 0 0 0 0 0 0 0 0 0 0 0 0 0 0 0 0 0 0 0 0 0 0 0 0 0 0 0 0 0 0 0 0 0 0 0 0 0 0 0 0 0 0 0 0 0 0 0 0 0 0 0 0 0 0 0 0 0 0 0 0 0 0 0 0 0 0 0 0 0 0 0 0 0 0 0 0 0 0 0 0 0 0 0 0 0 0 0 0 0 0 0 0 0 0 0 0 0 0 0 0 0 0 0 0 0 0 0 0 0 0 0 0 0 0 0 0 0 0 0 0 0 0 0 0 0 0 0 0 0 0 0 0 0 0 0 0 0 0 0 0 0 0 0 0 0 0 0 0 0 0 0 0 0 0 0 0 0 0 0 0 0 0 0 0 0 0 0 0 0 0 0 0 0 0 0 0 0 0 0 0 0 0 0 0 0 0 0 0 0 0 0 0 0 0 0 0 0 0 0 0 0 0 0 0 0 0 0 0 0 0 0 0 0 0 0 0 0 0 0 0 0 0 0 0 0 0 0 0 0 0 0 0 0 0 0 0 0 0 0 0 0 0 0 0 0 0 0 0 0 0 0 0 0 0 0 0 0 0 0 0 0 0 0 0 0 0 0 0 0 0 0 0 0 0 0 0 0 0 0 0 0 0 0 0 0 0 0 0 0 0 0 0 0 0 0 0 0 0 0 0 0 0 0 0 0 0 0 0 0 0 0 0 0 0 0 0 0 0 0 0 0 0 0 0 0 0 0 0 0 0 0 0 0 0 0 0 0 0 0 0 0 0 0 0 0 0 0 0 0 0 0 0 0 0 0 0 0 0 0 0 0 0 0 0 0 0 0 0 0 0 0 0 0 0 0 0 0 0 0 0 0 0 0 0 0 0 0 0 0 0 0 0 0 0 0 0 0 0 0 0 0 0 0 0 0 0 0 0 0 0 0 0 0 0 0 0 0 0 0 0 0 0 0 0 0 0 0 0 0 0 0 0 0 0 0 0 0 0 0 0 0 0 0 0 0 0 0 0 0 0 0 0 0 0 0 0 0 0 0 0 0 0 0 0 0 0 0 0 0 0 0 0 0 0 0 0 0 0 0 0 0 0 0 0 0 0 0 0 0 0 0 0 0 0 0 0 0 0 0 0 0 0 0 0 0 0 0 0 0 0 0 0 0 0 0 0 0 0 0 0 0 0 0 0 0 0 0 0 0 0 0 0 0 0 0 0 0 0 0 0 0 0 0 0 0 0 0 0 0 0 0 0 0 0 0 0 0 0 0 0 0 0 0 0 0 0 0 0 0 0 0 0 0 0 0 0 0 0 0 0 0 0 0 0 0 0 0 0 0 0 0 0 0 0 0 0 0 0 0 0 0 0 0 0 0 0 0 0 0 0 0 0 0 0 0 0 0 0 0 0 0 0 0 0 0 0 0 0 0 0 0 0 0 0 0 0 0 0 0 0 0 0 0 0 0 0 0 0 0 0 0 0 0 0 0 0 0 0 0 0 0 0 0 0 0 0 0 0 0 0 0 0 0 0 0 0 0 0 0 0 0 0 0 0 0 0 0 0 0 0 0 0 0 0 0 0 0 0 0 0 0 0 0 0 0 0 0 0 0 0 0 0 0 0 0 0 0 0 0 0 0 0 0 0 0 0 0 0 0 0 0 0 0 0 0 0 0 0 0 0 0 0 0 0 0 0 0 0 0 0 0 0 0 0 0 0 0 0 0 0 0 0 0 0 0 0 0 0 0 0 0 0 0 0 0 0 0 0 0 0 0 0 0 0 0 0 0 0 0 0 0 0 0 0 0 0 0 0 0 0 0 0 0 0 0 0 0 0 0 0 0 0 0 0 0 0 0 0 0 0 0 0 0 0 0 0 0 0 0 0 0 0 0 0 0 0 0 0 0 0 0 0 0 0 0 0 0 0 0 0 0 0 0 0 0 0 0 0 0 0 0 0 0 0 0 0 0 0 0 0 0 0 0 0 0 0 0 0 0 0 0 0 0 0 0 0 0 0 0 0 0 0 0 0 0 0 0 0 0 0 0 0 0 0 0 0 0 0 0 0 0 0 0 0 0 0 0 0 0 0 0 0 0 0 0 0 0 0 0 0 0 0 0 0 0 0 0 0 0 0 0 0 0 0 0 0 0 0 0 0 0 0 0 0 0 0 0 0 0 0 0 0 0 0 0 0 0 0 0 0 0 0 0 0 0 0 0 0 0 0 0 0 0 0 0 0 0 0 0 0 0 0 0 0 0 0 0 0 0 0 0 0 0 0 0 0 0 0 0 0 0 0 0 0 0 0 0 0 0 0 0 0 0 0 0 0 0 0 0 0 0 0 0 0 0 0 0 0 0 0 0 0 0 0 0 0 0 0 0 0 0 0 0 0 0 0 0 0 0 0 0 0 0 0 0 0 0 0 0 0 0 0 0 0 0 0 0 0 0 0 0 0 0 0 0 0 0 0 0 0 0 0 0 0 0 0 0 0 0 0 0 0 0 0 0 0 0 0 0 0 0 0 0 0 0 0 0 0 0 0 0 0 0 0 0 0 0 0 0 0 0 0 0 0 0 0 0 0 0 0 0 0 0 0 0 0 0 0 0 0 0 0 0 0 0 0 0 0 0 0 0 0 0 0 0 0 0 0 0 0 0 0 0 0 0 0 0 0 0 0 0 0 0 0 0 0 0 0 0 0 0 0 0 0 0 0 0 0 0 0 0 0 0 0 0 0 0 0 0 0 0 0 0 0 0 0 0 0 0 0 0 0 0 0 0 0 0 0 0 0 0 0 0 0 0 0 0 0 0 0 0 0 0 0 0 0 0 0 0 0 0 0 0 0 0 0 0 0 0 0 0 0 0 0 0 0 0 0 0 0 0 0 0 0 0 0 0 0 0 0 0 0 0 0 0 0 0 0 0 0 0 0 0 0 0 0 0 0 0 0 0 0 0 0 0 0 0 0 0 0 0 0 0 0 0 0 0 0 0 0 0 0 0 0 0 0 0 0 0 0 0 0 0 0 0 0 0 0 0 0 0 0 0 0 0 0 0 0 0 0 0 0 0 0 0 0 0 0 0 0 0 0 0 0 0 0 0 0 0 0 0 0 0 0 0 0 0 0 0 0 0 0 0 0 0 0 0 0 0 0 0 0 0 0 0 0 0 0 0 0 0 0 0 0 0 0 0 0 0 0 0 0 0 0 0 0 0 0 0 0 0 0 0 0 0 0 0 0 0 0 0 0 0 0 0 0 0 0 0 0 0 0 0 0 0 0 0 0 0 0 0 0 0 0 0 0 0 0 0 0 0 0 0 0 0 0 0 0 0 0 0 0 0 0 0 0 0 0 0 0 0 0 0 0 0 0 0 0 0 0 0 0 0
ctxt 14217893
btime 1613064757
processes 288576
procs_running 1
procs_blocked 0
softirq 272067190 1 176247761 2705 2564269 0 0 896 8574311 0 84677247
