cpu  3897274 6 7309 2015805 145 0 404 0 0 0
cpu0 60922 0 290 31098 0 0 119 0 0 0
cpu1 60808 0 128 31553 11 0 18 0 0 0
cpu2 60847 0 229 31367 0 0 39 0 0 0
cpu3 60877 0 42 31613 0 0 0 0 0 0
cpu4 60877 0 170 31468 0 0 3 0 0 0
cpu5 60879 0 43 31605 1 0 0 0 0 0
cpu6 61028 0 184 31304 0 0 1 0 0 0
cpu7 60460 0 414 31600 1 0 54 0 0 0
cpu8 60989 0 178 31354 1 0 2 0 0 0
cpu9 60631 0 248 31612 0 0 38 0 0 0
cpu10 60981 0 124 31423 1 0 0 0 0 0
cpu11 60882 0 28 31614 4 0 0 0 0 0
cpu12 60937 0 92 31495 0 0 0 0 0 0
cpu13 60877 0 41 31609 0 0 0 0 0 0
cpu14 61150 0 118 31253 0 0 3 0 0 0
cpu15 60884 0 34 31606 0 0 0 0 0 0
cpu16 61412 2 238 30854 7 0 0 0 0 0
cpu17 60882 0 34 31610 0 0 0 0 0 0
cpu18 60849 0 160 31510 0 0 0 0 0 0
cpu19 60882 0 40 31602 0 0 0 0 0 0
cpu20 61094 0 163 31132 80 0 6 0 0 0
cpu21 60860 0 55 31606 0 0 1 0 0 0
cpu22 60769 0 176 31577 2 0 3 0 0 0
cpu23 60820 0 94 31601 0 0 6 0 0 0
cpu24 60830 0 202 31477 4 0 3 0 0 0
cpu25 60879 0 38 31603 2 0 0 0 0 0
cpu26 60824 0 154 31537 0 0 4 0 0 0
cpu27 60880 0 34 31608 0 0 0 0 0 0
cpu28 60837 0 116 31564 0 0 1 0 0 0
cpu29 60878 0 38 31607 0 0 0 0 0 0
cpu30 60942 0 166 31398 2 0 2 0 0 0
cpu31 60878 0 47 31597 0 0 0 0 0 0
cpu32 61025 0 172 31307 0 0 0 0 0 0
cpu33 60755 0 160 31599 0 0 6 0 0 0
cpu34 60912 0 174 31392 0 0 0 0 0 0
cpu35 60884 0 38 31595 0 0 0 0 0 0
cpu36 60918 0 177 31412 0 0 0 0 0 0
cpu37 60880 0 33 31604 0 0 0 0 0 0
cpu38 61067 0 191 31241 0 0 0 0 0 0
cpu39 60596 0 288 31600 0 0 33 0 0 0
cpu40 60993 0 181 31333 1 0 0 0 0 0
cpu41 60856 0 60 31599 0 0 1 0 0 0
cpu42 60953 0 133 31434 0 0 0 0 0 0
cpu43 60883 0 44 31582 0 0 0 0 0 0
cpu44 60944 1 88 31475 0 0 1 0 0 0
cpu45 60756 0 143 31591 0 0 25 0 0 0
cpu46 61121 0 94 31293 0 0 0 0 0 0
cpu47 60880 0 38 31589 0 0 0 0 0 0
cpu48 60882 0 63 31568 0 0 0 0 0 0
cpu49 60878 0 31 31607 0 0 0 0 0 0
cpu50 60915 0 100 31491 0 0 0 0 0 0
cpu51 60880 0 37 31594 0 0 0 0 0 0
cpu52 61130 0 122 31246 2 0 0 0 0 0
cpu53 60856 0 54 31598 0 0 4 0 0 0
cpu54 60852 0 105 31545 0 0 1 0 0 0
cpu55 60804 0 102 31592 0 0 8 0 0 0
cpu56 60886 0 102 31525 0 0 0 0 0 0
cpu57 60878 0 37 31587 7 0 0 0 0 0
cpu58 60868 0 72 31568 0 0 1 0 0 0
cpu59 60875 0 38 31595 0 0 0 0 0 0
cpu60 60876 0 72 31561 0 0 1 0 0 0
cpu61 60880 0 46 31582 0 0 0 0 0 0
cpu62 60942 0 116 31438 0 0 0 0 0 0
cpu63 60878 0 54 31574 0 0 0 0 0 0
intr 11487731 83 0 0 0 612 0 0 0 1 0 285 0 0 0 0 0 0 0 0 0 0 0 0 0 0 0 0 0 0 0 0 0 0 0 0 0 0 0 5 954 21460 0 30 0 1 6419 0 12358 1196 0 2 0 1077 0 17 0 2 0 2806 747 20 4262 3 5 2 235 1 17 4 743 5 7351 0 65 1 0 0 3711 49 0 0 0 104 0 4 0 6 0 0 0 51 1906 3009 5114 4 0 880 252 2522 0 2 214 0 0 0 0 0 0 0 0 0 0 0 0 0 0 0 0 0 30922 94 0 0 0 0 0 0 0 0 0 0 0 0 0 0 0 0 0 0 0 0 0 0 0 0 0 0 0 0 0 0 0 0 0 0 0 0 0 0 0 0 0 0 0 0 0 0 0 0 0 0 0 0 0 0 0 0 0 0 0 0 0 0 0 0 0 0 0 0 0 0 0 0 0 0 0 20 0 0 0 0 0 0 0 0 0 0 0 0 0 0 0 0 0 0 0 0 0 0 0 0 0 0 0 0 0 0 0 0 0 0 0 0 0 0 0 0 0 0 0 0 0 0 0 0 0 0 0 0 0 0 0 0 0 0 0 0 0 0 0 0 0 0 0 0 0 0 0 0 0 0 0 0 0 0 0 0 0 0 0 0 0 0 0 0 0 0 0 0 0 0 0 0 0 0 0 0 0 0 0 0 0 0 0 0 0 0 0 0 0 0 0 0 0 0 0 0 0 0 0 0 0 0 0 0 0 0 0 0 0 0 0 0 0 0 0 0 0 0 0 0 0 0 0 0 0 0 0 0 0 0 0 0 0 0 0 0 0 0 0 0 0 0 0 0 0 0 0 0 0 0 0 0 0 0 0 0 0 0 0 0 0 0 0 0 0 0 0 0 0 0 0 0 0 0 0 0 0 0 0 0 0 0 0 0 0 0 0 0 0 0 0 0 0 0 0 0 0 0 0 0 0 0 0 0 0 0 0 0 0 0 0 0 0 0 0 0 0 0 0 0 0 0 0 0 0 0 0 0 0 0 0 0 0 0 0 0 0 0 0 0 0 0 0 0 0 0 0 0 0 0 0 0 0 0 0 0 0 0 0 0 0 0 0 0 0 0 0 0 0 0 0 0 0 0 0 0 0 0 0 0 0 0 0 0 0 0 0 0 0 0 0 0 0 0 0 0 0 0 0 0 0 0 0 0 0 0 0 0 0 0 0 0 0 0 0 0 0 0 0 0 0 0 0 0 0 0 0 0 0 0 0 0 0 0 0 0 0 0 0 0 0 0 0 0 0 0 0 0 0 0 0 0 0 0 0 0 0 0 0 0 0 0 0 0 0 0 0 0 0 0 0 0 0 0 0 0 0 0 0 0 0 0 0 0 0 0 0 0 0 0 0 0 0 0 0 0 0 0 0 0 0 0 0 0 0 0 0 0 0 0 0 0 0 0 0 0 0 0 0 0 0 0 0 0 0 0 0 0 0 0 0 0 0 0 0 0 0 0 0 0 0 0 0 0 0 0 0 0 0 0 0 0 0 0 0 0 0 0 0 0 0 0 0 0 0 0 0 0 0 0 0 0 0 0 0 0 0 0 0 0 0 0 0 0 0 0 0 0 0 0 0 0 0 0 0 0 0 0 0 0 0 0 0 0 0 0 0 0 0 0 0 0 0 0 0 0 0 0 0 0 0 0 0 0 0 0 0 0 0 0 0 0 0 0 0 0 0 0 0 0 0 0 0 0 0 0 0 0 0 0 0 0 0 0 0 0 0 0 0 0 0 0 0 0 0 0 0 0 0 0 0 0 0 0 0 0 0 0 0 0 0 0 0 0 0 0 0 0 0 0 0 0 0 0 0 0 0 0 0 0 0 0 0 0 0 0 0 0 0 0 0 0 0 0 0 0 0 0 0 0 0 0 0 0 0 0 0 0 0 0 0 0 0 0 0 0 0 0 0 0 0 0 0 0 0 0 0 0 0 0 0 0 0 0 0 0 0 0 0 0 0 0 0 0 0 0 0 0 0 0 0 0 0 0 0 0 0 0 0 0 0 0 0 0 0 0 0 0 0 0 0 0 0 0 0 0 0 0 0 0 0 0 0 0 0 0 0 0 0 0 0 0 0 0 0 0 0 0 0 0 0 0 0 0 0 0 0 0 0 0 0 0 0 0 0 0 0 0 0 0 0 0 0 0 0 0 0 0 0 0 0 0 0 0 0 0 0 0 0 0 0 0 0 0 0 0 0 0 0 0 0 0 0 0 0 0 0 0 0 0 0 0 0 0 0 0 0 0 0 0 0 0 0 0 0 0 0 0 0 0 0 0 0 0 0 0 0 0 0 0 0 0 0 0 0 0 0 0 0 0 0 0 0 0 0 0 0 0 0 0 0 0 0 0 0 0 0 0 0 0 0 0 0 0 0 0 0 0 0 0 0 0 0 0 0 0 0 0 0 0 0 0 0 0 0 0 0 0 0 0 0 0 0 0 0 0 0 0 0 0 0 0 0 0 0 0 0 0 0 0 0 0 0 0 0 0 0 0 0 0 0 0 0 0 0 0 0 0 0 0 0 0 0 0 0 0 0 0 0 0 0 0 0 0 0 0 0 0 0 0 0 0 0 0 0 0 0 0 0 0 0 0 0 0 0 0 0 0 0 0 0 0 0 0 0 0 0 0 0 0 0 0 0 0 0 0 0 0 0 0 0 0 0 0 0 0 0 0 0 0 0 0 0 0 0 0 0 0 0 0 0 0 0 0 0 0 0 0 0 0 0 0 0 0 0 0 0 0 0 0 0 0 0 0 0 0 0 0 0 0 0 0 0 0 0 0 0 0 0 0 0 0 0 0 0 0 0 0 0 0 0 0 0 0 0 0 0 0 0 0 0 0 0 0 0 0 0 0 0 0 0 0 0 0 0 0 0 0 0 0 0 0 0 0 0 0 0 0 0 0 0 0 0 0 0 0 0 0 0 0 0 0 0 0 0 0 0 0 0 0 0 0 0 0 0 0 0 0 0 0 0 0 0 0 0 0 0 0 0 0 0 0 0 0 0 0 0 0 0 0 0 0 0 0 0 0 0 0 0 0 0 0 0 0 0 0 0 0 0 0 0 0 0 0 0 0 0 0 0 0 0 0 0 0 0 0 0 0 0 0 0 0 0 0 0 0 0 0 0 0 0 0 0 0 0 0 0 0 0 0 0 0 0 0 0 0 0 0 0 0 0 0 0 0 0 0 0 0 0 0 0 0 0 0 0 0 0 0 0 0 0 0 0 0 0 0 0 0 0 0 0 0 0 0 0 0 0 0 0 0 0 0 0 0 0 0 0 0 0 0 0 0 0 0 0 0 0 0 0 0 0 0 0 0 0 0 0 0 0 0 0 0 0 0 0 0 0 0 0 0 0 0 0 0 0 0 0 0 0 0 0 0 0 0 0 0 0 0 0 0 0 0 0 0 0 0 0 0 0 0 0 0 0 0 0 0 0 0 0 0 0 0 0 0 0 0 0 0 0 0 0 0 0 0 0 0 0 0 0 0 0 0 0 0 0 0 0 0 0 0 0 0 0 0 0 0 0 0 0 0 0 0 0 0 0 0 0 0 0 0 0 0 0 0 0 0 0 0 0 0 0 0 0 0 0 0 0 0 0 0 0 0 0 0 0 0 0 0 0 0 0 0 0 0 0 0 0 0 0 0 0 0 0 0 0 0 0 0 0 0 0 0 0 0 0 0 0 0 0 0 0 0 0 0 0 0 0 0 0 0 0 0 0 0 0 0 0 0 0 0 0 0 0 0 0 0 0 0 0 0 0 0 0 0 0 0 0 0 0 0 0 0 0 0 0 0 0 0 0 0 0 0 0 0 0 0 0 0 0 0 0 0 0 0 0 0 0 0 0 0 0 0 0 0 0 0 0 0 0 0 0 0 0 0 0 0 0 0 0 0 0 0 0 0 0 0 0 0 0 0 0 0 0 0 0 0 0 0 0 0 0 0 0 0 0 0 0 0 0 0 0 0 0 0 0 0 0 0 0 0 0 0 0 0 0 0 0 0 0 0 0 0 0 0 0 0 0 0 0 0 0 0 0 0 0 0 0 0 0 0 0 0 0 0 0 0 0 0 0 0 0 0 0 0 0 0 0 0 0 0 0 0 0 0 0 0 0 0 0 0 0 0 0 0 0 0 0 0 0 0 0 0 0 0 0 0 0 0 0 0 0 0 0 0 0 0 0 0 0 0 0 0 0 0 0 0 0 0 0 0 0 0 0 0 0 0 0 0 0 0 0 0 0 0 0 0 0 0 0 0 0 0 0 0 0 0 0 0 0 0 0 0 0 0 0 0 0 0 0 0 0 0 0 0 0 0 0 0 0 0 0 0 0 0 0 0 0 0 0 0 0 0 0 0 0 0 0 0 0 0 0 0 0 0 0 0 0 0 0 0 0 0 0 0 0 0 0 0 0 0 0 0 0 0 0 0 0 0 0 0 0 0 0 0 0 0 0 0 0 0 0 0 0 0 0 0 0 0 0 0 0 0 0 0 0 0 0 0 0 0 0 0 0 0 0 0 0 0 0 0 0 0 0 0 0 0 0 0 0 0 0 0 0 0 0 0 0 0 0 0 0 0 0 0 0 0 0 0 0 0 0 0 0 0 0 0 0 0 0 0 0 0 0 0 0 0 0 0 0 0 0 0 0 0 0 0 0 0 0 0 0 0 0 0 0 0 0 0 0 0 0 0 0 0 0 0 0 0 0 0 0 0 0 0 0 0 0 0 0 0 0 0 0 0 0 0 0 0 0 0 0 0 0 0 0 0 0 0 0 0 0 0 0 0 0 0 0 0 0 0 0 0 0 0 0 0 0 0 0 0 0 0 0 0 0 0 0 0 0 0 0 0 0 0 0 0 0 0 0 0 0 0 0 0 0 0 0 0 0 0 0 0 0 0 0 0 0 0 0 0 0 0 0 0 0 0 0 0 0 0 0 0 0 0 0 0 0 0 0 0 0 0 0 0 0 0 0 0 0 0 0 0 0 0 0 0 0 0 0 0 0 0 0 0 0 0 0 0 0 0 0 0 0 0 0 0 0 0 0 0 0 0 0 0 0 0 0 0 0 0 0 0 0 0 0 0 0 0 0 0 0 0 0 0 0 0 0 0 0 0 0 0 0 0 0 0 0 0 0 0 0 0 0 0 0
ctxt 2093538
btime 1613144793
processes 47545
procs_running 1
procs_blocked 0
softirq 12172472 1 6635639 743 377960 0 0 149 497375 0 4660605
