cpu  25625778 4 37134 7130601 497 0 3611 0 0 0
cpu0 711189 0 1560 197873 13 0 590 0 0 0
cpu1 713816 0 1227 195926 1 0 133 0 0 0
cpu2 710668 0 1868 197494 2 0 974 0 0 0
cpu3 710806 0 1901 198248 4 0 94 0 0 0
cpu4 711876 0 1199 197871 44 0 59 0 0 0
cpu5 712313 0 1018 197664 29 0 20 0 0 0
cpu6 711672 0 982 198319 16 0 42 0 0 0
cpu7 711743 0 866 198389 13 0 32 0 0 0
cpu8 711793 0 844 198308 72 0 29 0 0 0
cpu9 711518 0 970 198490 2 0 72 0 0 0
cpu10 711596 0 1018 198379 4 0 52 0 0 0
cpu11 711840 0 886 198279 0 0 37 0 0 0
cpu12 710112 0 2362 198284 9 0 266 0 0 0
cpu13 711843 0 1055 198055 1 0 88 0 0 0
cpu14 711630 0 925 198463 1 0 24 0 0 0
cpu15 711514 0 1140 198229 5 0 161 0 0 0
cpu16 711081 0 1409 198380 2 0 170 0 0 0
cpu17 711585 0 1109 198307 7 0 21 0 0 0
cpu18 712156 0 930 197939 3 0 14 0 0 0
cpu19 712808 0 876 197255 48 0 28 0 0 0
cpu20 712554 0 1005 197409 1 0 52 0 0 0
cpu21 711849 0 1662 197440 2 0 73 0 0 0
cpu22 711770 0 1394 197771 62 0 42 0 0 0
cpu23 712324 0 592 198018 70 0 12 0 0 0
cpu24 712328 0 429 198269 4 0 10 0 0 0
cpu25 711957 0 761 198308 1 0 10 0 0 0
cpu26 711905 0 631 198462 0 0 43 0 0 0
cpu27 711583 0 891 198448 1 0 118 0 0 0
cpu28 712126 0 542 198347 1 0 20 0 0 0
cpu29 712126 0 467 198430 0 0 16 0 0 0
cpu30 712027 0 640 198353 10 0 8 0 0 0
cpu31 712474 0 412 198128 1 0 25 0 0 0
cpu32 712071 2 532 198407 8 0 10 0 0 0
cpu33 712156 0 623 198171 20 0 50 0 0 0
cpu34 711283 0 1352 198241 19 0 132 0 0 0
cpu35 711671 0 1043 198231 2 0 71 0 0 0
intr 70674114 56 0 0 0 614 0 0 0 1 0 263 0 0 0 0 0 0 0 0 0 0 0 0 0 0 0 0 0 0 0 0 0 742 195 599 516 4717 2539 590 413 3010 1162 175 127 2377 286 597 249 571 479 216 6151 831 183 2204 3248 0 0 0 0 387 128 442 95 70 128 614 119 1019 1822 1372 347 93 0 16 15236 3582 0 18145 897 174231 2577 581 1012 1399 1593 1623 1355 1381 1937 78088 8093 3293 2894 2500 1042 1615 615 5725 3521 625 1238 456 636 1920 1367 967 2715 974 855 1640 1029 1896 1387 0 18 7935 1 0 0 0 0 0 0 0 0 0 0 0 0 0 0 0 0 0 0 0 0 0 0 0 0 0 0 0 0 0 0 0 0 0 0 0 0 0 21 0 0 0 0 0 0 0 0 0 0 0 0 0 0 0 0 0 0 0 0 0 0 0 0 0 0 0 0 0 0 0 0 0 0 0 0 0 0 0 0 0 0 0 0 0 0 0 0 0 0 0 0 0 0 0 0 0 0 0 0 0 0 0 0 0 0 0 0 0 0 0 0 0 0 0 0 0 0 0 0 0 0 0 0 0 0 0 0 0 0 0 0 0 0 0 0 0 0 0 0 0 0 0 0 0 0 0 0 0 0 0 0 0 0 0 0 0 0 0 0 0 0 0 0 0 0 0 0 0 0 0 0 0 0 0 0 0 0 0 0 0 0 0 0 0 0 0 0 0 0 0 0 0 0 0 0 0 0 0 0 0 0 0 0 0 0 0 0 0 0 0 0 0 0 0 0 0 0 0 0 0 0 0 0 0 0 0 0 0 0 0 0 0 0 0 0 0 0 0 0 0 0 0 0 0 0 0 0 0 0 0 0 0 0 0 0 0 0 0 0 0 0 0 0 0 0 0 0 0 0 0 0 0 0 0 0 0 0 0 0 0 0 0 0 0 0 0 0 0 0 0 0 0 0 0 0 0 0 0 0 0 0 0 0 0 0 0 0 0 0 0 0 0 0 0 0 0 0 0 0 0 0 0 0 0 0 0 0 0 0 0 0 0 0 0 0 0 0 0 0 0 0 0 0 0 0 0 0 0 0 0 0 0 0 0 0 0 0 0 0 0 0 0 0 0 0 0 0 0 0 0 0 0 0 0 0 0 0 0 0 0 0 0 0 0 0 0 0 0 0 0 0 0 0 0 0 0 0 0 0 0 0 0 0 0 0 0 0 0 0 0 0 0 0 0 0 0 0 0 0 0 0 0 0 0 0 0 0 0 0 0 0 0 0 0 0 0 0 0 0 0 0 0 0 0 0 0 0 0 0 0 0 0 0 0 0 0 0 0 0 0 0 0 0 0 0 0 0 0 0 0 0 0 0 0 0 0 0 0 0 0 0 0 0 0 0 0 0 0 0 0 0 0 0 0 0 0 0 0 0 0 0 0 0 0 0 0 0 0 0 0 0 0 0 0 0 0 0 0 0 0 0 0 0 0 0 0 0 0 0 0 0 0 0 0 0 0 0 0 0 0 0 0 0 0 0 0 0 0 0 0 0 0 0 0 0 0 0 0 0 0 0 0 0 0 0 0 0 0 0 0 0 0 0 0 0 0 0 0 0 0 0 0 0 0 0 0 0 0 0 0 0 0 0 0 0 0 0 0 0 0 0 0 0 0 0 0 0 0 0 0 0 0 0 0 0 0 0 0 0 0 0 0 0 0 0 0 0 0 0 0 0 0 0 0 0 0 0 0 0 0 0 0 0 0 0 0 0 0 0 0 0 0 0 0 0 0 0 0 0 0 0 0 0 0 0 0 0 0 0 0 0 0 0 0 0 0 0 0 0 0 0 0 0 0 0 0 0 0 0 0 0 0 0 0 0 0 0 0 0 0 0 0 0 0 0 0 0 0 0 0 0 0 0 0 0 0 0 0 0 0 0 0 0 0 0 0 0 0 0 0 0 0 0 0 0 0 0 0 0 0 0 0 0 0 0 0 0 0 0 0 0 0 0 0 0 0 0 0 0 0 0 0 0 0 0 0 0 0 0 0 0 0 0 0 0 0 0 0 0 0 0 0 0 0 0 0 0 0 0 0 0 0 0 0 0 0 0 0 0 0 0 0 0 0 0 0 0 0 0 0 0 0 0 0 0 0 0 0 0 0 0 0 0 0 0 0 0 0 0 0 0 0 0 0 0 0 0 0 0 0 0 0 0 0 0 0 0 0 0 0 0 0 0 0 0 0 0 0 0 0 0 0 0 0 0 0 0 0 0 0 0 0 0 0 0 0 0 0 0 0 0 0 0 0 0 0 0 0 0 0 0 0 0 0 0 0 0 0 0 0 0 0 0 0 0 0 0 0 0 0 0 0 0 0 0 0 0 0 0 0 0 0 0 0 0 0 0 0 0 0 0 0 0 0 0 0 0 0 0 0 0 0 0 0 0 0 0 0 0 0 0 0 0 0 0 0 0 0 0 0 0 0 0 0 0 0 0 0 0 0 0 0 0 0 0 0 0 0 0 0 0 0 0 0 0 0 0 0 0 0 0 0 0 0 0 0 0 0 0 0 0 0 0 0 0 0 0 0 0 0 0 0 0 0 0 0 0 0 0 0 0 0 0 0 0 0 0 0 0 0 0 0 0 0 0 0 0 0 0 0 0 0 0 0 0 0 0 0 0 0 0 0 0 0 0 0 0 0 0 0 0 0 0 0 0 0 0 0 0 0 0 0 0 0 0 0 0 0 0 0 0 0 0 0 0 0 0 0 0 0 0 0 0 0 0 0 0 0 0 0 0 0 0 0 0 0 0 0 0 0 0 0 0 0 0 0 0 0 0 0 0 0 0 0 0 0 0 0 0 0 0 0 0 0 0 0 0 0 0
ctxt 18412589
btime 1613124388
processes 460926
procs_running 1
procs_blocked 0
softirq 92090392 1 53235585 773 3470279 0 0 329619 2409322 0 32644813
