cpu  5603702 4 9346 6667952 512 0 940 0 0 0
cpu0 155538 0 352 185035 9 0 229 0 0 0
cpu1 155292 0 518 185293 1 0 70 0 0 0
cpu2 155492 0 384 185278 2 0 18 0 0 0
cpu3 155566 0 265 185318 17 0 14 0 0 0
cpu4 155466 0 302 185384 2 0 32 0 0 0
cpu5 155598 0 205 185372 2 0 12 0 0 0
cpu6 155621 0 244 185309 0 0 7 0 0 0
cpu7 155545 0 251 185371 5 0 10 0 0 0
cpu8 155878 0 275 185012 6 0 13 0 0 0
cpu9 155442 0 363 185335 9 0 41 0 0 0
cpu10 155572 0 233 185351 4 0 8 0 0 0
cpu11 155714 0 211 185237 2 0 9 0 0 0
cpu12 155651 0 197 185302 11 0 15 0 0 0
cpu13 155794 0 201 185180 4 0 2 0 0 0
cpu14 155623 0 401 185123 4 0 22 0 0 0
cpu15 155657 0 292 185219 14 0 7 0 0 0
cpu16 155598 0 302 185272 2 0 7 0 0 0
cpu17 155663 0 223 185257 2 0 31 0 0 0
cpu18 155629 0 224 185271 51 0 9 0 0 0
cpu19 155247 0 472 185366 4 0 87 0 0 0
cpu20 155590 0 248 185280 41 0 20 0 0 0
cpu21 155610 0 233 185295 42 0 13 0 0 0
cpu22 155599 0 184 185322 58 0 14 0 0 0
cpu23 155678 0 116 185363 10 0 2 0 0 0
cpu24 155785 0 177 185212 0 0 2 0 0 0
cpu25 155594 0 185 185402 0 0 2 0 0 0
cpu26 155714 0 186 185270 0 0 8 0 0 0
cpu27 155593 0 221 185353 0 0 11 0 0 0
cpu28 155411 0 320 185281 0 0 164 0 0 0
cpu29 155814 0 158 185172 16 0 4 0 0 0
cpu30 155776 0 136 185252 2 0 2 0 0 0
cpu31 156170 0 179 184812 4 0 0 0 0 0
cpu32 156044 1 345 184760 7 0 18 0 0 0
cpu33 155779 2 190 185202 7 0 2 0 0 0
cpu34 156245 0 323 184464 122 0 16 0 0 0
cpu35 155699 0 216 185208 34 0 5 0 0 0
intr 15707670 56 0 0 0 609 0 0 0 1 0 257 0 0 0 0 0 0 0 0 0 0 0 0 0 0 0 0 0 0 0 0 92 545 46 154 175 263 108 92 1482 467 519 369 173 378 479 429 437 214 279 1673 164 2400 1320 2844 1523 0 0 0 0 19 16 88 14 364 455 160 350 658 484 10307 3522 0 0 16 9179 2 0 5873 129 1037 750 3643 73 1456 152 1092 656 402 63 187 34 203 1697 353 1349 1889 5699 4927 3477 12 40 110 274 1222 856 42527 302 213 377 421 122 2596 81 0 17 7656 1 0 0 0 0 0 0 0 0 0 0 0 0 0 0 0 0 0 0 0 0 0 0 0 0 0 0 0 0 0 0 0 0 0 0 0 0 0 22 0 0 0 0 0 0 0 0 0 0 0 0 0 0 0 0 0 0 0 0 0 0 0 0 0 0 0 0 0 0 0 0 0 0 0 0 0 0 0 0 0 0 0 0 0 0 0 0 0 0 0 0 0 0 0 0 0 0 0 0 0 0 0 0 0 0 0 0 0 0 0 0 0 0 0 0 0 0 0 0 0 0 0 0 0 0 0 0 0 0 0 0 0 0 0 0 0 0 0 0 0 0 0 0 0 0 0 0 0 0 0 0 0 0 0 0 0 0 0 0 0 0 0 0 0 0 0 0 0 0 0 0 0 0 0 0 0 0 0 0 0 0 0 0 0 0 0 0 0 0 0 0 0 0 0 0 0 0 0 0 0 0 0 0 0 0 0 0 0 0 0 0 0 0 0 0 0 0 0 0 0 0 0 0 0 0 0 0 0 0 0 0 0 0 0 0 0 0 0 0 0 0 0 0 0 0 0 0 0 0 0 0 0 0 0 0 0 0 0 0 0 0 0 0 0 0 0 0 0 0 0 0 0 0 0 0 0 0 0 0 0 0 0 0 0 0 0 0 0 0 0 0 0 0 0 0 0 0 0 0 0 0 0 0 0 0 0 0 0 0 0 0 0 0 0 0 0 0 0 0 0 0 0 0 0 0 0 0 0 0 0 0 0 0 0 0 0 0 0 0 0 0 0 0 0 0 0 0 0 0 0 0 0 0 0 0 0 0 0 0 0 0 0 0 0 0 0 0 0 0 0 0 0 0 0 0 0 0 0 0 0 0 0 0 0 0 0 0 0 0 0 0 0 0 0 0 0 0 0 0 0 0 0 0 0 0 0 0 0 0 0 0 0 0 0 0 0 0 0 0 0 0 0 0 0 0 0 0 0 0 0 0 0 0 0 0 0 0 0 0 0 0 0 0 0 0 0 0 0 0 0 0 0 0 0 0 0 0 0 0 0 0 0 0 0 0 0 0 0 0 0 0 0 0 0 0 0 0 0 0 0 0 0 0 0 0 0 0 0 0 0 0 0 0 0 0 0 0 0 0 0 0 0 0 0 0 0 0 0 0 0 0 0 0 0 0 0 0 0 0 0 0 0 0 0 0 0 0 0 0 0 0 0 0 0 0 0 0 0 0 0 0 0 0 0 0 0 0 0 0 0 0 0 0 0 0 0 0 0 0 0 0 0 0 0 0 0 0 0 0 0 0 0 0 0 0 0 0 0 0 0 0 0 0 0 0 0 0 0 0 0 0 0 0 0 0 0 0 0 0 0 0 0 0 0 0 0 0 0 0 0 0 0 0 0 0 0 0 0 0 0 0 0 0 0 0 0 0 0 0 0 0 0 0 0 0 0 0 0 0 0 0 0 0 0 0 0 0 0 0 0 0 0 0 0 0 0 0 0 0 0 0 0 0 0 0 0 0 0 0 0 0 0 0 0 0 0 0 0 0 0 0 0 0 0 0 0 0 0 0 0 0 0 0 0 0 0 0 0 0 0 0 0 0 0 0 0 0 0 0 0 0 0 0 0 0 0 0 0 0 0 0 0 0 0 0 0 0 0 0 0 0 0 0 0 0 0 0 0 0 0 0 0 0 0 0 0 0 0 0 0 0 0 0 0 0 0 0 0 0 0 0 0 0 0 0 0 0 0 0 0 0 0 0 0 0 0 0 0 0 0 0 0 0 0 0 0 0 0 0 0 0 0 0 0 0 0 0 0 0 0 0 0 0 0 0 0 0 0 0 0 0 0 0 0 0 0 0 0 0 0 0 0 0 0 0 0 0 0 0 0 0 0 0 0 0 0 0 0 0 0 0 0 0 0 0 0 0 0 0 0 0 0 0 0 0 0 0 0 0 0 0 0 0 0 0 0 0 0 0 0 0 0 0 0 0 0 0 0 0 0 0 0 0 0 0 0 0 0 0 0 0 0 0 0 0 0 0 0 0 0 0 0 0 0 0 0 0 0 0 0 0 0 0 0 0 0 0 0 0 0 0 0 0 0 0 0 0 0 0 0 0 0 0 0 0 0 0 0 0 0 0 0 0 0 0 0 0 0 0 0 0 0 0 0 0 0 0 0 0 0 0 0 0 0 0 0 0 0 0 0 0 0 0 0 0 0 0 0 0 0 0 0 0 0 0 0 0 0 0 0 0 0 0 0 0 0 0 0 0 0 0 0 0 0 0 0 0 0 0 0 0 0 0 0 0 0 0 0 0 0 0 0 0 0 0 0 0 0 0 0 0 0 0 0 0 0 0 0 0 0 0 0 0 0 0 0 0 0 0 0 0 0 0 0 0 0 0 0 0 0 0 0 0 0 0 0 0 0 0 0 0 0 0 0 0 0 0 0 0 0 0 0 0 0 0 0 0 0 0 0 0 0 0 0 0 0 0 0 0 0 0 0 0 0 0 0 0 0 0 0 0 0 0 0 0 0 0 0 0 0 0 0 0 0 0 0 0 0 0 0 0 0 0 0 0 0 0 0 0
ctxt 4386668
btime 1613124388
processes 107159
procs_running 1
procs_blocked 0
softirq 20685135 1 11979418 336 789222 0 0 82360 616500 0 7217298
