cpu  7471290 8 11237 3868082 178 0 806 0 0 0
cpu0 116514 0 556 60068 0 0 134 0 0 0
cpu1 116656 0 200 60485 9 0 50 0 0 0
cpu2 116614 0 310 60453 1 0 9 0 0 0
cpu3 116469 0 326 60547 4 0 36 0 0 0
cpu4 117156 0 459 59682 8 0 5 0 0 0
cpu5 116684 0 146 60542 4 0 7 0 0 0
cpu6 116736 0 138 60493 1 0 6 0 0 0
cpu7 116610 0 290 60436 2 0 45 0 0 0
cpu8 116598 0 301 60473 0 0 3 0 0 0
cpu9 116706 0 161 60488 3 0 26 0 0 0
cpu10 116589 0 355 60417 3 0 5 0 0 0
cpu11 116766 0 90 60519 2 0 1 0 0 0
cpu12 116667 0 238 60464 1 0 8 0 0 0
cpu13 116843 0 116 60402 1 0 6 0 0 0
cpu14 116729 0 261 60381 0 0 12 0 0 0
cpu15 116623 0 396 60271 2 0 73 0 0 0
cpu16 116561 0 308 60493 0 0 12 0 0 0
cpu17 116761 0 210 60347 1 0 42 0 0 0
cpu18 116687 0 240 60444 0 0 9 0 0 0
cpu19 116657 0 236 60438 1 0 38 0 0 0
cpu20 116627 0 215 60438 47 0 4 0 0 0
cpu21 116804 0 94 60468 11 0 1 0 0 0
cpu22 116716 0 158 60496 1 0 4 0 0 0
cpu23 116715 0 127 60519 8 0 9 0 0 0
cpu24 116716 0 190 60459 1 0 4 0 0 0
cpu25 116750 0 64 60564 1 0 3 0 0 0
cpu26 116760 0 138 60465 0 0 3 0 0 0
cpu27 116660 0 163 60527 1 0 28 0 0 0
cpu28 116728 0 109 60533 0 0 6 0 0 0
cpu29 116737 0 86 60544 2 0 8 0 0 0
cpu30 116784 0 70 60510 0 0 0 0 0 0
cpu31 116736 0 76 60549 1 0 10 0 0 0
cpu32 116815 0 205 60344 1 0 0 0 0 0
cpu33 116657 0 146 60556 1 0 10 0 0 0
cpu34 116698 2 137 60535 0 0 0 0 0 0
cpu35 116607 0 191 60562 0 0 12 0 0 0
cpu36 116670 0 176 60513 0 0 5 0 0 0
cpu37 116642 0 166 60549 5 0 7 0 0 0
cpu38 117671 0 176 59523 1 0 0 0 0 0
cpu39 116667 0 158 60534 1 0 10 0 0 0
cpu40 116854 0 134 60371 5 0 1 0 0 0
cpu41 116802 0 121 60430 1 0 3 0 0 0
cpu42 116686 0 162 60517 0 0 1 0 0 0
cpu43 116776 0 99 60491 0 0 4 0 0 0
cpu44 116755 0 196 60417 0 0 1 0 0 0
cpu45 116766 0 147 60438 0 0 13 0 0 0
cpu46 116886 0 276 60199 0 0 1 0 0 0
cpu47 116862 0 165 60324 2 0 6 0 0 0
cpu48 116714 0 146 60498 0 0 5 0 0 0
cpu49 116817 0 214 60326 2 0 3 0 0 0
cpu50 116735 0 104 60519 0 0 4 0 0 0
cpu51 116800 0 121 60442 2 0 2 0 0 0
cpu52 116757 0 88 60520 0 0 2 0 0 0
cpu53 116801 0 84 60477 3 0 2 0 0 0
cpu54 116756 0 74 60523 1 0 5 0 0 0
cpu55 116730 0 109 60521 0 0 5 0 0 0
cpu56 116807 0 144 60410 0 0 0 0 0 0
cpu57 116763 0 66 60529 0 0 0 0 0 0
cpu58 116777 0 77 60504 0 0 0 0 0 0
cpu59 116502 1 254 60539 1 0 67 0 0 0
cpu60 116812 0 80 60452 0 0 0 0 0 0
cpu61 116763 0 55 60540 0 0 2 0 0 0
cpu62 116772 0 46 60539 0 0 0 0 0 0
cpu63 116789 0 72 60491 7 0 0 0 0 0
intr 21568121 83 0 0 0 639 0 0 0 1 0 282 0 0 0 0 0 0 0 0 0 0 0 0 0 0 0 0 0 0 0 0 0 0 0 0 0 0 0 832 3597 1420 11453 4 4136 1250 1004 612 7941 11 642 2 1032 245 2480 64 13904 8 2111 16 818 0 3852 528 744 12 531 0 260 0 653 2 4646 0 6485 72 6107 0 2898 34 1826 1 845 40 847 12 1545 372 2059 2 1289 2701 789 1586 1825 0 237 41 443 7 392 47 370 0 0 0 0 0 0 0 0 0 0 0 0 0 0 0 0 0 29797 93 0 0 0 0 0 0 0 0 0 0 0 0 0 0 0 0 0 0 0 0 0 0 0 0 0 0 0 0 0 0 0 0 0 0 0 0 0 0 0 0 0 0 0 0 0 0 0 0 0 0 0 0 0 0 0 0 0 0 0 0 0 0 0 0 0 0 0 0 0 0 0 0 0 0 0 15 0 0 0 0 0 0 0 0 0 0 0 0 0 0 0 0 0 0 0 0 0 0 0 0 0 0 0 0 0 0 0 0 0 0 0 0 0 0 0 0 0 0 0 0 0 0 0 0 0 0 0 0 0 0 0 0 0 0 0 0 0 0 0 0 0 0 0 0 0 0 0 0 0 0 0 0 0 0 0 0 0 0 0 0 0 0 0 0 0 0 0 0 0 0 0 0 0 0 0 0 0 0 0 0 0 0 0 0 0 0 0 0 0 0 0 0 0 0 0 0 0 0 0 0 0 0 0 0 0 0 0 0 0 0 0 0 0 0 0 0 0 0 0 0 0 0 0 0 0 0 0 0 0 0 0 0 0 0 0 0 0 0 0 0 0 0 0 0 0 0 0 0 0 0 0 0 0 0 0 0 0 0 0 0 0 0 0 0 0 0 0 0 0 0 0 0 0 0 0 0 0 0 0 0 0 0 0 0 0 0 0 0 0 0 0 0 0 0 0 0 0 0 0 0 0 0 0 0 0 0 0 0 0 0 0 0 0 0 0 0 0 0 0 0 0 0 0 0 0 0 0 0 0 0 0 0 0 0 0 0 0 0 0 0 0 0 0 0 0 0 0 0 0 0 0 0 0 0 0 0 0 0 0 0 0 0 0 0 0 0 0 0 0 0 0 0 0 0 0 0 0 0 0 0 0 0 0 0 0 0 0 0 0 0 0 0 0 0 0 0 0 0 0 0 0 0 0 0 0 0 0 0 0 0 0 0 0 0 0 0 0 0 0 0 0 0 0 0 0 0 0 0 0 0 0 0 0 0 0 0 0 0 0 0 0 0 0 0 0 0 0 0 0 0 0 0 0 0 0 0 0 0 0 0 0 0 0 0 0 0 0 0 0 0 0 0 0 0 0 0 0 0 0 0 0 0 0 0 0 0 0 0 0 0 0 0 0 0 0 0 0 0 0 0 0 0 0 0 0 0 0 0 0 0 0 0 0 0 0 0 0 0 0 0 0 0 0 0 0 0 0 0 0 0 0 0 0 0 0 0 0 0 0 0 0 0 0 0 0 0 0 0 0 0 0 0 0 0 0 0 0 0 0 0 0 0 0 0 0 0 0 0 0 0 0 0 0 0 0 0 0 0 0 0 0 0 0 0 0 0 0 0 0 0 0 0 0 0 0 0 0 0 0 0 0 0 0 0 0 0 0 0 0 0 0 0 0 0 0 0 0 0 0 0 0 0 0 0 0 0 0 0 0 0 0 0 0 0 0 0 0 0 0 0 0 0 0 0 0 0 0 0 0 0 0 0 0 0 0 0 0 0 0 0 0 0 0 0 0 0 0 0 0 0 0 0 0 0 0 0 0 0 0 0 0 0 0 0 0 0 0 0 0 0 0 0 0 0 0 0 0 0 0 0 0 0 0 0 0 0 0 0 0 0 0 0 0 0 0 0 0 0 0 0 0 0 0 0 0 0 0 0 0 0 0 0 0 0 0 0 0 0 0 0 0 0 0 0 0 0 0 0 0 0 0 0 0 0 0 0 0 0 0 0 0 0 0 0 0 0 0 0 0 0 0 0 0 0 0 0 0 0 0 0 0 0 0 0 0 0 0 0 0 0 0 0 0 0 0 0 0 0 0 0 0 0 0 0 0 0 0 0 0 0 0 0 0 0 0 0 0 0 0 0 0 0 0 0 0 0 0 0 0 0 0 0 0 0 0 0 0 0 0 0 0 0 0 0 0 0 0 0 0 0 0 0 0 0 0 0 0 0 0 0 0 0 0 0 0 0 0 0 0 0 0 0 0 0 0 0 0 0 0 0 0 0 0 0 0 0 0 0 0 0 0 0 0 0 0 0 0 0 0 0 0 0 0 0 0 0 0 0 0 0 0 0 0 0 0 0 0 0 0 0 0 0 0 0 0 0 0 0 0 0 0 0 0 0 0 0 0 0 0 0 0 0 0 0 0 0 0 0 0 0 0 0 0 0 0 0 0 0 0 0 0 0 0 0 0 0 0 0 0 0 0 0 0 0 0 0 0 0 0 0 0 0 0 0 0 0 0 0 0 0 0 0 0 0 0 0 0 0 0 0 0 0 0 0 0 0 0 0 0 0 0 0 0 0 0 0 0 0 0 0 0 0 0 0 0 0 0 0 0 0 0 0 0 0 0 0 0 0 0 0 0 0 0 0 0 0 0 0 0 0 0 0 0 0 0 0 0 0 0 0 0 0 0 0 0 0 0 0 0 0 0 0 0 0 0 0 0 0 0 0 0 0 0 0 0 0 0 0 0 0 0 0 0 0 0 0 0 0 0 0 0 0 0 0 0 0 0 0 0 0 0 0 0 0 0 0 0 0 0 0 0 0 0 0 0 0 0 0 0 0 0 0 0 0 0 0 0 0 0 0 0 0 0 0 0 0 0 0 0 0 0 0 0 0 0 0 0 0 0 0 0 0 0 0 0 0 0 0 0 0 0 0 0 0 0 0 0 0 0 0 0 0 0 0 0 0 0 0 0 0 0 0 0 0 0 0 0 0 0 0 0 0 0 0 0 0 0 0 0 0 0 0 0 0 0 0 0 0 0 0 0 0 0 0 0 0 0 0 0 0 0 0 0 0 0 0 0 0 0 0 0 0 0 0 0 0 0 0 0 0 0 0 0 0 0 0 0 0 0 0 0 0 0 0 0 0 0 0 0 0 0 0 0 0 0 0 0 0 0 0 0 0 0 0 0 0 0 0 0 0 0 0 0 0 0 0 0 0 0 0 0 0 0 0 0 0 0 0 0 0 0 0 0 0 0 0 0 0 0 0 0 0 0 0 0 0 0 0 0 0 0 0 0 0 0 0 0 0 0 0 0 0 0 0 0 0 0 0 0 0 0 0 0 0 0 0 0 0 0 0 0 0 0 0 0 0 0 0 0 0 0 0 0 0 0 0 0 0 0 0 0 0 0 0 0 0 0 0 0 0 0 0 0 0 0 0 0 0 0 0 0 0 0 0 0 0 0 0 0 0 0 0 0 0 0 0 0 0 0 0 0 0 0 0 0 0 0 0 0 0 0 0 0 0 0 0 0 0 0 0 0 0 0 0 0 0 0 0 0 0 0 0 0 0 0 0 0 0 0 0 0 0 0 0 0 0 0 0 0 0 0 0 0 0 0 0 0 0 0 0 0 0 0 0 0 0 0 0 0 0 0 0 0 0 0 0 0 0 0 0 0 0 0 0 0 0 0 0 0 0 0 0 0 0 0 0 0 0 0 0 0 0 0 0 0 0 0 0 0 0 0 0 0 0 0 0 0 0 0 0 0 0 0 0 0 0 0 0 0 0 0 0 0 0 0 0 0 0 0 0 0 0 0 0 0 0 0 0 0 0 0 0 0 0 0 0 0 0 0 0 0 0 0 0 0 0 0 0 0 0 0 0 0 0 0 0 0 0 0 0 0 0 0 0 0 0 0 0 0 0 0 0 0 0 0 0 0 0 0 0 0 0 0 0 0 0 0 0 0 0 0 0 0 0 0 0 0 0 0 0 0 0 0 0 0 0 0 0 0 0 0 0 0 0 0 0 0 0 0 0 0 0 0 0 0 0 0 0 0 0 0 0 0 0 0 0 0 0 0 0 0 0 0 0 0 0 0 0 0 0 0 0 0 0 0 0 0 0 0 0 0 0 0 0 0 0 0 0 0 0 0 0 0 0 0 0 0 0 0 0 0 0 0 0 0 0 0 0 0 0 0 0 0 0 0 0 0 0 0 0 0 0 0 0 0 0 0 0 0 0 0 0 0 0 0 0 0 0 0 0 0 0 0 0 0 0 0 0 0 0 0 0 0 0 0 0 0 0 0 0 0 0 0 0 0 0 0 0 0 0 0 0 0 0 0 0 0 0 0 0 0 0 0 0 0 0 0 0 0 0 0 0 0 0 0 0 0 0 0 0 0 0 0 0 0 0 0 0 0 0 0 0 0 0 0 0 0 0 0 0 0 0 0 0 0 0 0 0 0 0 0 0 0 0 0 0 0 0 0 0 0 0 0 0 0 0 0 0 0 0 0 0 0 0 0 0 0 0 0 0 0 0 0 0 0 0 0 0 0 0 0 0 0 0 0 0 0 0 0 0 0 0 0 0 0 0 0 0 0 0 0 0 0 0 0 0 0 0 0 0 0 0 0 0 0 0 0 0 0 0 0 0 0 0 0 0 0 0 0 0 0 0 0 0 0 0 0 0 0 0 0 0 0 0 0 0 0 0 0 0 0 0 0 0 0 0 0 0 0 0 0 0 0 0 0 0 0 0 0 0 0 0 0 0 0 0 0 0 0 0 0 0 0 0 0 0 0 0 0 0 0 0 0 0 0 0 0 0 0 0 0 0 0 0 0 0 0 0 0 0 0 0 0 0 0 0 0 0 0 0 0 0 0 0 0 0 0 0 0 0 0 0 0 0 0 0 0 0 0 0 0 0 0 0 0 0 0 0 0 0 0 0 0 0 0 0 0 0 0 0 0 0 0 0 0 0 0 0 0 0 0 0 0 0 0 0 0 0 0 0 0 0 0 0 0 0 0 0 0 0 0 0 0 0 0 0 0 0 0 0 0 0 0 0 0 0 0 0 0 0 0 0 0 0 0 0 0 0 0 0 0 0 0 0 0 0 0 0 0 0 0 0 0 0 0 0 0 0 0 0 0 0 0 0 0 0 0 0 0 0 0 0 0 0 0 0 0 0 0 0 0 0 0 0 0
ctxt 3214876
btime 1613123985
processes 72019
procs_running 1
procs_blocked 0
softirq 24250496 1 13900176 567 569838 0 0 141 823379 0 8956394
