cpu  28164954 8 51557 4314777 180 0 4658 0 0 0
cpu0 438782 0 2198 67049 0 0 308 0 0 0
cpu1 439843 0 940 67498 9 0 120 0 0 0
cpu2 439597 0 1719 66922 1 0 155 0 0 0
cpu3 439489 0 1107 67632 4 0 155 0 0 0
cpu4 440050 0 1425 66728 8 0 105 0 0 0
cpu5 440399 0 342 67619 4 0 24 0 0 0
cpu6 439554 0 1140 67540 1 0 147 0 0 0
cpu7 439861 0 886 67516 2 0 125 0 0 0
cpu8 439355 0 1419 67547 0 0 60 0 0 0
cpu9 440408 0 369 67564 3 0 47 0 0 0
cpu10 439714 0 1104 67465 3 0 89 0 0 0
cpu11 440296 0 448 67589 2 0 50 0 0 0
cpu12 439305 0 1502 67506 1 0 74 0 0 0
cpu13 440467 0 388 67481 1 0 41 0 0 0
cpu14 439484 0 1368 67446 0 0 89 0 0 0
cpu15 440333 0 600 67350 2 0 90 0 0 0
cpu16 438543 0 2079 67565 0 0 196 0 0 0
cpu17 440218 0 500 67425 1 0 223 0 0 0
cpu18 439047 0 1843 67333 0 0 166 0 0 0
cpu19 440390 0 420 67513 1 0 51 0 0 0
cpu20 439572 0 1210 67393 49 0 114 0 0 0
cpu21 440494 0 318 67548 11 0 16 0 0 0
cpu22 439532 0 1161 67572 1 0 117 0 0 0
cpu23 440440 0 316 67598 8 0 25 0 0 0
cpu24 440023 0 877 67439 1 0 37 0 0 0
cpu25 440485 0 252 67642 1 0 10 0 0 0
cpu26 439450 0 1260 67516 0 0 147 0 0 0
cpu27 440312 0 420 67607 1 0 47 0 0 0
cpu28 439608 0 1118 67575 0 0 81 0 0 0
cpu29 440500 0 246 67622 2 0 16 0 0 0
cpu30 439332 0 1287 67551 0 0 207 0 0 0
cpu31 440358 0 359 67633 1 0 28 0 0 0
cpu32 440113 0 1014 67202 1 0 40 0 0 0
cpu33 440052 0 666 67626 1 0 33 0 0 0
cpu34 440303 2 1109 66931 0 0 31 0 0 0
cpu35 440316 0 396 67639 0 0 29 0 0 0
cpu36 440680 0 737 66915 0 0 37 0 0 0
cpu37 440390 0 342 67627 5 0 16 0 0 0
cpu38 442315 0 745 65261 1 0 37 0 0 0
cpu39 439905 0 782 67603 1 0 88 0 0 0
cpu40 440973 0 842 66517 5 0 28 0 0 0
cpu41 440550 0 288 67509 1 0 18 0 0 0
cpu42 439618 0 1152 67453 0 0 154 0 0 0
cpu43 440453 0 320 67570 0 0 36 0 0 0
cpu44 440056 0 1084 67216 0 0 23 0 0 0
cpu45 440544 0 290 67517 0 0 22 0 0 0
cpu46 439441 0 1622 67155 0 0 149 0 0 0
cpu47 440663 0 280 67404 2 0 19 0 0 0
cpu48 439449 0 1472 67352 0 0 100 0 0 0
cpu49 440475 0 470 67406 2 0 19 0 0 0
cpu50 439693 0 1013 67585 0 0 80 0 0 0
cpu51 440582 0 260 67521 2 0 11 0 0 0
cpu52 440320 0 444 67570 0 0 41 0 0 0
cpu53 440529 0 271 67557 3 0 16 0 0 0
cpu54 440113 0 616 67589 1 0 50 0 0 0
cpu55 440404 0 345 67601 0 0 22 0 0 0
cpu56 440188 0 706 67459 0 0 15 0 0 0
cpu57 440562 0 190 67609 0 0 8 0 0 0
cpu58 440254 0 533 67547 0 0 35 0 0 0
cpu59 440177 1 493 67619 1 0 83 0 0 0
cpu60 440198 0 679 67443 0 0 22 0 0 0
cpu61 440535 0 204 67611 1 0 17 0 0 0
cpu62 439314 0 1246 67615 0 0 188 0 0 0
cpu63 440524 0 300 67529 7 0 6 0 0 0
intr 78602377 83 0 0 0 639 0 0 0 1 0 282 0 0 0 0 0 0 0 0 0 0 0 0 0 0 0 0 0 0 0 0 0 0 0 0 0 0 0 1192 27494 1468 12836 304 7090 1253 9340 743 11291 619 4661 525 4732 254 3690 1331 67742 184 3932 9664 2072 1560 6916 1150 1177 489 3328 1866 607 789 3235 1450 15510 170 8833 127 7002 253 11644 323 2734 493 5133 845 1495 12 2185 669 8411 765 3136 2885 1865 3687 4656 1096 822 583 2749 773 1591 835 2002 0 0 0 0 0 0 0 0 0 0 0 0 0 0 0 0 0 31853 93 0 0 0 0 0 0 0 0 0 0 0 0 0 0 0 0 0 0 0 0 0 0 0 0 0 0 0 0 0 0 0 0 0 0 0 0 0 0 0 0 0 0 0 0 0 0 0 0 0 0 0 0 0 0 0 0 0 0 0 0 0 0 0 0 0 0 0 0 0 0 0 0 0 0 0 15 0 0 0 0 0 0 0 0 0 0 0 0 0 0 0 0 0 0 0 0 0 0 0 0 0 0 0 0 0 0 0 0 0 0 0 0 0 0 0 0 0 0 0 0 0 0 0 0 0 0 0 0 0 0 0 0 0 0 0 0 0 0 0 0 0 0 0 0 0 0 0 0 0 0 0 0 0 0 0 0 0 0 0 0 0 0 0 0 0 0 0 0 0 0 0 0 0 0 0 0 0 0 0 0 0 0 0 0 0 0 0 0 0 0 0 0 0 0 0 0 0 0 0 0 0 0 0 0 0 0 0 0 0 0 0 0 0 0 0 0 0 0 0 0 0 0 0 0 0 0 0 0 0 0 0 0 0 0 0 0 0 0 0 0 0 0 0 0 0 0 0 0 0 0 0 0 0 0 0 0 0 0 0 0 0 0 0 0 0 0 0 0 0 0 0 0 0 0 0 0 0 0 0 0 0 0 0 0 0 0 0 0 0 0 0 0 0 0 0 0 0 0 0 0 0 0 0 0 0 0 0 0 0 0 0 0 0 0 0 0 0 0 0 0 0 0 0 0 0 0 0 0 0 0 0 0 0 0 0 0 0 0 0 0 0 0 0 0 0 0 0 0 0 0 0 0 0 0 0 0 0 0 0 0 0 0 0 0 0 0 0 0 0 0 0 0 0 0 0 0 0 0 0 0 0 0 0 0 0 0 0 0 0 0 0 0 0 0 0 0 0 0 0 0 0 0 0 0 0 0 0 0 0 0 0 0 0 0 0 0 0 0 0 0 0 0 0 0 0 0 0 0 0 0 0 0 0 0 0 0 0 0 0 0 0 0 0 0 0 0 0 0 0 0 0 0 0 0 0 0 0 0 0 0 0 0 0 0 0 0 0 0 0 0 0 0 0 0 0 0 0 0 0 0 0 0 0 0 0 0 0 0 0 0 0 0 0 0 0 0 0 0 0 0 0 0 0 0 0 0 0 0 0 0 0 0 0 0 0 0 0 0 0 0 0 0 0 0 0 0 0 0 0 0 0 0 0 0 0 0 0 0 0 0 0 0 0 0 0 0 0 0 0 0 0 0 0 0 0 0 0 0 0 0 0 0 0 0 0 0 0 0 0 0 0 0 0 0 0 0 0 0 0 0 0 0 0 0 0 0 0 0 0 0 0 0 0 0 0 0 0 0 0 0 0 0 0 0 0 0 0 0 0 0 0 0 0 0 0 0 0 0 0 0 0 0 0 0 0 0 0 0 0 0 0 0 0 0 0 0 0 0 0 0 0 0 0 0 0 0 0 0 0 0 0 0 0 0 0 0 0 0 0 0 0 0 0 0 0 0 0 0 0 0 0 0 0 0 0 0 0 0 0 0 0 0 0 0 0 0 0 0 0 0 0 0 0 0 0 0 0 0 0 0 0 0 0 0 0 0 0 0 0 0 0 0 0 0 0 0 0 0 0 0 0 0 0 0 0 0 0 0 0 0 0 0 0 0 0 0 0 0 0 0 0 0 0 0 0 0 0 0 0 0 0 0 0 0 0 0 0 0 0 0 0 0 0 0 0 0 0 0 0 0 0 0 0 0 0 0 0 0 0 0 0 0 0 0 0 0 0 0 0 0 0 0 0 0 0 0 0 0 0 0 0 0 0 0 0 0 0 0 0 0 0 0 0 0 0 0 0 0 0 0 0 0 0 0 0 0 0 0 0 0 0 0 0 0 0 0 0 0 0 0 0 0 0 0 0 0 0 0 0 0 0 0 0 0 0 0 0 0 0 0 0 0 0 0 0 0 0 0 0 0 0 0 0 0 0 0 0 0 0 0 0 0 0 0 0 0 0 0 0 0 0 0 0 0 0 0 0 0 0 0 0 0 0 0 0 0 0 0 0 0 0 0 0 0 0 0 0 0 0 0 0 0 0 0 0 0 0 0 0 0 0 0 0 0 0 0 0 0 0 0 0 0 0 0 0 0 0 0 0 0 0 0 0 0 0 0 0 0 0 0 0 0 0 0 0 0 0 0 0 0 0 0 0 0 0 0 0 0 0 0 0 0 0 0 0 0 0 0 0 0 0 0 0 0 0 0 0 0 0 0 0 0 0 0 0 0 0 0 0 0 0 0 0 0 0 0 0 0 0 0 0 0 0 0 0 0 0 0 0 0 0 0 0 0 0 0 0 0 0 0 0 0 0 0 0 0 0 0 0 0 0 0 0 0 0 0 0 0 0 0 0 0 0 0 0 0 0 0 0 0 0 0 0 0 0 0 0 0 0 0 0 0 0 0 0 0 0 0 0 0 0 0 0 0 0 0 0 0 0 0 0 0 0 0 0 0 0 0 0 0 0 0 0 0 0 0 0 0 0 0 0 0 0 0 0 0 0 0 0 0 0 0 0 0 0 0 0 0 0 0 0 0 0 0 0 0 0 0 0 0 0 0 0 0 0 0 0 0 0 0 0 0 0 0 0 0 0 0 0 0 0 0 0 0 0 0 0 0 0 0 0 0 0 0 0 0 0 0 0 0 0 0 0 0 0 0 0 0 0 0 0 0 0 0 0 0 0 0 0 0 0 0 0 0 0 0 0 0 0 0 0 0 0 0 0 0 0 0 0 0 0 0 0 0 0 0 0 0 0 0 0 0 0 0 0 0 0 0 0 0 0 0 0 0 0 0 0 0 0 0 0 0 0 0 0 0 0 0 0 0 0 0 0 0 0 0 0 0 0 0 0 0 0 0 0 0 0 0 0 0 0 0 0 0 0 0 0 0 0 0 0 0 0 0 0 0 0 0 0 0 0 0 0 0 0 0 0 0 0 0 0 0 0 0 0 0 0 0 0 0 0 0 0 0 0 0 0 0 0 0 0 0 0 0 0 0 0 0 0 0 0 0 0 0 0 0 0 0 0 0 0 0 0 0 0 0 0 0 0 0 0 0 0 0 0 0 0 0 0 0 0 0 0 0 0 0 0 0 0 0 0 0 0 0 0 0 0 0 0 0 0 0 0 0 0 0 0 0 0 0 0 0 0 0 0 0 0 0 0 0 0 0 0 0 0 0 0 0 0 0 0 0 0 0 0 0 0 0 0 0 0 0 0 0 0 0 0 0 0 0 0 0 0 0 0 0 0 0 0 0 0 0 0 0 0 0 0 0 0 0 0 0 0 0 0 0 0 0 0 0 0 0 0 0 0 0 0 0 0 0 0 0 0 0 0 0 0 0 0 0 0 0 0 0 0 0 0 0 0 0 0 0 0 0 0 0 0 0 0 0 0 0 0 0 0 0 0 0 0 0 0 0 0 0 0 0 0 0 0 0 0 0 0 0 0 0 0 0 0 0 0 0 0 0 0 0 0 0 0 0 0 0 0 0 0 0 0 0 0 0 0 0 0 0 0 0 0 0 0 0 0 0 0 0 0 0 0 0 0 0 0 0 0 0 0 0 0 0 0 0 0 0 0 0 0 0 0 0 0 0 0 0 0 0 0 0 0 0 0 0 0 0 0 0 0 0 0 0 0 0 0 0 0 0 0 0 0 0 0 0 0 0 0 0 0 0 0 0 0 0 0 0 0 0 0 0 0 0 0 0 0 0 0 0 0 0 0 0 0 0 0 0 0 0 0 0 0 0 0 0 0 0 0 0 0 0 0 0 0 0 0 0 0 0 0 0 0 0 0 0 0 0 0 0 0 0 0 0 0 0 0 0 0 0 0 0 0 0 0 0 0 0 0 0 0 0 0 0 0 0 0 0 0 0 0 0 0 0 0 0 0 0 0 0 0 0 0 0 0 0 0 0 0 0 0 0 0 0 0 0 0 0 0 0 0 0 0 0 0 0 0 0 0 0 0 0 0 0 0 0 0 0 0 0 0 0 0 0 0 0 0 0 0 0 0 0 0 0 0 0 0 0 0 0 0 0 0 0 0 0 0 0 0 0 0 0 0 0 0 0 0 0 0 0 0 0 0 0 0 0 0 0 0 0 0 0 0 0 0 0 0 0 0 0 0 0 0 0 0 0 0 0 0 0 0 0 0 0 0 0 0 0 0 0 0 0 0 0 0 0 0 0 0 0 0 0 0 0 0 0 0 0 0 0 0 0 0 0 0 0 0 0 0 0 0 0 0 0 0 0 0 0 0 0 0 0 0 0 0 0 0 0 0 0 0 0 0 0 0 0 0 0 0 0 0 0 0 0 0 0 0 0 0 0 0 0 0 0 0 0 0 0 0 0 0 0 0 0 0 0 0 0 0 0 0 0 0 0 0 0 0 0 0 0 0 0 0 0 0 0 0 0 0 0 0 0 0 0 0 0 0 0 0 0 0 0 0 0 0 0 0 0 0 0 0 0 0 0 0 0 0 0 0 0 0 0 0 0 0 0 0 0 0 0 0 0 0 0 0 0 0 0 0 0 0 0 0 0 0 0 0 0 0 0 0 0 0 0 0 0 0 0 0 0 0 0 0 0 0 0 0 0 0 0 0 0 0 0 0 0 0 0 0 0 0 0 0 0 0 0 0 0 0 0 0 0 0 0 0 0 0 0 0 0 0 0 0 0 0 0 0 0 0 0 0 0 0 0 0 0 0 0 0 0 0 0 0 0 0 0 0 0 0 0 0 0 0 0 0 0 0 0 0 0 0 0 0 0 0 0 0 0 0 0 0 0 0 0 0 0 0 0 0 0 0 0 0 0 0 0 0 0 0 0 0 0 0 0 0 0 0 0 0 0 0 0 0 0 0 0 0 0 0 0 0
ctxt 9528612
btime 1613123985
processes 207453
procs_running 1
procs_blocked 0
softirq 88153309 1 51100690 1309 1713528 0 0 148 2675251 0 32662382
