cpu  564 4 1732 5372685 166 0 58 0 0 0
cpu0 3 0 149 148966 12 0 29 0 0 0
cpu1 5 0 62 149234 0 0 22 0 0 0
cpu2 6 0 116 149170 1 0 0 0 0 0
cpu3 4 0 84 149223 1 0 0 0 0 0
cpu4 170 0 140 148962 41 0 0 0 0 0
cpu5 54 0 44 149203 17 0 0 0 0 0
cpu6 6 0 40 149249 15 0 0 0 0 0
cpu7 2 0 28 149285 1 0 0 0 0 0
cpu8 6 0 39 149274 3 0 0 0 0 0
cpu9 5 0 31 149285 2 0 0 0 0 0
cpu10 8 0 43 149267 4 0 0 0 0 0
cpu11 5 0 33 149283 0 0 0 0 0 0
cpu12 10 0 34 149264 2 0 0 0 0 0
cpu13 8 0 30 149278 0 0 0 0 0 0
cpu14 8 0 38 149271 1 0 0 0 0 0
cpu15 12 0 47 149257 1 0 0 0 0 0
cpu16 6 0 41 149266 1 0 0 0 0 0
cpu17 4 0 51 149257 4 0 0 0 0 0
cpu18 5 0 29 149281 2 0 0 0 0 0
cpu19 17 0 38 149256 8 0 0 0 0 0
cpu20 7 0 30 149265 0 0 0 0 0 0
cpu21 15 0 50 149246 1 0 1 0 0 0
cpu22 9 0 80 149219 8 0 0 0 0 0
cpu23 8 0 33 149272 0 0 0 0 0 0
cpu24 49 0 28 149236 1 0 0 0 0 0
cpu25 15 0 35 149266 0 0 0 0 0 0
cpu26 14 0 31 149270 0 0 0 0 0 0
cpu27 11 0 37 149263 1 0 0 0 0 0
cpu28 4 0 28 149278 1 0 0 0 0 0
cpu29 5 0 37 149272 0 0 0 0 0 0
cpu30 39 0 30 149236 7 0 0 0 0 0
cpu31 14 0 33 149267 0 0 0 0 0 0
cpu32 4 2 33 149258 5 0 0 0 0 0
cpu33 4 0 33 149273 0 0 0 0 0 0
cpu34 2 0 37 149257 9 0 0 0 0 0
cpu35 6 0 46 149259 1 0 0 0 0 0
intr 241684 56 0 0 0 614 0 0 0 1 0 263 0 0 0 0 0 0 0 0 0 0 0 0 0 0 0 0 0 0 0 0 0 539 25 27 56 4559 2173 490 48 131 98 71 9 162 7 157 66 109 207 98 449 12 48 629 42 0 0 0 0 262 46 12 70 36 20 482 46 632 21 987 119 93 0 16 9079 586 0 2720 1 30 65 11 3 1 41 2 10 1 1 7 2 69 28 7 1 199 3 4173 1672 8 1 4 1 1 4 7 28 79 41 81 1 1 1 0 18 7661 1 0 0 0 0 0 0 0 0 0 0 0 0 0 0 0 0 0 0 0 0 0 0 0 0 0 0 0 0 0 0 0 0 0 0 0 0 0 21 0 0 0 0 0 0 0 0 0 0 0 0 0 0 0 0 0 0 0 0 0 0 0 0 0 0 0 0 0 0 0 0 0 0 0 0 0 0 0 0 0 0 0 0 0 0 0 0 0 0 0 0 0 0 0 0 0 0 0 0 0 0 0 0 0 0 0 0 0 0 0 0 0 0 0 0 0 0 0 0 0 0 0 0 0 0 0 0 0 0 0 0 0 0 0 0 0 0 0 0 0 0 0 0 0 0 0 0 0 0 0 0 0 0 0 0 0 0 0 0 0 0 0 0 0 0 0 0 0 0 0 0 0 0 0 0 0 0 0 0 0 0 0 0 0 0 0 0 0 0 0 0 0 0 0 0 0 0 0 0 0 0 0 0 0 0 0 0 0 0 0 0 0 0 0 0 0 0 0 0 0 0 0 0 0 0 0 0 0 0 0 0 0 0 0 0 0 0 0 0 0 0 0 0 0 0 0 0 0 0 0 0 0 0 0 0 0 0 0 0 0 0 0 0 0 0 0 0 0 0 0 0 0 0 0 0 0 0 0 0 0 0 0 0 0 0 0 0 0 0 0 0 0 0 0 0 0 0 0 0 0 0 0 0 0 0 0 0 0 0 0 0 0 0 0 0 0 0 0 0 0 0 0 0 0 0 0 0 0 0 0 0 0 0 0 0 0 0 0 0 0 0 0 0 0 0 0 0 0 0 0 0 0 0 0 0 0 0 0 0 0 0 0 0 0 0 0 0 0 0 0 0 0 0 0 0 0 0 0 0 0 0 0 0 0 0 0 0 0 0 0 0 0 0 0 0 0 0 0 0 0 0 0 0 0 0 0 0 0 0 0 0 0 0 0 0 0 0 0 0 0 0 0 0 0 0 0 0 0 0 0 0 0 0 0 0 0 0 0 0 0 0 0 0 0 0 0 0 0 0 0 0 0 0 0 0 0 0 0 0 0 0 0 0 0 0 0 0 0 0 0 0 0 0 0 0 0 0 0 0 0 0 0 0 0 0 0 0 0 0 0 0 0 0 0 0 0 0 0 0 0 0 0 0 0 0 0 0 0 0 0 0 0 0 0 0 0 0 0 0 0 0 0 0 0 0 0 0 0 0 0 0 0 0 0 0 0 0 0 0 0 0 0 0 0 0 0 0 0 0 0 0 0 0 0 0 0 0 0 0 0 0 0 0 0 0 0 0 0 0 0 0 0 0 0 0 0 0 0 0 0 0 0 0 0 0 0 0 0 0 0 0 0 0 0 0 0 0 0 0 0 0 0 0 0 0 0 0 0 0 0 0 0 0 0 0 0 0 0 0 0 0 0 0 0 0 0 0 0 0 0 0 0 0 0 0 0 0 0 0 0 0 0 0 0 0 0 0 0 0 0 0 0 0 0 0 0 0 0 0 0 0 0 0 0 0 0 0 0 0 0 0 0 0 0 0 0 0 0 0 0 0 0 0 0 0 0 0 0 0 0 0 0 0 0 0 0 0 0 0 0 0 0 0 0 0 0 0 0 0 0 0 0 0 0 0 0 0 0 0 0 0 0 0 0 0 0 0 0 0 0 0 0 0 0 0 0 0 0 0 0 0 0 0 0 0 0 0 0 0 0 0 0 0 0 0 0 0 0 0 0 0 0 0 0 0 0 0 0 0 0 0 0 0 0 0 0 0 0 0 0 0 0 0 0 0 0 0 0 0 0 0 0 0 0 0 0 0 0 0 0 0 0 0 0 0 0 0 0 0 0 0 0 0 0 0 0 0 0 0 0 0 0 0 0 0 0 0 0 0 0 0 0 0 0 0 0 0 0 0 0 0 0 0 0 0 0 0 0 0 0 0 0 0 0 0 0 0 0 0 0 0 0 0 0 0 0 0 0 0 0 0 0 0 0 0 0 0 0 0 0 0 0 0 0 0 0 0 0 0 0 0 0 0 0 0 0 0 0 0 0 0 0 0 0 0 0 0 0 0 0 0 0 0 0 0 0 0 0 0 0 0 0 0 0 0 0 0 0 0 0 0 0 0 0 0 0 0 0 0 0 0 0 0 0 0 0 0 0 0 0 0 0 0 0 0 0 0 0 0 0 0 0 0 0 0 0 0 0 0 0 0 0 0 0 0 0 0 0 0 0 0 0 0 0 0 0 0 0 0 0 0 0 0 0 0 0 0 0 0 0 0 0 0 0 0 0 0 0 0 0 0 0 0 0 0 0 0 0 0 0 0 0 0 0 0 0 0 0 0 0 0 0 0 0 0 0 0 0 0 0 0 0 0 0 0 0 0 0 0 0 0 0 0 0 0 0 0 0 0 0 0 0 0 0 0 0 0 0 0 0 0 0 0 0 0 0 0 0 0 0 0 0 0 0 0 0 0 0 0 0 0 0 0 0 0 0 0 0 0 0 0 0 0 0 0 0 0 0 0 0 0 0 0 0 0 0 0 0 0 0 0 0 0 0 0 0 0 0 0 0 0 0 0 0 0 0 0 0 0
ctxt 272396
btime 1613124388
processes 1457
procs_running 1
procs_blocked 0
softirq 230443 1 69805 147 9325 0 0 8327 73551 0 69287
