cpu  7716798 3 11505 6813202 457 0 1118 0 0 0
cpu0 214203 0 442 189049 1 0 260 0 0 0
cpu1 214467 0 382 189062 22 0 31 0 0 0
cpu2 214296 0 446 189180 17 0 71 0 0 0
cpu3 214409 0 287 189273 5 0 19 0 0 0
cpu4 214195 0 406 189365 3 0 15 0 0 0
cpu5 214374 0 221 189375 2 0 10 0 0 0
cpu6 214218 0 289 189438 6 0 27 0 0 0
cpu7 214269 0 327 189345 1 0 30 0 0 0
cpu8 214192 0 311 189455 1 0 22 0 0 0
cpu9 214323 0 194 189464 1 0 1 0 0 0
cpu10 214051 0 444 189468 6 0 12 0 0 0
cpu11 214289 0 226 189449 1 0 6 0 0 0
cpu12 214194 0 427 189300 38 0 4 0 0 0
cpu13 214521 0 283 189163 4 0 8 0 0 0
cpu14 214426 0 248 189215 88 0 7 0 0 0
cpu15 213606 0 700 189288 49 0 325 0 0 0
cpu16 214419 0 276 189269 2 0 2 0 0 0
cpu17 214181 0 394 189378 2 0 16 0 0 0
cpu18 214362 0 240 189327 4 0 12 0 0 0
cpu19 214635 0 255 189044 15 0 3 0 0 0
cpu20 214294 0 428 189230 5 0 20 0 0 0
cpu21 214478 0 168 189333 1 0 2 0 0 0
cpu22 214365 0 225 189355 23 0 0 0 0 0
cpu23 214247 0 252 189451 0 0 28 0 0 0
cpu24 214320 0 215 189432 7 0 2 0 0 0
cpu25 214265 0 289 189382 13 0 24 0 0 0
cpu26 214416 0 211 189342 2 0 2 0 0 0
cpu27 214711 0 277 188966 16 0 0 0 0 0
cpu28 215074 0 740 188076 2 0 87 0 0 0
cpu29 214328 0 178 189447 1 0 2 0 0 0
cpu30 214762 0 406 188703 77 0 13 0 0 0
cpu31 214474 0 310 189168 1 0 13 0 0 0
cpu32 214371 0 137 189458 1 0 3 0 0 0
cpu33 214340 1 304 189287 6 0 23 0 0 0
cpu34 214330 0 303 189315 13 0 2 0 0 0
cpu35 214379 0 252 189331 2 0 3 0 0 0
intr 21669662 56 0 0 0 610 0 0 0 1 0 250 0 0 0 0 0 0 0 0 0 0 0 0 0 0 0 0 0 0 0 0 94 372 395 749 2629 111 359 1083 55 122 62 447 64 4604 305 3545 2086 360 161 245 356 400 112 1340 31 0 0 0 0 329 533 181 840 152 44 10205 147 67 706 475 199 0 0 17 9724 2 0 10042 286 3859 415 548 2914 303 967 1176 210 2898 682 802 387 796 73184 263 3222 5209 395 298 259 457 99 61 824 284 315 3317 1215 6229 3259 696 2360 442 1257 0 16 7659 1 0 0 0 0 0 0 0 0 0 0 0 0 0 0 0 0 0 0 0 0 0 0 0 0 0 0 0 0 0 0 0 0 0 0 0 0 0 25 0 0 0 0 0 0 0 0 0 0 0 0 0 0 0 0 0 0 0 0 0 0 0 0 0 0 0 0 0 0 0 0 0 0 0 0 0 0 0 0 0 0 0 0 0 0 0 0 0 0 0 0 0 0 0 0 0 0 0 0 0 0 0 0 0 0 0 0 0 0 0 0 0 0 0 0 0 0 0 0 0 0 0 0 0 0 0 0 0 0 0 0 0 0 0 0 0 0 0 0 0 0 0 0 0 0 0 0 0 0 0 0 0 0 0 0 0 0 0 0 0 0 0 0 0 0 0 0 0 0 0 0 0 0 0 0 0 0 0 0 0 0 0 0 0 0 0 0 0 0 0 0 0 0 0 0 0 0 0 0 0 0 0 0 0 0 0 0 0 0 0 0 0 0 0 0 0 0 0 0 0 0 0 0 0 0 0 0 0 0 0 0 0 0 0 0 0 0 0 0 0 0 0 0 0 0 0 0 0 0 0 0 0 0 0 0 0 0 0 0 0 0 0 0 0 0 0 0 0 0 0 0 0 0 0 0 0 0 0 0 0 0 0 0 0 0 0 0 0 0 0 0 0 0 0 0 0 0 0 0 0 0 0 0 0 0 0 0 0 0 0 0 0 0 0 0 0 0 0 0 0 0 0 0 0 0 0 0 0 0 0 0 0 0 0 0 0 0 0 0 0 0 0 0 0 0 0 0 0 0 0 0 0 0 0 0 0 0 0 0 0 0 0 0 0 0 0 0 0 0 0 0 0 0 0 0 0 0 0 0 0 0 0 0 0 0 0 0 0 0 0 0 0 0 0 0 0 0 0 0 0 0 0 0 0 0 0 0 0 0 0 0 0 0 0 0 0 0 0 0 0 0 0 0 0 0 0 0 0 0 0 0 0 0 0 0 0 0 0 0 0 0 0 0 0 0 0 0 0 0 0 0 0 0 0 0 0 0 0 0 0 0 0 0 0 0 0 0 0 0 0 0 0 0 0 0 0 0 0 0 0 0 0 0 0 0 0 0 0 0 0 0 0 0 0 0 0 0 0 0 0 0 0 0 0 0 0 0 0 0 0 0 0 0 0 0 0 0 0 0 0 0 0 0 0 0 0 0 0 0 0 0 0 0 0 0 0 0 0 0 0 0 0 0 0 0 0 0 0 0 0 0 0 0 0 0 0 0 0 0 0 0 0 0 0 0 0 0 0 0 0 0 0 0 0 0 0 0 0 0 0 0 0 0 0 0 0 0 0 0 0 0 0 0 0 0 0 0 0 0 0 0 0 0 0 0 0 0 0 0 0 0 0 0 0 0 0 0 0 0 0 0 0 0 0 0 0 0 0 0 0 0 0 0 0 0 0 0 0 0 0 0 0 0 0 0 0 0 0 0 0 0 0 0 0 0 0 0 0 0 0 0 0 0 0 0 0 0 0 0 0 0 0 0 0 0 0 0 0 0 0 0 0 0 0 0 0 0 0 0 0 0 0 0 0 0 0 0 0 0 0 0 0 0 0 0 0 0 0 0 0 0 0 0 0 0 0 0 0 0 0 0 0 0 0 0 0 0 0 0 0 0 0 0 0 0 0 0 0 0 0 0 0 0 0 0 0 0 0 0 0 0 0 0 0 0 0 0 0 0 0 0 0 0 0 0 0 0 0 0 0 0 0 0 0 0 0 0 0 0 0 0 0 0 0 0 0 0 0 0 0 0 0 0 0 0 0 0 0 0 0 0 0 0 0 0 0 0 0 0 0 0 0 0 0 0 0 0 0 0 0 0 0 0 0 0 0 0 0 0 0 0 0 0 0 0 0 0 0 0 0 0 0 0 0 0 0 0 0 0 0 0 0 0 0 0 0 0 0 0 0 0 0 0 0 0 0 0 0 0 0 0 0 0 0 0 0 0 0 0 0 0 0 0 0 0 0 0 0 0 0 0 0 0 0 0 0 0 0 0 0 0 0 0 0 0 0 0 0 0 0 0 0 0 0 0 0 0 0 0 0 0 0 0 0 0 0 0 0 0 0 0 0 0 0 0 0 0 0 0 0 0 0 0 0 0 0 0 0 0 0 0 0 0 0 0 0 0 0 0 0 0 0 0 0 0 0 0 0 0 0 0 0 0 0 0 0 0 0 0 0 0 0 0 0 0 0 0 0 0 0 0 0 0 0 0 0 0 0 0 0 0 0 0 0 0 0 0 0 0 0 0 0 0 0 0 0 0 0 0 0 0 0 0 0 0 0 0 0 0 0 0 0 0 0 0 0 0 0 0 0 0 0 0 0 0 0 0 0 0 0 0 0 0 0 0 0 0 0 0 0 0 0 0 0 0 0 0 0 0 0 0 0 0 0 0 0 0 0 0 0 0 0 0 0 0 0 0 0 0 0 0 0 0 0 0 0 0 0 0 0 0 0 0 0 0 0 0 0 0 0 0 0 0 0 0 0 0 0 0 0 0 0 0 0 0 0 0 0 0 0 0 0 0 0 0 0 0 0 0
ctxt 6360668
btime 1613124388
processes 159541
procs_running 1
procs_blocked 0
softirq 28143733 1 16123522 519 1197869 0 0 127937 813057 0 9880828
