cpu  17940220 5 25751 8371983 129 0 1783 0 0 0
cpu0 280042 0 792 130414 0 0 297 0 0 0
cpu1 280199 0 396 130931 2 0 98 0 0 0
cpu2 280041 0 645 130842 0 0 43 0 0 0
cpu3 280165 0 317 131068 7 0 22 0 0 0
cpu4 279922 0 710 130816 0 0 36 0 0 0
cpu5 280353 0 206 131010 0 0 16 0 0 0
cpu6 280342 0 467 130741 0 0 30 0 0 0
cpu7 279461 0 907 131057 0 0 142 0 0 0
cpu8 280327 0 578 130640 0 0 23 0 0 0
cpu9 280350 0 172 131035 0 0 17 0 0 0
cpu10 280332 0 485 130737 0 0 14 0 0 0
cpu11 280488 0 161 130921 0 0 8 0 0 0
cpu12 280234 0 447 130875 0 0 18 0 0 0
cpu13 280458 0 111 131011 0 0 0 0 0 0
cpu14 279955 0 723 130875 2 0 16 0 0 0
cpu15 280050 0 464 130997 0 0 67 0 0 0
cpu16 279688 0 968 130887 3 0 21 0 0 0
cpu17 280432 0 142 130987 0 0 8 0 0 0
cpu18 280220 0 785 130533 4 0 31 0 0 0
cpu19 280444 0 127 131002 0 0 4 0 0 0
cpu20 279966 0 1113 130353 59 0 32 0 0 0
cpu21 280455 0 138 130985 0 0 2 0 0 0
cpu22 279583 0 1036 130915 1 0 32 0 0 0
cpu23 280272 0 267 130997 0 0 37 0 0 0
cpu24 279772 1 814 130964 0 0 20 0 0 0
cpu25 280482 0 103 130987 0 0 2 0 0 0
cpu26 279820 0 785 130942 0 0 22 0 0 0
cpu27 280855 0 216 130497 0 0 7 0 0 0
cpu28 280411 0 354 130793 0 0 13 0 0 0
cpu29 280403 0 146 131018 0 0 4 0 0 0
cpu30 280083 0 589 130854 1 0 37 0 0 0
cpu31 280333 0 226 130983 1 0 26 0 0 0
cpu32 280389 0 592 130564 0 0 12 0 0 0
cpu33 280162 0 346 131005 0 0 22 0 0 0
cpu34 280250 0 383 130901 0 0 16 0 0 0
cpu35 280205 0 269 131069 0 0 15 0 0 0
cpu36 280296 0 367 130862 0 0 12 0 0 0
cpu37 280378 0 172 131004 0 0 16 0 0 0
cpu38 280204 0 595 130746 2 0 20 0 0 0
cpu39 279227 0 1092 131014 0 0 223 0 0 0
cpu40 280457 0 399 130696 0 0 12 0 0 0
cpu41 280313 0 227 130992 1 0 35 0 0 0
cpu42 282142 0 585 128799 14 0 5 0 0 0
cpu43 280446 0 113 130996 1 0 4 0 0 0
cpu44 281014 0 315 130233 0 0 4 0 0 0
cpu45 280486 0 84 130997 1 0 1 0 0 0
cpu46 281743 0 564 129218 2 0 5 0 0 0
cpu47 280451 0 115 130990 1 0 8 0 0 0
cpu48 280332 0 428 130785 0 0 7 0 0 0
cpu49 280486 0 82 130997 0 0 2 0 0 0
cpu50 280491 1 481 130504 0 0 58 0 0 0
cpu51 280460 0 109 130989 0 0 2 0 0 0
cpu52 280304 0 292 130950 0 0 11 0 0 0
cpu53 280504 0 83 130963 0 0 2 0 0 0
cpu54 280335 0 368 130840 0 0 13 0 0 0
cpu55 280423 0 144 130984 0 0 12 0 0 0
cpu56 280157 0 456 130938 0 0 11 0 0 0
cpu57 280489 0 76 130997 0 0 2 0 0 0
cpu58 280271 0 318 130961 3 0 11 0 0 0
cpu59 280418 0 140 130996 0 0 6 0 0 0
cpu60 280408 0 245 130892 0 0 6 0 0 0
cpu61 280339 0 215 130982 0 0 25 0 0 0
cpu62 280313 0 363 130564 0 0 15 0 0 0
cpu63 280368 0 318 130855 0 0 20 0 0 0
intr 51742373 83 0 0 0 622 0 0 0 1 0 285 0 0 0 0 0 0 0 0 0 0 0 0 0 0 0 0 0 0 0 0 0 0 0 0 0 0 0 1972 10448 1083 7052 1987 2914 358 22780 851 2125 600 4473 283 0 692 15188 2700 560 2136 2258 21406 316 4671 1818 1198 793 841 2125 510 709 954 2862 1239 6350 1077 5302 682 2264 2963 7284 1564 4513 758 346 283 1084 289 2271 1143 1407 38258 2022 1468 654 769 3548 523 969 1126 1039 888 1 499 4704 0 0 0 0 0 0 0 0 0 0 0 0 0 0 0 0 0 31563 93 0 0 0 0 0 0 0 0 0 0 0 0 0 0 0 0 0 0 0 0 0 0 0 0 0 0 0 0 0 0 0 0 0 0 0 0 0 0 0 0 0 0 0 0 0 0 0 0 0 0 0 0 0 0 0 0 0 0 0 0 0 0 0 0 0 0 0 0 0 0 0 0 0 0 0 25 0 0 0 0 0 0 0 0 0 0 0 0 0 0 0 0 0 0 0 0 0 0 0 0 0 0 0 0 0 0 0 0 0 0 0 0 0 0 0 0 0 0 0 0 0 0 0 0 0 0 0 0 0 0 0 0 0 0 0 0 0 0 0 0 0 0 0 0 0 0 0 0 0 0 0 0 0 0 0 0 0 0 0 0 0 0 0 0 0 0 0 0 0 0 0 0 0 0 0 0 0 0 0 0 0 0 0 0 0 0 0 0 0 0 0 0 0 0 0 0 0 0 0 0 0 0 0 0 0 0 0 0 0 0 0 0 0 0 0 0 0 0 0 0 0 0 0 0 0 0 0 0 0 0 0 0 0 0 0 0 0 0 0 0 0 0 0 0 0 0 0 0 0 0 0 0 0 0 0 0 0 0 0 0 0 0 0 0 0 0 0 0 0 0 0 0 0 0 0 0 0 0 0 0 0 0 0 0 0 0 0 0 0 0 0 0 0 0 0 0 0 0 0 0 0 0 0 0 0 0 0 0 0 0 0 0 0 0 0 0 0 0 0 0 0 0 0 0 0 0 0 0 0 0 0 0 0 0 0 0 0 0 0 0 0 0 0 0 0 0 0 0 0 0 0 0 0 0 0 0 0 0 0 0 0 0 0 0 0 0 0 0 0 0 0 0 0 0 0 0 0 0 0 0 0 0 0 0 0 0 0 0 0 0 0 0 0 0 0 0 0 0 0 0 0 0 0 0 0 0 0 0 0 0 0 0 0 0 0 0 0 0 0 0 0 0 0 0 0 0 0 0 0 0 0 0 0 0 0 0 0 0 0 0 0 0 0 0 0 0 0 0 0 0 0 0 0 0 0 0 0 0 0 0 0 0 0 0 0 0 0 0 0 0 0 0 0 0 0 0 0 0 0 0 0 0 0 0 0 0 0 0 0 0 0 0 0 0 0 0 0 0 0 0 0 0 0 0 0 0 0 0 0 0 0 0 0 0 0 0 0 0 0 0 0 0 0 0 0 0 0 0 0 0 0 0 0 0 0 0 0 0 0 0 0 0 0 0 0 0 0 0 0 0 0 0 0 0 0 0 0 0 0 0 0 0 0 0 0 0 0 0 0 0 0 0 0 0 0 0 0 0 0 0 0 0 0 0 0 0 0 0 0 0 0 0 0 0 0 0 0 0 0 0 0 0 0 0 0 0 0 0 0 0 0 0 0 0 0 0 0 0 0 0 0 0 0 0 0 0 0 0 0 0 0 0 0 0 0 0 0 0 0 0 0 0 0 0 0 0 0 0 0 0 0 0 0 0 0 0 0 0 0 0 0 0 0 0 0 0 0 0 0 0 0 0 0 0 0 0 0 0 0 0 0 0 0 0 0 0 0 0 0 0 0 0 0 0 0 0 0 0 0 0 0 0 0 0 0 0 0 0 0 0 0 0 0 0 0 0 0 0 0 0 0 0 0 0 0 0 0 0 0 0 0 0 0 0 0 0 0 0 0 0 0 0 0 0 0 0 0 0 0 0 0 0 0 0 0 0 0 0 0 0 0 0 0 0 0 0 0 0 0 0 0 0 0 0 0 0 0 0 0 0 0 0 0 0 0 0 0 0 0 0 0 0 0 0 0 0 0 0 0 0 0 0 0 0 0 0 0 0 0 0 0 0 0 0 0 0 0 0 0 0 0 0 0 0 0 0 0 0 0 0 0 0 0 0 0 0 0 0 0 0 0 0 0 0 0 0 0 0 0 0 0 0 0 0 0 0 0 0 0 0 0 0 0 0 0 0 0 0 0 0 0 0 0 0 0 0 0 0 0 0 0 0 0 0 0 0 0 0 0 0 0 0 0 0 0 0 0 0 0 0 0 0 0 0 0 0 0 0 0 0 0 0 0 0 0 0 0 0 0 0 0 0 0 0 0 0 0 0 0 0 0 0 0 0 0 0 0 0 0 0 0 0 0 0 0 0 0 0 0 0 0 0 0 0 0 0 0 0 0 0 0 0 0 0 0 0 0 0 0 0 0 0 0 0 0 0 0 0 0 0 0 0 0 0 0 0 0 0 0 0 0 0 0 0 0 0 0 0 0 0 0 0 0 0 0 0 0 0 0 0 0 0 0 0 0 0 0 0 0 0 0 0 0 0 0 0 0 0 0 0 0 0 0 0 0 0 0 0 0 0 0 0 0 0 0 0 0 0 0 0 0 0 0 0 0 0 0 0 0 0 0 0 0 0 0 0 0 0 0 0 0 0 0 0 0 0 0 0 0 0 0 0 0 0 0 0 0 0 0 0 0 0 0 0 0 0 0 0 0 0 0 0 0 0 0 0 0 0 0 0 0 0 0 0 0 0 0 0 0 0 0 0 0 0 0 0 0 0 0 0 0 0 0 0 0 0 0 0 0 0 0 0 0 0 0 0 0 0 0 0 0 0 0 0 0 0 0 0 0 0 0 0 0 0 0 0 0 0 0 0 0 0 0 0 0 0 0 0 0 0 0 0 0 0 0 0 0 0 0 0 0 0 0 0 0 0 0 0 0 0 0 0 0 0 0 0 0 0 0 0 0 0 0 0 0 0 0 0 0 0 0 0 0 0 0 0 0 0 0 0 0 0 0 0 0 0 0 0 0 0 0 0 0 0 0 0 0 0 0 0 0 0 0 0 0 0 0 0 0 0 0 0 0 0 0 0 0 0 0 0 0 0 0 0 0 0 0 0 0 0 0 0 0 0 0 0 0 0 0 0 0 0 0 0 0 0 0 0 0 0 0 0 0 0 0 0 0 0 0 0 0 0 0 0 0 0 0 0 0 0 0 0 0 0 0 0 0 0 0 0 0 0 0 0 0 0 0 0 0 0 0 0 0 0 0 0 0 0 0 0 0 0 0 0 0 0 0 0 0 0 0 0 0 0 0 0 0 0 0 0 0 0 0 0 0 0 0 0 0 0 0 0 0 0 0 0 0 0 0 0 0 0 0 0 0 0 0 0 0 0 0 0 0 0 0 0 0 0 0 0 0 0 0 0 0 0 0 0 0 0 0 0 0 0 0 0 0 0 0 0 0 0 0 0 0 0 0 0 0 0 0 0 0 0 0 0 0 0 0 0 0 0 0 0 0 0 0 0 0 0 0 0 0 0 0 0 0 0 0 0 0 0 0 0 0 0 0 0 0 0 0 0 0 0 0 0 0 0 0 0 0 0 0 0 0 0 0 0 0 0 0 0 0 0 0 0 0 0 0 0 0 0 0 0 0 0 0 0 0 0 0 0 0 0 0 0 0 0 0 0 0 0 0 0 0 0 0 0 0 0 0 0 0 0 0 0 0 0 0 0 0 0 0 0 0 0 0 0 0 0 0 0 0 0 0 0 0 0 0 0 0 0 0 0 0 0 0 0 0 0 0 0 0 0 0 0 0 0 0 0 0 0 0 0 0 0 0 0 0 0 0 0 0 0 0 0 0 0 0 0 0 0 0 0 0 0 0 0 0 0 0 0 0 0 0 0 0 0 0 0 0 0 0 0 0 0 0 0 0 0 0 0 0 0 0 0 0 0 0 0 0 0 0 0 0 0 0 0 0 0 0 0 0 0 0 0 0 0 0 0 0 0 0 0 0 0 0 0 0 0 0 0 0 0 0 0 0 0 0 0 0 0 0 0 0 0 0 0 0 0 0 0 0 0 0 0 0 0 0 0 0 0 0 0 0 0 0 0 0 0 0 0 0 0 0 0 0 0 0 0 0 0 0 0 0 0 0 0 0 0 0 0 0 0 0 0 0 0 0 0 0 0 0 0 0 0 0 0 0 0 0 0 0 0 0 0 0 0 0 0 0 0 0 0 0 0 0 0 0 0 0 0 0 0 0 0 0 0 0 0 0 0 0 0 0 0 0 0 0 0 0 0 0 0 0 0 0 0 0 0 0 0 0 0 0 0 0 0 0 0 0 0 0 0 0 0 0 0 0 0 0 0 0 0 0 0 0 0 0 0 0 0 0 0 0 0 0 0 0 0 0 0 0 0 0 0 0 0 0 0 0 0 0 0 0 0 0 0 0 0 0 0 0 0 0 0 0 0 0 0 0 0 0 0 0 0 0 0 0 0 0 0 0 0 0 0 0 0 0 0 0 0 0 0 0 0 0 0 0 0 0 0 0 0 0 0 0 0 0 0 0 0 0 0 0 0 0 0 0 0 0 0 0 0 0 0 0 0 0 0 0 0 0 0 0 0 0 0 0 0 0 0 0 0 0 0 0 0 0 0 0 0 0 0 0 0 0 0 0 0 0 0 0 0 0 0 0 0 0 0 0 0 0 0 0 0 0 0 0 0 0 0 0 0 0 0 0 0 0 0 0 0 0 0 0 0 0 0 0 0 0 0 0 0 0 0 0 0 0 0 0 0 0 0 0 0 0 0 0 0 0 0 0 0 0 0 0 0 0 0 0 0 0 0 0 0 0 0 0 0 0 0 0 0 0 0 0 0 0 0 0 0 0 0 0 0 0 0 0 0 0 0 0 0 0 0 0 0 0 0 0 0 0 0 0 0 0 0 0 0 0 0 0 0 0 0 0 0 0 0 0 0 0 0 0 0 0 0 0 0 0 0 0 0 0 0 0 0 0 0 0 0 0 0 0 0 0 0 0 0 0 0 0 0 0 0 0 0 0 0 0 0 0 0 0 0 0 0 0 0 0 0 0 0 0 0 0 0 0 0 0 0 0 0 0 0 0 0 0 0 0 0 0 0 0
ctxt 8151791
btime 1613123984
processes 196111
procs_running 1
procs_blocked 0
softirq 59076273 1 34399227 1578 1591199 0 0 143 1800518 0 21283607
