cpu  17845175 4 23110 6937460 422 0 2671 0 0 0
cpu0 495479 0 852 192441 1 0 442 0 0 0
cpu1 495518 0 625 192953 1 0 138 0 0 0
cpu2 495594 0 598 192883 0 0 81 0 0 0
cpu3 495902 0 464 192727 4 0 22 0 0 0
cpu4 494641 0 1433 192759 2 0 290 0 0 0
cpu5 495442 0 771 192854 14 0 47 0 0 0
cpu6 495638 0 581 192878 2 0 24 0 0 0
cpu7 495472 0 694 192917 4 0 52 0 0 0
cpu8 495996 0 818 192289 1 0 27 0 0 0
cpu9 495526 0 792 192784 1 0 32 0 0 0
cpu10 495929 0 710 192457 4 0 25 0 0 0
cpu11 495603 0 605 192901 2 0 27 0 0 0
cpu12 495596 0 730 192771 4 0 29 0 0 0
cpu13 495747 0 694 192608 49 0 34 0 0 0
cpu14 495073 0 1051 192952 4 0 44 0 0 0
cpu15 495199 0 928 192943 5 0 65 0 0 0
cpu16 495384 0 742 192926 1 0 76 0 0 0
cpu17 495679 0 541 192850 5 0 48 0 0 0
cpu18 495831 0 379 192880 4 0 32 0 0 0
cpu19 495639 0 542 192907 1 0 38 0 0 0
cpu20 495914 0 331 192849 3 0 29 0 0 0
cpu21 495920 0 298 192901 9 0 2 0 0 0
cpu22 495738 0 400 192956 12 0 30 0 0 0
cpu23 495800 0 367 192947 2 0 6 0 0 0
cpu24 494393 0 1182 192775 13 0 749 0 0 0
cpu25 495818 0 352 192951 3 0 9 0 0 0
cpu26 495766 0 450 192888 7 0 10 0 0 0
cpu27 495929 0 725 192429 0 0 52 0 0 0
cpu28 497069 0 664 191277 81 0 8 0 0 0
cpu29 495754 0 438 192883 33 0 19 0 0 0
cpu30 496759 0 508 191771 54 0 8 0 0 0
cpu31 496054 3 648 192367 40 0 18 0 0 0
cpu32 496013 0 815 192243 6 0 47 0 0 0
cpu33 495616 0 704 192712 12 0 74 0 0 0
cpu34 495862 0 352 192877 15 0 15 0 0 0
cpu35 495866 0 312 192935 1 0 9 0 0 0
intr 49311239 56 0 0 0 610 0 0 0 1 0 275 0 0 0 0 0 0 0 0 0 0 0 0 0 0 0 0 0 0 0 0 0 94 730 235 84 198 842 609 131 452 84 222 326 207 255 1487 453 288 316 353 280 229 193 1388 3734 0 0 0 0 203 1588 418 437 110 10040 3471 3999 1769 545 724 306 165 0 16 10670 1 0 22490 2577 3411 603 1406 635 367 3309 1487 3964 1369 1134 2855 1476 4348 2218 3859 612 3618 3749 5766 433 3048 975 147872 234 883 3186 502 3140 663 1260 5279 2650 1323 1255 0 16 7811 1 0 0 0 0 0 0 0 0 0 0 0 0 0 0 0 0 0 0 0 0 0 0 0 0 0 0 0 0 0 0 0 0 0 0 0 0 0 24 0 0 0 0 0 0 0 0 0 0 0 0 0 0 0 0 0 0 0 0 0 0 0 0 0 0 0 0 0 0 0 0 0 0 0 0 0 0 0 0 0 0 0 0 0 0 0 0 0 0 0 0 0 0 0 0 0 0 0 0 0 0 0 0 0 0 0 0 0 0 0 0 0 0 0 0 0 0 0 0 0 0 0 0 0 0 0 0 0 0 0 0 0 0 0 0 0 0 0 0 0 0 0 0 0 0 0 0 0 0 0 0 0 0 0 0 0 0 0 0 0 0 0 0 0 0 0 0 0 0 0 0 0 0 0 0 0 0 0 0 0 0 0 0 0 0 0 0 0 0 0 0 0 0 0 0 0 0 0 0 0 0 0 0 0 0 0 0 0 0 0 0 0 0 0 0 0 0 0 0 0 0 0 0 0 0 0 0 0 0 0 0 0 0 0 0 0 0 0 0 0 0 0 0 0 0 0 0 0 0 0 0 0 0 0 0 0 0 0 0 0 0 0 0 0 0 0 0 0 0 0 0 0 0 0 0 0 0 0 0 0 0 0 0 0 0 0 0 0 0 0 0 0 0 0 0 0 0 0 0 0 0 0 0 0 0 0 0 0 0 0 0 0 0 0 0 0 0 0 0 0 0 0 0 0 0 0 0 0 0 0 0 0 0 0 0 0 0 0 0 0 0 0 0 0 0 0 0 0 0 0 0 0 0 0 0 0 0 0 0 0 0 0 0 0 0 0 0 0 0 0 0 0 0 0 0 0 0 0 0 0 0 0 0 0 0 0 0 0 0 0 0 0 0 0 0 0 0 0 0 0 0 0 0 0 0 0 0 0 0 0 0 0 0 0 0 0 0 0 0 0 0 0 0 0 0 0 0 0 0 0 0 0 0 0 0 0 0 0 0 0 0 0 0 0 0 0 0 0 0 0 0 0 0 0 0 0 0 0 0 0 0 0 0 0 0 0 0 0 0 0 0 0 0 0 0 0 0 0 0 0 0 0 0 0 0 0 0 0 0 0 0 0 0 0 0 0 0 0 0 0 0 0 0 0 0 0 0 0 0 0 0 0 0 0 0 0 0 0 0 0 0 0 0 0 0 0 0 0 0 0 0 0 0 0 0 0 0 0 0 0 0 0 0 0 0 0 0 0 0 0 0 0 0 0 0 0 0 0 0 0 0 0 0 0 0 0 0 0 0 0 0 0 0 0 0 0 0 0 0 0 0 0 0 0 0 0 0 0 0 0 0 0 0 0 0 0 0 0 0 0 0 0 0 0 0 0 0 0 0 0 0 0 0 0 0 0 0 0 0 0 0 0 0 0 0 0 0 0 0 0 0 0 0 0 0 0 0 0 0 0 0 0 0 0 0 0 0 0 0 0 0 0 0 0 0 0 0 0 0 0 0 0 0 0 0 0 0 0 0 0 0 0 0 0 0 0 0 0 0 0 0 0 0 0 0 0 0 0 0 0 0 0 0 0 0 0 0 0 0 0 0 0 0 0 0 0 0 0 0 0 0 0 0 0 0 0 0 0 0 0 0 0 0 0 0 0 0 0 0 0 0 0 0 0 0 0 0 0 0 0 0 0 0 0 0 0 0 0 0 0 0 0 0 0 0 0 0 0 0 0 0 0 0 0 0 0 0 0 0 0 0 0 0 0 0 0 0 0 0 0 0 0 0 0 0 0 0 0 0 0 0 0 0 0 0 0 0 0 0 0 0 0 0 0 0 0 0 0 0 0 0 0 0 0 0 0 0 0 0 0 0 0 0 0 0 0 0 0 0 0 0 0 0 0 0 0 0 0 0 0 0 0 0 0 0 0 0 0 0 0 0 0 0 0 0 0 0 0 0 0 0 0 0 0 0 0 0 0 0 0 0 0 0 0 0 0 0 0 0 0 0 0 0 0 0 0 0 0 0 0 0 0 0 0 0 0 0 0 0 0 0 0 0 0 0 0 0 0 0 0 0 0 0 0 0 0 0 0 0 0 0 0 0 0 0 0 0 0 0 0 0 0 0 0 0 0 0 0 0 0 0 0 0 0 0 0 0 0 0 0 0 0 0 0 0 0 0 0 0 0 0 0 0 0 0 0 0 0 0 0 0 0 0 0 0 0 0 0 0 0 0 0 0 0 0 0 0 0 0 0 0 0 0 0 0 0 0 0 0 0 0 0 0 0 0 0 0 0 0 0 0 0 0 0 0 0 0 0 0 0 0 0 0 0 0 0 0 0 0 0 0 0 0 0 0 0 0 0 0 0 0 0 0 0 0 0 0 0 0 0 0 0 0 0 0 0 0 0 0 0 0 0 0 0 0 0 0 0 0 0 0 0 0 0 0 0 0 0 0 0 0 0 0 0 0 0 0 0 0 0 0 0 0 0 0 0 0 0 0 0 0 0 0 0 0 0 0 0 0 0 0 0 0 0 0 0 0 0 0 0 0 0 0 0 0 0 0 0 0 0 0 0 0 0 0 0 0 0 0
ctxt 13001788
btime 1613124388
processes 325140
procs_running 1
procs_blocked 0
softirq 64367356 1 37045360 580 2444767 0 0 241963 1713561 0 22921124
