cpu  4141040 4 8299 6637309 511 0 798 0 0 0
cpu0 114950 0 306 184165 9 0 198 0 0 0
cpu1 114668 0 502 184421 1 0 70 0 0 0
cpu2 114876 0 361 184405 2 0 16 0 0 0
cpu3 114934 0 257 184445 17 0 14 0 0 0
cpu4 114848 0 280 184511 2 0 32 0 0 0
cpu5 114983 0 180 184499 2 0 12 0 0 0
cpu6 114947 0 209 184507 0 0 6 0 0 0
cpu7 114913 0 243 184498 5 0 10 0 0 0
cpu8 115272 0 240 184141 6 0 13 0 0 0
cpu9 114943 0 246 184464 9 0 15 0 0 0
cpu10 114978 0 184 184480 4 0 7 0 0 0
cpu11 115084 0 186 184380 2 0 8 0 0 0
cpu12 115060 0 155 184432 11 0 6 0 0 0
cpu13 115147 0 160 184356 4 0 1 0 0 0
cpu14 115010 0 370 184257 4 0 22 0 0 0
cpu15 115033 0 268 184353 14 0 7 0 0 0
cpu16 114954 0 286 184418 2 0 7 0 0 0
cpu17 115034 0 212 184385 2 0 30 0 0 0
cpu18 115009 0 204 184400 51 0 7 0 0 0
cpu19 114613 0 466 184493 4 0 87 0 0 0
cpu20 115022 0 184 184407 41 0 12 0 0 0
cpu21 114973 0 230 184422 42 0 13 0 0 0
cpu22 114967 0 177 184449 58 0 13 0 0 0
cpu23 115043 0 111 184490 10 0 1 0 0 0
cpu24 115129 0 140 184398 0 0 2 0 0 0
cpu25 114958 0 181 184528 0 0 2 0 0 0
cpu26 115090 0 169 184397 0 0 8 0 0 0
cpu27 115037 0 142 184480 0 0 5 0 0 0
cpu28 114885 0 255 184407 0 0 115 0 0 0
cpu29 115193 0 137 184302 16 0 3 0 0 0
cpu30 115145 0 124 184381 2 0 2 0 0 0
cpu31 115130 0 124 184391 4 0 0 0 0 0
cpu32 115414 1 328 183893 7 0 17 0 0 0
cpu33 115172 2 156 184330 7 0 2 0 0 0
cpu34 115550 0 305 183665 122 0 15 0 0 0
cpu35 115062 0 206 184342 34 0 4 0 0 0
intr 11651969 56 0 0 0 609 0 0 0 1 0 257 0 0 0 0 0 0 0 0 0 0 0 0 0 0 0 0 0 0 0 0 92 545 46 97 175 263 108 92 1482 467 519 369 169 376 371 411 435 214 279 1673 164 2275 1320 2844 1523 0 0 0 0 19 16 88 14 313 452 160 350 658 484 10304 3521 0 0 16 8964 2 0 5295 129 425 750 3643 73 1363 148 954 189 111 63 187 8 203 1538 348 1349 1865 5699 441 3477 8 40 1 274 1074 193 28983 294 212 87 302 52 2596 66 0 17 7636 1 0 0 0 0 0 0 0 0 0 0 0 0 0 0 0 0 0 0 0 0 0 0 0 0 0 0 0 0 0 0 0 0 0 0 0 0 0 22 0 0 0 0 0 0 0 0 0 0 0 0 0 0 0 0 0 0 0 0 0 0 0 0 0 0 0 0 0 0 0 0 0 0 0 0 0 0 0 0 0 0 0 0 0 0 0 0 0 0 0 0 0 0 0 0 0 0 0 0 0 0 0 0 0 0 0 0 0 0 0 0 0 0 0 0 0 0 0 0 0 0 0 0 0 0 0 0 0 0 0 0 0 0 0 0 0 0 0 0 0 0 0 0 0 0 0 0 0 0 0 0 0 0 0 0 0 0 0 0 0 0 0 0 0 0 0 0 0 0 0 0 0 0 0 0 0 0 0 0 0 0 0 0 0 0 0 0 0 0 0 0 0 0 0 0 0 0 0 0 0 0 0 0 0 0 0 0 0 0 0 0 0 0 0 0 0 0 0 0 0 0 0 0 0 0 0 0 0 0 0 0 0 0 0 0 0 0 0 0 0 0 0 0 0 0 0 0 0 0 0 0 0 0 0 0 0 0 0 0 0 0 0 0 0 0 0 0 0 0 0 0 0 0 0 0 0 0 0 0 0 0 0 0 0 0 0 0 0 0 0 0 0 0 0 0 0 0 0 0 0 0 0 0 0 0 0 0 0 0 0 0 0 0 0 0 0 0 0 0 0 0 0 0 0 0 0 0 0 0 0 0 0 0 0 0 0 0 0 0 0 0 0 0 0 0 0 0 0 0 0 0 0 0 0 0 0 0 0 0 0 0 0 0 0 0 0 0 0 0 0 0 0 0 0 0 0 0 0 0 0 0 0 0 0 0 0 0 0 0 0 0 0 0 0 0 0 0 0 0 0 0 0 0 0 0 0 0 0 0 0 0 0 0 0 0 0 0 0 0 0 0 0 0 0 0 0 0 0 0 0 0 0 0 0 0 0 0 0 0 0 0 0 0 0 0 0 0 0 0 0 0 0 0 0 0 0 0 0 0 0 0 0 0 0 0 0 0 0 0 0 0 0 0 0 0 0 0 0 0 0 0 0 0 0 0 0 0 0 0 0 0 0 0 0 0 0 0 0 0 0 0 0 0 0 0 0 0 0 0 0 0 0 0 0 0 0 0 0 0 0 0 0 0 0 0 0 0 0 0 0 0 0 0 0 0 0 0 0 0 0 0 0 0 0 0 0 0 0 0 0 0 0 0 0 0 0 0 0 0 0 0 0 0 0 0 0 0 0 0 0 0 0 0 0 0 0 0 0 0 0 0 0 0 0 0 0 0 0 0 0 0 0 0 0 0 0 0 0 0 0 0 0 0 0 0 0 0 0 0 0 0 0 0 0 0 0 0 0 0 0 0 0 0 0 0 0 0 0 0 0 0 0 0 0 0 0 0 0 0 0 0 0 0 0 0 0 0 0 0 0 0 0 0 0 0 0 0 0 0 0 0 0 0 0 0 0 0 0 0 0 0 0 0 0 0 0 0 0 0 0 0 0 0 0 0 0 0 0 0 0 0 0 0 0 0 0 0 0 0 0 0 0 0 0 0 0 0 0 0 0 0 0 0 0 0 0 0 0 0 0 0 0 0 0 0 0 0 0 0 0 0 0 0 0 0 0 0 0 0 0 0 0 0 0 0 0 0 0 0 0 0 0 0 0 0 0 0 0 0 0 0 0 0 0 0 0 0 0 0 0 0 0 0 0 0 0 0 0 0 0 0 0 0 0 0 0 0 0 0 0 0 0 0 0 0 0 0 0 0 0 0 0 0 0 0 0 0 0 0 0 0 0 0 0 0 0 0 0 0 0 0 0 0 0 0 0 0 0 0 0 0 0 0 0 0 0 0 0 0 0 0 0 0 0 0 0 0 0 0 0 0 0 0 0 0 0 0 0 0 0 0 0 0 0 0 0 0 0 0 0 0 0 0 0 0 0 0 0 0 0 0 0 0 0 0 0 0 0 0 0 0 0 0 0 0 0 0 0 0 0 0 0 0 0 0 0 0 0 0 0 0 0 0 0 0 0 0 0 0 0 0 0 0 0 0 0 0 0 0 0 0 0 0 0 0 0 0 0 0 0 0 0 0 0 0 0 0 0 0 0 0 0 0 0 0 0 0 0 0 0 0 0 0 0 0 0 0 0 0 0 0 0 0 0 0 0 0 0 0 0 0 0 0 0 0 0 0 0 0 0 0 0 0 0 0 0 0 0 0 0 0 0 0 0 0 0 0 0 0 0 0 0 0 0 0 0 0 0 0 0 0 0 0 0 0 0 0 0 0 0 0 0 0 0 0 0 0 0 0 0 0 0 0 0 0 0 0 0 0 0 0 0 0 0 0 0 0 0 0 0 0 0 0 0 0 0 0 0 0 0 0 0 0 0 0 0 0 0 0 0 0 0 0 0 0 0 0 0 0 0 0 0 0 0 0 0 0 0 0 0 0 0 0 0 0 0 0 0 0 0 0 0 0 0 0 0 0 0 0 0 0 0 0 0 0 0 0 0 0 0 0 0 0 0 0 0 0 0 0
ctxt 3221818
btime 1613124388
processes 76314
procs_running 1
procs_blocked 0
softirq 15435326 1 8953983 303 554340 0 0 60528 484692 0 5381479
