cpu  11175096 4 15227 6837320 422 0 1768 0 0 0
cpu0 310322 0 512 189711 1 0 301 0 0 0
cpu1 310234 0 452 190111 1 0 130 0 0 0
cpu2 310526 0 259 190036 0 0 30 0 0 0
cpu3 310504 0 336 189954 4 0 15 0 0 0
cpu4 309458 0 1119 189992 2 0 250 0 0 0
cpu5 310274 0 492 190004 14 0 38 0 0 0
cpu6 310409 0 359 190039 2 0 11 0 0 0
cpu7 310424 0 325 190072 4 0 11 0 0 0
cpu8 310804 0 486 189527 1 0 8 0 0 0
cpu9 310415 0 458 189941 1 0 16 0 0 0
cpu10 310293 0 411 190108 4 0 11 0 0 0
cpu11 310407 0 330 190079 2 0 16 0 0 0
cpu12 310250 0 466 190091 4 0 13 0 0 0
cpu13 310534 0 468 189761 49 0 18 0 0 0
cpu14 309870 0 804 190106 4 0 35 0 0 0
cpu15 310092 0 606 190096 5 0 36 0 0 0
cpu16 310144 0 542 190079 1 0 57 0 0 0
cpu17 310522 0 276 190007 5 0 9 0 0 0
cpu18 310569 0 206 190041 4 0 4 0 0 0
cpu19 310318 0 415 190056 1 0 34 0 0 0
cpu20 310649 0 159 190007 3 0 5 0 0 0
cpu21 310574 0 187 190057 9 0 0 0 0 0
cpu22 310453 0 242 190112 12 0 11 0 0 0
cpu23 310502 0 216 190096 2 0 2 0 0 0
cpu24 309383 0 972 189934 12 0 508 0 0 0
cpu25 310514 0 207 190101 3 0 4 0 0 0
cpu26 310424 0 324 190057 7 0 6 0 0 0
cpu27 310792 0 378 189632 0 0 28 0 0 0
cpu28 311750 0 518 188441 81 0 4 0 0 0
cpu29 310512 0 231 190039 33 0 10 0 0 0
cpu30 310983 0 357 189400 54 0 4 0 0 0
cpu31 310386 3 410 189973 40 0 9 0 0 0
cpu32 310617 0 666 189499 6 0 42 0 0 0
cpu33 310214 0 590 189928 12 0 68 0 0 0
cpu34 310451 0 235 190107 15 0 9 0 0 0
cpu35 310512 0 198 190106 1 0 2 0 0 0
intr 31142875 56 0 0 0 610 0 0 0 1 0 275 0 0 0 0 0 0 0 0 0 0 0 0 0 0 0 0 0 0 0 0 0 94 441 230 18 198 842 609 131 191 64 87 316 138 255 1472 453 288 249 339 191 229 151 1241 3734 0 0 0 0 203 1452 388 367 75 10039 3471 3979 1767 545 724 219 133 0 16 9993 1 0 14135 1910 162 532 1050 176 163 492 923 3200 957 868 2628 586 4222 1787 2802 341 954 2680 5317 282 2783 723 108662 73 607 2479 470 2450 446 872 5159 2405 786 419 0 16 7753 1 0 0 0 0 0 0 0 0 0 0 0 0 0 0 0 0 0 0 0 0 0 0 0 0 0 0 0 0 0 0 0 0 0 0 0 0 0 24 0 0 0 0 0 0 0 0 0 0 0 0 0 0 0 0 0 0 0 0 0 0 0 0 0 0 0 0 0 0 0 0 0 0 0 0 0 0 0 0 0 0 0 0 0 0 0 0 0 0 0 0 0 0 0 0 0 0 0 0 0 0 0 0 0 0 0 0 0 0 0 0 0 0 0 0 0 0 0 0 0 0 0 0 0 0 0 0 0 0 0 0 0 0 0 0 0 0 0 0 0 0 0 0 0 0 0 0 0 0 0 0 0 0 0 0 0 0 0 0 0 0 0 0 0 0 0 0 0 0 0 0 0 0 0 0 0 0 0 0 0 0 0 0 0 0 0 0 0 0 0 0 0 0 0 0 0 0 0 0 0 0 0 0 0 0 0 0 0 0 0 0 0 0 0 0 0 0 0 0 0 0 0 0 0 0 0 0 0 0 0 0 0 0 0 0 0 0 0 0 0 0 0 0 0 0 0 0 0 0 0 0 0 0 0 0 0 0 0 0 0 0 0 0 0 0 0 0 0 0 0 0 0 0 0 0 0 0 0 0 0 0 0 0 0 0 0 0 0 0 0 0 0 0 0 0 0 0 0 0 0 0 0 0 0 0 0 0 0 0 0 0 0 0 0 0 0 0 0 0 0 0 0 0 0 0 0 0 0 0 0 0 0 0 0 0 0 0 0 0 0 0 0 0 0 0 0 0 0 0 0 0 0 0 0 0 0 0 0 0 0 0 0 0 0 0 0 0 0 0 0 0 0 0 0 0 0 0 0 0 0 0 0 0 0 0 0 0 0 0 0 0 0 0 0 0 0 0 0 0 0 0 0 0 0 0 0 0 0 0 0 0 0 0 0 0 0 0 0 0 0 0 0 0 0 0 0 0 0 0 0 0 0 0 0 0 0 0 0 0 0 0 0 0 0 0 0 0 0 0 0 0 0 0 0 0 0 0 0 0 0 0 0 0 0 0 0 0 0 0 0 0 0 0 0 0 0 0 0 0 0 0 0 0 0 0 0 0 0 0 0 0 0 0 0 0 0 0 0 0 0 0 0 0 0 0 0 0 0 0 0 0 0 0 0 0 0 0 0 0 0 0 0 0 0 0 0 0 0 0 0 0 0 0 0 0 0 0 0 0 0 0 0 0 0 0 0 0 0 0 0 0 0 0 0 0 0 0 0 0 0 0 0 0 0 0 0 0 0 0 0 0 0 0 0 0 0 0 0 0 0 0 0 0 0 0 0 0 0 0 0 0 0 0 0 0 0 0 0 0 0 0 0 0 0 0 0 0 0 0 0 0 0 0 0 0 0 0 0 0 0 0 0 0 0 0 0 0 0 0 0 0 0 0 0 0 0 0 0 0 0 0 0 0 0 0 0 0 0 0 0 0 0 0 0 0 0 0 0 0 0 0 0 0 0 0 0 0 0 0 0 0 0 0 0 0 0 0 0 0 0 0 0 0 0 0 0 0 0 0 0 0 0 0 0 0 0 0 0 0 0 0 0 0 0 0 0 0 0 0 0 0 0 0 0 0 0 0 0 0 0 0 0 0 0 0 0 0 0 0 0 0 0 0 0 0 0 0 0 0 0 0 0 0 0 0 0 0 0 0 0 0 0 0 0 0 0 0 0 0 0 0 0 0 0 0 0 0 0 0 0 0 0 0 0 0 0 0 0 0 0 0 0 0 0 0 0 0 0 0 0 0 0 0 0 0 0 0 0 0 0 0 0 0 0 0 0 0 0 0 0 0 0 0 0 0 0 0 0 0 0 0 0 0 0 0 0 0 0 0 0 0 0 0 0 0 0 0 0 0 0 0 0 0 0 0 0 0 0 0 0 0 0 0 0 0 0 0 0 0 0 0 0 0 0 0 0 0 0 0 0 0 0 0 0 0 0 0 0 0 0 0 0 0 0 0 0 0 0 0 0 0 0 0 0 0 0 0 0 0 0 0 0 0 0 0 0 0 0 0 0 0 0 0 0 0 0 0 0 0 0 0 0 0 0 0 0 0 0 0 0 0 0 0 0 0 0 0 0 0 0 0 0 0 0 0 0 0 0 0 0 0 0 0 0 0 0 0 0 0 0 0 0 0 0 0 0 0 0 0 0 0 0 0 0 0 0 0 0 0 0 0 0 0 0 0 0 0 0 0 0 0 0 0 0 0 0 0 0 0 0 0 0 0 0 0 0 0 0 0 0 0 0 0 0 0 0 0 0 0 0 0 0 0 0 0 0 0 0 0 0 0 0 0 0 0 0 0 0 0 0 0 0 0 0 0 0 0 0 0 0 0 0 0 0 0 0 0 0 0 0 0 0 0 0 0 0 0 0 0 0 0 0 0 0 0 0 0 0 0 0 0 0 0 0 0 0 0 0 0 0 0 0 0 0 0 0 0 0 0 0 0 0 0 0 0 0 0 0 0 0 0 0 0 0 0 0 0 0 0 0 0 0 0 0 0 0 0 0 0 0 0 0 0 0 0 0 0 0 0
ctxt 8828379
btime 1613124388
processes 221952
procs_running 1
procs_blocked 0
softirq 40655438 1 23325791 432 1670564 0 0 172620 1123354 0 14362676
