cpu  6203958 8 13834 11325738 423 0 466 0 0 0
cpu0 48364 0 656 87836 0 0 170 0 0 0
cpu1 48469 0 58 88562 0 0 24 0 0 0
cpu2 48308 0 122 88635 1 0 2 0 0 0
cpu3 48254 0 224 88583 2 0 17 0 0 0
cpu4 48426 0 156 88494 8 0 1 0 0 0
cpu5 48470 0 53 88565 0 0 0 0 0 0
cpu6 48413 0 114 88561 0 0 1 0 0 0
cpu7 48389 0 101 88587 0 0 4 0 0 0
cpu8 48954 0 223 87895 0 0 4 0 0 0
cpu9 48349 0 64 88665 0 0 1 0 0 0
cpu10 48350 0 155 88565 8 0 4 0 0 0
cpu11 48454 0 85 88549 0 0 0 0 0 0
cpu12 48591 0 208 88265 0 0 2 0 0 0
cpu13 48473 0 58 88558 0 0 0 0 0 0
cpu14 48423 0 100 88562 0 0 2 0 0 0
cpu15 48169 0 336 88545 0 0 37 0 0 0
cpu16 48482 0 188 88398 0 0 4 0 0 0
cpu17 48468 0 60 88559 0 0 0 0 0 0
cpu18 48384 0 100 88607 0 0 1 0 0 0
cpu19 48404 0 107 88568 0 0 3 0 0 0
cpu20 48515 5 185 88356 5 0 6 0 0 0
cpu21 48470 0 63 88552 0 0 0 0 0 0
cpu22 48438 0 96 88551 0 0 3 0 0 0
cpu23 48427 0 111 88544 0 0 1 0 0 0
cpu24 48620 0 168 88278 2 0 2 0 0 0
cpu25 48469 0 57 88558 0 0 0 0 0 0
cpu26 48456 0 73 88553 0 0 1 0 0 0
cpu27 48461 0 74 88546 0 0 0 0 0 0
cpu28 48723 0 224 88123 0 0 1 0 0 0
cpu29 48470 0 54 88559 0 0 0 0 0 0
cpu30 48455 0 78 88549 0 0 2 0 0 0
cpu31 48462 0 71 88546 0 0 0 0 0 0
cpu32 48551 0 178 88311 19 0 1 0 0 0
cpu33 48469 0 56 88556 0 0 0 0 0 0
cpu34 48462 0 58 88557 0 0 0 0 0 0
cpu35 48461 0 72 88547 0 0 0 0 0 0
cpu36 48528 0 197 88325 17 0 0 0 0 0
cpu37 48470 0 59 88550 0 0 0 0 0 0
cpu38 48454 0 79 88532 0 0 0 0 0 0
cpu39 48452 0 81 88543 0 0 2 0 0 0
cpu40 48510 0 128 88428 4 0 0 0 0 0
cpu41 48471 0 57 88549 0 0 0 0 0 0
cpu42 48448 0 79 88549 0 0 0 0 0 0
cpu43 48423 0 80 88565 0 0 1 0 0 0
cpu44 48446 0 127 88492 1 0 6 0 0 0
cpu45 48469 0 58 88553 0 0 0 0 0 0
cpu46 48392 0 123 88554 2 0 4 0 0 0
cpu47 48423 0 92 88554 0 0 1 0 0 0
cpu48 48505 0 138 88460 1 0 0 0 0 0
cpu49 48498 0 55 88519 0 0 0 0 0 0
cpu50 48417 0 68 88586 2 0 1 0 0 0
cpu51 48254 0 109 88715 0 0 10 0 0 0
cpu52 48399 0 139 88525 0 0 8 0 0 0
cpu53 48470 0 58 88545 0 0 0 0 0 0
cpu54 48380 0 72 88610 1 0 2 0 0 0
cpu55 48415 0 112 88543 0 0 1 0 0 0
cpu56 48384 0 123 88500 1 0 21 0 0 0
cpu57 48469 0 56 88542 0 0 0 0 0 0
cpu58 48398 0 73 88599 0 0 0 0 0 0
cpu59 48459 0 75 88537 0 0 0 0 0 0
cpu60 48741 0 127 88200 1 0 0 0 0 0
cpu61 48452 0 66 88545 0 0 2 0 0 0
cpu62 48469 0 68 88530 0 0 0 0 0 0
cpu63 48465 0 70 88538 0 0 0 0 0 0
cpu64 48384 0 146 88522 7 0 2 0 0 0
cpu65 48458 0 60 88549 0 0 0 0 0 0
cpu66 48440 0 73 88553 1 0 0 0 0 0
cpu67 48347 0 131 88582 0 0 5 0 0 0
cpu68 48891 0 172 87993 2 0 2 0 0 0
cpu69 48458 0 62 88548 0 0 0 0 0 0
cpu70 48444 0 86 88536 0 0 1 0 0 0
cpu71 48359 0 120 88568 0 0 10 0 0 0
cpu72 48465 0 94 88495 4 0 0 0 0 0
cpu73 48464 0 56 88540 1 0 0 0 0 0
cpu74 48420 0 94 88529 0 0 0 0 0 0
cpu75 48434 0 103 88525 1 0 3 0 0 0
cpu76 49002 0 276 87650 116 0 0 0 0 0
cpu77 48473 0 55 88536 0 0 0 0 0 0
cpu78 48438 0 84 88536 0 0 0 0 0 0
cpu79 48184 0 298 88530 0 0 44 0 0 0
cpu80 48603 0 158 88281 12 0 2 0 0 0
cpu81 48469 0 69 88525 0 0 0 0 0 0
cpu82 48430 0 98 88513 0 0 1 0 0 0
cpu83 48314 0 156 88563 1 0 10 0 0 0
cpu84 48716 0 210 88004 106 0 4 0 0 0
cpu85 48470 0 87 88490 6 0 0 0 0 0
cpu86 48396 0 75 88586 0 0 0 0 0 0
cpu87 48428 0 109 88519 0 0 1 0 0 0
cpu88 48644 0 150 88262 1 0 0 0 0 0
cpu89 48472 0 64 88521 0 0 0 0 0 0
cpu90 48478 0 80 88487 8 0 0 0 0 0
cpu91 48464 0 74 88520 0 0 0 0 0 0
cpu92 48594 0 162 88296 1 0 0 0 0 0
cpu93 48469 0 61 88528 0 0 0 0 0 0
cpu94 48468 0 82 88500 0 0 0 0 0 0
cpu95 48430 0 103 88516 1 0 0 0 0 0
cpu96 48515 0 222 88313 2 0 0 0 0 0
cpu97 48470 0 63 88520 0 0 0 0 0 0
cpu98 48478 0 75 88500 0 0 0 0 0 0
cpu99 48438 0 80 88527 0 0 0 0 0 0
cpu100 48586 0 172 88278 2 0 0 0 0 0
cpu101 48470 0 55 88530 0 0 0 0 0 0
cpu102 48481 0 86 88485 0 0 0 0 0 0
cpu103 48418 0 76 88559 0 0 0 0 0 0
cpu104 48605 0 132 88314 2 0 0 0 0 0
cpu105 48471 0 60 88523 0 0 0 0 0 0
cpu106 48456 0 74 88526 0 0 0 0 0 0
cpu107 48436 0 70 88537 0 0 0 0 0 0
cpu108 48497 0 78 88461 9 0 0 0 0 0
cpu109 48468 0 75 88507 0 0 0 0 0 0
cpu110 48471 0 67 88509 0 0 0 0 0 0
cpu111 48420 0 102 88524 0 0 0 0 0 0
cpu112 48463 0 76 88508 0 0 0 0 0 0
cpu113 48470 0 65 88517 0 0 0 0 0 0
cpu114 48431 0 63 88552 1 0 0 0 0 0
cpu115 48451 0 85 88513 0 0 0 0 0 0
cpu116 48468 0 86 88487 0 0 0 0 0 0
cpu117 48468 0 75 88492 11 0 0 0 0 0
cpu118 48456 0 80 88508 1 0 0 0 0 0
cpu119 48409 0 113 88519 0 0 0 0 0 0
cpu120 48491 0 94 88457 0 0 0 0 0 0
cpu121 48469 0 59 88520 0 0 0 0 0 0
cpu122 48464 0 69 88512 3 0 0 0 0 0
cpu123 48465 0 75 88501 0 0 0 0 0 0
cpu124 48679 0 118 88238 4 0 0 0 0 0
cpu125 48472 0 58 88514 0 0 0 0 0 0
cpu126 48428 0 80 88524 0 0 0 0 0 0
cpu127 48473 0 99 88469 1 0 0 0 0 0
intr 19585807 130 0 0 0 681 0 0 0 1 0 285 0 0 0 0 0 0 0 0 0 0 0 0 0 0 0 0 0 0 0 0 0 0 0 0 260 0 3292 1 107 3754 295 0 1 679 3 7 3 2 1239 0 0 5723 582 2 0 1848 4370 0 0 1007 1861 0 1 0 5648 0 0 2 6 0 0 39 0 0 0 3178 211 2 4 10 248 0 23 106 4 126 166 668 0 0 739 490 35479 0 1 2 11 92 12 0 4008 0 0 533 424 0 0 1372 0 0 92 0 748 0 0 7998 446 0 2 2927 4689 0 0 1386 0 0 0 0 173 0 14 263 1 0 0 7 3 6 0 936 4 0 0 0 22 0 0 639 0 0 0 333 0 0 0 0 0 0 0 0 0 0 0 0 0 157 737 475 348 10759 2027 6255 130 466 333 280 824 64 143 25 215 731 128 486 132 151 25 10 25 164 1 2 46 5 0 293 9 0 0 0 0 0 0 0 0 0 0 0 0 0 0 0 0 0 0 0 6 0 0 0 20 0 20 2 5 10 0 334 2 5 84 12 3928 13 6 13 184 18 1 5 4 51 89 8 12 4 8 3 1 0 4 9 61 5 263 15 75 359 79 6 2 0 10 1 10 7 5 0 0 2 9 11 15 4 1 4 18 48 0 0 0 0 0 0 0 0 0 0 0 0 0 0 0 0 0 0 0 0 0 0 0 0 0 0 0 0 0 0 0 0 0 0 0 0 0 0 0 0 0 0 0 0 0 0 0 0 0 0 0 0 0 0 0 0 0 0 0 0 0 0 0 0 0 0 0 0 0 0 0 0 0 0 0 0 0 0 0 0 0 0 0 0 0 0 0 0 0 0 0 0 0 0 0 0 0 0 0 0 0 0 0 0 0 0 0 0 0 0 0 0 0 0 0 0 0 0 0 0 0 0 0 0 0 0 0 0 0 0 0 0 0 0 0 0 0 0 0 0 0 0 0 0 0 0 0 0 0 0 0 0 0 0 0 0 0 0 0 0 0 0 0 0 0 0 0 0 0 0 0 0 0 0 0 0 0 0 0 0 0 0 0 0 0 0 0 0 0 0 0 0 0 0 0 0 0 0 0 0 0 0 0 0 0 0 0 0 0 0 0 0 0 0 0 0 0 0 0 0 0 0 0 0 0 0 0 0 0 0 0 0 0 0 0 0 0 0 0 0 0 0 0 0 0 0 0 0 0 0 0 0 0 0 0 0 0 0 0 0 0 0 0 0 0 0 0 0 0 0 0 0 0 0 0 0 0 0 0 0 0 0 0 0 0 0 0 0 0 0 0 0 0 0 0 0 0 0 0 0 0 0 0 0 0 0 0 0 0 0 0 0 0 0 0 0 0 0 0 0 0 0 0 0 0 0 0 0 0 0 0 0 0 0 0 0 0 0 0 0 0 0 0 0 0 0 0 0 0 0 0 0 0 0 0 0 0 0 0 0 0 0 0 0 0 0 0 0 0 0 0 0 0 0 0 0 0 0 0 0 0 0 0 0 0 0 0 0 0 0 0 0 0 0 0 0 0 0 0 0 0 0 0 0 0 0 0 0 0 0 0 0 0 0 0 0 0 0 0 0 0 0 0 3 0 0 0 0 0 0 0 0 0 0 0 0 0 0 0 0 0 0 0 0 0 0 0 21 1 0 0 27 0 0 0 0 0 0 0 0 0 0 0 0 0 0 0 0 0 0 0 0 0 0 0 0 0 0 0 0 0 0 0 49 0 0 0 0 0 0 0 0 0 0 0 0 0 0 0 0 0 0 0 0 0 0 0 0 0 0 0 0 0 0 0 0 0 19 0 0 0 0 0 0 0 0 0 0 0 0 0 0 0 0 0 0 0 0 0 0 0 0 0 0 0 0 0 0 0 0 0 0 0 0 0 0 0 0 0 0 0 0 0 0 0 0 0 0 0 0 0 0 0 0 0 0 0 0 0 0 0 0 0 0 0 0 0 0 0 0 0 0 0 0 0 0 0 0 0 0 0 0 0 0 0 0 0 0 0 0 0 0 0 0 0 0 0 0 0 0 0 0 0 0 0 0 0 0 0 0 0 0 0 0 0 0 0 0 0 0 0 0 0 0 0 0 0 0 0 0 0 0 0 0 0 0 0 0 0 0 0 0 0 0 0 0 0 0 0 0 0 0 0 0 0 0 0 0 0 0 0 0 0 0 0 0 0 0 0 0 0 0 0 0 0 0 0 0 0 0 0 0 0 0 0 0 0 0 0 0 0 0 0 0 0 0 0 0 0 0 0 0 0 0 0 0 0 0 0 0 0 0 0 0 0 0 0 0 0 0 0 0 0 0 0 0 0 0 0 0 0 0 0 0 0 0 0 0 0 0 0 0 0 0 0 0 0 0 0 0 0 0 0 0 0 0 0 0 0 0 0 0 0 0 0 0 0 0 0 0 0 0 0 0 0 0 0 0 0 0 0 0 0 0 0 0 0 0 0 0 0 0 0 0 0 0 0 0 0 0 0 0 0 0 0 0 0 0 0 0 0 0 0 0 0 0 0 0 0 0 0 0 0 0 0 0 0 0 0 0 0 0 0 0 0 0 0 0 0 0 0 0 0 0 0 0 0 0 0 0 0 0 0 0 0 0 0 0 0 0 0 0 0 0 0 0 0 0 0 0 0 0 0 0 0 0 0 0 0 0 0 0 0 0 0 0 0 0 0 0 0 0 0 0 0 0 0 0 0 0 0 0 0 0 0 0 0 0 0 0 0 0 0 0 0 0 0 0 0 0 0 0 0 0 0 0 0 0 0 0 0 0 0 0 0 0 0 0 0 0 0 0 0 0 0 0 0 0 0 0 0 0 0 0 0 0 0 0 0 0 0 0 0 0 0 0 0 0 0 0 0 0 0 0 0 0 0 0 0 0 0 0 0 0 0 0 0 0 0 0 0 0 0 0 0 0 0 0 0 0 0 0 0 0 0 0 0 0 0 0 0 0 0 0 0 0 0 0 0 0 0 0 0 0 0 0 0 0 0 0 0 0 0 0 0 0 0 0 0 0 0 0 0 0 0 0 0 0 0 0 0 0 0 0 0 0 0 0 0 0 0 0 0 0 0 0 0 0 0 0 0 0 0 0 0 0 0 0 0 0 0 0 0 0 0 0 0 0 0 0 0 0 0 0 0 0 0 0 0 0 0 0 0 0 0 0 0 0 0 0 0 0 0 0 0 0 0 0 0 0 0 0 0 0 0 0 0 0 0 0 0 0 0 0 0 0 0 0 0 0 0 0 0 0 0 0 0 0 0 0 0 0 0 0 0 0 0 0 0 0 0 0 0 0 0 0 0 0 0 0 0 0 0 0 0 0 0 0 0 0 0 0 0 0 0 0 0 0 0 0 0 0 0 0 0 0 0 0 0 0 0 0 0 0 0 0 0 0 0 0 0 0 0 0 0 0 0 0 0 0 0 0 0 0 0 0 0 0 0 0 0 0 0 0 0 0 0 0 0 0 0 0 0 0 0 0 0 0 0 0 0 0 0 0 0 0 0 0 0 0 0 0 0 0 0 0 0 0 0 0 0 0 0 0 0 0 0 0 0 0 0 0 0 0 0 0 0 0 0 0 0 0 0 0 0 0 0 0 0 0 0 0 0 0 0 0 0 0 0 0 0 0 0 0 0 0 0 0 0 0 0 0 0 0 0 0 0 0 0 0 0 0 0 0 0 0 0 0 0 0 0 0 0 0 0 0 0 0 0 0 0 0 0 0 0 0 0 0 0 0 0 0 0 0 0 0 0 0 0 0 0 0 0 0 0 0 0 0 0 0 0 0 0 0 0 0 0 0 0 0 0 0 0 0 0 0 0 0 0 0 0 0 0 0 0 0 0 0 0 0 0 0 0 0 0 0 0 0 0 0 0 0 0 0 0 0 0 0 0 0 0 0 0 0 0 0 0 0 0 0 0 0 0 0 0 0 0 0 0 0 0 0 0 0 0 0 0 0 0 0 0 0 0 0 0 0 0 0 0 0 0 0 0 0 0 0 0 0 0 0 0 0 0 0 0 0 0 0 0 0 0 0 0 0 0 0 0 0 0 0 0 0 0 0 0 0 0 0 0 0 0 0 0 0 0 0 0 0 0 0 0 0 0 0 0 0 0 0 0 0 0 0 0 0 0 0 0 0 0 0 0 0 0 0 0 0 0 0 0 0 0 0 0 0 0 0 0 0 0 0 0 0 0 0 0 0 0 0 0 0 0 0 0 0 0 0 0 0 0 0 0 0 0 0 0 0 0 0 0 0 0 0 0 0 0 0 0 0 0 0 0 0 0 0 0 0 0 0 0 0 0 0 0 0 0 0 0 0 0 0 0 0 0 0 0 0 0 0 0 0 0 0 0 0 0 0 0 0 0 0 0 0 0 0 0 0 0 0 0 0 0 0 0 0 0 0 0 0 0 0 0 0 0 0 0 0 0 0 0 0 0 0 0 0 0 0 0 0 0 0 0 0 0 0 0 0 0 0 0 0 0 0 0 0 0 0 0 0 0 0 0 0 0 0 0 0 0 0 0 0 0 0 0 0 0 0 0 0 0 0 0 0 0 0 0 0 0 0 0 0 0 0 0 0 0 0 0 0 0 0 0 0 0 0 0 0 0 0 0 0 0 0 0 0 0 0 0 0 0 0 0 0 0 0 0 0 0 0 0 0 0 0 0 0 0 0 0 0 0 0 0 0 0 0 0 0 0 0 0 0 0 0 0 0 0 0 0 0 0 0 0 0 0 0 0 0 0 0 0 0 0 0 0 0 0 0 0 0 0 0 0 0 0 0 0 0 0 0 0 0 0 0 0 0 0 0 0 0 0 0 0 0 0 0 0 0 0 0 0 0 0 0 0 0 0 0 0 0 0 0 0 0 0 0 0 0 0 0 0 0 0 0 0 0 0 0 0 0 0 0 0 0 0 0 0 0 0 0 0 0 0 0 0 0 0 0 0 0 0 0 0 0 0 0 0 0 0 0 0 0 0 0 0 0 0 0 0 0 0 0 0 0 0 0 0 0 0 0 0 0 0 0 0 0 0 0 0 0 0 0 0 0 0 0 0 0 0 0 0 0 0 0 0 0 0 0 0 0 0 0 0 0 0 0 0 0 0 0 0 0 0 0 0 0 0 0 0 0 0 0 0 0 0 0 0 0 0 0 0 0 0 0 0 0 0 0 0 0 0 0 0 0 0 0 0 0 0 0 0 0 0 0 0 0 0 0 0 0 0 0 0 0 0 0 0 0 0 0 0 0 0 0 0 0 0 0 0 0 0 0 0 0 0 0 0 0 0 0 0 0 0 0 0 0 0 0 0 0 0 0 0 0 0 0 0 0 0 0 0 0 0 0 0 0 0 0 0 0 0 0 0 0 0 0 0 0 0 0 0 0 0 0 0 0 0 0 0 0 0 0 0 0 0 0 0 0 0 0 0 0 0 0 0 0 0 0 0 0 0 0 0 0 0 0 0 0 0 0 0 0 0 0 0 0 0 0 0 0 0 0 0 0 0 0 0 0 0 0 0 0 0 0 0 0 0 0 0 0 0 0 0 0 0 0 0 0 0 0 0 0 0 0 0 0 0 0 0 0 0 0 0 0 0 0 0 0 0 0 0 0 0 0 0 0 0 0 0 0 0 0 0 0 0 0 0 0 0 0 0 0 0 0 0 0 0 0 0 0 0 0 0 0 0 0 0 0 0 0 0 0 0 0 0 0 0 0 0 0 0 0 0 0 0 0 0 0 0 0 0 0 0 0 0 0 0 0 0 0 0 0 0 0 0 0 0 0 0 0 0 0 0 0 0 0 0 0 0 0 0 0 0 0 0 0 0 0 0 0 0 0 0 0 0 0 0 0 0 0 0 0 0 0 0 0 0 0 0 0 0 0 0 0 0 0 0 0 0 0 0 0 0 0 0 0 0 0 0 0 0 0 0 0 0 0 0 0 0 0 0 0 0 0 0 0 0 0 0 0 0 0 0 0 0 0 0 0 0 0 0 0 0 0 0 0 0 0 0 0 0 0 0 0 0 0 0 0 0 0 0 0 0 0 0 0 0 0 0 0 0 0 0 0 0 0 0 0 0 0 0 0 0 0 0 0 0 0 0 0 0 0 0 0 0 0 0 0 0 0 0 0 0 0 0 0 0 0 0 0 0 0 0 0 0 0 0 0 0 0 0 0 0 0 0 0 0 0 0 0 0 0 0 0 0 0 0 0 0 0 0 0 0 0 0 0 0 0 0 0 0 0 0 0 0 0 0 0 0 0 0 0 0 0 0 0 0 0 0 0 0 0 0 0 0 0 0 0 0 0 0 0 0 0 0 0 0 0 0 0 0 0 0 0 0 0 0 0 0 0 0 0 0 0 0 0 0 0 0 0 0 0 0 0 0 0 0 0 0 0 0 0 0 0 0 0 0 0 0 0 0 0 0 0 0 0 0 0 0 0 0 0 0 0 0 0 0 0 0 0 0 0 0 0 0 0 0 0 0 0 0 0 0 0 0 0 0 0 0 0 0 0 0 0 0 0 0 0 0 0 0 0 0 0 0 0 0 0 0 0 0 0 0 0 0 0 0 0 0 0 0 0 0 0 0 0 0 0 0 0 0 0 0 0 0 0 0 0 0 0 0 0 0 0 0 0 0 0 0 0 0 0 0 0 0 0 0 0 0 0 0 0 0 0 0 0 0 0 0 0 0 0 0 0 0 0 0 0 0 0 0 0 0 0 0 0 0 0 0 0 0 0 0 0 0 0 0 0 0 0 0 0 0 0 0 0 0 0 0 0 0 0 0 0 0 0 0 0 0 0 0 0 0 0 0 0 0 0 0 0 0 0 0 0 0 0 0 0 0 0 0 0 0 0 0 0 0 0 0 0 0 0 0 0 0 0 0 0 0 0 0 0 0 0 0 0 0 0 0 0 0 0 0 0 0 0 0 0 0 0 0 0 0 0 0 0 0 0 0 0 0 0 0 0 0 0 0 0 0 0 0 0 0 0 0 0 0 0 0 0 0 0 0 0 0 0 0 0 0 0 0 0 0 0 0 0 0 0 0 0 0 0 0 0 0 0 0 0 0 0 0 0 0 0 0 0 0 0 0 0 0 0 0 0 0 0 0 0 0 0 0 0 0 0 0 0 0 0 0 0 0 0 0 0 0 0 0 0 0 0 0 0 0 0 0 0 0 0 0 0 0 0 0 0 0 0 0 0 0 0 0 0 0 0 0 0 0 0 0 0 0 0 0 0 0 0 0 0 0 0 0 0 0 0 0 0 0 0 0 0 0 0 0 0 0 0 0 0 0 0 0 0 0 0 0 0 0 0 0 0 0 0 0 0 0 0 0 0 0 0 0 0 0 0 0 0 0 0 0 0 0 0 0 0 0 0 0 0 0 0 0 0 0 0 0 0 0 0 0 0 0 0 0 0 0 0 0 0 0 0 0 0 0 0 0 0 0 0 0 0 0 0 0 0 0 0 0 0 0 0 0 0 0 0 0 0 0 0 0 0 0 0 0 0 0 0 0 0 0 0 0 0 0 0 0 0 0 0 0 0 0 0 0 0 0 0 0 0 0 0 0 0 0 0 0 0 0 0 0 0 0 0 0 0 0 0 0 0 0 0 0 0 0 0 0 0 0 0 0 0 0 0 0 0 0 0 0 0 0 0 0 0 0 0 0 0 0 0 0 0 0 0 0 0 0 0 0 0 0 0 0 0 0 0 0 0 0 0 0 0 0 0 0 0 0 0 0 0 0 0 0 0 0 0 0 0 0 0 0 0 0 0 0 0 0 0 0 0 0 0 0 0 0 0 0 0 0 0 0 0 0 0 0 0 0 0 0 0 0 0 0 0 0 0 0 0 0 0 0 0 0 0 0 0 0 0 0 0 0 0 0 0 0 0 0 0 0 0 0 0 0 0 0 0 0 0 0 0 0 0 0 0 0 0 0 0 0 0 0 0 0 0 0 0 0 0 0 0 0 0 0 0 0 0 0 0 0 0 0 0 0 0 0 0 0 0 0 0 0 0 0 0 0 0 0 0 0 0 0 0 0 0 0 0 0 0 0 0 0 0 0 0 0 0 0 0 0 0 0 0 0 0 0 0 0 0 0 0 0 0 0 0 0 0 0 0 0 0 0 0 0 0 0 0 0 0 0 0 0 0 0 0 0 0 0 0 0 0 0 0 0 0 0 0 0 0 0 0 0 0 0 0 0 0 0 0 0 0 0 0 0 0 0 0 0 0 0 0 0 0 0 0 0 0 0 0 0 0 0 0 0 0 0 0 0 0 0 0 0 0 0 0 0 0 0 0 0 0 0 0 0 0 0 0 0 0 0 0 0 0 0 0 0 0 0 0 0 0 0 0 0 0 0 0 0 0 0 0 0 0 0 0 0 0 0 0 0 0 0 0 0 0 0 0 0 0 0 0 0 0 0 0 0 0 0 0 0 0 0 0 0 0 0 0 0 0 0 0 0 0 0 0 0 0 0 0 0 0 0 0 0 0 0 0 0 0 0 0 0 0 0 0 0 0 0 0 0 0 0 0 0 0 0 0 0 0 0 0 0 0 0 0 0 0 0 0 0 0 0 0 0 0 0 0 0 0 0 0 0 0 0 0 0 0 0 0 0 0 0 0 0 0 0 0 0 0 0 0 0 0 0 0 0 0 0 0 0 0 0 0 0 0 0 0 0 0 0 0 0 0 0 0 0 0 0 0 0 0 0 0 0 0 0 0 0 0 0 0 0 0 0 0 0 0 0 0 0 0 0 0 0 0 0 0 0 0 0 0 0 0 0 0 0 0 0 0 0 0 0 0 0 0 0 0 0 0 0 0 0 0 0 0 0 0 0 0 0 0 0 0 0 0 0 0 0 0 0 0 0 0 0 0 0 0 0 0 0 0 0 0 0 0 0 0 0 0 0 0 0 0 0 0 0 0 0 0 0 0 0 0 0 0 0 0 0 0 0 0 0 0 0 0 0 0 0 0 0 0 0 0 0 0 0 0 0 0 0 0 0 0 0 0 0 0 0 0 0 0 0 0 0 0 0 0 0 0 0 0 0 0 0 0 0 0 0 0 0 0 0 0 0 0 0 0 0 0 0 0 0 0 0 0 0 0 0 0 0 0 0 0 0 0 0 0 0 0 0 0 0 0 0 0 0 0 0 0 0 0 0 0 0 0 0 0 0 0 0 0 0 0 0 0 0 0 0 0 0 0 0 0 0 0 0 0 0 0 0 0 0 0 0 0 0 0 0 0 0 0 0 0 0 0 0 0 0 0 0 0 0 0 0 0 0 0 0 0 0 0 0 0 0 0 0 0 0 0 0 0 0 0 0 0 0 0 0 0 0 0 0 0 0 0 0 0 0 0 0 0 0 0 0 0 0 0 0 0 0 0 0 0 0 0 0 0 0 0 0 0 0 0 0 0 0 0 0 0 0 0 0 0 0 0 0 0 0 0 0 0 0 0 0 0 0 0 0 0 0 0 0 0 0 0 0 0 0 0 0 0 0 0 0 0 0 0 0 0 0 0 0 0 0 0 0 0 0 0 0 0 0 0 0 0 0 0 0 0 0 0 0 0 0 0 0 0 0 0 0 0 0 0 0 0 0 0 0 0 0 0 0 0 0 0 0 0 0 0 0 0 0 0 0 0 0 0 0 0 0 0 0 0 0 0 0 0 0 0 0 0 0 0 0 0 0 0 0 0 0 0 0 0 0 0 0 0 0 0 0 0 0 0 0 0 0 0 0 0 0 0 0 0 0 0 0 0 0 0 0 0 0 0 0 0 0 0 0 0 0 0 0 0 0 0 0 0 0 0 0 0 0 0 0 0 0 0 0 0 0 0 0 0 0 0 0 0 0 0 0 0 0 0 0 0 0 0 0 0 0 0 0 0 0 0 0 0 0 0 0 0 0 0 0 0 0 0 0 0 0 0 0 0 0 0 0 0 0 0 0 0 0 0 0 0 0 0 0 0 0 0 0 0 0 0 0 0 0 0 0 0 0 0 0 0 0
ctxt 2339866
btime 1613122782
processes 50832
procs_running 1
procs_blocked 0
softirq 20117766 1 11700877 964 419682 0 0 168 785812 0 7210262
