cpu  5988598 4 7480 6814125 493 0 885 0 0 0
cpu0 166370 0 287 188965 13 0 233 0 0 0
cpu1 167534 0 376 187957 1 0 55 0 0 0
cpu2 166083 0 504 188976 2 0 280 0 0 0
cpu3 166260 0 243 189361 4 0 23 0 0 0
cpu4 166520 0 257 189048 44 0 12 0 0 0
cpu5 166490 0 161 189195 29 0 2 0 0 0
cpu6 166282 0 164 189394 16 0 12 0 0 0
cpu7 166276 0 203 189384 13 0 2 0 0 0
cpu8 166264 0 170 189371 72 0 5 0 0 0
cpu9 166235 0 166 189480 2 0 4 0 0 0
cpu10 166225 0 178 189462 4 0 16 0 0 0
cpu11 166312 0 150 189419 0 0 3 0 0 0
cpu12 165694 0 644 189431 7 0 96 0 0 0
cpu13 166509 0 190 189169 1 0 6 0 0 0
cpu14 166265 0 150 189462 1 0 2 0 0 0
cpu15 166108 0 334 189402 5 0 32 0 0 0
cpu16 166194 0 261 189398 2 0 24 0 0 0
cpu17 166330 0 180 189348 6 0 3 0 0 0
cpu18 166550 0 144 189178 3 0 0 0 0 0
cpu19 166654 0 300 188845 48 0 13 0 0 0
cpu20 166363 0 175 189314 1 0 2 0 0 0
cpu21 166299 0 151 189415 2 0 2 0 0 0
cpu22 166368 0 173 189277 62 0 0 0 0 0
cpu23 166502 0 148 189140 70 0 1 0 0 0
cpu24 166374 0 104 189392 4 0 0 0 0 0
cpu25 166292 0 146 189435 1 0 1 0 0 0
cpu26 166262 0 160 189452 0 0 6 0 0 0
cpu27 166298 0 116 189458 1 0 2 0 0 0
cpu28 166281 0 124 189465 1 0 2 0 0 0
cpu29 166288 0 127 189462 0 0 0 0 0 0
cpu30 166256 0 172 189435 10 0 2 0 0 0
cpu31 166608 0 111 189153 1 0 3 0 0 0
cpu32 166314 2 120 189417 8 0 4 0 0 0
cpu33 166338 0 157 189358 20 0 1 0 0 0
cpu34 166253 0 255 189325 19 0 21 0 0 0
cpu35 166331 0 164 189361 2 0 1 0 0 0
intr 16925092 56 0 0 0 614 0 0 0 1 0 263 0 0 0 0 0 0 0 0 0 0 0 0 0 0 0 0 0 0 0 0 0 671 141 512 389 4717 2500 540 380 3008 973 72 39 1783 91 236 238 252 265 155 5987 199 122 2202 3242 0 0 0 0 384 83 13 70 40 101 614 56 948 1589 1035 239 93 0 16 10863 1399 0 6025 349 54698 137 25 70 1 816 369 729 779 1026 21714 2755 707 1804 393 406 284 440 4382 1681 20 246 14 299 641 344 184 1347 449 226 805 109 374 292 0 18 7741 1 0 0 0 0 0 0 0 0 0 0 0 0 0 0 0 0 0 0 0 0 0 0 0 0 0 0 0 0 0 0 0 0 0 0 0 0 0 21 0 0 0 0 0 0 0 0 0 0 0 0 0 0 0 0 0 0 0 0 0 0 0 0 0 0 0 0 0 0 0 0 0 0 0 0 0 0 0 0 0 0 0 0 0 0 0 0 0 0 0 0 0 0 0 0 0 0 0 0 0 0 0 0 0 0 0 0 0 0 0 0 0 0 0 0 0 0 0 0 0 0 0 0 0 0 0 0 0 0 0 0 0 0 0 0 0 0 0 0 0 0 0 0 0 0 0 0 0 0 0 0 0 0 0 0 0 0 0 0 0 0 0 0 0 0 0 0 0 0 0 0 0 0 0 0 0 0 0 0 0 0 0 0 0 0 0 0 0 0 0 0 0 0 0 0 0 0 0 0 0 0 0 0 0 0 0 0 0 0 0 0 0 0 0 0 0 0 0 0 0 0 0 0 0 0 0 0 0 0 0 0 0 0 0 0 0 0 0 0 0 0 0 0 0 0 0 0 0 0 0 0 0 0 0 0 0 0 0 0 0 0 0 0 0 0 0 0 0 0 0 0 0 0 0 0 0 0 0 0 0 0 0 0 0 0 0 0 0 0 0 0 0 0 0 0 0 0 0 0 0 0 0 0 0 0 0 0 0 0 0 0 0 0 0 0 0 0 0 0 0 0 0 0 0 0 0 0 0 0 0 0 0 0 0 0 0 0 0 0 0 0 0 0 0 0 0 0 0 0 0 0 0 0 0 0 0 0 0 0 0 0 0 0 0 0 0 0 0 0 0 0 0 0 0 0 0 0 0 0 0 0 0 0 0 0 0 0 0 0 0 0 0 0 0 0 0 0 0 0 0 0 0 0 0 0 0 0 0 0 0 0 0 0 0 0 0 0 0 0 0 0 0 0 0 0 0 0 0 0 0 0 0 0 0 0 0 0 0 0 0 0 0 0 0 0 0 0 0 0 0 0 0 0 0 0 0 0 0 0 0 0 0 0 0 0 0 0 0 0 0 0 0 0 0 0 0 0 0 0 0 0 0 0 0 0 0 0 0 0 0 0 0 0 0 0 0 0 0 0 0 0 0 0 0 0 0 0 0 0 0 0 0 0 0 0 0 0 0 0 0 0 0 0 0 0 0 0 0 0 0 0 0 0 0 0 0 0 0 0 0 0 0 0 0 0 0 0 0 0 0 0 0 0 0 0 0 0 0 0 0 0 0 0 0 0 0 0 0 0 0 0 0 0 0 0 0 0 0 0 0 0 0 0 0 0 0 0 0 0 0 0 0 0 0 0 0 0 0 0 0 0 0 0 0 0 0 0 0 0 0 0 0 0 0 0 0 0 0 0 0 0 0 0 0 0 0 0 0 0 0 0 0 0 0 0 0 0 0 0 0 0 0 0 0 0 0 0 0 0 0 0 0 0 0 0 0 0 0 0 0 0 0 0 0 0 0 0 0 0 0 0 0 0 0 0 0 0 0 0 0 0 0 0 0 0 0 0 0 0 0 0 0 0 0 0 0 0 0 0 0 0 0 0 0 0 0 0 0 0 0 0 0 0 0 0 0 0 0 0 0 0 0 0 0 0 0 0 0 0 0 0 0 0 0 0 0 0 0 0 0 0 0 0 0 0 0 0 0 0 0 0 0 0 0 0 0 0 0 0 0 0 0 0 0 0 0 0 0 0 0 0 0 0 0 0 0 0 0 0 0 0 0 0 0 0 0 0 0 0 0 0 0 0 0 0 0 0 0 0 0 0 0 0 0 0 0 0 0 0 0 0 0 0 0 0 0 0 0 0 0 0 0 0 0 0 0 0 0 0 0 0 0 0 0 0 0 0 0 0 0 0 0 0 0 0 0 0 0 0 0 0 0 0 0 0 0 0 0 0 0 0 0 0 0 0 0 0 0 0 0 0 0 0 0 0 0 0 0 0 0 0 0 0 0 0 0 0 0 0 0 0 0 0 0 0 0 0 0 0 0 0 0 0 0 0 0 0 0 0 0 0 0 0 0 0 0 0 0 0 0 0 0 0 0 0 0 0 0 0 0 0 0 0 0 0 0 0 0 0 0 0 0 0 0 0 0 0 0 0 0 0 0 0 0 0 0 0 0 0 0 0 0 0 0 0 0 0 0 0 0 0 0 0 0 0 0 0 0 0 0 0 0 0 0 0 0 0 0 0 0 0 0 0 0 0 0 0 0 0 0 0 0 0 0 0 0 0 0 0 0 0 0 0 0 0 0 0 0 0 0 0 0 0 0 0 0 0 0 0 0 0 0 0 0 0 0 0 0 0 0 0 0 0 0 0 0 0 0 0 0 0 0 0 0 0 0 0 0 0 0 0 0 0 0 0 0 0 0 0 0 0 0 0 0 0 0 0 0 0 0 0 0 0 0 0 0 0 0 0 0 0 0 0 0 0 0 0 0 0 0 0 0 0 0 0 0 0 0 0 0 0 0 0 0 0 0 0 0 0 0 0 0 0 0 0 0 0 0 0 0 0 0 0 0 0 0 0 0 0
ctxt 5149465
btime 1613124388
processes 128427
procs_running 1
procs_blocked 0
softirq 22292236 1 12927551 335 950196 0 0 103094 659555 0 7651504
