cpu  1440045 4 3600 6722150 492 0 387 0 0 0
cpu0 39982 0 202 186433 13 0 174 0 0 0
cpu1 39984 0 164 186690 1 0 44 0 0 0
cpu2 40015 0 229 186520 2 0 69 0 0 0
cpu3 39980 0 114 186748 4 0 16 0 0 0
cpu4 40189 0 183 186430 44 0 11 0 0 0
cpu5 40023 0 94 186710 29 0 0 0 0 0
cpu6 39985 0 62 186783 16 0 0 0 0 0
cpu7 39998 0 73 186773 13 0 0 0 0 0
cpu8 39948 0 69 186770 72 0 0 0 0 0
cpu9 39920 0 81 186858 2 0 1 0 0 0
cpu10 39949 0 58 186850 4 0 0 0 0 0
cpu11 39948 0 44 186866 0 0 0 0 0 0
cpu12 39672 0 306 186811 6 0 51 0 0 0
cpu13 40107 0 71 186674 1 0 0 0 0 0
cpu14 39940 0 72 186844 1 0 0 0 0 0
cpu15 39950 0 101 186798 5 0 1 0 0 0
cpu16 40003 0 70 186779 2 0 0 0 0 0
cpu17 39987 0 114 186737 6 0 0 0 0 0
cpu18 40079 0 98 186671 3 0 0 0 0 0
cpu19 40369 0 180 186237 48 0 1 0 0 0
cpu20 40021 0 114 186695 1 0 1 0 0 0
cpu21 39960 0 80 186801 2 0 2 0 0 0
cpu22 40012 0 121 186661 62 0 0 0 0 0
cpu23 40078 0 105 186586 70 0 0 0 0 0
cpu24 40018 0 49 186781 4 0 0 0 0 0
cpu25 39970 0 64 186819 1 0 0 0 0 0
cpu26 39953 0 57 186843 0 0 3 0 0 0
cpu27 39940 0 64 186848 1 0 0 0 0 0
cpu28 39938 0 52 186858 1 0 0 0 0 0
cpu29 39944 0 55 186855 0 0 0 0 0 0
cpu30 39981 0 43 186817 10 0 0 0 0 0
cpu31 40233 0 68 186550 1 0 0 0 0 0
cpu32 39952 2 66 186812 8 0 0 0 0 0
cpu33 40014 0 76 186739 20 0 0 0 0 0
cpu34 40016 0 85 186728 19 0 0 0 0 0
cpu35 39974 0 101 186758 2 0 0 0 0 0
intr 4337519 56 0 0 0 614 0 0 0 1 0 263 0 0 0 0 0 0 0 0 0 0 0 0 0 0 0 0 0 0 0 0 0 669 138 125 254 4717 2500 540 348 3006 973 72 10 1630 22 199 238 213 257 154 5978 196 122 2202 3242 0 0 0 0 384 83 13 70 40 22 614 56 875 1505 1035 179 93 0 16 9678 891 0 4108 102 17816 128 11 30 1 293 2 331 1 3 6544 451 474 1500 24 296 226 77 4173 1672 12 105 14 1 9 68 69 42 79 80 132 10 3 88 0 18 7681 1 0 0 0 0 0 0 0 0 0 0 0 0 0 0 0 0 0 0 0 0 0 0 0 0 0 0 0 0 0 0 0 0 0 0 0 0 0 21 0 0 0 0 0 0 0 0 0 0 0 0 0 0 0 0 0 0 0 0 0 0 0 0 0 0 0 0 0 0 0 0 0 0 0 0 0 0 0 0 0 0 0 0 0 0 0 0 0 0 0 0 0 0 0 0 0 0 0 0 0 0 0 0 0 0 0 0 0 0 0 0 0 0 0 0 0 0 0 0 0 0 0 0 0 0 0 0 0 0 0 0 0 0 0 0 0 0 0 0 0 0 0 0 0 0 0 0 0 0 0 0 0 0 0 0 0 0 0 0 0 0 0 0 0 0 0 0 0 0 0 0 0 0 0 0 0 0 0 0 0 0 0 0 0 0 0 0 0 0 0 0 0 0 0 0 0 0 0 0 0 0 0 0 0 0 0 0 0 0 0 0 0 0 0 0 0 0 0 0 0 0 0 0 0 0 0 0 0 0 0 0 0 0 0 0 0 0 0 0 0 0 0 0 0 0 0 0 0 0 0 0 0 0 0 0 0 0 0 0 0 0 0 0 0 0 0 0 0 0 0 0 0 0 0 0 0 0 0 0 0 0 0 0 0 0 0 0 0 0 0 0 0 0 0 0 0 0 0 0 0 0 0 0 0 0 0 0 0 0 0 0 0 0 0 0 0 0 0 0 0 0 0 0 0 0 0 0 0 0 0 0 0 0 0 0 0 0 0 0 0 0 0 0 0 0 0 0 0 0 0 0 0 0 0 0 0 0 0 0 0 0 0 0 0 0 0 0 0 0 0 0 0 0 0 0 0 0 0 0 0 0 0 0 0 0 0 0 0 0 0 0 0 0 0 0 0 0 0 0 0 0 0 0 0 0 0 0 0 0 0 0 0 0 0 0 0 0 0 0 0 0 0 0 0 0 0 0 0 0 0 0 0 0 0 0 0 0 0 0 0 0 0 0 0 0 0 0 0 0 0 0 0 0 0 0 0 0 0 0 0 0 0 0 0 0 0 0 0 0 0 0 0 0 0 0 0 0 0 0 0 0 0 0 0 0 0 0 0 0 0 0 0 0 0 0 0 0 0 0 0 0 0 0 0 0 0 0 0 0 0 0 0 0 0 0 0 0 0 0 0 0 0 0 0 0 0 0 0 0 0 0 0 0 0 0 0 0 0 0 0 0 0 0 0 0 0 0 0 0 0 0 0 0 0 0 0 0 0 0 0 0 0 0 0 0 0 0 0 0 0 0 0 0 0 0 0 0 0 0 0 0 0 0 0 0 0 0 0 0 0 0 0 0 0 0 0 0 0 0 0 0 0 0 0 0 0 0 0 0 0 0 0 0 0 0 0 0 0 0 0 0 0 0 0 0 0 0 0 0 0 0 0 0 0 0 0 0 0 0 0 0 0 0 0 0 0 0 0 0 0 0 0 0 0 0 0 0 0 0 0 0 0 0 0 0 0 0 0 0 0 0 0 0 0 0 0 0 0 0 0 0 0 0 0 0 0 0 0 0 0 0 0 0 0 0 0 0 0 0 0 0 0 0 0 0 0 0 0 0 0 0 0 0 0 0 0 0 0 0 0 0 0 0 0 0 0 0 0 0 0 0 0 0 0 0 0 0 0 0 0 0 0 0 0 0 0 0 0 0 0 0 0 0 0 0 0 0 0 0 0 0 0 0 0 0 0 0 0 0 0 0 0 0 0 0 0 0 0 0 0 0 0 0 0 0 0 0 0 0 0 0 0 0 0 0 0 0 0 0 0 0 0 0 0 0 0 0 0 0 0 0 0 0 0 0 0 0 0 0 0 0 0 0 0 0 0 0 0 0 0 0 0 0 0 0 0 0 0 0 0 0 0 0 0 0 0 0 0 0 0 0 0 0 0 0 0 0 0 0 0 0 0 0 0 0 0 0 0 0 0 0 0 0 0 0 0 0 0 0 0 0 0 0 0 0 0 0 0 0 0 0 0 0 0 0 0 0 0 0 0 0 0 0 0 0 0 0 0 0 0 0 0 0 0 0 0 0 0 0 0 0 0 0 0 0 0 0 0 0 0 0 0 0 0 0 0 0 0 0 0 0 0 0 0 0 0 0 0 0 0 0 0 0 0 0 0 0 0 0 0 0 0 0 0 0 0 0 0 0 0 0 0 0 0 0 0 0 0 0 0 0 0 0 0 0 0 0 0 0 0 0 0 0 0 0 0 0 0 0 0 0 0 0 0 0 0 0 0 0 0 0 0 0 0 0 0 0 0 0 0 0 0 0 0 0 0 0 0 0 0 0 0 0 0 0 0 0 0 0 0 0 0 0 0 0 0 0 0 0 0 0 0 0 0 0 0 0 0 0 0 0 0 0 0 0 0 0 0 0 0 0 0 0 0 0 0 0 0 0 0 0 0 0 0 0 0 0 0 0 0 0 0 0 0 0 0 0 0 0 0 0 0 0 0 0 0 0 0 0 0 0 0 0 0 0 0 0 0 0 0 0 0 0 0 0 0 0 0 0 0 0 0 0 0 0 0 0 0 0
ctxt 1625209
btime 1613124388
processes 36654
procs_running 1
procs_blocked 0
softirq 5540205 1 3070692 229 250962 0 0 37176 251385 0 1929760
