cpu  68371774 5 90501 26424310 445 0 7390 0 0 0
cpu0 529312 0 5762 205425 3 0 567 0 0 0
cpu1 534349 0 407 206517 0 0 55 0 0 0
cpu2 534772 0 258 206341 17 0 2 0 0 0
cpu3 533225 0 607 207473 3 0 46 0 0 0
cpu4 531676 0 3460 205886 0 0 274 0 0 0
cpu5 534523 0 193 206677 7 0 4 0 0 0
cpu6 534668 0 272 206442 0 0 21 0 0 0
cpu7 534316 0 197 206857 0 0 17 0 0 0
cpu8 531851 0 2953 206187 10 0 356 0 0 0
cpu9 534529 0 135 206729 0 0 1 0 0 0
cpu10 534716 0 117 206559 0 0 2 0 0 0
cpu11 534463 0 193 206717 0 0 14 0 0 0
cpu12 532945 0 2481 205703 1 0 211 0 0 0
cpu13 534614 0 121 206660 0 0 2 0 0 0
cpu14 534759 0 123 206514 1 0 4 0 0 0
cpu15 534502 0 288 206592 0 0 23 0 0 0
cpu16 533128 0 2669 205239 1 0 331 0 0 0
cpu17 534664 0 101 206631 1 0 0 0 0 0
cpu18 534617 0 129 206630 0 0 4 0 0 0
cpu19 534558 0 160 206658 1 0 4 0 0 0
cpu20 532615 0 2328 206171 0 0 233 0 0 0
cpu21 534461 0 159 206571 1 0 161 0 0 0
cpu22 534630 0 151 206606 0 0 5 0 0 0
cpu23 534666 0 112 206611 0 0 2 0 0 0
cpu24 532369 0 2597 206037 0 0 282 0 0 0
cpu25 534657 0 135 206604 0 0 1 0 0 0
cpu26 534723 0 133 206525 0 0 2 0 0 0
cpu27 534474 0 128 206781 0 0 4 0 0 0
cpu28 532726 1 2042 206393 0 0 197 0 0 0
cpu29 534608 0 185 206592 0 0 4 0 0 0
cpu30 534732 0 140 206514 1 0 0 0 0 0
cpu31 534687 0 99 206604 0 0 0 0 0 0
cpu32 532289 0 2668 206145 1 0 234 0 0 0
cpu33 534526 0 181 206682 0 0 3 0 0 0
cpu34 534912 0 120 206354 0 0 1 0 0 0
cpu35 534512 0 232 206619 0 0 24 0 0 0
cpu36 531688 0 3654 205687 4 0 304 0 0 0
cpu37 534515 0 200 206669 1 0 3 0 0 0
cpu38 534864 0 114 206410 1 0 1 0 0 0
cpu39 534490 0 123 206769 0 0 3 0 0 0
cpu40 532400 0 2780 205882 2 0 270 0 0 0
cpu41 534564 0 175 206640 0 0 7 0 0 0
cpu42 534785 0 114 206482 0 0 4 0 0 0
cpu43 534482 0 183 206699 0 0 18 0 0 0
cpu44 531569 0 3448 206017 5 0 299 0 0 0
cpu45 534596 0 159 206624 0 0 5 0 0 0
cpu46 534421 0 139 206808 1 0 4 0 0 0
cpu47 534642 0 122 206613 2 0 4 0 0 0
cpu48 532474 0 2287 206345 0 0 222 0 0 0
cpu49 534087 0 377 206848 1 0 69 0 0 0
cpu50 534869 0 102 206411 1 0 2 0 0 0
cpu51 534635 0 133 206609 1 0 2 0 0 0
cpu52 532941 0 2278 205919 1 0 194 0 0 0
cpu53 534708 0 101 206559 9 0 0 0 0 0
cpu54 534710 0 100 206565 1 0 2 0 0 0
cpu55 534614 0 129 206630 1 0 8 0 0 0
cpu56 532501 0 2286 206366 1 0 187 0 0 0
cpu57 534668 0 137 206582 0 0 3 0 0 0
cpu58 534573 0 310 206456 1 0 36 0 0 0
cpu59 534391 0 393 206563 0 0 33 0 0 0
cpu60 532969 0 2161 206026 1 0 183 0 0 0
cpu61 534575 0 170 206634 0 0 2 0 0 0
cpu62 534365 0 108 206893 0 0 5 0 0 0
cpu63 534189 0 311 206843 0 0 13 0 0 0
cpu64 533095 0 2504 205559 20 0 151 0 0 0
cpu65 533986 0 494 206811 5 0 70 0 0 0
cpu66 534298 0 152 206884 1 0 5 0 0 0
cpu67 534260 0 460 206610 2 0 40 0 0 0
cpu68 533297 2 1857 206052 24 0 112 0 0 0
cpu69 534626 0 130 206614 0 0 1 0 0 0
cpu70 534721 0 120 206530 0 0 4 0 0 0
cpu71 534366 0 279 206700 1 0 31 0 0 0
cpu72 534392 0 1788 204688 165 0 292 0 0 0
cpu73 534551 0 133 206687 1 0 2 0 0 0
cpu74 534825 0 110 206441 0 0 0 0 0 0
cpu75 534636 0 140 206587 4 0 1 0 0 0
cpu76 535629 0 1480 204162 1 0 78 0 0 0
cpu77 534660 0 102 206616 0 0 1 0 0 0
cpu78 534693 0 100 206582 0 0 0 0 0 0
cpu79 534490 0 262 206601 1 0 19 0 0 0
cpu80 533277 0 1502 206409 8 0 118 0 0 0
cpu81 534664 0 127 206588 2 0 3 0 0 0
cpu82 534824 0 95 206450 0 0 2 0 0 0
cpu83 534664 0 96 206608 0 0 0 0 0 0
cpu84 533216 0 1530 206469 1 0 110 0 0 0
cpu85 534684 0 104 206580 0 0 0 0 0 0
cpu86 534566 0 90 206708 0 0 2 0 0 0
cpu87 534568 0 119 206671 0 0 3 0 0 0
cpu88 533632 0 1366 206242 0 0 98 0 0 0
cpu89 534305 0 156 206892 1 0 9 0 0 0
cpu90 534846 0 119 206405 0 0 0 0 0 0
cpu91 534673 0 102 206593 0 0 2 0 0 0
cpu92 533929 0 1423 205903 0 0 94 0 0 0
cpu93 534654 0 134 206568 4 0 0 0 0 0
cpu94 534872 0 125 206363 0 0 2 0 0 0
cpu95 534670 0 98 206591 3 0 1 0 0 0
cpu96 533316 0 1524 206425 1 0 87 0 0 0
cpu97 534664 0 168 206527 0 0 2 0 0 0
cpu98 534638 0 116 206604 0 0 1 0 0 0
cpu99 534532 0 212 206590 3 0 21 0 0 0
cpu100 532836 0 2230 206102 1 0 159 0 0 0
cpu101 534632 0 133 206603 0 0 1 0 0 0
cpu102 534804 0 108 206448 2 0 1 0 0 0
cpu103 534660 0 112 206585 0 0 0 0 0 0
cpu104 531580 0 3272 206159 0 0 282 0 0 0
cpu105 534683 0 116 206563 0 0 0 0 0 0
cpu106 534494 0 127 206734 2 0 0 0 0 0
cpu107 534537 0 220 206575 0 0 24 0 0 0
cpu108 533230 0 1648 206314 35 0 98 0 0 0
cpu109 534626 0 149 206579 0 0 3 0 0 0
cpu110 534840 0 128 206367 11 0 2 0 0 0
cpu111 534538 0 98 206722 0 0 2 0 0 0
cpu112 533664 0 1361 206224 4 0 87 0 0 0
cpu113 534640 0 159 206518 1 0 3 0 0 0
cpu114 534755 0 96 206504 1 0 0 0 0 0
cpu115 534650 0 112 206581 0 0 2 0 0 0
cpu116 533832 0 1424 205972 2 0 102 0 0 0
cpu117 534556 0 189 206598 0 0 2 0 0 0
cpu118 534980 0 85 206292 0 0 0 0 0 0
cpu119 534509 0 154 206681 0 0 7 0 0 0
cpu120 533596 0 1637 206019 4 0 83 0 0 0
cpu121 534620 0 131 206601 0 0 6 0 0 0
cpu122 534587 0 157 206597 0 0 1 0 0 0
cpu123 533972 0 584 206715 0 0 77 0 0 0
cpu124 534072 0 1402 205787 3 0 63 0 0 0
cpu125 534601 0 204 206512 0 0 2 0 0 0
cpu126 534896 0 150 206304 1 0 0 0 0 0
cpu127 534553 0 312 206485 0 0 1 0 0 0
intr 185316585 133 0 0 0 680 0 0 0 1 0 272 0 0 0 0 0 0 0 0 0 0 0 0 0 0 0 0 0 0 0 0 0 0 0 0 260 0 909 1064 1148 16704 4123 357 546 1060 681 0 241 4309 653 360 954 9201 378 3 553 1757 1121 63899 161 987 1902 0 254 449 789 184 314 476 426 2 803 4047 1723 3 407 92 606 318 516 4374 851 385 928 2180 846 17442 382 807 494 0 389 3819 232 204 2019 4805 332 742 208 9498 8176 343 999 7793 4969 243 1016 1888 19417 37 434 1833 440 182 462 7461 3834 0 496 790 54 0 251 1889 22 8 651 118 147 123 347 814 1550 0 439 2836 1173 4 367 445 1377 56 323 1560 12 494 816 1247 231 340 48 10 121 56 283 0 0 0 0 0 0 0 0 0 0 2014 1018 13635 200 425 602 145 87 164 1806 223 376 149 189 92 130 164 62 151 3178 324 135 169 189 260 3921 82 7 14 2 481 394 4 49 0 0 0 0 0 0 0 0 0 0 0 0 0 0 0 0 57 7 448 177 200 0 0 2 3 4 11 3 0 4 49 51 160 29 9 13 53 20 53 3 6 11 5 1 95 8 4 67 4 285 4 4 2 14 483 747 233 43 43 3 30 65 24 6 4 22 9 9 38 98 26 2 11 1 2 3 115 35 161 0 0 0 0 0 0 0 0 0 0 0 0 0 0 0 0 0 0 0 0 0 0 0 0 0 0 0 0 0 0 0 0 0 0 0 0 0 0 0 0 0 0 0 0 0 0 0 0 0 0 0 0 0 0 0 0 0 0 0 0 0 0 0 0 0 0 0 0 0 0 0 0 0 0 0 0 0 0 0 0 0 0 0 0 0 0 0 0 0 0 0 0 0 0 0 0 0 0 0 0 0 0 0 0 0 0 0 0 0 0 0 0 0 0 0 0 0 0 0 0 0 0 0 0 0 0 0 0 0 0 0 0 0 0 0 0 0 0 0 0 0 0 0 0 0 0 0 0 0 0 0 0 0 0 0 0 0 0 0 0 0 0 0 0 0 0 0 0 0 0 0 0 0 0 0 0 0 0 0 0 0 0 0 0 0 0 0 0 0 0 0 0 0 0 0 0 0 0 0 0 0 0 0 0 0 0 0 0 0 0 0 0 0 0 0 0 0 0 0 0 0 0 0 0 0 0 0 0 0 0 0 0 0 0 0 0 0 0 0 0 0 0 0 0 0 0 0 0 0 0 0 0 0 0 0 0 0 0 0 0 0 0 0 0 0 0 0 0 0 0 0 0 0 0 0 0 0 0 0 0 0 0 0 0 0 0 0 0 0 0 0 0 0 0 0 0 0 0 0 0 0 0 0 0 0 0 0 0 0 0 0 0 0 0 0 0 0 0 0 0 0 0 0 0 0 0 0 0 0 0 0 0 0 0 0 0 0 0 0 0 0 0 0 0 0 0 0 0 0 0 0 0 0 0 0 0 0 0 0 0 0 0 0 0 0 0 0 0 0 0 0 0 0 0 0 0 0 0 0 0 0 0 0 0 0 0 0 0 0 0 0 0 0 0 0 0 0 0 0 0 0 0 0 0 0 0 0 0 0 0 0 0 0 0 0 0 0 0 0 0 0 0 0 0 0 0 0 0 0 0 0 0 0 0 0 0 0 0 0 0 0 48 0 0 0 0 0 0 0 3 0 0 0 0 0 0 0 0 0 0 0 0 0 0 0 0 0 0 0 0 0 0 0 0 0 0 0 0 0 0 0 0 0 0 0 0 0 0 0 0 0 0 0 0 0 0 0 0 0 0 0 0 0 0 0 0 0 0 48 0 0 0 0 0 0 0 0 23 0 0 0 0 0 0 0 0 0 0 0 0 0 0 0 0 0 0 0 0 0 0 0 0 0 0 0 0 0 0 0 0 0 0 0 0 0 0 0 0 0 0 0 0 0 0 0 0 0 0 0 0 0 0 0 0 0 0 0 0 0 0 0 0 0 0 0 0 0 0 0 0 0 0 0 0 0 0 0 0 0 0 0 0 0 0 0 0 0 0 0 0 0 0 0 0 0 0 0 0 0 0 0 0 0 0 0 0 0 0 0 0 0 0 0 0 0 0 0 0 0 0 0 0 0 0 0 0 0 0 0 0 0 0 0 0 0 0 0 0 0 0 0 0 0 0 0 0 0 0 0 0 0 0 0 0 0 0 0 0 0 0 0 0 0 0 0 0 0 0 0 0 0 0 0 0 0 0 0 0 0 0 0 0 0 0 0 0 0 0 0 0 0 0 0 0 0 0 0 0 0 0 0 0 0 0 0 0 0 0 0 0 0 0 0 0 0 0 0 0 0 0 0 0 0 0 0 0 0 0 0 0 0 0 0 0 0 0 0 0 0 0 0 0 0 0 0 0 0 0 0 0 0 0 0 0 0 0 0 0 0 0 0 0 0 0 0 0 0 0 0 0 0 0 0 0 0 0 0 0 0 0 0 0 0 0 0 0 0 0 0 0 0 0 0 0 0 0 0 0 0 0 0 0 0 0 0 0 0 0 0 0 0 0 0 0 0 0 0 0 0 0 0 0 0 0 0 0 0 0 0 0 0 0 0 0 0 0 0 0 0 0 0 0 0 0 0 0 0 0 0 0 0 0 0 0 0 0 0 0 0 0 0 0 0 0 0 0 0 0 0 0 0 0 0 0 0 0 0 0 0 0 0 0 0 0 0 0 0 0 0 0 0 0 0 0 0 0 0 0 0 0 0 0 0 0 0 0 0 0 0 0 0 0 0 0 0 0 0 0 0 0 0 0 0 0 0 0 0 0 0 0 0 0 0 0 0 0 0 0 0 0 0 0 0 0 0 0 0 0 0 0 0 0 0 0 0 0 0 0 0 0 0 0 0 0 0 0 0 0 0 0 0 0 0 0 0 0 0 0 0 0 0 0 0 0 0 0 0 0 0 0 0 0 0 0 0 0 0 0 0 0 0 0 0 0 0 0 0 0 0 0 0 0 0 0 0 0 0 0 0 0 0 0 0 0 0 0 0 0 0 0 0 0 0 0 0 0 0 0 0 0 0 0 0 0 0 0 0 0 0 0 0 0 0 0 0 0 0 0 0 0 0 0 0 0 0 0 0 0 0 0 0 0 0 0 0 0 0 0 0 0 0 0 0 0 0 0 0 0 0 0 0 0 0 0 0 0 0 0 0 0 0 0 0 0 0 0 0 0 0 0 0 0 0 0 0 0 0 0 0 0 0 0 0 0 0 0 0 0 0 0 0 0 0 0 0 0 0 0 0 0 0 0 0 0 0 0 0 0 0 0 0 0 0 0 0 0 0 0 0 0 0 0 0 0 0 0 0 0 0 0 0 0 0 0 0 0 0 0 0 0 0 0 0 0 0 0 0 0 0 0 0 0 0 0 0 0 0 0 0 0 0 0 0 0 0 0 0 0 0 0 0 0 0 0 0 0 0 0 0 0 0 0 0 0 0 0 0 0 0 0 0 0 0 0 0 0 0 0 0 0 0 0 0 0 0 0 0 0 0 0 0 0 0 0 0 0 0 0 0 0 0 0 0 0 0 0 0 0 0 0 0 0 0 0 0 0 0 0 0 0 0 0 0 0 0 0 0 0 0 0 0 0 0 0 0 0 0 0 0 0 0 0 0 0 0 0 0 0 0 0 0 0 0 0 0 0 0 0 0 0 0 0 0 0 0 0 0 0 0 0 0 0 0 0 0 0 0 0 0 0 0 0 0 0 0 0 0 0 0 0 0 0 0 0 0 0 0 0 0 0 0 0 0 0 0 0 0 0 0 0 0 0 0 0 0 0 0 0 0 0 0 0 0 0 0 0 0 0 0 0 0 0 0 0 0 0 0 0 0 0 0 0 0 0 0 0 0 0 0 0 0 0 0 0 0 0 0 0 0 0 0 0 0 0 0 0 0 0 0 0 0 0 0 0 0 0 0 0 0 0 0 0 0 0 0 0 0 0 0 0 0 0 0 0 0 0 0 0 0 0 0 0 0 0 0 0 0 0 0 0 0 0 0 0 0 0 0 0 0 0 0 0 0 0 0 0 0 0 0 0 0 0 0 0 0 0 0 0 0 0 0 0 0 0 0 0 0 0 0 0 0 0 0 0 0 0 0 0 0 0 0 0 0 0 0 0 0 0 0 0 0 0 0 0 0 0 0 0 0 0 0 0 0 0 0 0 0 0 0 0 0 0 0 0 0 0 0 0 0 0 0 0 0 0 0 0 0 0 0 0 0 0 0 0 0 0 0 0 0 0 0 0 0 0 0 0 0 0 0 0 0 0 0 0 0 0 0 0 0 0 0 0 0 0 0 0 0 0 0 0 0 0 0 0 0 0 0 0 0 0 0 0 0 0 0 0 0 0 0 0 0 0 0 0 0 0 0 0 0 0 0 0 0 0 0 0 0 0 0 0 0 0 0 0 0 0 0 0 0 0 0 0 0 0 0 0 0 0 0 0 0 0 0 0 0 0 0 0 0 0 0 0 0 0 0 0 0 0 0 0 0 0 0 0 0 0 0 0 0 0 0 0 0 0 0 0 0 0 0 0 0 0 0 0 0 0 0 0 0 0 0 0 0 0 0 0 0 0 0 0 0 0 0 0 0 0 0 0 0 0 0 0 0 0 0 0 0 0 0 0 0 0 0 0 0 0 0 0 0 0 0 0 0 0 0 0 0 0 0 0 0 0 0 0 0 0 0 0 0 0 0 0 0 0 0 0 0 0 0 0 0 0 0 0 0 0 0 0 0 0 0 0 0 0 0 0 0 0 0 0 0 0 0 0 0 0 0 0 0 0 0 0 0 0 0 0 0 0 0 0 0 0 0 0 0 0 0 0 0 0 0 0 0 0 0 0 0 0 0 0 0 0 0 0 0 0 0 0 0 0 0 0 0 0 0 0 0 0 0 0 0 0 0 0 0 0 0 0 0 0 0 0 0 0 0 0 0 0 0 0 0 0 0 0 0 0 0 0 0 0 0 0 0 0 0 0 0 0 0 0 0 0 0 0 0 0 0 0 0 0 0 0 0 0 0 0 0 0 0 0 0 0 0 0 0 0 0 0 0 0 0 0 0 0 0 0 0 0 0 0 0 0 0 0 0 0 0 0 0 0 0 0 0 0 0 0 0 0 0 0 0 0 0 0 0 0 0 0 0 0 0 0 0 0 0 0 0 0 0 0 0 0 0 0 0 0 0 0 0 0 0 0 0 0 0 0 0 0 0 0 0 0 0 0 0 0 0 0 0 0 0 0 0 0 0 0 0 0 0 0 0 0 0 0 0 0 0 0 0 0 0 0 0 0 0 0 0 0 0 0 0 0 0 0 0 0 0 0 0 0 0 0 0 0 0 0 0 0 0 0 0 0 0 0 0 0 0 0 0 0 0 0 0 0 0 0 0 0 0 0 0 0 0 0 0 0 0 0 0 0 0 0 0 0 0 0 0 0 0 0 0 0 0 0 0 0 0 0 0 0 0 0 0 0 0 0 0 0 0 0 0 0 0 0 0 0 0 0 0 0 0 0 0 0 0 0 0 0 0 0 0 0 0 0 0 0 0 0 0 0 0 0 0 0 0 0 0 0 0 0 0 0 0 0 0 0 0 0 0 0 0 0 0 0 0 0 0 0 0 0 0 0 0 0 0 0 0 0 0 0 0 0 0 0 0 0 0 0 0 0 0 0 0 0 0 0 0 0 0 0 0 0 0 0 0 0 0 0 0 0 0 0 0 0 0 0 0 0 0 0 0 0 0 0 0 0 0 0 0 0 0 0 0 0 0 0 0 0 0 0 0 0 0 0 0 0 0 0 0 0 0 0 0 0 0 0 0 0 0 0 0 0 0 0 0 0 0 0 0 0 0 0 0 0 0 0 0 0 0 0 0 0 0 0 0 0 0 0 0 0 0 0 0 0 0 0 0 0 0 0 0 0 0 0 0 0 0 0 0 0 0 0 0 0 0 0 0 0 0 0 0 0 0 0 0 0 0 0 0 0 0 0 0 0 0 0 0 0 0 0 0 0 0 0 0 0 0 0 0 0 0 0 0 0 0 0 0 0 0 0 0 0 0 0 0 0 0 0 0 0 0 0 0 0 0 0 0 0 0 0 0 0 0 0 0 0 0 0 0 0 0 0 0 0 0 0 0 0 0 0 0 0 0 0 0 0 0 0 0 0 0 0 0 0 0 0 0 0 0 0 0 0 0 0 0 0 0 0 0 0 0 0 0 0 0 0 0 0 0 0 0 0 0 0 0 0 0 0 0 0 0 0 0 0 0 0 0 0 0 0 0 0 0 0 0 0 0 0 0 0 0 0 0 0 0 0 0 0 0 0 0 0 0 0 0 0 0 0 0 0 0 0 0 0 0 0 0 0 0 0 0 0 0 0 0 0 0 0 0 0 0 0 0 0 0 0 0 0 0 0 0 0 0 0 0 0 0 0 0 0 0 0 0 0 0 0 0 0 0 0 0 0 0 0 0 0 0 0 0 0 0 0 0 0 0 0 0 0 0 0 0 0 0 0 0 0 0 0 0 0 0 0 0 0 0 0 0 0 0 0 0 0 0 0 0 0 0 0 0 0 0 0 0 0 0 0 0 0 0 0 0 0 0 0 0 0 0 0 0 0 0 0 0 0 0 0 0 0 0 0 0 0 0 0 0 0 0 0 0 0 0 0 0 0 0 0 0 0 0 0 0 0 0 0 0 0 0 0 0 0 0 0 0 0 0 0 0 0 0 0 0 0 0 0 0 0 0 0 0 0 0 0 0 0 0 0 0 0 0 0 0 0 0 0 0 0 0 0 0 0 0 0 0 0 0 0 0 0 0 0 0 0 0 0 0 0 0 0 0 0 0 0 0 0 0 0 0 0 0 0 0 0 0 0 0 0 0 0 0 0 0 0 0 0 0 0 0 0 0 0 0 0 0 0 0 0 0 0 0 0 0 0 0 0 0 0 0 0 0 0 0 0 0 0 0 0 0 0 0 0 0 0 0 0 0 0 0 0 0 0 0 0 0 0 0 0 0 0 0 0 0 0 0 0 0 0 0 0 0 0 0 0 0 0 0 0 0 0 0 0 0 0 0 0 0 0 0 0 0 0 0 0 0 0 0 0 0 0 0 0 0 0 0 0 0 0 0 0 0 0 0 0 0 0 0 0 0 0 0 0 0 0 0 0 0 0 0 0 0 0 0 0 0 0 0 0 0 0 0 0 0 0 0 0 0 0 0 0 0 0 0 0 0 0 0 0 0 0 0 0 0 0 0 0 0 0 0 0 0 0 0 0 0 0 0 0 0 0 0 0 0 0 0 0 0 0 0 0 0 0 0 0 0 0 0 0 0 0 0 0 0 0 0 0 0 0 0 0 0 0 0 0 0 0 0 0 0 0 0 0 0 0 0 0 0 0 0 0 0 0 0 0 0 0 0 0 0 0 0 0 0 0 0 0 0 0 0 0 0 0 0 0 0 0 0 0 0 0 0 0 0 0 0 0 0 0 0 0 0 0 0 0 0 0 0 0 0 0 0 0 0 0 0 0 0 0 0 0 0 0 0 0 0 0 0 0 0 0 0 0 0 0 0 0 0 0 0 0 0 0 0 0 0 0 0 0 0 0 0 0 0 0 0 0 0 0 0 0 0 0 0 0 0 0 0 0 0 0 0 0 0 0 0 0 0 0 0 0 0 0 0 0 0 0 0 0 0 0 0 0 0 0 0 0 0 0 0 0 0 0 0 0 0 0 0 0 0 0 0 0 0 0 0 0 0 0 0 0 0 0 0 0 0 0 0 0 0 0 0 0 0 0 0 0 0 0 0 0 0 0 0 0 0 0 0 0 0 0 0 0 0 0 0 0 0 0 0 0 0 0 0 0 0 0 0 0 0 0 0 0 0 0 0 0 0 0 0 0 0 0 0 0 0 0 0 0 0 0 0 0 0 0 0 0 0 0 0 0 0 0 0 0 0 0 0 0 0 0 0 0 0 0 0 0 0 0 0 0 0 0 0 0 0 0 0 0 0 0 0 0 0 0 0 0 0 0 0 0 0 0 0 0 0 0 0 0 0 0 0 0 0 0 0 0 0 0 0 0 0 0 0 0 0 0 0 0 0 0 0 0 0 0 0 0 0 0 0 0 0 0 0 0 0 0 0 0 0 0 0 0 0 0 0 0 0 0 0 0 0 0 0 0 0 0 0 0 0 0 0 0 0 0 0 0 0 0 0 0 0 0 0 0 0 0 0 0 0 0 0 0 0 0 0 0 0 0 0 0 0 0 0 0 0 0 0 0 0 0 0 0 0 0 0 0 0 0 0 0 0 0 0 0 0 0 0 0 0 0 0 0 0 0 0 0 0 0 0 0 0 0 0 0 0 0 0 0 0 0 0 0 0 0 0 0 0 0 0 0 0 0 0 0 0 0 0 0 0 0 0 0 0 0 0 0 0 0 0 0 0 0 0 0 0 0 0 0 0 0 0 0 0 0 0 0 0 0 0 0 0 0 0 0 0 0 0 0 0 0 0 0 0 0 0 0 0 0 0 0 0 0 0 0 0 0 0 0 0 0 0 0 0 0 0 0 0 0 0 0 0 0 0 0 0 0 0 0 0 0 0 0 0 0 0 0 0 0 0 0 0 0 0 0 0 0 0 0 0 0 0 0 0 0 0 0 0 0 0 0 0 0 0 0 0 0 0 0 0 0 0 0 0 0 0 0 0 0 0 0 0 0 0 0 0 0 0 0 0 0 0 0 0 0 0 0 0 0 0 0 0 0 0 0 0 0 0 0 0 0 0 0 0 0 0 0 0 0 0 0 0 0 0 0 0 0 0 0 0 0 0 0 0 0 0 0 0 0 0 0 0 0 0 0 0 0 0 0 0 0 0 0 0 0 0 0 0 0 0 0 0 0 0 0 0 0 0 0 0 0 0 0 0 0 0 0 0 0 0 0 0 0 0 0 0 0 0 0 0 0 0 0 0 0 0 0 0 0 0 0 0 0 0 0 0 0 0 0 0 0 0 0 0 0 0 0 0 0 0 0 0 0 0 0 0 0 0 0 0 0 0 0 0 0 0 0 0 0 0 0 0 0 0 0 0 0 0 0 0 0 0 0 0 0 0 0 0 0 0 0 0 0 0 0 0 0 0 0 0 0 0 0 0 0 0 0 0 0 0 0 0 0 0 0 0 0 0 0 0 0 0 0 0 0 0 0 0 0 0 0 0 0 0 0 0 0 0 0 0 0 0 0 0 0 0 0 0 0 0 0 0 0 0 0 0 0 0 0 0 0 0 0 0 0 0 0 0 0 0 0 0 0 0 0 0 0 0 0 0 0 0 0 0 0 0 0 0 0 0 0 0 0 0 0 0 0 0 0 0 0 0 0 0 0 0 0 0 0 0 0 0 0 0 0 0 0 0 0 0 0 0 0 0 0 0 0 0 0 0 0 0 0 0 0 0 0 0 0 0 0 0 0 0 0 0 0 0 0 0 0 0 0 0 0 0 0 0 0 0 0 0 0 0 0 0 0 0 0 0 0 0 0 0 0 0 0 0 0 0 0 0 0 0 0 0 0 0 0 0 0 0 0 0 0 0 0 0 0 0 0 0 0 0 0 0 0 0 0 0 0 0 0 0 0 0 0 0 0 0 0 0 0 0 0 0 0 0 0 0 0 0 0 0 0 0 0 0 0 0 0 0 0 0 0 0 0 0 0 0 0 0 0 0 0 0 0 0 0 0 0 0 0 0 0 0 0 0 0 0 0 0 0 0 0 0 0 0 0 0 0 0 0 0 0 0 0 0 0 0 0 0 0 0 0 0 0 0 0 0 0 0 0 0 0 0 0 0 0 0 0 0 0 0 0 0 0 0 0 0 0 0 0 0 0 0 0 0 0 0 0 0 0 0 0 0 0 0 0 0 0 0 0 0 0 0 0 0 0 0 0 0 0 0 0 0 0 0 0 0 0 0 0 0 0 0 0 0 0 0 0 0 0 0 0 0 0 0 0 0 0 0 0 0 0 0 0 0 0 0 0 0 0 0
ctxt 8624288
btime 1613064757
processes 156252
procs_running 1
procs_blocked 0
softirq 193864745 1 129756090 2266 1365392 0 0 879 6282883 0 56457234
