cpu  2921546 4 4957 6681193 420 0 550 0 0 0
cpu0 81060 0 280 185350 1 0 162 0 0 0
cpu1 81130 0 94 185675 1 0 97 0 0 0
cpu2 81168 0 122 185618 0 0 24 0 0 0
cpu3 81108 0 242 185527 4 0 8 0 0 0
cpu4 81103 0 229 185557 2 0 10 0 0 0
cpu5 81152 0 156 185578 14 0 1 0 0 0
cpu6 81122 0 139 185634 2 0 6 0 0 0
cpu7 81154 0 114 185646 4 0 0 0 0 0
cpu8 81537 0 150 185218 1 0 0 0 0 0
cpu9 81158 0 132 185617 1 0 3 0 0 0
cpu10 81124 0 117 185662 4 0 0 0 0 0
cpu11 81124 0 81 185707 2 0 2 0 0 0
cpu12 81046 0 136 185714 4 0 5 0 0 0
cpu13 81412 0 134 185316 48 0 0 0 0 0
cpu14 80976 0 225 185673 4 0 22 0 0 0
cpu15 81073 0 129 185701 5 0 6 0 0 0
cpu16 81162 0 86 185656 1 0 1 0 0 0
cpu17 81142 0 118 185631 5 0 1 0 0 0
cpu18 81160 0 137 185601 4 0 2 0 0 0
cpu19 81051 0 158 185678 1 0 17 0 0 0
cpu20 81159 0 88 185647 3 0 3 0 0 0
cpu21 81133 0 95 185670 9 0 0 0 0 0
cpu22 81052 0 171 185670 12 0 6 0 0 0
cpu23 81154 0 94 185654 2 0 0 0 0 0
cpu24 81019 0 178 185561 12 0 119 0 0 0
cpu25 81146 0 103 185658 3 0 0 0 0 0
cpu26 81156 0 98 185641 7 0 0 0 0 0
cpu27 81158 0 107 185643 0 0 0 0 0 0
cpu28 81591 0 164 185048 81 0 0 0 0 0
cpu29 81188 0 86 185597 33 0 1 0 0 0
cpu30 81282 0 113 185431 54 0 1 0 0 0
cpu31 81223 3 104 185529 40 0 0 0 0 0
cpu32 80950 0 272 185645 6 0 38 0 0 0
cpu33 81117 0 108 185662 12 0 2 0 0 0
cpu34 81139 0 74 185669 15 0 1 0 0 0
cpu35 81104 0 106 185691 1 0 0 0 0 0
intr 8428847 56 0 0 0 610 0 0 0 1 0 275 0 0 0 0 0 0 0 0 0 0 0 0 0 0 0 0 0 0 0 0 0 94 190 65 18 196 323 597 123 186 58 86 228 138 254 1443 435 279 97 339 191 118 151 1241 3734 0 0 0 0 203 1079 259 331 27 10036 3397 3976 1767 539 639 219 127 0 16 8896 1 0 5162 30 30 532 596 3 42 144 1 2018 92 629 2111 54 3114 780 59 278 777 94 5304 259 2764 595 29124 1 28 250 36 297 181 121 4485 658 53 409 0 16 7643 1 0 0 0 0 0 0 0 0 0 0 0 0 0 0 0 0 0 0 0 0 0 0 0 0 0 0 0 0 0 0 0 0 0 0 0 0 0 24 0 0 0 0 0 0 0 0 0 0 0 0 0 0 0 0 0 0 0 0 0 0 0 0 0 0 0 0 0 0 0 0 0 0 0 0 0 0 0 0 0 0 0 0 0 0 0 0 0 0 0 0 0 0 0 0 0 0 0 0 0 0 0 0 0 0 0 0 0 0 0 0 0 0 0 0 0 0 0 0 0 0 0 0 0 0 0 0 0 0 0 0 0 0 0 0 0 0 0 0 0 0 0 0 0 0 0 0 0 0 0 0 0 0 0 0 0 0 0 0 0 0 0 0 0 0 0 0 0 0 0 0 0 0 0 0 0 0 0 0 0 0 0 0 0 0 0 0 0 0 0 0 0 0 0 0 0 0 0 0 0 0 0 0 0 0 0 0 0 0 0 0 0 0 0 0 0 0 0 0 0 0 0 0 0 0 0 0 0 0 0 0 0 0 0 0 0 0 0 0 0 0 0 0 0 0 0 0 0 0 0 0 0 0 0 0 0 0 0 0 0 0 0 0 0 0 0 0 0 0 0 0 0 0 0 0 0 0 0 0 0 0 0 0 0 0 0 0 0 0 0 0 0 0 0 0 0 0 0 0 0 0 0 0 0 0 0 0 0 0 0 0 0 0 0 0 0 0 0 0 0 0 0 0 0 0 0 0 0 0 0 0 0 0 0 0 0 0 0 0 0 0 0 0 0 0 0 0 0 0 0 0 0 0 0 0 0 0 0 0 0 0 0 0 0 0 0 0 0 0 0 0 0 0 0 0 0 0 0 0 0 0 0 0 0 0 0 0 0 0 0 0 0 0 0 0 0 0 0 0 0 0 0 0 0 0 0 0 0 0 0 0 0 0 0 0 0 0 0 0 0 0 0 0 0 0 0 0 0 0 0 0 0 0 0 0 0 0 0 0 0 0 0 0 0 0 0 0 0 0 0 0 0 0 0 0 0 0 0 0 0 0 0 0 0 0 0 0 0 0 0 0 0 0 0 0 0 0 0 0 0 0 0 0 0 0 0 0 0 0 0 0 0 0 0 0 0 0 0 0 0 0 0 0 0 0 0 0 0 0 0 0 0 0 0 0 0 0 0 0 0 0 0 0 0 0 0 0 0 0 0 0 0 0 0 0 0 0 0 0 0 0 0 0 0 0 0 0 0 0 0 0 0 0 0 0 0 0 0 0 0 0 0 0 0 0 0 0 0 0 0 0 0 0 0 0 0 0 0 0 0 0 0 0 0 0 0 0 0 0 0 0 0 0 0 0 0 0 0 0 0 0 0 0 0 0 0 0 0 0 0 0 0 0 0 0 0 0 0 0 0 0 0 0 0 0 0 0 0 0 0 0 0 0 0 0 0 0 0 0 0 0 0 0 0 0 0 0 0 0 0 0 0 0 0 0 0 0 0 0 0 0 0 0 0 0 0 0 0 0 0 0 0 0 0 0 0 0 0 0 0 0 0 0 0 0 0 0 0 0 0 0 0 0 0 0 0 0 0 0 0 0 0 0 0 0 0 0 0 0 0 0 0 0 0 0 0 0 0 0 0 0 0 0 0 0 0 0 0 0 0 0 0 0 0 0 0 0 0 0 0 0 0 0 0 0 0 0 0 0 0 0 0 0 0 0 0 0 0 0 0 0 0 0 0 0 0 0 0 0 0 0 0 0 0 0 0 0 0 0 0 0 0 0 0 0 0 0 0 0 0 0 0 0 0 0 0 0 0 0 0 0 0 0 0 0 0 0 0 0 0 0 0 0 0 0 0 0 0 0 0 0 0 0 0 0 0 0 0 0 0 0 0 0 0 0 0 0 0 0 0 0 0 0 0 0 0 0 0 0 0 0 0 0 0 0 0 0 0 0 0 0 0 0 0 0 0 0 0 0 0 0 0 0 0 0 0 0 0 0 0 0 0 0 0 0 0 0 0 0 0 0 0 0 0 0 0 0 0 0 0 0 0 0 0 0 0 0 0 0 0 0 0 0 0 0 0 0 0 0 0 0 0 0 0 0 0 0 0 0 0 0 0 0 0 0 0 0 0 0 0 0 0 0 0 0 0 0 0 0 0 0 0 0 0 0 0 0 0 0 0 0 0 0 0 0 0 0 0 0 0 0 0 0 0 0 0 0 0 0 0 0 0 0 0 0 0 0 0 0 0 0 0 0 0 0 0 0 0 0 0 0 0 0 0 0 0 0 0 0 0 0 0 0 0 0 0 0 0 0 0 0 0 0 0 0 0 0 0 0 0 0 0 0 0 0 0 0 0 0 0 0 0 0 0 0 0 0 0 0 0 0 0 0 0 0 0 0 0 0 0 0 0 0 0 0 0 0 0 0 0 0 0 0 0 0 0 0 0 0 0 0 0 0 0 0 0 0 0 0 0 0 0 0 0 0 0 0 0 0 0 0 0 0 0 0 0 0 0 0 0 0 0 0 0 0 0 0 0 0 0 0 0 0 0 0 0 0 0 0 0 0 0 0 0 0 0 0 0 0
ctxt 2735335
btime 1613124388
processes 65964
procs_running 1
procs_blocked 0
softirq 11028041 1 6296291 260 479033 0 0 59358 382825 0 3810273
