cpu  1620004 5 5356 2040344 111 0 248 0 0 0
cpu0 25286 0 260 31534 0 0 102 0 0 0
cpu1 25183 0 135 31955 8 0 31 0 0 0
cpu2 25271 0 72 31951 0 0 1 0 0 0
cpu3 25274 0 42 31981 0 0 0 0 0 0
cpu4 25301 0 117 31875 0 0 0 0 0 0
cpu5 25281 0 36 31977 0 0 0 0 0 0
cpu6 25383 0 199 31648 1 0 2 0 0 0
cpu7 25255 0 59 31969 0 0 3 0 0 0
cpu8 25312 0 128 31849 0 0 0 0 0 0
cpu9 25281 0 32 31984 0 0 0 0 0 0
cpu10 25915 0 283 31065 10 0 2 0 0 0
cpu11 25281 0 36 31960 1 0 0 0 0 0
cpu12 25352 0 192 31749 1 0 0 0 0 0
cpu13 25281 0 31 31982 0 0 3 0 0 0
cpu14 25415 0 164 31686 15 0 1 0 0 0
cpu15 25281 0 39 31974 0 0 0 0 0 0
cpu16 25330 0 126 31817 0 0 5 0 0 0
cpu17 25280 0 40 31975 0 0 0 0 0 0
cpu18 25282 0 99 31905 0 0 0 0 0 0
cpu19 25282 0 30 31981 0 0 0 0 0 0
cpu20 25322 0 90 31877 0 0 1 0 0 0
cpu21 25282 0 31 31979 0 0 0 0 0 0
cpu22 25350 0 126 31808 0 0 0 0 0 0
cpu23 25282 0 37 31975 0 0 0 0 0 0
cpu24 25316 0 86 31811 41 0 0 0 0 0
cpu25 25278 0 40 31974 0 0 0 0 0 0
cpu26 25291 0 51 31945 0 0 0 0 0 0
cpu27 25216 0 87 31977 1 0 7 0 0 0
cpu28 25292 0 70 31921 0 0 0 0 0 0
cpu29 25282 0 40 31967 2 0 0 0 0 0
cpu30 25452 0 86 31741 0 0 0 0 0 0
cpu31 25282 0 34 31968 7 0 0 0 0 0
cpu32 25306 0 62 31917 0 0 0 0 0 0
cpu33 25216 0 90 31971 0 0 6 0 0 0
cpu34 25296 0 54 31932 0 0 0 0 0 0
cpu35 25281 0 32 31972 0 0 0 0 0 0
cpu36 25287 0 57 31939 0 0 0 0 0 0
cpu37 25281 0 36 31967 0 0 0 0 0 0
cpu38 25414 0 96 31757 0 0 0 0 0 0
cpu39 25279 0 34 31973 0 0 0 0 0 0
cpu40 25346 0 123 31805 0 0 0 0 0 0
cpu41 25282 0 33 31970 0 0 0 0 0 0
cpu42 25367 0 133 31762 1 0 2 0 0 0
cpu43 25282 0 38 31965 0 0 0 0 0 0
cpu44 25435 0 217 31620 1 0 0 0 0 0
cpu45 25282 0 35 31967 0 0 0 0 0 0
cpu46 25516 0 166 31587 2 0 2 0 0 0
cpu47 25280 0 32 31971 0 0 0 0 0 0
cpu48 25411 0 131 31736 0 0 0 0 0 0
cpu49 25280 0 33 31968 0 0 0 0 0 0
cpu50 25208 2 148 31910 0 0 6 0 0 0
cpu51 25276 0 35 31947 0 0 10 0 0 0
cpu52 25301 0 70 31906 0 0 0 0 0 0
cpu53 25280 0 36 31963 0 0 0 0 0 0
cpu54 25293 0 82 31895 0 0 0 0 0 0
cpu55 25281 0 39 31959 0 0 0 0 0 0
cpu56 25282 0 58 31928 0 0 0 0 0 0
cpu57 25284 0 32 31958 1 0 0 0 0 0
cpu58 25286 0 64 31920 0 0 0 0 0 0
cpu59 25038 0 235 31953 0 0 50 0 0 0
cpu60 25297 0 62 31918 0 0 0 0 0 0
cpu61 25280 0 37 31959 0 0 0 0 0 0
cpu62 25578 0 95 31603 0 0 0 0 0 0
cpu63 25284 0 39 31952 0 0 0 0 0 0
intr 5116870 82 0 0 0 634 0 0 0 1 0 282 0 0 0 0 0 0 0 0 0 0 0 0 0 0 0 0 0 0 0 0 0 0 0 0 0 0 0 992 11521 1477 26 78 6 0 2182 15 0 7 4 5 0 20 2 4886 0 0 0 0 1 727 9 74 2 0 0 0 0 4 0 129 5149 51 0 52 0 21 0 0 7 1133 0 64 4 940 0 2 0 57 12462 495 0 0 0 12 3 303 3 2 2 40 0 0 0 0 0 0 0 0 0 0 0 0 0 0 0 0 0 0 95 30375 0 0 0 0 0 0 0 0 0 0 0 0 0 0 0 0 0 0 0 0 0 0 0 0 0 0 0 0 0 0 0 0 0 0 0 0 0 0 0 0 0 0 0 0 0 0 0 0 0 0 0 0 0 0 0 0 0 0 0 0 0 0 0 0 0 0 0 0 0 0 0 0 0 0 0 20 0 0 0 0 0 0 0 0 0 0 0 0 0 0 0 0 0 0 0 0 0 0 0 0 0 0 0 0 0 0 0 0 0 0 0 0 0 0 0 0 0 0 0 0 0 0 0 0 0 0 0 0 0 0 0 0 0 0 0 0 0 0 0 0 0 0 0 0 0 0 0 0 0 0 0 0 0 0 0 0 0 0 0 0 0 0 0 0 0 0 0 0 0 0 0 0 0 0 0 0 0 0 0 0 0 0 0 0 0 0 0 0 0 0 0 0 0 0 0 0 0 0 0 0 0 0 0 0 0 0 0 0 0 0 0 0 0 0 0 0 0 0 0 0 0 0 0 0 0 0 0 0 0 0 0 0 0 0 0 0 0 0 0 0 0 0 0 0 0 0 0 0 0 0 0 0 0 0 0 0 0 0 0 0 0 0 0 0 0 0 0 0 0 0 0 0 0 0 0 0 0 0 0 0 0 0 0 0 0 0 0 0 0 0 0 0 0 0 0 0 0 0 0 0 0 0 0 0 0 0 0 0 0 0 0 0 0 0 0 0 0 0 0 0 0 0 0 0 0 0 0 0 0 0 0 0 0 0 0 0 0 0 0 0 0 0 0 0 0 0 0 0 0 0 0 0 0 0 0 0 0 0 0 0 0 0 0 0 0 0 0 0 0 0 0 0 0 0 0 0 0 0 0 0 0 0 0 0 0 0 0 0 0 0 0 0 0 0 0 0 0 0 0 0 0 0 0 0 0 0 0 0 0 0 0 0 0 0 0 0 0 0 0 0 0 0 0 0 0 0 0 0 0 0 0 0 0 0 0 0 0 0 0 0 0 0 0 0 0 0 0 0 0 0 0 0 0 0 0 0 0 0 0 0 0 0 0 0 0 0 0 0 0 0 0 0 0 0 0 0 0 0 0 0 0 0 0 0 0 0 0 0 0 0 0 0 0 0 0 0 0 0 0 0 0 0 0 0 0 0 0 0 0 0 0 0 0 0 0 0 0 0 0 0 0 0 0 0 0 0 0 0 0 0 0 0 0 0 0 0 0 0 0 0 0 0 0 0 0 0 0 0 0 0 0 0 0 0 0 0 0 0 0 0 0 0 0 0 0 0 0 0 0 0 0 0 0 0 0 0 0 0 0 0 0 0 0 0 0 0 0 0 0 0 0 0 0 0 0 0 0 0 0 0 0 0 0 0 0 0 0 0 0 0 0 0 0 0 0 0 0 0 0 0 0 0 0 0 0 0 0 0 0 0 0 0 0 0 0 0 0 0 0 0 0 0 0 0 0 0 0 0 0 0 0 0 0 0 0 0 0 0 0 0 0 0 0 0 0 0 0 0 0 0 0 0 0 0 0 0 0 0 0 0 0 0 0 0 0 0 0 0 0 0 0 0 0 0 0 0 0 0 0 0 0 0 0 0 0 0 0 0 0 0 0 0 0 0 0 0 0 0 0 0 0 0 0 0 0 0 0 0 0 0 0 0 0 0 0 0 0 0 0 0 0 0 0 0 0 0 0 0 0 0 0 0 0 0 0 0 0 0 0 0 0 0 0 0 0 0 0 0 0 0 0 0 0 0 0 0 0 0 0 0 0 0 0 0 0 0 0 0 0 0 0 0 0 0 0 0 0 0 0 0 0 0 0 0 0 0 0 0 0 0 0 0 0 0 0 0 0 0 0 0 0 0 0 0 0 0 0 0 0 0 0 0 0 0 0 0 0 0 0 0 0 0 0 0 0 0 0 0 0 0 0 0 0 0 0 0 0 0 0 0 0 0 0 0 0 0 0 0 0 0 0 0 0 0 0 0 0 0 0 0 0 0 0 0 0 0 0 0 0 0 0 0 0 0 0 0 0 0 0 0 0 0 0 0 0 0 0 0 0 0 0 0 0 0 0 0 0 0 0 0 0 0 0 0 0 0 0 0 0 0 0 0 0 0 0 0 0 0 0 0 0 0 0 0 0 0 0 0 0 0 0 0 0 0 0 0 0 0 0 0 0 0 0 0 0 0 0 0 0 0 0 0 0 0 0 0 0 0 0 0 0 0 0 0 0 0 0 0 0 0 0 0 0 0 0 0 0 0 0 0 0 0 0 0 0 0 0 0 0 0 0 0 0 0 0 0 0 0 0 0 0 0 0 0 0 0 0 0 0 0 0 0 0 0 0 0 0 0 0 0 0 0 0 0 0 0 0 0 0 0 0 0 0 0 0 0 0 0 0 0 0 0 0 0 0 0 0 0 0 0 0 0 0 0 0 0 0 0 0 0 0 0 0 0 0 0 0 0 0 0 0 0 0 0 0 0 0 0 0 0 0 0 0 0 0 0 0 0 0 0 0 0 0 0 0 0 0 0 0 0 0 0 0 0 0 0 0 0 0 0 0 0 0 0 0 0 0 0 0 0 0 0 0 0 0 0 0 0 0 0 0 0 0 0 0 0 0 0 0 0 0 0 0 0 0 0 0 0 0 0 0 0 0 0 0 0 0 0 0 0 0 0 0 0 0 0 0 0 0 0 0 0 0 0 0 0 0 0 0 0 0 0 0 0 0 0 0 0 0 0 0 0 0 0 0 0 0 0 0 0 0 0 0 0 0 0 0 0 0 0 0 0 0 0 0 0 0 0 0 0 0 0 0 0 0 0 0 0 0 0 0 0 0 0 0 0 0 0 0 0 0 0 0 0 0 0 0 0 0 0 0 0 0 0 0 0 0 0 0 0 0 0 0 0 0 0 0 0 0 0 0 0 0 0 0 0 0 0 0 0 0 0 0 0 0 0 0 0 0 0 0 0 0 0 0 0 0 0 0 0 0 0 0 0 0 0 0 0 0 0 0 0 0 0 0 0 0 0 0 0 0 0 0 0 0 0 0 0 0 0 0 0 0 0 0 0 0 0 0 0 0 0 0 0 0 0 0 0 0 0 0 0 0 0 0 0 0 0 0 0 0 0 0 0 0 0 0 0 0 0 0 0 0 0 0 0 0 0 0 0 0 0 0 0 0 0 0 0 0 0 0 0 0 0 0 0 0 0 0 0 0 0 0 0 0 0 0 0 0 0 0 0 0 0 0 0 0 0 0 0 0 0 0 0 0 0 0 0 0 0 0 0 0 0 0 0 0 0 0 0 0 0 0 0 0 0 0 0 0 0 0 0 0 0 0 0 0 0 0 0 0 0 0 0 0 0 0 0 0 0 0 0 0 0 0 0 0 0 0 0 0 0 0 0 0 0 0 0 0 0 0 0 0 0 0 0 0 0 0 0 0 0 0 0 0 0 0 0 0 0 0 0 0 0 0 0 0 0 0 0 0 0 0 0 0 0 0 0 0 0 0 0 0 0 0 0 0 0 0 0 0 0 0 0 0 0 0 0 0 0 0 0 0 0 0 0 0 0 0 0 0 0 0 0 0 0 0 0 0 0 0 0 0 0 0 0 0 0 0 0 0 0 0 0 0 0 0 0 0 0 0 0 0 0 0 0 0 0 0 0 0 0 0 0 0 0 0 0 0 0 0 0 0 0 0 0 0 0 0 0 0 0 0 0 0 0 0 0 0 0 0 0 0 0 0 0 0 0 0 0 0 0 0 0 0 0 0 0 0 0 0 0 0 0 0 0 0 0 0 0 0 0 0 0 0 0 0 0 0 0 0 0 0 0 0 0 0 0 0 0 0 0 0 0 0 0 0 0 0 0 0 0 0 0 0 0 0 0 0 0 0 0 0 0 0 0 0 0 0 0 0 0 0 0 0 0 0 0 0 0 0 0 0 0 0 0 0 0 0 0 0 0 0 0 0 0 0 0 0 0 0 0 0 0 0 0 0 0 0 0 0 0 0 0 0 0 0 0 0 0 0 0 0 0 0 0 0 0 0 0 0 0 0 0 0 0 0 0 0 0 0 0 0 0 0 0 0 0 0 0 0 0 0 0 0 0 0 0 0 0 0 0 0 0 0 0 0 0 0 0 0 0 0 0 0 0 0 0 0 0 0 0 0 0 0 0 0 0 0 0 0 0 0 0 0 0 0 0 0 0 0 0 0 0 0 0 0 0 0 0 0 0 0 0 0 0 0 0 0 0 0 0 0 0 0 0 0 0 0 0 0 0 0 0 0 0 0 0 0 0 0 0 0 0 0 0 0 0 0 0 0 0 0 0 0 0 0 0 0 0 0 0 0 0 0 0 0 0 0 0 0 0 0 0 0 0 0 0 0 0 0 0 0 0 0 0 0 0 0 0 0 0 0 0 0 0 0 0 0 0 0 0 0 0 0 0 0 0 0 0 0 0 0 0 0 0 0 0 0 0 0 0 0 0 0 0 0 0 0 0 0 0 0 0 0 0 0 0 0 0 0 0 0 0 0 0 0 0 0 0 0 0 0 0 0 0 0 0 0 0 0 0 0 0 0 0 0 0 0 0 0 0 0 0 0 0 0 0 0 0 0 0 0 0 0 0 0 0 0 0 0 0 0 0 0 0 0 0 0 0 0 0 0 0 0 0 0 0 0 0 0 0 0 0 0 0 0 0 0 0 0 0 0 0 0 0 0 0 0 0 0 0 0 0 0 0 0 0 0 0 0 0 0 0 0 0 0 0 0 0 0 0 0 0 0 0 0 0 0 0 0 0 0 0 0 0 0 0 0 0 0 0 0 0 0 0 0 0 0 0 0 0 0 0 0 0 0 0 0 0 0 0 0 0 0 0 0 0 0 0 0 0 0 0 0 0 0 0 0 0 0 0 0 0 0
ctxt 1141486
btime 1613144793
processes 26396
procs_running 1
procs_blocked 0
softirq 5294746 1 2841773 759 189525 0 0 143 291270 0 1971275
