cpu  12625056 4 18847 6730166 416 0 2197 0 0 0
cpu0 350495 1 700 186755 0 0 268 0 0 0
cpu1 350616 0 602 186958 1 0 48 0 0 0
cpu2 350958 0 734 186420 79 0 34 0 0 0
cpu3 350591 0 498 187124 1 0 29 0 0 0
cpu4 350567 0 552 187109 0 0 20 0 0 0
cpu5 350673 0 348 187208 0 0 24 0 0 0
cpu6 350817 0 427 186895 72 0 30 0 0 0
cpu7 350718 0 457 187027 3 0 28 0 0 0
cpu8 350742 0 463 187015 6 0 15 0 0 0
cpu9 350737 0 433 187028 1 0 46 0 0 0
cpu10 350732 0 408 187084 5 0 21 0 0 0
cpu11 350710 0 432 187071 2 0 29 0 0 0
cpu12 349724 0 1340 186989 4 0 178 0 0 0
cpu13 350487 0 721 186985 1 0 37 0 0 0
cpu14 350832 0 693 186659 8 0 51 0 0 0
cpu15 350673 0 553 186992 2 0 19 0 0 0
cpu16 351182 0 735 186285 0 0 47 0 0 0
cpu17 350648 0 443 187102 22 0 19 0 0 0
cpu18 351066 0 441 186710 13 0 13 0 0 0
cpu19 350987 0 354 186882 9 0 16 0 0 0
cpu20 350752 0 460 186969 45 0 9 0 0 0
cpu21 350810 0 329 187087 10 0 4 0 0 0
cpu22 350744 0 408 187026 50 0 10 0 0 0
cpu23 350852 0 275 187104 4 0 7 0 0 0
cpu24 350915 0 260 187063 1 0 3 0 0 0
cpu25 350815 0 316 187100 1 0 6 0 0 0
cpu26 350621 0 561 187000 13 0 48 0 0 0
cpu27 350068 0 827 187122 4 0 216 0 0 0
cpu28 350900 0 270 187058 4 0 9 0 0 0
cpu29 349116 0 1296 187026 2 0 791 0 0 0
cpu30 350955 0 308 186968 3 0 4 0 0 0
cpu31 350628 0 592 186951 14 0 59 0 0 0
cpu32 350823 0 357 187061 1 0 5 0 0 0
cpu33 351166 0 365 186697 2 0 6 0 0 0
cpu34 350662 0 473 187062 8 0 26 0 0 0
cpu35 351261 0 401 186559 7 0 7 0 0 0
intr 35028567 56 0 0 0 611 0 0 0 1 0 250 0 0 0 0 0 0 0 0 0 0 0 0 0 0 0 0 0 0 0 0 93 166 59 9804 102 3011 50 3148 425 308 158 419 129 799 537 362 342 210 501 2542 551 3404 859 1816 304 0 0 0 0 68 87 357 347 356 942 171 962 85 106 382 615 0 0 16 12138 2116 0 10343 528 845 295 1508 706 307 829 1056 512 547 1401 37024 10520 1646 535 1831 234 870 488 561 279 1374 225 299 620 2330 927 1482 85458 211 556 251 193 4496 1875 0 16 7629 1 0 0 0 0 0 0 0 0 0 0 0 0 0 0 0 0 0 0 0 0 0 0 0 0 0 0 0 0 0 0 0 0 0 0 0 0 0 25 0 0 0 0 0 0 0 0 0 0 0 0 0 0 0 0 0 0 0 0 0 0 0 0 0 0 0 0 0 0 0 0 0 0 0 0 0 0 0 0 0 0 0 0 0 0 0 0 0 0 0 0 0 0 0 0 0 0 0 0 0 0 0 0 0 0 0 0 0 0 0 0 0 0 0 0 0 0 0 0 0 0 0 0 0 0 0 0 0 0 0 0 0 0 0 0 0 0 0 0 0 0 0 0 0 0 0 0 0 0 0 0 0 0 0 0 0 0 0 0 0 0 0 0 0 0 0 0 0 0 0 0 0 0 0 0 0 0 0 0 0 0 0 0 0 0 0 0 0 0 0 0 0 0 0 0 0 0 0 0 0 0 0 0 0 0 0 0 0 0 0 0 0 0 0 0 0 0 0 0 0 0 0 0 0 0 0 0 0 0 0 0 0 0 0 0 0 0 0 0 0 0 0 0 0 0 0 0 0 0 0 0 0 0 0 0 0 0 0 0 0 0 0 0 0 0 0 0 0 0 0 0 0 0 0 0 0 0 0 0 0 0 0 0 0 0 0 0 0 0 0 0 0 0 0 0 0 0 0 0 0 0 0 0 0 0 0 0 0 0 0 0 0 0 0 0 0 0 0 0 0 0 0 0 0 0 0 0 0 0 0 0 0 0 0 0 0 0 0 0 0 0 0 0 0 0 0 0 0 0 0 0 0 0 0 0 0 0 0 0 0 0 0 0 0 0 0 0 0 0 0 0 0 0 0 0 0 0 0 0 0 0 0 0 0 0 0 0 0 0 0 0 0 0 0 0 0 0 0 0 0 0 0 0 0 0 0 0 0 0 0 0 0 0 0 0 0 0 0 0 0 0 0 0 0 0 0 0 0 0 0 0 0 0 0 0 0 0 0 0 0 0 0 0 0 0 0 0 0 0 0 0 0 0 0 0 0 0 0 0 0 0 0 0 0 0 0 0 0 0 0 0 0 0 0 0 0 0 0 0 0 0 0 0 0 0 0 0 0 0 0 0 0 0 0 0 0 0 0 0 0 0 0 0 0 0 0 0 0 0 0 0 0 0 0 0 0 0 0 0 0 0 0 0 0 0 0 0 0 0 0 0 0 0 0 0 0 0 0 0 0 0 0 0 0 0 0 0 0 0 0 0 0 0 0 0 0 0 0 0 0 0 0 0 0 0 0 0 0 0 0 0 0 0 0 0 0 0 0 0 0 0 0 0 0 0 0 0 0 0 0 0 0 0 0 0 0 0 0 0 0 0 0 0 0 0 0 0 0 0 0 0 0 0 0 0 0 0 0 0 0 0 0 0 0 0 0 0 0 0 0 0 0 0 0 0 0 0 0 0 0 0 0 0 0 0 0 0 0 0 0 0 0 0 0 0 0 0 0 0 0 0 0 0 0 0 0 0 0 0 0 0 0 0 0 0 0 0 0 0 0 0 0 0 0 0 0 0 0 0 0 0 0 0 0 0 0 0 0 0 0 0 0 0 0 0 0 0 0 0 0 0 0 0 0 0 0 0 0 0 0 0 0 0 0 0 0 0 0 0 0 0 0 0 0 0 0 0 0 0 0 0 0 0 0 0 0 0 0 0 0 0 0 0 0 0 0 0 0 0 0 0 0 0 0 0 0 0 0 0 0 0 0 0 0 0 0 0 0 0 0 0 0 0 0 0 0 0 0 0 0 0 0 0 0 0 0 0 0 0 0 0 0 0 0 0 0 0 0 0 0 0 0 0 0 0 0 0 0 0 0 0 0 0 0 0 0 0 0 0 0 0 0 0 0 0 0 0 0 0 0 0 0 0 0 0 0 0 0 0 0 0 0 0 0 0 0 0 0 0 0 0 0 0 0 0 0 0 0 0 0 0 0 0 0 0 0 0 0 0 0 0 0 0 0 0 0 0 0 0 0 0 0 0 0 0 0 0 0 0 0 0 0 0 0 0 0 0 0 0 0 0 0 0 0 0 0 0 0 0 0 0 0 0 0 0 0 0 0 0 0 0 0 0 0 0 0 0 0 0 0 0 0 0 0 0 0 0 0 0 0 0 0 0 0 0 0 0 0 0 0 0 0 0 0 0 0 0 0 0 0 0 0 0 0 0 0 0 0 0 0 0 0 0 0 0 0 0 0 0 0 0 0 0 0 0 0 0 0 0 0 0 0 0 0 0 0 0 0 0 0 0 0 0 0 0 0 0 0 0 0 0 0 0 0 0 0 0 0 0 0 0 0 0 0 0 0 0 0 0 0 0 0 0 0 0 0 0 0 0 0 0 0 0 0 0 0 0 0 0 0 0 0 0 0 0 0 0 0 0 0 0 0 0 0 0 0 0 0 0 0 0 0 0 0 0 0 0 0 0 0 0 0 0 0 0 0 0 0 0 0 0 0 0 0 0 0 0 0 0 0 0 0 0 0 0 0 0 0 0 0 0 0 0 0 0 0 0 0 0 0 0 0 0 0 0 0 0 0 0
ctxt 9385287
btime 1613124388
processes 232696
procs_running 1
procs_blocked 0
softirq 46227296 1 26974972 473 1735407 0 0 170977 1244205 0 16101261
