cpu  536 7 7052 25160530 95 0 24 0 0 0
cpu0 2 0 325 195929 0 0 12 0 0 0
cpu1 2 0 58 196584 0 0 0 0 0 0
cpu2 2 0 43 196587 0 0 0 0 0 0
cpu3 4 0 54 196595 1 0 0 0 0 0
cpu4 2 0 57 196596 0 0 0 0 0 0
cpu5 1 0 46 196608 0 0 0 0 0 0
cpu6 2 0 42 196589 0 0 0 0 0 0
cpu7 6 0 49 196599 0 0 0 0 0 0
cpu8 1 0 50 196600 0 0 0 0 0 0
cpu9 2 0 48 196603 0 0 0 0 0 0
cpu10 3 0 48 196601 0 0 0 0 0 0
cpu11 3 0 50 196605 0 0 0 0 0 0
cpu12 3 0 59 196590 0 0 0 0 0 0
cpu13 0 0 47 196602 0 0 0 0 0 0
cpu14 4 0 44 196602 0 0 0 0 0 0
cpu15 2 0 62 196587 0 0 0 0 0 0
cpu16 1 0 54 196592 0 0 1 0 0 0
cpu17 0 0 50 196595 0 0 0 0 0 0
cpu18 2 0 51 196595 0 0 0 0 0 0
cpu19 3 0 55 196588 2 0 0 0 0 0
cpu20 1 0 67 196585 0 0 0 0 0 0
cpu21 2 0 49 196603 0 0 0 0 0 0
cpu22 2 0 46 196595 0 0 0 0 0 0
cpu23 3 2 64 196576 0 0 0 0 0 0
cpu24 2 0 87 196555 0 0 0 0 0 0
cpu25 1 0 35 196610 0 0 0 0 0 0
cpu26 2 0 50 196595 0 0 0 0 0 0
cpu27 2 0 53 196584 0 0 0 0 0 0
cpu28 6 0 175 196385 0 0 0 0 0 0
cpu29 4 0 47 196583 0 0 0 0 0 0
cpu30 2 0 45 196598 0 0 0 0 0 0
cpu31 8 0 56 196580 1 0 0 0 0 0
cpu32 3 0 49 196592 0 0 0 0 0 0
cpu33 2 0 50 196535 0 0 8 0 0 0
cpu34 2 0 43 196603 0 0 0 0 0 0
cpu35 12 0 87 196546 1 0 0 0 0 0
cpu36 2 0 117 196514 0 0 0 0 0 0
cpu37 3 0 48 196586 0 0 0 0 0 0
cpu38 3 0 55 196584 0 0 0 0 0 0
cpu39 4 0 56 196581 0 0 0 0 0 0
cpu40 0 0 89 196543 0 0 0 0 0 0
cpu41 2 0 42 196599 1 0 0 0 0 0
cpu42 1 0 45 196592 0 0 0 0 0 0
cpu43 6 0 64 196567 0 0 0 0 0 0
cpu44 4 0 61 196573 0 0 0 0 0 0
cpu45 2 0 44 196588 0 0 0 0 0 0
cpu46 33 0 52 196552 0 0 0 0 0 0
cpu47 4 0 53 196578 1 0 0 0 0 0
cpu48 2 0 51 196584 0 0 0 0 0 0
cpu49 2 0 46 196581 0 0 0 0 0 0
cpu50 22 0 58 196558 1 0 0 0 0 0
cpu51 4 0 53 196574 0 0 0 0 0 0
cpu52 1 0 49 196590 0 0 0 0 0 0
cpu53 6 0 52 196570 2 0 0 0 0 0
cpu54 2 0 51 196576 0 0 0 0 0 0
cpu55 6 0 62 196561 4 0 0 0 0 0
cpu56 1 0 52 196587 0 0 0 0 0 0
cpu57 2 0 45 196582 0 0 0 0 0 0
cpu58 1 0 50 196586 1 0 0 0 0 0
cpu59 3 0 49 196579 1 0 0 0 0 0
cpu60 2 0 50 196582 2 0 0 0 0 0
cpu61 2 0 43 196589 0 0 0 0 0 0
cpu62 1 0 45 196585 0 0 0 0 0 0
cpu63 11 0 57 196562 0 0 0 0 0 0
cpu64 3 0 47 196581 0 0 0 0 0 0
cpu65 2 0 55 196572 0 0 0 0 0 0
cpu66 6 0 51 196572 1 0 0 0 0 0
cpu67 25 0 59 196533 8 0 0 0 0 0
cpu68 1 0 54 196569 0 0 0 0 0 0
cpu69 2 0 50 196571 1 0 0 0 0 0
cpu70 2 0 47 196579 0 0 0 0 0 0
cpu71 18 0 64 196543 0 0 0 0 0 0
cpu72 3 0 57 196566 0 0 0 0 0 0
cpu73 2 0 34 196590 0 0 0 0 0 0
cpu74 1 0 46 196585 0 0 0 0 0 0
cpu75 4 0 45 196571 2 0 0 0 0 0
cpu76 0 0 47 196580 0 0 0 0 0 0
cpu77 2 0 34 196592 0 0 0 0 0 0
cpu78 0 0 36 196579 0 0 0 0 0 0
cpu79 1 0 47 196554 2 0 0 0 0 0
cpu80 2 0 48 196576 1 0 0 0 0 0
cpu81 5 0 35 196576 0 0 0 0 0 0
cpu82 1 0 45 196571 0 0 0 0 0 0
cpu83 6 0 48 196566 1 0 0 0 0 0
cpu84 0 0 56 196567 0 0 0 0 0 0
cpu85 3 0 37 196578 0 0 0 0 0 0
cpu86 1 0 47 196574 1 0 0 0 0 0
cpu87 6 1 52 196558 0 0 0 0 0 0
cpu88 0 0 49 196578 0 0 0 0 0 0
cpu89 3 0 42 196580 0 0 0 0 0 0
cpu90 1 0 42 196576 0 0 0 0 0 0
cpu91 2 0 45 196567 0 0 0 0 0 0
cpu92 2 0 62 196551 1 0 0 0 0 0
cpu93 0 0 36 196579 0 0 0 0 0 0
cpu94 2 0 42 196577 0 0 0 0 0 0
cpu95 6 0 66 196545 1 0 0 0 0 0
cpu96 4 0 51 196566 0 0 0 0 0 0
cpu97 1 0 42 196572 0 0 0 0 0 0
cpu98 3 0 45 196563 0 0 0 0 0 0
cpu99 18 2 77 196543 1 0 0 0 0 0
cpu100 1 0 51 196567 0 0 0 0 0 0
cpu101 2 0 56 196557 0 0 0 0 0 0
cpu102 1 0 44 196570 0 0 0 0 0 0
cpu103 6 0 56 196548 2 0 0 0 0 0
cpu104 3 0 50 196556 0 0 0 0 0 0
cpu105 1 0 59 196552 0 0 0 0 0 0
cpu106 1 0 47 196551 0 0 0 0 0 0
cpu107 1 0 57 196555 0 0 0 0 0 0
cpu108 5 0 69 196528 7 0 0 0 0 0
cpu109 3 0 40 196568 0 0 0 0 0 0
cpu110 3 0 47 196561 0 0 0 0 0 0
cpu111 3 0 43 196567 0 0 0 0 0 0
cpu112 12 0 65 196536 0 0 0 0 0 0
cpu113 1 0 42 196567 0 0 0 0 0 0
cpu114 0 0 49 196563 0 0 0 0 0 0
cpu115 5 0 60 196541 1 0 0 0 0 0
cpu116 10 0 45 196555 0 0 0 0 0 0
cpu117 1 0 45 196556 0 0 0 0 0 0
cpu118 0 0 48 196551 0 0 0 0 0 0
cpu119 11 0 61 196536 0 0 0 0 0 0
cpu120 5 0 54 196549 0 0 0 0 0 0
cpu121 2 0 50 196556 1 0 0 0 0 0
cpu122 1 0 42 196566 0 0 0 0 0 0
cpu123 4 0 51 196548 1 0 0 0 0 0
cpu124 2 0 42 196560 1 0 0 0 0 0
cpu125 2 0 56 196544 0 0 0 0 0 0
cpu126 1 0 37 196563 1 0 0 0 0 0
cpu127 26 0 57 196521 0 0 0 0 0 0
intr 1052051 130 0 0 0 683 0 0 0 1 0 285 0 0 0 0 0 0 0 0 0 0 0 0 0 0 0 0 0 0 0 0 0 0 0 0 260 0 1 0 0 0 32 0 71 0 0 0 4 0 0 0 8 0 0 0 0 2 0 0 0 3 0 0 0 14 129 1 0 0 3 25776 0 1 8 3 0 0 102 6 2 0 140 0 0 34 0 205 5 0 0 0 0 0 0 0 0 0 0 0 0 0 0 0 0 0 0 0 0 0 0 0 0 6 0 0 0 10 0 0 0 1 0 0 0 68 0 0 0 0 0 0 0 0 0 0 0 0 0 0 0 0 0 1 0 0 0 0 0 0 0 0 0 0 0 0 0 0 0 0 0 0 0 0 0 0 0 163 161 1 62 4 80 206 15 155 1 3 0 6 0 6 0 8 21 11 3 764 3 128 2 84 12 69 14 100 62 7 9 4 0 0 0 0 0 0 0 0 0 0 0 0 0 0 0 0 0 69 7 81 8 70 10 3 1 3 3 44 0 6 26 6 77 4 10 5 7 26 1 0 0 8 0 1 25 0 27 0 0 1 0 6 8 0 0 30 231 82 78 108 167 233 48 74 38 13 30 2 6 285 38 15 24 32 6 4 41 13 23 50 0 0 0 0 0 0 0 0 0 0 0 0 0 0 0 0 0 0 0 0 0 0 0 0 0 0 0 0 0 0 0 0 0 0 0 0 0 0 0 0 0 0 0 0 0 0 0 0 0 0 0 0 0 0 0 0 0 0 0 0 0 0 0 0 0 0 0 0 0 0 0 0 0 0 0 0 0 0 0 0 0 0 0 0 0 0 0 0 0 0 0 0 0 0 0 0 0 0 0 0 0 0 0 0 0 0 0 0 0 0 0 0 0 0 0 0 0 0 0 0 0 0 0 0 0 0 0 0 0 0 0 0 0 0 0 0 0 0 0 0 0 0 0 0 0 0 0 0 0 0 0 0 0 0 0 0 0 0 0 0 0 0 0 0 0 0 0 0 0 0 0 0 0 0 0 0 0 0 0 0 0 0 0 0 0 0 0 0 0 0 0 0 0 0 0 0 0 0 0 0 0 0 0 0 0 0 0 0 0 0 0 0 0 0 0 0 0 0 0 0 0 0 0 0 0 0 0 0 0 0 0 0 0 0 0 0 0 0 0 0 0 0 0 0 0 0 0 0 0 0 0 0 0 0 0 0 0 0 0 0 0 0 0 0 0 0 0 0 0 0 0 0 0 0 0 0 0 0 0 0 0 0 0 0 0 0 0 0 0 0 0 0 0 0 0 0 0 0 0 0 0 0 0 0 0 0 0 0 0 0 0 0 0 0 0 0 0 0 0 0 0 0 0 0 0 0 0 0 0 0 0 0 0 0 0 0 0 0 0 0 0 0 0 0 0 0 0 0 0 0 0 0 0 0 0 0 0 0 0 0 0 0 0 0 0 0 0 0 0 0 0 0 0 0 0 0 0 0 0 0 0 0 0 0 0 0 0 0 0 0 0 0 0 0 0 0 0 0 0 0 0 0 0 0 0 0 0 0 0 0 0 0 0 0 0 0 0 0 0 0 0 0 0 4 0 0 0 0 0 0 0 47 0 0 48 0 0 0 0 0 0 0 0 0 0 0 0 1 0 0 0 0 0 0 0 0 0 0 0 0 0 0 0 0 0 0 0 0 0 0 0 0 0 0 0 0 0 0 0 0 0 0 0 0 0 0 0 0 0 0 0 0 0 0 0 0 0 0 0 0 0 0 0 0 0 0 0 0 0 0 0 0 0 0 0 0 0 20 0 0 0 0 0 0 0 0 0 0 0 0 0 0 0 0 0 0 0 0 0 0 0 0 0 0 0 0 0 0 0 0 0 0 0 0 0 0 0 0 0 0 0 0 0 0 0 0 0 0 0 0 0 0 0 0 0 0 0 0 0 0 0 0 0 0 0 0 0 0 0 0 0 0 0 0 0 0 0 0 0 0 0 0 0 0 0 0 0 0 0 0 0 0 0 0 0 0 0 0 0 0 0 0 0 0 0 0 0 0 0 0 0 0 0 0 0 0 0 0 0 0 0 0 0 0 0 0 0 0 0 0 0 0 0 0 0 0 0 0 0 0 0 0 0 0 0 0 0 0 0 0 0 0 0 0 0 0 0 0 0 0 0 0 0 0 0 0 0 0 0 0 0 0 0 0 0 0 0 0 0 0 0 0 0 0 0 0 0 0 0 0 0 0 0 0 0 0 0 0 0 0 0 0 0 0 0 0 0 0 0 0 0 0 0 0 0 0 0 0 0 0 0 0 0 0 0 0 0 0 0 0 0 0 0 0 0 0 0 0 0 0 0 0 0 0 0 0 0 0 0 0 0 0 0 0 0 0 0 0 0 0 0 0 0 0 0 0 0 0 0 0 0 0 0 0 0 0 0 0 0 0 0 0 0 0 0 0 0 0 0 0 0 0 0 0 0 0 0 0 0 0 0 0 0 0 0 0 0 0 0 0 0 0 0 0 0 0 0 0 0 0 0 0 0 0 0 0 0 0 0 0 0 0 0 0 0 0 0 0 0 0 0 0 0 0 0 0 0 0 0 0 0 0 0 0 0 0 0 0 0 0 0 0 0 0 0 0 0 0 0 0 0 0 0 0 0 0 0 0 0 0 0 0 0 0 0 0 0 0 0 0 0 0 0 0 0 0 0 0 0 0 0 0 0 0 0 0 0 0 0 0 0 0 0 0 0 0 0 0 0 0 0 0 0 0 0 0 0 0 0 0 0 0 0 0 0 0 0 0 0 0 0 0 0 0 0 0 0 0 0 0 0 0 0 0 0 0 0 0 0 0 0 0 0 0 0 0 0 0 0 0 0 0 0 0 0 0 0 0 0 0 0 0 0 0 0 0 0 0 0 0 0 0 0 0 0 0 0 0 0 0 0 0 0 0 0 0 0 0 0 0 0 0 0 0 0 0 0 0 0 0 0 0 0 0 0 0 0 0 0 0 0 0 0 0 0 0 0 0 0 0 0 0 0 0 0 0 0 0 0 0 0 0 0 0 0 0 0 0 0 0 0 0 0 0 0 0 0 0 0 0 0 0 0 0 0 0 0 0 0 0 0 0 0 0 0 0 0 0 0 0 0 0 0 0 0 0 0 0 0 0 0 0 0 0 0 0 0 0 0 0 0 0 0 0 0 0 0 0 0 0 0 0 0 0 0 0 0 0 0 0 0 0 0 0 0 0 0 0 0 0 0 0 0 0 0 0 0 0 0 0 0 0 0 0 0 0 0 0 0 0 0 0 0 0 0 0 0 0 0 0 0 0 0 0 0 0 0 0 0 0 0 0 0 0 0 0 0 0 0 0 0 0 0 0 0 0 0 0 0 0 0 0 0 0 0 0 0 0 0 0 0 0 0 0 0 0 0 0 0 0 0 0 0 0 0 0 0 0 0 0 0 0 0 0 0 0 0 0 0 0 0 0 0 0 0 0 0 0 0 0 0 0 0 0 0 0 0 0 0 0 0 0 0 0 0 0 0 0 0 0 0 0 0 0 0 0 0 0 0 0 0 0 0 0 0 0 0 0 0 0 0 0 0 0 0 0 0 0 0 0 0 0 0 0 0 0 0 0 0 0 0 0 0 0 0 0 0 0 0 0 0 0 0 0 0 0 0 0 0 0 0 0 0 0 0 0 0 0 0 0 0 0 0 0 0 0 0 0 0 0 0 0 0 0 0 0 0 0 0 0 0 0 0 0 0 0 0 0 0 0 0 0 0 0 0 0 0 0 0 0 0 0 0 0 0 0 0 0 0 0 0 0 0 0 0 0 0 0 0 0 0 0 0 0 0 0 0 0 0 0 0 0 0 0 0 0 0 0 0 0 0 0 0 0 0 0 0 0 0 0 0 0 0 0 0 0 0 0 0 0 0 0 0 0 0 0 0 0 0 0 0 0 0 0 0 0 0 0 0 0 0 0 0 0 0 0 0 0 0 0 0 0 0 0 0 0 0 0 0 0 0 0 0 0 0 0 0 0 0 0 0 0 0 0 0 0 0 0 0 0 0 0 0 0 0 0 0 0 0 0 0 0 0 0 0 0 0 0 0 0 0 0 0 0 0 0 0 0 0 0 0 0 0 0 0 0 0 0 0 0 0 0 0 0 0 0 0 0 0 0 0 0 0 0 0 0 0 0 0 0 0 0 0 0 0 0 0 0 0 0 0 0 0 0 0 0 0 0 0 0 0 0 0 0 0 0 0 0 0 0 0 0 0 0 0 0 0 0 0 0 0 0 0 0 0 0 0 0 0 0 0 0 0 0 0 0 0 0 0 0 0 0 0 0 0 0 0 0 0 0 0 0 0 0 0 0 0 0 0 0 0 0 0 0 0 0 0 0 0 0 0 0 0 0 0 0 0 0 0 0 0 0 0 0 0 0 0 0 0 0 0 0 0 0 0 0 0 0 0 0 0 0 0 0 0 0 0 0 0 0 0 0 0 0 0 0 0 0 0 0 0 0 0 0 0 0 0 0 0 0 0 0 0 0 0 0 0 0 0 0 0 0 0 0 0 0 0 0 0 0 0 0 0 0 0 0 0 0 0 0 0 0 0 0 0 0 0 0 0 0 0 0 0 0 0 0 0 0 0 0 0 0 0 0 0 0 0 0 0 0 0 0 0 0 0 0 0 0 0 0 0 0 0 0 0 0 0 0 0 0 0 0 0 0 0 0 0 0 0 0 0 0 0 0 0 0 0 0 0 0 0 0 0 0 0 0 0 0 0 0 0 0 0 0 0 0 0 0 0 0 0 0 0 0 0 0 0 0 0 0 0 0 0 0 0 0 0 0 0 0 0 0 0 0 0 0 0 0 0 0 0 0 0 0 0 0 0 0 0 0 0 0 0 0 0 0 0 0 0 0 0 0 0 0 0 0 0 0 0 0 0 0 0 0 0 0 0 0 0 0 0 0 0 0 0 0 0 0 0 0 0 0 0 0 0 0 0 0 0 0 0 0 0 0 0 0 0 0 0 0 0 0 0 0 0 0 0 0 0 0 0 0 0 0 0 0 0 0 0 0 0 0 0 0 0 0 0 0 0 0 0 0 0 0 0 0 0 0 0 0 0 0 0 0 0 0 0 0 0 0 0 0 0 0 0 0 0 0 0 0 0 0 0 0 0 0 0 0 0 0 0 0 0 0 0 0 0 0 0 0 0 0 0 0 0 0 0 0 0 0 0 0 0 0 0 0 0 0 0 0 0 0 0 0 0 0 0 0 0 0 0 0 0 0 0 0 0 0 0 0 0 0 0 0 0 0 0 0 0 0 0 0 0 0 0 0 0 0 0 0 0 0 0 0 0 0 0 0 0 0 0 0 0 0 0 0 0 0 0 0 0 0 0 0 0 0 0 0 0 0 0 0 0 0 0 0 0 0 0 0 0 0 0 0 0 0 0 0 0 0 0 0 0 0 0 0 0 0 0 0 0 0 0 0 0 0 0 0 0 0 0 0 0 0 0 0 0 0 0 0 0 0 0 0 0 0 0 0 0 0 0 0 0 0 0 0 0 0 0 0 0 0 0 0 0 0 0 0 0 0 0 0 0 0 0 0 0 0 0 0 0 0 0 0 0 0 0 0 0 0 0 0 0 0 0 0 0 0 0 0 0 0 0 0 0 0 0 0 0 0 0 0 0 0 0 0 0 0 0 0 0 0 0 0 0 0 0 0 0 0 0 0 0 0 0 0 0 0 0 0 0 0 0 0 0 0 0 0 0 0 0 0 0 0 0 0 0 0 0 0 0 0 0 0 0 0 0 0 0 0 0 0 0 0 0 0 0 0 0 0 0 0 0 0 0 0 0 0 0 0 0 0 0 0 0 0 0 0 0 0 0 0 0 0 0 0 0 0 0 0 0 0 0 0 0 0 0 0 0 0 0 0 0 0 0 0 0 0 0 0 0 0 0 0 0 0 0 0 0 0 0 0 0 0 0 0 0 0 0 0 0 0 0 0 0 0 0 0 0 0 0 0 0 0 0 0 0 0 0 0 0 0 0 0 0 0 0 0 0 0 0 0 0 0 0 0 0 0 0 0 0 0 0 0 0 0 0 0 0 0 0 0 0 0 0 0 0 0 0 0 0 0 0 0 0 0 0 0 0 0 0 0 0 0 0 0 0 0 0 0 0 0 0 0 0 0 0 0 0 0 0 0 0 0 0 0 0 0 0 0 0 0 0 0 0 0 0 0 0 0 0 0 0 0 0 0 0 0 0 0 0 0 0 0 0 0 0 0 0 0 0 0 0 0 0 0 0 0 0 0 0 0 0 0 0 0 0 0 0 0 0 0 0 0 0 0 0 0 0 0 0 0 0 0 0 0 0 0 0 0 0 0 0 0 0 0 0 0 0 0 0 0 0 0 0 0 0 0 0 0 0 0 0 0 0 0 0 0 0 0 0 0 0 0 0 0 0 0 0 0 0 0 0 0 0 0 0 0 0 0 0 0 0 0 0 0 0 0 0 0 0 0 0 0 0 0 0 0 0 0 0 0 0 0 0 0 0 0 0 0 0 0 0 0 0 0 0 0 0 0 0 0 0 0 0 0 0 0 0 0 0 0 0 0 0 0 0 0 0 0 0 0 0 0 0 0 0 0 0 0 0 0 0 0 0 0 0 0 0 0 0 0 0 0 0 0 0 0 0 0 0 0 0 0 0 0 0 0 0 0 0 0 0 0 0 0 0 0 0 0 0 0 0 0 0 0 0 0 0 0 0 0 0 0 0 0 0 0 0 0 0 0 0 0 0 0 0 0 0 0 0 0 0 0 0 0 0 0 0 0 0 0 0 0 0 0 0 0 0 0 0 0 0 0 0 0 0 0 0 0 0 0 0 0 0 0 0 0 0 0 0 0 0 0 0 0 0 0 0 0 0 0 0 0 0 0 0 0 0 0 0 0 0 0 0 0 0 0 0 0 0 0 0 0 0 0 0 0 0 0 0 0 0 0 0 0 0 0 0 0 0 0 0 0 0 0 0 0 0 0 0 0 0 0 0 0 0 0 0 0 0 0 0 0 0 0 0 0 0 0 0 0 0 0 0 0 0 0 0 0 0 0 0 0 0 0 0 0 0 0 0 0 0 0 0 0 0 0 0 0 0 0 0 0 0 0 0 0 0 0 0 0 0 0 0 0 0 0 0 0 0 0 0 0 0 0 0 0 0 0 0 0 0 0 0 0 0 0 0 0 0 0 0 0 0 0 0 0 0 0 0 0 0 0 0 0 0 0 0 0 0 0 0 0 0 0 0 0 0 0 0 0 0 0 0 0 0 0 0 0 0 0 0 0 0 0 0 0 0 0 0 0 0 0 0 0 0 0 0 0 0 0 0 0 0 0 0 0 0 0 0 0 0 0 0 0 0 0 0 0 0 0 0 0 0 0 0 0 0 0 0 0 0 0 0 0 0 0 0 0 0 0 0 0 0 0 0 0 0 0 0 0 0 0 0 0 0 0 0 0 0 0 0 0 0 0 0 0 0 0 0 0 0 0 0 0 0 0 0 0 0 0 0 0 0 0 0 0 0 0 0 0 0 0 0 0 0 0 0 0 0 0 0 0 0 0 0 0 0 0 0 0 0 0 0 0 0 0 0 0 0 0 0 0 0 0 0 0 0 0 0 0 0 0 0 0 0 0 0 0 0 0 0 0 0 0 0 0 0 0 0 0 0 0 0 0 0 0 0 0 0 0 0 0 0 0 0 0 0 0 0 0 0 0 0 0 0 0 0 0 0 0 0 0 0 0 0 0 0 0 0 0 0 0 0 0 0 0 0 0 0 0 0 0 0 0 0 0 0 0 0 0 0 0 0 0 0 0 0 0 0 0 0 0 0 0 0 0 0 0 0 0 0 0 0 0 0 0 0 0 0 0 0 0 0 0 0 0 0 0 0 0 0 0 0 0 0 0 0 0 0 0 0 0 0 0 0 0 0 0 0 0 0 0 0 0 0 0 0 0 0 0 0 0 0 0 0 0 0 0 0 0 0 0 0 0 0 0 0 0 0 0 0 0 0 0 0 0 0 0 0 0 0 0 0 0 0 0 0 0 0 0 0 0 0 0 0 0 0 0 0 0 0 0 0 0 0 0 0 0 0 0 0 0 0 0 0 0 0 0 0 0 0 0 0 0 0 0 0 0 0 0 0 0 0 0 0 0 0 0 0 0 0 0 0 0 0 0 0 0 0 0 0 0 0 0 0 0 0 0 0 0 0 0 0 0 0 0 0 0 0 0 0 0 0 0 0 0 0 0 0 0 0 0 0 0 0 0 0 0 0 0 0 0 0 0 0 0 0 0 0 0 0 0 0 0 0 0 0 0 0 0 0 0 0 0 0 0 0 0 0 0 0 0 0 0 0 0 0 0 0 0 0 0 0 0 0 0 0 0 0 0 0 0 0 0 0 0 0 0 0 0 0 0 0 0 0 0 0 0 0 0 0 0 0 0 0 0 0 0 0 0 0 0 0 0 0 0 0 0 0 0 0 0 0 0 0 0 0 0 0 0 0 0 0 0 0 0 0 0 0 0 0 0 0 0 0 0 0 0 0 0 0 0 0 0 0 0 0 0 0 0 0 0 0 0 0 0 0 0 0 0 0 0 0 0 0 0 0 0 0 0 0 0 0 0 0 0 0 0 0 0 0 0 0 0 0 0 0 0 0 0 0 0 0 0 0 0 0 0 0 0 0 0 0 0 0 0 0 0 0 0 0 0 0 0 0 0 0 0 0 0 0 0 0 0 0 0 0 0 0 0 0 0 0 0 0 0 0 0 0 0 0 0 0 0 0 0 0 0 0 0 0 0 0 0 0 0 0 0 0 0 0 0 0 0 0 0 0 0 0 0 0 0 0 0 0 0 0 0 0 0 0 0 0 0 0 0 0 0 0 0 0 0 0 0 0 0 0 0 0 0 0 0 0 0 0 0 0 0 0 0 0 0 0 0 0 0 0 0 0 0 0 0 0 0 0 0 0 0 0 0 0 0 0 0 0 0 0 0 0 0 0 0 0 0 0 0 0 0 0 0 0 0 0 0 0 0 0 0 0 0 0 0 0 0 0 0 0 0 0 0 0 0 0 0 0 0 0 0 0 0 0 0 0 0 0 0 0 0 0 0 0 0 0 0 0 0 0 0 0 0 0 0 0 0 0 0 0 0 0 0 0 0 0 0 0 0 0 0 0 0 0 0 0 0 0 0 0 0 0 0 0 0 0 0 0 0 0 0 0 0 0 0 0 0 0 0 0 0 0 0 0 0 0 0 0 0 0 0 0 0 0 0 0 0 0 0 0 0 0 0 0 0 0 0 0 0 0 0 0 0 0 0 0 0 0 0 0 0 0 0 0 0 0 0 0 0 0 0 0 0 0 0 0 0 0 0 0 0 0 0 0 0 0 0 0 0 0 0 0 0 0 0 0 0 0 0 0 0 0 0 0 0 0 0 0 0 0 0 0 0 0 0 0 0 0 0 0 0 0 0 0 0 0 0 0 0 0 0 0 0 0 0 0 0 0 0 0 0 0 0 0 0 0 0 0 0 0 0 0 0 0 0 0 0 0 0 0 0 0 0 0 0 0 0 0 0 0 0 0 0 0 0 0 0 0 0 0 0 0 0 0 0 0 0 0 0 0 0 0 0 0 0 0 0 0 0 0 0 0 0 0 0 0 0 0 0 0 0 0 0 0 0 0 0 0 0 0 0 0 0 0 0 0 0 0 0 0 0 0 0 0 0 0 0 0 0 0 0 0 0 0 0 0 0 0 0 0 0 0 0 0 0 0 0 0 0 0 0 0 0 0 0 0 0 0 0 0 0 0 0 0 0 0 0 0 0 0 0 0 0 0 0 0 0 0 0 0 0 0 0 0 0 0 0 0 0 0 0 0 0 0 0 0 0 0 0 0 0 0 0 0 0 0 0 0 0 0 0 0 0 0 0 0 0 0 0 0 0 0 0 0 0 0 0 0 0 0 0 0
ctxt 412831
btime 1613064757
processes 2168
procs_running 1
procs_blocked 0
softirq 609508 1 222941 410 26637 0 0 148 221167 0 138204
