cpu  20004704 6 20050 28347905 402 0 1064 0 0 0
cpu0 156169 0 713 220700 0 0 190 0 0 0
cpu1 156209 0 184 221533 0 0 19 0 0 0
cpu2 156260 0 318 221348 0 0 1 0 0 0
cpu3 156122 0 256 221521 2 0 23 0 0 0
cpu4 156238 0 136 221575 0 0 2 0 0 0
cpu5 156256 0 146 221539 0 0 11 0 0 0
cpu6 155853 0 469 221611 2 0 12 0 0 0
cpu7 156165 0 233 221542 0 0 11 0 0 0
cpu8 156199 0 133 221615 0 0 5 0 0 0
cpu9 156268 0 135 221544 0 0 6 0 0 0
cpu10 156258 0 282 221389 2 0 9 0 0 0
cpu11 155977 0 174 221759 0 0 12 0 0 0
cpu12 156216 0 157 221563 0 0 0 0 0 0
cpu13 156312 0 90 221539 0 0 4 0 0 0
cpu14 156440 0 178 221324 0 0 2 0 0 0
cpu15 155574 0 776 221543 0 0 48 0 0 0
cpu16 156220 0 121 221609 0 0 0 0 0 0
cpu17 156261 0 134 221537 0 0 13 0 0 0
cpu18 156340 0 160 221435 1 0 2 0 0 0
cpu19 156086 0 220 221616 0 0 15 0 0 0
cpu20 156096 0 114 221712 0 0 3 0 0 0
cpu21 156303 0 93 221537 0 0 10 0 0 0
cpu22 156873 0 182 220887 0 0 2 0 0 0
cpu23 155990 0 218 221689 0 0 18 0 0 0
cpu24 156334 0 77 221536 0 0 1 0 0 0
cpu25 156058 0 255 221598 0 0 30 0 0 0
cpu26 157332 0 322 220179 4 0 40 0 0 0
cpu27 156245 0 124 221569 0 0 2 0 0 0
cpu28 156337 0 91 221510 0 0 0 0 0 0
cpu29 156185 0 191 221544 0 0 18 0 0 0
cpu30 156393 0 153 221385 2 0 0 0 0 0
cpu31 156170 0 102 221661 0 0 4 0 0 0
cpu32 156334 0 78 221514 0 0 0 0 0 0
cpu33 156166 0 208 221531 0 0 35 0 0 0
cpu34 156379 0 104 221375 69 0 3 0 0 0
cpu35 156069 0 281 221536 0 0 50 0 0 0
cpu36 156344 0 64 221534 0 0 0 0 0 0
cpu37 156294 0 106 221531 0 0 7 0 0 0
cpu38 156304 0 138 221493 0 0 1 0 0 0
cpu39 156226 0 131 221571 0 0 6 0 0 0
cpu40 156380 0 83 221477 0 0 0 0 0 0
cpu41 156261 0 88 221581 0 0 3 0 0 0
cpu42 156364 0 119 221440 3 0 2 0 0 0
cpu43 156168 0 114 221643 0 0 6 0 0 0
cpu44 156346 0 103 221488 0 0 0 0 0 0
cpu45 156064 0 246 221587 0 0 18 0 0 0
cpu46 156595 0 193 221141 0 0 2 0 0 0
cpu47 156116 0 252 221561 0 0 7 0 0 0
cpu48 156317 0 103 221515 1 0 1 0 0 0
cpu49 156264 0 132 221527 0 0 14 0 0 0
cpu50 156357 0 176 221400 0 0 0 0 0 0
cpu51 156062 0 161 221699 0 0 12 0 0 0
cpu52 156339 0 81 221494 16 0 0 0 0 0
cpu53 156299 0 106 221527 0 0 2 0 0 0
cpu54 156322 0 136 221445 4 0 2 0 0 0
cpu55 156174 0 152 221601 1 0 7 0 0 0
cpu56 156300 0 78 221547 0 0 2 0 0 0
cpu57 156196 0 170 221530 0 0 36 0 0 0
cpu58 156372 0 163 221384 1 0 0 0 0 0
cpu59 156175 0 111 221630 0 0 5 0 0 0
cpu60 156332 0 73 221526 0 0 0 0 0 0
cpu61 156218 0 145 221554 0 0 12 0 0 0
cpu62 156336 0 200 221372 4 0 0 0 0 0
cpu63 156295 0 106 221525 0 0 3 0 0 0
cpu64 156216 0 94 221618 1 0 0 0 0 0
cpu65 156186 0 116 221625 0 0 4 0 0 0
cpu66 156582 0 316 220985 1 0 1 0 0 0
cpu67 156230 0 120 221570 0 0 5 0 0 0
cpu68 156196 0 167 221555 0 0 0 0 0 0
cpu69 156136 0 152 221611 1 0 24 0 0 0
cpu70 156474 0 327 221041 81 0 2 0 0 0
cpu71 156305 0 114 221500 0 0 4 0 0 0
cpu72 156139 0 102 221676 1 0 2 0 0 0
cpu73 156193 0 146 221586 0 0 8 0 0 0
cpu74 156455 0 203 221202 46 0 3 0 0 0
cpu75 156210 0 139 221569 0 0 7 0 0 0
cpu76 156305 0 101 221492 8 0 0 0 0 0
cpu77 156314 0 65 221545 0 0 0 0 0 0
cpu78 156434 2 145 221318 16 0 3 0 0 0
cpu79 155708 0 617 221543 0 0 53 0 0 0
cpu80 156328 0 80 221509 0 0 0 0 0 0
cpu81 156329 0 76 221515 0 0 2 0 0 0
cpu82 156420 0 120 221370 4 0 0 0 0 0
cpu83 156234 0 117 221561 0 0 6 0 0 0
cpu84 156306 0 84 221522 0 0 0 0 0 0
cpu85 156270 0 121 221508 0 0 15 0 0 0
cpu86 156894 0 160 220856 0 0 2 0 0 0
cpu87 156063 0 178 221643 0 0 15 0 0 0
cpu88 156180 0 117 221621 0 0 0 0 0 0
cpu89 156279 0 117 221516 0 0 3 0 0 0
cpu90 156370 0 88 221440 10 0 0 0 0 0
cpu91 156170 0 166 221570 0 0 8 0 0 0
cpu92 156288 0 80 221552 0 0 0 0 0 0
cpu93 156283 0 119 221502 0 0 8 0 0 0
cpu94 156839 0 263 220803 1 0 4 0 0 0
cpu95 156320 0 98 221501 0 0 2 0 0 0
cpu96 156344 0 77 221499 0 0 0 0 0 0
cpu97 156281 0 113 221505 0 0 14 0 0 0
cpu98 157086 0 193 220557 59 0 5 0 0 0
cpu99 156262 0 111 221534 0 0 1 0 0 0
cpu100 156229 0 102 221576 1 0 2 0 0 0
cpu101 156321 0 88 221500 0 0 1 0 0 0
cpu102 156464 0 158 221292 1 0 0 0 0 0
cpu103 156239 0 116 221553 0 0 4 0 0 0
cpu104 156246 0 105 221550 0 0 4 0 0 0
cpu105 156291 0 114 221497 0 0 9 0 0 0
cpu106 156335 0 89 221477 2 0 0 0 0 0
cpu107 156297 0 105 221503 0 0 2 0 0 0
cpu108 156332 0 78 221497 0 0 0 0 0 0
cpu109 155920 0 256 221667 0 0 22 0 0 0
cpu110 156524 0 108 221273 1 0 0 0 0 0
cpu111 156147 0 204 221554 0 0 2 0 0 0
cpu112 156246 0 87 221563 10 0 0 0 0 0
cpu113 156320 0 88 221495 0 0 1 0 0 0
cpu114 156444 0 123 221331 4 0 0 0 0 0
cpu115 156176 0 89 221629 0 0 2 0 0 0
cpu116 156356 0 74 221475 0 0 0 0 0 0
cpu117 156326 0 81 221496 0 0 4 0 0 0
cpu118 156436 0 143 221315 1 0 3 0 0 0
cpu119 156120 0 148 221613 0 0 5 0 0 0
cpu120 156290 0 68 221544 0 0 0 0 0 0
cpu121 156304 0 104 221498 0 0 1 0 0 0
cpu122 156488 0 146 221246 2 0 0 0 0 0
cpu123 156313 0 97 221494 0 0 0 0 0 0
cpu124 156278 0 84 221539 0 0 1 0 0 0
cpu125 156318 0 112 221472 0 0 1 0 0 0
cpu126 156444 0 127 221326 1 0 0 0 0 0
cpu127 156313 0 166 221416 0 0 2 0 0 0
intr 57889938 129 0 0 0 678 0 0 0 1 0 254 0 0 0 0 0 0 0 0 0 0 0 0 0 0 0 0 0 0 0 0 0 0 0 0 260 0 5 1815 0 2543 0 799 3 4998 303 2125 0 2648 0 752 4 8717 0 424 0 3538 135 573 2 2752 2 4657 45091 914 0 1378 0 1555 11 1341 3 2843 4 1057 2 1193 0 826 2 2158 3 5318 9 5985 0 416 2 2016 177 1067 0 1335 54 10803 2 1509 3 1205 1 1596 20 543 59 1544 0 672 0 2392 0 2154 15 2962 0 152 0 8344 0 258 11 3429 18 802 0 3007 0 1014 6 2934 0 835 6726 1877 0 719 5240 1772 16 890 3 801 52 676 0 3065 0 6369 5 1830 0 307 6 1178 0 352 67 0 0 0 0 0 0 0 0 0 0 160 168 32 32 866 10 198 12 67 5 4 52 7 111 480 26 26 14 98 15 227 67 10 4 20 6 90 27 6 6 0 87 17 6 0 0 0 0 0 0 0 0 0 0 0 0 0 0 0 0 1 3 2 0 23 29 1 39 17 1 11 24 24 28 6 701 4212 1559 641 661 85 10011 3355 1305 16 1633 30 37 367 87 132 2293 82 200 32 332 68 178 107 268 63 239 206 33 59 216 14 12 9 39 3 14 31 8 13 72 11 14 3 5 96 11 11 0 0 0 0 0 0 0 0 0 0 0 0 0 0 0 0 0 0 0 0 0 0 0 0 0 0 0 0 0 0 0 0 0 0 0 0 0 0 0 0 0 0 0 0 0 0 0 0 0 0 0 0 0 0 0 0 0 0 0 0 0 0 0 0 0 0 0 0 0 0 0 0 0 0 0 0 0 0 0 0 0 0 0 0 0 0 0 0 0 0 0 0 0 0 0 0 0 0 0 0 0 0 0 0 0 0 0 0 0 0 0 0 0 0 0 0 0 0 0 0 0 0 0 0 0 0 0 0 0 0 0 0 0 0 0 0 0 0 0 0 0 0 0 0 0 0 0 0 0 0 0 0 0 0 0 0 0 0 0 0 0 0 0 0 0 0 0 0 0 0 0 0 0 0 0 0 0 0 0 0 0 0 0 0 0 0 0 0 0 0 0 0 0 0 0 0 0 0 0 0 0 0 0 0 0 0 0 0 0 0 0 0 0 0 0 0 0 0 0 0 0 0 0 0 0 0 0 0 0 0 0 0 0 0 0 0 0 0 0 0 0 0 0 0 0 0 0 0 0 0 0 0 0 0 0 0 0 0 0 0 0 0 0 0 0 0 0 0 0 0 0 0 0 0 0 0 0 0 0 0 0 0 0 0 0 0 0 0 0 0 0 0 0 0 0 0 0 0 0 0 0 0 0 0 0 0 0 0 0 0 0 0 0 0 0 0 0 0 0 0 0 0 0 0 0 0 0 0 0 0 0 0 0 0 0 0 0 0 0 0 0 0 0 0 0 0 0 0 0 0 0 0 0 0 0 0 0 0 0 0 0 0 0 0 0 0 0 0 0 0 0 0 0 0 0 0 0 0 0 0 0 0 0 0 0 0 0 0 0 0 0 0 0 0 0 0 0 0 0 0 0 0 0 0 0 0 0 0 0 0 0 0 0 0 0 0 0 0 0 0 0 0 0 0 0 0 0 0 0 0 0 0 0 0 0 0 0 0 0 0 0 0 0 0 3 0 0 0 0 0 0 0 0 0 0 0 0 0 0 0 49 0 0 0 0 0 0 0 0 0 0 0 0 49 0 0 0 0 0 0 0 0 0 0 0 0 0 0 0 0 0 0 0 0 0 0 0 0 0 0 0 0 0 0 0 0 0 0 0 0 0 0 0 0 0 0 0 16 0 0 0 0 0 0 0 0 0 0 0 0 0 0 0 0 0 0 0 0 0 0 0 0 0 0 0 0 0 0 0 0 0 0 0 0 0 0 0 0 0 0 0 0 0 0 0 0 0 0 0 0 0 0 0 0 0 0 0 0 0 0 0 0 0 0 0 0 0 0 0 0 0 0 0 0 0 0 0 0 0 0 0 0 0 0 0 0 0 0 0 0 0 0 0 0 0 0 0 0 0 0 0 0 0 0 0 0 0 0 0 0 0 0 0 0 0 0 0 0 0 0 0 0 0 0 0 0 0 0 0 0 0 0 0 0 0 0 0 0 0 0 0 0 0 0 0 0 0 0 0 0 0 0 0 0 0 0 0 0 0 0 0 0 0 0 0 0 0 0 0 0 0 0 0 0 0 0 0 0 0 0 0 0 0 0 0 0 0 0 0 0 0 0 0 0 0 0 0 0 0 0 0 0 0 0 0 0 0 0 0 0 0 0 0 0 0 0 0 0 0 0 0 0 0 0 0 0 0 0 0 0 0 0 0 0 0 0 0 0 0 0 0 0 0 0 0 0 0 0 0 0 0 0 0 0 0 0 0 0 0 0 0 0 0 0 0 0 0 0 0 0 0 0 0 0 0 0 0 0 0 0 0 0 0 0 0 0 0 0 0 0 0 0 0 0 0 0 0 0 0 0 0 0 0 0 0 0 0 0 0 0 0 0 0 0 0 0 0 0 0 0 0 0 0 0 0 0 0 0 0 0 0 0 0 0 0 0 0 0 0 0 0 0 0 0 0 0 0 0 0 0 0 0 0 0 0 0 0 0 0 0 0 0 0 0 0 0 0 0 0 0 0 0 0 0 0 0 0 0 0 0 0 0 0 0 0 0 0 0 0 0 0 0 0 0 0 0 0 0 0 0 0 0 0 0 0 0 0 0 0 0 0 0 0 0 0 0 0 0 0 0 0 0 0 0 0 0 0 0 0 0 0 0 0 0 0 0 0 0 0 0 0 0 0 0 0 0 0 0 0 0 0 0 0 0 0 0 0 0 0 0 0 0 0 0 0 0 0 0 0 0 0 0 0 0 0 0 0 0 0 0 0 0 0 0 0 0 0 0 0 0 0 0 0 0 0 0 0 0 0 0 0 0 0 0 0 0 0 0 0 0 0 0 0 0 0 0 0 0 0 0 0 0 0 0 0 0 0 0 0 0 0 0 0 0 0 0 0 0 0 0 0 0 0 0 0 0 0 0 0 0 0 0 0 0 0 0 0 0 0 0 0 0 0 0 0 0 0 0 0 0 0 0 0 0 0 0 0 0 0 0 0 0 0 0 0 0 0 0 0 0 0 0 0 0 0 0 0 0 0 0 0 0 0 0 0 0 0 0 0 0 0 0 0 0 0 0 0 0 0 0 0 0 0 0 0 0 0 0 0 0 0 0 0 0 0 0 0 0 0 0 0 0 0 0 0 0 0 0 0 0 0 0 0 0 0 0 0 0 0 0 0 0 0 0 0 0 0 0 0 0 0 0 0 0 0 0 0 0 0 0 0 0 0 0 0 0 0 0 0 0 0 0 0 0 0 0 0 0 0 0 0 0 0 0 0 0 0 0 0 0 0 0 0 0 0 0 0 0 0 0 0 0 0 0 0 0 0 0 0 0 0 0 0 0 0 0 0 0 0 0 0 0 0 0 0 0 0 0 0 0 0 0 0 0 0 0 0 0 0 0 0 0 0 0 0 0 0 0 0 0 0 0 0 0 0 0 0 0 0 0 0 0 0 0 0 0 0 0 0 0 0 0 0 0 0 0 0 0 0 0 0 0 0 0 0 0 0 0 0 0 0 0 0 0 0 0 0 0 0 0 0 0 0 0 0 0 0 0 0 0 0 0 0 0 0 0 0 0 0 0 0 0 0 0 0 0 0 0 0 0 0 0 0 0 0 0 0 0 0 0 0 0 0 0 0 0 0 0 0 0 0 0 0 0 0 0 0 0 0 0 0 0 0 0 0 0 0 0 0 0 0 0 0 0 0 0 0 0 0 0 0 0 0 0 0 0 0 0 0 0 0 0 0 0 0 0 0 0 0 0 0 0 0 0 0 0 0 0 0 0 0 0 0 0 0 0 0 0 0 0 0 0 0 0 0 0 0 0 0 0 0 0 0 0 0 0 0 0 0 0 0 0 0 0 0 0 0 0 0 0 0 0 0 0 0 0 0 0 0 0 0 0 0 0 0 0 0 0 0 0 0 0 0 0 0 0 0 0 0 0 0 0 0 0 0 0 0 0 0 0 0 0 0 0 0 0 0 0 0 0 0 0 0 0 0 0 0 0 0 0 0 0 0 0 0 0 0 0 0 0 0 0 0 0 0 0 0 0 0 0 0 0 0 0 0 0 0 0 0 0 0 0 0 0 0 0 0 0 0 0 0 0 0 0 0 0 0 0 0 0 0 0 0 0 0 0 0 0 0 0 0 0 0 0 0 0 0 0 0 0 0 0 0 0 0 0 0 0 0 0 0 0 0 0 0 0 0 0 0 0 0 0 0 0 0 0 0 0 0 0 0 0 0 0 0 0 0 0 0 0 0 0 0 0 0 0 0 0 0 0 0 0 0 0 0 0 0 0 0 0 0 0 0 0 0 0 0 0 0 0 0 0 0 0 0 0 0 0 0 0 0 0 0 0 0 0 0 0 0 0 0 0 0 0 0 0 0 0 0 0 0 0 0 0 0 0 0 0 0 0 0 0 0 0 0 0 0 0 0 0 0 0 0 0 0 0 0 0 0 0 0 0 0 0 0 0 0 0 0 0 0 0 0 0 0 0 0 0 0 0 0 0 0 0 0 0 0 0 0 0 0 0 0 0 0 0 0 0 0 0 0 0 0 0 0 0 0 0 0 0 0 0 0 0 0 0 0 0 0 0 0 0 0 0 0 0 0 0 0 0 0 0 0 0 0 0 0 0 0 0 0 0 0 0 0 0 0 0 0 0 0 0 0 0 0 0 0 0 0 0 0 0 0 0 0 0 0 0 0 0 0 0 0 0 0 0 0 0 0 0 0 0 0 0 0 0 0 0 0 0 0 0 0 0 0 0 0 0 0 0 0 0 0 0 0 0 0 0 0 0 0 0 0 0 0 0 0 0 0 0 0 0 0 0 0 0 0 0 0 0 0 0 0 0 0 0 0 0 0 0 0 0 0 0 0 0 0 0 0 0 0 0 0 0 0 0 0 0 0 0 0 0 0 0 0 0 0 0 0 0 0 0 0 0 0 0 0 0 0 0 0 0 0 0 0 0 0 0 0 0 0 0 0 0 0 0 0 0 0 0 0 0 0 0 0 0 0 0 0 0 0 0 0 0 0 0 0 0 0 0 0 0 0 0 0 0 0 0 0 0 0 0 0 0 0 0 0 0 0 0 0 0 0 0 0 0 0 0 0 0 0 0 0 0 0 0 0 0 0 0 0 0 0 0 0 0 0 0 0 0 0 0 0 0 0 0 0 0 0 0 0 0 0 0 0 0 0 0 0 0 0 0 0 0 0 0 0 0 0 0 0 0 0 0 0 0 0 0 0 0 0 0 0 0 0 0 0 0 0 0 0 0 0 0 0 0 0 0 0 0 0 0 0 0 0 0 0 0 0 0 0 0 0 0 0 0 0 0 0 0 0 0 0 0 0 0 0 0 0 0 0 0 0 0 0 0 0 0 0 0 0 0 0 0 0 0 0 0 0 0 0 0 0 0 0 0 0 0 0 0 0 0 0 0 0 0 0 0 0 0 0 0 0 0 0 0 0 0 0 0 0 0 0 0 0 0 0 0 0 0 0 0 0 0 0 0 0 0 0 0 0 0 0 0 0 0 0 0 0 0 0 0 0 0 0 0 0 0 0 0 0 0 0 0 0 0 0 0 0 0 0 0 0 0 0 0 0 0 0 0 0 0 0 0 0 0 0 0 0 0 0 0 0 0 0 0 0 0 0 0 0 0 0 0 0 0 0 0 0 0 0 0 0 0 0 0 0 0 0 0 0 0 0 0 0 0 0 0 0 0 0 0 0 0 0 0 0 0 0 0 0 0 0 0 0 0 0 0 0 0 0 0 0 0 0 0 0 0 0 0 0 0 0 0 0 0 0 0 0 0 0 0 0 0 0 0 0 0 0 0 0 0 0 0 0 0 0 0 0 0 0 0 0 0 0 0 0 0 0 0 0 0 0 0 0 0 0 0 0 0 0 0 0 0 0 0 0 0 0 0 0 0 0 0 0 0 0 0 0 0 0 0 0 0 0 0 0 0 0 0 0 0 0 0 0 0 0 0 0 0 0 0 0 0 0 0 0 0 0 0 0 0 0 0 0 0 0 0 0 0 0 0 0 0 0 0 0 0 0 0 0 0 0 0 0 0 0 0 0 0 0 0 0 0 0 0 0 0 0 0 0 0 0 0 0 0 0 0 0 0 0 0 0 0 0 0 0 0 0 0 0 0 0 0 0 0 0 0 0 0 0 0 0 0 0 0 0 0 0 0 0 0 0 0 0 0 0 0 0 0 0 0 0 0 0 0 0 0 0 0 0 0 0 0 0 0 0 0 0 0 0 0 0 0 0 0 0 0 0 0 0 0 0 0 0 0 0 0 0 0 0 0 0 0 0 0 0 0 0 0 0 0 0 0 0 0 0 0 0 0 0 0 0 0 0 0 0 0 0 0 0 0 0 0 0 0 0 0 0 0 0 0 0 0 0 0 0 0 0 0 0 0 0 0 0 0 0 0 0 0 0 0 0 0 0 0 0 0 0 0 0 0 0 0 0 0 0 0 0 0 0 0 0 0 0 0 0 0 0 0 0 0 0 0 0 0 0 0 0 0 0 0 0 0 0 0 0 0 0 0 0 0 0 0 0 0 0 0 0 0 0 0 0 0 0 0 0 0 0 0 0 0 0 0 0 0 0 0 0 0 0 0 0 0 0 0 0 0 0 0 0 0 0 0 0 0 0 0 0 0 0 0 0 0 0 0 0 0 0 0 0 0 0 0 0 0 0 0 0 0 0 0 0 0 0 0 0 0 0 0 0 0 0 0 0 0 0 0 0 0 0 0 0 0 0 0 0 0 0 0 0 0 0 0 0 0 0 0 0 0 0 0 0 0 0 0 0 0 0 0 0 0 0 0 0 0 0 0 0 0 0 0 0 0 0 0 0 0 0 0 0 0 0 0 0 0 0 0 0 0 0 0 0 0 0 0 0 0 0 0 0 0 0 0 0 0 0 0 0 0 0 0 0 0 0 0 0 0 0 0 0 0 0 0 0 0 0 0 0 0 0 0 0 0 0 0 0 0 0 0 0 0 0 0 0 0 0 0 0 0 0 0 0 0 0 0 0 0 0 0 0 0 0 0 0 0 0 0 0 0 0 0 0 0 0 0 0 0 0 0 0 0 0 0 0 0 0 0 0 0 0 0 0 0 0 0 0 0 0 0 0 0 0 0 0 0 0 0 0 0 0 0 0 0 0 0 0 0 0 0 0 0 0 0 0 0 0 0 0 0 0 0 0 0 0 0 0 0 0 0 0 0 0 0 0 0 0 0 0 0 0 0 0 0 0 0 0 0 0 0 0 0 0 0 0 0 0 0 0 0 0 0 0 0 0 0 0 0 0 0 0 0 0 0 0 0 0 0 0 0 0 0 0 0 0 0 0 0 0 0 0 0 0 0 0 0 0 0 0 0 0 0 0 0 0 0 0 0 0 0 0 0 0 0 0 0 0 0 0 0 0 0 0 0 0 0 0 0 0 0 0 0 0 0 0 0 0 0 0 0 0 0 0 0 0 0 0 0 0 0 0 0 0 0 0 0 0 0 0 0 0 0 0 0 0 0 0 0 0 0 0 0 0 0 0 0 0 0 0 0 0 0 0 0 0 0 0 0 0 0 0 0 0 0 0 0 0 0 0 0 0 0 0 0 0 0 0 0 0 0 0 0 0 0 0 0 0 0 0 0 0 0 0 0 0 0 0 0 0 0 0 0 0 0 0 0 0 0 0 0 0 0 0 0 0 0 0 0 0 0 0 0 0 0 0 0 0 0 0 0 0 0 0 0 0 0 0 0 0 0 0 0 0 0 0 0 0 0 0 0 0 0 0 0 0 0 0 0 0 0 0 0 0 0 0 0 0 0 0 0 0 0 0 0 0 0 0 0 0 0 0 0 0 0 0 0 0 0 0 0 0 0 0 0 0 0 0 0 0 0 0 0 0 0 0 0 0 0 0 0 0 0 0 0 0 0 0 0 0 0 0 0 0 0 0 0 0 0 0 0 0 0 0 0 0 0 0 0 0 0 0 0 0 0 0 0 0 0 0 0 0 0 0 0 0 0 0 0 0 0 0 0 0 0 0 0 0 0 0 0 0 0 0 0 0 0 0 0 0 0 0 0 0 0 0 0 0 0 0 0 0 0 0 0 0 0 0 0 0 0 0 0 0 0 0 0 0 0 0 0 0 0 0 0 0 0 0 0 0 0 0 0 0 0 0 0 0 0 0 0 0 0 0 0 0 0 0 0 0 0 0 0 0 0 0 0 0 0 0 0 0 0 0 0 0 0 0 0 0 0 0 0 0 0 0 0 0 0 0 0 0 0 0 0 0 0 0 0 0 0 0 0 0 0 0 0 0 0 0 0 0 0 0 0 0 0 0 0 0 0 0 0 0 0 0 0 0 0 0 0 0 0 0 0 0 0 0 0 0 0 0 0 0 0 0 0 0 0 0 0 0 0 0 0 0 0 0 0 0 0 0 0 0 0 0 0 0 0 0 0 0 0 0 0 0 0 0 0 0 0 0 0 0 0 0 0 0 0 0 0 0 0 0 0 0 0 0 0 0 0 0 0 0 0 0 0 0 0 0 0 0 0 0 0 0 0 0 0 0 0 0 0 0 0 0 0 0 0 0 0 0 0 0 0 0 0 0 0 0 0 0 0 0 0 0 0 0 0 0 0 0 0 0 0 0 0 0 0 0 0 0 0 0 0 0 0 0 0 0 0 0 0 0 0 0 0 0 0 0 0 0 0 0 0 0 0 0 0 0 0 0 0 0 0 0 0 0 0 0 0 0 0 0 0 0 0 0 0 0 0 0 0 0 0 0 0 0 0 0 0 0 0 0 0 0 0 0 0 0 0 0 0 0 0 0 0 0 0 0 0 0 0 0 0 0 0 0 0 0 0 0 0 0 0 0 0 0 0 0 0 0 0 0 0 0 0 0 0 0 0 0 0 0 0 0 0 0 0 0 0 0 0 0 0 0 0 0 0 0 0 0 0 0 0 0 0 0 0 0 0 0 0 0 0 0 0 0 0 0 0 0 0 0 0 0 0 0 0 0 0 0 0 0 0 0 0 0 0 0 0 0 0 0 0 0 0 0 0 0 0 0 0 0 0 0 0 0 0 0 0 0 0 0 0 0 0 0 0 0 0 0 0 0 0 0 0 0 0 0 0 0 0 0 0 0 0 0 0 0 0 0 0 0 0 0 0 0 0 0 0 0 0 0 0 0 0 0 0 0 0 0 0 0 0 0 0 0 0 0 0 0 0 0 0 0 0 0 0 0 0 0 0 0 0 0 0 0 0 0 0 0 0 0 0 0 0 0 0 0 0 0 0 0 0 0 0 0 0 0 0 0 0 0 0 0 0 0 0 0 0 0 0 0 0 0 0 0 0 0 0 0 0 0 0 0 0 0 0 0 0 0 0 0 0 0 0 0 0 0 0 0 0 0 0 0 0 0 0 0 0 0 0 0 0 0 0 0 0 0 0 0 0 0 0 0 0 0 0 0 0 0 0 0 0 0 0 0 0 0 0 0 0 0 0 0 0 0 0 0 0 0 0 0 0 0 0 0 0 0 0 0 0 0 0 0 0 0 0 0 0 0 0 0 0 0 0 0 0 0 0 0 0 0 0 0 0 0 0 0 0 0 0 0 0 0 0 0 0 0 0 0 0 0 0 0 0 0 0 0 0 0 0 0 0 0 0 0 0 0 0 0 0 0 0 0 0 0 0 0 0 0 0 0 0 0 0 0 0 0 0 0 0 0 0 0 0 0 0 0 0 0 0 0 0 0 0 0 0 0 0 0 0 0 0 0 0 0 0 0 0 0 0 0 0 0 0 0 0 0 0 0 0 0 0 0 0 0 0 0 0 0 0 0 0 0 0 0 0 0 0 0 0 0 0 0 0 0 0 0 0 0
ctxt 4663092
btime 1613064758
processes 101625
procs_running 1
procs_blocked 0
softirq 62325481 1 36390401 1675 902599 0 0 169 2046118 0 22984518
