cpu  30043315 8 53405 4376513 180 0 4781 0 0 0
cpu0 468180 0 2222 67964 0 0 315 0 0 0
cpu1 469164 0 990 68466 9 0 124 0 0 0
cpu2 468926 0 1768 67885 1 0 158 0 0 0
cpu3 468851 0 1113 68609 4 0 155 0 0 0
cpu4 469376 0 1465 67705 8 0 105 0 0 0
cpu5 469755 0 352 68597 4 0 25 0 0 0
cpu6 468888 0 1173 68518 1 0 148 0 0 0
cpu7 469196 0 917 68494 2 0 126 0 0 0
cpu8 468646 0 1495 68525 0 0 61 0 0 0
cpu9 469774 0 370 68542 3 0 47 0 0 0
cpu10 469028 0 1161 68439 3 0 91 0 0 0
cpu11 469659 0 452 68568 2 0 50 0 0 0
cpu12 468639 0 1535 68484 1 0 74 0 0 0
cpu13 469832 0 389 68459 1 0 41 0 0 0
cpu14 468818 0 1400 68424 0 0 90 0 0 0
cpu15 469673 0 627 68328 2 0 90 0 0 0
cpu16 467876 0 2114 68541 0 0 197 0 0 0
cpu17 469576 0 502 68402 1 0 229 0 0 0
cpu18 468382 0 1874 68310 0 0 167 0 0 0
cpu19 469737 0 440 68491 1 0 51 0 0 0
cpu20 468915 0 1233 68370 49 0 114 0 0 0
cpu21 469860 0 319 68526 11 0 16 0 0 0
cpu22 468876 0 1184 68549 1 0 118 0 0 0
cpu23 469700 0 412 68577 8 0 36 0 0 0
cpu24 469349 0 916 68416 1 0 40 0 0 0
cpu25 469846 0 258 68621 1 0 10 0 0 0
cpu26 468850 0 1298 68421 0 0 148 0 0 0
cpu27 469674 0 425 68585 1 0 47 0 0 0
cpu28 468950 0 1147 68549 0 0 83 0 0 0
cpu29 469854 0 252 68607 2 0 16 0 0 0
cpu30 468688 0 1311 68514 0 0 208 0 0 0
cpu31 469659 0 406 68624 1 0 32 0 0 0
cpu32 469492 0 1030 68152 1 0 40 0 0 0
cpu33 469356 0 726 68605 1 0 37 0 0 0
cpu34 469658 2 1124 67906 0 0 31 0 0 0
cpu35 469679 0 400 68617 0 0 29 0 0 0
cpu36 470018 0 758 67900 0 0 38 0 0 0
cpu37 469753 0 345 68606 5 0 16 0 0 0
cpu38 472123 0 807 65734 1 0 37 0 0 0
cpu39 469238 0 813 68580 1 0 93 0 0 0
cpu40 470250 0 980 67430 5 0 44 0 0 0
cpu41 469915 0 289 68487 1 0 18 0 0 0
cpu42 468948 0 1188 68432 0 0 154 0 0 0
cpu43 469799 0 337 68548 0 0 40 0 0 0
cpu44 469404 0 1103 68194 0 0 23 0 0 0
cpu45 469908 0 293 68496 0 0 22 0 0 0
cpu46 468860 0 1645 68056 0 0 150 0 0 0
cpu47 469969 0 336 68383 2 0 24 0 0 0
cpu48 468802 0 1487 68330 0 0 100 0 0 0
cpu49 469839 0 472 68384 2 0 19 0 0 0
cpu50 469043 0 1034 68560 0 0 80 0 0 0
cpu51 469924 0 281 68499 2 0 14 0 0 0
cpu52 469651 0 481 68548 0 0 41 0 0 0
cpu53 469892 0 274 68536 3 0 16 0 0 0
cpu54 469466 0 628 68568 1 0 50 0 0 0
cpu55 469699 0 413 68580 0 0 26 0 0 0
cpu56 469380 0 855 68436 0 0 40 0 0 0
cpu57 469912 0 205 68587 0 0 9 0 0 0
cpu58 469611 0 552 68516 0 0 35 0 0 0
cpu59 469540 1 497 68597 1 0 83 0 0 0
cpu60 469550 0 692 68422 0 0 22 0 0 0
cpu61 469900 0 206 68590 1 0 17 0 0 0
cpu62 468666 0 1262 68593 0 0 188 0 0 0
cpu63 469849 0 346 68500 7 0 8 0 0 0
intr 84068614 83 0 0 0 639 0 0 0 1 0 282 0 0 0 0 0 0 0 0 0 0 0 0 0 0 0 0 0 0 0 0 0 0 0 0 0 0 0 1192 29749 1468 12867 304 7090 1253 9340 743 11291 619 4661 525 4732 254 4234 1331 72941 184 4306 9667 2072 1560 12283 1150 1177 489 3328 1866 607 789 5404 1450 16937 171 8833 132 7002 253 13805 328 2734 493 6921 845 1495 12 5150 669 8411 765 4480 2885 1865 3725 5710 1096 1524 592 2749 773 1591 835 2597 0 0 0 0 0 0 0 0 0 0 0 0 0 0 0 0 0 32045 93 0 0 0 0 0 0 0 0 0 0 0 0 0 0 0 0 0 0 0 0 0 0 0 0 0 0 0 0 0 0 0 0 0 0 0 0 0 0 0 0 0 0 0 0 0 0 0 0 0 0 0 0 0 0 0 0 0 0 0 0 0 0 0 0 0 0 0 0 0 0 0 0 0 0 0 15 0 0 0 0 0 0 0 0 0 0 0 0 0 0 0 0 0 0 0 0 0 0 0 0 0 0 0 0 0 0 0 0 0 0 0 0 0 0 0 0 0 0 0 0 0 0 0 0 0 0 0 0 0 0 0 0 0 0 0 0 0 0 0 0 0 0 0 0 0 0 0 0 0 0 0 0 0 0 0 0 0 0 0 0 0 0 0 0 0 0 0 0 0 0 0 0 0 0 0 0 0 0 0 0 0 0 0 0 0 0 0 0 0 0 0 0 0 0 0 0 0 0 0 0 0 0 0 0 0 0 0 0 0 0 0 0 0 0 0 0 0 0 0 0 0 0 0 0 0 0 0 0 0 0 0 0 0 0 0 0 0 0 0 0 0 0 0 0 0 0 0 0 0 0 0 0 0 0 0 0 0 0 0 0 0 0 0 0 0 0 0 0 0 0 0 0 0 0 0 0 0 0 0 0 0 0 0 0 0 0 0 0 0 0 0 0 0 0 0 0 0 0 0 0 0 0 0 0 0 0 0 0 0 0 0 0 0 0 0 0 0 0 0 0 0 0 0 0 0 0 0 0 0 0 0 0 0 0 0 0 0 0 0 0 0 0 0 0 0 0 0 0 0 0 0 0 0 0 0 0 0 0 0 0 0 0 0 0 0 0 0 0 0 0 0 0 0 0 0 0 0 0 0 0 0 0 0 0 0 0 0 0 0 0 0 0 0 0 0 0 0 0 0 0 0 0 0 0 0 0 0 0 0 0 0 0 0 0 0 0 0 0 0 0 0 0 0 0 0 0 0 0 0 0 0 0 0 0 0 0 0 0 0 0 0 0 0 0 0 0 0 0 0 0 0 0 0 0 0 0 0 0 0 0 0 0 0 0 0 0 0 0 0 0 0 0 0 0 0 0 0 0 0 0 0 0 0 0 0 0 0 0 0 0 0 0 0 0 0 0 0 0 0 0 0 0 0 0 0 0 0 0 0 0 0 0 0 0 0 0 0 0 0 0 0 0 0 0 0 0 0 0 0 0 0 0 0 0 0 0 0 0 0 0 0 0 0 0 0 0 0 0 0 0 0 0 0 0 0 0 0 0 0 0 0 0 0 0 0 0 0 0 0 0 0 0 0 0 0 0 0 0 0 0 0 0 0 0 0 0 0 0 0 0 0 0 0 0 0 0 0 0 0 0 0 0 0 0 0 0 0 0 0 0 0 0 0 0 0 0 0 0 0 0 0 0 0 0 0 0 0 0 0 0 0 0 0 0 0 0 0 0 0 0 0 0 0 0 0 0 0 0 0 0 0 0 0 0 0 0 0 0 0 0 0 0 0 0 0 0 0 0 0 0 0 0 0 0 0 0 0 0 0 0 0 0 0 0 0 0 0 0 0 0 0 0 0 0 0 0 0 0 0 0 0 0 0 0 0 0 0 0 0 0 0 0 0 0 0 0 0 0 0 0 0 0 0 0 0 0 0 0 0 0 0 0 0 0 0 0 0 0 0 0 0 0 0 0 0 0 0 0 0 0 0 0 0 0 0 0 0 0 0 0 0 0 0 0 0 0 0 0 0 0 0 0 0 0 0 0 0 0 0 0 0 0 0 0 0 0 0 0 0 0 0 0 0 0 0 0 0 0 0 0 0 0 0 0 0 0 0 0 0 0 0 0 0 0 0 0 0 0 0 0 0 0 0 0 0 0 0 0 0 0 0 0 0 0 0 0 0 0 0 0 0 0 0 0 0 0 0 0 0 0 0 0 0 0 0 0 0 0 0 0 0 0 0 0 0 0 0 0 0 0 0 0 0 0 0 0 0 0 0 0 0 0 0 0 0 0 0 0 0 0 0 0 0 0 0 0 0 0 0 0 0 0 0 0 0 0 0 0 0 0 0 0 0 0 0 0 0 0 0 0 0 0 0 0 0 0 0 0 0 0 0 0 0 0 0 0 0 0 0 0 0 0 0 0 0 0 0 0 0 0 0 0 0 0 0 0 0 0 0 0 0 0 0 0 0 0 0 0 0 0 0 0 0 0 0 0 0 0 0 0 0 0 0 0 0 0 0 0 0 0 0 0 0 0 0 0 0 0 0 0 0 0 0 0 0 0 0 0 0 0 0 0 0 0 0 0 0 0 0 0 0 0 0 0 0 0 0 0 0 0 0 0 0 0 0 0 0 0 0 0 0 0 0 0 0 0 0 0 0 0 0 0 0 0 0 0 0 0 0 0 0 0 0 0 0 0 0 0 0 0 0 0 0 0 0 0 0 0 0 0 0 0 0 0 0 0 0 0 0 0 0 0 0 0 0 0 0 0 0 0 0 0 0 0 0 0 0 0 0 0 0 0 0 0 0 0 0 0 0 0 0 0 0 0 0 0 0 0 0 0 0 0 0 0 0 0 0 0 0 0 0 0 0 0 0 0 0 0 0 0 0 0 0 0 0 0 0 0 0 0 0 0 0 0 0 0 0 0 0 0 0 0 0 0 0 0 0 0 0 0 0 0 0 0 0 0 0 0 0 0 0 0 0 0 0 0 0 0 0 0 0 0 0 0 0 0 0 0 0 0 0 0 0 0 0 0 0 0 0 0 0 0 0 0 0 0 0 0 0 0 0 0 0 0 0 0 0 0 0 0 0 0 0 0 0 0 0 0 0 0 0 0 0 0 0 0 0 0 0 0 0 0 0 0 0 0 0 0 0 0 0 0 0 0 0 0 0 0 0 0 0 0 0 0 0 0 0 0 0 0 0 0 0 0 0 0 0 0 0 0 0 0 0 0 0 0 0 0 0 0 0 0 0 0 0 0 0 0 0 0 0 0 0 0 0 0 0 0 0 0 0 0 0 0 0 0 0 0 0 0 0 0 0 0 0 0 0 0 0 0 0 0 0 0 0 0 0 0 0 0 0 0 0 0 0 0 0 0 0 0 0 0 0 0 0 0 0 0 0 0 0 0 0 0 0 0 0 0 0 0 0 0 0 0 0 0 0 0 0 0 0 0 0 0 0 0 0 0 0 0 0 0 0 0 0 0 0 0 0 0 0 0 0 0 0 0 0 0 0 0 0 0 0 0 0 0 0 0 0 0 0 0 0 0 0 0 0 0 0 0 0 0 0 0 0 0 0 0 0 0 0 0 0 0 0 0 0 0 0 0 0 0 0 0 0 0 0 0 0 0 0 0 0 0 0 0 0 0 0 0 0 0 0 0 0 0 0 0 0 0 0 0 0 0 0 0 0 0 0 0 0 0 0 0 0 0 0 0 0 0 0 0 0 0 0 0 0 0 0 0 0 0 0 0 0 0 0 0 0 0 0 0 0 0 0 0 0 0 0 0 0 0 0 0 0 0 0 0 0 0 0 0 0 0 0 0 0 0 0 0 0 0 0 0 0 0 0 0 0 0 0 0 0 0 0 0 0 0 0 0 0 0 0 0 0 0 0 0 0 0 0 0 0 0 0 0 0 0 0 0 0 0 0 0 0 0 0 0 0 0 0 0 0 0 0 0 0 0 0 0 0 0 0 0 0 0 0 0 0 0 0 0 0 0 0 0 0 0 0 0 0 0 0 0 0 0 0 0 0 0 0 0 0 0 0 0 0 0 0 0 0 0 0 0 0 0 0 0 0 0 0 0 0 0 0 0 0 0 0 0 0 0 0 0 0 0 0 0 0 0 0 0 0 0 0 0 0 0 0 0 0 0 0 0 0 0 0 0 0 0 0 0 0 0 0 0 0 0 0 0 0 0 0 0 0 0 0 0 0 0 0 0 0 0 0 0 0 0 0 0 0 0 0 0 0 0 0 0 0 0 0 0 0 0 0 0 0 0 0 0 0 0 0 0 0 0 0 0 0 0 0 0 0 0 0 0 0 0 0 0 0 0 0 0 0 0 0 0 0 0 0 0 0 0 0 0 0 0 0 0 0 0 0 0 0 0 0 0 0 0 0 0 0 0 0 0 0 0 0 0 0 0 0 0 0 0 0 0 0 0 0 0 0 0 0 0 0 0 0 0 0 0 0 0 0 0 0 0 0 0 0 0 0 0 0 0 0 0 0 0 0 0 0 0 0 0 0 0 0 0 0 0 0 0 0 0 0 0 0 0 0 0 0 0 0 0 0 0 0 0 0 0 0 0 0 0 0 0 0 0 0 0 0 0 0 0 0 0 0 0 0 0 0 0 0 0 0 0 0 0 0 0 0 0 0 0 0 0 0 0 0 0 0 0 0 0 0 0 0 0 0 0 0 0 0 0 0 0 0 0 0 0 0 0 0 0 0 0 0 0 0 0 0 0 0 0 0 0 0 0 0 0 0 0 0 0 0 0 0 0 0 0 0 0 0 0 0 0 0 0 0 0 0 0 0 0 0 0 0 0 0 0 0 0 0 0 0 0 0 0 0 0 0 0 0 0 0 0 0 0 0 0 0 0 0 0 0 0 0 0 0 0 0 0 0 0 0 0 0 0 0 0 0 0 0 0 0 0 0 0 0 0 0 0 0 0 0 0 0 0 0 0 0 0 0 0 0 0 0 0 0 0 0 0 0 0 0 0 0 0 0 0 0 0 0 0 0 0 0 0 0 0 0 0 0 0 0 0 0 0 0 0 0 0 0 0 0 0 0 0 0 0 0 0 0 0 0 0 0 0 0 0 0 0 0 0 0 0 0 0 0 0 0 0 0 0 0 0 0 0 0 0 0 0 0 0 0 0 0 0 0 0 0 0 0 0 0 0 0 0 0 0 0 0 0
ctxt 10391648
btime 1613123985
processes 228414
procs_running 1
procs_blocked 0
softirq 93806021 1 54244343 1369 1886968 0 0 148 2846907 0 34826285
