cpu  4478230 4 6142 6783530 492 0 700 0 0 0
cpu0 124411 0 256 188113 13 0 214 0 0 0
cpu1 125178 0 305 187536 1 0 46 0 0 0
cpu2 124216 0 419 188158 2 0 209 0 0 0
cpu3 124324 0 204 188490 4 0 22 0 0 0
cpu4 124564 0 238 188178 44 0 12 0 0 0
cpu5 124476 0 135 188392 29 0 1 0 0 0
cpu6 124325 0 140 188531 16 0 12 0 0 0
cpu7 124355 0 146 188519 13 0 0 0 0 0
cpu8 124319 0 132 188508 72 0 4 0 0 0
cpu9 124283 0 142 188608 2 0 4 0 0 0
cpu10 124261 0 168 188591 4 0 15 0 0 0
cpu11 124307 0 111 188616 0 0 3 0 0 0
cpu12 123868 0 514 188560 6 0 78 0 0 0
cpu13 124572 0 155 188298 1 0 4 0 0 0
cpu14 124344 0 97 188591 1 0 0 0 0 0
cpu15 124328 0 169 188532 5 0 1 0 0 0
cpu16 124234 0 247 188526 2 0 23 0 0 0
cpu17 124371 0 163 188479 6 0 2 0 0 0
cpu18 124540 0 130 188355 3 0 0 0 0 0
cpu19 124754 0 227 187982 48 0 2 0 0 0
cpu20 124398 0 164 188443 1 0 1 0 0 0
cpu21 124334 0 136 188550 2 0 2 0 0 0
cpu22 124401 0 166 188406 62 0 0 0 0 0
cpu23 124535 0 140 188270 70 0 1 0 0 0
cpu24 124404 0 95 188526 4 0 0 0 0 0
cpu25 124349 0 116 188564 1 0 0 0 0 0
cpu26 124320 0 119 188590 0 0 4 0 0 0
cpu27 124333 0 107 188588 1 0 2 0 0 0
cpu28 124324 0 107 188593 1 0 1 0 0 0
cpu29 124324 0 111 188596 0 0 0 0 0 0
cpu30 124375 0 81 188563 10 0 0 0 0 0
cpu31 124647 0 97 188283 1 0 2 0 0 0
cpu32 124373 2 90 188546 8 0 0 0 0 0
cpu33 124403 0 119 188486 20 0 0 0 0 0
cpu34 124298 0 234 188455 19 0 20 0 0 0
cpu35 124368 0 148 188495 2 0 1 0 0 0
intr 12750640 56 0 0 0 614 0 0 0 1 0 263 0 0 0 0 0 0 0 0 0 0 0 0 0 0 0 0 0 0 0 0 0 670 141 490 281 4717 2500 540 378 3008 973 72 36 1675 88 236 238 252 263 155 5978 199 122 2202 3242 0 0 0 0 384 83 13 70 40 101 614 56 877 1505 1035 235 93 0 16 10467 1230 0 5461 210 41767 137 25 70 1 379 15 729 779 884 16862 2149 570 1545 392 406 284 223 4382 1681 20 246 14 189 82 344 184 1325 161 215 136 18 374 292 0 18 7721 1 0 0 0 0 0 0 0 0 0 0 0 0 0 0 0 0 0 0 0 0 0 0 0 0 0 0 0 0 0 0 0 0 0 0 0 0 0 21 0 0 0 0 0 0 0 0 0 0 0 0 0 0 0 0 0 0 0 0 0 0 0 0 0 0 0 0 0 0 0 0 0 0 0 0 0 0 0 0 0 0 0 0 0 0 0 0 0 0 0 0 0 0 0 0 0 0 0 0 0 0 0 0 0 0 0 0 0 0 0 0 0 0 0 0 0 0 0 0 0 0 0 0 0 0 0 0 0 0 0 0 0 0 0 0 0 0 0 0 0 0 0 0 0 0 0 0 0 0 0 0 0 0 0 0 0 0 0 0 0 0 0 0 0 0 0 0 0 0 0 0 0 0 0 0 0 0 0 0 0 0 0 0 0 0 0 0 0 0 0 0 0 0 0 0 0 0 0 0 0 0 0 0 0 0 0 0 0 0 0 0 0 0 0 0 0 0 0 0 0 0 0 0 0 0 0 0 0 0 0 0 0 0 0 0 0 0 0 0 0 0 0 0 0 0 0 0 0 0 0 0 0 0 0 0 0 0 0 0 0 0 0 0 0 0 0 0 0 0 0 0 0 0 0 0 0 0 0 0 0 0 0 0 0 0 0 0 0 0 0 0 0 0 0 0 0 0 0 0 0 0 0 0 0 0 0 0 0 0 0 0 0 0 0 0 0 0 0 0 0 0 0 0 0 0 0 0 0 0 0 0 0 0 0 0 0 0 0 0 0 0 0 0 0 0 0 0 0 0 0 0 0 0 0 0 0 0 0 0 0 0 0 0 0 0 0 0 0 0 0 0 0 0 0 0 0 0 0 0 0 0 0 0 0 0 0 0 0 0 0 0 0 0 0 0 0 0 0 0 0 0 0 0 0 0 0 0 0 0 0 0 0 0 0 0 0 0 0 0 0 0 0 0 0 0 0 0 0 0 0 0 0 0 0 0 0 0 0 0 0 0 0 0 0 0 0 0 0 0 0 0 0 0 0 0 0 0 0 0 0 0 0 0 0 0 0 0 0 0 0 0 0 0 0 0 0 0 0 0 0 0 0 0 0 0 0 0 0 0 0 0 0 0 0 0 0 0 0 0 0 0 0 0 0 0 0 0 0 0 0 0 0 0 0 0 0 0 0 0 0 0 0 0 0 0 0 0 0 0 0 0 0 0 0 0 0 0 0 0 0 0 0 0 0 0 0 0 0 0 0 0 0 0 0 0 0 0 0 0 0 0 0 0 0 0 0 0 0 0 0 0 0 0 0 0 0 0 0 0 0 0 0 0 0 0 0 0 0 0 0 0 0 0 0 0 0 0 0 0 0 0 0 0 0 0 0 0 0 0 0 0 0 0 0 0 0 0 0 0 0 0 0 0 0 0 0 0 0 0 0 0 0 0 0 0 0 0 0 0 0 0 0 0 0 0 0 0 0 0 0 0 0 0 0 0 0 0 0 0 0 0 0 0 0 0 0 0 0 0 0 0 0 0 0 0 0 0 0 0 0 0 0 0 0 0 0 0 0 0 0 0 0 0 0 0 0 0 0 0 0 0 0 0 0 0 0 0 0 0 0 0 0 0 0 0 0 0 0 0 0 0 0 0 0 0 0 0 0 0 0 0 0 0 0 0 0 0 0 0 0 0 0 0 0 0 0 0 0 0 0 0 0 0 0 0 0 0 0 0 0 0 0 0 0 0 0 0 0 0 0 0 0 0 0 0 0 0 0 0 0 0 0 0 0 0 0 0 0 0 0 0 0 0 0 0 0 0 0 0 0 0 0 0 0 0 0 0 0 0 0 0 0 0 0 0 0 0 0 0 0 0 0 0 0 0 0 0 0 0 0 0 0 0 0 0 0 0 0 0 0 0 0 0 0 0 0 0 0 0 0 0 0 0 0 0 0 0 0 0 0 0 0 0 0 0 0 0 0 0 0 0 0 0 0 0 0 0 0 0 0 0 0 0 0 0 0 0 0 0 0 0 0 0 0 0 0 0 0 0 0 0 0 0 0 0 0 0 0 0 0 0 0 0 0 0 0 0 0 0 0 0 0 0 0 0 0 0 0 0 0 0 0 0 0 0 0 0 0 0 0 0 0 0 0 0 0 0 0 0 0 0 0 0 0 0 0 0 0 0 0 0 0 0 0 0 0 0 0 0 0 0 0 0 0 0 0 0 0 0 0 0 0 0 0 0 0 0 0 0 0 0 0 0 0 0 0 0 0 0 0 0 0 0 0 0 0 0 0 0 0 0 0 0 0 0 0 0 0 0 0 0 0 0 0 0 0 0 0 0 0 0 0 0 0 0 0 0 0 0 0 0 0 0 0 0 0 0 0 0 0 0 0 0 0 0 0 0 0 0 0 0 0 0 0 0 0 0 0 0 0 0 0 0 0 0 0 0 0 0 0 0 0 0 0 0 0 0 0 0 0 0 0 0 0 0 0 0 0 0 0 0 0 0 0 0 0 0 0 0 0 0 0 0 0 0 0 0 0 0 0 0 0 0 0 0 0 0 0 0 0 0 0 0 0 0 0 0 0 0
ctxt 3988344
btime 1613124388
processes 98328
procs_running 1
procs_blocked 0
softirq 16721591 1 9667097 302 719662 0 0 80732 524507 0 5729290
