cpu  2171909 5 11420 24796884 397 0 297 0 0 0
cpu0 16996 0 503 192870 0 0 176 0 0 0
cpu1 16947 0 78 193730 0 0 4 0 0 0
cpu2 16932 0 105 193764 16 0 0 0 0 0
cpu3 16968 0 71 193774 3 0 0 0 0 0
cpu4 16904 0 222 193649 0 0 5 0 0 0
cpu5 16960 0 95 193760 6 0 0 0 0 0
cpu6 16933 0 97 193789 0 0 1 0 0 0
cpu7 16966 0 67 193777 0 0 0 0 0 0
cpu8 17012 0 136 193652 10 0 0 0 0 0
cpu9 16953 0 70 193787 0 0 0 0 0 0
cpu10 16956 0 72 193788 0 0 0 0 0 0
cpu11 16956 0 70 193780 0 0 0 0 0 0
cpu12 16824 0 149 193798 0 0 6 0 0 0
cpu13 16952 0 73 193786 0 0 0 0 0 0
cpu14 16957 0 68 193792 0 0 0 0 0 0
cpu15 16966 0 76 193783 0 0 0 0 0 0
cpu16 16976 0 95 193739 1 0 0 0 0 0
cpu17 16948 0 61 193798 1 0 0 0 0 0
cpu18 16667 0 92 194036 0 0 2 0 0 0
cpu19 16956 0 62 193787 0 0 0 0 0 0
cpu20 16997 0 144 193663 0 0 2 0 0 0
cpu21 16933 0 84 193735 1 0 16 0 0 0
cpu22 16865 0 68 193877 0 0 2 0 0 0
cpu23 16956 0 64 193786 0 0 0 0 0 0
cpu24 16986 0 195 193548 0 0 0 0 0 0
cpu25 16946 0 73 193788 0 0 0 0 0 0
cpu26 16970 0 73 193760 0 0 0 0 0 0
cpu27 16956 0 55 193794 0 0 0 0 0 0
cpu28 16952 1 84 193768 0 0 1 0 0 0
cpu29 16947 0 75 193781 0 0 0 0 0 0
cpu30 16956 0 62 193792 0 0 0 0 0 0
cpu31 16960 0 64 193782 0 0 0 0 0 0
cpu32 16953 0 75 193775 1 0 0 0 0 0
cpu33 16948 0 71 193786 0 0 0 0 0 0
cpu34 16958 0 65 193778 0 0 0 0 0 0
cpu35 16956 0 68 193778 0 0 2 0 0 0
cpu36 16958 0 143 193697 4 0 1 0 0 0
cpu37 16958 0 72 193773 0 0 0 0 0 0
cpu38 16956 0 62 193788 0 0 0 0 0 0
cpu39 16956 0 65 193785 0 0 0 0 0 0
cpu40 17162 0 111 193521 1 0 0 0 0 0
cpu41 16958 0 81 193761 0 0 0 0 0 0
cpu42 16960 0 62 193778 0 0 0 0 0 0
cpu43 16919 0 66 193814 0 0 0 0 0 0
cpu44 16981 0 94 193715 5 0 0 0 0 0
cpu45 16947 0 65 193786 0 0 1 0 0 0
cpu46 16934 0 65 193801 0 0 0 0 0 0
cpu47 16958 0 61 193782 1 0 0 0 0 0
cpu48 17010 0 92 193694 0 0 1 0 0 0
cpu49 16951 0 66 193779 1 0 0 0 0 0
cpu50 16958 0 52 193791 0 0 0 0 0 0
cpu51 16960 0 58 193778 0 0 0 0 0 0
cpu52 17080 0 109 193592 1 0 0 0 0 0
cpu53 16976 0 58 193747 8 0 0 0 0 0
cpu54 16960 0 51 193783 0 0 0 0 0 0
cpu55 16957 0 62 193781 0 0 0 0 0 0
cpu56 17037 0 128 193627 1 0 0 0 0 0
cpu57 16961 0 68 193770 0 0 0 0 0 0
cpu58 16886 0 88 193817 0 0 0 0 0 0
cpu59 16957 0 72 193770 0 0 0 0 0 0
cpu60 17100 0 186 193492 1 0 0 0 0 0
cpu61 16964 0 72 193761 0 0 0 0 0 0
cpu62 16939 0 80 193772 0 0 2 0 0 0
cpu63 16956 0 64 193773 0 0 0 0 0 0
cpu64 17304 0 294 193147 20 0 7 0 0 0
cpu65 16979 0 63 193739 5 0 0 0 0 0
cpu66 16936 0 72 193786 1 0 0 0 0 0
cpu67 16957 0 51 193779 2 0 0 0 0 0
cpu68 17053 2 228 193475 24 0 7 0 0 0
cpu69 16955 0 66 193761 0 0 0 0 0 0
cpu70 16941 0 69 193783 0 0 0 0 0 0
cpu71 16927 0 83 193780 1 0 0 0 0 0
cpu72 17446 0 240 192915 165 0 0 0 0 0
cpu73 16963 0 70 193758 1 0 0 0 0 0
cpu74 16935 0 69 193787 0 0 0 0 0 0
cpu75 16960 0 67 193757 3 0 0 0 0 0
cpu76 16996 0 134 193659 1 0 0 0 0 0
cpu77 16957 0 69 193767 0 0 0 0 0 0
cpu78 16959 0 62 193770 0 0 0 0 0 0
cpu79 16956 0 63 193769 1 0 0 0 0 0
cpu80 17097 0 95 193585 8 0 4 0 0 0
cpu81 16951 0 74 193771 0 0 0 0 0 0
cpu82 16956 0 67 193766 0 0 0 0 0 0
cpu83 16958 0 52 193775 0 0 0 0 0 0
cpu84 16797 0 180 193770 1 0 20 0 0 0
cpu85 16946 0 75 193761 0 0 0 0 0 0
cpu86 16957 0 60 193767 0 0 0 0 0 0
cpu87 16958 0 63 193766 0 0 0 0 0 0
cpu88 16960 0 72 193749 0 0 0 0 0 0
cpu89 16928 0 74 193781 0 0 0 0 0 0
cpu90 16955 0 66 193763 0 0 0 0 0 0
cpu91 16956 0 64 193761 0 0 1 0 0 0
cpu92 16958 0 79 193747 0 0 0 0 0 0
cpu93 16952 0 65 193755 1 0 0 0 0 0
cpu94 16956 0 64 193761 0 0 0 0 0 0
cpu95 16962 0 67 193745 3 0 0 0 0 0
cpu96 16936 0 93 193748 0 0 2 0 0 0
cpu97 16956 0 68 193752 0 0 0 0 0 0
cpu98 16957 0 67 193757 0 0 0 0 0 0
cpu99 16957 0 56 193764 0 0 0 0 0 0
cpu100 16953 0 84 193740 0 0 0 0 0 0
cpu101 16955 0 67 193761 0 0 0 0 0 0
cpu102 16960 0 70 193750 1 0 0 0 0 0
cpu103 16959 0 67 193748 0 0 0 0 0 0
cpu104 17171 0 128 193469 0 0 0 0 0 0
cpu105 16954 0 68 193751 0 0 0 0 0 0
cpu106 16958 0 66 193752 0 0 0 0 0 0
cpu107 16956 0 65 193752 0 0 0 0 0 0
cpu108 17048 0 93 193597 35 0 0 0 0 0
cpu109 16954 0 66 193749 0 0 0 0 0 0
cpu110 16899 0 88 193769 8 0 0 0 0 0
cpu111 16958 0 51 193767 0 0 0 0 0 0
cpu112 17018 0 82 193672 4 0 0 0 0 0
cpu113 16956 0 77 193703 1 0 0 0 0 0
cpu114 16958 0 57 193758 0 0 0 0 0 0
cpu115 16956 0 59 193754 0 0 0 0 0 0
cpu116 16928 0 202 193617 2 0 15 0 0 0
cpu117 16957 0 68 193737 0 0 0 0 0 0
cpu118 16959 0 63 193751 0 0 0 0 0 0
cpu119 16958 0 53 193758 0 0 0 0 0 0
cpu120 17064 0 106 193595 4 0 0 0 0 0
cpu121 16960 0 64 193743 0 0 0 0 0 0
cpu122 16940 0 91 193730 0 0 0 0 0 0
cpu123 16956 0 63 193749 0 0 0 0 0 0
cpu124 17094 0 185 193476 3 0 0 0 0 0
cpu125 16963 0 92 193678 0 0 0 0 0 0
cpu126 16959 0 92 193714 0 0 0 0 0 0
cpu127 16958 0 61 193751 0 0 0 0 0 0
intr 7539192 133 0 0 0 680 0 0 0 1 0 272 0 0 0 0 0 0 0 0 0 0 0 0 0 0 0 0 0 0 0 0 0 0 0 0 260 0 513 104 7 10 3685 0 4 191 362 0 0 6 492 1 0 0 2 3 41 0 1068 28669 7 0 1034 0 0 0 749 43 0 0 2 1 12 0 889 3 0 0 69 15 34 1 297 0 0 2 369 221 0 22 0 0 72 0 0 0 15 0 281 2 0 1 8046 40 0 0 4740 0 0 3 153 0 0 0 0 2 0 0 3822 0 0 0 12 0 0 0 5 1 0 0 0 0 0 0 1323 0 0 0 373 1 0 0 7 0 0 0 0 16 0 0 0 0 0 0 0 0 0 0 0 0 0 0 0 0 0 0 0 1695 865 13587 147 373 439 45 14 22 1643 133 252 10 153 57 93 122 2 9 3142 279 120 125 166 260 3913 82 7 14 2 41 183 4 34 0 0 0 0 0 0 0 0 0 0 0 0 0 0 0 0 21 7 3 177 18 0 0 2 3 4 11 3 0 4 49 51 10 29 9 13 53 20 14 3 6 9 5 1 14 8 4 67 4 285 4 4 2 14 261 696 113 43 43 3 15 65 6 0 4 22 9 9 8 3 5 2 11 1 2 3 4 8 161 0 0 0 0 0 0 0 0 0 0 0 0 0 0 0 0 0 0 0 0 0 0 0 0 0 0 0 0 0 0 0 0 0 0 0 0 0 0 0 0 0 0 0 0 0 0 0 0 0 0 0 0 0 0 0 0 0 0 0 0 0 0 0 0 0 0 0 0 0 0 0 0 0 0 0 0 0 0 0 0 0 0 0 0 0 0 0 0 0 0 0 0 0 0 0 0 0 0 0 0 0 0 0 0 0 0 0 0 0 0 0 0 0 0 0 0 0 0 0 0 0 0 0 0 0 0 0 0 0 0 0 0 0 0 0 0 0 0 0 0 0 0 0 0 0 0 0 0 0 0 0 0 0 0 0 0 0 0 0 0 0 0 0 0 0 0 0 0 0 0 0 0 0 0 0 0 0 0 0 0 0 0 0 0 0 0 0 0 0 0 0 0 0 0 0 0 0 0 0 0 0 0 0 0 0 0 0 0 0 0 0 0 0 0 0 0 0 0 0 0 0 0 0 0 0 0 0 0 0 0 0 0 0 0 0 0 0 0 0 0 0 0 0 0 0 0 0 0 0 0 0 0 0 0 0 0 0 0 0 0 0 0 0 0 0 0 0 0 0 0 0 0 0 0 0 0 0 0 0 0 0 0 0 0 0 0 0 0 0 0 0 0 0 0 0 0 0 0 0 0 0 0 0 0 0 0 0 0 0 0 0 0 0 0 0 0 0 0 0 0 0 0 0 0 0 0 0 0 0 0 0 0 0 0 0 0 0 0 0 0 0 0 0 0 0 0 0 0 0 0 0 0 0 0 0 0 0 0 0 0 0 0 0 0 0 0 0 0 0 0 0 0 0 0 0 0 0 0 0 0 0 0 0 0 0 0 0 0 0 0 0 0 0 0 0 0 0 0 0 0 0 0 0 0 0 0 0 0 0 0 0 0 0 0 0 0 0 0 0 0 0 0 0 0 0 0 0 0 0 0 0 0 0 0 0 0 0 0 0 0 0 48 0 0 0 0 0 0 0 3 0 0 0 0 0 0 0 0 0 0 0 0 0 0 0 0 0 0 0 0 0 0 0 0 0 0 0 0 0 0 0 0 0 0 0 0 0 0 0 0 0 0 0 0 0 0 0 0 0 0 0 0 0 0 0 0 0 0 48 0 0 0 0 0 0 0 0 23 0 0 0 0 0 0 0 0 0 0 0 0 0 0 0 0 0 0 0 0 0 0 0 0 0 0 0 0 0 0 0 0 0 0 0 0 0 0 0 0 0 0 0 0 0 0 0 0 0 0 0 0 0 0 0 0 0 0 0 0 0 0 0 0 0 0 0 0 0 0 0 0 0 0 0 0 0 0 0 0 0 0 0 0 0 0 0 0 0 0 0 0 0 0 0 0 0 0 0 0 0 0 0 0 0 0 0 0 0 0 0 0 0 0 0 0 0 0 0 0 0 0 0 0 0 0 0 0 0 0 0 0 0 0 0 0 0 0 0 0 0 0 0 0 0 0 0 0 0 0 0 0 0 0 0 0 0 0 0 0 0 0 0 0 0 0 0 0 0 0 0 0 0 0 0 0 0 0 0 0 0 0 0 0 0 0 0 0 0 0 0 0 0 0 0 0 0 0 0 0 0 0 0 0 0 0 0 0 0 0 0 0 0 0 0 0 0 0 0 0 0 0 0 0 0 0 0 0 0 0 0 0 0 0 0 0 0 0 0 0 0 0 0 0 0 0 0 0 0 0 0 0 0 0 0 0 0 0 0 0 0 0 0 0 0 0 0 0 0 0 0 0 0 0 0 0 0 0 0 0 0 0 0 0 0 0 0 0 0 0 0 0 0 0 0 0 0 0 0 0 0 0 0 0 0 0 0 0 0 0 0 0 0 0 0 0 0 0 0 0 0 0 0 0 0 0 0 0 0 0 0 0 0 0 0 0 0 0 0 0 0 0 0 0 0 0 0 0 0 0 0 0 0 0 0 0 0 0 0 0 0 0 0 0 0 0 0 0 0 0 0 0 0 0 0 0 0 0 0 0 0 0 0 0 0 0 0 0 0 0 0 0 0 0 0 0 0 0 0 0 0 0 0 0 0 0 0 0 0 0 0 0 0 0 0 0 0 0 0 0 0 0 0 0 0 0 0 0 0 0 0 0 0 0 0 0 0 0 0 0 0 0 0 0 0 0 0 0 0 0 0 0 0 0 0 0 0 0 0 0 0 0 0 0 0 0 0 0 0 0 0 0 0 0 0 0 0 0 0 0 0 0 0 0 0 0 0 0 0 0 0 0 0 0 0 0 0 0 0 0 0 0 0 0 0 0 0 0 0 0 0 0 0 0 0 0 0 0 0 0 0 0 0 0 0 0 0 0 0 0 0 0 0 0 0 0 0 0 0 0 0 0 0 0 0 0 0 0 0 0 0 0 0 0 0 0 0 0 0 0 0 0 0 0 0 0 0 0 0 0 0 0 0 0 0 0 0 0 0 0 0 0 0 0 0 0 0 0 0 0 0 0 0 0 0 0 0 0 0 0 0 0 0 0 0 0 0 0 0 0 0 0 0 0 0 0 0 0 0 0 0 0 0 0 0 0 0 0 0 0 0 0 0 0 0 0 0 0 0 0 0 0 0 0 0 0 0 0 0 0 0 0 0 0 0 0 0 0 0 0 0 0 0 0 0 0 0 0 0 0 0 0 0 0 0 0 0 0 0 0 0 0 0 0 0 0 0 0 0 0 0 0 0 0 0 0 0 0 0 0 0 0 0 0 0 0 0 0 0 0 0 0 0 0 0 0 0 0 0 0 0 0 0 0 0 0 0 0 0 0 0 0 0 0 0 0 0 0 0 0 0 0 0 0 0 0 0 0 0 0 0 0 0 0 0 0 0 0 0 0 0 0 0 0 0 0 0 0 0 0 0 0 0 0 0 0 0 0 0 0 0 0 0 0 0 0 0 0 0 0 0 0 0 0 0 0 0 0 0 0 0 0 0 0 0 0 0 0 0 0 0 0 0 0 0 0 0 0 0 0 0 0 0 0 0 0 0 0 0 0 0 0 0 0 0 0 0 0 0 0 0 0 0 0 0 0 0 0 0 0 0 0 0 0 0 0 0 0 0 0 0 0 0 0 0 0 0 0 0 0 0 0 0 0 0 0 0 0 0 0 0 0 0 0 0 0 0 0 0 0 0 0 0 0 0 0 0 0 0 0 0 0 0 0 0 0 0 0 0 0 0 0 0 0 0 0 0 0 0 0 0 0 0 0 0 0 0 0 0 0 0 0 0 0 0 0 0 0 0 0 0 0 0 0 0 0 0 0 0 0 0 0 0 0 0 0 0 0 0 0 0 0 0 0 0 0 0 0 0 0 0 0 0 0 0 0 0 0 0 0 0 0 0 0 0 0 0 0 0 0 0 0 0 0 0 0 0 0 0 0 0 0 0 0 0 0 0 0 0 0 0 0 0 0 0 0 0 0 0 0 0 0 0 0 0 0 0 0 0 0 0 0 0 0 0 0 0 0 0 0 0 0 0 0 0 0 0 0 0 0 0 0 0 0 0 0 0 0 0 0 0 0 0 0 0 0 0 0 0 0 0 0 0 0 0 0 0 0 0 0 0 0 0 0 0 0 0 0 0 0 0 0 0 0 0 0 0 0 0 0 0 0 0 0 0 0 0 0 0 0 0 0 0 0 0 0 0 0 0 0 0 0 0 0 0 0 0 0 0 0 0 0 0 0 0 0 0 0 0 0 0 0 0 0 0 0 0 0 0 0 0 0 0 0 0 0 0 0 0 0 0 0 0 0 0 0 0 0 0 0 0 0 0 0 0 0 0 0 0 0 0 0 0 0 0 0 0 0 0 0 0 0 0 0 0 0 0 0 0 0 0 0 0 0 0 0 0 0 0 0 0 0 0 0 0 0 0 0 0 0 0 0 0 0 0 0 0 0 0 0 0 0 0 0 0 0 0 0 0 0 0 0 0 0 0 0 0 0 0 0 0 0 0 0 0 0 0 0 0 0 0 0 0 0 0 0 0 0 0 0 0 0 0 0 0 0 0 0 0 0 0 0 0 0 0 0 0 0 0 0 0 0 0 0 0 0 0 0 0 0 0 0 0 0 0 0 0 0 0 0 0 0 0 0 0 0 0 0 0 0 0 0 0 0 0 0 0 0 0 0 0 0 0 0 0 0 0 0 0 0 0 0 0 0 0 0 0 0 0 0 0 0 0 0 0 0 0 0 0 0 0 0 0 0 0 0 0 0 0 0 0 0 0 0 0 0 0 0 0 0 0 0 0 0 0 0 0 0 0 0 0 0 0 0 0 0 0 0 0 0 0 0 0 0 0 0 0 0 0 0 0 0 0 0 0 0 0 0 0 0 0 0 0 0 0 0 0 0 0 0 0 0 0 0 0 0 0 0 0 0 0 0 0 0 0 0 0 0 0 0 0 0 0 0 0 0 0 0 0 0 0 0 0 0 0 0 0 0 0 0 0 0 0 0 0 0 0 0 0 0 0 0 0 0 0 0 0 0 0 0 0 0 0 0 0 0 0 0 0 0 0 0 0 0 0 0 0 0 0 0 0 0 0 0 0 0 0 0 0 0 0 0 0 0 0 0 0 0 0 0 0 0 0 0 0 0 0 0 0 0 0 0 0 0 0 0 0 0 0 0 0 0 0 0 0 0 0 0 0 0 0 0 0 0 0 0 0 0 0 0 0 0 0 0 0 0 0 0 0 0 0 0 0 0 0 0 0 0 0 0 0 0 0 0 0 0 0 0 0 0 0 0 0 0 0 0 0 0 0 0 0 0 0 0 0 0 0 0 0 0 0 0 0 0 0 0 0 0 0 0 0 0 0 0 0 0 0 0 0 0 0 0 0 0 0 0 0 0 0 0 0 0 0 0 0 0 0 0 0 0 0 0 0 0 0 0 0 0 0 0 0 0 0 0 0 0 0 0 0 0 0 0 0 0 0 0 0 0 0 0 0 0 0 0 0 0 0 0 0 0 0 0 0 0 0 0 0 0 0 0 0 0 0 0 0 0 0 0 0 0 0 0 0 0 0 0 0 0 0 0 0 0 0 0 0 0 0 0 0 0 0 0 0 0 0 0 0 0 0 0 0 0 0 0 0 0 0 0 0 0 0 0 0 0 0 0 0 0 0 0 0 0 0 0 0 0 0 0 0 0 0 0 0 0 0 0 0 0 0 0 0 0 0 0 0 0 0 0 0 0 0 0 0 0 0 0 0 0 0 0 0 0 0 0 0 0 0 0 0 0 0 0 0 0 0 0 0 0 0 0 0 0 0 0 0 0 0 0 0 0 0 0 0 0 0 0 0 0 0 0 0 0 0 0 0 0 0 0 0 0 0 0 0 0 0 0 0 0 0 0 0 0 0 0 0 0 0 0 0 0 0 0 0 0 0 0 0 0 0 0 0 0 0 0 0 0 0 0 0 0 0 0 0 0 0 0 0 0 0 0 0 0 0 0 0 0 0 0 0 0 0 0 0 0 0 0 0 0 0 0 0 0 0 0 0 0 0 0 0 0 0 0 0 0 0 0 0 0 0 0 0 0 0 0 0 0 0 0 0 0 0 0 0 0 0 0 0 0 0 0 0 0 0 0 0 0 0 0 0 0 0 0 0 0 0 0 0 0 0 0 0 0 0 0 0 0 0 0 0 0 0 0 0 0 0 0 0 0 0 0 0 0 0 0 0 0 0 0 0 0 0 0 0 0 0 0 0 0 0 0 0 0 0 0 0 0 0 0 0 0 0 0 0 0 0 0 0 0 0 0 0 0 0 0 0 0 0 0 0 0 0 0 0 0 0 0 0 0 0 0 0 0 0 0 0 0 0 0 0 0 0 0 0 0 0 0 0 0 0 0 0 0 0 0 0 0 0 0 0 0 0 0 0 0 0 0 0 0 0 0 0 0 0 0 0 0 0 0 0 0 0 0 0 0 0 0 0 0 0 0 0 0 0 0 0 0 0 0 0 0 0 0 0 0 0 0 0 0 0 0 0 0 0 0 0 0 0 0 0 0 0 0 0 0 0 0 0 0 0 0 0 0 0 0 0 0 0 0 0 0 0 0 0 0 0 0 0 0 0 0 0 0 0 0 0 0 0 0 0 0 0 0 0 0 0 0 0 0 0 0 0 0 0 0 0 0 0 0 0 0 0 0 0 0 0 0 0 0 0 0 0 0 0 0 0 0 0 0 0 0 0 0 0 0 0 0 0 0 0 0 0 0 0 0 0 0 0 0 0 0 0 0 0 0 0 0 0 0 0 0 0 0 0 0 0 0 0 0 0 0 0 0 0 0 0 0 0 0 0 0 0 0 0 0 0 0 0 0 0 0 0 0 0 0 0 0 0 0 0 0 0 0 0 0 0 0 0 0 0 0 0 0 0 0 0 0 0 0 0 0 0 0 0 0 0 0 0 0 0 0 0 0 0 0 0 0 0 0 0 0 0 0 0 0 0 0 0 0 0 0 0 0 0 0 0 0 0 0 0 0 0 0 0 0 0 0 0 0 0 0 0 0 0 0 0 0 0 0 0 0 0 0 0 0 0 0 0 0 0 0 0 0 0 0 0 0 0 0 0 0 0 0 0 0 0 0 0 0 0 0 0 0 0 0 0 0 0 0 0 0 0 0 0 0 0 0 0 0 0 0 0 0 0 0 0 0 0 0 0 0 0 0 0 0 0 0 0 0 0 0 0 0 0 0 0 0 0 0 0 0 0 0 0 0 0 0 0 0 0 0 0 0 0 0 0 0 0 0 0 0 0 0 0 0 0 0 0 0 0 0 0 0 0 0 0 0 0 0 0 0 0 0 0 0 0 0 0 0 0 0 0 0 0 0 0 0 0 0 0 0 0 0 0 0 0 0 0 0 0 0 0 0 0 0 0 0 0 0 0 0 0 0 0 0 0 0 0 0 0 0 0 0 0 0 0 0 0 0 0 0 0 0 0 0 0 0 0 0 0 0 0 0 0 0 0 0 0 0 0 0 0 0 0 0 0 0 0 0 0 0 0 0 0 0 0 0 0 0 0 0 0 0 0 0 0 0 0 0 0 0 0 0 0 0 0 0 0 0 0 0 0 0 0 0 0 0 0 0 0 0 0 0 0 0 0 0 0 0 0 0 0 0 0 0 0 0 0 0 0 0 0 0 0 0 0 0 0 0 0 0 0 0 0 0 0 0 0 0 0 0 0 0 0 0 0 0 0 0 0 0 0 0 0 0 0 0 0 0 0 0 0 0 0 0 0 0 0 0 0 0 0 0 0 0 0 0 0 0 0 0 0 0 0 0 0 0 0 0 0 0 0 0 0 0 0 0 0 0 0 0 0 0 0 0 0 0 0 0 0 0 0 0 0 0 0 0 0 0 0 0 0 0 0 0 0 0 0 0 0 0 0 0 0 0 0 0 0 0 0 0 0 0 0 0 0 0 0 0 0 0 0 0 0 0 0 0 0 0 0 0 0 0 0 0 0 0 0 0 0 0 0 0 0 0 0 0 0 0 0 0 0 0 0 0 0 0 0 0 0 0 0 0 0 0 0 0 0 0 0 0 0 0 0 0 0 0 0 0 0 0 0 0 0 0 0 0 0 0 0 0 0 0 0 0 0 0 0 0 0 0 0 0 0 0 0 0 0 0 0 0 0 0 0 0 0 0 0 0 0 0 0 0 0 0 0 0 0 0 0 0 0 0 0 0 0 0 0 0 0 0 0 0 0 0 0 0 0 0 0 0 0 0 0 0 0 0 0 0 0 0 0 0 0 0 0 0 0 0 0 0 0 0 0 0 0 0 0 0 0 0 0 0 0 0 0 0 0 0 0 0 0 0 0 0 0 0 0 0 0 0 0 0 0 0 0 0 0 0 0 0 0 0 0 0 0 0 0 0 0 0 0 0 0 0 0 0 0 0 0 0 0 0 0 0 0 0 0 0 0 0 0 0 0 0 0 0 0 0 0 0 0 0 0 0 0 0 0 0 0 0 0 0 0 0 0 0 0 0 0 0 0 0 0 0 0 0 0 0 0 0 0 0 0 0 0 0 0 0 0 0 0 0 0 0 0 0 0 0 0 0 0 0 0 0 0 0 0 0 0 0 0 0 0 0 0 0 0 0 0 0 0 0 0 0 0 0 0 0 0 0 0 0 0 0 0 0 0 0 0 0 0 0 0 0 0 0 0 0 0 0 0 0 0 0 0 0 0 0 0 0 0 0 0 0 0 0 0 0 0 0 0 0 0 0 0 0 0 0 0 0 0 0 0 0 0 0 0 0 0 0 0 0 0 0 0 0 0 0 0 0 0 0 0 0 0 0 0 0 0 0 0 0 0 0 0 0 0 0 0 0 0 0 0 0 0 0 0 0 0 0 0 0 0 0 0 0 0 0 0 0 0 0 0 0 0 0 0 0 0 0 0 0 0 0 0 0 0 0 0 0 0 0 0 0 0 0 0 0 0 0 0 0 0 0 0 0 0 0 0 0 0 0 0 0 0 0 0 0 0 0 0 0 0 0 0 0 0 0 0 0 0 0 0 0 0 0 0 0 0 0 0 0 0 0 0 0 0 0 0 0 0 0 0 0 0 0 0 0 0 0 0 0 0 0 0 0 0 0 0 0 0 0 0 0 0 0 0 0 0 0 0 0 0 0 0 0 0 0 0 0 0 0 0 0 0 0 0 0 0 0 0 0 0 0 0 0 0 0 0 0 0 0 0 0 0 0 0 0 0 0 0 0 0 0 0 0 0 0 0 0 0 0 0 0 0 0 0 0 0 0 0 0 0 0 0 0 0 0 0 0 0 0 0 0 0 0 0 0 0 0 0 0 0 0 0 0 0 0 0 0 0 0 0 0 0 0 0 0 0 0 0 0 0 0 0 0 0 0 0 0 0 0 0 0 0 0 0 0 0 0 0 0 0 0 0 0 0 0 0 0 0 0 0 0 0 0 0 0 0 0 0 0 0 0 0 0 0 0 0 0 0 0 0 0 0 0 0 0 0 0 0 0 0 0 0 0 0 0 0 0 0 0 0 0 0 0 0 0 0 0 0 0 0 0 0 0 0 0 0 0 0 0 0 0 0 0 0 0 0 0 0 0 0 0 0 0 0 0 0 0 0 0 0 0 0 0 0 0 0 0 0 0 0 0 0 0 0 0 0 0 0 0 0 0 0 0 0 0 0 0 0 0 0 0 0 0 0 0 0 0 0 0 0 0 0 0 0 0 0 0 0 0 0 0 0 0 0 0 0 0 0 0 0 0 0 0 0 0 0 0 0 0 0 0 0 0 0 0 0 0 0 0 0 0 0 0 0 0 0 0 0 0 0 0 0 0 0 0 0 0 0 0 0 0 0 0 0 0 0 0 0 0 0
ctxt 1294772
btime 1613064757
processes 25598
procs_running 1
procs_blocked 0
softirq 7459857 1 4199140 976 196224 0 0 162 473975 0 2589379
