cpu  73809872 5 94271 27024748 446 0 7592 0 0 0
cpu0 571734 0 5809 210127 3 0 597 0 0 0
cpu1 576838 0 420 211220 0 0 56 0 0 0
cpu2 577146 0 374 211047 17 0 17 0 0 0
cpu3 575455 0 687 212357 3 0 51 0 0 0
cpu4 574155 0 3492 210582 0 0 274 0 0 0
cpu5 576955 0 256 211384 7 0 10 0 0 0
cpu6 577159 0 284 211148 0 0 21 0 0 0
cpu7 576543 0 243 211785 0 0 21 0 0 0
cpu8 574367 0 3005 210828 10 0 356 0 0 0
cpu9 577018 0 146 211436 0 0 2 0 0 0
cpu10 577206 0 128 211267 0 0 2 0 0 0
cpu11 576925 0 210 211443 0 0 14 0 0 0
cpu12 575535 0 2516 210286 1 0 212 0 0 0
cpu13 577108 0 127 211367 0 0 2 0 0 0
cpu14 577254 0 131 211220 1 0 4 0 0 0
cpu15 576937 0 343 211303 0 0 28 0 0 0
cpu16 575612 0 2691 209939 1 0 331 0 0 0
cpu17 577159 0 106 211338 1 0 0 0 0 0
cpu18 577111 0 138 211336 0 0 4 0 0 0
cpu19 577021 0 190 211370 1 0 6 0 0 0
cpu20 577101 0 2561 208652 0 0 233 0 0 0
cpu21 576950 0 166 211277 1 0 165 0 0 0
cpu22 577124 0 160 211311 0 0 5 0 0 0
cpu23 577067 0 146 211381 0 0 3 0 0 0
cpu24 574899 0 2671 210637 0 0 282 0 0 0
cpu25 577153 0 141 211311 0 0 1 0 0 0
cpu26 577208 0 144 211237 0 0 2 0 0 0
cpu27 576902 0 165 211521 0 0 7 0 0 0
cpu28 575203 1 2070 211078 0 0 199 0 0 0
cpu29 577007 0 279 211291 0 0 20 0 0 0
cpu30 577224 0 152 211219 1 0 0 0 0 0
cpu31 577130 0 116 211352 0 0 2 0 0 0
cpu32 574740 0 2749 210820 1 0 234 0 0 0
cpu33 577020 0 190 211389 0 0 3 0 0 0
cpu34 577352 0 178 211060 0 0 6 0 0 0
cpu35 576980 0 243 211345 0 0 26 0 0 0
cpu36 574116 0 3761 210359 4 0 305 0 0 0
cpu37 577010 0 207 211376 1 0 3 0 0 0
cpu38 577354 0 128 211116 1 0 1 0 0 0
cpu39 576961 0 133 211498 0 0 4 0 0 0
cpu40 574878 0 2876 210514 2 0 272 0 0 0
cpu41 576896 0 181 211509 0 0 8 0 0 0
cpu42 577276 0 126 211188 0 0 4 0 0 0
cpu43 576965 0 196 211412 0 0 18 0 0 0
cpu44 573989 0 3532 210716 5 0 304 0 0 0
cpu45 577031 0 165 211391 0 0 5 0 0 0
cpu46 576916 0 148 211514 1 0 4 0 0 0
cpu47 577037 0 158 211384 2 0 6 0 0 0
cpu48 574943 0 2328 211039 0 0 224 0 0 0
cpu49 576578 0 386 211556 1 0 70 0 0 0
cpu50 577364 0 110 211117 1 0 2 0 0 0
cpu51 577123 0 141 211322 1 0 2 0 0 0
cpu52 575428 0 2305 210609 1 0 195 0 0 0
cpu53 577203 0 106 211266 9 0 0 0 0 0
cpu54 577204 0 109 211270 1 0 2 0 0 0
cpu55 577075 0 147 211358 1 0 9 0 0 0
cpu56 575015 0 2316 211027 1 0 188 0 0 0
cpu57 577163 0 143 211289 0 0 3 0 0 0
cpu58 577064 0 321 211162 1 0 36 0 0 0
cpu59 576822 0 414 211313 0 0 33 0 0 0
cpu60 575424 0 2198 210741 1 0 183 0 0 0
cpu61 577070 0 175 211342 0 0 2 0 0 0
cpu62 576853 0 122 211599 0 0 6 0 0 0
cpu63 576656 0 336 211557 0 0 15 0 0 0
cpu64 575570 0 2543 210246 20 0 152 0 0 0
cpu65 576472 0 499 211529 5 0 70 0 0 0
cpu66 576757 0 171 211615 1 0 5 0 0 0
cpu67 576614 0 536 211378 2 0 47 0 0 0
cpu68 575765 2 1884 210762 24 0 112 0 0 0
cpu69 577108 0 137 211333 0 0 2 0 0 0
cpu70 577183 0 141 211255 0 0 5 0 0 0
cpu71 576647 0 312 211585 1 0 34 0 0 0
cpu72 576912 0 1812 209346 165 0 294 0 0 0
cpu73 576988 0 176 211406 1 0 10 0 0 0
cpu74 577300 0 123 211161 0 0 0 0 0 0
cpu75 576912 0 164 211482 4 0 2 0 0 0
cpu76 578115 0 1558 208798 1 0 82 0 0 0
cpu77 577153 0 108 211324 0 0 1 0 0 0
cpu78 577184 0 110 211289 0 0 0 0 0 0
cpu79 576799 0 367 211371 1 0 36 0 0 0
cpu80 576203 0 1583 210605 8 0 118 0 0 0
cpu81 577159 0 132 211295 2 0 3 0 0 0
cpu82 577318 0 104 211157 0 0 2 0 0 0
cpu83 577135 0 119 211320 0 0 2 0 0 0
cpu84 575680 0 1587 211155 1 0 112 0 0 0
cpu85 577011 0 112 211454 0 0 0 0 0 0
cpu86 577059 0 98 211415 0 0 2 0 0 0
cpu87 576941 0 171 211441 0 0 9 0 0 0
cpu88 576111 0 1392 210945 0 0 98 0 0 0
cpu89 576798 0 163 211600 1 0 9 0 0 0
cpu90 577339 0 129 211111 0 0 0 0 0 0
cpu91 577143 0 125 211304 0 0 4 0 0 0
cpu92 576415 0 1440 210608 0 0 94 0 0 0
cpu93 577148 0 141 211276 4 0 0 0 0 0
cpu94 577363 0 135 211069 0 0 2 0 0 0
cpu95 577108 0 115 211343 3 0 2 0 0 0
cpu96 576111 0 1630 210732 1 0 87 0 0 0
cpu97 577158 0 175 211235 0 0 2 0 0 0
cpu98 577130 0 125 211311 0 0 2 0 0 0
cpu99 576873 0 242 211420 3 0 27 0 0 0
cpu100 575282 0 2291 210803 1 0 159 0 0 0
cpu101 577125 0 140 211311 0 0 1 0 0 0
cpu102 577295 0 120 211154 2 0 1 0 0 0
cpu103 577145 0 122 211297 0 0 1 0 0 0
cpu104 574178 0 3408 210630 0 0 283 0 0 0
cpu105 577177 0 123 211271 0 0 0 0 0 0
cpu106 576984 0 136 211444 2 0 0 0 0 0
cpu107 577026 0 227 211288 0 0 24 0 0 0
cpu108 575661 0 1728 211008 35 0 99 0 0 0
cpu109 577116 0 159 211287 0 0 3 0 0 0
cpu110 577334 0 136 211074 11 0 2 0 0 0
cpu111 576995 0 128 211441 0 0 4 0 0 0
cpu112 576148 0 1388 210918 4 0 87 0 0 0
cpu113 577132 0 168 211225 1 0 3 0 0 0
cpu114 577250 0 103 211210 1 0 0 0 0 0
cpu115 577094 0 122 211331 0 0 3 0 0 0
cpu116 576386 0 1462 210588 2 0 102 0 0 0
cpu117 577048 0 195 211309 0 0 2 0 0 0
cpu118 577472 0 95 210999 0 0 0 0 0 0
cpu119 576930 0 180 211437 0 0 8 0 0 0
cpu120 575978 0 1672 210809 4 0 84 0 0 0
cpu121 577116 0 137 211308 0 0 6 0 0 0
cpu122 577080 0 167 211303 0 0 1 0 0 0
cpu123 576444 0 608 211428 0 0 77 0 0 0
cpu124 576552 0 1432 210482 3 0 63 0 0 0
cpu125 577096 0 211 211219 0 0 2 0 0 0
cpu126 577391 0 158 211010 1 0 0 0 0 0
cpu127 576990 0 352 211213 0 0 2 0 0 0
intr 201301412 133 0 0 0 680 0 0 0 1 0 272 0 0 0 0 0 0 0 0 0 0 0 0 0 0 0 0 0 0 0 0 0 0 0 0 260 0 919 1075 1619 19794 4123 357 732 1874 681 257 343 4828 653 360 954 12696 378 3 553 3710 1124 68774 161 2262 1902 0 254 2721 789 184 314 906 426 2 803 4425 1723 3 407 753 606 318 523 4449 851 385 928 3553 848 17494 382 1135 515 0 403 4412 234 204 2019 4901 332 742 208 10402 8176 343 1118 12015 4970 395 1016 3383 21304 338 438 2049 440 182 462 11269 3834 0 496 2197 85 0 251 5229 22 8 651 1214 147 123 347 1421 1550 0 439 4715 1173 4 367 804 1377 56 323 1611 78 494 816 3401 231 340 48 165 121 56 283 0 0 0 0 0 0 0 0 0 0 2019 1121 13740 210 520 652 145 87 167 1833 223 376 149 191 92 130 164 62 151 3178 324 135 169 189 260 3921 82 7 14 2 481 394 4 49 0 0 0 0 0 0 0 0 0 0 0 0 0 0 0 0 57 7 448 177 200 0 0 2 3 4 11 3 0 4 49 51 160 29 9 13 53 20 53 3 6 11 5 1 95 8 4 67 4 285 4 4 2 14 483 750 251 70 43 3 30 65 24 6 4 22 9 9 38 130 26 2 11 1 3 12 115 38 161 0 0 0 0 0 0 0 0 0 0 0 0 0 0 0 0 0 0 0 0 0 0 0 0 0 0 0 0 0 0 0 0 0 0 0 0 0 0 0 0 0 0 0 0 0 0 0 0 0 0 0 0 0 0 0 0 0 0 0 0 0 0 0 0 0 0 0 0 0 0 0 0 0 0 0 0 0 0 0 0 0 0 0 0 0 0 0 0 0 0 0 0 0 0 0 0 0 0 0 0 0 0 0 0 0 0 0 0 0 0 0 0 0 0 0 0 0 0 0 0 0 0 0 0 0 0 0 0 0 0 0 0 0 0 0 0 0 0 0 0 0 0 0 0 0 0 0 0 0 0 0 0 0 0 0 0 0 0 0 0 0 0 0 0 0 0 0 0 0 0 0 0 0 0 0 0 0 0 0 0 0 0 0 0 0 0 0 0 0 0 0 0 0 0 0 0 0 0 0 0 0 0 0 0 0 0 0 0 0 0 0 0 0 0 0 0 0 0 0 0 0 0 0 0 0 0 0 0 0 0 0 0 0 0 0 0 0 0 0 0 0 0 0 0 0 0 0 0 0 0 0 0 0 0 0 0 0 0 0 0 0 0 0 0 0 0 0 0 0 0 0 0 0 0 0 0 0 0 0 0 0 0 0 0 0 0 0 0 0 0 0 0 0 0 0 0 0 0 0 0 0 0 0 0 0 0 0 0 0 0 0 0 0 0 0 0 0 0 0 0 0 0 0 0 0 0 0 0 0 0 0 0 0 0 0 0 0 0 0 0 0 0 0 0 0 0 0 0 0 0 0 0 0 0 0 0 0 0 0 0 0 0 0 0 0 0 0 0 0 0 0 0 0 0 0 0 0 0 0 0 0 0 0 0 0 0 0 0 0 0 0 0 0 0 0 0 0 0 0 0 0 0 0 0 0 0 0 0 0 0 0 0 0 0 0 0 0 0 0 0 0 0 0 0 0 0 0 0 0 0 0 0 0 0 0 0 0 0 0 0 0 48 0 0 0 0 0 0 0 3 0 0 0 0 0 0 0 0 0 0 0 0 0 0 0 0 0 0 0 0 0 0 0 0 0 0 0 0 0 0 0 0 0 0 0 0 0 0 0 0 0 0 0 0 0 0 0 0 0 0 0 0 0 0 0 0 0 0 48 0 0 0 0 0 0 0 0 23 0 0 0 0 0 0 0 0 0 0 0 0 0 0 0 0 0 0 0 0 0 0 0 0 0 0 0 0 0 0 0 0 0 0 0 0 0 0 0 0 0 0 0 0 0 0 0 0 0 0 0 0 0 0 0 0 0 0 0 0 0 0 0 0 0 0 0 0 0 0 0 0 0 0 0 0 0 0 0 0 0 0 0 0 0 0 0 0 0 0 0 0 0 0 0 0 0 0 0 0 0 0 0 0 0 0 0 0 0 0 0 0 0 0 0 0 0 0 0 0 0 0 0 0 0 0 0 0 0 0 0 0 0 0 0 0 0 0 0 0 0 0 0 0 0 0 0 0 0 0 0 0 0 0 0 0 0 0 0 0 0 0 0 0 0 0 0 0 0 0 0 0 0 0 0 0 0 0 0 0 0 0 0 0 0 0 0 0 0 0 0 0 0 0 0 0 0 0 0 0 0 0 0 0 0 0 0 0 0 0 0 0 0 0 0 0 0 0 0 0 0 0 0 0 0 0 0 0 0 0 0 0 0 0 0 0 0 0 0 0 0 0 0 0 0 0 0 0 0 0 0 0 0 0 0 0 0 0 0 0 0 0 0 0 0 0 0 0 0 0 0 0 0 0 0 0 0 0 0 0 0 0 0 0 0 0 0 0 0 0 0 0 0 0 0 0 0 0 0 0 0 0 0 0 0 0 0 0 0 0 0 0 0 0 0 0 0 0 0 0 0 0 0 0 0 0 0 0 0 0 0 0 0 0 0 0 0 0 0 0 0 0 0 0 0 0 0 0 0 0 0 0 0 0 0 0 0 0 0 0 0 0 0 0 0 0 0 0 0 0 0 0 0 0 0 0 0 0 0 0 0 0 0 0 0 0 0 0 0 0 0 0 0 0 0 0 0 0 0 0 0 0 0 0 0 0 0 0 0 0 0 0 0 0 0 0 0 0 0 0 0 0 0 0 0 0 0 0 0 0 0 0 0 0 0 0 0 0 0 0 0 0 0 0 0 0 0 0 0 0 0 0 0 0 0 0 0 0 0 0 0 0 0 0 0 0 0 0 0 0 0 0 0 0 0 0 0 0 0 0 0 0 0 0 0 0 0 0 0 0 0 0 0 0 0 0 0 0 0 0 0 0 0 0 0 0 0 0 0 0 0 0 0 0 0 0 0 0 0 0 0 0 0 0 0 0 0 0 0 0 0 0 0 0 0 0 0 0 0 0 0 0 0 0 0 0 0 0 0 0 0 0 0 0 0 0 0 0 0 0 0 0 0 0 0 0 0 0 0 0 0 0 0 0 0 0 0 0 0 0 0 0 0 0 0 0 0 0 0 0 0 0 0 0 0 0 0 0 0 0 0 0 0 0 0 0 0 0 0 0 0 0 0 0 0 0 0 0 0 0 0 0 0 0 0 0 0 0 0 0 0 0 0 0 0 0 0 0 0 0 0 0 0 0 0 0 0 0 0 0 0 0 0 0 0 0 0 0 0 0 0 0 0 0 0 0 0 0 0 0 0 0 0 0 0 0 0 0 0 0 0 0 0 0 0 0 0 0 0 0 0 0 0 0 0 0 0 0 0 0 0 0 0 0 0 0 0 0 0 0 0 0 0 0 0 0 0 0 0 0 0 0 0 0 0 0 0 0 0 0 0 0 0 0 0 0 0 0 0 0 0 0 0 0 0 0 0 0 0 0 0 0 0 0 0 0 0 0 0 0 0 0 0 0 0 0 0 0 0 0 0 0 0 0 0 0 0 0 0 0 0 0 0 0 0 0 0 0 0 0 0 0 0 0 0 0 0 0 0 0 0 0 0 0 0 0 0 0 0 0 0 0 0 0 0 0 0 0 0 0 0 0 0 0 0 0 0 0 0 0 0 0 0 0 0 0 0 0 0 0 0 0 0 0 0 0 0 0 0 0 0 0 0 0 0 0 0 0 0 0 0 0 0 0 0 0 0 0 0 0 0 0 0 0 0 0 0 0 0 0 0 0 0 0 0 0 0 0 0 0 0 0 0 0 0 0 0 0 0 0 0 0 0 0 0 0 0 0 0 0 0 0 0 0 0 0 0 0 0 0 0 0 0 0 0 0 0 0 0 0 0 0 0 0 0 0 0 0 0 0 0 0 0 0 0 0 0 0 0 0 0 0 0 0 0 0 0 0 0 0 0 0 0 0 0 0 0 0 0 0 0 0 0 0 0 0 0 0 0 0 0 0 0 0 0 0 0 0 0 0 0 0 0 0 0 0 0 0 0 0 0 0 0 0 0 0 0 0 0 0 0 0 0 0 0 0 0 0 0 0 0 0 0 0 0 0 0 0 0 0 0 0 0 0 0 0 0 0 0 0 0 0 0 0 0 0 0 0 0 0 0 0 0 0 0 0 0 0 0 0 0 0 0 0 0 0 0 0 0 0 0 0 0 0 0 0 0 0 0 0 0 0 0 0 0 0 0 0 0 0 0 0 0 0 0 0 0 0 0 0 0 0 0 0 0 0 0 0 0 0 0 0 0 0 0 0 0 0 0 0 0 0 0 0 0 0 0 0 0 0 0 0 0 0 0 0 0 0 0 0 0 0 0 0 0 0 0 0 0 0 0 0 0 0 0 0 0 0 0 0 0 0 0 0 0 0 0 0 0 0 0 0 0 0 0 0 0 0 0 0 0 0 0 0 0 0 0 0 0 0 0 0 0 0 0 0 0 0 0 0 0 0 0 0 0 0 0 0 0 0 0 0 0 0 0 0 0 0 0 0 0 0 0 0 0 0 0 0 0 0 0 0 0 0 0 0 0 0 0 0 0 0 0 0 0 0 0 0 0 0 0 0 0 0 0 0 0 0 0 0 0 0 0 0 0 0 0 0 0 0 0 0 0 0 0 0 0 0 0 0 0 0 0 0 0 0 0 0 0 0 0 0 0 0 0 0 0 0 0 0 0 0 0 0 0 0 0 0 0 0 0 0 0 0 0 0 0 0 0 0 0 0 0 0 0 0 0 0 0 0 0 0 0 0 0 0 0 0 0 0 0 0 0 0 0 0 0 0 0 0 0 0 0 0 0 0 0 0 0 0 0 0 0 0 0 0 0 0 0 0 0 0 0 0 0 0 0 0 0 0 0 0 0 0 0 0 0 0 0 0 0 0 0 0 0 0 0 0 0 0 0 0 0 0 0 0 0 0 0 0 0 0 0 0 0 0 0 0 0 0 0 0 0 0 0 0 0 0 0 0 0 0 0 0 0 0 0 0 0 0 0 0 0 0 0 0 0 0 0 0 0 0 0 0 0 0 0 0 0 0 0 0 0 0 0 0 0 0 0 0 0 0 0 0 0 0 0 0 0 0 0 0 0 0 0 0 0 0 0 0 0 0 0 0 0 0 0 0 0 0 0 0 0 0 0 0 0 0 0 0 0 0 0 0 0 0 0 0 0 0 0 0 0 0 0 0 0 0 0 0 0 0 0 0 0 0 0 0 0 0 0 0 0 0 0 0 0 0 0 0 0 0 0 0 0 0 0 0 0 0 0 0 0 0 0 0 0 0 0 0 0 0 0 0 0 0 0 0 0 0 0 0 0 0 0 0 0 0 0 0 0 0 0 0 0 0 0 0 0 0 0 0 0 0 0 0 0 0 0 0 0 0 0 0 0 0 0 0 0 0 0 0 0 0 0 0 0 0 0 0 0 0 0 0 0 0 0 0 0 0 0 0 0 0 0 0 0 0 0 0 0 0 0 0 0 0 0 0 0 0 0 0 0 0 0 0 0 0 0 0 0 0 0 0 0 0 0 0 0 0 0 0 0 0 0 0 0 0 0 0 0 0 0 0 0 0 0 0 0 0 0 0 0 0 0 0 0 0 0 0 0 0 0 0 0 0 0 0 0 0 0 0 0 0 0 0 0 0 0 0 0 0 0 0 0 0 0 0 0 0 0 0 0 0 0 0 0 0 0 0 0 0 0 0 0 0 0 0 0 0 0 0 0 0 0 0 0 0 0 0 0 0 0 0 0 0 0 0 0 0 0 0 0 0 0 0 0 0 0 0 0 0 0 0 0 0 0 0 0 0 0 0 0 0 0 0 0 0 0 0 0 0 0 0 0 0 0 0 0 0 0 0 0 0 0 0 0 0 0 0 0 0 0 0 0 0 0 0 0 0 0 0 0 0 0 0 0 0 0 0 0 0 0 0 0 0 0 0 0 0 0 0 0 0 0 0 0 0 0 0 0 0 0 0 0 0 0 0 0 0 0 0 0 0 0 0 0 0 0 0 0 0 0 0 0 0 0 0 0 0 0 0 0 0 0 0 0 0 0 0 0 0 0 0 0 0 0 0 0 0 0 0 0 0 0 0 0 0 0 0 0 0 0 0 0 0 0 0 0 0 0 0 0 0 0 0 0 0 0 0 0 0 0 0 0 0 0 0 0 0 0 0 0 0 0 0 0 0 0 0 0 0 0 0 0 0 0 0 0 0 0 0 0 0 0 0 0 0 0 0 0 0 0 0 0 0 0 0 0 0 0 0 0 0 0 0 0 0 0 0 0 0 0 0 0 0 0 0 0 0 0 0 0 0 0 0 0 0 0 0 0 0 0 0 0 0 0 0 0 0 0 0 0 0 0 0 0 0 0 0 0 0 0 0 0 0 0 0 0 0 0 0 0 0 0 0 0 0 0 0 0 0 0 0 0 0 0 0 0 0 0 0 0 0 0 0 0 0 0 0 0 0 0 0 0 0 0 0 0 0 0 0 0 0 0 0 0 0 0 0 0 0 0 0 0 0 0 0 0 0 0 0 0 0 0 0 0 0 0 0 0 0 0 0 0 0 0 0 0 0 0 0 0 0 0 0 0 0 0 0 0 0 0 0 0 0 0 0 0 0 0 0 0 0 0 0 0 0 0 0 0 0 0 0 0 0 0 0 0 0 0 0 0 0 0 0 0 0 0 0 0 0 0 0 0 0 0 0 0 0 0 0 0 0 0 0 0 0 0 0 0 0 0 0 0 0 0 0 0 0 0 0 0 0 0 0 0 0 0 0 0 0 0 0 0 0 0 0 0 0 0 0 0 0 0 0 0 0 0 0 0 0 0 0 0 0 0 0 0 0 0 0 0 0 0 0 0 0 0 0 0 0 0 0 0 0 0 0 0 0 0 0 0 0 0 0 0 0 0 0 0 0 0 0 0 0 0 0 0 0 0 0 0 0 0 0 0 0 0 0 0 0 0 0 0 0 0 0 0 0 0 0 0 0 0 0 0 0 0 0 0 0 0 0 0 0 0 0 0 0 0 0 0 0 0 0 0 0 0 0 0 0 0 0 0 0 0 0 0 0 0 0 0 0 0 0 0 0 0 0 0 0 0 0 0 0 0 0 0 0 0 0 0 0 0 0 0 0 0 0 0 0 0 0 0 0 0 0 0 0 0 0 0 0 0 0 0 0 0 0 0 0 0 0 0 0 0 0 0 0 0 0 0 0 0 0 0 0 0 0 0 0 0 0 0 0 0 0 0 0 0 0 0 0 0 0 0 0 0 0 0 0 0 0 0 0 0 0 0 0 0 0 0 0 0 0 0 0 0 0 0 0 0 0 0 0 0 0 0 0 0 0 0 0 0 0 0 0 0 0 0 0 0 0 0 0 0 0 0 0 0 0 0 0 0 0 0 0 0 0 0 0 0 0 0 0 0 0 0 0 0 0 0 0 0 0 0 0 0 0 0 0 0 0 0 0 0 0 0 0 0 0 0 0 0 0 0 0 0 0 0 0 0 0 0 0 0 0 0 0 0 0 0 0 0 0 0 0 0 0 0 0 0 0 0 0 0 0 0 0 0 0 0 0 0 0 0 0 0 0 0 0 0 0 0 0 0 0 0 0 0 0 0 0 0 0 0 0 0 0 0 0 0 0 0 0 0 0 0 0 0 0 0 0 0 0 0 0 0 0 0 0 0 0 0 0 0 0 0 0 0 0 0 0 0 0 0 0 0 0 0 0 0 0 0 0 0 0 0 0 0 0 0 0 0 0 0 0 0 0 0 0 0 0 0 0 0 0 0 0 0 0 0 0 0 0 0 0 0 0 0 0 0 0 0 0 0 0 0 0 0 0 0 0 0 0 0 0 0 0 0 0 0 0 0 0 0 0 0 0 0 0 0 0 0 0 0 0 0 0 0 0 0 0 0 0 0 0 0 0 0 0 0 0 0 0 0 0 0 0 0 0 0 0 0 0 0 0 0 0 0 0 0 0 0 0 0 0 0 0 0 0 0 0 0 0 0 0 0 0 0 0 0 0 0 0 0 0 0 0 0 0 0 0 0 0 0 0 0 0 0 0 0 0 0 0 0 0 0 0 0 0 0 0 0 0 0 0 0 0 0 0 0 0 0 0 0 0 0 0 0 0 0 0 0 0 0 0 0 0 0 0 0 0 0 0 0 0 0 0 0 0 0 0 0 0 0 0 0 0 0 0 0 0 0 0 0 0 0 0 0 0 0 0 0 0 0 0 0 0 0 0 0 0 0 0 0 0 0 0 0 0 0 0 0 0 0 0 0 0 0 0 0 0 0 0 0 0 0 0 0 0 0 0 0 0 0 0 0 0 0 0 0 0 0 0 0 0 0 0 0 0 0 0 0 0 0 0 0 0 0 0 0 0 0 0 0 0 0 0 0 0 0 0 0 0 0 0 0 0 0 0 0 0 0 0 0 0 0 0 0 0 0 0 0 0 0 0 0 0 0 0 0 0 0 0 0 0 0 0 0 0 0 0 0 0 0 0 0 0 0 0 0 0 0 0 0 0 0 0 0 0 0 0 0 0 0 0 0 0 0 0 0 0 0 0 0 0 0 0 0 0 0 0 0 0 0 0 0 0 0 0 0 0 0 0 0 0 0 0 0 0 0 0 0 0 0 0 0 0 0 0 0 0 0 0 0 0 0 0 0 0 0 0 0 0 0 0 0 0 0 0 0 0 0 0 0 0 0 0 0 0 0 0 0 0 0 0 0 0 0 0 0 0 0 0 0 0 0 0 0 0 0 0 0 0 0 0 0 0 0 0 0 0 0 0 0 0 0 0 0 0 0 0 0 0 0 0 0 0 0 0 0 0 0 0 0 0 0 0 0 0 0 0 0 0 0 0 0 0 0 0 0 0 0 0 0 0 0 0 0 0 0 0 0 0 0 0 0 0 0 0 0 0 0 0 0 0 0 0 0 0 0 0 0 0 0 0 0 0 0 0 0 0 0 0 0 0 0 0 0 0 0 0 0 0 0 0 0 0 0 0 0 0 0 0 0 0 0 0 0 0 0 0 0 0 0 0 0 0 0 0 0 0 0 0 0 0 0 0 0 0 0 0 0 0 0 0 0 0 0 0 0 0 0 0 0 0 0 0 0 0 0 0 0 0 0 0 0 0 0 0 0 0 0 0 0 0 0 0 0 0 0 0 0 0 0 0 0 0 0 0 0 0 0 0 0 0 0 0 0 0 0 0 0 0 0 0 0 0 0 0 0 0 0 0 0 0 0 0 0 0 0 0 0 0 0 0 0 0 0 0 0 0 0 0 0 0 0 0 0 0 0 0 0 0 0 0 0 0 0 0 0 0 0 0 0 0 0 0 0 0 0 0 0 0 0 0 0 0 0 0 0 0 0 0 0 0 0 0 0 0 0 0 0 0 0 0 0 0 0 0 0 0 0 0 0 0 0 0 0 0 0 0 0 0 0 0 0 0 0 0 0 0 0 0 0 0 0 0 0 0 0 0 0 0 0 0 0 0 0 0 0 0 0 0 0 0 0 0 0 0 0 0 0 0 0 0 0 0 0 0 0 0 0 0 0 0 0 0 0 0 0 0 0 0 0 0 0 0 0 0 0 0 0 0 0 0 0 0 0 0 0 0 0 0 0 0 0 0 0 0 0 0 0 0 0 0 0 0 0 0 0 0 0 0 0 0 0 0 0 0 0 0 0 0 0 0 0 0 0 0 0 0 0 0 0 0 0 0 0 0 0 0 0 0 0 0 0 0 0 0 0 0 0 0 0 0 0 0 0 0 0 0 0 0 0 0 0 0 0 0 0 0 0 0 0 0 0 0 0 0 0 0 0 0 0 0 0 0 0 0 0 0 0 0 0 0 0 0 0 0 0 0 0 0 0 0 0 0 0 0 0 0 0 0 0 0 0 0 0 0 0 0 0 0 0 0 0 0 0 0 0 0 0 0 0 0 0 0 0 0 0
ctxt 9909429
btime 1613064757
processes 186101
procs_running 2
procs_blocked 0
softirq 210634229 1 139690297 2372 1633196 0 0 881 6784018 0 62523464
