cpu  6625703 4 9088 6637321 416 0 1014 0 0 0
cpu0 183872 1 353 184240 0 0 177 0 0 0
cpu1 184009 0 333 184325 1 0 12 0 0 0
cpu2 184368 0 445 183781 79 0 19 0 0 0
cpu3 184028 0 190 184478 1 0 14 0 0 0
cpu4 183940 0 232 184540 0 0 6 0 0 0
cpu5 184013 0 140 184567 0 0 2 0 0 0
cpu6 184058 0 235 184325 72 0 22 0 0 0
cpu7 184041 0 259 184383 3 0 16 0 0 0
cpu8 184010 0 248 184442 6 0 8 0 0 0
cpu9 184070 0 245 184394 1 0 8 0 0 0
cpu10 183995 0 258 184448 5 0 12 0 0 0
cpu11 184038 0 221 184441 2 0 9 0 0 0
cpu12 183357 0 815 184395 4 0 132 0 0 0
cpu13 183976 0 297 184408 1 0 20 0 0 0
cpu14 184364 0 320 184018 8 0 6 0 0 0
cpu15 184094 0 195 184421 2 0 2 0 0 0
cpu16 184267 0 332 184092 0 0 25 0 0 0
cpu17 184065 0 139 184473 22 0 4 0 0 0
cpu18 183978 0 192 184518 13 0 9 0 0 0
cpu19 184294 0 165 184243 9 0 4 0 0 0
cpu20 184000 0 263 184391 45 0 4 0 0 0
cpu21 184149 0 95 184452 10 0 2 0 0 0
cpu22 184106 0 169 184381 50 0 2 0 0 0
cpu23 184089 0 157 184459 4 0 2 0 0 0
cpu24 184173 0 113 184425 1 0 1 0 0 0
cpu25 184039 0 202 184464 1 0 1 0 0 0
cpu26 183898 0 395 184363 13 0 44 0 0 0
cpu27 184055 0 158 184489 4 0 3 0 0 0
cpu28 184033 0 179 184488 4 0 6 0 0 0
cpu29 183533 0 426 184398 2 0 343 0 0 0
cpu30 184119 0 187 184396 3 0 2 0 0 0
cpu31 183975 0 355 184315 14 0 54 0 0 0
cpu32 184124 0 164 184424 1 0 2 0 0 0
cpu33 184479 0 160 184064 2 0 2 0 0 0
cpu34 183966 0 279 184426 8 0 21 0 0 0
cpu35 184115 0 158 184435 7 0 1 0 0 0
intr 18579149 56 0 0 0 611 0 0 0 1 0 250 0 0 0 0 0 0 0 0 0 0 0 0 0 0 0 0 0 0 0 0 93 163 59 9804 102 3011 50 3146 299 284 149 299 129 485 267 321 341 141 500 2537 551 3404 859 1775 304 0 0 0 0 68 87 351 207 354 883 166 734 83 104 382 610 0 0 16 10793 1450 0 5866 301 643 64 1273 658 38 503 641 287 445 1281 20192 8252 1064 350 732 210 711 241 388 43 505 204 111 487 1874 499 1281 48783 89 267 251 103 4313 1753 0 16 7569 1 0 0 0 0 0 0 0 0 0 0 0 0 0 0 0 0 0 0 0 0 0 0 0 0 0 0 0 0 0 0 0 0 0 0 0 0 0 25 0 0 0 0 0 0 0 0 0 0 0 0 0 0 0 0 0 0 0 0 0 0 0 0 0 0 0 0 0 0 0 0 0 0 0 0 0 0 0 0 0 0 0 0 0 0 0 0 0 0 0 0 0 0 0 0 0 0 0 0 0 0 0 0 0 0 0 0 0 0 0 0 0 0 0 0 0 0 0 0 0 0 0 0 0 0 0 0 0 0 0 0 0 0 0 0 0 0 0 0 0 0 0 0 0 0 0 0 0 0 0 0 0 0 0 0 0 0 0 0 0 0 0 0 0 0 0 0 0 0 0 0 0 0 0 0 0 0 0 0 0 0 0 0 0 0 0 0 0 0 0 0 0 0 0 0 0 0 0 0 0 0 0 0 0 0 0 0 0 0 0 0 0 0 0 0 0 0 0 0 0 0 0 0 0 0 0 0 0 0 0 0 0 0 0 0 0 0 0 0 0 0 0 0 0 0 0 0 0 0 0 0 0 0 0 0 0 0 0 0 0 0 0 0 0 0 0 0 0 0 0 0 0 0 0 0 0 0 0 0 0 0 0 0 0 0 0 0 0 0 0 0 0 0 0 0 0 0 0 0 0 0 0 0 0 0 0 0 0 0 0 0 0 0 0 0 0 0 0 0 0 0 0 0 0 0 0 0 0 0 0 0 0 0 0 0 0 0 0 0 0 0 0 0 0 0 0 0 0 0 0 0 0 0 0 0 0 0 0 0 0 0 0 0 0 0 0 0 0 0 0 0 0 0 0 0 0 0 0 0 0 0 0 0 0 0 0 0 0 0 0 0 0 0 0 0 0 0 0 0 0 0 0 0 0 0 0 0 0 0 0 0 0 0 0 0 0 0 0 0 0 0 0 0 0 0 0 0 0 0 0 0 0 0 0 0 0 0 0 0 0 0 0 0 0 0 0 0 0 0 0 0 0 0 0 0 0 0 0 0 0 0 0 0 0 0 0 0 0 0 0 0 0 0 0 0 0 0 0 0 0 0 0 0 0 0 0 0 0 0 0 0 0 0 0 0 0 0 0 0 0 0 0 0 0 0 0 0 0 0 0 0 0 0 0 0 0 0 0 0 0 0 0 0 0 0 0 0 0 0 0 0 0 0 0 0 0 0 0 0 0 0 0 0 0 0 0 0 0 0 0 0 0 0 0 0 0 0 0 0 0 0 0 0 0 0 0 0 0 0 0 0 0 0 0 0 0 0 0 0 0 0 0 0 0 0 0 0 0 0 0 0 0 0 0 0 0 0 0 0 0 0 0 0 0 0 0 0 0 0 0 0 0 0 0 0 0 0 0 0 0 0 0 0 0 0 0 0 0 0 0 0 0 0 0 0 0 0 0 0 0 0 0 0 0 0 0 0 0 0 0 0 0 0 0 0 0 0 0 0 0 0 0 0 0 0 0 0 0 0 0 0 0 0 0 0 0 0 0 0 0 0 0 0 0 0 0 0 0 0 0 0 0 0 0 0 0 0 0 0 0 0 0 0 0 0 0 0 0 0 0 0 0 0 0 0 0 0 0 0 0 0 0 0 0 0 0 0 0 0 0 0 0 0 0 0 0 0 0 0 0 0 0 0 0 0 0 0 0 0 0 0 0 0 0 0 0 0 0 0 0 0 0 0 0 0 0 0 0 0 0 0 0 0 0 0 0 0 0 0 0 0 0 0 0 0 0 0 0 0 0 0 0 0 0 0 0 0 0 0 0 0 0 0 0 0 0 0 0 0 0 0 0 0 0 0 0 0 0 0 0 0 0 0 0 0 0 0 0 0 0 0 0 0 0 0 0 0 0 0 0 0 0 0 0 0 0 0 0 0 0 0 0 0 0 0 0 0 0 0 0 0 0 0 0 0 0 0 0 0 0 0 0 0 0 0 0 0 0 0 0 0 0 0 0 0 0 0 0 0 0 0 0 0 0 0 0 0 0 0 0 0 0 0 0 0 0 0 0 0 0 0 0 0 0 0 0 0 0 0 0 0 0 0 0 0 0 0 0 0 0 0 0 0 0 0 0 0 0 0 0 0 0 0 0 0 0 0 0 0 0 0 0 0 0 0 0 0 0 0 0 0 0 0 0 0 0 0 0 0 0 0 0 0 0 0 0 0 0 0 0 0 0 0 0 0 0 0 0 0 0 0 0 0 0 0 0 0 0 0 0 0 0 0 0 0 0 0 0 0 0 0 0 0 0 0 0 0 0 0 0 0 0 0 0 0 0 0 0 0 0 0 0 0 0 0 0 0 0 0 0 0 0 0 0 0 0 0 0 0 0 0 0 0 0 0 0 0 0 0 0 0 0 0 0 0 0 0 0 0 0 0 0 0 0 0 0 0 0 0 0 0 0 0 0 0 0 0 0 0 0 0 0 0 0 0 0 0 0 0 0 0 0 0 0 0 0 0 0 0 0 0 0 0 0 0 0 0 0 0 0 0 0 0 0 0 0 0 0 0 0 0 0 0 0 0 0 0 0 0
ctxt 5328754
btime 1613124388
processes 131462
procs_running 1
procs_blocked 0
softirq 24305613 1 14085206 347 975809 0 0 102610 711162 0 8430478
