cpu  22254641 5 42367 25466993 412 0 3653 0 0 0
cpu0 172172 0 2417 198009 0 0 334 0 0 0
cpu1 174074 0 105 198971 0 0 14 0 0 0
cpu2 174070 0 144 198988 16 0 0 0 0 0
cpu3 172890 0 322 199946 3 0 20 0 0 0
cpu4 172372 0 1860 198777 0 0 165 0 0 0
cpu5 174106 0 102 199008 7 0 0 0 0 0
cpu6 174048 0 111 199056 0 0 5 0 0 0
cpu7 173864 0 95 199244 0 0 3 0 0 0
cpu8 172804 0 1418 198807 10 0 168 0 0 0
cpu9 174097 0 80 199036 0 0 0 0 0 0
cpu10 174005 0 79 199131 0 0 0 0 0 0
cpu11 173911 0 145 199139 0 0 10 0 0 0
cpu12 172924 0 1199 198944 0 0 109 0 0 0
cpu13 174099 0 78 199037 0 0 0 0 0 0
cpu14 174059 0 78 199081 0 0 2 0 0 0
cpu15 174056 0 122 199041 0 0 5 0 0 0
cpu16 173771 0 1381 197875 1 0 184 0 0 0
cpu17 174096 0 65 199050 1 0 0 0 0 0
cpu18 173796 0 98 199301 0 0 2 0 0 0
cpu19 174087 0 73 199046 0 0 0 0 0 0
cpu20 173041 0 1283 198754 0 0 118 0 0 0
cpu21 174047 0 102 198981 1 0 39 0 0 0
cpu22 173958 0 83 199167 0 0 3 0 0 0
cpu23 174082 0 79 199047 0 0 0 0 0 0
cpu24 173160 0 1125 198705 0 0 135 0 0 0
cpu25 174092 0 78 199040 0 0 0 0 0 0
cpu26 174145 0 78 198981 0 0 0 0 0 0
cpu27 173906 0 80 199211 0 0 4 0 0 0
cpu28 173056 1 1097 198927 0 0 127 0 0 0
cpu29 174094 0 80 199031 0 0 0 0 0 0
cpu30 174058 0 71 199079 1 0 0 0 0 0
cpu31 174092 0 76 199038 0 0 0 0 0 0
cpu32 173030 0 1098 198974 1 0 93 0 0 0
cpu33 174088 0 82 199038 0 0 0 0 0 0
cpu34 174117 0 71 199014 0 0 0 0 0 0
cpu35 173948 0 180 199053 0 0 23 0 0 0
cpu36 172983 0 1350 198724 4 0 136 0 0 0
cpu37 174102 0 78 199026 0 0 0 0 0 0
cpu38 174132 0 67 199009 0 0 0 0 0 0
cpu39 173923 0 83 199197 0 0 0 0 0 0
cpu40 173174 0 1214 198657 1 0 142 0 0 0
cpu41 174104 0 85 199013 0 0 0 0 0 0
cpu42 174054 0 71 199074 0 0 2 0 0 0
cpu43 174042 0 80 199075 0 0 2 0 0 0
cpu44 173291 0 970 198812 5 0 114 0 0 0
cpu45 174092 0 70 199038 0 0 1 0 0 0
cpu46 174079 0 73 199048 0 0 0 0 0 0
cpu47 174066 0 93 199038 1 0 3 0 0 0
cpu48 173244 0 979 198852 0 0 120 0 0 0
cpu49 174095 0 70 199031 1 0 2 0 0 0
cpu50 174046 0 62 199093 0 0 0 0 0 0
cpu51 174051 0 107 199039 0 0 0 0 0 0
cpu52 173364 0 1000 198728 1 0 85 0 0 0
cpu53 174120 0 64 198999 8 0 0 0 0 0
cpu54 174079 0 59 199053 1 0 0 0 0 0
cpu55 174074 0 83 199041 1 0 2 0 0 0
cpu56 173228 0 1069 198778 1 0 114 0 0 0
cpu57 174110 0 72 199021 0 0 0 0 0 0
cpu58 174008 0 94 199089 0 0 0 0 0 0
cpu59 173809 0 355 199002 0 0 33 0 0 0
cpu60 173110 0 1324 198612 1 0 124 0 0 0
cpu61 174117 0 77 199007 0 0 0 0 0 0
cpu62 173860 0 87 199237 0 0 5 0 0 0
cpu63 174032 0 131 199028 0 0 4 0 0 0
cpu64 173630 0 1172 198268 20 0 78 0 0 0
cpu65 174113 0 76 198994 5 0 0 0 0 0
cpu66 173901 0 87 199203 1 0 1 0 0 0
cpu67 173951 0 192 199039 2 0 5 0 0 0
cpu68 173555 2 880 198673 24 0 51 0 0 0
cpu69 174094 0 70 199021 0 0 0 0 0 0
cpu70 174099 0 75 199019 0 0 0 0 0 0
cpu71 174054 0 97 199041 1 0 0 0 0 0
cpu72 173853 0 898 198024 165 0 223 0 0 0
cpu73 174100 0 80 199013 1 0 0 0 0 0
cpu74 174081 0 75 199036 0 0 0 0 0 0
cpu75 174073 0 93 199017 3 0 0 0 0 0
cpu76 173727 0 611 198821 1 0 31 0 0 0
cpu77 174094 0 74 199028 0 0 0 0 0 0
cpu78 174086 0 70 199035 0 0 0 0 0 0
cpu79 173996 0 152 199030 1 0 10 0 0 0
cpu80 173643 0 730 198732 8 0 76 0 0 0
cpu81 174096 0 80 199023 0 0 0 0 0 0
cpu82 174053 0 77 199058 0 0 2 0 0 0
cpu83 174090 0 58 199038 0 0 0 0 0 0
cpu84 173331 0 848 198924 1 0 62 0 0 0
cpu85 174092 0 79 199013 0 0 0 0 0 0
cpu86 174124 0 66 198994 0 0 0 0 0 0
cpu87 174077 0 83 199027 0 0 0 0 0 0
cpu88 173521 0 708 198885 0 0 69 0 0 0
cpu89 174073 0 80 199032 0 0 0 0 0 0
cpu90 174117 0 76 198993 0 0 0 0 0 0
cpu91 174088 0 72 199022 0 0 1 0 0 0
cpu92 173441 0 782 198896 0 0 59 0 0 0
cpu93 174101 0 70 199005 1 0 0 0 0 0
cpu94 174064 0 76 199041 0 0 0 0 0 0
cpu95 174080 0 76 199021 3 0 0 0 0 0
cpu96 173524 0 715 198892 1 0 46 0 0 0
cpu97 174092 0 83 199004 0 0 0 0 0 0
cpu98 174105 0 81 198996 0 0 0 0 0 0
cpu99 173975 0 158 199028 0 0 16 0 0 0
cpu100 173470 0 762 198885 0 0 58 0 0 0
cpu101 174096 0 76 199013 0 0 0 0 0 0
cpu102 174058 0 80 199041 2 0 0 0 0 0
cpu103 174094 0 74 199006 0 0 0 0 0 0
cpu104 173780 0 743 198578 0 0 59 0 0 0
cpu105 174101 0 74 199003 0 0 0 0 0 0
cpu106 174085 0 74 199017 0 0 0 0 0 0
cpu107 174073 0 84 199017 0 0 0 0 0 0
cpu108 173858 0 523 198714 35 0 43 0 0 0
cpu109 174099 0 72 199002 0 0 0 0 0 0
cpu110 174072 0 94 198989 11 0 0 0 0 0
cpu111 174066 0 76 199032 0 0 2 0 0 0
cpu112 173572 0 685 198857 4 0 54 0 0 0
cpu113 174102 0 81 198954 1 0 0 0 0 0
cpu114 174134 0 61 198978 1 0 0 0 0 0
cpu115 174073 0 82 199010 0 0 0 0 0 0
cpu116 173739 0 696 198673 2 0 52 0 0 0
cpu117 174091 0 88 198986 0 0 0 0 0 0
cpu118 174128 0 70 198976 0 0 0 0 0 0
cpu119 173995 0 71 199102 0 0 1 0 0 0
cpu120 173728 0 636 198752 4 0 46 0 0 0
cpu121 174104 0 73 198994 0 0 0 0 0 0
cpu122 173912 0 114 199134 0 0 0 0 0 0
cpu123 173529 0 558 199003 0 0 77 0 0 0
cpu124 173678 0 836 198601 3 0 41 0 0 0
cpu125 174099 0 110 198926 0 0 0 0 0 0
cpu126 174092 0 98 198975 0 0 0 0 0 0
cpu127 174068 0 124 198976 0 0 1 0 0 0
intr 60964277 133 0 0 0 680 0 0 0 1 0 272 0 0 0 0 0 0 0 0 0 0 0 0 0 0 0 0 0 0 0 0 0 0 0 0 260 0 673 141 8 8336 3882 0 4 961 452 0 0 3296 564 1 0 926 115 3 41 39 1121 44640 7 633 1061 0 0 298 773 43 0 0 16 1 12 2545 962 3 0 92 221 15 61 675 297 0 28 1570 422 389 0 432 19 0 111 1209 43 0 15 4805 327 2 0 790 8062 40 0 1880 4831 0 0 526 8591 0 1 1414 10 2 0 2161 3830 0 0 0 54 0 0 1779 9 8 0 0 12 0 0 5 1339 0 0 1327 373 1 0 115 51 0 0 717 2 16 0 1101 16 0 0 0 56 0 0 0 0 0 0 0 0 0 0 0 0 1880 886 13589 147 377 520 45 53 22 1669 190 252 13 153 57 130 122 2 9 3142 324 120 125 172 260 3913 82 7 14 2 443 183 4 34 0 0 0 0 0 0 0 0 0 0 0 0 0 0 0 0 21 7 3 177 18 0 0 2 3 4 11 3 0 4 49 51 10 29 9 13 53 20 14 3 6 9 5 1 14 8 4 67 4 285 4 4 2 14 411 696 221 43 43 3 30 65 24 6 4 22 9 9 38 36 26 2 11 1 2 3 115 10 161 0 0 0 0 0 0 0 0 0 0 0 0 0 0 0 0 0 0 0 0 0 0 0 0 0 0 0 0 0 0 0 0 0 0 0 0 0 0 0 0 0 0 0 0 0 0 0 0 0 0 0 0 0 0 0 0 0 0 0 0 0 0 0 0 0 0 0 0 0 0 0 0 0 0 0 0 0 0 0 0 0 0 0 0 0 0 0 0 0 0 0 0 0 0 0 0 0 0 0 0 0 0 0 0 0 0 0 0 0 0 0 0 0 0 0 0 0 0 0 0 0 0 0 0 0 0 0 0 0 0 0 0 0 0 0 0 0 0 0 0 0 0 0 0 0 0 0 0 0 0 0 0 0 0 0 0 0 0 0 0 0 0 0 0 0 0 0 0 0 0 0 0 0 0 0 0 0 0 0 0 0 0 0 0 0 0 0 0 0 0 0 0 0 0 0 0 0 0 0 0 0 0 0 0 0 0 0 0 0 0 0 0 0 0 0 0 0 0 0 0 0 0 0 0 0 0 0 0 0 0 0 0 0 0 0 0 0 0 0 0 0 0 0 0 0 0 0 0 0 0 0 0 0 0 0 0 0 0 0 0 0 0 0 0 0 0 0 0 0 0 0 0 0 0 0 0 0 0 0 0 0 0 0 0 0 0 0 0 0 0 0 0 0 0 0 0 0 0 0 0 0 0 0 0 0 0 0 0 0 0 0 0 0 0 0 0 0 0 0 0 0 0 0 0 0 0 0 0 0 0 0 0 0 0 0 0 0 0 0 0 0 0 0 0 0 0 0 0 0 0 0 0 0 0 0 0 0 0 0 0 0 0 0 0 0 0 0 0 0 0 0 0 0 0 0 0 0 0 0 0 0 0 0 0 0 0 0 0 0 0 0 0 0 0 0 0 0 0 0 0 0 0 0 0 0 0 0 0 0 0 0 0 0 0 0 0 0 0 0 0 0 0 0 0 0 0 0 0 0 0 0 0 0 0 0 0 0 0 0 0 0 48 0 0 0 0 0 0 0 3 0 0 0 0 0 0 0 0 0 0 0 0 0 0 0 0 0 0 0 0 0 0 0 0 0 0 0 0 0 0 0 0 0 0 0 0 0 0 0 0 0 0 0 0 0 0 0 0 0 0 0 0 0 0 0 0 0 0 48 0 0 0 0 0 0 0 0 23 0 0 0 0 0 0 0 0 0 0 0 0 0 0 0 0 0 0 0 0 0 0 0 0 0 0 0 0 0 0 0 0 0 0 0 0 0 0 0 0 0 0 0 0 0 0 0 0 0 0 0 0 0 0 0 0 0 0 0 0 0 0 0 0 0 0 0 0 0 0 0 0 0 0 0 0 0 0 0 0 0 0 0 0 0 0 0 0 0 0 0 0 0 0 0 0 0 0 0 0 0 0 0 0 0 0 0 0 0 0 0 0 0 0 0 0 0 0 0 0 0 0 0 0 0 0 0 0 0 0 0 0 0 0 0 0 0 0 0 0 0 0 0 0 0 0 0 0 0 0 0 0 0 0 0 0 0 0 0 0 0 0 0 0 0 0 0 0 0 0 0 0 0 0 0 0 0 0 0 0 0 0 0 0 0 0 0 0 0 0 0 0 0 0 0 0 0 0 0 0 0 0 0 0 0 0 0 0 0 0 0 0 0 0 0 0 0 0 0 0 0 0 0 0 0 0 0 0 0 0 0 0 0 0 0 0 0 0 0 0 0 0 0 0 0 0 0 0 0 0 0 0 0 0 0 0 0 0 0 0 0 0 0 0 0 0 0 0 0 0 0 0 0 0 0 0 0 0 0 0 0 0 0 0 0 0 0 0 0 0 0 0 0 0 0 0 0 0 0 0 0 0 0 0 0 0 0 0 0 0 0 0 0 0 0 0 0 0 0 0 0 0 0 0 0 0 0 0 0 0 0 0 0 0 0 0 0 0 0 0 0 0 0 0 0 0 0 0 0 0 0 0 0 0 0 0 0 0 0 0 0 0 0 0 0 0 0 0 0 0 0 0 0 0 0 0 0 0 0 0 0 0 0 0 0 0 0 0 0 0 0 0 0 0 0 0 0 0 0 0 0 0 0 0 0 0 0 0 0 0 0 0 0 0 0 0 0 0 0 0 0 0 0 0 0 0 0 0 0 0 0 0 0 0 0 0 0 0 0 0 0 0 0 0 0 0 0 0 0 0 0 0 0 0 0 0 0 0 0 0 0 0 0 0 0 0 0 0 0 0 0 0 0 0 0 0 0 0 0 0 0 0 0 0 0 0 0 0 0 0 0 0 0 0 0 0 0 0 0 0 0 0 0 0 0 0 0 0 0 0 0 0 0 0 0 0 0 0 0 0 0 0 0 0 0 0 0 0 0 0 0 0 0 0 0 0 0 0 0 0 0 0 0 0 0 0 0 0 0 0 0 0 0 0 0 0 0 0 0 0 0 0 0 0 0 0 0 0 0 0 0 0 0 0 0 0 0 0 0 0 0 0 0 0 0 0 0 0 0 0 0 0 0 0 0 0 0 0 0 0 0 0 0 0 0 0 0 0 0 0 0 0 0 0 0 0 0 0 0 0 0 0 0 0 0 0 0 0 0 0 0 0 0 0 0 0 0 0 0 0 0 0 0 0 0 0 0 0 0 0 0 0 0 0 0 0 0 0 0 0 0 0 0 0 0 0 0 0 0 0 0 0 0 0 0 0 0 0 0 0 0 0 0 0 0 0 0 0 0 0 0 0 0 0 0 0 0 0 0 0 0 0 0 0 0 0 0 0 0 0 0 0 0 0 0 0 0 0 0 0 0 0 0 0 0 0 0 0 0 0 0 0 0 0 0 0 0 0 0 0 0 0 0 0 0 0 0 0 0 0 0 0 0 0 0 0 0 0 0 0 0 0 0 0 0 0 0 0 0 0 0 0 0 0 0 0 0 0 0 0 0 0 0 0 0 0 0 0 0 0 0 0 0 0 0 0 0 0 0 0 0 0 0 0 0 0 0 0 0 0 0 0 0 0 0 0 0 0 0 0 0 0 0 0 0 0 0 0 0 0 0 0 0 0 0 0 0 0 0 0 0 0 0 0 0 0 0 0 0 0 0 0 0 0 0 0 0 0 0 0 0 0 0 0 0 0 0 0 0 0 0 0 0 0 0 0 0 0 0 0 0 0 0 0 0 0 0 0 0 0 0 0 0 0 0 0 0 0 0 0 0 0 0 0 0 0 0 0 0 0 0 0 0 0 0 0 0 0 0 0 0 0 0 0 0 0 0 0 0 0 0 0 0 0 0 0 0 0 0 0 0 0 0 0 0 0 0 0 0 0 0 0 0 0 0 0 0 0 0 0 0 0 0 0 0 0 0 0 0 0 0 0 0 0 0 0 0 0 0 0 0 0 0 0 0 0 0 0 0 0 0 0 0 0 0 0 0 0 0 0 0 0 0 0 0 0 0 0 0 0 0 0 0 0 0 0 0 0 0 0 0 0 0 0 0 0 0 0 0 0 0 0 0 0 0 0 0 0 0 0 0 0 0 0 0 0 0 0 0 0 0 0 0 0 0 0 0 0 0 0 0 0 0 0 0 0 0 0 0 0 0 0 0 0 0 0 0 0 0 0 0 0 0 0 0 0 0 0 0 0 0 0 0 0 0 0 0 0 0 0 0 0 0 0 0 0 0 0 0 0 0 0 0 0 0 0 0 0 0 0 0 0 0 0 0 0 0 0 0 0 0 0 0 0 0 0 0 0 0 0 0 0 0 0 0 0 0 0 0 0 0 0 0 0 0 0 0 0 0 0 0 0 0 0 0 0 0 0 0 0 0 0 0 0 0 0 0 0 0 0 0 0 0 0 0 0 0 0 0 0 0 0 0 0 0 0 0 0 0 0 0 0 0 0 0 0 0 0 0 0 0 0 0 0 0 0 0 0 0 0 0 0 0 0 0 0 0 0 0 0 0 0 0 0 0 0 0 0 0 0 0 0 0 0 0 0 0 0 0 0 0 0 0 0 0 0 0 0 0 0 0 0 0 0 0 0 0 0 0 0 0 0 0 0 0 0 0 0 0 0 0 0 0 0 0 0 0 0 0 0 0 0 0 0 0 0 0 0 0 0 0 0 0 0 0 0 0 0 0 0 0 0 0 0 0 0 0 0 0 0 0 0 0 0 0 0 0 0 0 0 0 0 0 0 0 0 0 0 0 0 0 0 0 0 0 0 0 0 0 0 0 0 0 0 0 0 0 0 0 0 0 0 0 0 0 0 0 0 0 0 0 0 0 0 0 0 0 0 0 0 0 0 0 0 0 0 0 0 0 0 0 0 0 0 0 0 0 0 0 0 0 0 0 0 0 0 0 0 0 0 0 0 0 0 0 0 0 0 0 0 0 0 0 0 0 0 0 0 0 0 0 0 0 0 0 0 0 0 0 0 0 0 0 0 0 0 0 0 0 0 0 0 0 0 0 0 0 0 0 0 0 0 0 0 0 0 0 0 0 0 0 0 0 0 0 0 0 0 0 0 0 0 0 0 0 0 0 0 0 0 0 0 0 0 0 0 0 0 0 0 0 0 0 0 0 0 0 0 0 0 0 0 0 0 0 0 0 0 0 0 0 0 0 0 0 0 0 0 0 0 0 0 0 0 0 0 0 0 0 0 0 0 0 0 0 0 0 0 0 0 0 0 0 0 0 0 0 0 0 0 0 0 0 0 0 0 0 0 0 0 0 0 0 0 0 0 0 0 0 0 0 0 0 0 0 0 0 0 0 0 0 0 0 0 0 0 0 0 0 0 0 0 0 0 0 0 0 0 0 0 0 0 0 0 0 0 0 0 0 0 0 0 0 0 0 0 0 0 0 0 0 0 0 0 0 0 0 0 0 0 0 0 0 0 0 0 0 0 0 0 0 0 0 0 0 0 0 0 0 0 0 0 0 0 0 0 0 0 0 0 0 0 0 0 0 0 0 0 0 0 0 0 0 0 0 0 0 0 0 0 0 0 0 0 0 0 0 0 0 0 0 0 0 0 0 0 0 0 0 0 0 0 0 0 0 0 0 0 0 0 0 0 0 0 0 0 0 0 0 0 0 0 0 0 0 0 0 0 0 0 0 0 0 0 0 0 0 0 0 0 0 0 0 0 0 0 0 0 0 0 0 0 0 0 0 0 0 0 0 0 0 0 0 0 0 0 0 0 0 0 0 0 0 0 0 0 0 0 0 0 0 0 0 0 0 0 0 0 0 0 0 0 0 0 0 0 0 0 0 0 0 0 0 0 0 0 0 0 0 0 0 0 0 0 0 0 0 0 0 0 0 0 0 0 0 0 0 0 0 0 0 0 0 0 0 0 0 0 0 0 0 0 0 0 0 0 0 0 0 0 0 0 0 0 0 0 0 0 0 0 0 0 0 0 0 0 0 0 0 0 0 0 0 0 0 0 0 0 0 0 0 0 0 0 0 0 0 0 0 0 0 0 0 0 0 0 0 0 0 0 0 0 0 0 0 0 0 0 0 0 0 0 0 0 0 0 0 0 0 0 0 0 0 0 0 0 0 0 0 0 0 0 0 0 0 0 0 0 0 0 0 0 0 0 0 0 0 0 0 0 0 0 0 0 0 0 0 0 0 0 0 0 0 0 0 0 0 0 0 0 0 0 0 0 0 0 0 0 0 0 0 0 0 0 0 0 0 0 0 0 0 0 0 0 0 0 0 0 0 0 0 0 0 0 0 0 0 0 0 0 0 0 0 0 0 0 0 0 0 0 0 0 0 0 0 0 0 0 0 0 0 0 0 0 0 0 0 0 0 0 0 0 0 0 0 0 0 0 0 0 0 0 0 0 0 0 0 0 0 0 0 0 0 0 0 0 0 0 0 0 0 0 0 0 0 0 0 0 0 0 0 0 0 0 0 0 0 0 0 0 0 0 0 0 0 0 0 0 0 0 0 0 0 0 0 0 0 0 0 0 0 0 0 0 0 0 0 0 0 0 0 0 0 0 0 0 0 0 0 0 0 0 0 0 0 0 0 0 0 0 0 0 0 0 0 0 0 0 0 0 0 0 0 0 0 0 0 0 0 0 0 0 0 0 0 0 0 0 0 0 0 0 0 0 0 0 0 0 0 0 0 0 0 0 0 0 0 0 0 0 0 0 0 0 0 0 0 0 0 0 0 0 0 0 0 0 0 0 0 0 0 0 0 0 0 0 0 0 0 0 0 0 0 0 0 0 0 0 0 0 0 0 0 0 0 0 0 0 0 0 0 0 0 0 0 0 0 0 0 0 0 0 0 0 0 0 0 0 0 0 0 0 0 0 0 0 0 0 0 0 0 0 0 0 0 0 0 0 0 0 0 0 0 0 0 0 0 0 0 0 0 0 0 0 0 0 0 0 0 0 0 0 0 0 0 0 0 0 0 0 0 0 0 0 0 0 0 0 0 0 0 0 0 0 0 0 0 0 0 0 0 0 0 0 0 0 0 0 0 0 0 0 0 0 0 0 0 0 0 0 0 0 0 0 0 0 0 0 0 0 0 0 0 0 0 0 0 0 0 0 0 0 0 0 0 0 0 0 0 0 0 0 0 0 0 0 0 0 0 0 0 0 0 0 0 0 0 0 0 0 0 0 0 0 0 0 0 0 0 0 0 0 0 0 0 0 0 0 0 0 0 0 0 0 0 0 0 0 0 0 0 0 0 0 0 0 0 0 0 0 0 0 0 0 0 0 0 0 0 0 0 0 0 0 0 0 0 0 0 0 0 0 0 0 0 0 0 0 0 0 0 0 0 0 0 0 0 0 0 0 0 0 0 0 0 0 0 0 0 0 0 0 0 0 0 0 0 0 0 0 0 0 0 0 0 0 0 0 0 0 0 0 0 0 0 0 0 0 0 0 0 0 0 0 0 0 0 0 0 0 0 0 0 0 0 0 0 0 0 0 0 0 0 0 0 0 0 0 0 0 0 0 0 0 0 0 0 0 0 0 0 0 0 0 0 0 0 0 0 0 0 0 0 0 0 0 0 0 0 0 0 0 0 0 0 0 0 0 0 0 0 0 0 0 0 0 0 0 0 0 0 0 0 0 0 0 0 0 0 0 0 0 0 0 0 0 0 0 0 0 0 0 0 0 0 0 0 0 0 0 0 0 0 0 0 0 0 0 0 0 0 0 0 0 0 0 0 0 0 0 0 0 0 0 0 0 0 0 0 0 0 0 0 0 0 0 0 0 0 0 0 0 0 0 0 0 0 0 0 0 0 0 0 0 0 0 0 0 0 0 0 0 0 0 0 0 0 0 0 0 0 0 0 0 0 0 0 0 0 0 0 0 0 0 0 0 0 0 0 0 0 0 0 0 0 0 0 0 0 0 0 0 0 0 0 0 0 0 0 0 0 0 0 0 0 0 0 0 0 0 0 0 0 0 0 0 0 0 0 0 0 0 0 0 0 0 0 0 0 0 0 0 0 0 0 0 0 0 0 0 0 0 0 0 0 0 0 0 0 0 0 0 0 0 0 0 0 0 0 0 0 0 0 0 0 0 0 0 0 0 0 0 0 0 0 0 0 0 0 0 0 0 0 0 0 0 0 0 0 0 0 0 0 0 0 0 0 0 0 0 0 0 0 0 0 0 0 0 0 0 0 0 0 0 0 0 0 0 0 0 0 0 0 0 0 0 0 0 0 0 0 0 0 0 0 0 0 0 0 0 0 0 0 0 0 0 0 0 0 0 0 0 0 0 0 0 0 0 0 0 0 0 0 0 0 0 0 0 0 0 0 0 0 0 0 0 0 0 0 0 0 0 0 0 0 0 0 0 0 0 0 0 0 0 0 0 0 0 0 0 0 0 0 0 0 0 0 0 0 0 0 0 0 0 0 0 0 0 0 0 0 0 0 0 0 0 0 0 0 0 0 0 0 0 0 0 0 0 0 0 0 0 0 0 0 0 0 0 0 0 0 0 0 0 0 0 0 0 0 0 0 0 0 0 0 0 0 0 0 0 0 0 0 0 0 0 0 0 0 0 0 0 0 0 0 0 0 0 0 0 0 0 0 0 0 0 0 0 0 0 0 0 0 0 0 0 0 0 0 0 0 0 0 0 0 0 0 0 0 0 0 0 0 0 0 0 0 0 0 0 0 0 0 0 0 0 0 0 0 0 0 0 0 0 0 0 0 0 0 0 0 0 0 0 0 0 0 0 0 0 0 0 0 0 0 0 0 0 0 0 0 0 0 0 0 0 0 0 0 0 0 0 0 0 0 0 0 0 0 0 0 0 0 0 0 0 0 0 0 0 0 0 0 0 0 0 0 0 0 0 0 0 0 0 0 0 0 0 0 0 0 0 0 0 0 0 0 0 0 0 0 0 0 0 0 0 0 0 0 0 0 0 0 0 0 0 0 0 0 0 0 0 0 0 0 0 0 0 0 0 0 0 0 0 0 0 0 0 0 0 0 0 0 0 0 0 0 0 0 0 0 0 0 0 0 0 0 0 0 0 0 0 0 0 0 0 0 0 0 0 0 0 0 0 0 0 0 0 0 0 0 0 0 0 0 0 0 0 0 0 0 0 0 0 0 0 0 0 0 0 0 0 0 0 0 0 0 0 0 0 0 0 0 0 0 0 0 0 0 0 0 0 0 0 0 0 0 0 0 0 0 0 0 0 0 0 0 0 0 0 0 0 0 0 0 0 0 0 0 0 0 0 0 0 0 0 0 0 0 0 0 0 0 0 0 0 0 0 0 0 0 0 0 0 0 0 0 0 0 0 0 0 0 0 0 0 0 0 0 0 0 0 0 0 0 0 0 0 0 0 0 0 0 0 0 0 0 0 0 0 0 0 0 0 0 0 0 0 0 0 0 0 0 0 0 0 0 0 0 0 0 0 0 0 0 0 0 0 0 0 0 0 0 0 0 0 0 0 0 0 0 0 0 0 0 0 0 0 0 0 0 0 0 0 0 0 0 0 0 0 0 0 0 0 0 0 0 0 0 0 0 0 0 0 0 0 0 0 0 0 0 0 0 0 0 0 0 0 0 0 0 0 0 0 0 0 0 0 0 0 0 0 0 0 0 0 0 0 0 0 0 0 0 0 0 0 0 0 0 0 0 0 0 0 0 0 0 0 0 0 0 0 0 0 0 0 0 0 0 0 0 0 0 0 0 0 0 0 0 0 0 0 0 0 0 0 0 0 0 0 0 0 0 0 0 0 0 0 0 0 0 0 0 0 0 0 0 0 0 0 0 0 0 0 0 0 0 0 0 0 0 0 0 0 0 0 0 0 0 0 0 0 0 0 0 0 0 0 0 0 0 0 0 0 0 0 0 0 0 0 0 0 0 0 0 0 0 0 0 0 0 0 0 0 0 0 0 0 0 0 0 0 0 0 0 0 0 0 0 0 0 0 0
ctxt 3638063
btime 1613064757
processes 62936
procs_running 1
procs_blocked 0
softirq 69089243 1 42825911 1444 545941 0 0 859 2231909 0 23483178
