cpu  30207227 6 62898 2607888 148 0 6118 0 0 0
cpu0 469043 0 3612 40556 0 0 513 0 0 0
cpu1 472301 0 492 40974 11 0 31 0 0 0
cpu2 468443 0 3013 40625 0 0 1677 0 0 0
cpu3 472310 0 353 41117 0 0 50 0 0 0
cpu4 470831 0 2253 40581 0 0 153 0 0 0
cpu5 472523 0 180 41123 1 0 4 0 0 0
cpu6 470467 0 2683 40437 0 0 202 0 0 0
cpu7 471732 0 900 41112 1 0 86 0 0 0
cpu8 470782 0 2421 40451 1 0 174 0 0 0
cpu9 472290 0 364 41124 0 0 52 0 0 0
cpu10 471234 0 2389 40025 1 0 193 0 0 0
cpu11 472609 0 81 41128 4 0 5 0 0 0
cpu12 471946 0 1806 39957 0 0 128 0 0 0
cpu13 472449 0 227 41144 0 0 11 0 0 0
cpu14 471455 0 1901 40335 0 0 141 0 0 0
cpu15 472442 0 245 41131 0 0 9 0 0 0
cpu16 472718 2 1552 39433 7 0 112 0 0 0
cpu17 472282 0 358 41133 0 0 57 0 0 0
cpu18 471405 0 1808 40469 0 0 148 0 0 0
cpu19 472589 0 116 41116 0 0 2 0 0 0
cpu20 471685 0 1623 40248 80 0 127 0 0 0
cpu21 472385 0 286 41124 0 0 36 0 0 0
cpu22 471291 0 1796 40622 2 0 127 0 0 0
cpu23 472156 0 506 41117 0 0 49 0 0 0
cpu24 471487 0 1652 40535 4 0 110 0 0 0
cpu25 472636 0 67 41120 2 0 1 0 0 0
cpu26 471185 0 1828 40688 0 0 116 0 0 0
cpu27 472630 0 67 41126 0 0 1 0 0 0
cpu28 471043 0 1904 40724 0 0 142 0 0 0
cpu29 472607 0 85 41125 0 0 3 0 0 0
cpu30 471244 0 1819 40613 2 0 130 0 0 0
cpu31 472442 0 268 41102 0 0 12 0 0 0
cpu32 471283 0 1779 40617 0 0 104 0 0 0
cpu33 471981 0 675 41114 0 0 52 0 0 0
cpu34 471767 0 1451 40474 0 0 84 0 0 0
cpu35 472584 0 122 41112 0 0 3 0 0 0
cpu36 471794 0 1397 40531 0 0 96 0 0 0
cpu37 472320 0 326 41123 0 0 45 0 0 0
cpu38 471424 0 1927 40337 0 0 105 0 0 0
cpu39 472069 0 586 41118 0 0 48 0 0 0
cpu40 471710 0 1612 40407 1 0 88 0 0 0
cpu41 472562 0 130 41121 0 0 6 0 0 0
cpu42 472571 0 1478 39704 0 0 74 0 0 0
cpu43 472635 0 76 41099 0 0 1 0 0 0
cpu44 473188 1 1010 39533 0 0 76 0 0 0
cpu45 472349 0 323 41113 0 0 34 0 0 0
cpu46 472125 0 1286 40335 0 0 77 0 0 0
cpu47 472459 0 251 41093 0 0 4 0 0 0
cpu48 472544 0 1106 40107 0 0 63 0 0 0
cpu49 472358 0 304 41126 0 0 38 0 0 0
cpu50 471814 0 1233 40667 0 0 94 0 0 0
cpu51 472590 0 108 41119 0 0 2 0 0 0
cpu52 472732 0 740 40287 2 0 48 0 0 0
cpu53 472313 0 350 41115 0 0 44 0 0 0
cpu54 472401 0 718 40638 0 0 49 0 0 0
cpu55 472257 0 409 41121 0 0 25 0 0 0
cpu56 471838 0 1244 40691 0 0 46 0 0 0
cpu57 472630 0 71 41101 7 0 2 0 0 0
cpu58 472019 0 1011 40725 0 0 65 0 0 0
cpu59 472620 0 77 41115 0 0 1 0 0 0
cpu60 472239 0 881 40660 0 0 46 0 0 0
cpu61 472632 0 73 41106 2 0 1 0 0 0
cpu62 472259 0 1207 40273 0 0 61 0 0 0
cpu63 472493 0 253 41060 0 0 8 0 0 0
intr 83688079 83 0 0 0 612 0 0 0 1 0 285 0 0 0 0 0 0 0 0 0 0 0 0 0 0 0 0 0 0 0 0 0 0 0 0 0 0 0 4480 4740 109591 536 1963 751 1468 14783 2572 14238 2809 0 652 2371 2151 6819 1338 5061 1240 471 7949 7283 775 8760 1673 26 1069 242 1203 1906 1478 4793 1554 12600 762 373 1710 12063 984 10867 2129 3758 1476 2 1035 2840 891 2430 1918 5561 1358 317 678 8777 3494 11861 517 35 1496 252 3165 0 1018 3469 0 0 0 0 0 0 0 0 0 0 0 0 0 0 0 0 0 33458 94 0 0 0 0 0 0 0 0 0 0 0 0 0 0 0 0 0 0 0 0 0 0 0 0 0 0 0 0 0 0 0 0 0 0 0 0 0 0 0 0 0 0 0 0 0 0 0 0 0 0 0 0 0 0 0 0 0 0 0 0 0 0 0 0 0 0 0 0 0 0 0 0 0 0 0 20 0 0 0 0 0 0 0 0 0 0 0 0 0 0 0 0 0 0 0 0 0 0 0 0 0 0 0 0 0 0 0 0 0 0 0 0 0 0 0 0 0 0 0 0 0 0 0 0 0 0 0 0 0 0 0 0 0 0 0 0 0 0 0 0 0 0 0 0 0 0 0 0 0 0 0 0 0 0 0 0 0 0 0 0 0 0 0 0 0 0 0 0 0 0 0 0 0 0 0 0 0 0 0 0 0 0 0 0 0 0 0 0 0 0 0 0 0 0 0 0 0 0 0 0 0 0 0 0 0 0 0 0 0 0 0 0 0 0 0 0 0 0 0 0 0 0 0 0 0 0 0 0 0 0 0 0 0 0 0 0 0 0 0 0 0 0 0 0 0 0 0 0 0 0 0 0 0 0 0 0 0 0 0 0 0 0 0 0 0 0 0 0 0 0 0 0 0 0 0 0 0 0 0 0 0 0 0 0 0 0 0 0 0 0 0 0 0 0 0 0 0 0 0 0 0 0 0 0 0 0 0 0 0 0 0 0 0 0 0 0 0 0 0 0 0 0 0 0 0 0 0 0 0 0 0 0 0 0 0 0 0 0 0 0 0 0 0 0 0 0 0 0 0 0 0 0 0 0 0 0 0 0 0 0 0 0 0 0 0 0 0 0 0 0 0 0 0 0 0 0 0 0 0 0 0 0 0 0 0 0 0 0 0 0 0 0 0 0 0 0 0 0 0 0 0 0 0 0 0 0 0 0 0 0 0 0 0 0 0 0 0 0 0 0 0 0 0 0 0 0 0 0 0 0 0 0 0 0 0 0 0 0 0 0 0 0 0 0 0 0 0 0 0 0 0 0 0 0 0 0 0 0 0 0 0 0 0 0 0 0 0 0 0 0 0 0 0 0 0 0 0 0 0 0 0 0 0 0 0 0 0 0 0 0 0 0 0 0 0 0 0 0 0 0 0 0 0 0 0 0 0 0 0 0 0 0 0 0 0 0 0 0 0 0 0 0 0 0 0 0 0 0 0 0 0 0 0 0 0 0 0 0 0 0 0 0 0 0 0 0 0 0 0 0 0 0 0 0 0 0 0 0 0 0 0 0 0 0 0 0 0 0 0 0 0 0 0 0 0 0 0 0 0 0 0 0 0 0 0 0 0 0 0 0 0 0 0 0 0 0 0 0 0 0 0 0 0 0 0 0 0 0 0 0 0 0 0 0 0 0 0 0 0 0 0 0 0 0 0 0 0 0 0 0 0 0 0 0 0 0 0 0 0 0 0 0 0 0 0 0 0 0 0 0 0 0 0 0 0 0 0 0 0 0 0 0 0 0 0 0 0 0 0 0 0 0 0 0 0 0 0 0 0 0 0 0 0 0 0 0 0 0 0 0 0 0 0 0 0 0 0 0 0 0 0 0 0 0 0 0 0 0 0 0 0 0 0 0 0 0 0 0 0 0 0 0 0 0 0 0 0 0 0 0 0 0 0 0 0 0 0 0 0 0 0 0 0 0 0 0 0 0 0 0 0 0 0 0 0 0 0 0 0 0 0 0 0 0 0 0 0 0 0 0 0 0 0 0 0 0 0 0 0 0 0 0 0 0 0 0 0 0 0 0 0 0 0 0 0 0 0 0 0 0 0 0 0 0 0 0 0 0 0 0 0 0 0 0 0 0 0 0 0 0 0 0 0 0 0 0 0 0 0 0 0 0 0 0 0 0 0 0 0 0 0 0 0 0 0 0 0 0 0 0 0 0 0 0 0 0 0 0 0 0 0 0 0 0 0 0 0 0 0 0 0 0 0 0 0 0 0 0 0 0 0 0 0 0 0 0 0 0 0 0 0 0 0 0 0 0 0 0 0 0 0 0 0 0 0 0 0 0 0 0 0 0 0 0 0 0 0 0 0 0 0 0 0 0 0 0 0 0 0 0 0 0 0 0 0 0 0 0 0 0 0 0 0 0 0 0 0 0 0 0 0 0 0 0 0 0 0 0 0 0 0 0 0 0 0 0 0 0 0 0 0 0 0 0 0 0 0 0 0 0 0 0 0 0 0 0 0 0 0 0 0 0 0 0 0 0 0 0 0 0 0 0 0 0 0 0 0 0 0 0 0 0 0 0 0 0 0 0 0 0 0 0 0 0 0 0 0 0 0 0 0 0 0 0 0 0 0 0 0 0 0 0 0 0 0 0 0 0 0 0 0 0 0 0 0 0 0 0 0 0 0 0 0 0 0 0 0 0 0 0 0 0 0 0 0 0 0 0 0 0 0 0 0 0 0 0 0 0 0 0 0 0 0 0 0 0 0 0 0 0 0 0 0 0 0 0 0 0 0 0 0 0 0 0 0 0 0 0 0 0 0 0 0 0 0 0 0 0 0 0 0 0 0 0 0 0 0 0 0 0 0 0 0 0 0 0 0 0 0 0 0 0 0 0 0 0 0 0 0 0 0 0 0 0 0 0 0 0 0 0 0 0 0 0 0 0 0 0 0 0 0 0 0 0 0 0 0 0 0 0 0 0 0 0 0 0 0 0 0 0 0 0 0 0 0 0 0 0 0 0 0 0 0 0 0 0 0 0 0 0 0 0 0 0 0 0 0 0 0 0 0 0 0 0 0 0 0 0 0 0 0 0 0 0 0 0 0 0 0 0 0 0 0 0 0 0 0 0 0 0 0 0 0 0 0 0 0 0 0 0 0 0 0 0 0 0 0 0 0 0 0 0 0 0 0 0 0 0 0 0 0 0 0 0 0 0 0 0 0 0 0 0 0 0 0 0 0 0 0 0 0 0 0 0 0 0 0 0 0 0 0 0 0 0 0 0 0 0 0 0 0 0 0 0 0 0 0 0 0 0 0 0 0 0 0 0 0 0 0 0 0 0 0 0 0 0 0 0 0 0 0 0 0 0 0 0 0 0 0 0 0 0 0 0 0 0 0 0 0 0 0 0 0 0 0 0 0 0 0 0 0 0 0 0 0 0 0 0 0 0 0 0 0 0 0 0 0 0 0 0 0 0 0 0 0 0 0 0 0 0 0 0 0 0 0 0 0 0 0 0 0 0 0 0 0 0 0 0 0 0 0 0 0 0 0 0 0 0 0 0 0 0 0 0 0 0 0 0 0 0 0 0 0 0 0 0 0 0 0 0 0 0 0 0 0 0 0 0 0 0 0 0 0 0 0 0 0 0 0 0 0 0 0 0 0 0 0 0 0 0 0 0 0 0 0 0 0 0 0 0 0 0 0 0 0 0 0 0 0 0 0 0 0 0 0 0 0 0 0 0 0 0 0 0 0 0 0 0 0 0 0 0 0 0 0 0 0 0 0 0 0 0 0 0 0 0 0 0 0 0 0 0 0 0 0 0 0 0 0 0 0 0 0 0 0 0 0 0 0 0 0 0 0 0 0 0 0 0 0 0 0 0 0 0 0 0 0 0 0 0 0 0 0 0 0 0 0 0 0 0 0 0 0 0 0 0 0 0 0 0 0 0 0 0 0 0 0 0 0 0 0 0 0 0 0 0 0 0 0 0 0 0 0 0 0 0 0 0 0 0 0 0 0 0 0 0 0 0 0 0 0 0 0 0 0 0 0 0 0 0 0 0 0 0 0 0 0 0 0 0 0 0 0 0 0 0 0 0 0 0 0 0 0 0 0 0 0 0 0 0 0 0 0 0 0 0 0 0 0 0 0 0 0 0 0 0 0 0 0 0 0 0 0 0 0 0 0 0 0 0 0 0 0 0 0 0 0 0 0 0 0 0 0 0 0 0 0 0 0 0 0 0 0 0 0 0 0 0 0 0 0 0 0 0 0 0 0 0 0 0 0 0 0 0 0 0 0 0 0 0 0 0 0 0 0 0 0 0 0 0 0 0 0 0 0 0 0 0 0 0 0 0 0 0 0 0 0 0 0 0 0 0 0 0 0 0 0 0 0 0 0 0 0 0 0 0 0 0 0 0 0 0 0 0 0 0 0 0 0 0 0 0 0 0 0 0 0 0 0 0 0 0 0 0 0 0 0 0 0 0 0 0 0 0 0 0 0 0 0 0 0 0 0 0 0 0 0 0 0 0 0 0 0 0 0 0 0 0 0 0 0 0 0 0 0 0 0 0 0 0 0 0 0 0 0 0 0 0 0 0 0 0 0 0 0 0 0 0 0 0 0 0 0 0 0 0 0 0 0 0 0 0 0 0 0 0 0 0 0 0 0 0 0 0 0 0 0 0 0 0 0 0 0 0 0 0 0 0 0 0 0 0 0 0 0 0 0 0 0 0 0 0 0 0 0 0 0 0 0 0 0 0 0 0 0 0 0 0 0 0 0 0 0 0 0 0 0 0 0 0 0 0 0 0 0 0 0 0 0 0 0 0 0 0 0 0 0 0 0 0 0 0 0 0 0 0 0 0 0 0 0 0 0 0 0 0 0 0 0 0 0 0 0 0 0 0 0 0 0 0 0 0 0 0 0 0 0 0 0 0 0 0 0 0 0 0 0 0 0 0 0 0 0 0 0 0 0 0 0 0 0 0 0 0 0 0 0 0 0 0 0 0 0 0 0 0 0 0 0 0 0 0 0 0 0 0 0 0 0 0 0 0 0 0 0 0 0 0 0 0 0 0 0 0 0 0 0 0 0 0 0 0 0 0 0 0 0 0 0 0 0 0 0 0 0 0 0 0 0 0 0 0 0 0 0 0 0 0 0 0 0 0 0 0 0 0 0 0 0 0 0 0 0 0 0
ctxt 8905916
btime 1613144793
processes 187154
procs_running 1
procs_blocked 0
softirq 92528087 1 57263507 1750 1635034 0 0 156 2910041 0 30717598
