cpu  17212511 4 20321 7007833 494 0 2473 0 0 0
cpu0 477805 0 801 194455 13 0 458 0 0 0
cpu1 479546 0 918 192906 1 0 116 0 0 0
cpu2 477745 0 968 194001 2 0 682 0 0 0
cpu3 478050 0 577 194772 4 0 40 0 0 0
cpu4 478357 0 561 194446 44 0 34 0 0 0
cpu5 478182 0 522 194688 29 0 12 0 0 0
cpu6 477956 0 587 194830 16 0 34 0 0 0
cpu7 477995 0 503 194899 13 0 22 0 0 0
cpu8 478040 0 495 194812 72 0 17 0 0 0
cpu9 477791 0 610 194996 2 0 43 0 0 0
cpu10 477820 0 629 194958 4 0 30 0 0 0
cpu11 478055 0 491 194862 0 0 27 0 0 0
cpu12 476907 0 1498 194803 7 0 210 0 0 0
cpu13 478221 0 557 194622 1 0 30 0 0 0
cpu14 477977 0 472 194966 1 0 19 0 0 0
cpu15 477800 0 753 194793 5 0 86 0 0 0
cpu16 477527 0 872 194896 2 0 135 0 0 0
cpu17 477876 0 693 194831 6 0 13 0 0 0
cpu18 478436 0 452 194530 3 0 9 0 0 0
cpu19 478518 0 536 194284 48 0 26 0 0 0
cpu20 478496 0 486 194376 1 0 46 0 0 0
cpu21 478919 0 461 194007 2 0 38 0 0 0
cpu22 478692 0 382 194288 62 0 6 0 0 0
cpu23 478359 0 450 194519 70 0 9 0 0 0
cpu24 478286 0 295 194839 4 0 6 0 0 0
cpu25 478156 0 384 194880 1 0 9 0 0 0
cpu26 478042 0 388 194965 0 0 37 0 0 0
cpu27 477998 0 467 194959 1 0 6 0 0 0
cpu28 478173 0 385 194855 1 0 13 0 0 0
cpu29 478168 0 297 194954 0 0 11 0 0 0
cpu30 478198 0 281 194935 10 0 5 0 0 0
cpu31 478464 0 310 194641 1 0 16 0 0 0
cpu32 478158 2 325 194919 8 0 8 0 0 0
cpu33 478298 0 356 194736 20 0 9 0 0 0
cpu34 477729 0 732 194815 19 0 131 0 0 0
cpu35 477756 0 812 194778 2 0 65 0 0 0
intr 47663364 56 0 0 0 614 0 0 0 1 0 263 0 0 0 0 0 0 0 0 0 0 0 0 0 0 0 0 0 0 0 0 0 742 144 533 433 4717 2539 590 380 3010 1162 74 125 2108 285 466 238 563 469 160 6148 556 126 2204 3248 0 0 0 0 384 104 76 70 70 128 614 119 1019 1591 1132 338 93 0 16 13436 2648 0 12974 846 125504 627 552 838 1140 1251 795 1169 1073 1570 56245 6248 2444 2616 2112 668 1028 601 4689 2250 231 1132 226 514 1067 878 549 2436 843 584 1451 428 1623 1159 0 18 7861 1 0 0 0 0 0 0 0 0 0 0 0 0 0 0 0 0 0 0 0 0 0 0 0 0 0 0 0 0 0 0 0 0 0 0 0 0 0 21 0 0 0 0 0 0 0 0 0 0 0 0 0 0 0 0 0 0 0 0 0 0 0 0 0 0 0 0 0 0 0 0 0 0 0 0 0 0 0 0 0 0 0 0 0 0 0 0 0 0 0 0 0 0 0 0 0 0 0 0 0 0 0 0 0 0 0 0 0 0 0 0 0 0 0 0 0 0 0 0 0 0 0 0 0 0 0 0 0 0 0 0 0 0 0 0 0 0 0 0 0 0 0 0 0 0 0 0 0 0 0 0 0 0 0 0 0 0 0 0 0 0 0 0 0 0 0 0 0 0 0 0 0 0 0 0 0 0 0 0 0 0 0 0 0 0 0 0 0 0 0 0 0 0 0 0 0 0 0 0 0 0 0 0 0 0 0 0 0 0 0 0 0 0 0 0 0 0 0 0 0 0 0 0 0 0 0 0 0 0 0 0 0 0 0 0 0 0 0 0 0 0 0 0 0 0 0 0 0 0 0 0 0 0 0 0 0 0 0 0 0 0 0 0 0 0 0 0 0 0 0 0 0 0 0 0 0 0 0 0 0 0 0 0 0 0 0 0 0 0 0 0 0 0 0 0 0 0 0 0 0 0 0 0 0 0 0 0 0 0 0 0 0 0 0 0 0 0 0 0 0 0 0 0 0 0 0 0 0 0 0 0 0 0 0 0 0 0 0 0 0 0 0 0 0 0 0 0 0 0 0 0 0 0 0 0 0 0 0 0 0 0 0 0 0 0 0 0 0 0 0 0 0 0 0 0 0 0 0 0 0 0 0 0 0 0 0 0 0 0 0 0 0 0 0 0 0 0 0 0 0 0 0 0 0 0 0 0 0 0 0 0 0 0 0 0 0 0 0 0 0 0 0 0 0 0 0 0 0 0 0 0 0 0 0 0 0 0 0 0 0 0 0 0 0 0 0 0 0 0 0 0 0 0 0 0 0 0 0 0 0 0 0 0 0 0 0 0 0 0 0 0 0 0 0 0 0 0 0 0 0 0 0 0 0 0 0 0 0 0 0 0 0 0 0 0 0 0 0 0 0 0 0 0 0 0 0 0 0 0 0 0 0 0 0 0 0 0 0 0 0 0 0 0 0 0 0 0 0 0 0 0 0 0 0 0 0 0 0 0 0 0 0 0 0 0 0 0 0 0 0 0 0 0 0 0 0 0 0 0 0 0 0 0 0 0 0 0 0 0 0 0 0 0 0 0 0 0 0 0 0 0 0 0 0 0 0 0 0 0 0 0 0 0 0 0 0 0 0 0 0 0 0 0 0 0 0 0 0 0 0 0 0 0 0 0 0 0 0 0 0 0 0 0 0 0 0 0 0 0 0 0 0 0 0 0 0 0 0 0 0 0 0 0 0 0 0 0 0 0 0 0 0 0 0 0 0 0 0 0 0 0 0 0 0 0 0 0 0 0 0 0 0 0 0 0 0 0 0 0 0 0 0 0 0 0 0 0 0 0 0 0 0 0 0 0 0 0 0 0 0 0 0 0 0 0 0 0 0 0 0 0 0 0 0 0 0 0 0 0 0 0 0 0 0 0 0 0 0 0 0 0 0 0 0 0 0 0 0 0 0 0 0 0 0 0 0 0 0 0 0 0 0 0 0 0 0 0 0 0 0 0 0 0 0 0 0 0 0 0 0 0 0 0 0 0 0 0 0 0 0 0 0 0 0 0 0 0 0 0 0 0 0 0 0 0 0 0 0 0 0 0 0 0 0 0 0 0 0 0 0 0 0 0 0 0 0 0 0 0 0 0 0 0 0 0 0 0 0 0 0 0 0 0 0 0 0 0 0 0 0 0 0 0 0 0 0 0 0 0 0 0 0 0 0 0 0 0 0 0 0 0 0 0 0 0 0 0 0 0 0 0 0 0 0 0 0 0 0 0 0 0 0 0 0 0 0 0 0 0 0 0 0 0 0 0 0 0 0 0 0 0 0 0 0 0 0 0 0 0 0 0 0 0 0 0 0 0 0 0 0 0 0 0 0 0 0 0 0 0 0 0 0 0 0 0 0 0 0 0 0 0 0 0 0 0 0 0 0 0 0 0 0 0 0 0 0 0 0 0 0 0 0 0 0 0 0 0 0 0 0 0 0 0 0 0 0 0 0 0 0 0 0 0 0 0 0 0 0 0 0 0 0 0 0 0 0 0 0 0 0 0 0 0 0 0 0 0 0 0 0 0 0 0 0 0 0 0 0 0 0 0 0 0 0 0 0 0 0 0 0 0 0 0 0 0 0 0 0 0 0 0 0 0 0 0 0 0 0 0 0 0 0 0 0 0 0 0 0 0 0 0 0 0 0 0 0 0 0 0 0 0 0 0 0 0 0 0 0 0 0 0 0 0 0 0 0 0 0 0 0 0 0 0 0 0 0 0 0 0 0 0 0 0 0 0 0 0 0 0 0 0 0 0 0 0 0 0 0 0 0 0 0 0 0 0 0 0 0 0 0 0 0 0 0 0 0 0 0 0
ctxt 12839516
btime 1613124388
processes 322322
procs_running 1
procs_blocked 0
softirq 61804739 1 35607824 579 2422967 0 0 238320 1662308 0 21872740
