cpu  48898964 8 76355 4915808 180 0 6660 0 0 0
cpu0 762589 0 2726 76388 0 0 513 0 0 0
cpu1 763595 0 1493 76907 9 0 180 0 0 0
cpu2 763581 0 2065 76346 1 0 176 0 0 0
cpu3 763314 0 1505 77138 4 0 204 0 0 0
cpu4 763557 0 2174 76219 8 0 118 0 0 0
cpu5 764397 0 580 77130 4 0 58 0 0 0
cpu6 763250 0 1697 77059 1 0 152 0 0 0
cpu7 763153 0 1726 77022 2 0 267 0 0 0
cpu8 763289 0 1874 76909 0 0 86 0 0 0
cpu9 764439 0 591 77067 3 0 71 0 0 0
cpu10 763289 0 1980 76745 3 0 132 0 0 0
cpu11 763953 0 979 77095 2 0 136 0 0 0
cpu12 763216 0 2041 76809 1 0 91 0 0 0
cpu13 764633 0 482 76993 1 0 47 0 0 0
cpu14 762986 0 2029 77009 0 0 140 0 0 0
cpu15 764530 0 672 76855 2 0 94 0 0 0
cpu16 762388 0 2585 76974 0 0 214 0 0 0
cpu17 764348 0 580 76936 1 0 280 0 0 0
cpu18 762880 0 2277 76807 0 0 205 0 0 0
cpu19 764244 0 788 77019 1 0 104 0 0 0
cpu20 763491 0 1550 76898 49 0 128 0 0 0
cpu21 764444 0 604 77051 11 0 58 0 0 0
cpu22 763431 0 1638 76959 1 0 134 0 0 0
cpu23 764382 0 616 77113 8 0 49 0 0 0
cpu24 763628 0 1512 76956 1 0 56 0 0 0
cpu25 764595 0 403 77143 1 0 30 0 0 0
cpu26 763004 0 2019 76960 0 0 166 0 0 0
cpu27 764142 0 795 77121 1 0 108 0 0 0
cpu28 762921 0 2054 77077 0 0 110 0 0 0
cpu29 764700 0 303 77143 2 0 18 0 0 0
cpu30 762849 0 2017 77046 0 0 250 0 0 0
cpu31 764466 0 492 77160 1 0 38 0 0 0
cpu32 764322 0 1412 76319 1 0 76 0 0 0
cpu33 763580 0 1321 77133 1 0 125 0 0 0
cpu34 764734 2 1423 75946 0 0 48 0 0 0
cpu35 764099 0 811 77152 0 0 98 0 0 0
cpu36 767534 0 1535 73035 0 0 42 0 0 0
cpu37 764426 0 545 77142 5 0 42 0 0 0
cpu38 767240 0 1227 73628 1 0 40 0 0 0
cpu39 763380 0 1452 77106 1 0 220 0 0 0
cpu40 764961 0 1225 75889 5 0 55 0 0 0
cpu41 764650 0 443 77022 1 0 29 0 0 0
cpu42 763276 0 1864 76836 0 0 173 0 0 0
cpu43 764440 0 565 77081 0 0 71 0 0 0
cpu44 763982 0 1424 76717 0 0 32 0 0 0
cpu45 764718 0 383 77021 0 0 25 0 0 0
cpu46 763576 0 1910 76492 0 0 164 0 0 0
cpu47 764838 0 366 76919 2 0 24 0 0 0
cpu48 763502 0 1686 76856 0 0 106 0 0 0
cpu49 764688 0 523 76919 2 0 20 0 0 0
cpu50 763799 0 1191 77072 0 0 88 0 0 0
cpu51 764682 0 411 77036 2 0 26 0 0 0
cpu52 764324 0 698 77083 0 0 44 0 0 0
cpu53 764682 0 378 77065 3 0 25 0 0 0
cpu54 764134 0 949 77005 1 0 57 0 0 0
cpu55 764377 0 617 77116 0 0 42 0 0 0
cpu56 764003 0 1142 76951 0 0 48 0 0 0
cpu57 764694 0 313 77123 0 0 18 0 0 0
cpu58 764181 0 962 76964 0 0 41 0 0 0
cpu59 763780 1 1054 77127 1 0 188 0 0 0
cpu60 764062 0 1273 76736 0 0 33 0 0 0
cpu61 764746 0 254 77126 1 0 20 0 0 0
cpu62 763150 0 1681 77116 0 0 194 0 0 0
cpu63 764698 0 443 76986 7 0 10 0 0 0
intr 137383652 83 0 0 0 639 0 0 0 1 0 282 0 0 0 0 0 0 0 0 0 0 0 0 0 0 0 0 0 0 0 0 0 0 0 0 0 0 0 1563 48785 1471 20125 348 11139 1253 36696 810 19106 643 9840 775 8695 256 5137 1331 104784 184 10652 10072 5900 1563 20431 1526 2246 891 7447 1866 930 789 7248 1467 25520 171 14849 186 11010 253 29717 385 5580 579 11163 878 3266 12 5202 732 8857 765 8032 2889 6424 4077 12344 1445 2881 815 12905 775 2238 835 3950 0 0 0 0 0 0 0 0 0 0 0 0 0 0 0 0 0 33866 93 0 0 0 0 0 0 0 0 0 0 0 0 0 0 0 0 0 0 0 0 0 0 0 0 0 0 0 0 0 0 0 0 0 0 0 0 0 0 0 0 0 0 0 0 0 0 0 0 0 0 0 0 0 0 0 0 0 0 0 0 0 0 0 0 0 0 0 0 0 0 0 0 0 0 0 15 0 0 0 0 0 0 0 0 0 0 0 0 0 0 0 0 0 0 0 0 0 0 0 0 0 0 0 0 0 0 0 0 0 0 0 0 0 0 0 0 0 0 0 0 0 0 0 0 0 0 0 0 0 0 0 0 0 0 0 0 0 0 0 0 0 0 0 0 0 0 0 0 0 0 0 0 0 0 0 0 0 0 0 0 0 0 0 0 0 0 0 0 0 0 0 0 0 0 0 0 0 0 0 0 0 0 0 0 0 0 0 0 0 0 0 0 0 0 0 0 0 0 0 0 0 0 0 0 0 0 0 0 0 0 0 0 0 0 0 0 0 0 0 0 0 0 0 0 0 0 0 0 0 0 0 0 0 0 0 0 0 0 0 0 0 0 0 0 0 0 0 0 0 0 0 0 0 0 0 0 0 0 0 0 0 0 0 0 0 0 0 0 0 0 0 0 0 0 0 0 0 0 0 0 0 0 0 0 0 0 0 0 0 0 0 0 0 0 0 0 0 0 0 0 0 0 0 0 0 0 0 0 0 0 0 0 0 0 0 0 0 0 0 0 0 0 0 0 0 0 0 0 0 0 0 0 0 0 0 0 0 0 0 0 0 0 0 0 0 0 0 0 0 0 0 0 0 0 0 0 0 0 0 0 0 0 0 0 0 0 0 0 0 0 0 0 0 0 0 0 0 0 0 0 0 0 0 0 0 0 0 0 0 0 0 0 0 0 0 0 0 0 0 0 0 0 0 0 0 0 0 0 0 0 0 0 0 0 0 0 0 0 0 0 0 0 0 0 0 0 0 0 0 0 0 0 0 0 0 0 0 0 0 0 0 0 0 0 0 0 0 0 0 0 0 0 0 0 0 0 0 0 0 0 0 0 0 0 0 0 0 0 0 0 0 0 0 0 0 0 0 0 0 0 0 0 0 0 0 0 0 0 0 0 0 0 0 0 0 0 0 0 0 0 0 0 0 0 0 0 0 0 0 0 0 0 0 0 0 0 0 0 0 0 0 0 0 0 0 0 0 0 0 0 0 0 0 0 0 0 0 0 0 0 0 0 0 0 0 0 0 0 0 0 0 0 0 0 0 0 0 0 0 0 0 0 0 0 0 0 0 0 0 0 0 0 0 0 0 0 0 0 0 0 0 0 0 0 0 0 0 0 0 0 0 0 0 0 0 0 0 0 0 0 0 0 0 0 0 0 0 0 0 0 0 0 0 0 0 0 0 0 0 0 0 0 0 0 0 0 0 0 0 0 0 0 0 0 0 0 0 0 0 0 0 0 0 0 0 0 0 0 0 0 0 0 0 0 0 0 0 0 0 0 0 0 0 0 0 0 0 0 0 0 0 0 0 0 0 0 0 0 0 0 0 0 0 0 0 0 0 0 0 0 0 0 0 0 0 0 0 0 0 0 0 0 0 0 0 0 0 0 0 0 0 0 0 0 0 0 0 0 0 0 0 0 0 0 0 0 0 0 0 0 0 0 0 0 0 0 0 0 0 0 0 0 0 0 0 0 0 0 0 0 0 0 0 0 0 0 0 0 0 0 0 0 0 0 0 0 0 0 0 0 0 0 0 0 0 0 0 0 0 0 0 0 0 0 0 0 0 0 0 0 0 0 0 0 0 0 0 0 0 0 0 0 0 0 0 0 0 0 0 0 0 0 0 0 0 0 0 0 0 0 0 0 0 0 0 0 0 0 0 0 0 0 0 0 0 0 0 0 0 0 0 0 0 0 0 0 0 0 0 0 0 0 0 0 0 0 0 0 0 0 0 0 0 0 0 0 0 0 0 0 0 0 0 0 0 0 0 0 0 0 0 0 0 0 0 0 0 0 0 0 0 0 0 0 0 0 0 0 0 0 0 0 0 0 0 0 0 0 0 0 0 0 0 0 0 0 0 0 0 0 0 0 0 0 0 0 0 0 0 0 0 0 0 0 0 0 0 0 0 0 0 0 0 0 0 0 0 0 0 0 0 0 0 0 0 0 0 0 0 0 0 0 0 0 0 0 0 0 0 0 0 0 0 0 0 0 0 0 0 0 0 0 0 0 0 0 0 0 0 0 0 0 0 0 0 0 0 0 0 0 0 0 0 0 0 0 0 0 0 0 0 0 0 0 0 0 0 0 0 0 0 0 0 0 0 0 0 0 0 0 0 0 0 0 0 0 0 0 0 0 0 0 0 0 0 0 0 0 0 0 0 0 0 0 0 0 0 0 0 0 0 0 0 0 0 0 0 0 0 0 0 0 0 0 0 0 0 0 0 0 0 0 0 0 0 0 0 0 0 0 0 0 0 0 0 0 0 0 0 0 0 0 0 0 0 0 0 0 0 0 0 0 0 0 0 0 0 0 0 0 0 0 0 0 0 0 0 0 0 0 0 0 0 0 0 0 0 0 0 0 0 0 0 0 0 0 0 0 0 0 0 0 0 0 0 0 0 0 0 0 0 0 0 0 0 0 0 0 0 0 0 0 0 0 0 0 0 0 0 0 0 0 0 0 0 0 0 0 0 0 0 0 0 0 0 0 0 0 0 0 0 0 0 0 0 0 0 0 0 0 0 0 0 0 0 0 0 0 0 0 0 0 0 0 0 0 0 0 0 0 0 0 0 0 0 0 0 0 0 0 0 0 0 0 0 0 0 0 0 0 0 0 0 0 0 0 0 0 0 0 0 0 0 0 0 0 0 0 0 0 0 0 0 0 0 0 0 0 0 0 0 0 0 0 0 0 0 0 0 0 0 0 0 0 0 0 0 0 0 0 0 0 0 0 0 0 0 0 0 0 0 0 0 0 0 0 0 0 0 0 0 0 0 0 0 0 0 0 0 0 0 0 0 0 0 0 0 0 0 0 0 0 0 0 0 0 0 0 0 0 0 0 0 0 0 0 0 0 0 0 0 0 0 0 0 0 0 0 0 0 0 0 0 0 0 0 0 0 0 0 0 0 0 0 0 0 0 0 0 0 0 0 0 0 0 0 0 0 0 0 0 0 0 0 0 0 0 0 0 0 0 0 0 0 0 0 0 0 0 0 0 0 0 0 0 0 0 0 0 0 0 0 0 0 0 0 0 0 0 0 0 0 0 0 0 0 0 0 0 0 0 0 0 0 0 0 0 0 0 0 0 0 0 0 0 0 0 0 0 0 0 0 0 0 0 0 0 0 0 0 0 0 0 0 0 0 0 0 0 0 0 0 0 0 0 0 0 0 0 0 0 0 0 0 0 0 0 0 0 0 0 0 0 0 0 0 0 0 0 0 0 0 0 0 0 0 0 0 0 0 0 0 0 0 0 0 0 0 0 0 0 0 0 0 0 0 0 0 0 0 0 0 0 0 0 0 0 0 0 0 0 0 0 0 0 0 0 0 0 0 0 0 0 0 0 0 0 0 0 0 0 0 0 0 0 0 0 0 0 0 0 0 0 0 0 0 0 0 0 0 0 0 0 0 0 0 0 0 0 0 0 0 0 0 0 0 0 0 0 0 0 0 0 0 0 0 0 0 0 0 0 0 0 0 0 0 0 0 0 0 0 0 0 0 0 0 0 0 0 0 0 0 0 0 0 0 0 0 0 0 0 0 0 0 0 0 0 0 0 0 0 0 0 0 0 0 0 0 0 0 0 0 0 0 0 0 0 0 0 0 0 0 0 0 0 0 0 0 0 0 0 0 0 0 0 0 0 0 0 0 0 0 0 0 0 0 0 0 0 0 0 0 0 0 0 0 0 0 0 0 0 0 0 0 0 0 0 0 0 0 0 0 0 0 0 0 0 0 0 0 0 0 0 0 0 0 0 0 0 0 0 0 0 0 0 0 0 0 0 0 0 0 0 0 0 0 0 0 0 0 0 0 0 0 0 0 0 0 0 0 0 0 0 0 0 0 0 0 0 0 0 0 0 0 0 0 0 0 0 0 0 0 0 0 0 0 0 0 0 0 0 0 0 0 0 0 0 0 0 0 0 0 0 0 0 0 0 0 0 0 0 0 0 0 0 0 0 0 0 0 0 0 0 0 0 0 0 0 0 0 0 0 0 0 0 0 0 0 0 0 0 0 0 0 0 0 0 0 0 0 0 0 0 0 0 0 0 0 0 0 0 0 0 0 0 0 0 0 0 0 0 0 0 0 0 0 0 0 0 0 0 0 0 0 0 0 0 0 0 0 0 0 0 0 0 0 0 0 0 0 0 0 0 0 0 0 0 0 0 0 0 0 0 0 0 0 0 0 0 0 0 0 0 0 0 0 0 0 0 0 0 0 0 0 0 0 0 0 0 0 0 0 0 0 0 0 0 0 0 0 0 0 0 0 0 0 0 0 0 0 0 0 0 0 0 0 0 0 0 0 0 0 0 0 0 0 0 0 0 0 0 0 0 0 0 0 0 0 0 0 0 0 0 0 0 0 0 0 0 0 0 0 0 0 0 0 0 0 0 0 0 0 0 0 0 0 0 0 0 0 0 0 0 0 0 0 0 0 0 0 0 0 0 0 0 0 0 0 0 0 0 0 0 0 0 0 0 0 0 0 0 0 0 0 0 0 0 0 0 0 0 0 0 0 0 0 0 0 0 0 0 0 0 0 0 0 0 0 0 0 0 0 0 0 0 0 0 0 0 0 0 0 0 0 0 0 0 0 0 0 0 0 0 0 0 0 0 0 0 0 0 0 0 0 0 0 0 0 0 0 0 0 0 0 0 0 0 0 0 0 0 0 0 0 0 0 0 0 0 0 0 0 0 0 0
ctxt 17988153
btime 1613123985
processes 407472
procs_running 1
procs_blocked 0
softirq 152271208 1 87301095 2004 3363287 0 0 156 4555533 0 57049132
