cpu  11803614 4 17508 6791277 513 0 1690 0 0 0
cpu0 327799 0 439 188540 9 0 360 0 0 0
cpu1 327590 0 609 188792 1 0 80 0 0 0
cpu2 327563 0 752 188721 2 0 26 0 0 0
cpu3 327742 0 459 188819 17 0 36 0 0 0
cpu4 327698 0 444 188896 2 0 38 0 0 0
cpu5 327775 0 402 188883 2 0 16 0 0 0
cpu6 327872 0 477 188695 1 0 28 0 0 0
cpu7 327913 0 336 188805 5 0 14 0 0 0
cpu8 328108 0 420 188522 6 0 17 0 0 0
cpu9 326044 0 2075 188833 9 0 118 0 0 0
cpu10 327877 0 382 188787 4 0 11 0 0 0
cpu11 327890 0 530 188606 2 0 32 0 0 0
cpu12 327856 0 368 188809 11 0 23 0 0 0
cpu13 328037 0 344 188681 4 0 5 0 0 0
cpu14 328104 0 739 188164 4 0 54 0 0 0
cpu15 328162 0 618 188275 14 0 11 0 0 0
cpu16 328052 0 454 188547 2 0 10 0 0 0
cpu17 327842 0 418 188747 2 0 57 0 0 0
cpu18 327958 0 287 188768 51 0 10 0 0 0
cpu19 327644 0 538 188795 4 0 88 0 0 0
cpu20 327664 0 557 188785 41 0 24 0 0 0
cpu21 327916 0 302 188807 42 0 15 0 0 0
cpu22 327848 0 305 188837 58 0 20 0 0 0
cpu23 327915 0 253 188879 10 0 3 0 0 0
cpu24 328134 0 285 188645 0 0 3 0 0 0
cpu25 327931 0 232 188907 0 0 4 0 0 0
cpu26 327963 0 318 188778 0 0 10 0 0 0
cpu27 327449 0 746 188850 0 0 23 0 0 0
cpu28 327121 0 704 188787 0 0 454 0 0 0
cpu29 328034 0 328 188668 16 0 7 0 0 0
cpu30 327992 0 305 188749 2 0 12 0 0 0
cpu31 328549 0 293 188209 4 0 3 0 0 0
cpu32 328692 1 527 187816 7 0 20 0 0 0
cpu33 327981 2 421 188655 7 0 6 0 0 0
cpu34 328892 0 496 187514 122 0 30 0 0 0
cpu35 327991 0 330 188691 34 0 6 0 0 0
intr 32826089 56 0 0 0 609 0 0 0 1 0 257 0 0 0 0 0 0 0 0 0 0 0 0 0 0 0 0 0 0 0 0 92 545 46 335 175 263 160 177 1485 467 672 369 331 381 480 442 438 373 370 1673 166 2496 1413 2844 1523 0 0 0 0 19 19 175 14 577 459 297 402 661 489 10318 3526 0 0 16 10099 2 0 10612 183 2741 1269 4078 1712 6454 822 1392 1817 429 3284 983 484 676 2550 897 1600 2087 5699 5430 3778 620 580 1152 426 1445 1319 103229 1013 2390 1032 780 569 3547 180 0 17 7740 1 0 0 0 0 0 0 0 0 0 0 0 0 0 0 0 0 0 0 0 0 0 0 0 0 0 0 0 0 0 0 0 0 0 0 0 0 0 22 0 0 0 0 0 0 0 0 0 0 0 0 0 0 0 0 0 0 0 0 0 0 0 0 0 0 0 0 0 0 0 0 0 0 0 0 0 0 0 0 0 0 0 0 0 0 0 0 0 0 0 0 0 0 0 0 0 0 0 0 0 0 0 0 0 0 0 0 0 0 0 0 0 0 0 0 0 0 0 0 0 0 0 0 0 0 0 0 0 0 0 0 0 0 0 0 0 0 0 0 0 0 0 0 0 0 0 0 0 0 0 0 0 0 0 0 0 0 0 0 0 0 0 0 0 0 0 0 0 0 0 0 0 0 0 0 0 0 0 0 0 0 0 0 0 0 0 0 0 0 0 0 0 0 0 0 0 0 0 0 0 0 0 0 0 0 0 0 0 0 0 0 0 0 0 0 0 0 0 0 0 0 0 0 0 0 0 0 0 0 0 0 0 0 0 0 0 0 0 0 0 0 0 0 0 0 0 0 0 0 0 0 0 0 0 0 0 0 0 0 0 0 0 0 0 0 0 0 0 0 0 0 0 0 0 0 0 0 0 0 0 0 0 0 0 0 0 0 0 0 0 0 0 0 0 0 0 0 0 0 0 0 0 0 0 0 0 0 0 0 0 0 0 0 0 0 0 0 0 0 0 0 0 0 0 0 0 0 0 0 0 0 0 0 0 0 0 0 0 0 0 0 0 0 0 0 0 0 0 0 0 0 0 0 0 0 0 0 0 0 0 0 0 0 0 0 0 0 0 0 0 0 0 0 0 0 0 0 0 0 0 0 0 0 0 0 0 0 0 0 0 0 0 0 0 0 0 0 0 0 0 0 0 0 0 0 0 0 0 0 0 0 0 0 0 0 0 0 0 0 0 0 0 0 0 0 0 0 0 0 0 0 0 0 0 0 0 0 0 0 0 0 0 0 0 0 0 0 0 0 0 0 0 0 0 0 0 0 0 0 0 0 0 0 0 0 0 0 0 0 0 0 0 0 0 0 0 0 0 0 0 0 0 0 0 0 0 0 0 0 0 0 0 0 0 0 0 0 0 0 0 0 0 0 0 0 0 0 0 0 0 0 0 0 0 0 0 0 0 0 0 0 0 0 0 0 0 0 0 0 0 0 0 0 0 0 0 0 0 0 0 0 0 0 0 0 0 0 0 0 0 0 0 0 0 0 0 0 0 0 0 0 0 0 0 0 0 0 0 0 0 0 0 0 0 0 0 0 0 0 0 0 0 0 0 0 0 0 0 0 0 0 0 0 0 0 0 0 0 0 0 0 0 0 0 0 0 0 0 0 0 0 0 0 0 0 0 0 0 0 0 0 0 0 0 0 0 0 0 0 0 0 0 0 0 0 0 0 0 0 0 0 0 0 0 0 0 0 0 0 0 0 0 0 0 0 0 0 0 0 0 0 0 0 0 0 0 0 0 0 0 0 0 0 0 0 0 0 0 0 0 0 0 0 0 0 0 0 0 0 0 0 0 0 0 0 0 0 0 0 0 0 0 0 0 0 0 0 0 0 0 0 0 0 0 0 0 0 0 0 0 0 0 0 0 0 0 0 0 0 0 0 0 0 0 0 0 0 0 0 0 0 0 0 0 0 0 0 0 0 0 0 0 0 0 0 0 0 0 0 0 0 0 0 0 0 0 0 0 0 0 0 0 0 0 0 0 0 0 0 0 0 0 0 0 0 0 0 0 0 0 0 0 0 0 0 0 0 0 0 0 0 0 0 0 0 0 0 0 0 0 0 0 0 0 0 0 0 0 0 0 0 0 0 0 0 0 0 0 0 0 0 0 0 0 0 0 0 0 0 0 0 0 0 0 0 0 0 0 0 0 0 0 0 0 0 0 0 0 0 0 0 0 0 0 0 0 0 0 0 0 0 0 0 0 0 0 0 0 0 0 0 0 0 0 0 0 0 0 0 0 0 0 0 0 0 0 0 0 0 0 0 0 0 0 0 0 0 0 0 0 0 0 0 0 0 0 0 0 0 0 0 0 0 0 0 0 0 0 0 0 0 0 0 0 0 0 0 0 0 0 0 0 0 0 0 0 0 0 0 0 0 0 0 0 0 0 0 0 0 0 0 0 0 0 0 0 0 0 0 0 0 0 0 0 0 0 0 0 0 0 0 0 0 0 0 0 0 0 0 0 0 0 0 0 0 0 0 0 0 0 0 0 0 0 0 0 0 0 0 0 0 0 0 0 0 0 0 0 0 0 0 0 0 0 0 0 0 0 0 0 0 0 0 0 0 0 0 0 0 0 0 0 0 0 0 0 0 0 0 0 0 0 0 0 0 0 0 0 0 0 0 0 0 0 0 0 0 0 0 0 0 0 0 0 0 0 0 0 0 0 0 0 0 0 0 0 0 0 0 0 0 0 0 0 0 0 0 0 0 0 0 0 0 0 0 0 0 0 0 0 0 0 0 0 0 0 0 0 0 0 0 0 0 0 0 0 0 0 0 0 0 0 0 0 0 0 0 0 0
ctxt 9113836
btime 1613124388
processes 228923
procs_running 1
procs_blocked 0
softirq 43139080 1 25108038 461 1722061 0 0 175228 1175689 0 14957602
