cpu  20941678 4 25989 6999531 422 0 3003 0 0 0
cpu0 581497 0 887 194204 1 0 497 0 0 0
cpu1 581525 0 678 194720 1 0 138 0 0 0
cpu2 581571 0 676 194652 0 0 83 0 0 0
cpu3 581849 0 572 194494 4 0 25 0 0 0
cpu4 580670 0 1471 194517 2 0 292 0 0 0
cpu5 581469 0 806 194618 14 0 48 0 0 0
cpu6 581664 0 626 194632 2 0 25 0 0 0
cpu7 581472 0 754 194681 4 0 54 0 0 0
cpu8 582006 0 872 194050 1 0 28 0 0 0
cpu9 581422 0 982 194518 1 0 38 0 0 0
cpu10 581687 0 971 194219 4 0 69 0 0 0
cpu11 581567 0 701 194667 2 0 30 0 0 0
cpu12 581997 0 841 194078 4 0 33 0 0 0
cpu13 581794 0 771 194309 49 0 36 0 0 0
cpu14 581074 0 1110 194717 4 0 47 0 0 0
cpu15 581216 0 982 194697 5 0 66 0 0 0
cpu16 581382 0 800 194695 1 0 77 0 0 0
cpu17 581652 0 622 194616 5 0 53 0 0 0
cpu18 581879 0 392 194646 5 0 32 0 0 0
cpu19 581620 0 618 194676 1 0 40 0 0 0
cpu20 581954 0 350 194617 3 0 29 0 0 0
cpu21 581876 0 396 194670 9 0 6 0 0 0
cpu22 581643 0 531 194717 12 0 60 0 0 0
cpu23 581836 0 390 194715 2 0 6 0 0 0
cpu24 580334 0 1323 194413 13 0 856 0 0 0
cpu25 581748 0 471 194719 3 0 19 0 0 0
cpu26 581763 0 519 194648 7 0 10 0 0 0
cpu27 581930 0 794 194185 0 0 52 0 0 0
cpu28 583169 0 731 192935 81 0 11 0 0 0
cpu29 582154 0 551 194201 33 0 22 0 0 0
cpu30 582794 0 567 193499 54 0 9 0 0 0
cpu31 581944 3 802 194119 40 0 48 0 0 0
cpu32 582050 0 836 194009 6 0 48 0 0 0
cpu33 581637 0 759 194456 12 0 74 0 0 0
cpu34 581891 0 445 194578 15 0 16 0 0 0
cpu35 581926 0 380 194628 1 0 12 0 0 0
intr 57873407 56 0 0 0 610 0 0 0 1 0 275 0 0 0 0 0 0 0 0 0 0 0 0 0 0 0 0 0 0 0 0 0 94 730 235 125 252 842 609 131 479 84 260 326 213 269 1489 453 351 316 398 283 229 193 1418 3734 0 0 0 0 203 1624 565 447 110 10040 3721 4011 1769 545 724 306 167 0 16 11115 1 0 24333 2756 4039 1471 1406 802 393 4024 1487 3998 1734 1417 3771 1682 4348 2218 3862 1023 3618 4384 5766 1886 3374 1043 175655 5053 1379 3203 615 5156 835 1319 5279 2650 1323 2015 0 16 7855 1 0 0 0 0 0 0 0 0 0 0 0 0 0 0 0 0 0 0 0 0 0 0 0 0 0 0 0 0 0 0 0 0 0 0 0 0 0 24 0 0 0 0 0 0 0 0 0 0 0 0 0 0 0 0 0 0 0 0 0 0 0 0 0 0 0 0 0 0 0 0 0 0 0 0 0 0 0 0 0 0 0 0 0 0 0 0 0 0 0 0 0 0 0 0 0 0 0 0 0 0 0 0 0 0 0 0 0 0 0 0 0 0 0 0 0 0 0 0 0 0 0 0 0 0 0 0 0 0 0 0 0 0 0 0 0 0 0 0 0 0 0 0 0 0 0 0 0 0 0 0 0 0 0 0 0 0 0 0 0 0 0 0 0 0 0 0 0 0 0 0 0 0 0 0 0 0 0 0 0 0 0 0 0 0 0 0 0 0 0 0 0 0 0 0 0 0 0 0 0 0 0 0 0 0 0 0 0 0 0 0 0 0 0 0 0 0 0 0 0 0 0 0 0 0 0 0 0 0 0 0 0 0 0 0 0 0 0 0 0 0 0 0 0 0 0 0 0 0 0 0 0 0 0 0 0 0 0 0 0 0 0 0 0 0 0 0 0 0 0 0 0 0 0 0 0 0 0 0 0 0 0 0 0 0 0 0 0 0 0 0 0 0 0 0 0 0 0 0 0 0 0 0 0 0 0 0 0 0 0 0 0 0 0 0 0 0 0 0 0 0 0 0 0 0 0 0 0 0 0 0 0 0 0 0 0 0 0 0 0 0 0 0 0 0 0 0 0 0 0 0 0 0 0 0 0 0 0 0 0 0 0 0 0 0 0 0 0 0 0 0 0 0 0 0 0 0 0 0 0 0 0 0 0 0 0 0 0 0 0 0 0 0 0 0 0 0 0 0 0 0 0 0 0 0 0 0 0 0 0 0 0 0 0 0 0 0 0 0 0 0 0 0 0 0 0 0 0 0 0 0 0 0 0 0 0 0 0 0 0 0 0 0 0 0 0 0 0 0 0 0 0 0 0 0 0 0 0 0 0 0 0 0 0 0 0 0 0 0 0 0 0 0 0 0 0 0 0 0 0 0 0 0 0 0 0 0 0 0 0 0 0 0 0 0 0 0 0 0 0 0 0 0 0 0 0 0 0 0 0 0 0 0 0 0 0 0 0 0 0 0 0 0 0 0 0 0 0 0 0 0 0 0 0 0 0 0 0 0 0 0 0 0 0 0 0 0 0 0 0 0 0 0 0 0 0 0 0 0 0 0 0 0 0 0 0 0 0 0 0 0 0 0 0 0 0 0 0 0 0 0 0 0 0 0 0 0 0 0 0 0 0 0 0 0 0 0 0 0 0 0 0 0 0 0 0 0 0 0 0 0 0 0 0 0 0 0 0 0 0 0 0 0 0 0 0 0 0 0 0 0 0 0 0 0 0 0 0 0 0 0 0 0 0 0 0 0 0 0 0 0 0 0 0 0 0 0 0 0 0 0 0 0 0 0 0 0 0 0 0 0 0 0 0 0 0 0 0 0 0 0 0 0 0 0 0 0 0 0 0 0 0 0 0 0 0 0 0 0 0 0 0 0 0 0 0 0 0 0 0 0 0 0 0 0 0 0 0 0 0 0 0 0 0 0 0 0 0 0 0 0 0 0 0 0 0 0 0 0 0 0 0 0 0 0 0 0 0 0 0 0 0 0 0 0 0 0 0 0 0 0 0 0 0 0 0 0 0 0 0 0 0 0 0 0 0 0 0 0 0 0 0 0 0 0 0 0 0 0 0 0 0 0 0 0 0 0 0 0 0 0 0 0 0 0 0 0 0 0 0 0 0 0 0 0 0 0 0 0 0 0 0 0 0 0 0 0 0 0 0 0 0 0 0 0 0 0 0 0 0 0 0 0 0 0 0 0 0 0 0 0 0 0 0 0 0 0 0 0 0 0 0 0 0 0 0 0 0 0 0 0 0 0 0 0 0 0 0 0 0 0 0 0 0 0 0 0 0 0 0 0 0 0 0 0 0 0 0 0 0 0 0 0 0 0 0 0 0 0 0 0 0 0 0 0 0 0 0 0 0 0 0 0 0 0 0 0 0 0 0 0 0 0 0 0 0 0 0 0 0 0 0 0 0 0 0 0 0 0 0 0 0 0 0 0 0 0 0 0 0 0 0 0 0 0 0 0 0 0 0 0 0 0 0 0 0 0 0 0 0 0 0 0 0 0 0 0 0 0 0 0 0 0 0 0 0 0 0 0 0 0 0 0 0 0 0 0 0 0 0 0 0 0 0 0 0 0 0 0 0 0 0 0 0 0 0 0 0 0 0 0 0 0 0 0 0 0 0 0 0 0 0 0 0 0 0 0 0 0 0 0 0 0 0 0 0 0 0 0 0 0 0 0 0 0 0 0 0 0 0 0 0 0 0 0 0 0 0 0 0 0 0 0 0 0 0 0 0 0 0 0 0 0 0 0 0 0 0 0 0 0 0 0 0 0 0 0 0 0 0 0 0 0 0 0 0 0 0 0 0 0 0 0 0 0 0 0 0 0 0 0 0 0 0 0 0 0 0 0
ctxt 15359817
btime 1613124388
processes 385994
procs_running 1
procs_blocked 0
softirq 75384450 1 43372475 653 2908381 0 0 287267 1991304 0 26824369
