cpu  7716746 3 11495 6811058 457 0 1117 0 0 0
cpu0 214203 0 442 188988 1 0 260 0 0 0
cpu1 214467 0 382 189001 22 0 31 0 0 0
cpu2 214296 0 446 189118 17 0 71 0 0 0
cpu3 214409 0 287 189212 5 0 19 0 0 0
cpu4 214195 0 406 189304 3 0 15 0 0 0
cpu5 214374 0 220 189315 2 0 10 0 0 0
cpu6 214218 0 288 189378 6 0 27 0 0 0
cpu7 214268 0 326 189284 1 0 30 0 0 0
cpu8 214192 0 310 189395 1 0 22 0 0 0
cpu9 214323 0 194 189403 1 0 1 0 0 0
cpu10 214051 0 444 189407 6 0 12 0 0 0
cpu11 214289 0 226 189388 1 0 6 0 0 0
cpu12 214194 0 427 189239 38 0 4 0 0 0
cpu13 214521 0 283 189102 4 0 8 0 0 0
cpu14 214426 0 248 189153 88 0 7 0 0 0
cpu15 213606 0 700 189227 49 0 325 0 0 0
cpu16 214419 0 276 189208 2 0 2 0 0 0
cpu17 214181 0 394 189317 2 0 16 0 0 0
cpu18 214362 0 240 189266 4 0 12 0 0 0
cpu19 214635 0 255 188982 15 0 3 0 0 0
cpu20 214294 0 428 189168 5 0 20 0 0 0
cpu21 214478 0 168 189272 1 0 2 0 0 0
cpu22 214365 0 225 189294 23 0 0 0 0 0
cpu23 214247 0 252 189390 0 0 28 0 0 0
cpu24 214319 0 212 189374 7 0 2 0 0 0
cpu25 214265 0 289 189322 13 0 24 0 0 0
cpu26 214365 0 210 189332 2 0 2 0 0 0
cpu27 214711 0 277 188905 16 0 0 0 0 0
cpu28 215074 0 740 188014 2 0 87 0 0 0
cpu29 214328 0 178 189386 1 0 2 0 0 0
cpu30 214762 0 406 188641 77 0 13 0 0 0
cpu31 214474 0 310 189107 1 0 13 0 0 0
cpu32 214371 0 137 189396 1 0 3 0 0 0
cpu33 214340 1 304 189226 6 0 23 0 0 0
cpu34 214330 0 303 189254 13 0 2 0 0 0
cpu35 214379 0 249 189273 2 0 3 0 0 0
intr 21669140 56 0 0 0 610 0 0 0 1 0 250 0 0 0 0 0 0 0 0 0 0 0 0 0 0 0 0 0 0 0 0 94 372 395 749 2629 111 359 1082 55 122 62 447 64 4604 305 3545 2086 360 161 245 356 400 112 1340 31 0 0 0 0 329 533 181 840 152 44 10205 147 67 706 475 198 0 0 17 9718 2 0 10042 286 3859 415 548 2914 303 967 1176 210 2898 682 802 387 796 73182 261 3222 5209 395 298 259 457 99 61 824 284 315 3317 1215 6229 3258 696 2360 442 1257 0 16 7653 1 0 0 0 0 0 0 0 0 0 0 0 0 0 0 0 0 0 0 0 0 0 0 0 0 0 0 0 0 0 0 0 0 0 0 0 0 0 25 0 0 0 0 0 0 0 0 0 0 0 0 0 0 0 0 0 0 0 0 0 0 0 0 0 0 0 0 0 0 0 0 0 0 0 0 0 0 0 0 0 0 0 0 0 0 0 0 0 0 0 0 0 0 0 0 0 0 0 0 0 0 0 0 0 0 0 0 0 0 0 0 0 0 0 0 0 0 0 0 0 0 0 0 0 0 0 0 0 0 0 0 0 0 0 0 0 0 0 0 0 0 0 0 0 0 0 0 0 0 0 0 0 0 0 0 0 0 0 0 0 0 0 0 0 0 0 0 0 0 0 0 0 0 0 0 0 0 0 0 0 0 0 0 0 0 0 0 0 0 0 0 0 0 0 0 0 0 0 0 0 0 0 0 0 0 0 0 0 0 0 0 0 0 0 0 0 0 0 0 0 0 0 0 0 0 0 0 0 0 0 0 0 0 0 0 0 0 0 0 0 0 0 0 0 0 0 0 0 0 0 0 0 0 0 0 0 0 0 0 0 0 0 0 0 0 0 0 0 0 0 0 0 0 0 0 0 0 0 0 0 0 0 0 0 0 0 0 0 0 0 0 0 0 0 0 0 0 0 0 0 0 0 0 0 0 0 0 0 0 0 0 0 0 0 0 0 0 0 0 0 0 0 0 0 0 0 0 0 0 0 0 0 0 0 0 0 0 0 0 0 0 0 0 0 0 0 0 0 0 0 0 0 0 0 0 0 0 0 0 0 0 0 0 0 0 0 0 0 0 0 0 0 0 0 0 0 0 0 0 0 0 0 0 0 0 0 0 0 0 0 0 0 0 0 0 0 0 0 0 0 0 0 0 0 0 0 0 0 0 0 0 0 0 0 0 0 0 0 0 0 0 0 0 0 0 0 0 0 0 0 0 0 0 0 0 0 0 0 0 0 0 0 0 0 0 0 0 0 0 0 0 0 0 0 0 0 0 0 0 0 0 0 0 0 0 0 0 0 0 0 0 0 0 0 0 0 0 0 0 0 0 0 0 0 0 0 0 0 0 0 0 0 0 0 0 0 0 0 0 0 0 0 0 0 0 0 0 0 0 0 0 0 0 0 0 0 0 0 0 0 0 0 0 0 0 0 0 0 0 0 0 0 0 0 0 0 0 0 0 0 0 0 0 0 0 0 0 0 0 0 0 0 0 0 0 0 0 0 0 0 0 0 0 0 0 0 0 0 0 0 0 0 0 0 0 0 0 0 0 0 0 0 0 0 0 0 0 0 0 0 0 0 0 0 0 0 0 0 0 0 0 0 0 0 0 0 0 0 0 0 0 0 0 0 0 0 0 0 0 0 0 0 0 0 0 0 0 0 0 0 0 0 0 0 0 0 0 0 0 0 0 0 0 0 0 0 0 0 0 0 0 0 0 0 0 0 0 0 0 0 0 0 0 0 0 0 0 0 0 0 0 0 0 0 0 0 0 0 0 0 0 0 0 0 0 0 0 0 0 0 0 0 0 0 0 0 0 0 0 0 0 0 0 0 0 0 0 0 0 0 0 0 0 0 0 0 0 0 0 0 0 0 0 0 0 0 0 0 0 0 0 0 0 0 0 0 0 0 0 0 0 0 0 0 0 0 0 0 0 0 0 0 0 0 0 0 0 0 0 0 0 0 0 0 0 0 0 0 0 0 0 0 0 0 0 0 0 0 0 0 0 0 0 0 0 0 0 0 0 0 0 0 0 0 0 0 0 0 0 0 0 0 0 0 0 0 0 0 0 0 0 0 0 0 0 0 0 0 0 0 0 0 0 0 0 0 0 0 0 0 0 0 0 0 0 0 0 0 0 0 0 0 0 0 0 0 0 0 0 0 0 0 0 0 0 0 0 0 0 0 0 0 0 0 0 0 0 0 0 0 0 0 0 0 0 0 0 0 0 0 0 0 0 0 0 0 0 0 0 0 0 0 0 0 0 0 0 0 0 0 0 0 0 0 0 0 0 0 0 0 0 0 0 0 0 0 0 0 0 0 0 0 0 0 0 0 0 0 0 0 0 0 0 0 0 0 0 0 0 0 0 0 0 0 0 0 0 0 0 0 0 0 0 0 0 0 0 0 0 0 0 0 0 0 0 0 0 0 0 0 0 0 0 0 0 0 0 0 0 0 0 0 0 0 0 0 0 0 0 0 0 0 0 0 0 0 0 0 0 0 0 0 0 0 0 0 0 0 0 0 0 0 0 0 0 0 0 0 0 0 0 0 0 0 0 0 0 0 0 0 0 0 0 0 0 0 0 0 0 0 0 0 0 0 0 0 0 0 0 0 0 0 0 0 0 0 0 0 0 0 0 0 0 0 0 0 0 0 0 0 0 0 0 0 0 0 0 0 0 0 0 0 0 0 0 0 0 0 0 0 0 0 0 0 0 0 0 0 0 0 0 0 0 0 0 0 0 0 0 0 0 0 0 0 0 0 0 0 0 0 0 0 0 0 0 0 0 0 0 0 0 0 0 0 0 0 0 0 0
ctxt 6360124
btime 1613124388
processes 159508
procs_running 1
procs_blocked 0
softirq 28142890 1 16123152 519 1197864 0 0 127932 812790 0 9880632
