cpu  22480621 4 27250 7030516 423 0 3177 0 0 0
cpu0 624218 0 927 195084 1 0 518 0 0 0
cpu1 624264 0 706 195602 1 0 138 0 0 0
cpu2 624294 0 717 195534 0 0 90 0 0 0
cpu3 624588 0 600 195375 4 0 26 0 0 0
cpu4 623400 0 1511 195394 2 0 294 0 0 0
cpu5 624223 0 826 195491 14 0 48 0 0 0
cpu6 624410 0 646 195514 2 0 25 0 0 0
cpu7 624256 0 806 195492 4 0 57 0 0 0
cpu8 624766 0 882 194928 1 0 28 0 0 0
cpu9 624230 0 995 195344 1 0 39 0 0 0
cpu10 624434 0 991 195100 4 0 70 0 0 0
cpu11 624126 0 898 195533 2 0 58 0 0 0
cpu12 624716 0 884 194960 4 0 37 0 0 0
cpu13 624547 0 784 195189 49 0 36 0 0 0
cpu14 623826 0 1124 195600 4 0 47 0 0 0
cpu15 623968 0 996 195580 5 0 66 0 0 0
cpu16 624051 0 887 195573 1 0 91 0 0 0
cpu17 624383 0 659 195497 5 0 54 0 0 0
cpu18 624632 0 406 195527 5 0 33 0 0 0
cpu19 624368 0 636 195558 1 0 41 0 0 0
cpu20 624680 0 390 195500 3 0 30 0 0 0
cpu21 624630 0 407 195553 9 0 6 0 0 0
cpu22 624370 0 568 195601 12 0 60 0 0 0
cpu23 624591 0 400 195598 2 0 6 0 0 0
cpu24 622972 0 1381 195287 13 0 934 0 0 0
cpu25 624475 0 515 195594 3 0 21 0 0 0
cpu26 624529 0 528 195522 7 0 10 0 0 0
cpu27 624694 0 798 195066 0 0 53 0 0 0
cpu28 625899 0 766 193817 81 0 12 0 0 0
cpu29 624901 0 570 195083 33 0 22 0 0 0
cpu30 625510 0 616 194381 54 0 11 0 0 0
cpu31 624694 3 818 195002 40 0 48 0 0 0
cpu32 625223 0 884 194440 6 0 48 0 0 0
cpu33 624368 0 798 195331 12 0 78 0 0 0
cpu34 624715 0 499 195339 15 0 16 0 0 0
cpu35 624657 0 417 195507 1 0 13 0 0 0
intr 62132129 56 0 0 0 610 0 0 0 1 0 275 0 0 0 0 0 0 0 0 0 0 0 0 0 0 0 0 0 0 0 0 0 94 733 325 125 301 860 671 131 479 84 260 326 323 274 1492 453 393 316 398 283 229 193 1418 3734 0 0 0 0 203 1624 572 449 110 10041 3721 4011 1769 547 724 306 168 0 16 11325 1 0 25514 2762 4303 1471 1450 802 419 4533 1487 3998 1822 6686 4156 1683 4348 2218 3863 1267 3618 4384 6107 1886 3664 1043 188520 5540 1383 3220 844 5308 1125 1344 5279 2650 1323 2347 0 16 7875 1 0 0 0 0 0 0 0 0 0 0 0 0 0 0 0 0 0 0 0 0 0 0 0 0 0 0 0 0 0 0 0 0 0 0 0 0 0 24 0 0 0 0 0 0 0 0 0 0 0 0 0 0 0 0 0 0 0 0 0 0 0 0 0 0 0 0 0 0 0 0 0 0 0 0 0 0 0 0 0 0 0 0 0 0 0 0 0 0 0 0 0 0 0 0 0 0 0 0 0 0 0 0 0 0 0 0 0 0 0 0 0 0 0 0 0 0 0 0 0 0 0 0 0 0 0 0 0 0 0 0 0 0 0 0 0 0 0 0 0 0 0 0 0 0 0 0 0 0 0 0 0 0 0 0 0 0 0 0 0 0 0 0 0 0 0 0 0 0 0 0 0 0 0 0 0 0 0 0 0 0 0 0 0 0 0 0 0 0 0 0 0 0 0 0 0 0 0 0 0 0 0 0 0 0 0 0 0 0 0 0 0 0 0 0 0 0 0 0 0 0 0 0 0 0 0 0 0 0 0 0 0 0 0 0 0 0 0 0 0 0 0 0 0 0 0 0 0 0 0 0 0 0 0 0 0 0 0 0 0 0 0 0 0 0 0 0 0 0 0 0 0 0 0 0 0 0 0 0 0 0 0 0 0 0 0 0 0 0 0 0 0 0 0 0 0 0 0 0 0 0 0 0 0 0 0 0 0 0 0 0 0 0 0 0 0 0 0 0 0 0 0 0 0 0 0 0 0 0 0 0 0 0 0 0 0 0 0 0 0 0 0 0 0 0 0 0 0 0 0 0 0 0 0 0 0 0 0 0 0 0 0 0 0 0 0 0 0 0 0 0 0 0 0 0 0 0 0 0 0 0 0 0 0 0 0 0 0 0 0 0 0 0 0 0 0 0 0 0 0 0 0 0 0 0 0 0 0 0 0 0 0 0 0 0 0 0 0 0 0 0 0 0 0 0 0 0 0 0 0 0 0 0 0 0 0 0 0 0 0 0 0 0 0 0 0 0 0 0 0 0 0 0 0 0 0 0 0 0 0 0 0 0 0 0 0 0 0 0 0 0 0 0 0 0 0 0 0 0 0 0 0 0 0 0 0 0 0 0 0 0 0 0 0 0 0 0 0 0 0 0 0 0 0 0 0 0 0 0 0 0 0 0 0 0 0 0 0 0 0 0 0 0 0 0 0 0 0 0 0 0 0 0 0 0 0 0 0 0 0 0 0 0 0 0 0 0 0 0 0 0 0 0 0 0 0 0 0 0 0 0 0 0 0 0 0 0 0 0 0 0 0 0 0 0 0 0 0 0 0 0 0 0 0 0 0 0 0 0 0 0 0 0 0 0 0 0 0 0 0 0 0 0 0 0 0 0 0 0 0 0 0 0 0 0 0 0 0 0 0 0 0 0 0 0 0 0 0 0 0 0 0 0 0 0 0 0 0 0 0 0 0 0 0 0 0 0 0 0 0 0 0 0 0 0 0 0 0 0 0 0 0 0 0 0 0 0 0 0 0 0 0 0 0 0 0 0 0 0 0 0 0 0 0 0 0 0 0 0 0 0 0 0 0 0 0 0 0 0 0 0 0 0 0 0 0 0 0 0 0 0 0 0 0 0 0 0 0 0 0 0 0 0 0 0 0 0 0 0 0 0 0 0 0 0 0 0 0 0 0 0 0 0 0 0 0 0 0 0 0 0 0 0 0 0 0 0 0 0 0 0 0 0 0 0 0 0 0 0 0 0 0 0 0 0 0 0 0 0 0 0 0 0 0 0 0 0 0 0 0 0 0 0 0 0 0 0 0 0 0 0 0 0 0 0 0 0 0 0 0 0 0 0 0 0 0 0 0 0 0 0 0 0 0 0 0 0 0 0 0 0 0 0 0 0 0 0 0 0 0 0 0 0 0 0 0 0 0 0 0 0 0 0 0 0 0 0 0 0 0 0 0 0 0 0 0 0 0 0 0 0 0 0 0 0 0 0 0 0 0 0 0 0 0 0 0 0 0 0 0 0 0 0 0 0 0 0 0 0 0 0 0 0 0 0 0 0 0 0 0 0 0 0 0 0 0 0 0 0 0 0 0 0 0 0 0 0 0 0 0 0 0 0 0 0 0 0 0 0 0 0 0 0 0 0 0 0 0 0 0 0 0 0 0 0 0 0 0 0 0 0 0 0 0 0 0 0 0 0 0 0 0 0 0 0 0 0 0 0 0 0 0 0 0 0 0 0 0 0 0 0 0 0 0 0 0 0 0 0 0 0 0 0 0 0 0 0 0 0 0 0 0 0 0 0 0 0 0 0 0 0 0 0 0 0 0 0 0 0 0 0 0 0 0 0 0 0 0 0 0 0 0 0 0 0 0 0 0 0 0 0 0 0 0 0 0 0 0 0 0 0 0 0 0 0 0 0 0 0 0 0 0 0 0 0 0 0 0 0 0 0 0 0 0 0 0 0 0 0 0 0 0 0 0 0 0 0 0 0 0 0 0 0 0 0 0 0 0 0 0 0 0 0 0 0 0 0 0 0 0 0 0 0 0 0 0 0 0 0 0 0 0 0 0 0 0 0 0 0
ctxt 16535734
btime 1613124388
processes 416362
procs_running 1
procs_blocked 0
softirq 80817645 1 46448145 685 3141362 0 0 310291 2130096 0 28787065
