cpu  52179594 7 55823 28786665 520 0 4161 0 0 0
cpu0 406416 0 1692 224237 0 0 301 0 0 0
cpu1 407471 0 427 225088 2 0 40 0 0 0
cpu2 406804 0 1114 225022 0 0 59 0 0 0
cpu3 406056 0 1395 225446 7 0 76 0 0 0
cpu4 407352 0 666 224991 1 0 48 0 0 0
cpu5 407730 0 226 225025 0 0 70 0 0 0
cpu6 407292 0 775 224921 0 0 29 0 0 0
cpu7 406902 0 1076 224961 0 0 70 0 0 0
cpu8 407608 0 533 224868 0 0 42 0 0 0
cpu9 407931 0 236 224881 1 0 7 0 0 0
cpu10 407090 0 1029 224841 0 0 88 0 0 0
cpu11 407263 0 699 225021 0 0 64 0 0 0
cpu12 407076 0 712 225150 0 0 84 0 0 0
cpu13 407665 0 384 224974 0 0 26 0 0 0
cpu14 407154 0 962 224869 0 0 66 0 0 0
cpu15 407296 0 710 224974 0 0 59 0 0 0
cpu16 407816 0 286 224940 0 0 9 0 0 0
cpu17 407640 0 236 225151 0 0 14 0 0 0
cpu18 406820 0 1267 224860 0 0 107 0 0 0
cpu19 407394 0 604 224989 2 0 44 0 0 0
cpu20 407969 0 234 224848 0 0 7 0 0 0
cpu21 407878 0 182 224983 0 0 14 0 0 0
cpu22 407277 0 802 224875 0 0 91 0 0 0
cpu23 407409 2 663 224913 0 0 48 0 0 0
cpu24 407900 0 335 224796 0 0 18 0 0 0
cpu25 408262 0 250 224524 1 0 9 0 0 0
cpu26 406829 0 953 225093 0 0 134 0 0 0
cpu27 407279 0 684 224958 0 0 68 0 0 0
cpu28 408034 0 307 224622 0 0 4 0 0 0
cpu29 407857 0 282 224884 0 0 12 0 0 0
cpu30 407733 0 428 224871 0 0 18 0 0 0
cpu31 407551 0 544 224892 1 0 34 0 0 0
cpu32 407657 0 321 225031 0 0 36 0 0 0
cpu33 407721 0 198 224879 0 0 194 0 0 0
cpu34 407594 0 528 224878 0 0 53 0 0 0
cpu35 407643 0 701 224633 3 0 51 0 0 0
cpu36 407903 0 277 224848 0 0 5 0 0 0
cpu37 407885 0 172 224973 0 0 11 0 0 0
cpu38 407456 0 562 224989 0 0 37 0 0 0
cpu39 407541 0 836 224585 6 0 70 0 0 0
cpu40 408039 0 182 224806 0 0 10 0 0 0
cpu41 407960 0 192 224880 1 0 10 0 0 0
cpu42 407522 0 446 225039 0 0 32 0 0 0
cpu43 407432 0 623 224874 29 0 57 0 0 0
cpu44 406010 0 450 226497 0 0 42 0 0 0
cpu45 408456 0 341 224217 1 0 18 0 0 0
cpu46 407511 0 540 224951 3 0 30 0 0 0
cpu47 408608 0 876 223443 2 0 61 0 0 0
cpu48 407996 0 219 224814 0 0 12 0 0 0
cpu49 407900 0 228 224876 0 0 20 0 0 0
cpu50 407660 0 508 224834 1 0 40 0 0 0
cpu51 408105 0 530 224329 2 0 41 0 0 0
cpu52 407904 0 182 224953 0 0 3 0 0 0
cpu53 407768 0 236 225012 2 0 15 0 0 0
cpu54 407692 0 320 225004 0 0 17 0 0 0
cpu55 407595 0 390 225017 5 0 18 0 0 0
cpu56 407921 0 223 224879 0 0 18 0 0 0
cpu57 407805 0 190 225027 0 0 11 0 0 0
cpu58 407536 0 540 224915 3 0 46 0 0 0
cpu59 407477 0 407 225026 77 0 32 0 0 0
cpu60 407740 0 392 224863 2 0 40 0 0 0
cpu61 407866 0 172 224990 0 0 11 0 0 0
cpu62 407792 0 318 224904 0 0 21 0 0 0
cpu63 407760 0 394 224846 0 0 23 0 0 0
cpu64 407166 0 902 224840 1 0 121 0 0 0
cpu65 407577 0 256 225147 0 0 20 0 0 0
cpu66 407026 0 742 225220 3 0 29 0 0 0
cpu67 407524 0 552 224826 88 0 22 0 0 0
cpu68 407572 0 356 225070 0 0 9 0 0 0
cpu69 407618 0 281 225109 1 0 8 0 0 0
cpu70 407514 0 588 224912 0 0 19 0 0 0
cpu71 407560 0 598 224802 31 0 22 0 0 0
cpu72 407860 0 305 224857 0 0 9 0 0 0
cpu73 407717 0 189 225115 0 0 9 0 0 0
cpu74 407470 0 653 224879 0 0 38 0 0 0
cpu75 407481 0 509 224972 2 0 34 0 0 0
cpu76 407642 0 234 225130 0 0 10 0 0 0
cpu77 407710 0 295 225005 1 0 12 0 0 0
cpu78 407434 0 602 224958 0 0 27 0 0 0
cpu79 407559 0 457 224965 4 0 16 0 0 0
cpu80 407971 0 186 224872 1 0 2 0 0 0
cpu81 407899 0 149 224964 0 0 7 0 0 0
cpu82 407226 0 748 224982 0 0 50 0 0 0
cpu83 407595 0 395 224993 1 0 34 0 0 0
cpu84 408035 0 187 224797 0 0 5 0 0 0
cpu85 407768 0 166 225079 0 0 8 0 0 0
cpu86 407651 0 530 224811 1 0 30 0 0 0
cpu87 407266 1 634 225031 4 0 80 0 0 0
cpu88 407670 0 408 224921 0 0 25 0 0 0
cpu89 407890 0 135 224992 0 0 8 0 0 0
cpu90 407366 0 559 225051 0 0 38 0 0 0
cpu91 407300 0 490 225152 1 0 42 0 0 0
cpu92 407958 0 186 224869 1 0 3 0 0 0
cpu93 407820 0 156 225028 0 0 9 0 0 0
cpu94 407580 0 283 225147 0 0 9 0 0 0
cpu95 407487 0 448 225026 1 0 19 0 0 0
cpu96 407903 0 200 224894 5 0 8 0 0 0
cpu97 407886 0 150 224979 0 0 4 0 0 0
cpu98 407898 0 250 224852 0 0 15 0 0 0
cpu99 407729 2 529 224732 2 0 38 0 0 0
cpu100 408063 0 124 224836 0 0 1 0 0 0
cpu101 407807 0 167 225037 1 0 5 0 0 0
cpu102 407825 0 266 224918 0 0 11 0 0 0
cpu103 408007 0 560 224411 5 0 35 0 0 0
cpu104 407973 0 146 224893 0 0 1 0 0 0
cpu105 407869 0 150 224986 1 0 10 0 0 0
cpu106 407434 0 340 225206 0 0 14 0 0 0
cpu107 407873 0 542 224544 8 0 48 0 0 0
cpu108 407941 0 186 224874 7 0 3 0 0 0
cpu109 407872 0 161 224968 1 0 12 0 0 0
cpu110 407680 0 274 225030 0 0 19 0 0 0
cpu111 408805 0 896 223199 1 0 80 0 0 0
cpu112 408047 0 164 224802 0 0 4 0 0 0
cpu113 407804 0 160 225031 0 0 12 0 0 0
cpu114 407643 0 441 224885 11 0 34 0 0 0
cpu115 408408 0 465 224032 70 0 11 0 0 0
cpu116 407906 0 205 224896 1 0 5 0 0 0
cpu117 407871 0 171 224954 0 0 8 0 0 0
cpu118 407892 0 195 224911 0 0 3 0 0 0
cpu119 407394 0 445 225115 4 0 43 0 0 0
cpu120 408069 0 159 224785 0 0 3 0 0 0
cpu121 407888 0 147 224975 2 0 4 0 0 0
cpu122 407552 0 381 225056 0 0 17 0 0 0
cpu123 407832 0 382 224731 54 0 8 0 0 0
cpu124 407812 0 213 224974 2 0 13 0 0 0
cpu125 407955 0 226 224819 0 0 5 0 0 0
cpu126 407954 0 203 224844 1 0 3 0 0 0
cpu127 407830 0 508 224637 1 0 14 0 0 0
intr 146641213 130 0 0 0 683 0 0 0 1 0 285 0 0 0 0 0 0 0 0 0 0 0 0 0 0 0 0 0 0 0 0 0 0 0 0 260 0 976 2117 919 12590 1989 18785 2539 7479 1847 578 101 5929 135 1801 4793 8547 157 559 37 5039 1186 1029 0 6126 446 522 681 3376 1412 1313 10 4055 554 55918 148 10425 483 509 14 5076 1382 928 1098 9545 1264 700 6 8371 473 1467 5 3777 380 1449 0 2726 299 1461 745 6423 153 1132 3080 4098 885 1307 2975 8305 2223 1461 466 6894 1005 578 2 5972 598 2005 5 3998 134 445 13 5133 1102 854 52 7194 567 514 140 5537 429 1768 167 4096 511 918 20 4429 369 568 0 3431 698 664 1693 3040 1129 1149 0 6336 200 1159 0 1325 526 969 6 0 0 0 0 0 0 0 0 0 0 163 189 1 62 4 80 206 18 155 1 3 0 9 0 6 0 10 158 11 3 764 21 128 2 84 261 96 19 271 62 248 32 93 0 0 0 0 0 0 0 0 0 0 0 0 0 0 0 0 0 71 10 94 26 97 34 24 1 111 3 80 0 6 26 104 136 39 19 7 19 35 76 0 0 8 0 105 28 0 83 0 1 1 0 6 385 0 0 37 6357 5242 120 424 471 760 346 245 208 248 872 172 202 402 3008 71 122 225 580 60 9906 117 546 81 0 0 0 0 0 0 0 0 0 0 0 0 0 0 0 0 0 0 0 0 0 0 0 0 0 0 0 0 0 0 0 0 0 0 0 0 0 0 0 0 0 0 0 0 0 0 0 0 0 0 0 0 0 0 0 0 0 0 0 0 0 0 0 0 0 0 0 0 0 0 0 0 0 0 0 0 0 0 0 0 0 0 0 0 0 0 0 0 0 0 0 0 0 0 0 0 0 0 0 0 0 0 0 0 0 0 0 0 0 0 0 0 0 0 0 0 0 0 0 0 0 0 0 0 0 0 0 0 0 0 0 0 0 0 0 0 0 0 0 0 0 0 0 0 0 0 0 0 0 0 0 0 0 0 0 0 0 0 0 0 0 0 0 0 0 0 0 0 0 0 0 0 0 0 0 0 0 0 0 0 0 0 0 0 0 0 0 0 0 0 0 0 0 0 0 0 0 0 0 0 0 0 0 0 0 0 0 0 0 0 0 0 0 0 0 0 0 0 0 0 0 0 0 0 0 0 0 0 0 0 0 0 0 0 0 0 0 0 0 0 0 0 0 0 0 0 0 0 0 0 0 0 0 0 0 0 0 0 0 0 0 0 0 0 0 0 0 0 0 0 0 0 0 0 0 0 0 0 0 0 0 0 0 0 0 0 0 0 0 0 0 0 0 0 0 0 0 0 0 0 0 0 0 0 0 0 0 0 0 0 0 0 0 0 0 0 0 0 0 0 0 0 0 0 0 0 0 0 0 0 0 0 0 0 0 0 0 0 0 0 0 0 0 0 0 0 0 0 0 0 0 0 0 0 0 0 0 0 0 0 0 0 0 0 0 0 0 0 0 0 0 0 0 0 0 0 0 0 0 0 0 0 0 0 0 0 0 0 0 0 0 0 0 0 0 0 0 0 0 0 0 0 0 0 0 0 0 0 0 0 0 0 0 0 0 0 0 0 0 0 0 0 0 4 0 0 0 0 0 0 0 47 0 0 48 0 0 0 0 0 0 0 0 0 0 0 0 1 0 0 0 0 0 0 0 0 0 0 0 0 0 0 0 0 0 0 0 0 0 0 0 0 0 0 0 0 0 0 0 0 0 0 0 0 0 0 0 0 0 0 0 0 0 0 0 0 0 0 0 0 0 0 0 0 0 0 0 0 0 0 0 0 0 0 0 0 0 20 0 0 0 0 0 0 0 0 0 0 0 0 0 0 0 0 0 0 0 0 0 0 0 0 0 0 0 0 0 0 0 0 0 0 0 0 0 0 0 0 0 0 0 0 0 0 0 0 0 0 0 0 0 0 0 0 0 0 0 0 0 0 0 0 0 0 0 0 0 0 0 0 0 0 0 0 0 0 0 0 0 0 0 0 0 0 0 0 0 0 0 0 0 0 0 0 0 0 0 0 0 0 0 0 0 0 0 0 0 0 0 0 0 0 0 0 0 0 0 0 0 0 0 0 0 0 0 0 0 0 0 0 0 0 0 0 0 0 0 0 0 0 0 0 0 0 0 0 0 0 0 0 0 0 0 0 0 0 0 0 0 0 0 0 0 0 0 0 0 0 0 0 0 0 0 0 0 0 0 0 0 0 0 0 0 0 0 0 0 0 0 0 0 0 0 0 0 0 0 0 0 0 0 0 0 0 0 0 0 0 0 0 0 0 0 0 0 0 0 0 0 0 0 0 0 0 0 0 0 0 0 0 0 0 0 0 0 0 0 0 0 0 0 0 0 0 0 0 0 0 0 0 0 0 0 0 0 0 0 0 0 0 0 0 0 0 0 0 0 0 0 0 0 0 0 0 0 0 0 0 0 0 0 0 0 0 0 0 0 0 0 0 0 0 0 0 0 0 0 0 0 0 0 0 0 0 0 0 0 0 0 0 0 0 0 0 0 0 0 0 0 0 0 0 0 0 0 0 0 0 0 0 0 0 0 0 0 0 0 0 0 0 0 0 0 0 0 0 0 0 0 0 0 0 0 0 0 0 0 0 0 0 0 0 0 0 0 0 0 0 0 0 0 0 0 0 0 0 0 0 0 0 0 0 0 0 0 0 0 0 0 0 0 0 0 0 0 0 0 0 0 0 0 0 0 0 0 0 0 0 0 0 0 0 0 0 0 0 0 0 0 0 0 0 0 0 0 0 0 0 0 0 0 0 0 0 0 0 0 0 0 0 0 0 0 0 0 0 0 0 0 0 0 0 0 0 0 0 0 0 0 0 0 0 0 0 0 0 0 0 0 0 0 0 0 0 0 0 0 0 0 0 0 0 0 0 0 0 0 0 0 0 0 0 0 0 0 0 0 0 0 0 0 0 0 0 0 0 0 0 0 0 0 0 0 0 0 0 0 0 0 0 0 0 0 0 0 0 0 0 0 0 0 0 0 0 0 0 0 0 0 0 0 0 0 0 0 0 0 0 0 0 0 0 0 0 0 0 0 0 0 0 0 0 0 0 0 0 0 0 0 0 0 0 0 0 0 0 0 0 0 0 0 0 0 0 0 0 0 0 0 0 0 0 0 0 0 0 0 0 0 0 0 0 0 0 0 0 0 0 0 0 0 0 0 0 0 0 0 0 0 0 0 0 0 0 0 0 0 0 0 0 0 0 0 0 0 0 0 0 0 0 0 0 0 0 0 0 0 0 0 0 0 0 0 0 0 0 0 0 0 0 0 0 0 0 0 0 0 0 0 0 0 0 0 0 0 0 0 0 0 0 0 0 0 0 0 0 0 0 0 0 0 0 0 0 0 0 0 0 0 0 0 0 0 0 0 0 0 0 0 0 0 0 0 0 0 0 0 0 0 0 0 0 0 0 0 0 0 0 0 0 0 0 0 0 0 0 0 0 0 0 0 0 0 0 0 0 0 0 0 0 0 0 0 0 0 0 0 0 0 0 0 0 0 0 0 0 0 0 0 0 0 0 0 0 0 0 0 0 0 0 0 0 0 0 0 0 0 0 0 0 0 0 0 0 0 0 0 0 0 0 0 0 0 0 0 0 0 0 0 0 0 0 0 0 0 0 0 0 0 0 0 0 0 0 0 0 0 0 0 0 0 0 0 0 0 0 0 0 0 0 0 0 0 0 0 0 0 0 0 0 0 0 0 0 0 0 0 0 0 0 0 0 0 0 0 0 0 0 0 0 0 0 0 0 0 0 0 0 0 0 0 0 0 0 0 0 0 0 0 0 0 0 0 0 0 0 0 0 0 0 0 0 0 0 0 0 0 0 0 0 0 0 0 0 0 0 0 0 0 0 0 0 0 0 0 0 0 0 0 0 0 0 0 0 0 0 0 0 0 0 0 0 0 0 0 0 0 0 0 0 0 0 0 0 0 0 0 0 0 0 0 0 0 0 0 0 0 0 0 0 0 0 0 0 0 0 0 0 0 0 0 0 0 0 0 0 0 0 0 0 0 0 0 0 0 0 0 0 0 0 0 0 0 0 0 0 0 0 0 0 0 0 0 0 0 0 0 0 0 0 0 0 0 0 0 0 0 0 0 0 0 0 0 0 0 0 0 0 0 0 0 0 0 0 0 0 0 0 0 0 0 0 0 0 0 0 0 0 0 0 0 0 0 0 0 0 0 0 0 0 0 0 0 0 0 0 0 0 0 0 0 0 0 0 0 0 0 0 0 0 0 0 0 0 0 0 0 0 0 0 0 0 0 0 0 0 0 0 0 0 0 0 0 0 0 0 0 0 0 0 0 0 0 0 0 0 0 0 0 0 0 0 0 0 0 0 0 0 0 0 0 0 0 0 0 0 0 0 0 0 0 0 0 0 0 0 0 0 0 0 0 0 0 0 0 0 0 0 0 0 0 0 0 0 0 0 0 0 0 0 0 0 0 0 0 0 0 0 0 0 0 0 0 0 0 0 0 0 0 0 0 0 0 0 0 0 0 0 0 0 0 0 0 0 0 0 0 0 0 0 0 0 0 0 0 0 0 0 0 0 0 0 0 0 0 0 0 0 0 0 0 0 0 0 0 0 0 0 0 0 0 0 0 0 0 0 0 0 0 0 0 0 0 0 0 0 0 0 0 0 0 0 0 0 0 0 0 0 0 0 0 0 0 0 0 0 0 0 0 0 0 0 0 0 0 0 0 0 0 0 0 0 0 0 0 0 0 0 0 0 0 0 0 0 0 0 0 0 0 0 0 0 0 0 0 0 0 0 0 0 0 0 0 0 0 0 0 0 0 0 0 0 0 0 0 0 0 0 0 0 0 0 0 0 0 0 0 0 0 0 0 0 0 0 0 0 0 0 0 0 0 0 0 0 0 0 0 0 0 0 0 0 0 0 0 0 0 0 0 0 0 0 0 0 0 0 0 0 0 0 0 0 0 0 0 0 0 0 0 0 0 0 0 0 0 0 0 0 0 0 0 0 0 0 0 0 0 0 0 0 0 0 0 0 0 0 0 0 0 0 0 0 0 0 0 0 0 0 0 0 0 0 0 0 0 0 0 0 0 0 0 0 0 0 0 0 0 0 0 0 0 0 0 0 0 0 0 0 0 0 0 0 0 0 0 0 0 0 0 0 0 0 0 0 0 0 0 0 0 0 0 0 0 0 0 0 0 0 0 0 0 0 0 0 0 0 0 0 0 0 0 0 0 0 0 0 0 0 0 0 0 0 0 0 0 0 0 0 0 0 0 0 0 0 0 0 0 0 0 0 0 0 0 0 0 0 0 0 0 0 0 0 0 0 0 0 0 0 0 0 0 0 0 0 0 0 0 0 0 0 0 0 0 0 0 0 0 0 0 0 0 0 0 0 0 0 0 0 0 0 0 0 0 0 0 0 0 0 0 0 0 0 0 0 0 0 0 0 0 0 0 0 0 0 0 0 0 0 0 0 0 0 0 0 0 0 0 0 0 0 0 0 0 0 0 0 0 0 0 0 0 0 0 0 0 0 0 0 0 0 0 0 0 0 0 0 0 0 0 0 0 0 0 0 0 0 0 0 0 0 0 0 0 0 0 0 0 0 0 0 0 0 0 0 0 0 0 0 0 0 0 0 0 0 0 0 0 0 0 0 0 0 0 0 0 0 0 0 0 0 0 0 0 0 0 0 0 0 0 0 0 0 0 0 0 0 0 0 0 0 0 0 0 0 0 0 0 0 0 0 0 0 0 0 0 0 0 0 0 0 0 0 0 0 0 0 0 0 0 0 0 0 0 0 0 0 0 0 0 0 0 0 0 0 0 0 0 0 0 0 0 0 0 0 0 0 0 0 0 0 0 0 0 0 0 0 0 0 0 0 0 0 0 0 0 0 0 0 0 0 0 0 0 0 0 0 0 0 0 0 0 0 0 0 0 0 0 0 0 0 0 0 0 0 0 0 0 0 0 0 0 0 0 0 0 0 0 0 0 0 0 0 0 0 0 0 0 0 0 0 0 0 0 0 0 0 0 0 0 0 0 0 0 0 0 0 0 0 0 0 0 0 0 0 0 0 0 0 0 0 0 0 0 0 0 0 0 0 0 0 0 0 0 0 0 0 0 0 0 0 0 0 0 0 0 0 0 0 0 0 0 0 0 0 0 0 0 0 0 0 0 0 0 0 0 0 0 0 0 0 0 0 0 0 0 0 0 0 0 0 0 0 0 0 0 0 0 0 0 0 0 0 0 0 0 0 0 0 0 0 0 0 0 0 0 0 0 0 0 0 0 0 0 0 0 0 0 0 0 0 0 0 0 0 0 0 0 0 0 0 0 0 0 0 0 0 0 0 0 0 0 0 0 0 0 0 0 0 0 0 0 0 0 0 0 0 0 0 0 0 0 0 0 0 0 0 0 0 0 0 0 0 0 0 0 0 0 0 0 0 0 0 0 0 0 0 0 0 0 0 0 0 0 0 0 0 0 0 0 0 0 0 0 0 0 0 0 0 0 0 0 0 0 0 0 0 0 0 0 0 0 0 0 0 0 0 0 0 0 0 0 0 0 0 0 0 0 0 0 0 0 0 0 0 0 0 0 0 0 0 0 0 0 0 0 0 0 0 0 0 0 0 0 0 0 0 0 0 0 0 0 0 0 0 0 0 0 0 0 0 0 0 0 0 0 0 0 0 0 0 0 0 0 0 0 0 0 0 0 0 0 0 0 0 0 0 0 0 0 0 0 0 0 0 0 0 0 0 0 0 0 0 0 0 0 0 0 0 0 0 0 0 0 0 0 0 0 0 0 0 0 0 0 0 0 0 0 0 0 0 0 0 0 0 0 0 0 0 0 0 0 0 0 0 0 0 0 0 0 0 0 0 0 0 0 0 0 0 0 0 0 0 0 0 0 0 0 0 0 0 0 0 0 0 0 0 0 0 0 0 0 0 0 0 0 0 0 0 0 0 0 0 0 0 0 0 0 0 0 0 0 0 0 0 0 0 0 0 0 0 0 0 0 0 0 0 0 0 0 0 0 0 0 0 0 0 0 0 0 0 0 0 0 0 0 0 0 0 0 0 0 0 0 0 0 0 0 0 0 0 0 0 0 0 0 0 0 0 0 0 0 0 0 0 0 0 0 0 0 0 0 0 0 0 0 0 0 0 0 0 0 0 0 0 0 0 0 0 0 0 0 0 0 0 0 0 0 0 0 0 0 0 0 0 0 0 0 0 0 0 0 0 0 0 0 0 0 0 0 0 0 0 0 0 0 0 0 0 0 0 0 0 0 0 0 0 0 0 0 0 0 0 0 0 0 0 0 0 0 0 0 0 0 0 0 0 0 0 0 0 0 0 0 0 0 0 0 0 0 0 0 0 0 0 0 0 0 0 0 0 0 0 0 0 0 0 0 0 0 0 0 0 0 0 0 0 0 0 0 0 0 0 0 0 0 0 0 0 0 0 0 0 0 0 0 0 0 0 0 0 0 0 0 0 0 0 0 0 0 0 0 0 0 0 0 0 0 0 0 0 0 0 0 0 0 0 0 0 0 0 0 0 0 0 0 0 0 0 0 0 0 0 0 0 0 0 0 0 0 0 0 0 0 0 0 0 0 0 0 0 0 0 0 0 0 0 0 0 0 0 0 0 0 0 0 0 0 0 0 0 0 0 0 0 0 0 0 0 0 0 0 0 0 0 0 0 0 0 0 0 0 0 0 0 0 0 0 0 0 0 0 0 0 0 0 0 0 0 0 0 0 0 0 0 0 0 0 0 0 0 0 0 0 0 0 0 0 0 0 0 0 0 0 0 0 0 0 0 0 0 0 0 0 0 0 0 0 0 0 0 0 0 0 0 0 0 0 0 0 0 0 0 0 0 0 0 0 0 0 0 0 0 0 0 0 0 0 0 0 0 0 0 0 0 0 0 0 0 0 0 0 0 0 0 0 0 0 0 0 0 0 0 0 0 0 0 0 0 0 0 0 0 0 0 0 0 0 0 0 0 0 0 0 0 0 0 0 0 0 0 0 0 0 0 0 0 0 0 0 0 0 0 0 0 0 0 0 0 0 0 0 0 0 0 0 0 0 0 0 0 0 0 0 0 0 0 0 0 0 0 0 0 0 0 0 0 0 0 0 0 0 0 0 0 0 0 0 0 0 0 0 0 0 0 0 0 0 0 0 0 0 0 0 0 0 0 0 0 0 0 0 0 0 0 0 0 0 0 0 0 0 0 0 0 0 0 0 0 0 0 0 0 0 0 0 0 0 0 0 0 0 0 0 0 0 0 0 0 0 0 0 0 0 0 0 0 0 0 0 0 0 0 0 0 0 0 0 0 0 0 0 0 0 0 0 0 0 0 0 0 0 0 0 0 0 0 0 0 0 0 0 0 0 0 0 0 0 0 0 0 0 0 0 0 0 0 0 0 0 0 0 0 0 0 0 0 0 0 0 0 0 0 0 0 0 0 0 0 0 0 0 0 0 0 0 0 0 0 0 0 0 0 0 0 0 0 0 0 0 0 0 0 0 0 0 0 0 0 0 0 0 0 0 0 0 0 0 0 0 0 0 0 0 0 0 0 0 0 0 0 0 0 0 0 0 0 0 0 0 0 0 0 0 0 0 0 0 0 0 0 0 0 0 0 0 0 0 0 0 0 0 0 0 0 0 0 0 0 0 0 0 0 0 0 0 0 0 0 0 0 0 0 0 0 0 0 0 0 0 0 0 0 0 0 0 0 0 0 0 0 0 0 0 0 0 0 0 0 0 0 0 0 0 0 0 0 0 0 0 0 0 0 0 0 0 0 0 0 0 0 0 0 0 0 0 0 0 0 0 0 0 0 0 0 0 0 0 0 0 0 0 0 0 0 0 0 0 0 0 0 0 0 0 0 0 0 0 0 0 0 0 0 0 0 0 0 0 0 0 0 0 0 0 0 0 0 0 0 0 0 0 0 0 0 0 0 0 0 0 0 0 0 0 0 0 0 0 0 0 0 0 0 0 0 0 0 0 0 0 0 0 0 0 0 0 0 0 0 0 0 0 0 0 0 0 0 0 0 0 0 0 0 0 0 0 0 0 0 0 0 0 0 0 0 0 0 0 0 0 0 0 0 0 0 0 0 0 0 0 0 0 0 0 0 0 0 0 0 0 0 0 0 0 0 0 0 0 0 0 0 0 0 0 0 0 0 0 0 0 0 0 0 0 0 0 0 0 0 0 0 0 0 0 0 0 0 0 0 0 0 0 0 0 0 0 0 0 0 0 0 0 0 0 0 0 0 0 0 0 0 0 0 0 0 0 0 0 0 0 0 0 0 0 0 0 0 0 0 0 0 0 0 0 0 0 0 0 0 0 0 0 0 0 0 0 0 0 0 0 0 0 0 0 0 0 0 0 0 0 0 0 0 0 0 0 0 0 0 0 0 0 0 0 0 0 0 0 0 0 0 0 0 0 0 0 0 0 0 0 0 0 0 0 0 0 0 0 0 0 0 0 0 0 0 0 0 0 0 0 0 0 0 0 0 0 0 0 0 0 0 0 0 0 0 0 0 0 0 0 0 0 0 0 0 0 0 0 0 0 0 0 0 0 0 0 0 0 0 0 0 0 0 0 0 0 0 0 0 0 0 0 0 0 0 0 0 0 0 0 0 0 0 0 0 0 0 0 0 0 0 0 0 0 0 0 0 0 0 0 0 0 0 0 0 0 0 0 0 0 0 0 0 0 0 0 0 0 0 0 0 0 0 0 0 0 0 0 0 0 0 0 0 0 0 0 0 0 0 0 0 0 0 0 0 0 0 0 0 0 0 0 0 0 0 0 0 0 0 0 0 0 0 0 0 0 0 0 0 0 0 0 0 0 0 0 0 0 0 0 0 0 0 0 0 0 0 0 0 0 0 0 0 0 0 0 0 0 0 0 0 0 0 0 0 0 0 0 0 0 0 0 0 0 0 0 0 0 0 0 0 0 0 0 0 0 0 0 0 0 0 0 0 0 0 0 0 0 0 0 0 0
ctxt 9472748
btime 1613064757
processes 207515
procs_running 1
procs_blocked 0
softirq 159099207 1 95405324 2071 1818403 0 0 188 4918134 0 56955086
