cpu  9248762 4 11898 6873518 494 0 1474 0 0 0
cpu0 256860 0 433 190651 13 0 309 0 0 0
cpu1 258077 0 500 189632 1 0 62 0 0 0
cpu2 256467 0 650 190666 2 0 408 0 0 0
cpu3 256822 0 332 191053 4 0 28 0 0 0
cpu4 257096 0 332 190740 44 0 18 0 0 0
cpu5 256974 0 345 190870 29 0 7 0 0 0
cpu6 256748 0 344 191083 16 0 24 0 0 0
cpu7 256819 0 303 191076 13 0 15 0 0 0
cpu8 256915 0 238 190995 72 0 8 0 0 0
cpu9 256728 0 310 191172 2 0 23 0 0 0
cpu10 256771 0 283 191154 4 0 22 0 0 0
cpu11 256876 0 234 191111 0 0 10 0 0 0
cpu12 256080 0 945 191046 7 0 140 0 0 0
cpu13 257100 0 253 190860 1 0 9 0 0 0
cpu14 256806 0 262 191150 1 0 9 0 0 0
cpu15 256678 0 472 191033 5 0 43 0 0 0
cpu16 256430 0 604 191080 2 0 110 0 0 0
cpu17 256822 0 354 191027 6 0 6 0 0 0
cpu18 257073 0 276 190866 3 0 5 0 0 0
cpu19 257279 0 394 190471 48 0 15 0 0 0
cpu20 256940 0 255 191001 1 0 6 0 0 0
cpu21 257738 0 271 190209 2 0 3 0 0 0
cpu22 257008 0 232 190918 62 0 3 0 0 0
cpu23 256987 0 325 190820 70 0 7 0 0 0
cpu24 256985 0 213 191017 4 0 3 0 0 0
cpu25 256875 0 218 191126 1 0 6 0 0 0
cpu26 256882 0 197 191143 0 0 6 0 0 0
cpu27 256895 0 181 191143 1 0 4 0 0 0
cpu28 256843 0 218 191156 1 0 4 0 0 0
cpu29 256891 0 178 191152 0 0 2 0 0 0
cpu30 256892 0 200 191119 10 0 2 0 0 0
cpu31 257234 0 141 190843 1 0 5 0 0 0
cpu32 256876 2 215 191107 8 0 6 0 0 0
cpu33 256983 0 239 190972 20 0 3 0 0 0
cpu34 256465 0 612 190997 19 0 128 0 0 0
cpu35 256831 0 326 191045 2 0 3 0 0 0
intr 25914060 56 0 0 0 614 0 0 0 1 0 263 0 0 0 0 0 0 0 0 0 0 0 0 0 0 0 0 0 0 0 0 0 737 142 512 389 4717 2539 540 380 3008 1051 72 45 1906 92 427 238 297 265 158 6012 247 126 2204 3248 0 0 0 0 384 101 13 70 40 101 614 59 1017 1591 1116 245 93 0 16 11675 1762 0 8658 577 78214 139 25 618 72 1008 379 745 811 1291 33148 3412 2272 2082 703 560 742 531 4665 1681 22 934 109 352 641 454 293 1657 449 343 906 215 1358 414 0 18 7775 1 0 0 0 0 0 0 0 0 0 0 0 0 0 0 0 0 0 0 0 0 0 0 0 0 0 0 0 0 0 0 0 0 0 0 0 0 0 21 0 0 0 0 0 0 0 0 0 0 0 0 0 0 0 0 0 0 0 0 0 0 0 0 0 0 0 0 0 0 0 0 0 0 0 0 0 0 0 0 0 0 0 0 0 0 0 0 0 0 0 0 0 0 0 0 0 0 0 0 0 0 0 0 0 0 0 0 0 0 0 0 0 0 0 0 0 0 0 0 0 0 0 0 0 0 0 0 0 0 0 0 0 0 0 0 0 0 0 0 0 0 0 0 0 0 0 0 0 0 0 0 0 0 0 0 0 0 0 0 0 0 0 0 0 0 0 0 0 0 0 0 0 0 0 0 0 0 0 0 0 0 0 0 0 0 0 0 0 0 0 0 0 0 0 0 0 0 0 0 0 0 0 0 0 0 0 0 0 0 0 0 0 0 0 0 0 0 0 0 0 0 0 0 0 0 0 0 0 0 0 0 0 0 0 0 0 0 0 0 0 0 0 0 0 0 0 0 0 0 0 0 0 0 0 0 0 0 0 0 0 0 0 0 0 0 0 0 0 0 0 0 0 0 0 0 0 0 0 0 0 0 0 0 0 0 0 0 0 0 0 0 0 0 0 0 0 0 0 0 0 0 0 0 0 0 0 0 0 0 0 0 0 0 0 0 0 0 0 0 0 0 0 0 0 0 0 0 0 0 0 0 0 0 0 0 0 0 0 0 0 0 0 0 0 0 0 0 0 0 0 0 0 0 0 0 0 0 0 0 0 0 0 0 0 0 0 0 0 0 0 0 0 0 0 0 0 0 0 0 0 0 0 0 0 0 0 0 0 0 0 0 0 0 0 0 0 0 0 0 0 0 0 0 0 0 0 0 0 0 0 0 0 0 0 0 0 0 0 0 0 0 0 0 0 0 0 0 0 0 0 0 0 0 0 0 0 0 0 0 0 0 0 0 0 0 0 0 0 0 0 0 0 0 0 0 0 0 0 0 0 0 0 0 0 0 0 0 0 0 0 0 0 0 0 0 0 0 0 0 0 0 0 0 0 0 0 0 0 0 0 0 0 0 0 0 0 0 0 0 0 0 0 0 0 0 0 0 0 0 0 0 0 0 0 0 0 0 0 0 0 0 0 0 0 0 0 0 0 0 0 0 0 0 0 0 0 0 0 0 0 0 0 0 0 0 0 0 0 0 0 0 0 0 0 0 0 0 0 0 0 0 0 0 0 0 0 0 0 0 0 0 0 0 0 0 0 0 0 0 0 0 0 0 0 0 0 0 0 0 0 0 0 0 0 0 0 0 0 0 0 0 0 0 0 0 0 0 0 0 0 0 0 0 0 0 0 0 0 0 0 0 0 0 0 0 0 0 0 0 0 0 0 0 0 0 0 0 0 0 0 0 0 0 0 0 0 0 0 0 0 0 0 0 0 0 0 0 0 0 0 0 0 0 0 0 0 0 0 0 0 0 0 0 0 0 0 0 0 0 0 0 0 0 0 0 0 0 0 0 0 0 0 0 0 0 0 0 0 0 0 0 0 0 0 0 0 0 0 0 0 0 0 0 0 0 0 0 0 0 0 0 0 0 0 0 0 0 0 0 0 0 0 0 0 0 0 0 0 0 0 0 0 0 0 0 0 0 0 0 0 0 0 0 0 0 0 0 0 0 0 0 0 0 0 0 0 0 0 0 0 0 0 0 0 0 0 0 0 0 0 0 0 0 0 0 0 0 0 0 0 0 0 0 0 0 0 0 0 0 0 0 0 0 0 0 0 0 0 0 0 0 0 0 0 0 0 0 0 0 0 0 0 0 0 0 0 0 0 0 0 0 0 0 0 0 0 0 0 0 0 0 0 0 0 0 0 0 0 0 0 0 0 0 0 0 0 0 0 0 0 0 0 0 0 0 0 0 0 0 0 0 0 0 0 0 0 0 0 0 0 0 0 0 0 0 0 0 0 0 0 0 0 0 0 0 0 0 0 0 0 0 0 0 0 0 0 0 0 0 0 0 0 0 0 0 0 0 0 0 0 0 0 0 0 0 0 0 0 0 0 0 0 0 0 0 0 0 0 0 0 0 0 0 0 0 0 0 0 0 0 0 0 0 0 0 0 0 0 0 0 0 0 0 0 0 0 0 0 0 0 0 0 0 0 0 0 0 0 0 0 0 0 0 0 0 0 0 0 0 0 0 0 0 0 0 0 0 0 0 0 0 0 0 0 0 0 0 0 0 0 0 0 0 0 0 0 0 0 0 0 0 0 0 0 0 0 0 0 0 0 0 0 0 0 0 0 0 0 0 0 0 0 0 0 0 0 0 0 0 0 0 0 0 0 0 0 0 0 0 0 0 0 0 0 0 0 0 0 0 0 0 0 0 0 0 0 0 0 0 0 0 0 0 0 0 0 0 0 0 0 0 0 0 0 0 0 0 0 0 0 0 0 0 0 0 0 0 0 0 0 0 0 0 0 0 0 0 0 0 0 0 0 0 0 0 0 0 0 0 0 0 0 0 0 0 0 0 0 0
ctxt 7549131
btime 1613124388
processes 189552
procs_running 1
procs_blocked 0
softirq 33805130 1 19508773 402 1416868 0 0 148576 952640 0 11777870
