cpu  4825304 5 12943 25326273 397 0 408 0 0 0
cpu0 37746 0 516 196974 0 0 188 0 0 0
cpu1 37682 0 82 197868 0 0 5 0 0 0
cpu2 37666 0 107 197907 16 0 0 0 0 0
cpu3 37687 0 99 197904 3 0 1 0 0 0
cpu4 37614 0 251 197787 0 0 6 0 0 0
cpu5 37695 0 98 197900 6 0 0 0 0 0
cpu6 37666 0 99 197932 0 0 1 0 0 0
cpu7 37674 0 80 197935 0 0 0 0 0 0
cpu8 37730 0 156 197791 10 0 1 0 0 0
cpu9 37689 0 72 197927 0 0 0 0 0 0
cpu10 37690 0 73 197931 0 0 0 0 0 0
cpu11 37674 0 84 197923 0 0 2 0 0 0
cpu12 37525 0 188 197937 0 0 6 0 0 0
cpu13 37689 0 74 197926 0 0 0 0 0 0
cpu14 37690 0 70 197935 0 0 0 0 0 0
cpu15 37665 0 108 197925 0 0 4 0 0 0
cpu16 38100 0 214 197374 1 0 0 0 0 0
cpu17 37685 0 62 197939 1 0 0 0 0 0
cpu18 37401 0 94 198179 0 0 2 0 0 0
cpu19 37688 0 65 197931 0 0 0 0 0 0
cpu20 37720 0 179 197780 0 0 3 0 0 0
cpu21 37662 0 90 197874 1 0 20 0 0 0
cpu22 37599 0 69 198020 0 0 2 0 0 0
cpu23 37680 0 74 197930 0 0 0 0 0 0
cpu24 37716 0 209 197681 0 0 1 0 0 0
cpu25 37684 0 74 197928 0 0 0 0 0 0
cpu26 37704 0 74 197903 0 0 0 0 0 0
cpu27 37690 0 56 197938 0 0 0 0 0 0
cpu28 37680 1 94 197907 0 0 1 0 0 0
cpu29 37684 0 77 197921 0 0 0 0 0 0
cpu30 37690 0 63 197935 0 0 0 0 0 0
cpu31 37693 0 66 197926 0 0 0 0 0 0
cpu32 37676 0 91 197914 1 0 0 0 0 0
cpu33 37685 0 72 197926 0 0 0 0 0 0
cpu34 37692 0 66 197922 0 0 0 0 0 0
cpu35 37686 0 73 197922 0 0 2 0 0 0
cpu36 37732 0 168 197774 4 0 3 0 0 0
cpu37 37694 0 73 197914 0 0 0 0 0 0
cpu38 37690 0 63 197932 0 0 0 0 0 0
cpu39 37688 0 68 197928 0 0 0 0 0 0
cpu40 37850 0 162 197658 1 0 0 0 0 0
cpu41 37695 0 82 197901 0 0 0 0 0 0
cpu42 37694 0 64 197922 0 0 0 0 0 0
cpu43 37642 0 76 197958 0 0 2 0 0 0
cpu44 37684 0 126 197855 5 0 4 0 0 0
cpu45 37684 0 66 197926 0 0 1 0 0 0
cpu46 37668 0 66 197944 0 0 0 0 0 0
cpu47 37665 0 85 197925 1 0 3 0 0 0
cpu48 37710 0 135 197829 0 0 2 0 0 0
cpu49 37687 0 68 197920 1 0 0 0 0 0
cpu50 37692 0 53 197935 0 0 0 0 0 0
cpu51 37686 0 65 197922 0 0 0 0 0 0
cpu52 37818 0 126 197713 1 0 0 0 0 0
cpu53 37711 0 60 197887 8 0 0 0 0 0
cpu54 37694 0 52 197927 0 0 0 0 0 0
cpu55 37677 0 75 197924 0 0 1 0 0 0
cpu56 37771 0 134 197765 1 0 0 0 0 0
cpu57 37698 0 70 197910 0 0 0 0 0 0
cpu58 37620 0 89 197960 0 0 0 0 0 0
cpu59 37598 0 163 197904 0 0 12 0 0 0
cpu60 37857 0 196 197602 1 0 0 0 0 0
cpu61 37701 0 73 197901 0 0 0 0 0 0
cpu62 37673 0 81 197915 0 0 2 0 0 0
cpu63 37688 0 67 197916 0 0 0 0 0 0
cpu64 38064 0 306 197254 20 0 7 0 0 0
cpu65 37709 0 66 197884 5 0 0 0 0 0
cpu66 37662 0 74 197937 1 0 0 0 0 0
cpu67 37665 0 74 197923 2 0 3 0 0 0
cpu68 37714 2 261 197655 24 0 8 0 0 0
cpu69 37688 0 68 197906 0 0 0 0 0 0
cpu70 37667 0 71 197935 0 0 0 0 0 0
cpu71 37654 0 90 197924 1 0 0 0 0 0
cpu72 38205 0 250 197020 165 0 3 0 0 0
cpu73 37698 0 73 197898 1 0 0 0 0 0
cpu74 37669 0 70 197931 0 0 0 0 0 0
cpu75 37677 0 83 197901 3 0 0 0 0 0
cpu76 37717 0 152 197799 1 0 0 0 0 0
cpu77 37686 0 71 197916 0 0 0 0 0 0
cpu78 37666 0 63 197939 0 0 0 0 0 0
cpu79 37604 0 139 197913 1 0 10 0 0 0
cpu80 37795 0 135 197725 8 0 4 0 0 0
cpu81 37686 0 76 197911 0 0 0 0 0 0
cpu82 37688 0 70 197909 0 0 0 0 0 0
cpu83 37691 0 54 197919 0 0 0 0 0 0
cpu84 37522 0 194 197910 1 0 20 0 0 0
cpu85 37683 0 76 197901 0 0 0 0 0 0
cpu86 37691 0 61 197911 0 0 0 0 0 0
cpu87 37679 0 74 197910 0 0 0 0 0 0
cpu88 37696 0 78 197886 0 0 1 0 0 0
cpu89 37664 0 76 197921 0 0 0 0 0 0
cpu90 37689 0 67 197907 0 0 0 0 0 0
cpu91 37689 0 66 197905 0 0 1 0 0 0
cpu92 37632 0 143 197883 0 0 2 0 0 0
cpu93 37689 0 66 197896 1 0 0 0 0 0
cpu94 37690 0 66 197905 0 0 0 0 0 0
cpu95 37695 0 68 197889 3 0 0 0 0 0
cpu96 37645 0 124 197885 0 0 2 0 0 0
cpu97 37692 0 70 197892 0 0 0 0 0 0
cpu98 37691 0 68 197901 0 0 0 0 0 0
cpu99 37690 0 58 197908 0 0 0 0 0 0
cpu100 37681 0 99 197876 0 0 0 0 0 0
cpu101 37691 0 69 197901 0 0 0 0 0 0
cpu102 37694 0 71 197894 1 0 0 0 0 0
cpu103 37691 0 70 197892 0 0 0 0 0 0
cpu104 37859 0 194 197586 0 0 2 0 0 0
cpu105 37691 0 70 197892 0 0 0 0 0 0
cpu106 37692 0 67 197895 0 0 0 0 0 0
cpu107 37680 0 74 197896 0 0 0 0 0 0
cpu108 37777 0 109 197731 35 0 0 0 0 0
cpu109 37691 0 68 197890 0 0 0 0 0 0
cpu110 37632 0 90 197913 8 0 0 0 0 0
cpu111 37673 0 68 197912 0 0 2 0 0 0
cpu112 37698 0 116 197835 4 0 1 0 0 0
cpu113 37692 0 78 197843 1 0 0 0 0 0
cpu114 37692 0 58 197901 0 0 0 0 0 0
cpu115 37689 0 61 197893 0 0 0 0 0 0
cpu116 37694 0 213 197718 2 0 15 0 0 0
cpu117 37694 0 70 197877 0 0 0 0 0 0
cpu118 37691 0 66 197895 0 0 0 0 0 0
cpu119 37680 0 65 197902 0 0 0 0 0 0
cpu120 37802 0 110 197731 4 0 0 0 0 0
cpu121 37697 0 66 197883 0 0 0 0 0 0
cpu122 37673 0 92 197873 0 0 0 0 0 0
cpu123 37565 0 167 197893 0 0 21 0 0 0
cpu124 37832 0 192 197611 3 0 0 0 0 0
cpu125 37700 0 94 197818 0 0 0 0 0 0
cpu126 37693 0 94 197858 0 0 0 0 0 0
cpu127 37702 0 78 197868 0 0 0 0 0 0
intr 15069240 133 0 0 0 680 0 0 0 1 0 272 0 0 0 0 0 0 0 0 0 0 0 0 0 0 0 0 0 0 0 0 0 0 0 0 260 0 517 110 7 2421 3771 0 4 542 434 0 0 1743 492 1 0 848 72 3 41 39 1068 32004 7 633 1034 0 0 0 749 43 0 0 2 1 12 0 889 3 0 0 169 15 38 675 297 0 0 1570 369 249 0 432 0 0 78 1208 0 0 15 2117 281 2 0 1 8047 40 0 1383 4781 0 0 483 2251 0 0 1413 0 2 0 1932 3822 0 0 0 12 0 0 1779 5 8 0 0 0 0 0 0 1323 0 0 0 373 1 0 0 48 0 0 717 0 16 0 1101 13 0 0 0 54 0 0 0 0 0 0 0 0 0 0 0 0 1789 867 13589 147 375 439 45 17 22 1646 133 252 13 153 57 94 122 2 9 3142 279 120 125 171 260 3913 82 7 14 2 150 183 4 34 0 0 0 0 0 0 0 0 0 0 0 0 0 0 0 0 21 7 3 177 18 0 0 2 3 4 11 3 0 4 49 51 10 29 9 13 53 20 14 3 6 9 5 1 14 8 4 67 4 285 4 4 2 14 270 696 146 43 43 3 15 65 6 0 4 22 9 9 8 9 5 2 11 1 2 3 4 10 161 0 0 0 0 0 0 0 0 0 0 0 0 0 0 0 0 0 0 0 0 0 0 0 0 0 0 0 0 0 0 0 0 0 0 0 0 0 0 0 0 0 0 0 0 0 0 0 0 0 0 0 0 0 0 0 0 0 0 0 0 0 0 0 0 0 0 0 0 0 0 0 0 0 0 0 0 0 0 0 0 0 0 0 0 0 0 0 0 0 0 0 0 0 0 0 0 0 0 0 0 0 0 0 0 0 0 0 0 0 0 0 0 0 0 0 0 0 0 0 0 0 0 0 0 0 0 0 0 0 0 0 0 0 0 0 0 0 0 0 0 0 0 0 0 0 0 0 0 0 0 0 0 0 0 0 0 0 0 0 0 0 0 0 0 0 0 0 0 0 0 0 0 0 0 0 0 0 0 0 0 0 0 0 0 0 0 0 0 0 0 0 0 0 0 0 0 0 0 0 0 0 0 0 0 0 0 0 0 0 0 0 0 0 0 0 0 0 0 0 0 0 0 0 0 0 0 0 0 0 0 0 0 0 0 0 0 0 0 0 0 0 0 0 0 0 0 0 0 0 0 0 0 0 0 0 0 0 0 0 0 0 0 0 0 0 0 0 0 0 0 0 0 0 0 0 0 0 0 0 0 0 0 0 0 0 0 0 0 0 0 0 0 0 0 0 0 0 0 0 0 0 0 0 0 0 0 0 0 0 0 0 0 0 0 0 0 0 0 0 0 0 0 0 0 0 0 0 0 0 0 0 0 0 0 0 0 0 0 0 0 0 0 0 0 0 0 0 0 0 0 0 0 0 0 0 0 0 0 0 0 0 0 0 0 0 0 0 0 0 0 0 0 0 0 0 0 0 0 0 0 0 0 0 0 0 0 0 0 0 0 0 0 0 0 0 0 0 0 0 0 0 0 0 0 0 0 0 0 0 0 0 0 0 0 0 0 0 0 0 0 0 0 0 0 0 0 0 0 0 0 0 0 0 0 0 0 0 0 0 0 0 48 0 0 0 0 0 0 0 3 0 0 0 0 0 0 0 0 0 0 0 0 0 0 0 0 0 0 0 0 0 0 0 0 0 0 0 0 0 0 0 0 0 0 0 0 0 0 0 0 0 0 0 0 0 0 0 0 0 0 0 0 0 0 0 0 0 0 48 0 0 0 0 0 0 0 0 23 0 0 0 0 0 0 0 0 0 0 0 0 0 0 0 0 0 0 0 0 0 0 0 0 0 0 0 0 0 0 0 0 0 0 0 0 0 0 0 0 0 0 0 0 0 0 0 0 0 0 0 0 0 0 0 0 0 0 0 0 0 0 0 0 0 0 0 0 0 0 0 0 0 0 0 0 0 0 0 0 0 0 0 0 0 0 0 0 0 0 0 0 0 0 0 0 0 0 0 0 0 0 0 0 0 0 0 0 0 0 0 0 0 0 0 0 0 0 0 0 0 0 0 0 0 0 0 0 0 0 0 0 0 0 0 0 0 0 0 0 0 0 0 0 0 0 0 0 0 0 0 0 0 0 0 0 0 0 0 0 0 0 0 0 0 0 0 0 0 0 0 0 0 0 0 0 0 0 0 0 0 0 0 0 0 0 0 0 0 0 0 0 0 0 0 0 0 0 0 0 0 0 0 0 0 0 0 0 0 0 0 0 0 0 0 0 0 0 0 0 0 0 0 0 0 0 0 0 0 0 0 0 0 0 0 0 0 0 0 0 0 0 0 0 0 0 0 0 0 0 0 0 0 0 0 0 0 0 0 0 0 0 0 0 0 0 0 0 0 0 0 0 0 0 0 0 0 0 0 0 0 0 0 0 0 0 0 0 0 0 0 0 0 0 0 0 0 0 0 0 0 0 0 0 0 0 0 0 0 0 0 0 0 0 0 0 0 0 0 0 0 0 0 0 0 0 0 0 0 0 0 0 0 0 0 0 0 0 0 0 0 0 0 0 0 0 0 0 0 0 0 0 0 0 0 0 0 0 0 0 0 0 0 0 0 0 0 0 0 0 0 0 0 0 0 0 0 0 0 0 0 0 0 0 0 0 0 0 0 0 0 0 0 0 0 0 0 0 0 0 0 0 0 0 0 0 0 0 0 0 0 0 0 0 0 0 0 0 0 0 0 0 0 0 0 0 0 0 0 0 0 0 0 0 0 0 0 0 0 0 0 0 0 0 0 0 0 0 0 0 0 0 0 0 0 0 0 0 0 0 0 0 0 0 0 0 0 0 0 0 0 0 0 0 0 0 0 0 0 0 0 0 0 0 0 0 0 0 0 0 0 0 0 0 0 0 0 0 0 0 0 0 0 0 0 0 0 0 0 0 0 0 0 0 0 0 0 0 0 0 0 0 0 0 0 0 0 0 0 0 0 0 0 0 0 0 0 0 0 0 0 0 0 0 0 0 0 0 0 0 0 0 0 0 0 0 0 0 0 0 0 0 0 0 0 0 0 0 0 0 0 0 0 0 0 0 0 0 0 0 0 0 0 0 0 0 0 0 0 0 0 0 0 0 0 0 0 0 0 0 0 0 0 0 0 0 0 0 0 0 0 0 0 0 0 0 0 0 0 0 0 0 0 0 0 0 0 0 0 0 0 0 0 0 0 0 0 0 0 0 0 0 0 0 0 0 0 0 0 0 0 0 0 0 0 0 0 0 0 0 0 0 0 0 0 0 0 0 0 0 0 0 0 0 0 0 0 0 0 0 0 0 0 0 0 0 0 0 0 0 0 0 0 0 0 0 0 0 0 0 0 0 0 0 0 0 0 0 0 0 0 0 0 0 0 0 0 0 0 0 0 0 0 0 0 0 0 0 0 0 0 0 0 0 0 0 0 0 0 0 0 0 0 0 0 0 0 0 0 0 0 0 0 0 0 0 0 0 0 0 0 0 0 0 0 0 0 0 0 0 0 0 0 0 0 0 0 0 0 0 0 0 0 0 0 0 0 0 0 0 0 0 0 0 0 0 0 0 0 0 0 0 0 0 0 0 0 0 0 0 0 0 0 0 0 0 0 0 0 0 0 0 0 0 0 0 0 0 0 0 0 0 0 0 0 0 0 0 0 0 0 0 0 0 0 0 0 0 0 0 0 0 0 0 0 0 0 0 0 0 0 0 0 0 0 0 0 0 0 0 0 0 0 0 0 0 0 0 0 0 0 0 0 0 0 0 0 0 0 0 0 0 0 0 0 0 0 0 0 0 0 0 0 0 0 0 0 0 0 0 0 0 0 0 0 0 0 0 0 0 0 0 0 0 0 0 0 0 0 0 0 0 0 0 0 0 0 0 0 0 0 0 0 0 0 0 0 0 0 0 0 0 0 0 0 0 0 0 0 0 0 0 0 0 0 0 0 0 0 0 0 0 0 0 0 0 0 0 0 0 0 0 0 0 0 0 0 0 0 0 0 0 0 0 0 0 0 0 0 0 0 0 0 0 0 0 0 0 0 0 0 0 0 0 0 0 0 0 0 0 0 0 0 0 0 0 0 0 0 0 0 0 0 0 0 0 0 0 0 0 0 0 0 0 0 0 0 0 0 0 0 0 0 0 0 0 0 0 0 0 0 0 0 0 0 0 0 0 0 0 0 0 0 0 0 0 0 0 0 0 0 0 0 0 0 0 0 0 0 0 0 0 0 0 0 0 0 0 0 0 0 0 0 0 0 0 0 0 0 0 0 0 0 0 0 0 0 0 0 0 0 0 0 0 0 0 0 0 0 0 0 0 0 0 0 0 0 0 0 0 0 0 0 0 0 0 0 0 0 0 0 0 0 0 0 0 0 0 0 0 0 0 0 0 0 0 0 0 0 0 0 0 0 0 0 0 0 0 0 0 0 0 0 0 0 0 0 0 0 0 0 0 0 0 0 0 0 0 0 0 0 0 0 0 0 0 0 0 0 0 0 0 0 0 0 0 0 0 0 0 0 0 0 0 0 0 0 0 0 0 0 0 0 0 0 0 0 0 0 0 0 0 0 0 0 0 0 0 0 0 0 0 0 0 0 0 0 0 0 0 0 0 0 0 0 0 0 0 0 0 0 0 0 0 0 0 0 0 0 0 0 0 0 0 0 0 0 0 0 0 0 0 0 0 0 0 0 0 0 0 0 0 0 0 0 0 0 0 0 0 0 0 0 0 0 0 0 0 0 0 0 0 0 0 0 0 0 0 0 0 0 0 0 0 0 0 0 0 0 0 0 0 0 0 0 0 0 0 0 0 0 0 0 0 0 0 0 0 0 0 0 0 0 0 0 0 0 0 0 0 0 0 0 0 0 0 0 0 0 0 0 0 0 0 0 0 0 0 0 0 0 0 0 0 0 0 0 0 0 0 0 0 0 0 0 0 0 0 0 0 0 0 0 0 0 0 0 0 0 0 0 0 0 0 0 0 0 0 0 0 0 0 0 0 0 0 0 0 0 0 0 0 0 0 0 0 0 0 0 0 0 0 0 0 0 0 0 0 0 0 0 0 0 0 0 0 0 0 0 0 0 0 0 0 0 0 0 0 0 0 0 0 0 0 0 0 0 0 0 0 0 0 0 0 0 0 0 0 0 0 0 0 0 0 0 0 0 0 0 0 0 0 0 0 0 0 0 0 0 0 0 0 0 0 0 0 0 0 0 0 0 0 0 0 0 0 0 0 0 0 0 0 0 0 0 0 0 0 0 0 0 0 0 0 0 0 0 0 0 0 0 0 0 0 0 0 0 0 0 0 0 0 0 0 0 0 0 0 0 0 0 0 0 0 0 0 0 0 0 0 0 0 0 0 0 0 0 0 0 0 0 0 0 0 0 0 0 0 0 0 0 0 0 0 0 0 0 0 0 0 0 0 0 0 0 0 0 0 0 0 0 0 0 0 0 0 0 0 0 0 0 0 0 0 0 0 0 0 0 0 0 0 0 0 0 0 0 0 0 0 0 0 0 0 0 0 0 0 0 0 0 0 0 0 0 0 0 0 0 0 0 0 0 0 0 0 0 0 0 0 0 0 0 0 0 0 0 0 0 0 0 0 0 0 0 0 0 0 0 0 0 0 0 0 0 0 0 0 0 0 0 0 0 0 0 0 0 0 0 0 0 0 0 0 0 0 0 0 0 0 0 0 0 0 0 0 0 0 0 0 0 0 0 0 0 0 0 0 0 0 0 0 0 0 0 0 0 0 0 0 0 0 0 0 0 0 0 0 0 0 0 0 0 0 0 0 0 0 0 0 0 0 0 0 0 0 0 0 0 0 0 0 0 0 0 0 0 0 0 0 0 0 0 0 0 0 0 0 0 0 0 0 0 0 0 0 0 0 0 0 0 0 0 0 0 0 0 0 0 0 0 0 0 0 0 0 0 0 0 0 0 0 0 0 0 0 0 0 0 0 0 0 0 0 0 0 0 0 0 0 0 0 0 0 0 0 0 0 0 0 0 0 0 0 0 0 0 0 0 0 0 0 0 0 0 0 0 0 0 0 0 0 0 0 0 0 0 0 0 0 0 0 0 0 0 0 0 0 0 0 0 0 0 0 0 0 0 0 0 0 0 0 0 0 0 0 0 0 0 0 0 0 0 0 0 0 0 0 0 0 0 0 0 0 0 0 0 0 0 0 0 0 0 0 0 0 0 0 0 0 0 0 0 0 0 0 0 0 0 0 0 0 0 0 0 0 0 0 0 0 0 0 0 0 0 0 0 0 0 0 0 0 0 0 0 0 0 0 0 0 0 0 0 0 0 0 0 0 0 0 0 0 0 0 0 0 0 0 0 0 0 0 0 0 0 0 0 0 0 0 0 0 0 0 0 0 0 0 0 0 0 0 0 0 0 0 0 0 0 0 0 0 0 0 0 0 0 0 0 0 0 0 0 0 0 0 0 0 0 0 0 0 0 0 0 0 0 0 0 0 0 0 0 0 0 0 0 0 0 0 0 0 0 0 0 0 0 0 0 0 0 0 0 0 0 0 0 0 0 0 0 0 0 0 0 0 0 0 0 0 0 0 0 0 0 0 0 0 0 0 0 0 0 0 0 0 0 0 0 0 0 0 0 0 0 0 0 0 0 0 0 0 0 0 0 0 0 0 0 0 0 0 0 0 0 0 0 0 0 0 0 0 0 0 0 0 0 0 0 0 0 0 0 0 0 0 0 0 0 0 0 0 0 0 0 0 0 0 0 0 0 0 0 0 0 0 0 0 0 0 0 0 0 0 0 0 0 0 0 0 0 0 0 0 0 0 0 0 0 0 0 0 0 0 0 0 0 0 0 0 0 0 0 0 0 0 0 0 0 0 0 0 0 0 0 0 0 0 0 0 0 0 0 0 0 0 0 0 0 0 0 0 0 0 0 0 0 0 0 0 0 0 0 0 0 0 0 0 0 0 0 0 0 0 0 0 0 0 0 0 0 0 0 0 0 0 0 0 0 0 0 0 0 0 0 0 0 0 0 0 0 0 0 0 0 0 0 0 0 0 0 0 0 0 0 0 0 0 0 0 0 0 0 0 0 0 0 0 0 0 0 0 0 0 0 0 0 0 0 0 0 0 0 0 0 0 0 0 0 0 0 0 0 0 0 0 0 0 0 0 0 0 0 0 0 0 0 0 0 0 0 0 0 0 0 0 0 0 0 0 0 0 0 0 0 0 0 0 0 0 0 0 0 0 0 0 0 0 0 0 0 0 0 0 0 0 0 0 0 0 0 0 0 0 0 0 0 0 0 0 0 0 0 0 0 0 0 0 0 0 0 0 0 0 0 0 0 0 0 0 0 0 0 0 0 0 0 0 0 0 0 0 0 0 0 0 0 0 0 0 0 0 0 0 0 0 0 0 0 0 0 0 0 0 0 0 0 0 0 0 0 0 0 0 0 0 0 0 0 0 0 0 0 0 0 0 0 0 0 0 0 0 0 0 0 0 0 0 0 0 0 0 0 0 0 0 0 0 0 0 0 0 0 0 0 0 0 0 0 0 0 0 0 0 0 0 0 0 0 0 0 0 0 0 0 0 0 0 0 0 0 0 0 0 0 0 0 0 0 0 0 0 0 0 0 0 0 0 0 0 0 0 0 0 0 0 0 0 0 0 0 0 0 0 0 0 0 0 0 0 0 0 0 0 0 0 0 0 0 0 0 0 0 0 0 0 0 0 0 0 0 0 0 0 0 0 0 0 0 0 0 0 0 0 0 0 0 0 0 0 0 0 0 0 0 0 0 0 0 0 0 0 0 0 0 0 0 0 0 0 0 0 0 0 0 0 0 0 0 0 0 0 0 0 0 0 0 0 0 0 0 0 0 0 0 0 0 0 0 0 0 0 0 0 0 0 0 0 0 0 0 0 0 0 0 0 0 0 0 0 0 0 0 0 0 0 0 0 0 0 0 0 0 0 0 0 0 0 0 0 0 0 0 0 0 0 0 0 0 0 0 0 0 0 0 0 0 0 0 0 0 0 0 0 0 0 0 0 0 0 0 0 0 0 0 0 0 0 0 0 0 0 0 0 0 0 0 0 0 0 0 0 0 0 0 0 0 0 0 0 0 0 0 0 0 0 0 0 0 0 0 0 0 0 0 0 0 0 0 0 0 0 0 0 0 0 0 0 0 0 0 0 0 0 0 0 0 0 0 0 0 0 0 0 0 0 0 0 0 0 0 0 0 0 0 0 0 0 0 0 0 0 0 0 0 0 0 0 0 0 0 0 0 0 0 0 0 0 0 0 0 0 0 0 0 0 0 0 0 0 0 0 0 0 0 0 0 0 0 0 0 0 0 0 0 0 0 0 0 0 0 0 0 0 0 0 0 0 0 0 0 0 0 0 0 0 0 0 0 0 0 0 0 0 0 0 0 0 0 0 0 0 0 0 0 0 0 0 0 0 0 0 0 0 0 0 0 0 0 0 0 0 0 0 0 0 0 0 0 0 0 0 0 0 0 0 0 0 0 0 0 0 0 0 0 0 0 0 0 0 0 0 0 0 0 0 0 0 0 0 0 0 0 0 0 0 0 0 0 0 0 0 0 0 0 0 0 0 0 0 0 0 0 0 0 0 0 0 0 0 0 0 0 0 0 0 0 0 0 0 0 0 0 0 0 0 0 0 0 0 0 0 0 0 0 0 0 0 0 0 0 0 0 0 0 0 0 0 0 0 0 0 0 0 0 0 0 0 0 0 0 0 0 0 0 0 0 0 0 0 0 0 0 0 0 0 0 0 0 0 0 0 0 0 0 0 0 0 0 0 0 0 0 0 0 0 0 0 0 0 0 0 0 0 0 0 0 0 0 0 0 0 0 0 0 0 0 0 0 0 0 0 0 0 0 0 0 0 0 0 0 0 0 0 0 0 0 0 0 0 0 0 0 0 0 0 0 0 0 0 0 0 0 0 0 0 0 0 0 0 0 0 0 0 0 0 0 0 0 0 0 0 0 0 0 0 0 0 0 0 0 0 0 0 0 0 0 0 0 0 0 0 0 0 0 0 0 0 0 0 0 0 0 0 0 0 0 0 0 0 0 0 0 0 0 0 0 0 0 0 0 0 0 0 0 0 0 0 0 0 0 0 0 0 0 0 0 0 0 0 0 0 0 0 0 0 0 0 0 0 0 0 0 0 0 0 0 0 0 0 0 0 0 0 0 0 0 0 0 0 0 0 0 0 0 0 0 0 0 0 0 0 0 0 0 0 0 0 0 0 0 0 0 0 0 0 0 0 0 0 0 0 0 0 0 0 0 0 0 0 0 0 0 0 0 0 0 0 0 0 0 0 0 0 0 0 0 0 0 0 0 0 0 0 0 0 0 0 0 0 0 0 0 0 0 0 0 0 0 0 0 0 0 0 0 0 0 0 0 0 0 0 0 0 0 0 0 0 0 0 0 0 0 0 0 0 0 0 0 0 0 0 0 0 0 0 0 0 0 0 0 0 0 0 0 0 0 0 0 0 0 0 0 0 0 0 0 0 0 0 0 0 0 0 0 0 0 0 0 0 0 0 0 0 0 0 0 0 0 0 0 0 0 0 0 0 0 0 0 0 0 0 0 0 0 0 0 0 0 0 0 0 0 0 0 0 0 0 0 0 0 0 0 0 0 0 0 0 0 0 0 0 0 0 0 0 0 0 0 0 0 0 0 0 0 0 0 0 0 0 0 0 0 0 0 0 0 0 0 0 0 0 0 0 0 0 0 0 0 0 0 0 0 0 0 0 0 0 0 0 0 0 0 0 0 0 0 0 0 0 0 0 0 0 0 0 0 0 0 0 0 0 0 0 0 0 0 0 0 0 0 0 0 0 0 0 0 0 0 0 0 0 0 0 0 0 0 0 0 0 0 0 0 0 0 0 0 0 0 0 0 0 0 0 0 0 0 0 0 0 0 0 0 0 0 0 0 0 0 0 0 0 0 0 0 0 0 0 0 0 0 0 0
ctxt 1926579
btime 1613064757
processes 39297
procs_running 1
procs_blocked 0
softirq 15958247 1 9371745 1054 332376 0 0 163 715085 0 5537823
