cpu  40203438 5 56875 26228714 419 0 5072 0 0 0
cpu0 311693 0 3058 204057 0 0 460 0 0 0
cpu1 314107 0 382 204931 0 0 43 0 0 0
cpu2 314270 0 249 204974 16 0 2 0 0 0
cpu3 312987 0 544 205899 3 0 44 0 0 0
cpu4 312436 0 2338 204506 0 0 198 0 0 0
cpu5 314280 0 181 205054 7 0 3 0 0 0
cpu6 314228 0 256 205017 0 0 21 0 0 0
cpu7 314065 0 179 205246 0 0 16 0 0 0
cpu8 312280 0 2191 204745 10 0 282 0 0 0
cpu9 314250 0 124 205138 0 0 0 0 0 0
cpu10 314243 0 108 205159 0 0 2 0 0 0
cpu11 314228 0 169 205098 0 0 12 0 0 0
cpu12 312703 0 1727 204886 0 0 160 0 0 0
cpu13 314374 0 100 205039 0 0 1 0 0 0
cpu14 314370 0 105 205043 0 0 4 0 0 0
cpu15 314250 0 266 204985 0 0 23 0 0 0
cpu16 313314 0 1982 203916 1 0 292 0 0 0
cpu17 314409 0 91 205013 1 0 0 0 0 0
cpu18 314121 0 116 205257 0 0 4 0 0 0
cpu19 314318 0 121 205058 0 0 3 0 0 0
cpu20 312955 0 1658 204695 0 0 193 0 0 0
cpu21 314317 0 127 204964 1 0 61 0 0 0
cpu22 314120 0 139 205246 0 0 5 0 0 0
cpu23 314406 0 95 205008 0 0 2 0 0 0
cpu24 313084 0 1454 204709 0 0 179 0 0 0
cpu25 314388 0 121 205005 0 0 1 0 0 0
cpu26 314423 0 113 204969 0 0 0 0 0 0
cpu27 314228 0 99 205172 0 0 4 0 0 0
cpu28 313209 1 1272 204881 0 0 146 0 0 0
cpu29 314363 0 144 204998 0 0 2 0 0 0
cpu30 314335 0 122 205048 1 0 0 0 0 0
cpu31 314422 0 88 204999 0 0 0 0 0 0
cpu32 313185 0 1355 204833 1 0 123 0 0 0
cpu33 314354 0 144 205011 0 0 1 0 0 0
cpu34 314424 0 98 204982 0 0 1 0 0 0
cpu35 314253 0 215 205014 0 0 24 0 0 0
cpu36 313131 0 1625 204581 4 0 151 0 0 0
cpu37 314251 0 190 205063 0 0 3 0 0 0
cpu38 314422 0 99 204987 0 0 0 0 0 0
cpu39 314230 0 114 205158 0 0 3 0 0 0
cpu40 313253 0 1478 204577 1 0 181 0 0 0
cpu41 314300 0 156 205041 0 0 6 0 0 0
cpu42 314294 0 100 205106 0 0 2 0 0 0
cpu43 314217 0 174 205091 0 0 18 0 0 0
cpu44 313421 0 1181 204766 5 0 123 0 0 0
cpu45 314367 0 133 204999 0 0 4 0 0 0
cpu46 314210 0 108 205173 1 0 4 0 0 0
cpu47 314391 0 109 204999 1 0 3 0 0 0
cpu48 313422 0 1158 204780 0 0 134 0 0 0
cpu49 313834 0 360 205248 1 0 57 0 0 0
cpu50 314358 0 86 205056 1 0 2 0 0 0
cpu51 314380 0 117 205000 0 0 1 0 0 0
cpu52 313688 0 1118 204577 1 0 94 0 0 0
cpu53 314435 0 88 204962 8 0 0 0 0 0
cpu54 314341 0 86 205067 1 0 0 0 0 0
cpu55 314353 0 121 205018 1 0 8 0 0 0
cpu56 313439 0 1200 204728 1 0 125 0 0 0
cpu57 314429 0 95 204981 0 0 0 0 0 0
cpu58 314103 0 294 205061 1 0 35 0 0 0
cpu59 314140 0 364 204964 0 0 33 0 0 0
cpu60 313303 0 1479 204560 1 0 129 0 0 0
cpu61 314312 0 154 205032 0 0 2 0 0 0
cpu62 314188 0 102 205197 0 0 5 0 0 0
cpu63 313985 0 291 205187 0 0 13 0 0 0
cpu64 313814 0 1464 204080 20 0 89 0 0 0
cpu65 313721 0 484 205207 5 0 70 0 0 0
cpu66 313970 0 134 205348 1 0 5 0 0 0
cpu67 314004 0 435 205012 2 0 38 0 0 0
cpu68 313744 2 1066 204592 24 0 64 0 0 0
cpu69 314364 0 121 205004 0 0 1 0 0 0
cpu70 314364 0 102 205026 0 0 4 0 0 0
cpu71 314208 0 263 204993 1 0 31 0 0 0
cpu72 314384 0 1356 203287 165 0 269 0 0 0
cpu73 314275 0 120 205095 1 0 2 0 0 0
cpu74 314322 0 95 205076 0 0 0 0 0 0
cpu75 314397 0 114 204974 3 0 0 0 0 0
cpu76 315848 0 1097 202496 1 0 44 0 0 0
cpu77 314399 0 92 205006 0 0 1 0 0 0
cpu78 314412 0 83 204999 0 0 0 0 0 0
cpu79 314234 0 249 204990 1 0 19 0 0 0
cpu80 313728 0 1043 204589 8 0 104 0 0 0
cpu81 314416 0 101 204983 0 0 0 0 0 0
cpu82 314380 0 93 205014 0 0 2 0 0 0
cpu83 314403 0 85 205000 0 0 0 0 0 0
cpu84 313339 0 1052 204976 1 0 86 0 0 0
cpu85 314422 0 90 204975 0 0 0 0 0 0
cpu86 314452 0 80 204954 0 0 0 0 0 0
cpu87 314302 0 112 205061 0 0 3 0 0 0
cpu88 313764 0 913 204723 0 0 79 0 0 0
cpu89 314050 0 140 205284 1 0 7 0 0 0
cpu90 314416 0 114 204956 0 0 0 0 0 0
cpu91 314416 0 84 204985 0 0 2 0 0 0
cpu92 313973 0 969 204471 0 0 66 0 0 0
cpu93 314396 0 115 204966 2 0 0 0 0 0
cpu94 314350 0 121 205005 0 0 2 0 0 0
cpu95 314402 0 92 204983 3 0 1 0 0 0
cpu96 313579 0 927 204915 1 0 58 0 0 0
cpu97 314380 0 130 204971 0 0 0 0 0 0
cpu98 314424 0 103 204956 0 0 0 0 0 0
cpu99 314265 0 202 204990 0 0 20 0 0 0
cpu100 313719 0 943 204746 0 0 64 0 0 0
cpu101 314367 0 123 204997 0 0 0 0 0 0
cpu102 314384 0 96 205001 2 0 0 0 0 0
cpu103 314406 0 94 204973 0 0 0 0 0 0
cpu104 313844 0 949 204589 0 0 76 0 0 0
cpu105 314409 0 106 204965 0 0 0 0 0 0
cpu106 314269 0 106 205102 0 0 0 0 0 0
cpu107 314288 0 192 204972 0 0 23 0 0 0
cpu108 314100 0 625 204669 35 0 44 0 0 0
cpu109 314384 0 124 204963 0 0 2 0 0 0
cpu110 314386 0 120 204948 11 0 1 0 0 0
cpu111 314383 0 95 205000 0 0 2 0 0 0
cpu112 313853 0 777 204780 4 0 58 0 0 0
cpu113 314395 0 128 204916 1 0 0 0 0 0
cpu114 314445 0 77 204950 1 0 0 0 0 0
cpu115 314383 0 100 204982 0 0 2 0 0 0
cpu116 314092 0 753 204560 2 0 56 0 0 0
cpu117 314287 0 174 204998 0 0 2 0 0 0
cpu118 314460 0 80 204935 0 0 0 0 0 0
cpu119 314251 0 142 205071 0 0 7 0 0 0
cpu120 313910 0 760 204744 4 0 48 0 0 0
cpu121 314429 0 89 204955 0 0 0 0 0 0
cpu122 314130 0 148 205180 0 0 1 0 0 0
cpu123 313847 0 573 204972 0 0 77 0 0 0
cpu124 313972 0 928 204512 3 0 42 0 0 0
cpu125 314374 0 178 204885 0 0 0 0 0 0
cpu126 314409 0 116 204943 0 0 0 0 0 0
cpu127 314303 0 276 204890 0 0 1 0 0 0
intr 112111862 133 0 0 0 680 0 0 0 1 0 272 0 0 0 0 0 0 0 0 0 0 0 0 0 0 0 0 0 0 0 0 0 0 0 0 260 0 802 1013 1147 16583 3919 357 546 1030 452 0 241 4181 653 360 954 9104 115 3 553 1707 1121 53154 161 987 1061 0 254 448 773 184 314 476 16 2 803 4047 1502 3 407 92 221 318 479 4374 297 385 928 2180 422 17216 382 788 19 0 363 3819 47 152 2019 4805 332 741 208 9477 8062 343 999 7791 4831 243 1016 1861 19354 37 434 1831 38 182 462 7461 3834 0 496 790 54 0 251 1889 9 8 651 118 17 123 347 814 1339 0 439 2822 467 4 367 445 73 56 323 1515 2 492 816 1247 16 340 48 10 56 56 283 0 0 0 0 0 0 0 0 0 0 1914 899 13589 164 377 560 45 55 22 1669 190 255 13 153 59 130 122 2 9 3142 324 120 146 174 260 3913 82 7 14 2 481 394 4 49 0 0 0 0 0 0 0 0 0 0 0 0 0 0 0 0 57 7 424 177 103 0 0 2 3 4 11 3 0 4 49 51 160 29 9 13 53 20 53 3 6 9 5 1 95 8 4 67 4 285 4 4 2 14 483 747 221 43 43 3 30 65 24 6 4 22 9 9 38 98 26 2 11 1 2 3 115 34 161 0 0 0 0 0 0 0 0 0 0 0 0 0 0 0 0 0 0 0 0 0 0 0 0 0 0 0 0 0 0 0 0 0 0 0 0 0 0 0 0 0 0 0 0 0 0 0 0 0 0 0 0 0 0 0 0 0 0 0 0 0 0 0 0 0 0 0 0 0 0 0 0 0 0 0 0 0 0 0 0 0 0 0 0 0 0 0 0 0 0 0 0 0 0 0 0 0 0 0 0 0 0 0 0 0 0 0 0 0 0 0 0 0 0 0 0 0 0 0 0 0 0 0 0 0 0 0 0 0 0 0 0 0 0 0 0 0 0 0 0 0 0 0 0 0 0 0 0 0 0 0 0 0 0 0 0 0 0 0 0 0 0 0 0 0 0 0 0 0 0 0 0 0 0 0 0 0 0 0 0 0 0 0 0 0 0 0 0 0 0 0 0 0 0 0 0 0 0 0 0 0 0 0 0 0 0 0 0 0 0 0 0 0 0 0 0 0 0 0 0 0 0 0 0 0 0 0 0 0 0 0 0 0 0 0 0 0 0 0 0 0 0 0 0 0 0 0 0 0 0 0 0 0 0 0 0 0 0 0 0 0 0 0 0 0 0 0 0 0 0 0 0 0 0 0 0 0 0 0 0 0 0 0 0 0 0 0 0 0 0 0 0 0 0 0 0 0 0 0 0 0 0 0 0 0 0 0 0 0 0 0 0 0 0 0 0 0 0 0 0 0 0 0 0 0 0 0 0 0 0 0 0 0 0 0 0 0 0 0 0 0 0 0 0 0 0 0 0 0 0 0 0 0 0 0 0 0 0 0 0 0 0 0 0 0 0 0 0 0 0 0 0 0 0 0 0 0 0 0 0 0 0 0 0 0 0 0 0 0 0 0 0 0 0 0 0 0 0 0 0 0 0 0 0 0 0 0 0 0 0 0 0 0 0 0 0 0 0 0 0 0 0 0 0 0 0 0 0 0 0 0 0 0 0 0 0 0 0 0 0 0 48 0 0 0 0 0 0 0 3 0 0 0 0 0 0 0 0 0 0 0 0 0 0 0 0 0 0 0 0 0 0 0 0 0 0 0 0 0 0 0 0 0 0 0 0 0 0 0 0 0 0 0 0 0 0 0 0 0 0 0 0 0 0 0 0 0 0 48 0 0 0 0 0 0 0 0 23 0 0 0 0 0 0 0 0 0 0 0 0 0 0 0 0 0 0 0 0 0 0 0 0 0 0 0 0 0 0 0 0 0 0 0 0 0 0 0 0 0 0 0 0 0 0 0 0 0 0 0 0 0 0 0 0 0 0 0 0 0 0 0 0 0 0 0 0 0 0 0 0 0 0 0 0 0 0 0 0 0 0 0 0 0 0 0 0 0 0 0 0 0 0 0 0 0 0 0 0 0 0 0 0 0 0 0 0 0 0 0 0 0 0 0 0 0 0 0 0 0 0 0 0 0 0 0 0 0 0 0 0 0 0 0 0 0 0 0 0 0 0 0 0 0 0 0 0 0 0 0 0 0 0 0 0 0 0 0 0 0 0 0 0 0 0 0 0 0 0 0 0 0 0 0 0 0 0 0 0 0 0 0 0 0 0 0 0 0 0 0 0 0 0 0 0 0 0 0 0 0 0 0 0 0 0 0 0 0 0 0 0 0 0 0 0 0 0 0 0 0 0 0 0 0 0 0 0 0 0 0 0 0 0 0 0 0 0 0 0 0 0 0 0 0 0 0 0 0 0 0 0 0 0 0 0 0 0 0 0 0 0 0 0 0 0 0 0 0 0 0 0 0 0 0 0 0 0 0 0 0 0 0 0 0 0 0 0 0 0 0 0 0 0 0 0 0 0 0 0 0 0 0 0 0 0 0 0 0 0 0 0 0 0 0 0 0 0 0 0 0 0 0 0 0 0 0 0 0 0 0 0 0 0 0 0 0 0 0 0 0 0 0 0 0 0 0 0 0 0 0 0 0 0 0 0 0 0 0 0 0 0 0 0 0 0 0 0 0 0 0 0 0 0 0 0 0 0 0 0 0 0 0 0 0 0 0 0 0 0 0 0 0 0 0 0 0 0 0 0 0 0 0 0 0 0 0 0 0 0 0 0 0 0 0 0 0 0 0 0 0 0 0 0 0 0 0 0 0 0 0 0 0 0 0 0 0 0 0 0 0 0 0 0 0 0 0 0 0 0 0 0 0 0 0 0 0 0 0 0 0 0 0 0 0 0 0 0 0 0 0 0 0 0 0 0 0 0 0 0 0 0 0 0 0 0 0 0 0 0 0 0 0 0 0 0 0 0 0 0 0 0 0 0 0 0 0 0 0 0 0 0 0 0 0 0 0 0 0 0 0 0 0 0 0 0 0 0 0 0 0 0 0 0 0 0 0 0 0 0 0 0 0 0 0 0 0 0 0 0 0 0 0 0 0 0 0 0 0 0 0 0 0 0 0 0 0 0 0 0 0 0 0 0 0 0 0 0 0 0 0 0 0 0 0 0 0 0 0 0 0 0 0 0 0 0 0 0 0 0 0 0 0 0 0 0 0 0 0 0 0 0 0 0 0 0 0 0 0 0 0 0 0 0 0 0 0 0 0 0 0 0 0 0 0 0 0 0 0 0 0 0 0 0 0 0 0 0 0 0 0 0 0 0 0 0 0 0 0 0 0 0 0 0 0 0 0 0 0 0 0 0 0 0 0 0 0 0 0 0 0 0 0 0 0 0 0 0 0 0 0 0 0 0 0 0 0 0 0 0 0 0 0 0 0 0 0 0 0 0 0 0 0 0 0 0 0 0 0 0 0 0 0 0 0 0 0 0 0 0 0 0 0 0 0 0 0 0 0 0 0 0 0 0 0 0 0 0 0 0 0 0 0 0 0 0 0 0 0 0 0 0 0 0 0 0 0 0 0 0 0 0 0 0 0 0 0 0 0 0 0 0 0 0 0 0 0 0 0 0 0 0 0 0 0 0 0 0 0 0 0 0 0 0 0 0 0 0 0 0 0 0 0 0 0 0 0 0 0 0 0 0 0 0 0 0 0 0 0 0 0 0 0 0 0 0 0 0 0 0 0 0 0 0 0 0 0 0 0 0 0 0 0 0 0 0 0 0 0 0 0 0 0 0 0 0 0 0 0 0 0 0 0 0 0 0 0 0 0 0 0 0 0 0 0 0 0 0 0 0 0 0 0 0 0 0 0 0 0 0 0 0 0 0 0 0 0 0 0 0 0 0 0 0 0 0 0 0 0 0 0 0 0 0 0 0 0 0 0 0 0 0 0 0 0 0 0 0 0 0 0 0 0 0 0 0 0 0 0 0 0 0 0 0 0 0 0 0 0 0 0 0 0 0 0 0 0 0 0 0 0 0 0 0 0 0 0 0 0 0 0 0 0 0 0 0 0 0 0 0 0 0 0 0 0 0 0 0 0 0 0 0 0 0 0 0 0 0 0 0 0 0 0 0 0 0 0 0 0 0 0 0 0 0 0 0 0 0 0 0 0 0 0 0 0 0 0 0 0 0 0 0 0 0 0 0 0 0 0 0 0 0 0 0 0 0 0 0 0 0 0 0 0 0 0 0 0 0 0 0 0 0 0 0 0 0 0 0 0 0 0 0 0 0 0 0 0 0 0 0 0 0 0 0 0 0 0 0 0 0 0 0 0 0 0 0 0 0 0 0 0 0 0 0 0 0 0 0 0 0 0 0 0 0 0 0 0 0 0 0 0 0 0 0 0 0 0 0 0 0 0 0 0 0 0 0 0 0 0 0 0 0 0 0 0 0 0 0 0 0 0 0 0 0 0 0 0 0 0 0 0 0 0 0 0 0 0 0 0 0 0 0 0 0 0 0 0 0 0 0 0 0 0 0 0 0 0 0 0 0 0 0 0 0 0 0 0 0 0 0 0 0 0 0 0 0 0 0 0 0 0 0 0 0 0 0 0 0 0 0 0 0 0 0 0 0 0 0 0 0 0 0 0 0 0 0 0 0 0 0 0 0 0 0 0 0 0 0 0 0 0 0 0 0 0 0 0 0 0 0 0 0 0 0 0 0 0 0 0 0 0 0 0 0 0 0 0 0 0 0 0 0 0 0 0 0 0 0 0 0 0 0 0 0 0 0 0 0 0 0 0 0 0 0 0 0 0 0 0 0 0 0 0 0 0 0 0 0 0 0 0 0 0 0 0 0 0 0 0 0 0 0 0 0 0 0 0 0 0 0 0 0 0 0 0 0 0 0 0 0 0 0 0 0 0 0 0 0 0 0 0 0 0 0 0 0 0 0 0 0 0 0 0 0 0 0 0 0 0 0 0 0 0 0 0 0 0 0 0 0 0 0 0 0 0 0 0 0 0 0 0 0 0 0 0 0 0 0 0 0 0 0 0 0 0 0 0 0 0 0 0 0 0 0 0 0 0 0 0 0 0 0 0 0 0 0 0 0 0 0 0 0 0 0 0 0 0 0 0 0 0 0 0 0 0 0 0 0 0 0 0 0 0 0 0 0 0 0 0 0 0 0 0 0 0 0 0 0 0 0 0 0 0 0 0 0 0 0 0 0 0 0 0 0 0 0 0 0 0 0 0 0 0 0 0 0 0 0 0 0 0 0 0 0 0 0 0 0 0 0 0 0 0 0 0 0 0 0 0 0 0 0 0 0 0 0 0 0 0 0 0 0 0 0 0 0 0 0 0 0 0 0 0 0 0 0 0 0 0 0 0 0 0 0 0 0 0 0 0 0 0 0 0 0 0 0 0 0 0 0 0 0 0 0 0 0 0 0 0 0 0 0 0 0 0 0 0 0 0 0 0 0 0 0 0 0 0 0 0 0 0 0 0 0 0 0 0 0 0 0 0 0 0 0 0 0 0 0 0 0 0 0 0 0 0 0 0 0 0 0 0 0 0 0 0 0 0 0 0 0 0 0 0 0 0 0 0 0 0 0 0 0 0 0 0 0 0 0 0 0 0 0 0 0 0 0 0 0 0 0 0 0 0 0 0 0 0 0 0 0 0 0 0 0 0 0 0 0 0 0 0 0 0 0 0 0 0 0 0 0 0 0 0 0 0 0 0 0 0 0 0 0 0 0 0 0 0 0 0 0 0 0 0 0 0 0 0 0 0 0 0 0 0 0 0 0 0 0 0 0 0 0 0 0 0 0 0 0 0 0 0 0 0 0 0 0 0 0 0 0 0 0 0 0 0 0 0 0 0 0 0 0 0 0 0 0 0 0 0 0 0 0 0 0 0 0 0 0 0 0 0 0 0 0 0 0 0 0 0 0 0 0 0 0 0 0 0 0 0 0 0 0 0 0 0 0 0 0 0 0 0 0 0 0 0 0 0 0 0 0 0 0 0 0 0 0 0 0 0 0 0 0 0 0 0 0 0 0 0 0 0 0 0 0 0 0 0 0 0 0 0 0 0 0 0 0 0 0 0 0 0 0 0 0 0 0 0 0 0 0 0 0 0 0 0 0 0 0 0 0 0 0 0 0 0 0 0 0 0 0 0 0 0 0 0 0 0 0 0 0 0 0 0 0 0 0 0 0 0 0 0 0 0 0 0 0 0 0 0 0 0 0 0 0 0 0 0 0 0 0 0 0 0 0 0 0 0 0 0 0 0 0 0 0 0 0 0 0 0 0 0 0 0 0 0 0 0 0 0 0 0 0 0 0 0 0 0 0 0 0 0 0 0 0 0 0 0 0 0 0 0 0 0 0 0 0 0 0 0 0 0 0 0 0 0 0 0 0 0 0 0 0 0 0 0 0 0 0 0 0 0 0 0 0 0 0 0 0 0 0 0 0 0 0 0 0 0 0 0 0 0 0 0 0 0 0 0 0 0 0 0 0 0 0 0 0 0 0 0 0 0 0 0 0 0 0 0 0 0 0 0 0 0 0 0 0 0 0 0 0 0 0 0 0 0 0 0 0 0 0 0 0 0 0 0 0 0 0 0 0 0 0 0 0 0 0 0 0 0 0 0 0 0 0 0 0 0 0 0 0 0 0 0 0 0 0 0 0 0 0 0 0 0 0 0 0 0 0 0 0 0 0 0 0 0 0 0 0 0 0 0 0 0 0 0 0 0 0 0 0 0 0 0 0 0 0 0 0 0 0 0 0 0 0 0 0 0 0 0 0 0 0 0 0 0 0 0 0 0 0 0 0 0 0 0 0 0 0 0 0 0 0 0 0 0 0 0 0 0 0 0 0 0 0 0 0 0 0 0 0 0 0 0 0 0 0 0 0 0 0 0 0 0 0 0 0 0 0 0 0 0 0 0 0 0 0 0 0 0 0 0 0 0 0 0 0 0 0 0 0 0 0 0 0 0 0 0 0 0 0 0 0 0 0 0 0 0 0 0 0 0 0 0 0 0 0 0 0 0 0 0 0 0 0 0 0 0 0 0 0 0 0 0 0 0 0 0 0 0 0 0 0 0 0 0 0 0 0 0 0 0 0 0 0 0 0 0 0 0 0 0 0 0 0 0 0 0 0 0 0 0 0 0 0 0 0 0 0 0 0 0 0 0 0 0 0 0 0 0 0 0 0 0 0 0 0 0 0 0 0 0 0 0 0 0 0 0 0 0 0 0 0 0 0 0 0 0 0 0 0 0 0 0 0 0 0 0 0 0 0 0 0 0 0 0 0 0 0 0 0 0 0 0 0 0 0 0 0 0 0 0 0 0 0 0 0 0 0 0 0 0 0 0 0 0 0 0 0 0 0 0 0 0 0 0 0 0 0 0 0 0 0 0 0 0 0 0 0 0 0 0 0 0 0 0 0 0 0 0 0 0 0 0 0 0 0 0 0 0 0 0 0 0 0 0 0 0 0 0 0 0 0 0 0 0 0 0 0 0 0 0 0 0 0 0 0 0 0 0 0 0 0 0 0 0 0 0 0 0 0 0 0 0 0 0 0 0 0 0 0 0 0 0 0 0 0 0 0 0 0 0 0 0 0 0 0 0 0 0 0 0 0 0 0 0 0 0 0 0 0 0 0 0 0 0 0 0 0 0 0 0 0 0 0 0 0 0 0 0 0 0 0 0 0 0 0 0 0 0 0 0 0 0 0 0 0 0 0 0 0 0 0 0 0 0 0 0 0 0 0 0 0 0 0 0 0 0 0 0 0 0 0 0 0 0 0 0 0 0 0 0 0 0 0 0 0 0 0 0 0 0 0 0 0 0 0 0 0 0 0 0 0 0 0 0 0 0 0 0 0 0 0 0 0 0 0 0 0 0 0 0 0 0 0 0 0 0 0 0 0 0 0 0 0 0 0 0 0 0 0 0 0 0 0 0 0 0 0 0 0 0 0 0 0 0 0 0 0 0 0 0 0 0 0 0 0 0 0 0 0 0 0 0 0 0 0 0 0 0 0 0 0 0 0 0 0 0 0 0 0 0 0 0 0 0 0 0 0 0 0 0 0 0 0 0 0 0 0 0 0 0 0 0 0 0 0 0 0 0 0 0 0 0 0 0 0 0 0 0 0 0 0 0 0 0 0 0 0 0 0 0 0 0 0 0 0 0 0 0 0 0 0 0 0 0 0 0 0 0 0 0 0 0 0 0 0 0 0 0 0 0 0 0 0 0 0 0 0 0 0 0 0 0 0 0 0 0 0 0 0 0 0 0 0 0 0 0 0 0 0 0 0 0 0 0 0 0 0 0 0 0 0 0 0 0 0 0 0 0 0 0 0 0 0 0 0 0 0 0 0 0 0 0 0 0 0 0 0 0 0 0 0 0 0 0 0 0 0 0 0 0 0 0 0 0 0 0 0 0 0 0 0 0 0 0 0 0 0 0 0 0 0 0 0 0 0 0 0 0 0 0 0 0 0 0 0 0 0 0 0 0 0 0 0 0 0 0 0 0 0 0 0 0 0 0 0 0 0 0 0 0 0 0 0 0 0 0 0 0 0 0 0 0 0 0 0 0 0 0 0 0 0 0 0 0 0 0 0 0 0 0 0 0 0 0 0 0 0 0 0 0 0 0 0 0 0 0 0 0 0 0 0 0 0 0 0 0 0 0 0 0 0 0 0 0 0 0 0 0 0 0 0 0 0 0 0 0 0 0 0 0 0 0 0 0 0 0 0 0 0 0 0 0 0 0 0 0 0 0 0 0 0 0 0 0 0 0 0 0 0 0 0 0 0 0 0 0 0 0 0 0 0 0 0 0 0 0 0 0 0 0 0 0 0 0 0 0 0 0 0 0 0 0 0 0 0 0 0 0 0 0 0 0 0 0 0 0 0 0 0 0 0 0 0 0 0 0 0 0 0 0 0 0 0 0 0 0 0 0 0 0 0 0 0 0 0 0 0 0 0 0 0 0 0 0 0 0 0 0 0 0 0 0 0 0 0 0 0 0 0 0 0 0 0 0 0 0 0 0 0 0 0 0 0 0 0 0 0 0 0 0 0 0 0 0 0 0 0 0 0 0 0 0 0 0 0 0 0 0 0 0 0 0 0 0 0 0 0 0 0 0 0 0 0 0 0 0 0 0 0 0 0 0 0 0 0 0 0 0 0 0 0 0 0 0 0 0 0 0 0 0 0 0 0 0 0 0 0 0 0 0 0 0 0 0 0 0 0 0 0 0 0 0 0 0 0 0 0 0 0 0 0 0 0 0 0 0 0 0 0 0 0 0 0 0 0 0 0 0 0 0 0 0 0 0 0 0 0 0 0 0 0 0 0 0 0 0 0 0 0 0 0 0 0 0 0 0 0 0 0 0 0 0 0 0 0 0 0 0 0 0 0 0 0 0 0 0 0 0 0 0 0 0 0 0 0 0 0 0 0 0 0 0 0 0 0 0 0 0 0 0 0 0 0 0 0 0 0 0 0 0 0 0 0 0 0 0 0 0 0 0 0 0 0 0 0 0 0 0 0 0 0 0 0 0 0 0 0 0 0 0 0 0 0 0 0 0 0 0 0 0 0 0 0 0 0 0 0 0 0 0 0 0 0 0 0 0 0 0 0 0 0 0 0 0 0 0 0 0 0 0 0 0 0 0 0 0 0 0 0 0 0 0 0 0 0 0 0 0 0 0 0 0 0 0 0 0 0 0 0 0 0 0 0 0 0 0 0 0 0 0 0 0 0 0 0 0 0 0 0 0 0 0 0 0 0 0 0 0 0 0 0 0 0 0 0 0 0 0 0 0 0 0 0 0 0 0 0 0 0 0 0 0 0 0 0 0 0 0 0 0 0 0 0 0 0 0 0 0 0 0 0 0 0 0 0 0 0 0 0 0 0 0 0 0 0 0 0 0 0 0 0 0 0 0 0 0 0 0 0 0 0 0 0 0 0 0 0 0 0 0 0 0 0 0 0 0 0 0 0 0 0 0 0 0 0 0 0 0 0 0 0 0 0 0 0 0 0 0 0 0 0 0
ctxt 7422579
btime 1613064757
processes 148450
procs_running 1
procs_blocked 0
softirq 123447528 1 75221961 1821 1287120 0 0 877 3833742 0 43102006
