cpu  20358071 5 28084 8444460 129 0 1950 0 0 0
cpu0 317839 0 798 131556 0 0 321 0 0 0
cpu1 317943 0 456 132070 2 0 104 0 0 0
cpu2 317652 0 837 131988 0 0 43 0 0 0
cpu3 317965 0 320 132216 7 0 22 0 0 0
cpu4 317602 0 828 131966 0 0 41 0 0 0
cpu5 318124 0 232 132158 0 0 20 0 0 0
cpu6 318119 0 510 131868 0 0 31 0 0 0
cpu7 317244 0 925 132204 0 0 146 0 0 0
cpu8 317953 0 759 131783 0 0 24 0 0 0
cpu9 318093 0 226 132184 0 0 21 0 0 0
cpu10 318018 0 589 131888 0 0 22 0 0 0
cpu11 318287 0 164 132069 0 0 8 0 0 0
cpu12 317963 0 519 132022 0 0 22 0 0 0
cpu13 318248 0 122 132159 0 0 0 0 0 0
cpu14 317688 0 781 132026 2 0 19 0 0 0
cpu15 317794 0 516 132146 0 0 74 0 0 0
cpu16 317475 0 997 132022 3 0 21 0 0 0
cpu17 317993 0 352 132136 0 0 39 0 0 0
cpu18 318031 0 793 131663 4 0 32 0 0 0
cpu19 318189 0 175 132150 0 0 14 0 0 0
cpu20 317760 0 1122 131499 59 0 34 0 0 0
cpu21 318242 0 153 132133 0 0 3 0 0 0
cpu22 317384 0 1040 132062 1 0 32 0 0 0
cpu23 318072 0 270 132145 0 0 37 0 0 0
cpu24 317580 1 824 132096 0 0 22 0 0 0
cpu25 318283 0 104 132135 0 0 2 0 0 0
cpu26 317624 0 795 132076 0 0 23 0 0 0
cpu27 318654 0 219 131645 0 0 7 0 0 0
cpu28 318262 0 367 131880 0 0 13 0 0 0
cpu29 318202 0 149 132166 0 0 4 0 0 0
cpu30 317870 0 606 132001 1 0 37 0 0 0
cpu31 318077 0 280 132131 1 0 30 0 0 0
cpu32 318169 0 616 131709 0 0 12 0 0 0
cpu33 317941 0 369 132153 0 0 23 0 0 0
cpu34 318026 0 409 132049 0 0 16 0 0 0
cpu35 318005 0 272 132216 0 0 15 0 0 0
cpu36 318066 0 396 132010 0 0 14 0 0 0
cpu37 318167 0 188 132147 0 0 16 0 0 0
cpu38 318057 0 616 131823 2 0 20 0 0 0
cpu39 317023 0 1099 132162 0 0 223 0 0 0
cpu40 318009 0 709 131784 0 0 14 0 0 0
cpu41 318061 0 284 132132 1 0 41 0 0 0
cpu42 320369 0 672 129429 14 0 5 0 0 0
cpu43 318246 0 114 132145 1 0 4 0 0 0
cpu44 318851 0 349 131316 0 0 5 0 0 0
cpu45 318250 0 116 132145 1 0 6 0 0 0
cpu46 319610 0 576 130291 2 0 5 0 0 0
cpu47 318213 0 153 132138 1 0 9 0 0 0
cpu48 318130 0 435 131929 0 0 7 0 0 0
cpu49 318285 0 84 132146 0 0 2 0 0 0
cpu50 318237 1 516 131653 0 0 78 0 0 0
cpu51 318260 0 112 132138 0 0 2 0 0 0
cpu52 318104 0 296 132097 0 0 11 0 0 0
cpu53 318288 0 99 132111 0 0 3 0 0 0
cpu54 318135 0 371 131987 0 0 13 0 0 0
cpu55 318224 0 144 132132 0 0 12 0 0 0
cpu56 317949 0 465 132086 0 0 12 0 0 0
cpu57 318290 0 77 132146 0 0 2 0 0 0
cpu58 318066 0 326 132105 3 0 12 0 0 0
cpu59 318218 0 142 132144 0 0 6 0 0 0
cpu60 318218 0 251 132028 0 0 6 0 0 0
cpu61 318138 0 217 132131 0 0 25 0 0 0
cpu62 318104 0 375 131710 0 0 15 0 0 0
cpu63 318107 0 384 131992 0 0 28 0 0 0
intr 58568509 83 0 0 0 622 0 0 0 1 0 285 0 0 0 0 0 0 0 0 0 0 0 0 0 0 0 0 0 0 0 0 0 0 0 0 0 0 0 1975 14050 1090 7054 2023 5251 358 24107 851 3738 600 4473 283 0 710 18826 2700 560 2136 2258 21715 674 4739 1818 1404 793 841 2125 510 709 1041 4537 1239 6350 1077 5302 684 2264 2963 7286 1564 8269 760 346 350 1088 289 3028 1148 1407 48909 2022 1468 1984 769 3571 523 969 1153 1039 888 1 626 8278 0 0 0 0 0 0 0 0 0 0 0 0 0 0 0 0 0 31819 93 0 0 0 0 0 0 0 0 0 0 0 0 0 0 0 0 0 0 0 0 0 0 0 0 0 0 0 0 0 0 0 0 0 0 0 0 0 0 0 0 0 0 0 0 0 0 0 0 0 0 0 0 0 0 0 0 0 0 0 0 0 0 0 0 0 0 0 0 0 0 0 0 0 0 0 25 0 0 0 0 0 0 0 0 0 0 0 0 0 0 0 0 0 0 0 0 0 0 0 0 0 0 0 0 0 0 0 0 0 0 0 0 0 0 0 0 0 0 0 0 0 0 0 0 0 0 0 0 0 0 0 0 0 0 0 0 0 0 0 0 0 0 0 0 0 0 0 0 0 0 0 0 0 0 0 0 0 0 0 0 0 0 0 0 0 0 0 0 0 0 0 0 0 0 0 0 0 0 0 0 0 0 0 0 0 0 0 0 0 0 0 0 0 0 0 0 0 0 0 0 0 0 0 0 0 0 0 0 0 0 0 0 0 0 0 0 0 0 0 0 0 0 0 0 0 0 0 0 0 0 0 0 0 0 0 0 0 0 0 0 0 0 0 0 0 0 0 0 0 0 0 0 0 0 0 0 0 0 0 0 0 0 0 0 0 0 0 0 0 0 0 0 0 0 0 0 0 0 0 0 0 0 0 0 0 0 0 0 0 0 0 0 0 0 0 0 0 0 0 0 0 0 0 0 0 0 0 0 0 0 0 0 0 0 0 0 0 0 0 0 0 0 0 0 0 0 0 0 0 0 0 0 0 0 0 0 0 0 0 0 0 0 0 0 0 0 0 0 0 0 0 0 0 0 0 0 0 0 0 0 0 0 0 0 0 0 0 0 0 0 0 0 0 0 0 0 0 0 0 0 0 0 0 0 0 0 0 0 0 0 0 0 0 0 0 0 0 0 0 0 0 0 0 0 0 0 0 0 0 0 0 0 0 0 0 0 0 0 0 0 0 0 0 0 0 0 0 0 0 0 0 0 0 0 0 0 0 0 0 0 0 0 0 0 0 0 0 0 0 0 0 0 0 0 0 0 0 0 0 0 0 0 0 0 0 0 0 0 0 0 0 0 0 0 0 0 0 0 0 0 0 0 0 0 0 0 0 0 0 0 0 0 0 0 0 0 0 0 0 0 0 0 0 0 0 0 0 0 0 0 0 0 0 0 0 0 0 0 0 0 0 0 0 0 0 0 0 0 0 0 0 0 0 0 0 0 0 0 0 0 0 0 0 0 0 0 0 0 0 0 0 0 0 0 0 0 0 0 0 0 0 0 0 0 0 0 0 0 0 0 0 0 0 0 0 0 0 0 0 0 0 0 0 0 0 0 0 0 0 0 0 0 0 0 0 0 0 0 0 0 0 0 0 0 0 0 0 0 0 0 0 0 0 0 0 0 0 0 0 0 0 0 0 0 0 0 0 0 0 0 0 0 0 0 0 0 0 0 0 0 0 0 0 0 0 0 0 0 0 0 0 0 0 0 0 0 0 0 0 0 0 0 0 0 0 0 0 0 0 0 0 0 0 0 0 0 0 0 0 0 0 0 0 0 0 0 0 0 0 0 0 0 0 0 0 0 0 0 0 0 0 0 0 0 0 0 0 0 0 0 0 0 0 0 0 0 0 0 0 0 0 0 0 0 0 0 0 0 0 0 0 0 0 0 0 0 0 0 0 0 0 0 0 0 0 0 0 0 0 0 0 0 0 0 0 0 0 0 0 0 0 0 0 0 0 0 0 0 0 0 0 0 0 0 0 0 0 0 0 0 0 0 0 0 0 0 0 0 0 0 0 0 0 0 0 0 0 0 0 0 0 0 0 0 0 0 0 0 0 0 0 0 0 0 0 0 0 0 0 0 0 0 0 0 0 0 0 0 0 0 0 0 0 0 0 0 0 0 0 0 0 0 0 0 0 0 0 0 0 0 0 0 0 0 0 0 0 0 0 0 0 0 0 0 0 0 0 0 0 0 0 0 0 0 0 0 0 0 0 0 0 0 0 0 0 0 0 0 0 0 0 0 0 0 0 0 0 0 0 0 0 0 0 0 0 0 0 0 0 0 0 0 0 0 0 0 0 0 0 0 0 0 0 0 0 0 0 0 0 0 0 0 0 0 0 0 0 0 0 0 0 0 0 0 0 0 0 0 0 0 0 0 0 0 0 0 0 0 0 0 0 0 0 0 0 0 0 0 0 0 0 0 0 0 0 0 0 0 0 0 0 0 0 0 0 0 0 0 0 0 0 0 0 0 0 0 0 0 0 0 0 0 0 0 0 0 0 0 0 0 0 0 0 0 0 0 0 0 0 0 0 0 0 0 0 0 0 0 0 0 0 0 0 0 0 0 0 0 0 0 0 0 0 0 0 0 0 0 0 0 0 0 0 0 0 0 0 0 0 0 0 0 0 0 0 0 0 0 0 0 0 0 0 0 0 0 0 0 0 0 0 0 0 0 0 0 0 0 0 0 0 0 0 0 0 0 0 0 0 0 0 0 0 0 0 0 0 0 0 0 0 0 0 0 0 0 0 0 0 0 0 0 0 0 0 0 0 0 0 0 0 0 0 0 0 0 0 0 0 0 0 0 0 0 0 0 0 0 0 0 0 0 0 0 0 0 0 0 0 0 0 0 0 0 0 0 0 0 0 0 0 0 0 0 0 0 0 0 0 0 0 0 0 0 0 0 0 0 0 0 0 0 0 0 0 0 0 0 0 0 0 0 0 0 0 0 0 0 0 0 0 0 0 0 0 0 0 0 0 0 0 0 0 0 0 0 0 0 0 0 0 0 0 0 0 0 0 0 0 0 0 0 0 0 0 0 0 0 0 0 0 0 0 0 0 0 0 0 0 0 0 0 0 0 0 0 0 0 0 0 0 0 0 0 0 0 0 0 0 0 0 0 0 0 0 0 0 0 0 0 0 0 0 0 0 0 0 0 0 0 0 0 0 0 0 0 0 0 0 0 0 0 0 0 0 0 0 0 0 0 0 0 0 0 0 0 0 0 0 0 0 0 0 0 0 0 0 0 0 0 0 0 0 0 0 0 0 0 0 0 0 0 0 0 0 0 0 0 0 0 0 0 0 0 0 0 0 0 0 0 0 0 0 0 0 0 0 0 0 0 0 0 0 0 0 0 0 0 0 0 0 0 0 0 0 0 0 0 0 0 0 0 0 0 0 0 0 0 0 0 0 0 0 0 0 0 0 0 0 0 0 0 0 0 0 0 0 0 0 0 0 0 0 0 0 0 0 0 0 0 0 0 0 0 0 0 0 0 0 0 0 0 0 0 0 0 0 0 0 0 0 0 0 0 0 0 0 0 0 0 0 0 0 0 0 0 0 0 0 0 0 0 0 0 0 0 0 0 0 0 0 0 0 0 0 0 0 0 0 0 0 0 0 0 0 0 0 0 0 0 0 0 0 0 0 0 0 0 0 0 0 0 0 0 0 0 0 0 0 0 0 0 0 0 0 0 0 0 0 0 0 0 0 0 0 0 0 0 0 0 0 0 0 0 0 0 0 0 0 0 0 0 0 0 0 0 0 0 0 0 0 0 0 0 0 0 0 0 0 0 0 0 0 0 0 0 0 0 0 0 0 0 0 0 0 0 0 0 0 0 0 0 0 0 0 0 0 0 0 0 0 0 0 0 0 0 0 0 0 0 0 0 0 0 0 0 0 0 0 0 0 0 0 0 0 0 0 0 0 0 0 0 0 0 0 0 0 0 0 0 0 0 0 0 0 0 0 0 0 0 0 0 0 0 0 0 0 0 0 0 0 0 0 0 0 0 0 0 0 0 0 0 0 0 0 0 0 0 0 0 0 0 0 0 0 0 0 0 0 0 0 0 0 0 0 0 0 0 0 0 0 0 0 0 0 0 0 0 0 0 0 0 0 0 0 0 0 0 0 0 0 0 0 0 0 0 0 0 0 0 0 0 0 0 0 0 0 0 0 0 0 0 0 0 0 0 0 0 0 0 0 0 0 0 0 0 0 0 0 0 0 0 0 0 0 0 0 0 0 0 0 0 0 0 0 0 0 0 0 0 0 0 0 0 0 0 0 0 0 0 0 0 0 0 0 0 0 0 0 0 0 0 0 0 0 0 0 0 0 0 0 0 0 0 0 0 0 0 0 0 0 0 0 0 0 0 0 0 0 0 0 0 0 0 0 0 0 0 0 0 0 0 0 0 0 0 0 0 0 0 0 0 0 0 0 0 0 0 0 0 0 0 0 0 0 0 0 0 0 0 0 0 0 0 0 0 0 0 0 0 0 0 0 0 0 0 0 0 0 0 0 0 0 0 0 0 0 0 0 0 0 0 0 0 0 0 0 0 0 0 0 0 0 0 0 0 0 0 0 0 0 0 0 0 0 0 0 0 0 0 0 0 0 0 0 0 0 0 0 0 0 0 0 0 0 0 0 0 0 0 0 0 0 0 0 0 0 0 0 0 0 0 0 0 0 0 0 0 0 0 0 0 0 0 0 0 0 0 0 0 0 0 0 0 0 0 0 0 0 0 0 0 0 0 0 0 0 0 0 0 0 0 0 0 0 0 0 0 0 0 0 0 0 0 0 0 0 0 0 0 0 0 0 0 0 0 0 0 0 0 0 0 0 0 0 0 0 0 0 0 0 0 0 0 0 0 0 0 0 0 0 0 0 0 0 0 0 0 0 0 0 0 0 0 0 0 0 0 0 0 0 0 0 0 0 0 0 0 0 0 0 0 0 0 0 0 0 0 0 0 0 0 0 0 0 0 0 0 0 0 0 0 0 0 0 0 0 0 0 0 0 0 0 0 0 0 0 0 0 0 0 0 0 0 0 0 0 0 0 0 0 0 0 0 0 0 0 0 0 0 0 0 0 0 0 0 0 0 0 0 0 0 0 0 0 0 0 0 0 0 0 0 0 0 0
ctxt 9109514
btime 1613123984
processes 218160
procs_running 1
procs_blocked 0
softirq 66635437 1 38647485 1675 1790115 0 0 145 2019452 0 24176564
