cpu  17212459 4 20313 7005757 494 0 2473 0 0 0
cpu0 477804 0 800 194397 13 0 458 0 0 0
cpu1 479546 0 918 192846 1 0 116 0 0 0
cpu2 477745 0 968 193942 2 0 682 0 0 0
cpu3 478050 0 577 194712 4 0 40 0 0 0
cpu4 478357 0 561 194387 44 0 34 0 0 0
cpu5 478182 0 522 194629 29 0 12 0 0 0
cpu6 477956 0 587 194770 16 0 34 0 0 0
cpu7 477995 0 503 194839 13 0 22 0 0 0
cpu8 478040 0 495 194753 72 0 17 0 0 0
cpu9 477791 0 610 194937 2 0 43 0 0 0
cpu10 477820 0 629 194899 4 0 30 0 0 0
cpu11 478055 0 491 194803 0 0 27 0 0 0
cpu12 476907 0 1498 194743 7 0 210 0 0 0
cpu13 478221 0 557 194562 1 0 30 0 0 0
cpu14 477977 0 472 194907 1 0 19 0 0 0
cpu15 477800 0 753 194734 5 0 86 0 0 0
cpu16 477527 0 872 194836 2 0 135 0 0 0
cpu17 477875 0 692 194773 6 0 13 0 0 0
cpu18 478436 0 450 194473 3 0 9 0 0 0
cpu19 478518 0 536 194224 48 0 26 0 0 0
cpu20 478496 0 486 194317 1 0 46 0 0 0
cpu21 478919 0 461 193948 2 0 38 0 0 0
cpu22 478692 0 382 194228 62 0 6 0 0 0
cpu23 478359 0 450 194460 70 0 9 0 0 0
cpu24 478286 0 295 194780 4 0 6 0 0 0
cpu25 478156 0 384 194821 1 0 9 0 0 0
cpu26 478042 0 388 194906 0 0 37 0 0 0
cpu27 477998 0 467 194899 1 0 6 0 0 0
cpu28 478173 0 385 194796 1 0 13 0 0 0
cpu29 478168 0 297 194894 0 0 11 0 0 0
cpu30 478198 0 281 194876 10 0 5 0 0 0
cpu31 478464 0 310 194582 1 0 16 0 0 0
cpu32 478158 2 325 194860 8 0 8 0 0 0
cpu33 478298 0 356 194676 20 0 9 0 0 0
cpu34 477729 0 732 194756 19 0 131 0 0 0
cpu35 477706 0 808 194772 2 0 65 0 0 0
intr 47662887 56 0 0 0 614 0 0 0 1 0 263 0 0 0 0 0 0 0 0 0 0 0 0 0 0 0 0 0 0 0 0 0 742 144 533 433 4717 2539 590 380 3010 1162 74 125 2108 285 466 238 563 469 160 6148 556 126 2204 3248 0 0 0 0 384 104 76 70 70 128 614 119 1019 1591 1132 336 93 0 16 13430 2648 0 12974 846 125503 627 552 838 1140 1251 795 1169 1073 1570 56245 6248 2444 2616 2112 668 1028 601 4689 2250 231 1132 226 514 1067 878 547 2436 843 584 1451 428 1623 1159 0 18 7855 1 0 0 0 0 0 0 0 0 0 0 0 0 0 0 0 0 0 0 0 0 0 0 0 0 0 0 0 0 0 0 0 0 0 0 0 0 0 21 0 0 0 0 0 0 0 0 0 0 0 0 0 0 0 0 0 0 0 0 0 0 0 0 0 0 0 0 0 0 0 0 0 0 0 0 0 0 0 0 0 0 0 0 0 0 0 0 0 0 0 0 0 0 0 0 0 0 0 0 0 0 0 0 0 0 0 0 0 0 0 0 0 0 0 0 0 0 0 0 0 0 0 0 0 0 0 0 0 0 0 0 0 0 0 0 0 0 0 0 0 0 0 0 0 0 0 0 0 0 0 0 0 0 0 0 0 0 0 0 0 0 0 0 0 0 0 0 0 0 0 0 0 0 0 0 0 0 0 0 0 0 0 0 0 0 0 0 0 0 0 0 0 0 0 0 0 0 0 0 0 0 0 0 0 0 0 0 0 0 0 0 0 0 0 0 0 0 0 0 0 0 0 0 0 0 0 0 0 0 0 0 0 0 0 0 0 0 0 0 0 0 0 0 0 0 0 0 0 0 0 0 0 0 0 0 0 0 0 0 0 0 0 0 0 0 0 0 0 0 0 0 0 0 0 0 0 0 0 0 0 0 0 0 0 0 0 0 0 0 0 0 0 0 0 0 0 0 0 0 0 0 0 0 0 0 0 0 0 0 0 0 0 0 0 0 0 0 0 0 0 0 0 0 0 0 0 0 0 0 0 0 0 0 0 0 0 0 0 0 0 0 0 0 0 0 0 0 0 0 0 0 0 0 0 0 0 0 0 0 0 0 0 0 0 0 0 0 0 0 0 0 0 0 0 0 0 0 0 0 0 0 0 0 0 0 0 0 0 0 0 0 0 0 0 0 0 0 0 0 0 0 0 0 0 0 0 0 0 0 0 0 0 0 0 0 0 0 0 0 0 0 0 0 0 0 0 0 0 0 0 0 0 0 0 0 0 0 0 0 0 0 0 0 0 0 0 0 0 0 0 0 0 0 0 0 0 0 0 0 0 0 0 0 0 0 0 0 0 0 0 0 0 0 0 0 0 0 0 0 0 0 0 0 0 0 0 0 0 0 0 0 0 0 0 0 0 0 0 0 0 0 0 0 0 0 0 0 0 0 0 0 0 0 0 0 0 0 0 0 0 0 0 0 0 0 0 0 0 0 0 0 0 0 0 0 0 0 0 0 0 0 0 0 0 0 0 0 0 0 0 0 0 0 0 0 0 0 0 0 0 0 0 0 0 0 0 0 0 0 0 0 0 0 0 0 0 0 0 0 0 0 0 0 0 0 0 0 0 0 0 0 0 0 0 0 0 0 0 0 0 0 0 0 0 0 0 0 0 0 0 0 0 0 0 0 0 0 0 0 0 0 0 0 0 0 0 0 0 0 0 0 0 0 0 0 0 0 0 0 0 0 0 0 0 0 0 0 0 0 0 0 0 0 0 0 0 0 0 0 0 0 0 0 0 0 0 0 0 0 0 0 0 0 0 0 0 0 0 0 0 0 0 0 0 0 0 0 0 0 0 0 0 0 0 0 0 0 0 0 0 0 0 0 0 0 0 0 0 0 0 0 0 0 0 0 0 0 0 0 0 0 0 0 0 0 0 0 0 0 0 0 0 0 0 0 0 0 0 0 0 0 0 0 0 0 0 0 0 0 0 0 0 0 0 0 0 0 0 0 0 0 0 0 0 0 0 0 0 0 0 0 0 0 0 0 0 0 0 0 0 0 0 0 0 0 0 0 0 0 0 0 0 0 0 0 0 0 0 0 0 0 0 0 0 0 0 0 0 0 0 0 0 0 0 0 0 0 0 0 0 0 0 0 0 0 0 0 0 0 0 0 0 0 0 0 0 0 0 0 0 0 0 0 0 0 0 0 0 0 0 0 0 0 0 0 0 0 0 0 0 0 0 0 0 0 0 0 0 0 0 0 0 0 0 0 0 0 0 0 0 0 0 0 0 0 0 0 0 0 0 0 0 0 0 0 0 0 0 0 0 0 0 0 0 0 0 0 0 0 0 0 0 0 0 0 0 0 0 0 0 0 0 0 0 0 0 0 0 0 0 0 0 0 0 0 0 0 0 0 0 0 0 0 0 0 0 0 0 0 0 0 0 0 0 0 0 0 0 0 0 0 0 0 0 0 0 0 0 0 0 0 0 0 0 0 0 0 0 0 0 0 0 0 0 0 0 0 0 0 0 0 0 0 0 0 0 0 0 0 0 0 0 0 0 0 0 0 0 0 0 0 0 0 0 0 0 0 0 0 0 0 0 0 0 0 0 0 0 0 0 0 0 0 0 0 0 0 0 0 0 0 0 0 0 0 0 0 0 0 0 0 0 0 0 0 0 0 0 0 0 0 0 0 0 0 0 0 0 0 0 0 0 0 0 0 0 0 0 0 0 0 0 0 0 0 0 0 0 0 0 0 0 0 0 0 0 0 0 0 0 0 0 0 0 0 0 0 0 0 0 0 0 0 0 0 0 0 0 0 0 0 0 0 0 0 0 0 0 0 0 0 0 0 0 0 0 0 0 0
ctxt 12839036
btime 1613124388
processes 322289
procs_running 1
procs_blocked 0
softirq 61803900 1 35607493 579 2422964 0 0 238317 1662061 0 21872485
