cpu  26588980 5 45241 25788720 413 0 3854 0 0 0
cpu0 206021 0 2480 200476 0 0 360 0 0 0
cpu1 207937 0 116 201493 0 0 16 0 0 0
cpu2 207939 0 150 201509 16 0 0 0 0 0
cpu3 206668 0 403 202471 3 0 26 0 0 0
cpu4 206319 0 1907 201185 0 0 165 0 0 0
cpu5 207977 0 105 201533 7 0 0 0 0 0
cpu6 207809 0 211 201579 0 0 20 0 0 0
cpu7 207649 0 167 201773 0 0 16 0 0 0
cpu8 206652 0 1454 201323 10 0 168 0 0 0
cpu9 207910 0 84 201619 0 0 0 0 0 0
cpu10 207880 0 81 201654 0 0 0 0 0 0
cpu11 207779 0 151 201664 0 0 11 0 0 0
cpu12 206763 0 1238 201465 0 0 109 0 0 0
cpu13 207974 0 79 201561 0 0 0 0 0 0
cpu14 207930 0 83 201604 0 0 2 0 0 0
cpu15 207903 0 158 201554 0 0 8 0 0 0
cpu16 207461 0 1437 200515 1 0 188 0 0 0
cpu17 207964 0 68 201578 1 0 0 0 0 0
cpu18 207668 0 102 201825 0 0 2 0 0 0
cpu19 207873 0 100 201623 0 0 2 0 0 0
cpu20 206883 0 1319 201275 0 0 119 0 0 0
cpu21 207880 0 107 201530 1 0 51 0 0 0
cpu22 207832 0 86 201690 0 0 3 0 0 0
cpu23 207954 0 81 201573 0 0 0 0 0 0
cpu24 206951 0 1160 201278 0 0 136 0 0 0
cpu25 207965 0 81 201565 0 0 0 0 0 0
cpu26 208018 0 82 201504 0 0 0 0 0 0
cpu27 207778 0 83 201737 0 0 4 0 0 0
cpu28 206892 1 1135 201451 0 0 128 0 0 0
cpu29 207966 0 84 201557 0 0 0 0 0 0
cpu30 207930 0 77 201602 1 0 0 0 0 0
cpu31 207965 0 78 201564 0 0 0 0 0 0
cpu32 206876 0 1128 201496 1 0 94 0 0 0
cpu33 207960 0 85 201563 0 0 0 0 0 0
cpu34 207990 0 75 201538 0 0 0 0 0 0
cpu35 207818 0 185 201579 0 0 23 0 0 0
cpu36 206852 0 1424 201175 4 0 137 0 0 0
cpu37 207974 0 80 201551 0 0 0 0 0 0
cpu38 208006 0 69 201532 0 0 0 0 0 0
cpu39 207780 0 97 201723 0 0 3 0 0 0
cpu40 207004 0 1266 201176 1 0 142 0 0 0
cpu41 207976 0 88 201539 0 0 0 0 0 0
cpu42 207927 0 74 201598 0 0 2 0 0 0
cpu43 207818 0 158 201608 0 0 15 0 0 0
cpu44 207097 0 1050 201325 5 0 116 0 0 0
cpu45 207962 0 74 201563 0 0 1 0 0 0
cpu46 207954 0 75 201572 0 0 0 0 0 0
cpu47 207939 0 95 201564 1 0 3 0 0 0
cpu48 207062 0 1037 201372 0 0 122 0 0 0
cpu49 207968 0 72 201557 1 0 2 0 0 0
cpu50 207918 0 67 201617 0 0 0 0 0 0
cpu51 207923 0 108 201565 0 0 0 0 0 0
cpu52 207246 0 1047 201195 1 0 87 0 0 0
cpu53 207990 0 67 201527 8 0 0 0 0 0
cpu54 207953 0 62 201577 1 0 0 0 0 0
cpu55 207914 0 111 201567 1 0 8 0 0 0
cpu56 207070 0 1116 201289 1 0 115 0 0 0
cpu57 207983 0 74 201546 0 0 0 0 0 0
cpu58 207699 0 258 201603 0 0 31 0 0 0
cpu59 207681 0 357 201528 0 0 33 0 0 0
cpu60 206948 0 1380 201117 1 0 126 0 0 0
cpu61 207980 0 82 201539 0 0 0 0 0 0
cpu62 207731 0 92 201761 0 0 5 0 0 0
cpu63 207528 0 283 201751 0 0 12 0 0 0
cpu64 207493 0 1196 200781 20 0 78 0 0 0
cpu65 207969 0 80 201534 5 0 0 0 0 0
cpu66 207763 0 93 201735 1 0 2 0 0 0
cpu67 207772 0 232 201574 2 0 8 0 0 0
cpu68 207437 2 904 201167 24 0 51 0 0 0
cpu69 207958 0 75 201553 0 0 0 0 0 0
cpu70 207965 0 80 201549 0 0 0 0 0 0
cpu71 207890 0 130 201566 1 0 6 0 0 0
cpu72 207721 0 925 200521 165 0 233 0 0 0
cpu73 207932 0 82 201579 1 0 0 0 0 0
cpu74 207937 0 79 201576 0 0 0 0 0 0
cpu75 207946 0 96 201543 3 0 0 0 0 0
cpu76 208732 0 785 200040 1 0 31 0 0 0
cpu77 207947 0 78 201571 0 0 0 0 0 0
cpu78 207955 0 73 201563 0 0 0 0 0 0
cpu79 207844 0 176 201555 1 0 14 0 0 0
cpu80 207581 0 788 201131 8 0 76 0 0 0
cpu81 207966 0 83 201549 0 0 0 0 0 0
cpu82 207927 0 80 201578 0 0 2 0 0 0
cpu83 207956 0 67 201563 0 0 0 0 0 0
cpu84 207197 0 868 201440 1 0 62 0 0 0
cpu85 207964 0 81 201539 0 0 0 0 0 0
cpu86 207998 0 68 201519 0 0 0 0 0 0
cpu87 207844 0 104 201626 0 0 3 0 0 0
cpu88 207384 0 726 201404 0 0 69 0 0 0
cpu89 207945 0 81 201558 0 0 0 0 0 0
cpu90 207989 0 78 201518 0 0 0 0 0 0
cpu91 207960 0 74 201549 0 0 1 0 0 0
cpu92 207441 0 851 201226 0 0 59 0 0 0
cpu93 207973 0 72 201531 1 0 0 0 0 0
cpu94 207936 0 80 201562 0 0 0 0 0 0
cpu95 207950 0 80 201547 3 0 0 0 0 0
cpu96 207312 0 760 201461 1 0 46 0 0 0
cpu97 207964 0 84 201530 0 0 0 0 0 0
cpu98 207978 0 83 201521 0 0 0 0 0 0
cpu99 207829 0 176 201555 0 0 18 0 0 0
cpu100 207416 0 818 201283 0 0 58 0 0 0
cpu101 207968 0 78 201539 0 0 0 0 0 0
cpu102 207930 0 83 201566 2 0 0 0 0 0
cpu103 207967 0 76 201532 0 0 0 0 0 0
cpu104 207576 0 773 201147 0 0 61 0 0 0
cpu105 207972 0 76 201529 0 0 0 0 0 0
cpu106 207958 0 77 201541 0 0 0 0 0 0
cpu107 207938 0 89 201545 0 0 0 0 0 0
cpu108 207691 0 567 201239 35 0 43 0 0 0
cpu109 207970 0 74 201528 0 0 0 0 0 0
cpu110 207945 0 96 201513 11 0 0 0 0 0
cpu111 207938 0 78 201559 0 0 2 0 0 0
cpu112 207414 0 726 201374 4 0 54 0 0 0
cpu113 207973 0 85 201480 1 0 0 0 0 0
cpu114 208004 0 66 201502 1 0 0 0 0 0
cpu115 207945 0 84 201536 0 0 0 0 0 0
cpu116 207610 0 722 201176 2 0 53 0 0 0
cpu117 207960 0 92 201512 0 0 0 0 0 0
cpu118 208000 0 73 201500 0 0 0 0 0 0
cpu119 207796 0 132 201635 0 0 7 0 0 0
cpu120 207512 0 688 201314 4 0 47 0 0 0
cpu121 207976 0 76 201520 0 0 0 0 0 0
cpu122 207784 0 117 201658 0 0 0 0 0 0
cpu123 207392 0 561 201536 0 0 77 0 0 0
cpu124 207541 0 872 201101 3 0 41 0 0 0
cpu125 207970 0 112 201451 0 0 0 0 0 0
cpu126 207964 0 103 201499 0 0 0 0 0 0
cpu127 207844 0 241 201483 0 0 1 0 0 0
intr 73968323 133 0 0 0 680 0 0 0 1 0 272 0 0 0 0 0 0 0 0 0 0 0 0 0 0 0 0 0 0 0 0 0 0 0 0 260 0 757 153 151 12868 3882 0 4 1022 452 0 0 3832 641 1 0 3501 115 3 41 1218 1121 48130 7 739 1061 0 0 310 773 54 0 0 16 1 12 2545 962 3 0 92 221 15 67 3675 297 0 28 1570 422 428 0 479 19 0 125 3817 43 0 15 4805 327 2 0 9226 8062 40 0 4049 4831 0 0 1859 16941 0 1 1452 10 2 0 2807 3830 0 0 362 54 0 0 1825 9 8 0 0 12 0 0 5 1339 0 0 1327 373 1 0 115 67 0 0 717 2 16 0 1101 16 0 0 0 56 0 0 0 0 0 0 0 0 0 0 0 0 1906 895 13589 161 377 560 45 53 22 1669 190 252 13 153 59 130 122 2 9 3142 324 120 146 172 260 3913 82 7 14 2 481 301 4 34 0 0 0 0 0 0 0 0 0 0 0 0 0 0 0 0 21 7 3 177 18 0 0 2 3 4 11 3 0 4 49 51 10 29 9 13 53 20 14 3 6 9 5 1 14 8 4 67 4 285 4 4 2 14 426 747 221 43 43 3 30 65 24 6 4 22 9 9 38 77 26 2 11 1 2 3 115 31 161 0 0 0 0 0 0 0 0 0 0 0 0 0 0 0 0 0 0 0 0 0 0 0 0 0 0 0 0 0 0 0 0 0 0 0 0 0 0 0 0 0 0 0 0 0 0 0 0 0 0 0 0 0 0 0 0 0 0 0 0 0 0 0 0 0 0 0 0 0 0 0 0 0 0 0 0 0 0 0 0 0 0 0 0 0 0 0 0 0 0 0 0 0 0 0 0 0 0 0 0 0 0 0 0 0 0 0 0 0 0 0 0 0 0 0 0 0 0 0 0 0 0 0 0 0 0 0 0 0 0 0 0 0 0 0 0 0 0 0 0 0 0 0 0 0 0 0 0 0 0 0 0 0 0 0 0 0 0 0 0 0 0 0 0 0 0 0 0 0 0 0 0 0 0 0 0 0 0 0 0 0 0 0 0 0 0 0 0 0 0 0 0 0 0 0 0 0 0 0 0 0 0 0 0 0 0 0 0 0 0 0 0 0 0 0 0 0 0 0 0 0 0 0 0 0 0 0 0 0 0 0 0 0 0 0 0 0 0 0 0 0 0 0 0 0 0 0 0 0 0 0 0 0 0 0 0 0 0 0 0 0 0 0 0 0 0 0 0 0 0 0 0 0 0 0 0 0 0 0 0 0 0 0 0 0 0 0 0 0 0 0 0 0 0 0 0 0 0 0 0 0 0 0 0 0 0 0 0 0 0 0 0 0 0 0 0 0 0 0 0 0 0 0 0 0 0 0 0 0 0 0 0 0 0 0 0 0 0 0 0 0 0 0 0 0 0 0 0 0 0 0 0 0 0 0 0 0 0 0 0 0 0 0 0 0 0 0 0 0 0 0 0 0 0 0 0 0 0 0 0 0 0 0 0 0 0 0 0 0 0 0 0 0 0 0 0 0 0 0 0 0 0 0 0 0 0 0 0 0 0 0 0 0 0 0 0 0 0 0 0 0 0 0 0 0 0 0 0 0 0 0 0 0 0 0 0 0 0 0 0 0 48 0 0 0 0 0 0 0 3 0 0 0 0 0 0 0 0 0 0 0 0 0 0 0 0 0 0 0 0 0 0 0 0 0 0 0 0 0 0 0 0 0 0 0 0 0 0 0 0 0 0 0 0 0 0 0 0 0 0 0 0 0 0 0 0 0 0 48 0 0 0 0 0 0 0 0 23 0 0 0 0 0 0 0 0 0 0 0 0 0 0 0 0 0 0 0 0 0 0 0 0 0 0 0 0 0 0 0 0 0 0 0 0 0 0 0 0 0 0 0 0 0 0 0 0 0 0 0 0 0 0 0 0 0 0 0 0 0 0 0 0 0 0 0 0 0 0 0 0 0 0 0 0 0 0 0 0 0 0 0 0 0 0 0 0 0 0 0 0 0 0 0 0 0 0 0 0 0 0 0 0 0 0 0 0 0 0 0 0 0 0 0 0 0 0 0 0 0 0 0 0 0 0 0 0 0 0 0 0 0 0 0 0 0 0 0 0 0 0 0 0 0 0 0 0 0 0 0 0 0 0 0 0 0 0 0 0 0 0 0 0 0 0 0 0 0 0 0 0 0 0 0 0 0 0 0 0 0 0 0 0 0 0 0 0 0 0 0 0 0 0 0 0 0 0 0 0 0 0 0 0 0 0 0 0 0 0 0 0 0 0 0 0 0 0 0 0 0 0 0 0 0 0 0 0 0 0 0 0 0 0 0 0 0 0 0 0 0 0 0 0 0 0 0 0 0 0 0 0 0 0 0 0 0 0 0 0 0 0 0 0 0 0 0 0 0 0 0 0 0 0 0 0 0 0 0 0 0 0 0 0 0 0 0 0 0 0 0 0 0 0 0 0 0 0 0 0 0 0 0 0 0 0 0 0 0 0 0 0 0 0 0 0 0 0 0 0 0 0 0 0 0 0 0 0 0 0 0 0 0 0 0 0 0 0 0 0 0 0 0 0 0 0 0 0 0 0 0 0 0 0 0 0 0 0 0 0 0 0 0 0 0 0 0 0 0 0 0 0 0 0 0 0 0 0 0 0 0 0 0 0 0 0 0 0 0 0 0 0 0 0 0 0 0 0 0 0 0 0 0 0 0 0 0 0 0 0 0 0 0 0 0 0 0 0 0 0 0 0 0 0 0 0 0 0 0 0 0 0 0 0 0 0 0 0 0 0 0 0 0 0 0 0 0 0 0 0 0 0 0 0 0 0 0 0 0 0 0 0 0 0 0 0 0 0 0 0 0 0 0 0 0 0 0 0 0 0 0 0 0 0 0 0 0 0 0 0 0 0 0 0 0 0 0 0 0 0 0 0 0 0 0 0 0 0 0 0 0 0 0 0 0 0 0 0 0 0 0 0 0 0 0 0 0 0 0 0 0 0 0 0 0 0 0 0 0 0 0 0 0 0 0 0 0 0 0 0 0 0 0 0 0 0 0 0 0 0 0 0 0 0 0 0 0 0 0 0 0 0 0 0 0 0 0 0 0 0 0 0 0 0 0 0 0 0 0 0 0 0 0 0 0 0 0 0 0 0 0 0 0 0 0 0 0 0 0 0 0 0 0 0 0 0 0 0 0 0 0 0 0 0 0 0 0 0 0 0 0 0 0 0 0 0 0 0 0 0 0 0 0 0 0 0 0 0 0 0 0 0 0 0 0 0 0 0 0 0 0 0 0 0 0 0 0 0 0 0 0 0 0 0 0 0 0 0 0 0 0 0 0 0 0 0 0 0 0 0 0 0 0 0 0 0 0 0 0 0 0 0 0 0 0 0 0 0 0 0 0 0 0 0 0 0 0 0 0 0 0 0 0 0 0 0 0 0 0 0 0 0 0 0 0 0 0 0 0 0 0 0 0 0 0 0 0 0 0 0 0 0 0 0 0 0 0 0 0 0 0 0 0 0 0 0 0 0 0 0 0 0 0 0 0 0 0 0 0 0 0 0 0 0 0 0 0 0 0 0 0 0 0 0 0 0 0 0 0 0 0 0 0 0 0 0 0 0 0 0 0 0 0 0 0 0 0 0 0 0 0 0 0 0 0 0 0 0 0 0 0 0 0 0 0 0 0 0 0 0 0 0 0 0 0 0 0 0 0 0 0 0 0 0 0 0 0 0 0 0 0 0 0 0 0 0 0 0 0 0 0 0 0 0 0 0 0 0 0 0 0 0 0 0 0 0 0 0 0 0 0 0 0 0 0 0 0 0 0 0 0 0 0 0 0 0 0 0 0 0 0 0 0 0 0 0 0 0 0 0 0 0 0 0 0 0 0 0 0 0 0 0 0 0 0 0 0 0 0 0 0 0 0 0 0 0 0 0 0 0 0 0 0 0 0 0 0 0 0 0 0 0 0 0 0 0 0 0 0 0 0 0 0 0 0 0 0 0 0 0 0 0 0 0 0 0 0 0 0 0 0 0 0 0 0 0 0 0 0 0 0 0 0 0 0 0 0 0 0 0 0 0 0 0 0 0 0 0 0 0 0 0 0 0 0 0 0 0 0 0 0 0 0 0 0 0 0 0 0 0 0 0 0 0 0 0 0 0 0 0 0 0 0 0 0 0 0 0 0 0 0 0 0 0 0 0 0 0 0 0 0 0 0 0 0 0 0 0 0 0 0 0 0 0 0 0 0 0 0 0 0 0 0 0 0 0 0 0 0 0 0 0 0 0 0 0 0 0 0 0 0 0 0 0 0 0 0 0 0 0 0 0 0 0 0 0 0 0 0 0 0 0 0 0 0 0 0 0 0 0 0 0 0 0 0 0 0 0 0 0 0 0 0 0 0 0 0 0 0 0 0 0 0 0 0 0 0 0 0 0 0 0 0 0 0 0 0 0 0 0 0 0 0 0 0 0 0 0 0 0 0 0 0 0 0 0 0 0 0 0 0 0 0 0 0 0 0 0 0 0 0 0 0 0 0 0 0 0 0 0 0 0 0 0 0 0 0 0 0 0 0 0 0 0 0 0 0 0 0 0 0 0 0 0 0 0 0 0 0 0 0 0 0 0 0 0 0 0 0 0 0 0 0 0 0 0 0 0 0 0 0 0 0 0 0 0 0 0 0 0 0 0 0 0 0 0 0 0 0 0 0 0 0 0 0 0 0 0 0 0 0 0 0 0 0 0 0 0 0 0 0 0 0 0 0 0 0 0 0 0 0 0 0 0 0 0 0 0 0 0 0 0 0 0 0 0 0 0 0 0 0 0 0 0 0 0 0 0 0 0 0 0 0 0 0 0 0 0 0 0 0 0 0 0 0 0 0 0 0 0 0 0 0 0 0 0 0 0 0 0 0 0 0 0 0 0 0 0 0 0 0 0 0 0 0 0 0 0 0 0 0 0 0 0 0 0 0 0 0 0 0 0 0 0 0 0 0 0 0 0 0 0 0 0 0 0 0 0 0 0 0 0 0 0 0 0 0 0 0 0 0 0 0 0 0 0 0 0 0 0 0 0 0 0 0 0 0 0 0 0 0 0 0 0 0 0 0 0 0 0 0 0 0 0 0 0 0 0 0 0 0 0 0 0 0 0 0 0 0 0 0 0 0 0 0 0 0 0 0 0 0 0 0 0 0 0 0 0 0 0 0 0 0 0 0 0 0 0 0 0 0 0 0 0 0 0 0 0 0 0 0 0 0 0 0 0 0 0 0 0 0 0 0 0 0 0 0 0 0 0 0 0 0 0 0 0 0 0 0 0 0 0 0 0 0 0 0 0 0 0 0 0 0 0 0 0 0 0 0 0 0 0 0 0 0 0 0 0 0 0 0 0 0 0 0 0 0 0 0 0 0 0 0 0 0 0 0 0 0 0 0 0 0 0 0 0 0 0 0 0 0 0 0 0 0 0 0 0 0 0 0 0 0 0 0 0 0 0 0 0 0 0 0 0 0 0 0 0 0 0 0 0 0 0 0 0 0 0 0 0 0 0 0 0 0 0 0 0 0 0 0 0 0 0 0 0 0 0 0 0 0 0 0 0 0 0 0 0 0 0 0 0 0 0 0 0 0 0 0 0 0 0 0 0 0 0 0 0 0 0 0 0 0 0 0 0 0 0 0 0 0 0 0 0 0 0 0 0 0 0 0 0 0 0 0 0 0 0 0 0 0 0 0 0 0 0 0 0 0 0 0 0 0 0 0 0 0 0 0 0 0 0 0 0 0 0 0 0 0 0 0 0 0 0 0 0 0 0 0 0 0 0 0 0 0 0 0 0 0 0 0 0 0 0 0 0 0 0 0 0 0 0 0 0 0 0 0 0 0 0 0 0 0 0 0 0 0 0 0 0 0 0 0 0 0 0 0 0 0 0 0 0 0 0 0 0 0 0 0 0 0 0 0 0 0 0 0 0 0 0 0 0 0 0 0 0 0 0 0 0 0 0 0 0 0 0 0 0 0 0 0 0 0 0 0 0 0 0 0 0 0 0 0 0 0 0 0 0 0 0 0 0 0 0 0 0 0 0 0 0 0 0 0 0 0 0 0 0 0 0 0 0 0 0 0 0 0 0 0 0 0 0 0 0 0 0 0 0 0 0 0 0 0 0 0 0 0 0 0 0 0 0 0 0 0 0 0 0 0 0 0 0 0 0 0 0 0 0 0 0 0 0 0 0 0 0 0 0 0 0 0 0 0 0 0 0 0 0 0 0 0 0 0 0 0 0 0 0 0 0 0 0 0 0 0 0 0 0 0 0 0 0 0 0 0 0 0 0 0 0 0 0 0 0 0 0 0 0 0 0 0 0 0 0 0 0 0 0 0 0 0 0 0 0 0 0 0 0 0 0 0 0 0 0 0 0 0 0 0 0 0 0 0 0 0 0 0 0 0 0 0 0 0 0 0 0 0 0 0 0 0 0 0 0 0 0 0 0 0 0 0 0 0 0 0 0 0 0 0 0 0 0 0 0 0 0 0 0 0 0 0 0 0 0 0 0 0 0 0 0 0 0 0 0 0 0 0 0 0 0 0 0 0 0 0 0 0 0 0 0 0 0 0 0 0 0 0 0 0 0 0 0 0 0 0 0 0 0 0 0 0 0 0 0 0 0 0 0 0 0 0 0 0 0 0 0 0 0 0 0 0 0 0 0 0 0 0 0 0 0 0 0 0 0 0 0 0 0 0 0 0 0 0 0 0 0 0 0 0 0 0 0 0 0 0 0 0 0 0 0 0 0 0 0 0 0 0 0 0 0 0 0 0 0 0 0 0 0 0 0 0 0 0 0 0 0 0 0 0 0 0 0 0 0 0 0 0 0 0 0 0 0 0 0 0 0 0 0 0 0 0 0 0 0 0 0 0 0 0 0 0 0 0 0 0 0 0 0 0 0 0 0 0 0 0 0 0 0 0 0 0 0 0 0 0 0 0 0 0 0 0 0 0 0 0 0 0 0 0 0 0 0 0 0 0 0 0 0 0 0 0 0 0 0 0 0 0 0 0 0 0 0 0 0 0 0 0 0 0 0 0 0 0 0 0 0 0 0 0 0 0 0 0 0 0 0 0 0 0 0 0 0 0 0 0 0 0 0 0 0 0 0 0 0 0 0 0 0 0 0 0 0 0 0 0 0 0 0 0 0 0 0 0 0 0 0 0 0 0 0 0 0 0 0 0 0 0 0 0 0 0 0 0 0 0 0 0 0 0 0 0 0 0 0 0 0 0 0 0 0 0 0 0 0 0 0 0 0 0 0 0 0 0 0 0 0 0 0 0 0 0 0 0 0 0 0 0 0 0 0 0 0 0 0 0 0 0 0 0 0 0 0 0 0 0 0 0 0 0 0 0 0 0 0 0 0 0 0 0 0 0 0 0 0 0 0 0 0 0 0 0 0 0 0 0 0 0 0 0 0 0 0 0 0 0 0 0 0 0 0 0 0 0 0 0 0 0 0 0 0 0 0 0 0 0 0 0 0 0 0 0 0 0 0 0 0 0 0 0 0 0 0 0 0 0 0 0 0 0 0 0 0 0 0 0 0 0 0 0 0 0 0 0 0 0 0 0 0 0 0 0 0 0 0 0 0 0 0 0 0 0 0 0 0 0 0 0 0 0 0 0 0 0 0 0 0 0 0 0 0 0 0 0 0 0 0 0 0 0 0 0 0 0 0 0 0 0 0 0 0 0 0 0 0 0 0 0 0 0 0 0 0 0 0 0 0 0 0 0 0 0 0 0 0 0 0 0 0 0 0 0 0 0 0 0 0 0 0 0 0 0 0 0 0 0 0 0 0 0 0 0 0 0 0 0 0 0 0 0 0 0 0 0 0 0 0 0 0 0 0 0 0 0 0 0 0 0 0 0 0 0 0 0 0 0 0 0 0 0 0 0 0 0 0 0 0 0 0 0 0 0 0 0 0 0 0 0 0 0 0 0 0 0 0 0 0 0 0 0 0 0 0 0 0 0 0 0 0 0 0 0 0 0 0 0 0 0 0 0 0 0 0 0 0 0 0 0 0 0 0 0 0 0 0 0 0 0 0 0 0 0 0 0 0 0 0 0 0 0 0 0 0 0 0 0 0 0 0 0 0 0 0 0 0 0 0 0 0 0 0 0 0 0 0 0 0 0 0 0 0 0 0 0 0 0 0 0 0 0 0 0 0 0 0 0 0 0 0 0 0 0 0 0 0 0 0 0 0 0 0 0 0 0 0 0 0 0 0 0 0 0 0 0 0 0 0 0 0 0 0 0 0 0 0 0 0 0 0 0 0 0 0 0 0 0 0 0 0 0 0 0 0 0 0 0 0 0 0 0 0 0 0 0 0 0 0 0 0 0 0 0 0 0 0 0 0 0 0 0 0 0 0 0 0 0 0 0 0 0 0 0 0 0 0 0 0 0 0 0 0 0 0 0 0 0 0 0 0 0 0 0 0 0 0 0 0 0 0 0 0 0 0 0 0 0 0 0 0 0 0 0 0 0 0 0 0 0 0 0 0 0 0 0 0 0 0 0 0 0 0 0 0 0 0 0 0 0 0 0 0 0 0 0 0 0 0 0 0 0 0 0 0 0 0 0 0 0 0 0 0 0 0 0 0 0 0 0 0 0 0 0 0 0 0 0 0 0 0 0 0 0 0 0 0 0 0 0 0 0 0 0 0 0 0 0 0 0 0 0 0 0 0 0 0 0 0 0 0 0 0 0 0 0 0 0 0 0 0 0 0 0 0 0 0 0 0 0 0 0 0 0 0 0 0 0 0 0 0 0 0 0 0 0 0 0 0 0 0 0 0 0 0 0 0 0 0 0 0 0 0 0 0 0 0 0 0 0 0 0 0 0 0 0 0 0 0 0 0 0 0 0 0 0 0 0 0 0 0 0 0 0 0 0 0 0 0 0 0 0 0 0 0 0 0 0 0 0 0 0 0 0 0 0 0 0 0 0 0 0 0 0 0 0 0 0 0 0 0 0 0 0 0 0 0 0 0 0 0 0 0 0 0 0 0 0 0 0 0 0 0 0 0 0 0 0 0 0 0 0 0 0 0 0 0 0 0 0 0 0 0 0 0 0 0 0 0 0 0 0 0 0 0 0 0 0 0 0 0 0 0 0 0 0 0 0 0 0 0 0 0 0 0 0 0 0 0 0 0 0 0 0 0 0 0 0 0 0 0 0 0 0 0 0 0 0 0 0 0 0 0 0 0 0 0 0 0 0 0 0 0 0 0 0 0 0 0 0 0 0 0 0 0 0 0 0 0 0 0 0 0 0 0 0 0 0 0 0 0 0 0 0 0 0 0 0 0 0 0 0 0 0 0 0 0 0 0 0 0 0 0 0 0 0 0 0 0 0 0 0 0 0 0 0 0 0 0 0 0 0 0 0 0 0 0 0 0 0 0 0 0 0 0 0 0 0 0 0 0 0 0 0 0 0 0 0 0 0 0 0 0 0 0 0 0 0 0 0 0 0 0 0 0 0 0 0 0 0 0 0 0 0 0 0 0 0 0 0 0 0 0 0 0 0 0 0 0 0 0 0 0 0 0 0 0 0 0 0 0 0 0 0 0 0 0 0 0 0 0 0 0 0 0 0 0 0 0 0 0 0 0 0 0 0 0 0 0 0 0 0 0 0 0 0 0 0 0 0 0 0 0 0 0 0 0 0 0 0 0 0 0 0 0 0 0 0 0 0 0 0 0 0 0 0 0 0 0 0 0 0 0 0 0 0 0 0 0 0 0 0 0 0 0 0 0 0 0 0 0 0 0 0 0 0 0 0 0 0 0 0 0 0 0 0 0 0 0 0 0 0 0 0 0 0 0 0 0 0 0 0 0 0 0 0 0 0 0 0 0 0 0 0 0 0 0 0 0 0 0 0 0 0 0 0 0 0 0 0 0 0 0 0 0 0 0 0 0 0 0 0 0 0 0 0 0 0 0 0 0 0 0 0 0 0 0 0 0 0 0 0 0 0 0 0
ctxt 4883686
btime 1613064757
processes 93060
procs_running 1
procs_blocked 0
softirq 82254052 1 50561695 1525 804691 0 0 860 2627560 0 28257720
