cpu  1443462 3 5538 6690128 456 0 370 0 0 0
cpu0 40117 0 208 185552 1 0 152 0 0 0
cpu1 40262 0 230 185566 22 0 15 0 0 0
cpu2 40041 0 346 185683 17 0 60 0 0 0
cpu3 40049 0 217 185844 5 0 15 0 0 0
cpu4 39870 0 308 185932 3 0 12 0 0 0
cpu5 40095 0 76 185944 2 0 4 0 0 0
cpu6 40098 0 56 185956 6 0 0 0 0 0
cpu7 40073 0 120 185914 1 0 0 0 0 0
cpu8 40026 0 132 185956 1 0 0 0 0 0
cpu9 40067 0 87 185963 1 0 0 0 0 0
cpu10 39956 0 193 185962 6 0 1 0 0 0
cpu11 40084 0 74 185949 1 0 0 0 0 0
cpu12 40085 0 179 185800 38 0 0 0 0 0
cpu13 40326 0 114 185670 4 0 0 0 0 0
cpu14 40238 0 84 185711 88 0 0 0 0 0
cpu15 39909 0 248 185859 49 0 41 0 0 0
cpu16 40167 0 157 185778 2 0 0 0 0 0
cpu17 40152 0 79 185874 2 0 0 0 0 0
cpu18 40158 0 90 185829 4 0 0 0 0 0
cpu19 40220 0 116 185758 15 0 0 0 0 0
cpu20 39966 0 377 185746 5 0 18 0 0 0
cpu21 40090 0 120 185906 1 0 0 0 0 0
cpu22 40030 0 172 185882 23 0 0 0 0 0
cpu23 39972 0 161 185954 0 0 26 0 0 0
cpu24 40120 0 48 185937 7 0 0 0 0 0
cpu25 40031 0 122 185946 13 0 0 0 0 0
cpu26 40020 0 119 185967 2 0 0 0 0 0
cpu27 40016 0 164 185916 16 0 0 0 0 0
cpu28 39937 0 235 185932 2 0 2 0 0 0
cpu29 40066 0 73 185955 1 0 0 0 0 0
cpu30 40507 0 232 185275 77 0 8 0 0 0
cpu31 40179 0 128 185794 1 0 0 0 0 0
cpu32 40109 0 41 185955 1 0 0 0 0 0
cpu33 40168 1 130 185789 6 0 3 0 0 0
cpu34 40066 0 211 185809 13 0 1 0 0 0
cpu35 40179 0 77 185849 2 0 0 0 0 0
intr 4330480 56 0 0 0 610 0 0 0 1 0 250 0 0 0 0 0 0 0 0 0 0 0 0 0 0 0 0 0 0 0 0 94 208 393 673 2542 109 132 1046 54 103 62 410 64 4604 305 3545 1921 222 90 128 327 379 112 1340 28 0 0 0 0 316 529 179 840 85 44 10202 85 67 701 328 109 0 0 17 8822 2 0 5590 1 1404 271 362 199 13 359 59 42 171 14 157 177 7 15273 63 148 4513 29 109 149 381 1 8 1 1 207 2508 155 5623 240 37 1688 157 47 0 16 7579 1 0 0 0 0 0 0 0 0 0 0 0 0 0 0 0 0 0 0 0 0 0 0 0 0 0 0 0 0 0 0 0 0 0 0 0 0 0 25 0 0 0 0 0 0 0 0 0 0 0 0 0 0 0 0 0 0 0 0 0 0 0 0 0 0 0 0 0 0 0 0 0 0 0 0 0 0 0 0 0 0 0 0 0 0 0 0 0 0 0 0 0 0 0 0 0 0 0 0 0 0 0 0 0 0 0 0 0 0 0 0 0 0 0 0 0 0 0 0 0 0 0 0 0 0 0 0 0 0 0 0 0 0 0 0 0 0 0 0 0 0 0 0 0 0 0 0 0 0 0 0 0 0 0 0 0 0 0 0 0 0 0 0 0 0 0 0 0 0 0 0 0 0 0 0 0 0 0 0 0 0 0 0 0 0 0 0 0 0 0 0 0 0 0 0 0 0 0 0 0 0 0 0 0 0 0 0 0 0 0 0 0 0 0 0 0 0 0 0 0 0 0 0 0 0 0 0 0 0 0 0 0 0 0 0 0 0 0 0 0 0 0 0 0 0 0 0 0 0 0 0 0 0 0 0 0 0 0 0 0 0 0 0 0 0 0 0 0 0 0 0 0 0 0 0 0 0 0 0 0 0 0 0 0 0 0 0 0 0 0 0 0 0 0 0 0 0 0 0 0 0 0 0 0 0 0 0 0 0 0 0 0 0 0 0 0 0 0 0 0 0 0 0 0 0 0 0 0 0 0 0 0 0 0 0 0 0 0 0 0 0 0 0 0 0 0 0 0 0 0 0 0 0 0 0 0 0 0 0 0 0 0 0 0 0 0 0 0 0 0 0 0 0 0 0 0 0 0 0 0 0 0 0 0 0 0 0 0 0 0 0 0 0 0 0 0 0 0 0 0 0 0 0 0 0 0 0 0 0 0 0 0 0 0 0 0 0 0 0 0 0 0 0 0 0 0 0 0 0 0 0 0 0 0 0 0 0 0 0 0 0 0 0 0 0 0 0 0 0 0 0 0 0 0 0 0 0 0 0 0 0 0 0 0 0 0 0 0 0 0 0 0 0 0 0 0 0 0 0 0 0 0 0 0 0 0 0 0 0 0 0 0 0 0 0 0 0 0 0 0 0 0 0 0 0 0 0 0 0 0 0 0 0 0 0 0 0 0 0 0 0 0 0 0 0 0 0 0 0 0 0 0 0 0 0 0 0 0 0 0 0 0 0 0 0 0 0 0 0 0 0 0 0 0 0 0 0 0 0 0 0 0 0 0 0 0 0 0 0 0 0 0 0 0 0 0 0 0 0 0 0 0 0 0 0 0 0 0 0 0 0 0 0 0 0 0 0 0 0 0 0 0 0 0 0 0 0 0 0 0 0 0 0 0 0 0 0 0 0 0 0 0 0 0 0 0 0 0 0 0 0 0 0 0 0 0 0 0 0 0 0 0 0 0 0 0 0 0 0 0 0 0 0 0 0 0 0 0 0 0 0 0 0 0 0 0 0 0 0 0 0 0 0 0 0 0 0 0 0 0 0 0 0 0 0 0 0 0 0 0 0 0 0 0 0 0 0 0 0 0 0 0 0 0 0 0 0 0 0 0 0 0 0 0 0 0 0 0 0 0 0 0 0 0 0 0 0 0 0 0 0 0 0 0 0 0 0 0 0 0 0 0 0 0 0 0 0 0 0 0 0 0 0 0 0 0 0 0 0 0 0 0 0 0 0 0 0 0 0 0 0 0 0 0 0 0 0 0 0 0 0 0 0 0 0 0 0 0 0 0 0 0 0 0 0 0 0 0 0 0 0 0 0 0 0 0 0 0 0 0 0 0 0 0 0 0 0 0 0 0 0 0 0 0 0 0 0 0 0 0 0 0 0 0 0 0 0 0 0 0 0 0 0 0 0 0 0 0 0 0 0 0 0 0 0 0 0 0 0 0 0 0 0 0 0 0 0 0 0 0 0 0 0 0 0 0 0 0 0 0 0 0 0 0 0 0 0 0 0 0 0 0 0 0 0 0 0 0 0 0 0 0 0 0 0 0 0 0 0 0 0 0 0 0 0 0 0 0 0 0 0 0 0 0 0 0 0 0 0 0 0 0 0 0 0 0 0 0 0 0 0 0 0 0 0 0 0 0 0 0 0 0 0 0 0 0 0 0 0 0 0 0 0 0 0 0 0 0 0 0 0 0 0 0 0 0 0 0 0 0 0 0 0 0 0 0 0 0 0 0 0 0 0 0 0 0 0 0 0 0 0 0 0 0 0 0 0 0 0 0 0 0 0 0 0 0 0 0 0 0 0 0 0 0 0 0 0 0 0 0 0 0 0 0 0 0 0 0 0 0 0 0 0 0 0 0 0 0 0 0 0 0 0 0 0 0 0 0 0 0 0 0 0 0 0 0 0 0 0 0 0 0 0 0 0 0 0 0 0 0 0 0 0 0 0 0 0 0 0 0 0 0 0 0 0 0 0 0 0 0 0 0 0 0 0 0 0 0 0 0 0 0 0 0 0 0 0 0 0 0 0 0 0 0 0 0 0 0 0 0 0 0 0 0 0 0 0 0 0
ctxt 1586795
btime 1613124388
processes 36407
procs_running 1
procs_blocked 0
softirq 5705259 1 3193572 382 254180 0 0 38274 249723 0 1969127
