cpu  14164080 4 20204 6768041 417 0 2368 0 0 0
cpu0 393650 1 779 187368 0 0 284 0 0 0
cpu1 393355 0 678 187976 1 0 52 0 0 0
cpu2 393754 0 777 187428 79 0 36 0 0 0
cpu3 393324 0 539 188195 1 0 30 0 0 0
cpu4 393284 0 604 188185 0 0 20 0 0 0
cpu5 393410 0 378 188285 0 0 25 0 0 0
cpu6 393564 0 457 187963 72 0 30 0 0 0
cpu7 393456 0 488 188102 3 0 29 0 0 0
cpu8 393560 0 483 188022 6 0 16 0 0 0
cpu9 393498 0 441 188104 1 0 46 0 0 0
cpu10 393490 0 420 188158 5 0 22 0 0 0
cpu11 393372 0 528 188143 2 0 44 0 0 0
cpu12 392351 0 1466 188061 4 0 196 0 0 0
cpu13 393221 0 757 188057 1 0 37 0 0 0
cpu14 393586 0 709 187734 8 0 52 0 0 0
cpu15 393404 0 590 188068 2 0 21 0 0 0
cpu16 393868 0 813 187353 0 0 60 0 0 0
cpu17 393380 0 497 188159 22 0 20 0 0 0
cpu18 393832 0 452 187777 13 0 14 0 0 0
cpu19 393684 0 424 187957 9 0 18 0 0 0
cpu20 393502 0 479 188044 45 0 10 0 0 0
cpu21 393565 0 344 188161 10 0 4 0 0 0
cpu22 393477 0 445 188102 50 0 10 0 0 0
cpu23 393604 0 301 188170 4 0 8 0 0 0
cpu24 393669 0 274 188138 1 0 4 0 0 0
cpu25 393554 0 346 188176 1 0 6 0 0 0
cpu26 393376 0 581 188069 13 0 48 0 0 0
cpu27 392832 0 832 188198 4 0 216 0 0 0
cpu28 393662 0 274 188134 4 0 10 0 0 0
cpu29 391699 0 1396 188102 2 0 877 0 0 0
cpu30 393814 0 321 187939 3 0 4 0 0 0
cpu31 393387 0 603 188025 14 0 59 0 0 0
cpu32 393579 0 370 188137 1 0 5 0 0 0
cpu33 393909 0 390 187773 2 0 7 0 0 0
cpu34 393378 0 527 188137 8 0 26 0 0 0
cpu35 394018 0 424 187622 7 0 7 0 0 0
intr 39288834 56 0 0 0 611 0 0 0 1 0 250 0 0 0 0 0 0 0 0 0 0 0 0 0 0 0 0 0 0 0 0 93 172 95 9804 102 3110 50 3148 425 308 158 419 195 841 540 362 345 210 541 2542 551 3404 874 1816 306 0 0 0 0 68 87 357 350 356 1025 171 962 85 108 382 617 0 0 16 12546 2289 0 11245 852 864 354 1575 706 307 939 1216 512 766 1539 42594 10916 1707 666 1834 234 872 877 561 279 1451 390 299 733 2430 927 1553 97977 211 579 477 523 4496 1897 0 16 7655 1 0 0 0 0 0 0 0 0 0 0 0 0 0 0 0 0 0 0 0 0 0 0 0 0 0 0 0 0 0 0 0 0 0 0 0 0 0 25 0 0 0 0 0 0 0 0 0 0 0 0 0 0 0 0 0 0 0 0 0 0 0 0 0 0 0 0 0 0 0 0 0 0 0 0 0 0 0 0 0 0 0 0 0 0 0 0 0 0 0 0 0 0 0 0 0 0 0 0 0 0 0 0 0 0 0 0 0 0 0 0 0 0 0 0 0 0 0 0 0 0 0 0 0 0 0 0 0 0 0 0 0 0 0 0 0 0 0 0 0 0 0 0 0 0 0 0 0 0 0 0 0 0 0 0 0 0 0 0 0 0 0 0 0 0 0 0 0 0 0 0 0 0 0 0 0 0 0 0 0 0 0 0 0 0 0 0 0 0 0 0 0 0 0 0 0 0 0 0 0 0 0 0 0 0 0 0 0 0 0 0 0 0 0 0 0 0 0 0 0 0 0 0 0 0 0 0 0 0 0 0 0 0 0 0 0 0 0 0 0 0 0 0 0 0 0 0 0 0 0 0 0 0 0 0 0 0 0 0 0 0 0 0 0 0 0 0 0 0 0 0 0 0 0 0 0 0 0 0 0 0 0 0 0 0 0 0 0 0 0 0 0 0 0 0 0 0 0 0 0 0 0 0 0 0 0 0 0 0 0 0 0 0 0 0 0 0 0 0 0 0 0 0 0 0 0 0 0 0 0 0 0 0 0 0 0 0 0 0 0 0 0 0 0 0 0 0 0 0 0 0 0 0 0 0 0 0 0 0 0 0 0 0 0 0 0 0 0 0 0 0 0 0 0 0 0 0 0 0 0 0 0 0 0 0 0 0 0 0 0 0 0 0 0 0 0 0 0 0 0 0 0 0 0 0 0 0 0 0 0 0 0 0 0 0 0 0 0 0 0 0 0 0 0 0 0 0 0 0 0 0 0 0 0 0 0 0 0 0 0 0 0 0 0 0 0 0 0 0 0 0 0 0 0 0 0 0 0 0 0 0 0 0 0 0 0 0 0 0 0 0 0 0 0 0 0 0 0 0 0 0 0 0 0 0 0 0 0 0 0 0 0 0 0 0 0 0 0 0 0 0 0 0 0 0 0 0 0 0 0 0 0 0 0 0 0 0 0 0 0 0 0 0 0 0 0 0 0 0 0 0 0 0 0 0 0 0 0 0 0 0 0 0 0 0 0 0 0 0 0 0 0 0 0 0 0 0 0 0 0 0 0 0 0 0 0 0 0 0 0 0 0 0 0 0 0 0 0 0 0 0 0 0 0 0 0 0 0 0 0 0 0 0 0 0 0 0 0 0 0 0 0 0 0 0 0 0 0 0 0 0 0 0 0 0 0 0 0 0 0 0 0 0 0 0 0 0 0 0 0 0 0 0 0 0 0 0 0 0 0 0 0 0 0 0 0 0 0 0 0 0 0 0 0 0 0 0 0 0 0 0 0 0 0 0 0 0 0 0 0 0 0 0 0 0 0 0 0 0 0 0 0 0 0 0 0 0 0 0 0 0 0 0 0 0 0 0 0 0 0 0 0 0 0 0 0 0 0 0 0 0 0 0 0 0 0 0 0 0 0 0 0 0 0 0 0 0 0 0 0 0 0 0 0 0 0 0 0 0 0 0 0 0 0 0 0 0 0 0 0 0 0 0 0 0 0 0 0 0 0 0 0 0 0 0 0 0 0 0 0 0 0 0 0 0 0 0 0 0 0 0 0 0 0 0 0 0 0 0 0 0 0 0 0 0 0 0 0 0 0 0 0 0 0 0 0 0 0 0 0 0 0 0 0 0 0 0 0 0 0 0 0 0 0 0 0 0 0 0 0 0 0 0 0 0 0 0 0 0 0 0 0 0 0 0 0 0 0 0 0 0 0 0 0 0 0 0 0 0 0 0 0 0 0 0 0 0 0 0 0 0 0 0 0 0 0 0 0 0 0 0 0 0 0 0 0 0 0 0 0 0 0 0 0 0 0 0 0 0 0 0 0 0 0 0 0 0 0 0 0 0 0 0 0 0 0 0 0 0 0 0 0 0 0 0 0 0 0 0 0 0 0 0 0 0 0 0 0 0 0 0 0 0 0 0 0 0 0 0 0 0 0 0 0 0 0 0 0 0 0 0 0 0 0 0 0 0 0 0 0 0 0 0 0 0 0 0 0 0 0 0 0 0 0 0 0 0 0 0 0 0 0 0 0 0 0 0 0 0 0 0 0 0 0 0 0 0 0 0 0 0 0 0 0 0 0 0 0 0 0 0 0 0 0 0 0 0 0 0 0 0 0 0 0 0 0 0 0 0 0 0 0 0 0 0 0 0 0 0 0 0 0 0 0 0 0 0 0 0 0 0 0 0 0 0 0 0 0 0 0 0 0 0 0 0 0 0 0 0 0 0 0 0 0 0 0 0 0 0 0 0 0 0 0 0 0 0 0 0 0 0 0 0 0 0 0 0 0 0 0 0 0 0 0 0 0 0 0 0 0 0 0 0 0 0 0 0 0 0 0 0 0 0 0 0 0 0 0 0
ctxt 10554850
btime 1613124388
processes 262762
procs_running 1
procs_blocked 0
softirq 51913231 1 30347361 507 1963449 0 0 193143 1383123 0 18025647
