cpu  2921594 4 4965 6683174 420 0 552 0 0 0
cpu0 81060 0 280 185407 1 0 164 0 0 0
cpu1 81130 0 94 185732 1 0 97 0 0 0
cpu2 81168 0 122 185675 0 0 24 0 0 0
cpu3 81108 0 242 185583 4 0 8 0 0 0
cpu4 81103 0 229 185614 2 0 10 0 0 0
cpu5 81152 0 156 185633 14 0 1 0 0 0
cpu6 81122 0 139 185690 2 0 6 0 0 0
cpu7 81154 0 114 185702 4 0 0 0 0 0
cpu8 81538 0 151 185273 1 0 0 0 0 0
cpu9 81204 0 133 185628 1 0 3 0 0 0
cpu10 81124 0 117 185719 4 0 0 0 0 0
cpu11 81124 0 81 185764 2 0 2 0 0 0
cpu12 81046 0 136 185770 4 0 5 0 0 0
cpu13 81412 0 134 185373 48 0 0 0 0 0
cpu14 80976 0 225 185730 4 0 22 0 0 0
cpu15 81073 0 129 185757 5 0 6 0 0 0
cpu16 81162 0 86 185712 1 0 1 0 0 0
cpu17 81142 0 118 185688 5 0 1 0 0 0
cpu18 81160 0 137 185658 4 0 2 0 0 0
cpu19 81051 0 158 185735 1 0 17 0 0 0
cpu20 81159 0 88 185703 3 0 3 0 0 0
cpu21 81133 0 95 185727 9 0 0 0 0 0
cpu22 81052 0 171 185726 12 0 6 0 0 0
cpu23 81154 0 94 185711 2 0 0 0 0 0
cpu24 81020 0 180 185616 12 0 119 0 0 0
cpu25 81146 0 103 185714 3 0 0 0 0 0
cpu26 81156 0 99 185696 7 0 0 0 0 0
cpu27 81158 0 108 185699 0 0 0 0 0 0
cpu28 81591 0 164 185105 81 0 0 0 0 0
cpu29 81188 0 86 185654 33 0 1 0 0 0
cpu30 81282 0 113 185488 54 0 1 0 0 0
cpu31 81223 3 104 185586 40 0 0 0 0 0
cpu32 80950 0 272 185701 6 0 38 0 0 0
cpu33 81117 0 108 185718 12 0 2 0 0 0
cpu34 81139 0 74 185726 15 0 1 0 0 0
cpu35 81104 0 108 185744 1 0 0 0 0 0
intr 8429381 56 0 0 0 610 0 0 0 1 0 275 0 0 0 0 0 0 0 0 0 0 0 0 0 0 0 0 0 0 0 0 0 94 190 65 18 196 323 597 124 186 58 86 228 138 254 1443 435 279 97 339 191 118 151 1241 3734 0 0 0 0 203 1079 260 331 27 10036 3397 3976 1767 539 639 219 128 0 16 8902 1 0 5162 32 30 532 596 3 42 144 1 2018 92 629 2111 54 3114 780 59 278 777 94 5304 259 2764 595 29126 1 28 250 36 297 181 121 4485 658 53 409 0 16 7649 1 0 0 0 0 0 0 0 0 0 0 0 0 0 0 0 0 0 0 0 0 0 0 0 0 0 0 0 0 0 0 0 0 0 0 0 0 0 24 0 0 0 0 0 0 0 0 0 0 0 0 0 0 0 0 0 0 0 0 0 0 0 0 0 0 0 0 0 0 0 0 0 0 0 0 0 0 0 0 0 0 0 0 0 0 0 0 0 0 0 0 0 0 0 0 0 0 0 0 0 0 0 0 0 0 0 0 0 0 0 0 0 0 0 0 0 0 0 0 0 0 0 0 0 0 0 0 0 0 0 0 0 0 0 0 0 0 0 0 0 0 0 0 0 0 0 0 0 0 0 0 0 0 0 0 0 0 0 0 0 0 0 0 0 0 0 0 0 0 0 0 0 0 0 0 0 0 0 0 0 0 0 0 0 0 0 0 0 0 0 0 0 0 0 0 0 0 0 0 0 0 0 0 0 0 0 0 0 0 0 0 0 0 0 0 0 0 0 0 0 0 0 0 0 0 0 0 0 0 0 0 0 0 0 0 0 0 0 0 0 0 0 0 0 0 0 0 0 0 0 0 0 0 0 0 0 0 0 0 0 0 0 0 0 0 0 0 0 0 0 0 0 0 0 0 0 0 0 0 0 0 0 0 0 0 0 0 0 0 0 0 0 0 0 0 0 0 0 0 0 0 0 0 0 0 0 0 0 0 0 0 0 0 0 0 0 0 0 0 0 0 0 0 0 0 0 0 0 0 0 0 0 0 0 0 0 0 0 0 0 0 0 0 0 0 0 0 0 0 0 0 0 0 0 0 0 0 0 0 0 0 0 0 0 0 0 0 0 0 0 0 0 0 0 0 0 0 0 0 0 0 0 0 0 0 0 0 0 0 0 0 0 0 0 0 0 0 0 0 0 0 0 0 0 0 0 0 0 0 0 0 0 0 0 0 0 0 0 0 0 0 0 0 0 0 0 0 0 0 0 0 0 0 0 0 0 0 0 0 0 0 0 0 0 0 0 0 0 0 0 0 0 0 0 0 0 0 0 0 0 0 0 0 0 0 0 0 0 0 0 0 0 0 0 0 0 0 0 0 0 0 0 0 0 0 0 0 0 0 0 0 0 0 0 0 0 0 0 0 0 0 0 0 0 0 0 0 0 0 0 0 0 0 0 0 0 0 0 0 0 0 0 0 0 0 0 0 0 0 0 0 0 0 0 0 0 0 0 0 0 0 0 0 0 0 0 0 0 0 0 0 0 0 0 0 0 0 0 0 0 0 0 0 0 0 0 0 0 0 0 0 0 0 0 0 0 0 0 0 0 0 0 0 0 0 0 0 0 0 0 0 0 0 0 0 0 0 0 0 0 0 0 0 0 0 0 0 0 0 0 0 0 0 0 0 0 0 0 0 0 0 0 0 0 0 0 0 0 0 0 0 0 0 0 0 0 0 0 0 0 0 0 0 0 0 0 0 0 0 0 0 0 0 0 0 0 0 0 0 0 0 0 0 0 0 0 0 0 0 0 0 0 0 0 0 0 0 0 0 0 0 0 0 0 0 0 0 0 0 0 0 0 0 0 0 0 0 0 0 0 0 0 0 0 0 0 0 0 0 0 0 0 0 0 0 0 0 0 0 0 0 0 0 0 0 0 0 0 0 0 0 0 0 0 0 0 0 0 0 0 0 0 0 0 0 0 0 0 0 0 0 0 0 0 0 0 0 0 0 0 0 0 0 0 0 0 0 0 0 0 0 0 0 0 0 0 0 0 0 0 0 0 0 0 0 0 0 0 0 0 0 0 0 0 0 0 0 0 0 0 0 0 0 0 0 0 0 0 0 0 0 0 0 0 0 0 0 0 0 0 0 0 0 0 0 0 0 0 0 0 0 0 0 0 0 0 0 0 0 0 0 0 0 0 0 0 0 0 0 0 0 0 0 0 0 0 0 0 0 0 0 0 0 0 0 0 0 0 0 0 0 0 0 0 0 0 0 0 0 0 0 0 0 0 0 0 0 0 0 0 0 0 0 0 0 0 0 0 0 0 0 0 0 0 0 0 0 0 0 0 0 0 0 0 0 0 0 0 0 0 0 0 0 0 0 0 0 0 0 0 0 0 0 0 0 0 0 0 0 0 0 0 0 0 0 0 0 0 0 0 0 0 0 0 0 0 0 0 0 0 0 0 0 0 0 0 0 0 0 0 0 0 0 0 0 0 0 0 0 0 0 0 0 0 0 0 0 0 0 0 0 0 0 0 0 0 0 0 0 0 0 0 0 0 0 0 0 0 0 0 0 0 0 0 0 0 0 0 0 0 0 0 0 0 0 0 0 0 0 0 0 0 0 0 0 0 0 0 0 0 0 0 0 0 0 0 0 0 0 0 0 0 0 0 0 0 0 0 0 0 0 0 0 0 0 0 0 0 0 0 0 0 0 0 0 0 0 0 0 0 0 0 0 0 0 0 0 0 0 0 0 0 0 0 0 0 0 0 0 0 0 0 0 0 0 0 0 0 0 0 0 0 0 0 0 0 0 0 0 0 0 0 0 0 0 0 0 0 0 0 0 0 0 0 0 0 0 0 0
ctxt 2735891
btime 1613124388
processes 65997
procs_running 1
procs_blocked 0
softirq 11028997 1 6296674 260 479037 0 0 59362 383131 0 3810532
