cpu  6281365 6 9552 2074269 145 0 601 0 0 0
cpu0 98170 0 318 32021 0 0 139 0 0 0
cpu1 98087 0 134 32469 11 0 18 0 0 0
cpu2 98058 0 254 32291 0 0 82 0 0 0
cpu3 97892 0 268 32530 0 0 45 0 0 0
cpu4 98144 0 179 32393 0 0 3 0 0 0
cpu5 98150 0 49 32530 1 0 0 0 0 0
cpu6 98308 0 196 32218 0 0 1 0 0 0
cpu7 97612 0 530 32525 1 0 66 0 0 0
cpu8 98257 0 194 32273 1 0 2 0 0 0
cpu9 97903 0 253 32537 0 0 38 0 0 0
cpu10 98243 0 144 32344 1 0 1 0 0 0
cpu11 98155 0 32 32539 4 0 0 0 0 0
cpu12 98195 0 112 32418 0 0 0 0 0 0
cpu13 98107 0 86 32535 0 0 2 0 0 0
cpu14 98374 0 170 32181 0 0 3 0 0 0
cpu15 98159 0 36 32532 0 0 0 0 0 0
cpu16 99127 2 322 31261 7 0 1 0 0 0
cpu17 98156 0 37 32536 0 0 0 0 0 0
cpu18 98110 0 176 32436 0 0 0 0 0 0
cpu19 98156 0 44 32527 0 0 0 0 0 0
cpu20 98273 0 264 32052 80 0 6 0 0 0
cpu21 97940 0 225 32532 0 0 28 0 0 0
cpu22 97894 0 325 32505 2 0 4 0 0 0
cpu23 98092 0 99 32527 0 0 6 0 0 0
cpu24 98054 0 251 32405 4 0 6 0 0 0
cpu25 98151 0 44 32528 2 0 0 0 0 0
cpu26 97935 0 391 32389 0 0 5 0 0 0
cpu27 98153 0 38 32534 0 0 0 0 0 0
cpu28 98040 0 189 32490 0 0 3 0 0 0
cpu29 98150 0 42 32532 0 0 0 0 0 0
cpu30 98175 0 205 32326 2 0 5 0 0 0
cpu31 98116 0 82 32523 0 0 4 0 0 0
cpu32 98294 0 178 32234 0 0 0 0 0 0
cpu33 98028 0 165 32525 0 0 6 0 0 0
cpu34 98179 0 182 32320 0 0 0 0 0 0
cpu35 98156 0 44 32521 0 0 0 0 0 0
cpu36 98189 0 181 32339 0 0 0 0 0 0
cpu37 98152 0 38 32529 0 0 0 0 0 0
cpu38 98354 0 253 32096 0 0 0 0 0 0
cpu39 97816 0 343 32526 0 0 36 0 0 0
cpu40 98270 0 193 32246 1 0 0 0 0 0
cpu41 98131 0 62 32524 0 0 1 0 0 0
cpu42 98232 0 148 32345 0 0 0 0 0 0
cpu43 98158 0 47 32507 0 0 0 0 0 0
cpu44 98207 1 100 32403 0 0 1 0 0 0
cpu45 97991 0 182 32516 0 0 28 0 0 0
cpu46 98382 0 108 32220 0 0 0 0 0 0
cpu47 98155 0 40 32515 0 0 0 0 0 0
cpu48 98151 0 68 32496 0 0 0 0 0 0
cpu49 98152 0 34 32533 0 0 0 0 0 0
cpu50 98152 0 138 32417 0 0 0 0 0 0
cpu51 98151 0 43 32520 0 0 0 0 0 0
cpu52 98389 0 137 32174 2 0 1 0 0 0
cpu53 97996 0 180 32523 0 0 17 0 0 0
cpu54 98103 0 135 32468 0 0 2 0 0 0
cpu55 98075 0 106 32518 0 0 10 0 0 0
cpu56 98150 0 112 32453 0 0 0 0 0 0
cpu57 98151 0 41 32513 7 0 0 0 0 0
cpu58 98079 0 135 32497 0 0 1 0 0 0
cpu59 98148 0 43 32521 0 0 0 0 0 0
cpu60 98135 0 88 32489 0 0 1 0 0 0
cpu61 98155 0 48 32508 0 0 0 0 0 0
cpu62 98203 0 183 32304 0 0 1 0 0 0
cpu63 98120 0 86 32498 0 0 5 0 0 0
intr 18286678 83 0 0 0 612 0 0 0 1 0 285 0 0 0 0 0 0 0 0 0 0 0 0 0 0 0 0 0 0 0 0 0 0 0 0 0 0 0 5 954 26891 0 30 0 1 10735 0 12358 1196 0 2 1339 1077 0 17 0 2 0 2806 5732 20 4269 3 23 2 235 1 24 4 2545 7 7351 0 65 1 0 0 5527 57 0 0 0 140 1470 4 0 6 0 0 0 51 7571 3017 5756 4 0 880 252 2522 0 2 2272 0 0 0 0 0 0 0 0 0 0 0 0 0 0 0 0 0 31169 94 0 0 0 0 0 0 0 0 0 0 0 0 0 0 0 0 0 0 0 0 0 0 0 0 0 0 0 0 0 0 0 0 0 0 0 0 0 0 0 0 0 0 0 0 0 0 0 0 0 0 0 0 0 0 0 0 0 0 0 0 0 0 0 0 0 0 0 0 0 0 0 0 0 0 0 20 0 0 0 0 0 0 0 0 0 0 0 0 0 0 0 0 0 0 0 0 0 0 0 0 0 0 0 0 0 0 0 0 0 0 0 0 0 0 0 0 0 0 0 0 0 0 0 0 0 0 0 0 0 0 0 0 0 0 0 0 0 0 0 0 0 0 0 0 0 0 0 0 0 0 0 0 0 0 0 0 0 0 0 0 0 0 0 0 0 0 0 0 0 0 0 0 0 0 0 0 0 0 0 0 0 0 0 0 0 0 0 0 0 0 0 0 0 0 0 0 0 0 0 0 0 0 0 0 0 0 0 0 0 0 0 0 0 0 0 0 0 0 0 0 0 0 0 0 0 0 0 0 0 0 0 0 0 0 0 0 0 0 0 0 0 0 0 0 0 0 0 0 0 0 0 0 0 0 0 0 0 0 0 0 0 0 0 0 0 0 0 0 0 0 0 0 0 0 0 0 0 0 0 0 0 0 0 0 0 0 0 0 0 0 0 0 0 0 0 0 0 0 0 0 0 0 0 0 0 0 0 0 0 0 0 0 0 0 0 0 0 0 0 0 0 0 0 0 0 0 0 0 0 0 0 0 0 0 0 0 0 0 0 0 0 0 0 0 0 0 0 0 0 0 0 0 0 0 0 0 0 0 0 0 0 0 0 0 0 0 0 0 0 0 0 0 0 0 0 0 0 0 0 0 0 0 0 0 0 0 0 0 0 0 0 0 0 0 0 0 0 0 0 0 0 0 0 0 0 0 0 0 0 0 0 0 0 0 0 0 0 0 0 0 0 0 0 0 0 0 0 0 0 0 0 0 0 0 0 0 0 0 0 0 0 0 0 0 0 0 0 0 0 0 0 0 0 0 0 0 0 0 0 0 0 0 0 0 0 0 0 0 0 0 0 0 0 0 0 0 0 0 0 0 0 0 0 0 0 0 0 0 0 0 0 0 0 0 0 0 0 0 0 0 0 0 0 0 0 0 0 0 0 0 0 0 0 0 0 0 0 0 0 0 0 0 0 0 0 0 0 0 0 0 0 0 0 0 0 0 0 0 0 0 0 0 0 0 0 0 0 0 0 0 0 0 0 0 0 0 0 0 0 0 0 0 0 0 0 0 0 0 0 0 0 0 0 0 0 0 0 0 0 0 0 0 0 0 0 0 0 0 0 0 0 0 0 0 0 0 0 0 0 0 0 0 0 0 0 0 0 0 0 0 0 0 0 0 0 0 0 0 0 0 0 0 0 0 0 0 0 0 0 0 0 0 0 0 0 0 0 0 0 0 0 0 0 0 0 0 0 0 0 0 0 0 0 0 0 0 0 0 0 0 0 0 0 0 0 0 0 0 0 0 0 0 0 0 0 0 0 0 0 0 0 0 0 0 0 0 0 0 0 0 0 0 0 0 0 0 0 0 0 0 0 0 0 0 0 0 0 0 0 0 0 0 0 0 0 0 0 0 0 0 0 0 0 0 0 0 0 0 0 0 0 0 0 0 0 0 0 0 0 0 0 0 0 0 0 0 0 0 0 0 0 0 0 0 0 0 0 0 0 0 0 0 0 0 0 0 0 0 0 0 0 0 0 0 0 0 0 0 0 0 0 0 0 0 0 0 0 0 0 0 0 0 0 0 0 0 0 0 0 0 0 0 0 0 0 0 0 0 0 0 0 0 0 0 0 0 0 0 0 0 0 0 0 0 0 0 0 0 0 0 0 0 0 0 0 0 0 0 0 0 0 0 0 0 0 0 0 0 0 0 0 0 0 0 0 0 0 0 0 0 0 0 0 0 0 0 0 0 0 0 0 0 0 0 0 0 0 0 0 0 0 0 0 0 0 0 0 0 0 0 0 0 0 0 0 0 0 0 0 0 0 0 0 0 0 0 0 0 0 0 0 0 0 0 0 0 0 0 0 0 0 0 0 0 0 0 0 0 0 0 0 0 0 0 0 0 0 0 0 0 0 0 0 0 0 0 0 0 0 0 0 0 0 0 0 0 0 0 0 0 0 0 0 0 0 0 0 0 0 0 0 0 0 0 0 0 0 0 0 0 0 0 0 0 0 0 0 0 0 0 0 0 0 0 0 0 0 0 0 0 0 0 0 0 0 0 0 0 0 0 0 0 0 0 0 0 0 0 0 0 0 0 0 0 0 0 0 0 0 0 0 0 0 0 0 0 0 0 0 0 0 0 0 0 0 0 0 0 0 0 0 0 0 0 0 0 0 0 0 0 0 0 0 0 0 0 0 0 0 0 0 0 0 0 0 0 0 0 0 0 0 0 0 0 0 0 0 0 0 0 0 0 0 0 0 0 0 0 0 0 0 0 0 0 0 0 0 0 0 0 0 0 0 0 0 0 0 0 0 0 0 0 0 0 0 0 0 0 0 0 0 0 0 0 0 0 0 0 0 0 0 0 0 0 0 0 0 0 0 0 0 0 0 0 0 0 0 0 0 0 0 0 0 0 0 0 0 0 0 0 0 0 0 0 0 0 0 0 0 0 0 0 0 0 0 0 0 0 0 0 0 0 0 0 0 0 0 0 0 0 0 0 0 0 0 0 0 0 0 0 0 0 0 0 0 0 0 0 0 0 0 0 0 0 0 0 0 0 0 0 0 0 0 0 0 0 0 0 0 0 0 0 0 0 0 0 0 0 0 0 0 0 0 0 0 0 0 0 0 0 0 0 0 0 0 0 0 0 0 0 0 0 0 0 0 0 0 0 0 0 0 0 0 0 0 0 0 0 0 0 0 0 0 0 0 0 0 0 0 0 0 0 0 0 0 0 0 0 0 0 0 0 0 0 0 0 0 0 0 0 0 0 0 0 0 0 0 0 0 0 0 0 0 0 0 0 0 0 0 0 0 0 0 0 0 0 0 0 0 0 0 0 0 0 0 0 0 0 0 0 0 0 0 0 0 0 0 0 0 0 0 0 0 0 0 0 0 0 0 0 0 0 0 0 0 0 0 0 0 0 0 0 0 0 0 0 0 0 0 0 0 0 0 0 0 0 0 0 0 0 0 0 0 0 0 0 0 0 0 0 0 0 0 0 0 0 0 0 0 0 0 0 0 0 0 0 0 0 0 0 0 0 0 0 0 0 0 0 0 0 0 0 0 0 0 0 0 0 0 0 0 0 0 0 0 0 0 0 0 0 0 0 0 0 0 0 0 0 0 0 0 0 0 0 0 0 0 0 0 0 0 0 0 0 0 0 0 0 0 0 0 0 0 0 0 0 0 0 0 0 0 0 0 0 0 0 0 0 0 0 0 0 0 0 0 0 0 0 0 0 0 0 0 0 0 0 0 0 0 0 0 0 0 0 0 0 0 0 0 0 0 0 0 0 0 0 0 0 0 0 0 0 0 0 0 0 0 0 0 0 0 0 0 0 0 0 0 0 0 0 0 0 0 0 0 0 0 0 0 0 0 0 0 0 0 0 0 0 0 0 0 0 0 0 0 0 0 0 0 0 0 0 0 0 0 0 0 0 0 0 0 0 0 0 0 0 0 0 0 0 0 0 0 0 0 0 0 0 0 0 0 0 0 0 0 0 0 0 0 0 0 0 0 0 0 0 0 0 0 0 0 0 0 0 0 0 0 0 0 0 0 0 0 0 0 0 0 0 0 0 0 0 0 0 0 0 0 0 0 0 0 0 0 0 0 0 0 0 0 0 0 0 0 0 0 0 0 0 0 0 0 0 0 0 0 0 0 0 0 0 0 0 0 0 0 0 0 0 0 0 0 0 0 0 0 0 0 0 0 0 0 0 0 0 0 0 0 0 0 0 0 0 0 0 0 0 0 0 0 0 0 0 0 0 0 0 0 0 0 0 0 0 0 0 0 0 0 0 0 0 0 0 0 0 0 0 0 0 0 0 0 0 0 0 0 0 0 0 0 0 0 0 0 0 0 0 0 0 0 0 0 0 0 0 0 0 0 0 0 0 0 0 0 0 0 0 0 0 0 0 0 0 0 0 0 0 0 0 0 0 0 0 0 0 0 0 0 0 0 0 0 0 0 0 0 0 0 0 0 0 0 0 0 0 0 0 0 0 0 0 0 0 0 0 0 0 0 0 0 0 0 0 0 0 0 0 0 0 0 0 0 0 0 0 0 0 0 0 0 0 0 0 0 0 0 0 0 0 0 0 0 0 0 0 0 0 0 0 0 0 0 0 0 0 0 0 0 0 0 0 0 0 0 0 0 0 0 0 0 0 0 0 0 0 0 0 0 0 0 0 0 0 0 0 0 0 0 0 0 0 0 0 0 0 0 0 0 0 0 0 0 0 0 0 0 0 0 0 0 0 0 0 0 0 0 0 0 0 0 0 0 0 0 0 0 0 0 0 0 0 0 0 0 0 0 0 0 0 0 0 0 0 0 0 0 0 0 0 0 0 0 0 0 0 0 0 0 0 0 0 0 0 0 0 0 0 0 0 0 0 0 0 0 0 0 0 0 0 0 0 0 0 0 0 0 0 0 0 0 0 0 0 0 0 0 0 0 0 0 0 0 0 0 0 0 0 0 0 0 0 0 0 0 0 0 0 0 0 0 0 0 0 0 0 0 0 0 0 0 0 0 0 0 0 0 0 0 0 0 0 0 0 0 0 0 0 0 0 0 0 0 0 0 0 0 0 0 0 0 0 0 0 0 0 0 0 0 0 0 0 0 0 0 0 0 0 0 0 0 0 0 0 0 0 0 0 0 0 0 0 0 0 0 0 0 0 0 0 0 0 0 0 0 0 0
ctxt 3040647
btime 1613144793
processes 69687
procs_running 1
procs_blocked 0
softirq 20089553 1 11291265 826 572913 0 0 150 712450 0 7511948
