cpu  28164909 8 51545 4311188 179 0 4658 0 0 0
cpu0 438780 0 2196 66997 0 0 308 0 0 0
cpu1 439843 0 940 67442 9 0 120 0 0 0
cpu2 439597 0 1718 66866 1 0 155 0 0 0
cpu3 439489 0 1107 67575 4 0 155 0 0 0
cpu4 440050 0 1425 66672 8 0 105 0 0 0
cpu5 440399 0 342 67562 4 0 24 0 0 0
cpu6 439554 0 1140 67483 1 0 147 0 0 0
cpu7 439861 0 886 67459 2 0 125 0 0 0
cpu8 439355 0 1419 67490 0 0 60 0 0 0
cpu9 440408 0 369 67507 3 0 47 0 0 0
cpu10 439714 0 1104 67408 3 0 89 0 0 0
cpu11 440296 0 448 67533 2 0 50 0 0 0
cpu12 439305 0 1502 67449 1 0 74 0 0 0
cpu13 440467 0 388 67424 1 0 41 0 0 0
cpu14 439484 0 1368 67389 0 0 89 0 0 0
cpu15 440333 0 600 67293 2 0 90 0 0 0
cpu16 438543 0 2079 67508 0 0 196 0 0 0
cpu17 440218 0 500 67368 1 0 223 0 0 0
cpu18 439047 0 1843 67276 0 0 166 0 0 0
cpu19 440390 0 420 67456 1 0 51 0 0 0
cpu20 439572 0 1210 67337 48 0 114 0 0 0
cpu21 440494 0 318 67491 11 0 16 0 0 0
cpu22 439532 0 1161 67515 1 0 117 0 0 0
cpu23 440440 0 316 67541 8 0 25 0 0 0
cpu24 440023 0 877 67382 1 0 37 0 0 0
cpu25 440485 0 252 67585 1 0 10 0 0 0
cpu26 439450 0 1260 67459 0 0 147 0 0 0
cpu27 440312 0 420 67550 1 0 47 0 0 0
cpu28 439608 0 1118 67518 0 0 81 0 0 0
cpu29 440500 0 246 67565 2 0 16 0 0 0
cpu30 439332 0 1286 67495 0 0 207 0 0 0
cpu31 440358 0 359 67576 1 0 28 0 0 0
cpu32 440112 0 1012 67148 1 0 40 0 0 0
cpu33 440052 0 666 67569 1 0 33 0 0 0
cpu34 440263 2 1106 66916 0 0 31 0 0 0
cpu35 440316 0 396 67582 0 0 29 0 0 0
cpu36 440680 0 737 66858 0 0 37 0 0 0
cpu37 440390 0 342 67570 5 0 16 0 0 0
cpu38 442315 0 745 65204 1 0 37 0 0 0
cpu39 439905 0 782 67546 1 0 88 0 0 0
cpu40 440973 0 842 66460 5 0 28 0 0 0
cpu41 440550 0 288 67452 1 0 18 0 0 0
cpu42 439618 0 1152 67396 0 0 154 0 0 0
cpu43 440453 0 320 67513 0 0 36 0 0 0
cpu44 440056 0 1084 67159 0 0 23 0 0 0
cpu45 440544 0 290 67460 0 0 22 0 0 0
cpu46 439441 0 1622 67098 0 0 149 0 0 0
cpu47 440663 0 280 67347 2 0 19 0 0 0
cpu48 439449 0 1472 67295 0 0 100 0 0 0
cpu49 440475 0 470 67349 2 0 19 0 0 0
cpu50 439693 0 1013 67528 0 0 80 0 0 0
cpu51 440582 0 260 67464 2 0 11 0 0 0
cpu52 440320 0 444 67513 0 0 41 0 0 0
cpu53 440529 0 271 67500 3 0 16 0 0 0
cpu54 440113 0 616 67532 1 0 50 0 0 0
cpu55 440404 0 345 67544 0 0 22 0 0 0
cpu56 440188 0 706 67402 0 0 15 0 0 0
cpu57 440562 0 190 67552 0 0 8 0 0 0
cpu58 440254 0 533 67490 0 0 35 0 0 0
cpu59 440177 1 493 67562 1 0 83 0 0 0
cpu60 440198 0 679 67386 0 0 22 0 0 0
cpu61 440535 0 204 67554 1 0 17 0 0 0
cpu62 439314 0 1246 67558 0 0 188 0 0 0
cpu63 440522 0 296 67477 7 0 6 0 0 0
intr 78601681 83 0 0 0 639 0 0 0 1 0 282 0 0 0 0 0 0 0 0 0 0 0 0 0 0 0 0 0 0 0 0 0 0 0 0 0 0 0 1192 27493 1468 12833 304 7090 1253 9340 743 11291 619 4661 525 4732 254 3690 1331 67736 184 3932 9664 2072 1560 6916 1150 1177 489 3328 1866 607 789 3235 1450 15510 170 8833 127 7002 253 11644 323 2734 493 5133 845 1495 12 2185 669 8411 765 3136 2885 1865 3687 4656 1096 822 581 2749 773 1591 835 2002 0 0 0 0 0 0 0 0 0 0 0 0 0 0 0 0 0 31832 93 0 0 0 0 0 0 0 0 0 0 0 0 0 0 0 0 0 0 0 0 0 0 0 0 0 0 0 0 0 0 0 0 0 0 0 0 0 0 0 0 0 0 0 0 0 0 0 0 0 0 0 0 0 0 0 0 0 0 0 0 0 0 0 0 0 0 0 0 0 0 0 0 0 0 0 15 0 0 0 0 0 0 0 0 0 0 0 0 0 0 0 0 0 0 0 0 0 0 0 0 0 0 0 0 0 0 0 0 0 0 0 0 0 0 0 0 0 0 0 0 0 0 0 0 0 0 0 0 0 0 0 0 0 0 0 0 0 0 0 0 0 0 0 0 0 0 0 0 0 0 0 0 0 0 0 0 0 0 0 0 0 0 0 0 0 0 0 0 0 0 0 0 0 0 0 0 0 0 0 0 0 0 0 0 0 0 0 0 0 0 0 0 0 0 0 0 0 0 0 0 0 0 0 0 0 0 0 0 0 0 0 0 0 0 0 0 0 0 0 0 0 0 0 0 0 0 0 0 0 0 0 0 0 0 0 0 0 0 0 0 0 0 0 0 0 0 0 0 0 0 0 0 0 0 0 0 0 0 0 0 0 0 0 0 0 0 0 0 0 0 0 0 0 0 0 0 0 0 0 0 0 0 0 0 0 0 0 0 0 0 0 0 0 0 0 0 0 0 0 0 0 0 0 0 0 0 0 0 0 0 0 0 0 0 0 0 0 0 0 0 0 0 0 0 0 0 0 0 0 0 0 0 0 0 0 0 0 0 0 0 0 0 0 0 0 0 0 0 0 0 0 0 0 0 0 0 0 0 0 0 0 0 0 0 0 0 0 0 0 0 0 0 0 0 0 0 0 0 0 0 0 0 0 0 0 0 0 0 0 0 0 0 0 0 0 0 0 0 0 0 0 0 0 0 0 0 0 0 0 0 0 0 0 0 0 0 0 0 0 0 0 0 0 0 0 0 0 0 0 0 0 0 0 0 0 0 0 0 0 0 0 0 0 0 0 0 0 0 0 0 0 0 0 0 0 0 0 0 0 0 0 0 0 0 0 0 0 0 0 0 0 0 0 0 0 0 0 0 0 0 0 0 0 0 0 0 0 0 0 0 0 0 0 0 0 0 0 0 0 0 0 0 0 0 0 0 0 0 0 0 0 0 0 0 0 0 0 0 0 0 0 0 0 0 0 0 0 0 0 0 0 0 0 0 0 0 0 0 0 0 0 0 0 0 0 0 0 0 0 0 0 0 0 0 0 0 0 0 0 0 0 0 0 0 0 0 0 0 0 0 0 0 0 0 0 0 0 0 0 0 0 0 0 0 0 0 0 0 0 0 0 0 0 0 0 0 0 0 0 0 0 0 0 0 0 0 0 0 0 0 0 0 0 0 0 0 0 0 0 0 0 0 0 0 0 0 0 0 0 0 0 0 0 0 0 0 0 0 0 0 0 0 0 0 0 0 0 0 0 0 0 0 0 0 0 0 0 0 0 0 0 0 0 0 0 0 0 0 0 0 0 0 0 0 0 0 0 0 0 0 0 0 0 0 0 0 0 0 0 0 0 0 0 0 0 0 0 0 0 0 0 0 0 0 0 0 0 0 0 0 0 0 0 0 0 0 0 0 0 0 0 0 0 0 0 0 0 0 0 0 0 0 0 0 0 0 0 0 0 0 0 0 0 0 0 0 0 0 0 0 0 0 0 0 0 0 0 0 0 0 0 0 0 0 0 0 0 0 0 0 0 0 0 0 0 0 0 0 0 0 0 0 0 0 0 0 0 0 0 0 0 0 0 0 0 0 0 0 0 0 0 0 0 0 0 0 0 0 0 0 0 0 0 0 0 0 0 0 0 0 0 0 0 0 0 0 0 0 0 0 0 0 0 0 0 0 0 0 0 0 0 0 0 0 0 0 0 0 0 0 0 0 0 0 0 0 0 0 0 0 0 0 0 0 0 0 0 0 0 0 0 0 0 0 0 0 0 0 0 0 0 0 0 0 0 0 0 0 0 0 0 0 0 0 0 0 0 0 0 0 0 0 0 0 0 0 0 0 0 0 0 0 0 0 0 0 0 0 0 0 0 0 0 0 0 0 0 0 0 0 0 0 0 0 0 0 0 0 0 0 0 0 0 0 0 0 0 0 0 0 0 0 0 0 0 0 0 0 0 0 0 0 0 0 0 0 0 0 0 0 0 0 0 0 0 0 0 0 0 0 0 0 0 0 0 0 0 0 0 0 0 0 0 0 0 0 0 0 0 0 0 0 0 0 0 0 0 0 0 0 0 0 0 0 0 0 0 0 0 0 0 0 0 0 0 0 0 0 0 0 0 0 0 0 0 0 0 0 0 0 0 0 0 0 0 0 0 0 0 0 0 0 0 0 0 0 0 0 0 0 0 0 0 0 0 0 0 0 0 0 0 0 0 0 0 0 0 0 0 0 0 0 0 0 0 0 0 0 0 0 0 0 0 0 0 0 0 0 0 0 0 0 0 0 0 0 0 0 0 0 0 0 0 0 0 0 0 0 0 0 0 0 0 0 0 0 0 0 0 0 0 0 0 0 0 0 0 0 0 0 0 0 0 0 0 0 0 0 0 0 0 0 0 0 0 0 0 0 0 0 0 0 0 0 0 0 0 0 0 0 0 0 0 0 0 0 0 0 0 0 0 0 0 0 0 0 0 0 0 0 0 0 0 0 0 0 0 0 0 0 0 0 0 0 0 0 0 0 0 0 0 0 0 0 0 0 0 0 0 0 0 0 0 0 0 0 0 0 0 0 0 0 0 0 0 0 0 0 0 0 0 0 0 0 0 0 0 0 0 0 0 0 0 0 0 0 0 0 0 0 0 0 0 0 0 0 0 0 0 0 0 0 0 0 0 0 0 0 0 0 0 0 0 0 0 0 0 0 0 0 0 0 0 0 0 0 0 0 0 0 0 0 0 0 0 0 0 0 0 0 0 0 0 0 0 0 0 0 0 0 0 0 0 0 0 0 0 0 0 0 0 0 0 0 0 0 0 0 0 0 0 0 0 0 0 0 0 0 0 0 0 0 0 0 0 0 0 0 0 0 0 0 0 0 0 0 0 0 0 0 0 0 0 0 0 0 0 0 0 0 0 0 0 0 0 0 0 0 0 0 0 0 0 0 0 0 0 0 0 0 0 0 0 0 0 0 0 0 0 0 0 0 0 0 0 0 0 0 0 0 0 0 0 0 0 0 0 0 0 0 0 0 0 0 0 0 0 0 0 0 0 0 0 0 0 0 0 0 0 0 0 0 0 0 0 0 0 0 0 0 0 0 0 0 0 0 0 0 0 0 0 0 0 0 0 0 0 0 0 0 0 0 0 0 0 0 0 0 0 0 0 0 0 0 0 0 0 0 0 0 0 0 0 0 0 0 0 0 0 0 0 0 0 0 0 0 0 0 0 0 0 0 0 0 0 0 0 0 0 0 0 0 0 0 0 0 0 0 0 0 0 0 0 0 0 0 0 0 0 0 0 0 0 0 0 0 0 0 0 0 0 0 0 0 0 0 0 0 0 0 0 0 0 0 0 0 0 0 0 0 0 0 0 0 0 0 0 0 0 0 0 0 0 0 0 0 0 0 0 0 0 0 0 0 0 0 0 0 0 0 0 0 0 0 0 0 0 0 0 0 0 0 0 0 0 0 0 0 0 0 0 0 0 0 0 0 0 0 0 0 0 0 0 0 0 0 0 0 0 0 0 0 0 0 0 0 0 0 0 0 0 0 0 0 0 0 0 0 0 0 0 0 0 0 0 0 0 0 0 0 0 0 0 0 0 0 0 0 0 0 0 0 0 0 0 0 0 0 0 0 0 0 0 0 0 0 0 0 0 0 0 0 0 0 0 0 0 0 0 0 0 0 0 0 0 0 0 0 0 0 0 0 0 0 0 0 0 0 0 0 0 0 0 0 0 0 0 0 0 0 0 0 0 0 0 0 0 0 0 0 0 0 0 0 0 0 0 0 0 0 0 0 0 0 0 0 0 0 0 0 0 0 0 0 0 0 0 0 0 0 0 0 0 0 0 0 0 0 0 0 0 0 0 0 0 0 0 0 0 0 0 0 0 0 0 0 0 0 0 0 0 0 0 0 0 0 0 0 0 0 0 0 0 0 0 0 0 0 0 0 0 0 0 0 0 0 0 0 0 0 0 0 0 0 0 0 0 0 0 0 0 0 0 0 0 0 0 0 0 0 0 0 0 0 0 0 0 0 0 0 0 0 0 0 0 0 0 0 0 0 0 0 0 0 0 0 0 0 0 0 0 0 0 0 0 0 0 0 0 0 0 0 0 0 0 0 0 0 0 0 0 0 0 0 0 0 0 0 0 0 0 0 0 0 0 0 0 0 0 0 0 0 0 0 0 0 0 0 0 0 0 0 0 0 0 0 0 0 0 0 0 0 0 0 0 0 0 0 0 0 0 0 0 0 0 0 0 0 0 0 0 0 0 0 0 0 0 0 0 0 0 0 0 0 0 0 0 0 0 0 0 0 0 0 0 0 0 0 0 0 0 0 0 0 0 0 0 0 0 0 0 0 0 0 0 0 0 0 0 0 0 0 0 0 0 0 0 0 0 0 0 0 0 0 0 0 0 0 0 0 0 0 0 0 0 0 0 0 0 0 0 0 0 0 0 0 0 0 0 0 0 0 0 0 0 0 0 0 0 0 0 0 0 0 0 0 0 0 0 0 0 0 0 0 0 0 0 0 0 0 0 0 0 0 0 0 0 0 0 0 0 0 0 0 0 0 0 0 0 0 0 0 0 0 0 0 0 0 0 0 0 0 0 0 0 0 0 0 0 0 0 0 0 0 0 0 0 0 0 0 0 0 0 0 0 0 0 0 0 0 0 0 0 0 0 0 0 0 0 0 0 0 0 0 0
ctxt 9528010
btime 1613123985
processes 207420
procs_running 1
procs_blocked 0
softirq 88152191 1 51100247 1309 1713516 0 0 148 2674878 0 32662092
