cpu  9303330 6 12753 2143095 145 0 899 0 0 0
cpu0 145330 0 427 33093 0 0 152 0 0 0
cpu1 145342 0 145 33552 11 0 20 0 0 0
cpu2 145130 0 357 33365 0 0 182 0 0 0
cpu3 145144 0 274 33621 0 0 45 0 0 0
cpu4 145271 0 308 33485 0 0 4 0 0 0
cpu5 145402 0 54 33622 1 0 0 0 0 0
cpu6 145507 0 258 33306 0 0 2 0 0 0
cpu7 144853 0 545 33617 1 0 66 0 0 0
cpu8 145472 0 276 33322 1 0 4 0 0 0
cpu9 145102 0 304 33628 0 0 45 0 0 0
cpu10 145392 0 254 33432 1 0 2 0 0 0
cpu11 145406 0 36 33631 4 0 0 0 0 0
cpu12 145690 0 427 32950 0 0 2 0 0 0
cpu13 145361 0 88 33628 0 0 2 0 0 0
cpu14 145546 0 314 33211 0 0 5 0 0 0
cpu15 145388 0 61 33624 0 0 2 0 0 0
cpu16 146277 2 436 32342 7 0 7 0 0 0
cpu17 145126 0 268 33628 0 0 55 0 0 0
cpu18 145259 0 284 33527 0 0 2 0 0 0
cpu19 145410 0 45 33619 0 0 0 0 0 0
cpu20 145551 0 340 33040 80 0 11 0 0 0
cpu21 145181 0 239 33624 0 0 30 0 0 0
cpu22 145098 0 390 33582 2 0 6 0 0 0
cpu23 145154 0 261 33619 0 0 38 0 0 0
cpu24 145384 0 275 33398 4 0 6 0 0 0
cpu25 145405 0 46 33621 2 0 0 0 0 0
cpu26 145163 0 420 33480 0 0 6 0 0 0
cpu27 145406 0 41 33626 0 0 0 0 0 0
cpu28 145190 0 300 33574 0 0 5 0 0 0
cpu29 145403 0 46 33625 0 0 0 0 0 0
cpu30 145391 0 248 33416 2 0 6 0 0 0
cpu31 145368 0 87 33615 0 0 4 0 0 0
cpu32 145541 0 206 33308 0 0 1 0 0 0
cpu33 145272 0 176 33617 0 0 7 0 0 0
cpu34 145409 0 207 33410 0 0 3 0 0 0
cpu35 145410 0 46 33613 0 0 0 0 0 0
cpu36 145375 0 250 33430 0 0 0 0 0 0
cpu37 145407 0 40 33617 0 0 0 0 0 0
cpu38 145590 0 276 33183 0 0 2 0 0 0
cpu39 145059 0 357 33618 0 0 36 0 0 0
cpu40 145495 0 238 33321 1 0 1 0 0 0
cpu41 145333 0 111 33617 0 0 6 0 0 0
cpu42 145456 0 184 33432 0 0 0 0 0 0
cpu43 145412 0 50 33599 0 0 0 0 0 0
cpu44 145442 1 125 33491 0 0 2 0 0 0
cpu45 145246 0 184 33608 0 0 28 0 0 0
cpu46 145581 0 166 33310 0 0 1 0 0 0
cpu47 145384 0 67 33607 0 0 0 0 0 0
cpu48 145334 0 142 33587 0 0 1 0 0 0
cpu49 145266 0 160 33615 0 0 26 0 0 0
cpu50 145383 0 164 33508 0 0 0 0 0 0
cpu51 145406 0 45 33612 0 0 0 0 0 0
cpu52 145632 0 151 33264 2 0 2 0 0 0
cpu53 145245 0 189 33614 0 0 18 0 0 0
cpu54 145348 0 147 33558 0 0 3 0 0 0
cpu55 145233 0 191 33610 0 0 22 0 0 0
cpu56 145355 0 172 33536 0 0 0 0 0 0
cpu57 145409 0 44 33600 7 0 0 0 0 0
cpu58 145323 0 150 33587 0 0 1 0 0 0
cpu59 145402 0 44 33613 0 0 0 0 0 0
cpu60 145378 0 100 33579 0 0 3 0 0 0
cpu61 145410 0 49 33600 0 0 0 0 0 0
cpu62 145290 0 355 33394 0 0 1 0 0 0
cpu63 145377 0 91 33584 0 0 5 0 0 0
intr 26819439 83 0 0 0 612 0 0 0 1 0 285 0 0 0 0 0 0 0 0 0 0 0 0 0 0 0 0 0 0 0 0 0 0 0 0 0 0 0 5 954 39851 0 30 0 1 10735 0 14238 1196 0 2 1339 1077 1439 17 4838 2 2 2850 6350 20 6393 3 23 2 235 1 32 4 2595 7 7351 0 65 5 0 0 5527 85 3410 0 0 188 1470 4 726 6 4117 0 0 51 7932 3033 9151 4 0 880 252 2522 0 2 2272 0 0 0 0 0 0 0 0 0 0 0 0 0 0 0 0 0 31468 94 0 0 0 0 0 0 0 0 0 0 0 0 0 0 0 0 0 0 0 0 0 0 0 0 0 0 0 0 0 0 0 0 0 0 0 0 0 0 0 0 0 0 0 0 0 0 0 0 0 0 0 0 0 0 0 0 0 0 0 0 0 0 0 0 0 0 0 0 0 0 0 0 0 0 0 20 0 0 0 0 0 0 0 0 0 0 0 0 0 0 0 0 0 0 0 0 0 0 0 0 0 0 0 0 0 0 0 0 0 0 0 0 0 0 0 0 0 0 0 0 0 0 0 0 0 0 0 0 0 0 0 0 0 0 0 0 0 0 0 0 0 0 0 0 0 0 0 0 0 0 0 0 0 0 0 0 0 0 0 0 0 0 0 0 0 0 0 0 0 0 0 0 0 0 0 0 0 0 0 0 0 0 0 0 0 0 0 0 0 0 0 0 0 0 0 0 0 0 0 0 0 0 0 0 0 0 0 0 0 0 0 0 0 0 0 0 0 0 0 0 0 0 0 0 0 0 0 0 0 0 0 0 0 0 0 0 0 0 0 0 0 0 0 0 0 0 0 0 0 0 0 0 0 0 0 0 0 0 0 0 0 0 0 0 0 0 0 0 0 0 0 0 0 0 0 0 0 0 0 0 0 0 0 0 0 0 0 0 0 0 0 0 0 0 0 0 0 0 0 0 0 0 0 0 0 0 0 0 0 0 0 0 0 0 0 0 0 0 0 0 0 0 0 0 0 0 0 0 0 0 0 0 0 0 0 0 0 0 0 0 0 0 0 0 0 0 0 0 0 0 0 0 0 0 0 0 0 0 0 0 0 0 0 0 0 0 0 0 0 0 0 0 0 0 0 0 0 0 0 0 0 0 0 0 0 0 0 0 0 0 0 0 0 0 0 0 0 0 0 0 0 0 0 0 0 0 0 0 0 0 0 0 0 0 0 0 0 0 0 0 0 0 0 0 0 0 0 0 0 0 0 0 0 0 0 0 0 0 0 0 0 0 0 0 0 0 0 0 0 0 0 0 0 0 0 0 0 0 0 0 0 0 0 0 0 0 0 0 0 0 0 0 0 0 0 0 0 0 0 0 0 0 0 0 0 0 0 0 0 0 0 0 0 0 0 0 0 0 0 0 0 0 0 0 0 0 0 0 0 0 0 0 0 0 0 0 0 0 0 0 0 0 0 0 0 0 0 0 0 0 0 0 0 0 0 0 0 0 0 0 0 0 0 0 0 0 0 0 0 0 0 0 0 0 0 0 0 0 0 0 0 0 0 0 0 0 0 0 0 0 0 0 0 0 0 0 0 0 0 0 0 0 0 0 0 0 0 0 0 0 0 0 0 0 0 0 0 0 0 0 0 0 0 0 0 0 0 0 0 0 0 0 0 0 0 0 0 0 0 0 0 0 0 0 0 0 0 0 0 0 0 0 0 0 0 0 0 0 0 0 0 0 0 0 0 0 0 0 0 0 0 0 0 0 0 0 0 0 0 0 0 0 0 0 0 0 0 0 0 0 0 0 0 0 0 0 0 0 0 0 0 0 0 0 0 0 0 0 0 0 0 0 0 0 0 0 0 0 0 0 0 0 0 0 0 0 0 0 0 0 0 0 0 0 0 0 0 0 0 0 0 0 0 0 0 0 0 0 0 0 0 0 0 0 0 0 0 0 0 0 0 0 0 0 0 0 0 0 0 0 0 0 0 0 0 0 0 0 0 0 0 0 0 0 0 0 0 0 0 0 0 0 0 0 0 0 0 0 0 0 0 0 0 0 0 0 0 0 0 0 0 0 0 0 0 0 0 0 0 0 0 0 0 0 0 0 0 0 0 0 0 0 0 0 0 0 0 0 0 0 0 0 0 0 0 0 0 0 0 0 0 0 0 0 0 0 0 0 0 0 0 0 0 0 0 0 0 0 0 0 0 0 0 0 0 0 0 0 0 0 0 0 0 0 0 0 0 0 0 0 0 0 0 0 0 0 0 0 0 0 0 0 0 0 0 0 0 0 0 0 0 0 0 0 0 0 0 0 0 0 0 0 0 0 0 0 0 0 0 0 0 0 0 0 0 0 0 0 0 0 0 0 0 0 0 0 0 0 0 0 0 0 0 0 0 0 0 0 0 0 0 0 0 0 0 0 0 0 0 0 0 0 0 0 0 0 0 0 0 0 0 0 0 0 0 0 0 0 0 0 0 0 0 0 0 0 0 0 0 0 0 0 0 0 0 0 0 0 0 0 0 0 0 0 0 0 0 0 0 0 0 0 0 0 0 0 0 0 0 0 0 0 0 0 0 0 0 0 0 0 0 0 0 0 0 0 0 0 0 0 0 0 0 0 0 0 0 0 0 0 0 0 0 0 0 0 0 0 0 0 0 0 0 0 0 0 0 0 0 0 0 0 0 0 0 0 0 0 0 0 0 0 0 0 0 0 0 0 0 0 0 0 0 0 0 0 0 0 0 0 0 0 0 0 0 0 0 0 0 0 0 0 0 0 0 0 0 0 0 0 0 0 0 0 0 0 0 0 0 0 0 0 0 0 0 0 0 0 0 0 0 0 0 0 0 0 0 0 0 0 0 0 0 0 0 0 0 0 0 0 0 0 0 0 0 0 0 0 0 0 0 0 0 0 0 0 0 0 0 0 0 0 0 0 0 0 0 0 0 0 0 0 0 0 0 0 0 0 0 0 0 0 0 0 0 0 0 0 0 0 0 0 0 0 0 0 0 0 0 0 0 0 0 0 0 0 0 0 0 0 0 0 0 0 0 0 0 0 0 0 0 0 0 0 0 0 0 0 0 0 0 0 0 0 0 0 0 0 0 0 0 0 0 0 0 0 0 0 0 0 0 0 0 0 0 0 0 0 0 0 0 0 0 0 0 0 0 0 0 0 0 0 0 0 0 0 0 0 0 0 0 0 0 0 0 0 0 0 0 0 0 0 0 0 0 0 0 0 0 0 0 0 0 0 0 0 0 0 0 0 0 0 0 0 0 0 0 0 0 0 0 0 0 0 0 0 0 0 0 0 0 0 0 0 0 0 0 0 0 0 0 0 0 0 0 0 0 0 0 0 0 0 0 0 0 0 0 0 0 0 0 0 0 0 0 0 0 0 0 0 0 0 0 0 0 0 0 0 0 0 0 0 0 0 0 0 0 0 0 0 0 0 0 0 0 0 0 0 0 0 0 0 0 0 0 0 0 0 0 0 0 0 0 0 0 0 0 0 0 0 0 0 0 0 0 0 0 0 0 0 0 0 0 0 0 0 0 0 0 0 0 0 0 0 0 0 0 0 0 0 0 0 0 0 0 0 0 0 0 0 0 0 0 0 0 0 0 0 0 0 0 0 0 0 0 0 0 0 0 0 0 0 0 0 0 0 0 0 0 0 0 0 0 0 0 0 0 0 0 0 0 0 0 0 0 0 0 0 0 0 0 0 0 0 0 0 0 0 0 0 0 0 0 0 0 0 0 0 0 0 0 0 0 0 0 0 0 0 0 0 0 0 0 0 0 0 0 0 0 0 0 0 0 0 0 0 0 0 0 0 0 0 0 0 0 0 0 0 0 0 0 0 0 0 0 0 0 0 0 0 0 0 0 0 0 0 0 0 0 0 0 0 0 0 0 0 0 0 0 0 0 0 0 0 0 0 0 0 0 0 0 0 0 0 0 0 0 0 0 0 0 0 0 0 0 0 0 0 0 0 0 0 0 0 0 0 0 0 0 0 0 0 0 0 0 0 0 0 0 0 0 0 0 0 0 0 0 0 0 0 0 0 0 0 0 0 0 0 0 0 0 0 0 0 0 0 0 0 0 0 0 0 0 0 0 0 0 0 0 0 0 0 0 0 0 0 0 0 0 0 0 0 0 0 0 0 0 0 0 0 0 0 0 0 0 0 0 0 0 0 0 0 0 0 0 0 0 0 0 0 0 0 0 0 0 0 0 0 0 0 0 0 0 0 0 0 0 0 0 0 0 0 0 0 0 0 0 0 0 0 0 0 0 0 0 0 0 0 0 0 0 0 0 0 0 0 0 0 0 0 0 0 0 0 0 0 0 0 0 0 0 0 0 0 0 0 0 0 0 0 0 0 0 0 0 0 0 0 0 0 0 0 0 0 0 0 0 0 0 0 0 0 0 0 0 0 0 0 0 0 0 0 0 0 0 0 0 0 0 0 0 0 0 0 0 0 0 0 0 0 0 0 0 0 0 0 0 0 0 0 0 0 0 0 0 0 0 0 0 0 0 0 0 0 0 0 0 0 0 0 0 0 0 0 0 0 0 0 0 0 0 0 0 0 0 0 0 0 0 0 0 0 0 0 0 0 0 0 0 0 0 0 0 0 0 0 0 0 0 0 0 0 0 0 0 0 0 0 0 0 0 0 0 0 0 0 0 0 0 0 0 0 0 0 0 0 0 0 0 0 0 0 0 0 0 0 0 0 0 0 0 0 0 0 0 0 0 0 0 0 0 0 0 0 0 0 0 0 0 0 0 0 0 0 0 0 0 0 0 0 0 0 0 0 0 0 0 0 0 0 0 0 0 0 0 0 0 0 0 0 0 0 0 0 0 0 0 0 0 0 0 0 0 0 0 0 0 0 0 0 0 0 0 0 0 0 0 0 0 0 0 0 0 0 0 0 0 0 0 0 0 0 0 0 0 0 0 0 0 0 0 0 0 0 0 0 0 0 0 0 0 0 0 0 0 0 0 0 0 0 0 0 0 0 0 0 0 0 0 0 0 0 0 0 0 0 0 0 0 0 0 0 0 0 0 0 0 0 0 0 0 0 0 0 0 0 0 0 0 0 0 0 0 0 0 0 0 0 0 0 0 0 0 0 0 0 0 0 0 0 0 0 0 0 0 0 0 0 0 0 0 0 0 0 0 0 0 0 0 0 0 0 0 0 0
ctxt 4222437
btime 1613144793
processes 96551
procs_running 1
procs_blocked 0
softirq 29714645 1 16775219 947 811439 0 0 151 983233 0 11143655
