cpu  1623734 5 5302 4926324 385 0 210 0 0 0
cpu0 25316 0 243 76650 0 0 104 0 0 0
cpu1 25208 0 197 77017 12 0 10 0 0 0
cpu2 25296 0 83 77074 0 0 0 0 0 0
cpu3 25387 0 102 76954 2 0 4 0 0 0
cpu4 25296 0 94 77053 0 0 1 0 0 0
cpu5 25614 0 93 76717 21 0 4 0 0 0
cpu6 25298 0 193 76901 0 0 4 0 0 0
cpu7 25420 0 47 76972 8 0 1 0 0 0
cpu8 25308 0 70 77069 0 0 0 0 0 0
cpu9 25431 0 93 76863 65 0 2 0 0 0
cpu10 25321 0 110 77014 0 0 0 0 0 0
cpu11 25359 0 51 77035 3 0 0 0 0 0
cpu12 25323 0 92 77022 0 0 2 0 0 0
cpu13 25322 0 91 77024 3 0 2 0 0 0
cpu14 25331 0 44 77070 3 0 0 0 0 0
cpu15 25469 0 54 76925 1 0 0 0 0 0
cpu16 25332 0 54 77053 5 0 0 0 0 0
cpu17 25391 0 92 76922 27 0 0 0 0 0
cpu18 25339 0 41 77070 0 0 0 0 0 0
cpu19 25373 0 136 76917 4 0 6 0 0 0
cpu20 25342 0 32 77074 1 0 0 0 0 0
cpu21 25449 0 120 76856 2 0 1 0 0 0
cpu22 25346 0 52 77047 0 0 0 0 0 0
cpu23 25536 0 173 76689 28 0 4 0 0 0
cpu24 25347 0 56 76984 24 0 0 0 0 0
cpu25 25396 0 80 76951 10 0 1 0 0 0
cpu26 25344 0 64 77036 0 0 0 0 0 0
cpu27 25296 0 178 76959 9 0 2 0 0 0
cpu28 25334 0 45 77041 0 0 11 0 0 0
cpu29 25377 0 67 76995 2 0 0 0 0 0
cpu30 25342 0 53 77039 0 0 0 0 0 0
cpu31 25392 0 44 76999 1 0 0 0 0 0
cpu32 25344 0 32 77059 0 0 0 0 0 0
cpu33 25366 0 63 77005 4 0 2 0 0 0
cpu34 25328 0 60 77056 0 0 0 0 0 0
cpu35 25480 0 97 76852 1 0 2 0 0 0
cpu36 25322 0 61 77058 0 0 0 0 0 0
cpu37 25364 0 50 77022 1 0 0 0 0 0
cpu38 25334 0 50 77053 0 0 0 0 0 0
cpu39 25541 0 60 76832 1 0 0 0 0 0
cpu40 25321 0 63 77054 0 0 0 0 0 0
cpu41 25369 0 53 76975 40 0 0 0 0 0
cpu42 25337 0 38 77064 0 0 0 0 0 0
cpu43 25344 0 42 77053 0 0 0 0 0 0
cpu44 25339 0 56 77044 0 0 0 0 0 0
cpu45 25484 0 70 76870 12 0 0 0 0 0
cpu46 25314 0 79 77036 0 0 0 0 0 0
cpu47 25430 0 82 76924 2 0 0 0 0 0
cpu48 25342 0 46 77044 0 0 0 0 0 0
cpu49 25384 0 82 76959 0 0 0 0 0 0
cpu50 25344 0 40 77052 0 0 0 0 0 0
cpu51 25407 0 86 76934 2 0 0 0 0 0
cpu52 25342 0 36 77056 0 0 0 0 0 0
cpu53 25455 0 110 76869 0 0 0 0 0 0
cpu54 25343 0 35 77054 0 0 0 0 0 0
cpu55 25309 1 294 76790 6 0 30 0 0 0
cpu56 25342 0 39 77050 0 0 0 0 0 0
cpu57 25444 2 80 76891 7 0 0 0 0 0
cpu58 25341 0 37 77053 0 0 0 0 0 0
cpu59 25307 0 147 76971 4 0 3 0 0 0
cpu60 25341 0 41 77051 0 0 0 0 0 0
cpu61 25644 0 159 76576 46 0 0 0 0 0
cpu62 25344 0 42 77045 0 0 0 0 0 0
cpu63 25369 0 106 76948 4 0 0 0 0 0
intr 5218340 82 0 0 0 630 0 0 0 1 0 285 0 0 0 0 0 0 0 0 0 0 0 0 0 0 0 0 0 0 0 0 0 0 0 0 0 0 0 18 10036 131 2052 0 2773 5 1367 0 473 0 555 0 2131 0 29 1 30 2 2 0 317 0 1720 99 3523 105 2553 12340 0 8 0 8 6 0 353 0 1 0 6 2 3 0 0 42 2 0 11 0 53 2 15 0 258 0 289 2 2 2 1814 0 6 1 0 0 0 0 0 0 0 0 0 0 0 0 0 0 0 0 0 0 93 29627 0 0 0 0 0 0 0 0 0 0 0 0 0 0 0 0 0 0 0 0 0 0 0 0 0 0 0 0 0 0 0 0 0 0 0 0 0 0 0 0 0 0 0 0 0 0 0 0 0 0 0 0 0 0 0 0 0 0 0 0 0 0 0 0 0 0 0 0 0 0 0 0 0 0 0 17 0 0 0 0 0 0 0 0 0 0 0 0 0 0 0 0 0 0 0 0 0 0 0 0 0 0 0 0 0 0 0 0 0 0 0 0 0 0 0 0 0 0 0 0 0 0 0 0 0 0 0 0 0 0 0 0 0 0 0 0 0 0 0 0 0 0 0 0 0 0 0 0 0 0 0 0 0 0 0 0 0 0 0 0 0 0 0 0 0 0 0 0 0 0 0 0 0 0 0 0 0 0 0 0 0 0 0 0 0 0 0 0 0 0 0 0 0 0 0 0 0 0 0 0 0 0 0 0 0 0 0 0 0 0 0 0 0 0 0 0 0 0 0 0 0 0 0 0 0 0 0 0 0 0 0 0 0 0 0 0 0 0 0 0 0 0 0 0 0 0 0 0 0 0 0 0 0 0 0 0 0 0 0 0 0 0 0 0 0 0 0 0 0 0 0 0 0 0 0 0 0 0 0 0 0 0 0 0 0 0 0 0 0 0 0 0 0 0 0 0 0 0 0 0 0 0 0 0 0 0 0 0 0 0 0 0 0 0 0 0 0 0 0 0 0 0 0 0 0 0 0 0 0 0 0 0 0 0 0 0 0 0 0 0 0 0 0 0 0 0 0 0 0 0 0 0 0 0 0 0 0 0 0 0 0 0 0 0 0 0 0 0 0 0 0 0 0 0 0 0 0 0 0 0 0 0 0 0 0 0 0 0 0 0 0 0 0 0 0 0 0 0 0 0 0 0 0 0 0 0 0 0 0 0 0 0 0 0 0 0 0 0 0 0 0 0 0 0 0 0 0 0 0 0 0 0 0 0 0 0 0 0 0 0 0 0 0 0 0 0 0 0 0 0 0 0 0 0 0 0 0 0 0 0 0 0 0 0 0 0 0 0 0 0 0 0 0 0 0 0 0 0 0 0 0 0 0 0 0 0 0 0 0 0 0 0 0 0 0 0 0 0 0 0 0 0 0 0 0 0 0 0 0 0 0 0 0 0 0 0 0 0 0 0 0 0 0 0 0 0 0 0 0 0 0 0 0 0 0 0 0 0 0 0 0 0 0 0 0 0 0 0 0 0 0 0 0 0 0 0 0 0 0 0 0 0 0 0 0 0 0 0 0 0 0 0 0 0 0 0 0 0 0 0 0 0 0 0 0 0 0 0 0 0 0 0 0 0 0 0 0 0 0 0 0 0 0 0 0 0 0 0 0 0 0 0 0 0 0 0 0 0 0 0 0 0 0 0 0 0 0 0 0 0 0 0 0 0 0 0 0 0 0 0 0 0 0 0 0 0 0 0 0 0 0 0 0 0 0 0 0 0 0 0 0 0 0 0 0 0 0 0 0 0 0 0 0 0 0 0 0 0 0 0 0 0 0 0 0 0 0 0 0 0 0 0 0 0 0 0 0 0 0 0 0 0 0 0 0 0 0 0 0 0 0 0 0 0 0 0 0 0 0 0 0 0 0 0 0 0 0 0 0 0 0 0 0 0 0 0 0 0 0 0 0 0 0 0 0 0 0 0 0 0 0 0 0 0 0 0 0 0 0 0 0 0 0 0 0 0 0 0 0 0 0 0 0 0 0 0 0 0 0 0 0 0 0 0 0 0 0 0 0 0 0 0 0 0 0 0 0 0 0 0 0 0 0 0 0 0 0 0 0 0 0 0 0 0 0 0 0 0 0 0 0 0 0 0 0 0 0 0 0 0 0 0 0 0 0 0 0 0 0 0 0 0 0 0 0 0 0 0 0 0 0 0 0 0 0 0 0 0 0 0 0 0 0 0 0 0 0 0 0 0 0 0 0 0 0 0 0 0 0 0 0 0 0 0 0 0 0 0 0 0 0 0 0 0 0 0 0 0 0 0 0 0 0 0 0 0 0 0 0 0 0 0 0 0 0 0 0 0 0 0 0 0 0 0 0 0 0 0 0 0 0 0 0 0 0 0 0 0 0 0 0 0 0 0 0 0 0 0 0 0 0 0 0 0 0 0 0 0 0 0 0 0 0 0 0 0 0 0 0 0 0 0 0 0 0 0 0 0 0 0 0 0 0 0 0 0 0 0 0 0 0 0 0 0 0 0 0 0 0 0 0 0 0 0 0 0 0 0 0 0 0 0 0 0 0 0 0 0 0 0 0 0 0 0 0 0 0 0 0 0 0 0 0 0 0 0 0 0 0 0 0 0 0 0 0 0 0 0 0 0 0 0 0 0 0 0 0 0 0 0 0 0 0 0 0 0 0 0 0 0 0 0 0 0 0 0 0 0 0 0 0 0 0 0 0 0 0 0 0 0 0 0 0 0 0 0 0 0 0 0 0 0 0 0 0 0 0 0 0 0 0 0 0 0 0 0 0 0 0 0 0 0 0 0 0 0 0 0 0 0 0 0 0 0 0 0 0 0 0 0 0 0 0 0 0 0 0 0 0 0 0 0 0 0 0 0 0 0 0 0 0 0 0 0 0 0 0 0 0 0 0 0 0 0 0 0 0 0 0 0 0 0 0 0 0 0 0 0 0 0 0 0 0 0 0 0 0 0 0 0 0 0 0 0 0 0 0 0 0 0 0 0 0 0 0 0 0 0 0 0 0 0 0 0 0 0 0 0 0 0 0 0 0 0 0 0 0 0 0 0 0 0 0 0 0 0 0 0 0 0 0 0 0 0 0 0 0 0 0 0 0 0 0 0 0 0 0 0 0 0 0 0 0 0 0 0 0 0 0 0 0 0 0 0 0 0 0 0 0 0 0 0 0 0 0 0 0 0 0 0 0 0 0 0 0 0 0 0 0 0 0 0 0 0 0 0 0 0 0 0 0 0 0 0 0 0 0 0 0 0 0 0 0 0 0 0 0 0 0 0 0 0 0 0 0 0 0 0 0 0 0 0 0 0 0 0 0 0 0 0 0 0 0 0 0 0 0 0 0 0 0 0 0 0 0 0 0 0 0 0 0 0 0 0 0 0 0 0 0 0 0 0 0 0 0 0 0 0 0 0 0 0 0 0 0 0 0 0 0 0 0 0 0 0 0 0 0 0 0 0 0 0 0 0 0 0 0 0 0 0 0 0 0 0 0 0 0 0 0 0 0 0 0 0 0 0 0 0 0 0 0 0 0 0 0 0 0 0 0 0 0 0 0 0 0 0 0 0 0 0 0 0 0 0 0 0 0 0 0 0 0 0 0 0 0 0 0 0 0 0 0 0 0 0 0 0 0 0 0 0 0 0 0 0 0 0 0 0 0 0 0 0 0 0 0 0 0 0 0 0 0 0 0 0 0 0 0 0 0 0 0 0 0 0 0 0 0 0 0 0 0 0 0 0 0 0 0 0 0 0 0 0 0 0 0 0 0 0 0 0 0 0 0 0 0 0 0 0 0 0 0 0 0 0 0 0 0 0 0 0 0 0 0 0 0 0 0 0 0 0 0 0 0 0 0 0 0 0 0 0 0 0 0 0 0 0 0 0 0 0 0 0 0 0 0 0 0 0 0 0 0 0 0 0 0 0 0 0 0 0 0 0 0 0 0 0 0 0 0 0 0 0 0 0 0 0 0 0 0 0 0 0 0 0 0 0 0 0 0 0 0 0 0 0 0 0 0 0 0 0 0 0 0 0 0 0 0 0 0 0 0 0 0 0 0 0 0 0 0 0 0 0 0 0 0 0 0 0 0 0 0 0 0 0 0 0 0 0 0 0 0 0 0 0 0 0 0 0 0 0 0 0 0 0 0 0 0 0 0 0 0 0 0 0 0 0 0 0 0 0 0 0 0 0 0 0 0 0 0 0 0 0 0 0 0 0 0 0 0 0 0 0 0 0 0 0 0 0 0 0 0 0 0 0 0 0 0 0 0 0 0 0 0 0 0 0 0 0 0 0 0 0 0 0 0 0 0 0 0 0 0 0 0 0 0 0 0 0 0 0 0 0 0 0 0 0 0 0 0 0 0 0 0 0 0 0 0 0 0 0 0 0 0 0 0 0 0 0 0 0 0 0 0 0 0 0 0 0 0 0 0 0 0 0 0 0 0 0 0 0 0 0 0 0 0 0 0 0 0 0 0 0 0 0 0 0 0 0 0 0 0 0 0 0 0 0 0 0 0 0 0 0 0 0 0 0 0 0 0 0 0 0 0 0 0 0 0 0 0 0 0 0 0 0 0 0 0 0 0 0 0 0 0 0 0 0 0 0 0 0 0 0 0 0 0 0 0 0 0 0 0 0 0 0 0 0 0 0 0 0 0 0 0 0 0 0 0 0 0 0 0 0 0 0 0 0 0 0 0 0 0 0 0 0 0 0 0 0 0 0 0 0 0 0 0 0 0 0 0 0 0 0 0 0 0 0 0 0 0 0 0 0 0 0 0 0 0 0 0 0 0 0 0 0 0 0 0 0 0 0 0 0 0 0 0 0 0 0 0 0 0 0 0 0 0 0 0 0 0 0 0 0 0 0 0 0 0 0 0 0 0 0 0 0 0 0 0 0 0 0 0 0 0 0 0 0 0 0 0 0 0 0 0 0 0 0 0 0 0 0 0 0 0 0 0 0 0 0 0 0 0 0 0 0 0 0 0 0 0 0 0 0 0 0 0 0 0 0 0 0 0 0 0 0 0 0 0 0 0 0 0 0 0 0 0 0 0 0 0 0 0 0 0 0 0 0 0 0 0 0 0 0 0 0 0 0 0 0 0 0 0 0 0 0 0 0 0 0 0 0 0 0 0 0 0 0 0 0 0 0 0 0 0 0 0
ctxt 1169080
btime 1613123985
processes 25460
procs_running 1
procs_blocked 0
softirq 6227703 1 3718664 885 183688 0 0 142 296189 0 2028134
