cpu  23872111 4 46894 6932229 419 0 3596 0 0 0
cpu0 664084 1 1648 191006 0 0 412 0 0 0
cpu1 662834 0 1687 192465 1 0 84 0 0 0
cpu2 663581 0 1394 191974 79 0 53 0 0 0
cpu3 662208 0 1967 192857 1 0 67 0 0 0
cpu4 662703 0 1500 192862 1 0 30 0 0 0
cpu5 662735 0 1358 192964 0 0 46 0 0 0
cpu6 663305 0 1156 192487 72 0 68 0 0 0
cpu7 663466 0 916 192663 3 0 35 0 0 0
cpu8 663250 0 1182 192627 6 0 21 0 0 0
cpu9 663409 0 928 192702 1 0 52 0 0 0
cpu10 663070 0 1120 192824 5 0 80 0 0 0
cpu11 662898 0 1300 192805 3 0 82 0 0 0
cpu12 661323 0 2676 192730 4 0 346 0 0 0
cpu13 662665 0 1756 192585 1 0 65 0 0 0
cpu14 662228 0 2396 192396 8 0 62 0 0 0
cpu15 662306 0 2017 192727 2 0 36 0 0 0
cpu16 663663 0 2220 191129 0 0 76 0 0 0
cpu17 663172 0 1010 192833 22 0 41 0 0 0
cpu18 663581 0 1104 192380 13 0 16 0 0 0
cpu19 662800 0 1532 192626 9 0 126 0 0 0
cpu20 663515 0 796 192715 45 0 11 0 0 0
cpu21 662507 0 1795 192762 10 0 10 0 0 0
cpu22 663445 0 806 192770 50 0 14 0 0 0
cpu23 663497 0 722 192830 4 0 38 0 0 0
cpu24 663841 0 450 192783 1 0 12 0 0 0
cpu25 663276 0 958 192842 1 0 8 0 0 0
cpu26 663562 0 726 192737 13 0 51 0 0 0
cpu27 662980 0 1015 192867 4 0 218 0 0 0
cpu28 663609 0 652 192806 4 0 15 0 0 0
cpu29 660717 0 2333 192763 2 0 1263 0 0 0
cpu30 663548 0 934 192588 3 0 8 0 0 0
cpu31 663211 0 1286 192513 14 0 68 0 0 0
cpu32 663570 0 720 192793 1 0 12 0 0 0
cpu33 663497 0 1140 192429 2 0 16 0 0 0
cpu34 663305 0 932 192800 8 0 32 0 0 0
cpu35 664736 0 748 191569 7 0 12 0 0 0
intr 65878920 56 0 0 0 611 0 0 0 1 0 250 0 0 0 0 0 0 0 0 0 0 0 0 0 0 0 0 0 0 0 0 93 186 220 9804 102 3113 151 3148 509 325 158 579 289 1103 745 502 415 286 541 2544 551 3452 1141 1832 416 0 0 0 0 68 99 375 350 362 1133 406 1002 85 328 386 624 0 0 16 14737 3371 0 16690 1132 1325 842 1849 1063 912 1217 1643 964 3257 2842 67569 15890 2491 1512 2229 650 1184 1063 781 790 1919 663 923 804 2629 1561 3275 159493 524 1453 1074 745 4951 2088 0 16 7755 1 0 0 0 0 0 0 0 0 0 0 0 0 0 0 0 0 0 0 0 0 0 0 0 0 0 0 0 0 0 0 0 0 0 0 0 0 0 25 0 0 0 0 0 0 0 0 0 0 0 0 0 0 0 0 0 0 0 0 0 0 0 0 0 0 0 0 0 0 0 0 0 0 0 0 0 0 0 0 0 0 0 0 0 0 0 0 0 0 0 0 0 0 0 0 0 0 0 0 0 0 0 0 0 0 0 0 0 0 0 0 0 0 0 0 0 0 0 0 0 0 0 0 0 0 0 0 0 0 0 0 0 0 0 0 0 0 0 0 0 0 0 0 0 0 0 0 0 0 0 0 0 0 0 0 0 0 0 0 0 0 0 0 0 0 0 0 0 0 0 0 0 0 0 0 0 0 0 0 0 0 0 0 0 0 0 0 0 0 0 0 0 0 0 0 0 0 0 0 0 0 0 0 0 0 0 0 0 0 0 0 0 0 0 0 0 0 0 0 0 0 0 0 0 0 0 0 0 0 0 0 0 0 0 0 0 0 0 0 0 0 0 0 0 0 0 0 0 0 0 0 0 0 0 0 0 0 0 0 0 0 0 0 0 0 0 0 0 0 0 0 0 0 0 0 0 0 0 0 0 0 0 0 0 0 0 0 0 0 0 0 0 0 0 0 0 0 0 0 0 0 0 0 0 0 0 0 0 0 0 0 0 0 0 0 0 0 0 0 0 0 0 0 0 0 0 0 0 0 0 0 0 0 0 0 0 0 0 0 0 0 0 0 0 0 0 0 0 0 0 0 0 0 0 0 0 0 0 0 0 0 0 0 0 0 0 0 0 0 0 0 0 0 0 0 0 0 0 0 0 0 0 0 0 0 0 0 0 0 0 0 0 0 0 0 0 0 0 0 0 0 0 0 0 0 0 0 0 0 0 0 0 0 0 0 0 0 0 0 0 0 0 0 0 0 0 0 0 0 0 0 0 0 0 0 0 0 0 0 0 0 0 0 0 0 0 0 0 0 0 0 0 0 0 0 0 0 0 0 0 0 0 0 0 0 0 0 0 0 0 0 0 0 0 0 0 0 0 0 0 0 0 0 0 0 0 0 0 0 0 0 0 0 0 0 0 0 0 0 0 0 0 0 0 0 0 0 0 0 0 0 0 0 0 0 0 0 0 0 0 0 0 0 0 0 0 0 0 0 0 0 0 0 0 0 0 0 0 0 0 0 0 0 0 0 0 0 0 0 0 0 0 0 0 0 0 0 0 0 0 0 0 0 0 0 0 0 0 0 0 0 0 0 0 0 0 0 0 0 0 0 0 0 0 0 0 0 0 0 0 0 0 0 0 0 0 0 0 0 0 0 0 0 0 0 0 0 0 0 0 0 0 0 0 0 0 0 0 0 0 0 0 0 0 0 0 0 0 0 0 0 0 0 0 0 0 0 0 0 0 0 0 0 0 0 0 0 0 0 0 0 0 0 0 0 0 0 0 0 0 0 0 0 0 0 0 0 0 0 0 0 0 0 0 0 0 0 0 0 0 0 0 0 0 0 0 0 0 0 0 0 0 0 0 0 0 0 0 0 0 0 0 0 0 0 0 0 0 0 0 0 0 0 0 0 0 0 0 0 0 0 0 0 0 0 0 0 0 0 0 0 0 0 0 0 0 0 0 0 0 0 0 0 0 0 0 0 0 0 0 0 0 0 0 0 0 0 0 0 0 0 0 0 0 0 0 0 0 0 0 0 0 0 0 0 0 0 0 0 0 0 0 0 0 0 0 0 0 0 0 0 0 0 0 0 0 0 0 0 0 0 0 0 0 0 0 0 0 0 0 0 0 0 0 0 0 0 0 0 0 0 0 0 0 0 0 0 0 0 0 0 0 0 0 0 0 0 0 0 0 0 0 0 0 0 0 0 0 0 0 0 0 0 0 0 0 0 0 0 0 0 0 0 0 0 0 0 0 0 0 0 0 0 0 0 0 0 0 0 0 0 0 0 0 0 0 0 0 0 0 0 0 0 0 0 0 0 0 0 0 0 0 0 0 0 0 0 0 0 0 0 0 0 0 0 0 0 0 0 0 0 0 0 0 0 0 0 0 0 0 0 0 0 0 0 0 0 0 0 0 0 0 0 0 0 0 0 0 0 0 0 0 0 0 0 0 0 0 0 0 0 0 0 0 0 0 0 0 0 0 0 0 0 0 0 0 0 0 0 0 0 0 0 0 0 0 0 0 0 0 0 0 0 0 0 0 0 0 0 0 0 0 0 0 0 0 0 0 0 0 0 0 0 0 0 0 0 0 0 0 0 0 0 0 0 0 0 0 0 0 0 0 0 0 0 0 0 0 0 0 0 0 0 0 0 0 0 0 0 0 0 0 0 0 0 0 0 0 0 0 0 0 0 0 0 0 0 0 0 0 0 0 0 0 0 0 0 0 0 0 0 0 0 0 0 0 0 0 0 0 0 0 0 0 0 0 0 0 0 0 0 0 0 0 0 0 0 0 0 0 0 0 0 0 0 0 0 0 0 0 0 0 0 0 0 0 0 0 0 0 0 0 0 0 0 0 0 0 0
ctxt 17049304
btime 1613124388
processes 425415
procs_running 1
procs_blocked 0
softirq 86469280 1 50447403 741 3196726 0 0 307624 2251539 0 30265246
