cpu  1459078 4 3734 6546833 416 0 216 0 0 0
cpu0 40480 1 145 181671 0 0 83 0 0 0
cpu1 40554 0 169 181754 1 0 2 0 0 0
cpu2 40936 0 266 181204 79 0 2 0 0 0
cpu3 40462 0 123 181912 1 0 11 0 0 0
cpu4 40417 0 122 181976 0 0 3 0 0 0
cpu5 40466 0 56 181999 0 0 0 0 0 0
cpu6 40596 0 92 181754 72 0 0 0 0 0
cpu7 40443 0 148 181896 3 0 14 0 0 0
cpu8 40532 0 102 181870 6 0 1 0 0 0
cpu9 40511 0 117 181888 1 0 0 0 0 0
cpu10 40534 0 106 181870 5 0 1 0 0 0
cpu11 40511 0 126 181869 2 0 0 0 0 0
cpu12 40400 0 245 181823 4 0 32 0 0 0
cpu13 40556 0 92 181849 1 0 3 0 0 0
cpu14 40526 0 94 181894 8 0 1 0 0 0
cpu15 40534 0 73 181902 2 0 0 0 0 0
cpu16 40479 0 60 181970 0 0 0 0 0 0
cpu17 40486 0 48 181956 22 0 0 0 0 0
cpu18 40496 0 52 181947 13 0 0 0 0 0
cpu19 40712 0 60 181733 9 0 0 0 0 0
cpu20 40521 0 124 181816 45 0 0 0 0 0
cpu21 40499 0 59 181941 10 0 0 0 0 0
cpu22 40538 0 107 181812 50 0 1 0 0 0
cpu23 40493 0 54 181959 4 0 0 0 0 0
cpu24 40610 0 54 181848 1 0 0 0 0 0
cpu25 40538 0 72 181894 1 0 1 0 0 0
cpu26 40568 0 144 181785 13 0 1 0 0 0
cpu27 40491 0 89 181925 4 0 0 0 0 0
cpu28 40487 0 106 181911 4 0 2 0 0 0
cpu29 40485 0 141 181830 2 0 44 0 0 0
cpu30 40539 0 113 181853 3 0 0 0 0 0
cpu31 40587 0 103 181809 14 0 0 0 0 0
cpu32 40536 0 71 181907 1 0 0 0 0 0
cpu33 40499 0 65 181938 2 0 0 0 0 0
cpu34 40524 0 62 181912 8 0 1 0 0 0
cpu35 40515 0 58 181936 7 0 1 0 0 0
intr 4369855 56 0 0 0 611 0 0 0 1 0 250 0 0 0 0 0 0 0 0 0 0 0 0 0 0 0 0 0 0 0 0 93 157 59 9804 100 3009 21 3143 290 252 149 239 101 368 163 253 341 139 500 2487 464 3404 859 1772 304 0 0 0 0 68 87 335 207 325 502 159 490 79 102 382 605 0 0 16 9545 875 0 3877 1 251 14 667 219 13 458 142 229 1 3 4880 6340 7 93 40 1 14 21 50 10 126 5 36 486 1267 184 246 13038 37 80 15 33 3748 1655 0 16 7515 1 0 0 0 0 0 0 0 0 0 0 0 0 0 0 0 0 0 0 0 0 0 0 0 0 0 0 0 0 0 0 0 0 0 0 0 0 0 25 0 0 0 0 0 0 0 0 0 0 0 0 0 0 0 0 0 0 0 0 0 0 0 0 0 0 0 0 0 0 0 0 0 0 0 0 0 0 0 0 0 0 0 0 0 0 0 0 0 0 0 0 0 0 0 0 0 0 0 0 0 0 0 0 0 0 0 0 0 0 0 0 0 0 0 0 0 0 0 0 0 0 0 0 0 0 0 0 0 0 0 0 0 0 0 0 0 0 0 0 0 0 0 0 0 0 0 0 0 0 0 0 0 0 0 0 0 0 0 0 0 0 0 0 0 0 0 0 0 0 0 0 0 0 0 0 0 0 0 0 0 0 0 0 0 0 0 0 0 0 0 0 0 0 0 0 0 0 0 0 0 0 0 0 0 0 0 0 0 0 0 0 0 0 0 0 0 0 0 0 0 0 0 0 0 0 0 0 0 0 0 0 0 0 0 0 0 0 0 0 0 0 0 0 0 0 0 0 0 0 0 0 0 0 0 0 0 0 0 0 0 0 0 0 0 0 0 0 0 0 0 0 0 0 0 0 0 0 0 0 0 0 0 0 0 0 0 0 0 0 0 0 0 0 0 0 0 0 0 0 0 0 0 0 0 0 0 0 0 0 0 0 0 0 0 0 0 0 0 0 0 0 0 0 0 0 0 0 0 0 0 0 0 0 0 0 0 0 0 0 0 0 0 0 0 0 0 0 0 0 0 0 0 0 0 0 0 0 0 0 0 0 0 0 0 0 0 0 0 0 0 0 0 0 0 0 0 0 0 0 0 0 0 0 0 0 0 0 0 0 0 0 0 0 0 0 0 0 0 0 0 0 0 0 0 0 0 0 0 0 0 0 0 0 0 0 0 0 0 0 0 0 0 0 0 0 0 0 0 0 0 0 0 0 0 0 0 0 0 0 0 0 0 0 0 0 0 0 0 0 0 0 0 0 0 0 0 0 0 0 0 0 0 0 0 0 0 0 0 0 0 0 0 0 0 0 0 0 0 0 0 0 0 0 0 0 0 0 0 0 0 0 0 0 0 0 0 0 0 0 0 0 0 0 0 0 0 0 0 0 0 0 0 0 0 0 0 0 0 0 0 0 0 0 0 0 0 0 0 0 0 0 0 0 0 0 0 0 0 0 0 0 0 0 0 0 0 0 0 0 0 0 0 0 0 0 0 0 0 0 0 0 0 0 0 0 0 0 0 0 0 0 0 0 0 0 0 0 0 0 0 0 0 0 0 0 0 0 0 0 0 0 0 0 0 0 0 0 0 0 0 0 0 0 0 0 0 0 0 0 0 0 0 0 0 0 0 0 0 0 0 0 0 0 0 0 0 0 0 0 0 0 0 0 0 0 0 0 0 0 0 0 0 0 0 0 0 0 0 0 0 0 0 0 0 0 0 0 0 0 0 0 0 0 0 0 0 0 0 0 0 0 0 0 0 0 0 0 0 0 0 0 0 0 0 0 0 0 0 0 0 0 0 0 0 0 0 0 0 0 0 0 0 0 0 0 0 0 0 0 0 0 0 0 0 0 0 0 0 0 0 0 0 0 0 0 0 0 0 0 0 0 0 0 0 0 0 0 0 0 0 0 0 0 0 0 0 0 0 0 0 0 0 0 0 0 0 0 0 0 0 0 0 0 0 0 0 0 0 0 0 0 0 0 0 0 0 0 0 0 0 0 0 0 0 0 0 0 0 0 0 0 0 0 0 0 0 0 0 0 0 0 0 0 0 0 0 0 0 0 0 0 0 0 0 0 0 0 0 0 0 0 0 0 0 0 0 0 0 0 0 0 0 0 0 0 0 0 0 0 0 0 0 0 0 0 0 0 0 0 0 0 0 0 0 0 0 0 0 0 0 0 0 0 0 0 0 0 0 0 0 0 0 0 0 0 0 0 0 0 0 0 0 0 0 0 0 0 0 0 0 0 0 0 0 0 0 0 0 0 0 0 0 0 0 0 0 0 0 0 0 0 0 0 0 0 0 0 0 0 0 0 0 0 0 0 0 0 0 0 0 0 0 0 0 0 0 0 0 0 0 0 0 0 0 0 0 0 0 0 0 0 0 0 0 0 0 0 0 0 0 0 0 0 0 0 0 0 0 0 0 0 0 0 0 0 0 0 0 0 0 0 0 0 0 0 0 0 0 0 0 0 0 0 0 0 0 0 0 0 0 0 0 0 0 0 0 0 0 0 0 0 0 0 0 0 0 0 0 0 0 0 0 0 0 0 0 0 0 0 0 0 0 0 0 0 0 0 0 0 0 0 0 0 0 0 0 0 0 0 0 0 0 0 0 0 0 0 0 0 0 0 0 0 0 0 0 0 0 0 0 0 0 0 0 0 0 0 0 0 0 0 0 0 0 0 0 0 0 0 0 0 0 0 0 0 0 0 0 0 0 0 0 0 0 0 0 0 0 0 0 0 0 0 0 0 0 0 0 0 0 0 0 0 0 0 0 0 0 0 0 0 0 0 0 0 0 0 0 0
ctxt 1574144
btime 1613124388
processes 35846
procs_running 1
procs_blocked 0
softirq 5511082 1 3056472 227 248256 0 0 36253 249652 0 1920221
