cpu  2899750 3 6542 6718893 456 0 496 0 0 0
cpu0 80570 0 215 186369 1 0 177 0 0 0
cpu1 80713 0 242 186386 22 0 16 0 0 0
cpu2 80502 0 356 186494 17 0 60 0 0 0
cpu3 80497 0 231 186663 5 0 16 0 0 0
cpu4 80372 0 330 186688 3 0 12 0 0 0
cpu5 80509 0 122 186762 2 0 8 0 0 0
cpu6 80540 0 80 186772 6 0 0 0 0 0
cpu7 80520 0 137 186733 1 0 0 0 0 0
cpu8 80480 0 142 186775 1 0 0 0 0 0
cpu9 80514 0 104 186782 1 0 0 0 0 0
cpu10 80372 0 239 186781 6 0 1 0 0 0
cpu11 80519 0 106 186763 1 0 1 0 0 0
cpu12 80513 0 214 186619 38 0 0 0 0 0
cpu13 80769 0 135 186489 4 0 0 0 0 0
cpu14 80664 0 119 186531 88 0 1 0 0 0
cpu15 80207 0 352 186677 49 0 105 0 0 0
cpu16 80603 0 187 186596 2 0 0 0 0 0
cpu17 80581 0 113 186693 2 0 1 0 0 0
cpu18 80606 0 105 186648 4 0 0 0 0 0
cpu19 80712 0 147 186514 15 0 0 0 0 0
cpu20 80426 0 383 186562 5 0 18 0 0 0
cpu21 80542 0 133 186723 1 0 0 0 0 0
cpu22 80506 0 184 186677 23 0 0 0 0 0
cpu23 80420 0 177 186773 0 0 26 0 0 0
cpu24 80574 0 58 186755 7 0 0 0 0 0
cpu25 80377 0 236 186749 13 0 20 0 0 0
cpu26 80467 0 136 186786 2 0 0 0 0 0
cpu27 80885 0 206 186286 16 0 0 0 0 0
cpu28 80347 0 288 186751 2 0 2 0 0 0
cpu29 80495 0 106 186774 1 0 1 0 0 0
cpu30 80930 0 270 186095 77 0 10 0 0 0
cpu31 80690 0 148 186546 1 0 0 0 0 0
cpu32 80549 0 66 186772 1 0 0 0 0 0
cpu33 80623 1 142 186601 6 0 6 0 0 0
cpu34 80520 0 220 186628 13 0 1 0 0 0
cpu35 80622 0 102 186661 2 0 0 0 0 0
intr 8372035 56 0 0 0 610 0 0 0 1 0 250 0 0 0 0 0 0 0 0 0 0 0 0 0 0 0 0 0 0 0 0 94 208 393 673 2629 109 172 1046 54 103 62 410 64 4604 305 3545 1940 357 143 128 329 400 112 1340 31 0 0 0 0 318 530 179 840 85 44 10205 86 67 706 328 109 0 0 17 9049 2 0 6234 7 1404 415 362 2837 18 468 59 42 264 299 312 177 498 29552 81 1288 4513 29 109 259 381 1 8 596 1 207 2783 679 6069 264 174 1688 157 47 0 16 7593 1 0 0 0 0 0 0 0 0 0 0 0 0 0 0 0 0 0 0 0 0 0 0 0 0 0 0 0 0 0 0 0 0 0 0 0 0 0 25 0 0 0 0 0 0 0 0 0 0 0 0 0 0 0 0 0 0 0 0 0 0 0 0 0 0 0 0 0 0 0 0 0 0 0 0 0 0 0 0 0 0 0 0 0 0 0 0 0 0 0 0 0 0 0 0 0 0 0 0 0 0 0 0 0 0 0 0 0 0 0 0 0 0 0 0 0 0 0 0 0 0 0 0 0 0 0 0 0 0 0 0 0 0 0 0 0 0 0 0 0 0 0 0 0 0 0 0 0 0 0 0 0 0 0 0 0 0 0 0 0 0 0 0 0 0 0 0 0 0 0 0 0 0 0 0 0 0 0 0 0 0 0 0 0 0 0 0 0 0 0 0 0 0 0 0 0 0 0 0 0 0 0 0 0 0 0 0 0 0 0 0 0 0 0 0 0 0 0 0 0 0 0 0 0 0 0 0 0 0 0 0 0 0 0 0 0 0 0 0 0 0 0 0 0 0 0 0 0 0 0 0 0 0 0 0 0 0 0 0 0 0 0 0 0 0 0 0 0 0 0 0 0 0 0 0 0 0 0 0 0 0 0 0 0 0 0 0 0 0 0 0 0 0 0 0 0 0 0 0 0 0 0 0 0 0 0 0 0 0 0 0 0 0 0 0 0 0 0 0 0 0 0 0 0 0 0 0 0 0 0 0 0 0 0 0 0 0 0 0 0 0 0 0 0 0 0 0 0 0 0 0 0 0 0 0 0 0 0 0 0 0 0 0 0 0 0 0 0 0 0 0 0 0 0 0 0 0 0 0 0 0 0 0 0 0 0 0 0 0 0 0 0 0 0 0 0 0 0 0 0 0 0 0 0 0 0 0 0 0 0 0 0 0 0 0 0 0 0 0 0 0 0 0 0 0 0 0 0 0 0 0 0 0 0 0 0 0 0 0 0 0 0 0 0 0 0 0 0 0 0 0 0 0 0 0 0 0 0 0 0 0 0 0 0 0 0 0 0 0 0 0 0 0 0 0 0 0 0 0 0 0 0 0 0 0 0 0 0 0 0 0 0 0 0 0 0 0 0 0 0 0 0 0 0 0 0 0 0 0 0 0 0 0 0 0 0 0 0 0 0 0 0 0 0 0 0 0 0 0 0 0 0 0 0 0 0 0 0 0 0 0 0 0 0 0 0 0 0 0 0 0 0 0 0 0 0 0 0 0 0 0 0 0 0 0 0 0 0 0 0 0 0 0 0 0 0 0 0 0 0 0 0 0 0 0 0 0 0 0 0 0 0 0 0 0 0 0 0 0 0 0 0 0 0 0 0 0 0 0 0 0 0 0 0 0 0 0 0 0 0 0 0 0 0 0 0 0 0 0 0 0 0 0 0 0 0 0 0 0 0 0 0 0 0 0 0 0 0 0 0 0 0 0 0 0 0 0 0 0 0 0 0 0 0 0 0 0 0 0 0 0 0 0 0 0 0 0 0 0 0 0 0 0 0 0 0 0 0 0 0 0 0 0 0 0 0 0 0 0 0 0 0 0 0 0 0 0 0 0 0 0 0 0 0 0 0 0 0 0 0 0 0 0 0 0 0 0 0 0 0 0 0 0 0 0 0 0 0 0 0 0 0 0 0 0 0 0 0 0 0 0 0 0 0 0 0 0 0 0 0 0 0 0 0 0 0 0 0 0 0 0 0 0 0 0 0 0 0 0 0 0 0 0 0 0 0 0 0 0 0 0 0 0 0 0 0 0 0 0 0 0 0 0 0 0 0 0 0 0 0 0 0 0 0 0 0 0 0 0 0 0 0 0 0 0 0 0 0 0 0 0 0 0 0 0 0 0 0 0 0 0 0 0 0 0 0 0 0 0 0 0 0 0 0 0 0 0 0 0 0 0 0 0 0 0 0 0 0 0 0 0 0 0 0 0 0 0 0 0 0 0 0 0 0 0 0 0 0 0 0 0 0 0 0 0 0 0 0 0 0 0 0 0 0 0 0 0 0 0 0 0 0 0 0 0 0 0 0 0 0 0 0 0 0 0 0 0 0 0 0 0 0 0 0 0 0 0 0 0 0 0 0 0 0 0 0 0 0 0 0 0 0 0 0 0 0 0 0 0 0 0 0 0 0 0 0 0 0 0 0 0 0 0 0 0 0 0 0 0 0 0 0 0 0 0 0 0 0 0 0 0 0 0 0 0 0 0 0 0 0 0 0 0 0 0 0 0 0 0 0 0 0 0 0 0 0 0 0 0 0 0 0 0 0 0 0 0 0 0 0 0 0 0 0 0 0 0 0 0 0 0 0 0 0 0 0 0 0 0 0 0 0 0 0 0 0 0 0 0 0 0 0 0 0 0 0 0 0 0 0 0 0 0 0 0 0 0 0 0 0 0 0 0 0 0 0 0 0 0 0 0 0 0 0 0 0 0 0 0 0 0 0 0 0 0 0 0 0 0 0 0 0 0 0 0 0 0 0 0 0 0 0 0 0 0 0 0 0 0 0 0 0 0 0 0 0 0 0 0
ctxt 2742879
btime 1613124388
processes 66668
procs_running 1
procs_blocked 0
softirq 10666171 1 5954444 413 486723 0 0 60382 380681 0 3783527
