cpu  70485200 5 92684 26892295 446 0 7506 0 0 0
cpu0 545741 0 5801 209115 3 0 588 0 0 0
cpu1 550846 0 414 210197 0 0 55 0 0 0
cpu2 551268 0 267 210023 17 0 2 0 0 0
cpu3 549692 0 658 211140 3 0 48 0 0 0
cpu4 548161 0 3487 209559 0 0 274 0 0 0
cpu5 550959 0 254 210360 7 0 10 0 0 0
cpu6 551167 0 278 210124 0 0 21 0 0 0
cpu7 550813 0 202 210541 0 0 17 0 0 0
cpu8 548355 0 2998 209824 10 0 356 0 0 0
cpu9 551023 0 143 210412 0 0 2 0 0 0
cpu10 551216 0 121 210240 0 0 2 0 0 0
cpu11 550964 0 201 210393 0 0 14 0 0 0
cpu12 549539 0 2512 209263 1 0 212 0 0 0
cpu13 551113 0 125 210343 0 0 2 0 0 0
cpu14 551258 0 129 210196 1 0 4 0 0 0
cpu15 550968 0 320 210274 0 0 28 0 0 0
cpu16 549616 0 2688 208916 1 0 331 0 0 0
cpu17 551164 0 104 210313 1 0 0 0 0 0
cpu18 551115 0 135 210311 0 0 4 0 0 0
cpu19 551054 0 165 210342 1 0 4 0 0 0
cpu20 551109 0 2554 207629 0 0 233 0 0 0
cpu21 550958 0 162 210253 1 0 164 0 0 0
cpu22 551128 0 157 210287 0 0 5 0 0 0
cpu23 551141 0 136 210296 0 0 3 0 0 0
cpu24 548900 0 2666 209619 0 0 282 0 0 0
cpu25 551157 0 138 210286 0 0 1 0 0 0
cpu26 551221 0 140 210207 0 0 2 0 0 0
cpu27 550951 0 150 210465 0 0 5 0 0 0
cpu28 549206 1 2068 210054 0 0 199 0 0 0
cpu29 551012 0 277 210265 0 0 20 0 0 0
cpu30 551230 0 146 210195 1 0 0 0 0 0
cpu31 551184 0 104 210289 0 0 0 0 0 0
cpu32 548766 0 2725 209796 1 0 234 0 0 0
cpu33 551025 0 186 210365 0 0 3 0 0 0
cpu34 551410 0 126 210036 0 0 1 0 0 0
cpu35 551009 0 236 210303 0 0 25 0 0 0
cpu36 548178 0 3696 209338 4 0 305 0 0 0
cpu37 551015 0 204 210351 1 0 3 0 0 0
cpu38 551359 0 124 210092 1 0 1 0 0 0
cpu39 550988 0 127 210453 0 0 3 0 0 0
cpu40 548940 0 2812 209493 2 0 271 0 0 0
cpu41 551063 0 179 210323 0 0 7 0 0 0
cpu42 551281 0 122 210164 0 0 4 0 0 0
cpu43 550976 0 190 210383 0 0 18 0 0 0
cpu44 548038 0 3486 209691 5 0 303 0 0 0
cpu45 551095 0 164 210307 0 0 5 0 0 0
cpu46 550920 0 145 210489 1 0 4 0 0 0
cpu47 551139 0 127 210297 2 0 4 0 0 0
cpu48 548962 0 2309 210020 0 0 222 0 0 0
cpu49 550587 0 381 210531 1 0 69 0 0 0
cpu50 551368 0 108 210093 1 0 2 0 0 0
cpu51 551133 0 137 210294 1 0 2 0 0 0
cpu52 549431 0 2295 209596 1 0 194 0 0 0
cpu53 551207 0 105 210241 9 0 0 0 0 0
cpu54 551208 0 107 210246 1 0 2 0 0 0
cpu55 551112 0 133 210314 1 0 8 0 0 0
cpu56 548989 0 2304 210045 1 0 188 0 0 0
cpu57 551167 0 142 210264 0 0 3 0 0 0
cpu58 551069 0 319 210137 1 0 36 0 0 0
cpu59 550888 0 398 210247 0 0 33 0 0 0
cpu60 549430 0 2194 209717 1 0 183 0 0 0
cpu61 551074 0 174 210316 0 0 2 0 0 0
cpu62 550857 0 120 210575 0 0 6 0 0 0
cpu63 550678 0 322 210527 0 0 14 0 0 0
cpu64 549557 0 2530 209252 20 0 152 0 0 0
cpu65 550481 0 498 210499 5 0 70 0 0 0
cpu66 550790 0 158 210573 1 0 5 0 0 0
cpu67 550672 0 524 210312 2 0 46 0 0 0
cpu68 549769 2 1881 209740 24 0 112 0 0 0
cpu69 551118 0 135 210302 0 0 2 0 0 0
cpu70 551210 0 127 210220 0 0 4 0 0 0
cpu71 550864 0 283 210384 1 0 31 0 0 0
cpu72 550884 0 1804 208363 165 0 292 0 0 0
cpu73 550998 0 174 210376 1 0 10 0 0 0
cpu74 551314 0 116 210132 0 0 0 0 0 0
cpu75 551120 0 147 210280 4 0 1 0 0 0
cpu76 552165 0 1504 207786 1 0 78 0 0 0
cpu77 551158 0 106 210299 0 0 1 0 0 0
cpu78 551188 0 108 210265 0 0 0 0 0 0
cpu79 550884 0 347 210291 1 0 33 0 0 0
cpu80 549769 0 1518 210086 8 0 118 0 0 0
cpu81 551163 0 131 210271 2 0 3 0 0 0
cpu82 551322 0 102 210132 0 0 2 0 0 0
cpu83 551162 0 100 210292 0 0 0 0 0 0
cpu84 549648 0 1565 210184 1 0 112 0 0 0
cpu85 551182 0 108 210263 0 0 0 0 0 0
cpu86 551064 0 96 210390 0 0 2 0 0 0
cpu87 551002 0 164 210370 0 0 9 0 0 0
cpu88 550116 0 1389 209921 0 0 98 0 0 0
cpu89 550804 0 160 210575 1 0 9 0 0 0
cpu90 551344 0 126 210087 0 0 0 0 0 0
cpu91 551164 0 112 210277 0 0 2 0 0 0
cpu92 550425 0 1435 209580 0 0 94 0 0 0
cpu93 551153 0 138 210251 4 0 0 0 0 0
cpu94 551369 0 132 210045 0 0 2 0 0 0
cpu95 551167 0 103 210275 3 0 1 0 0 0
cpu96 550079 0 1587 209783 1 0 87 0 0 0
cpu97 551163 0 173 210210 0 0 2 0 0 0
cpu98 551136 0 122 210286 0 0 1 0 0 0
cpu99 551018 0 224 210274 3 0 24 0 0 0
cpu100 549324 0 2251 209779 1 0 159 0 0 0
cpu101 551131 0 137 210286 0 0 1 0 0 0
cpu102 551301 0 116 210130 2 0 1 0 0 0
cpu103 551157 0 116 210269 0 0 0 0 0 0
cpu104 548301 0 3330 209565 0 0 282 0 0 0
cpu105 551182 0 121 210246 0 0 0 0 0 0
cpu106 550992 0 134 210416 2 0 0 0 0 0
cpu107 551034 0 224 210260 0 0 24 0 0 0
cpu108 549725 0 1666 209984 35 0 98 0 0 0
cpu109 551122 0 156 210262 0 0 3 0 0 0
cpu110 551339 0 134 210049 11 0 2 0 0 0
cpu111 551036 0 102 210406 0 0 2 0 0 0
cpu112 550157 0 1376 209899 4 0 87 0 0 0
cpu113 551140 0 163 210200 1 0 3 0 0 0
cpu114 551254 0 101 210185 1 0 0 0 0 0
cpu115 551146 0 118 210265 0 0 2 0 0 0
cpu116 550392 0 1456 209564 2 0 102 0 0 0
cpu117 551056 0 193 210280 0 0 2 0 0 0
cpu118 551478 0 91 209974 0 0 0 0 0 0
cpu119 551007 0 158 210365 0 0 7 0 0 0
cpu120 550087 0 1654 209696 4 0 83 0 0 0
cpu121 551120 0 135 210283 0 0 6 0 0 0
cpu122 551085 0 164 210279 0 0 1 0 0 0
cpu123 550470 0 588 210400 0 0 77 0 0 0
cpu124 550555 0 1428 209461 3 0 63 0 0 0
cpu125 551100 0 209 210194 0 0 2 0 0 0
cpu126 551395 0 156 209986 1 0 0 0 0 0
cpu127 551051 0 333 210150 0 0 1 0 0 0
intr 191555378 133 0 0 0 680 0 0 0 1 0 272 0 0 0 0 0 0 0 0 0 0 0 0 0 0 0 0 0 0 0 0 0 0 0 0 260 0 914 1067 1148 19167 4123 357 546 1062 681 257 241 4309 653 360 954 11413 378 3 553 1757 1123 65855 161 1954 1902 0 254 1792 789 184 314 476 426 2 803 4047 1723 3 407 92 606 318 519 4376 851 385 928 2180 848 17464 382 807 515 0 395 3819 234 204 2019 4807 332 742 208 9869 8176 343 999 11334 4970 395 1016 1892 19471 338 438 1836 440 182 462 9550 3834 0 496 792 85 0 251 5029 22 8 651 118 147 123 347 814 1550 0 439 4151 1173 4 367 445 1377 56 323 1560 78 494 816 1247 231 340 48 10 121 56 283 0 0 0 0 0 0 0 0 0 0 2016 1118 13635 210 425 649 145 87 167 1833 223 376 149 189 92 130 164 62 151 3178 324 135 169 189 260 3921 82 7 14 2 481 394 4 49 0 0 0 0 0 0 0 0 0 0 0 0 0 0 0 0 57 7 448 177 200 0 0 2 3 4 11 3 0 4 49 51 160 29 9 13 53 20 53 3 6 11 5 1 95 8 4 67 4 285 4 4 2 14 483 747 233 70 43 3 30 65 24 6 4 22 9 9 38 98 26 2 11 1 2 3 115 37 161 0 0 0 0 0 0 0 0 0 0 0 0 0 0 0 0 0 0 0 0 0 0 0 0 0 0 0 0 0 0 0 0 0 0 0 0 0 0 0 0 0 0 0 0 0 0 0 0 0 0 0 0 0 0 0 0 0 0 0 0 0 0 0 0 0 0 0 0 0 0 0 0 0 0 0 0 0 0 0 0 0 0 0 0 0 0 0 0 0 0 0 0 0 0 0 0 0 0 0 0 0 0 0 0 0 0 0 0 0 0 0 0 0 0 0 0 0 0 0 0 0 0 0 0 0 0 0 0 0 0 0 0 0 0 0 0 0 0 0 0 0 0 0 0 0 0 0 0 0 0 0 0 0 0 0 0 0 0 0 0 0 0 0 0 0 0 0 0 0 0 0 0 0 0 0 0 0 0 0 0 0 0 0 0 0 0 0 0 0 0 0 0 0 0 0 0 0 0 0 0 0 0 0 0 0 0 0 0 0 0 0 0 0 0 0 0 0 0 0 0 0 0 0 0 0 0 0 0 0 0 0 0 0 0 0 0 0 0 0 0 0 0 0 0 0 0 0 0 0 0 0 0 0 0 0 0 0 0 0 0 0 0 0 0 0 0 0 0 0 0 0 0 0 0 0 0 0 0 0 0 0 0 0 0 0 0 0 0 0 0 0 0 0 0 0 0 0 0 0 0 0 0 0 0 0 0 0 0 0 0 0 0 0 0 0 0 0 0 0 0 0 0 0 0 0 0 0 0 0 0 0 0 0 0 0 0 0 0 0 0 0 0 0 0 0 0 0 0 0 0 0 0 0 0 0 0 0 0 0 0 0 0 0 0 0 0 0 0 0 0 0 0 0 0 0 0 0 0 0 0 0 0 0 0 0 0 0 0 0 0 0 0 0 0 0 0 0 0 0 0 0 0 0 0 0 0 0 0 0 0 0 0 0 0 0 0 0 0 0 0 0 0 0 0 0 0 0 0 0 0 0 0 0 0 0 0 0 0 0 0 0 48 0 0 0 0 0 0 0 3 0 0 0 0 0 0 0 0 0 0 0 0 0 0 0 0 0 0 0 0 0 0 0 0 0 0 0 0 0 0 0 0 0 0 0 0 0 0 0 0 0 0 0 0 0 0 0 0 0 0 0 0 0 0 0 0 0 0 48 0 0 0 0 0 0 0 0 23 0 0 0 0 0 0 0 0 0 0 0 0 0 0 0 0 0 0 0 0 0 0 0 0 0 0 0 0 0 0 0 0 0 0 0 0 0 0 0 0 0 0 0 0 0 0 0 0 0 0 0 0 0 0 0 0 0 0 0 0 0 0 0 0 0 0 0 0 0 0 0 0 0 0 0 0 0 0 0 0 0 0 0 0 0 0 0 0 0 0 0 0 0 0 0 0 0 0 0 0 0 0 0 0 0 0 0 0 0 0 0 0 0 0 0 0 0 0 0 0 0 0 0 0 0 0 0 0 0 0 0 0 0 0 0 0 0 0 0 0 0 0 0 0 0 0 0 0 0 0 0 0 0 0 0 0 0 0 0 0 0 0 0 0 0 0 0 0 0 0 0 0 0 0 0 0 0 0 0 0 0 0 0 0 0 0 0 0 0 0 0 0 0 0 0 0 0 0 0 0 0 0 0 0 0 0 0 0 0 0 0 0 0 0 0 0 0 0 0 0 0 0 0 0 0 0 0 0 0 0 0 0 0 0 0 0 0 0 0 0 0 0 0 0 0 0 0 0 0 0 0 0 0 0 0 0 0 0 0 0 0 0 0 0 0 0 0 0 0 0 0 0 0 0 0 0 0 0 0 0 0 0 0 0 0 0 0 0 0 0 0 0 0 0 0 0 0 0 0 0 0 0 0 0 0 0 0 0 0 0 0 0 0 0 0 0 0 0 0 0 0 0 0 0 0 0 0 0 0 0 0 0 0 0 0 0 0 0 0 0 0 0 0 0 0 0 0 0 0 0 0 0 0 0 0 0 0 0 0 0 0 0 0 0 0 0 0 0 0 0 0 0 0 0 0 0 0 0 0 0 0 0 0 0 0 0 0 0 0 0 0 0 0 0 0 0 0 0 0 0 0 0 0 0 0 0 0 0 0 0 0 0 0 0 0 0 0 0 0 0 0 0 0 0 0 0 0 0 0 0 0 0 0 0 0 0 0 0 0 0 0 0 0 0 0 0 0 0 0 0 0 0 0 0 0 0 0 0 0 0 0 0 0 0 0 0 0 0 0 0 0 0 0 0 0 0 0 0 0 0 0 0 0 0 0 0 0 0 0 0 0 0 0 0 0 0 0 0 0 0 0 0 0 0 0 0 0 0 0 0 0 0 0 0 0 0 0 0 0 0 0 0 0 0 0 0 0 0 0 0 0 0 0 0 0 0 0 0 0 0 0 0 0 0 0 0 0 0 0 0 0 0 0 0 0 0 0 0 0 0 0 0 0 0 0 0 0 0 0 0 0 0 0 0 0 0 0 0 0 0 0 0 0 0 0 0 0 0 0 0 0 0 0 0 0 0 0 0 0 0 0 0 0 0 0 0 0 0 0 0 0 0 0 0 0 0 0 0 0 0 0 0 0 0 0 0 0 0 0 0 0 0 0 0 0 0 0 0 0 0 0 0 0 0 0 0 0 0 0 0 0 0 0 0 0 0 0 0 0 0 0 0 0 0 0 0 0 0 0 0 0 0 0 0 0 0 0 0 0 0 0 0 0 0 0 0 0 0 0 0 0 0 0 0 0 0 0 0 0 0 0 0 0 0 0 0 0 0 0 0 0 0 0 0 0 0 0 0 0 0 0 0 0 0 0 0 0 0 0 0 0 0 0 0 0 0 0 0 0 0 0 0 0 0 0 0 0 0 0 0 0 0 0 0 0 0 0 0 0 0 0 0 0 0 0 0 0 0 0 0 0 0 0 0 0 0 0 0 0 0 0 0 0 0 0 0 0 0 0 0 0 0 0 0 0 0 0 0 0 0 0 0 0 0 0 0 0 0 0 0 0 0 0 0 0 0 0 0 0 0 0 0 0 0 0 0 0 0 0 0 0 0 0 0 0 0 0 0 0 0 0 0 0 0 0 0 0 0 0 0 0 0 0 0 0 0 0 0 0 0 0 0 0 0 0 0 0 0 0 0 0 0 0 0 0 0 0 0 0 0 0 0 0 0 0 0 0 0 0 0 0 0 0 0 0 0 0 0 0 0 0 0 0 0 0 0 0 0 0 0 0 0 0 0 0 0 0 0 0 0 0 0 0 0 0 0 0 0 0 0 0 0 0 0 0 0 0 0 0 0 0 0 0 0 0 0 0 0 0 0 0 0 0 0 0 0 0 0 0 0 0 0 0 0 0 0 0 0 0 0 0 0 0 0 0 0 0 0 0 0 0 0 0 0 0 0 0 0 0 0 0 0 0 0 0 0 0 0 0 0 0 0 0 0 0 0 0 0 0 0 0 0 0 0 0 0 0 0 0 0 0 0 0 0 0 0 0 0 0 0 0 0 0 0 0 0 0 0 0 0 0 0 0 0 0 0 0 0 0 0 0 0 0 0 0 0 0 0 0 0 0 0 0 0 0 0 0 0 0 0 0 0 0 0 0 0 0 0 0 0 0 0 0 0 0 0 0 0 0 0 0 0 0 0 0 0 0 0 0 0 0 0 0 0 0 0 0 0 0 0 0 0 0 0 0 0 0 0 0 0 0 0 0 0 0 0 0 0 0 0 0 0 0 0 0 0 0 0 0 0 0 0 0 0 0 0 0 0 0 0 0 0 0 0 0 0 0 0 0 0 0 0 0 0 0 0 0 0 0 0 0 0 0 0 0 0 0 0 0 0 0 0 0 0 0 0 0 0 0 0 0 0 0 0 0 0 0 0 0 0 0 0 0 0 0 0 0 0 0 0 0 0 0 0 0 0 0 0 0 0 0 0 0 0 0 0 0 0 0 0 0 0 0 0 0 0 0 0 0 0 0 0 0 0 0 0 0 0 0 0 0 0 0 0 0 0 0 0 0 0 0 0 0 0 0 0 0 0 0 0 0 0 0 0 0 0 0 0 0 0 0 0 0 0 0 0 0 0 0 0 0 0 0 0 0 0 0 0 0 0 0 0 0 0 0 0 0 0 0 0 0 0 0 0 0 0 0 0 0 0 0 0 0 0 0 0 0 0 0 0 0 0 0 0 0 0 0 0 0 0 0 0 0 0 0 0 0 0 0 0 0 0 0 0 0 0 0 0 0 0 0 0 0 0 0 0 0 0 0 0 0 0 0 0 0 0 0 0 0 0 0 0 0 0 0 0 0 0 0 0 0 0 0 0 0 0 0 0 0 0 0 0 0 0 0 0 0 0 0 0 0 0 0 0 0 0 0 0 0 0 0 0 0 0 0 0 0 0 0 0 0 0 0 0 0 0 0 0 0 0 0 0 0 0 0 0 0 0 0 0 0 0 0 0 0 0 0 0 0 0 0 0 0 0 0 0 0 0 0 0 0 0 0 0 0 0 0 0 0 0 0 0 0 0 0 0 0 0 0 0 0 0 0 0 0 0 0 0 0 0 0 0 0 0 0 0 0 0 0 0 0 0 0 0 0 0 0 0 0 0 0 0 0 0 0 0 0 0 0 0 0 0 0 0 0 0 0 0 0 0 0 0 0 0 0 0 0 0 0 0 0 0 0 0 0 0 0 0 0 0 0 0 0 0 0 0 0 0 0 0 0 0 0 0 0 0 0 0 0 0 0 0 0 0 0 0 0 0 0 0 0 0 0 0 0 0 0 0 0 0 0 0 0 0 0 0 0 0 0 0 0 0 0 0 0 0 0 0 0 0 0 0 0 0 0 0 0 0 0 0 0 0 0 0 0 0 0 0 0 0 0 0 0 0 0 0 0 0 0 0 0 0 0 0 0 0 0 0 0 0 0 0 0 0 0 0 0 0 0 0 0 0 0 0 0 0 0 0 0 0 0 0 0 0 0 0 0 0 0 0 0 0 0 0 0 0 0 0 0 0 0 0 0 0 0 0 0 0 0 0 0 0 0 0 0 0 0 0 0 0 0 0 0 0 0 0 0 0 0 0 0 0 0 0 0 0 0 0 0 0 0 0 0 0 0 0 0 0 0 0 0 0 0 0 0 0 0 0 0 0 0 0 0 0 0 0 0 0 0 0 0 0 0 0 0 0 0 0 0 0 0 0 0 0 0 0 0 0 0 0 0 0 0 0 0 0 0 0 0 0 0 0 0 0 0 0 0 0 0 0 0 0 0 0 0 0 0 0 0 0 0 0 0 0 0 0 0 0 0 0 0 0 0 0 0 0 0 0 0 0 0 0 0 0 0 0 0 0 0 0 0 0 0 0 0 0 0 0 0 0 0 0 0 0 0 0 0 0 0 0 0 0 0 0 0 0 0 0 0 0 0 0 0 0 0 0 0 0 0 0 0 0 0 0 0 0 0 0 0 0 0 0 0 0 0 0 0 0 0 0 0 0 0 0 0 0 0 0 0 0 0 0 0 0 0 0 0 0 0 0 0 0 0 0 0 0 0 0 0 0 0 0 0 0 0 0 0 0 0 0 0 0 0 0 0 0 0 0 0 0 0 0 0 0 0 0 0 0 0 0 0 0 0 0 0 0 0 0 0 0 0 0 0 0 0 0 0 0 0 0 0 0 0 0 0 0 0 0 0 0 0 0 0 0 0 0 0 0 0 0 0 0 0 0 0 0 0 0 0 0 0 0 0 0 0 0 0 0 0 0 0 0 0 0 0 0 0 0 0 0 0 0 0 0 0 0 0 0 0 0 0 0 0 0 0 0 0 0 0 0 0 0 0 0 0 0 0 0 0 0 0 0 0 0 0 0 0 0 0 0 0 0 0 0 0 0 0 0 0 0 0 0 0 0 0 0 0 0 0 0 0 0 0 0 0 0 0 0 0 0 0 0 0 0 0 0 0 0 0 0 0 0 0 0 0 0 0 0 0 0 0 0 0 0 0 0 0 0 0 0 0 0 0 0 0 0 0 0 0 0 0 0 0 0 0 0 0 0 0 0 0 0 0 0 0 0 0 0 0 0 0 0 0 0 0 0 0 0 0 0 0 0 0 0 0 0 0 0 0 0 0 0 0 0 0 0 0 0 0 0 0 0 0 0 0 0 0 0 0 0 0 0 0 0 0 0 0 0 0 0 0 0 0 0 0 0 0 0 0 0 0 0 0 0 0 0 0 0 0 0 0 0 0 0 0 0 0 0 0 0 0 0 0 0 0 0 0 0 0 0 0 0 0 0 0 0 0 0 0 0 0 0 0 0 0 0 0 0 0 0 0 0 0 0 0 0 0 0 0 0 0 0 0 0 0 0 0 0 0 0 0 0 0 0 0 0 0 0 0 0 0 0 0 0 0 0 0 0 0 0 0 0 0 0 0 0 0 0 0 0 0 0 0 0 0 0 0 0 0 0 0 0 0 0 0 0 0 0 0 0 0 0 0 0 0 0 0 0 0 0 0 0 0 0 0 0 0 0 0 0 0 0 0 0 0 0 0 0 0 0 0 0 0 0 0 0 0 0 0 0 0 0 0 0 0 0 0 0 0 0 0 0 0 0 0 0 0 0 0 0 0 0 0 0 0 0 0 0 0 0 0 0 0 0 0 0 0 0 0 0 0 0 0 0 0 0 0 0 0 0 0 0 0 0 0 0 0 0 0 0 0 0 0 0 0 0 0 0 0 0 0 0 0 0 0 0 0 0 0 0 0 0 0 0 0 0 0 0 0 0 0 0 0 0 0 0 0 0 0 0 0 0 0 0 0 0 0 0 0 0 0 0 0 0 0 0 0 0 0 0 0 0 0 0 0 0 0 0 0 0 0 0 0 0 0 0 0 0 0 0 0 0 0 0 0 0 0 0 0 0 0 0 0 0 0 0 0 0 0 0 0 0 0 0 0 0 0 0 0 0 0 0 0 0 0 0 0 0 0 0 0 0 0 0 0 0 0 0 0 0 0 0 0 0 0 0 0 0 0 0 0 0 0 0 0 0 0 0 0 0 0 0 0 0 0 0 0 0 0 0 0 0 0 0 0 0 0 0 0 0 0 0 0 0 0 0 0 0 0 0 0 0 0 0 0 0 0 0 0 0 0 0 0 0 0 0 0 0 0 0 0 0 0 0 0 0 0 0 0 0 0 0 0 0 0 0 0 0 0 0 0 0 0 0 0 0 0 0 0 0 0 0 0 0 0 0 0 0 0 0 0 0 0 0 0 0 0 0 0 0 0 0 0 0 0 0 0 0 0 0 0 0 0 0 0 0 0 0 0 0 0 0 0 0 0 0 0 0 0 0 0 0 0 0 0 0 0 0 0 0 0 0 0 0 0 0 0 0 0 0 0 0 0 0 0 0 0 0 0 0 0 0 0 0 0 0 0 0 0 0 0 0 0 0 0 0 0 0 0 0 0 0 0 0 0 0 0 0 0 0 0 0 0 0 0 0 0 0 0 0 0 0 0 0 0 0 0 0 0 0 0 0 0 0 0 0 0 0 0 0 0 0 0 0 0 0 0 0 0 0 0 0 0 0 0 0 0 0 0 0 0 0 0 0 0 0 0 0 0 0 0 0 0 0 0 0 0 0 0 0 0 0 0 0 0 0 0 0 0 0 0 0 0 0 0 0 0 0 0 0 0 0 0 0 0 0 0 0 0 0 0 0 0 0 0 0 0 0 0 0 0 0 0 0 0 0 0 0 0 0 0 0 0 0 0 0 0 0 0 0 0 0 0 0 0 0 0 0 0 0 0 0 0 0 0 0 0 0 0 0 0 0 0 0 0 0 0 0 0 0 0 0 0 0 0 0 0 0 0 0 0 0 0 0 0 0 0 0 0 0 0 0 0 0 0 0 0 0 0 0 0 0 0 0 0 0 0 0 0 0 0 0 0 0 0 0 0 0 0 0 0 0 0 0 0 0 0 0 0 0 0 0 0 0 0 0 0 0 0 0 0 0 0 0 0 0 0 0 0 0 0 0 0 0 0 0 0 0 0 0 0 0 0 0 0 0 0 0 0 0 0 0 0 0 0 0 0 0 0 0 0 0 0 0 0 0 0 0 0 0 0 0 0 0 0 0 0 0 0 0 0 0 0 0 0 0 0 0 0 0 0 0 0 0 0 0 0 0 0 0 0 0 0 0 0 0 0 0 0 0 0 0 0 0 0 0 0 0 0 0 0 0 0 0 0 0 0 0 0 0 0 0 0 0 0 0 0 0 0 0 0 0 0 0 0 0 0 0 0 0 0 0 0 0 0 0 0 0 0 0 0 0 0 0 0 0 0 0 0 0 0 0 0 0 0 0 0 0 0 0 0 0 0 0 0 0 0 0 0 0 0 0 0 0 0 0 0 0 0 0 0 0 0 0 0 0 0 0 0 0 0 0 0 0 0 0 0 0 0 0 0 0 0 0 0 0 0 0 0 0 0 0 0 0 0 0 0 0 0 0 0 0 0 0 0 0 0 0 0 0 0 0 0 0 0 0 0 0 0 0 0 0 0 0 0 0 0 0 0 0 0 0 0 0 0 0 0 0 0 0 0 0 0 0 0 0 0 0 0 0 0 0 0 0 0 0 0 0 0 0 0 0 0 0 0 0 0 0 0 0 0 0 0 0 0 0 0 0 0 0 0 0 0 0 0 0 0 0 0 0 0 0 0 0 0 0 0 0 0 0 0 0 0 0 0 0 0 0 0 0 0 0 0 0 0 0 0 0 0 0 0 0 0 0 0 0 0 0 0 0 0 0 0 0 0 0 0 0 0 0 0 0 0 0 0 0 0 0 0 0 0 0 0 0 0 0 0 0 0 0 0 0 0 0 0 0 0 0 0 0 0 0 0 0 0 0 0 0 0 0 0 0 0 0 0 0 0 0 0 0 0 0 0 0 0 0 0 0 0 0 0 0 0 0 0 0 0 0 0 0 0 0 0 0 0 0 0 0 0 0 0 0 0 0 0 0 0 0 0 0 0 0 0 0 0 0 0 0 0 0 0 0 0 0 0 0 0 0 0 0 0 0 0 0 0 0 0 0 0 0 0 0 0 0 0 0 0 0 0 0 0 0 0 0 0 0 0 0 0 0 0 0 0 0 0 0 0 0 0 0 0 0 0 0 0 0 0 0 0 0 0 0 0 0 0 0 0 0 0 0 0 0 0 0 0 0 0 0 0 0 0 0 0 0 0 0 0 0 0 0 0 0 0 0 0 0 0 0 0 0 0 0 0 0 0 0 0 0 0 0 0 0 0 0 0 0 0 0 0 0 0 0 0 0 0 0 0 0 0 0 0 0 0 0 0 0 0 0 0 0 0 0 0 0 0 0 0 0 0 0 0 0 0 0 0 0 0 0 0 0 0 0 0
ctxt 9241385
btime 1613064757
processes 171034
procs_running 1
procs_blocked 0
softirq 200237493 1 133500186 2317 1493381 0 0 881 6482347 0 58758380
