cpu  25789996 4 49230 6963611 419 0 3871 0 0 0
cpu0 717279 1 1770 191896 0 0 444 0 0 0
cpu1 716084 0 1758 193359 1 0 89 0 0 0
cpu2 716742 0 1557 192867 79 0 54 0 0 0
cpu3 715448 0 2046 193751 1 0 72 0 0 0
cpu4 715951 0 1574 193756 1 0 32 0 0 0
cpu5 716003 0 1413 193859 0 0 48 0 0 0
cpu6 716413 0 1334 193373 72 0 112 0 0 0
cpu7 716676 0 1011 193558 3 0 53 0 0 0
cpu8 716498 0 1258 193518 6 0 23 0 0 0
cpu9 716734 0 996 193526 1 0 53 0 0 0
cpu10 716354 0 1166 193708 5 0 84 0 0 0
cpu11 716210 0 1322 193688 3 0 82 0 0 0
cpu12 714536 0 2784 193619 4 0 355 0 0 0
cpu13 715903 0 1835 193476 1 0 75 0 0 0
cpu14 715445 0 2489 193288 8 0 78 0 0 0
cpu15 715605 0 2042 193620 2 0 37 0 0 0
cpu16 716973 0 2235 192022 0 0 76 0 0 0
cpu17 716435 0 1070 193727 22 0 43 0 0 0
cpu18 716869 0 1144 193269 13 0 16 0 0 0
cpu19 716112 0 1551 193511 9 0 128 0 0 0
cpu20 716780 0 855 193609 45 0 12 0 0 0
cpu21 715852 0 1840 193590 10 0 11 0 0 0
cpu22 716708 0 869 193663 50 0 14 0 0 0
cpu23 716690 0 828 193722 4 0 65 0 0 0
cpu24 717102 0 506 193677 1 0 19 0 0 0
cpu25 716532 0 1017 193737 1 0 16 0 0 0
cpu26 716773 0 839 193632 13 0 51 0 0 0
cpu27 716257 0 1069 193754 4 0 219 0 0 0
cpu28 716900 0 683 193701 4 0 17 0 0 0
cpu29 713941 0 2369 193657 2 0 1327 0 0 0
cpu30 716876 0 941 193473 3 0 8 0 0 0
cpu31 716580 0 1303 193343 14 0 68 0 0 0
cpu32 716880 0 747 193672 1 0 14 0 0 0
cpu33 716802 0 1160 193322 3 0 16 0 0 0
cpu34 717044 0 972 193244 8 0 32 0 0 0
cpu35 717994 0 866 192405 7 0 14 0 0 0
intr 71140738 56 0 0 0 611 0 0 0 1 0 250 0 0 0 0 0 0 0 0 0 0 0 0 0 0 0 0 0 0 0 0 93 186 220 9804 102 3113 151 3148 509 349 158 581 292 1103 871 556 415 286 541 2544 551 3452 1141 1832 416 0 0 0 0 68 99 375 350 362 1133 409 1002 155 331 386 796 0 0 16 15156 3584 0 17753 1132 1355 844 1849 1063 1016 1309 1896 964 3257 2844 73145 18072 2539 1514 2230 658 1184 1063 813 790 1919 663 1011 846 2822 1598 3275 171195 524 1538 1074 753 4951 2129 0 16 7775 1 0 0 0 0 0 0 0 0 0 0 0 0 0 0 0 0 0 0 0 0 0 0 0 0 0 0 0 0 0 0 0 0 0 0 0 0 0 25 0 0 0 0 0 0 0 0 0 0 0 0 0 0 0 0 0 0 0 0 0 0 0 0 0 0 0 0 0 0 0 0 0 0 0 0 0 0 0 0 0 0 0 0 0 0 0 0 0 0 0 0 0 0 0 0 0 0 0 0 0 0 0 0 0 0 0 0 0 0 0 0 0 0 0 0 0 0 0 0 0 0 0 0 0 0 0 0 0 0 0 0 0 0 0 0 0 0 0 0 0 0 0 0 0 0 0 0 0 0 0 0 0 0 0 0 0 0 0 0 0 0 0 0 0 0 0 0 0 0 0 0 0 0 0 0 0 0 0 0 0 0 0 0 0 0 0 0 0 0 0 0 0 0 0 0 0 0 0 0 0 0 0 0 0 0 0 0 0 0 0 0 0 0 0 0 0 0 0 0 0 0 0 0 0 0 0 0 0 0 0 0 0 0 0 0 0 0 0 0 0 0 0 0 0 0 0 0 0 0 0 0 0 0 0 0 0 0 0 0 0 0 0 0 0 0 0 0 0 0 0 0 0 0 0 0 0 0 0 0 0 0 0 0 0 0 0 0 0 0 0 0 0 0 0 0 0 0 0 0 0 0 0 0 0 0 0 0 0 0 0 0 0 0 0 0 0 0 0 0 0 0 0 0 0 0 0 0 0 0 0 0 0 0 0 0 0 0 0 0 0 0 0 0 0 0 0 0 0 0 0 0 0 0 0 0 0 0 0 0 0 0 0 0 0 0 0 0 0 0 0 0 0 0 0 0 0 0 0 0 0 0 0 0 0 0 0 0 0 0 0 0 0 0 0 0 0 0 0 0 0 0 0 0 0 0 0 0 0 0 0 0 0 0 0 0 0 0 0 0 0 0 0 0 0 0 0 0 0 0 0 0 0 0 0 0 0 0 0 0 0 0 0 0 0 0 0 0 0 0 0 0 0 0 0 0 0 0 0 0 0 0 0 0 0 0 0 0 0 0 0 0 0 0 0 0 0 0 0 0 0 0 0 0 0 0 0 0 0 0 0 0 0 0 0 0 0 0 0 0 0 0 0 0 0 0 0 0 0 0 0 0 0 0 0 0 0 0 0 0 0 0 0 0 0 0 0 0 0 0 0 0 0 0 0 0 0 0 0 0 0 0 0 0 0 0 0 0 0 0 0 0 0 0 0 0 0 0 0 0 0 0 0 0 0 0 0 0 0 0 0 0 0 0 0 0 0 0 0 0 0 0 0 0 0 0 0 0 0 0 0 0 0 0 0 0 0 0 0 0 0 0 0 0 0 0 0 0 0 0 0 0 0 0 0 0 0 0 0 0 0 0 0 0 0 0 0 0 0 0 0 0 0 0 0 0 0 0 0 0 0 0 0 0 0 0 0 0 0 0 0 0 0 0 0 0 0 0 0 0 0 0 0 0 0 0 0 0 0 0 0 0 0 0 0 0 0 0 0 0 0 0 0 0 0 0 0 0 0 0 0 0 0 0 0 0 0 0 0 0 0 0 0 0 0 0 0 0 0 0 0 0 0 0 0 0 0 0 0 0 0 0 0 0 0 0 0 0 0 0 0 0 0 0 0 0 0 0 0 0 0 0 0 0 0 0 0 0 0 0 0 0 0 0 0 0 0 0 0 0 0 0 0 0 0 0 0 0 0 0 0 0 0 0 0 0 0 0 0 0 0 0 0 0 0 0 0 0 0 0 0 0 0 0 0 0 0 0 0 0 0 0 0 0 0 0 0 0 0 0 0 0 0 0 0 0 0 0 0 0 0 0 0 0 0 0 0 0 0 0 0 0 0 0 0 0 0 0 0 0 0 0 0 0 0 0 0 0 0 0 0 0 0 0 0 0 0 0 0 0 0 0 0 0 0 0 0 0 0 0 0 0 0 0 0 0 0 0 0 0 0 0 0 0 0 0 0 0 0 0 0 0 0 0 0 0 0 0 0 0 0 0 0 0 0 0 0 0 0 0 0 0 0 0 0 0 0 0 0 0 0 0 0 0 0 0 0 0 0 0 0 0 0 0 0 0 0 0 0 0 0 0 0 0 0 0 0 0 0 0 0 0 0 0 0 0 0 0 0 0 0 0 0 0 0 0 0 0 0 0 0 0 0 0 0 0 0 0 0 0 0 0 0 0 0 0 0 0 0 0 0 0 0 0 0 0 0 0 0 0 0 0 0 0 0 0 0 0 0 0 0 0 0 0 0 0 0 0 0 0 0 0 0 0 0 0 0 0 0 0 0 0 0 0 0 0 0 0 0 0 0 0 0 0 0 0 0 0 0 0 0 0 0 0 0 0 0 0 0 0 0 0 0 0 0 0 0 0 0 0 0 0 0 0 0 0 0 0 0 0 0 0 0 0 0 0 0 0 0 0 0 0 0 0 0 0 0 0 0 0 0 0 0 0 0 0 0 0 0 0 0 0 0 0 0 0 0 0 0 0 0 0 0 0 0 0 0 0 0 0 0 0 0 0 0 0 0 0 0 0
ctxt 18409345
btime 1613124388
processes 460033
procs_running 1
procs_blocked 0
softirq 93385234 1 54472809 778 3457407 0 0 329199 2420410 0 32704630
