cpu  16400325 4 22080 6902998 422 0 2526 0 0 0
cpu0 455264 0 814 191577 1 0 424 0 0 0
cpu1 455412 0 579 191981 1 0 135 0 0 0
cpu2 455506 0 544 191903 0 0 76 0 0 0
cpu3 455768 0 455 191745 4 0 22 0 0 0
cpu4 454630 0 1322 191784 2 0 263 0 0 0
cpu5 455312 0 758 191873 14 0 47 0 0 0
cpu6 455500 0 576 191898 2 0 24 0 0 0
cpu7 455352 0 670 191937 4 0 52 0 0 0
cpu8 455869 0 800 191309 1 0 27 0 0 0
cpu9 455407 0 767 191803 1 0 31 0 0 0
cpu10 455334 0 666 191980 4 0 25 0 0 0
cpu11 455493 0 572 191920 2 0 26 0 0 0
cpu12 455346 0 668 191959 4 0 28 0 0 0
cpu13 455652 0 648 191627 49 0 32 0 0 0
cpu14 454946 0 1036 191971 4 0 44 0 0 0
cpu15 455083 0 901 191962 5 0 65 0 0 0
cpu16 455265 0 718 191944 1 0 75 0 0 0
cpu17 455547 0 530 191869 5 0 47 0 0 0
cpu18 455722 0 341 191909 4 0 27 0 0 0
cpu19 455543 0 497 191925 1 0 36 0 0 0
cpu20 455774 0 321 191876 3 0 29 0 0 0
cpu21 455784 0 292 191920 9 0 1 0 0 0
cpu22 455680 0 332 191974 12 0 12 0 0 0
cpu23 455660 0 364 191965 2 0 6 0 0 0
cpu24 454334 0 1144 191802 13 0 694 0 0 0
cpu25 455681 0 346 191969 3 0 9 0 0 0
cpu26 455637 0 421 191922 7 0 10 0 0 0
cpu27 455802 0 709 191448 0 0 51 0 0 0
cpu28 456929 0 662 190295 81 0 8 0 0 0
cpu29 455657 0 394 191902 33 0 18 0 0 0
cpu30 456636 0 482 190796 54 0 8 0 0 0
cpu31 455932 3 622 191391 40 0 17 0 0 0
cpu32 455894 0 791 191262 6 0 46 0 0 0
cpu33 455486 0 690 191730 12 0 74 0 0 0
cpu34 455747 0 326 191897 15 0 13 0 0 0
cpu35 455726 0 308 191955 1 0 9 0 0 0
intr 45288039 56 0 0 0 610 0 0 0 1 0 275 0 0 0 0 0 0 0 0 0 0 0 0 0 0 0 0 0 0 0 0 0 94 730 233 45 198 842 609 131 266 84 222 324 207 255 1487 453 288 316 350 192 229 193 1367 3734 0 0 0 0 203 1588 418 400 110 10040 3471 3999 1769 545 724 306 165 0 16 10433 1 0 21815 2016 1238 602 1084 635 367 3309 1487 3964 1369 971 2814 1220 4348 2078 3769 597 1401 3066 5722 433 2896 975 134335 234 883 3186 502 2736 662 1116 5279 2650 928 1253 0 16 7793 1 0 0 0 0 0 0 0 0 0 0 0 0 0 0 0 0 0 0 0 0 0 0 0 0 0 0 0 0 0 0 0 0 0 0 0 0 0 24 0 0 0 0 0 0 0 0 0 0 0 0 0 0 0 0 0 0 0 0 0 0 0 0 0 0 0 0 0 0 0 0 0 0 0 0 0 0 0 0 0 0 0 0 0 0 0 0 0 0 0 0 0 0 0 0 0 0 0 0 0 0 0 0 0 0 0 0 0 0 0 0 0 0 0 0 0 0 0 0 0 0 0 0 0 0 0 0 0 0 0 0 0 0 0 0 0 0 0 0 0 0 0 0 0 0 0 0 0 0 0 0 0 0 0 0 0 0 0 0 0 0 0 0 0 0 0 0 0 0 0 0 0 0 0 0 0 0 0 0 0 0 0 0 0 0 0 0 0 0 0 0 0 0 0 0 0 0 0 0 0 0 0 0 0 0 0 0 0 0 0 0 0 0 0 0 0 0 0 0 0 0 0 0 0 0 0 0 0 0 0 0 0 0 0 0 0 0 0 0 0 0 0 0 0 0 0 0 0 0 0 0 0 0 0 0 0 0 0 0 0 0 0 0 0 0 0 0 0 0 0 0 0 0 0 0 0 0 0 0 0 0 0 0 0 0 0 0 0 0 0 0 0 0 0 0 0 0 0 0 0 0 0 0 0 0 0 0 0 0 0 0 0 0 0 0 0 0 0 0 0 0 0 0 0 0 0 0 0 0 0 0 0 0 0 0 0 0 0 0 0 0 0 0 0 0 0 0 0 0 0 0 0 0 0 0 0 0 0 0 0 0 0 0 0 0 0 0 0 0 0 0 0 0 0 0 0 0 0 0 0 0 0 0 0 0 0 0 0 0 0 0 0 0 0 0 0 0 0 0 0 0 0 0 0 0 0 0 0 0 0 0 0 0 0 0 0 0 0 0 0 0 0 0 0 0 0 0 0 0 0 0 0 0 0 0 0 0 0 0 0 0 0 0 0 0 0 0 0 0 0 0 0 0 0 0 0 0 0 0 0 0 0 0 0 0 0 0 0 0 0 0 0 0 0 0 0 0 0 0 0 0 0 0 0 0 0 0 0 0 0 0 0 0 0 0 0 0 0 0 0 0 0 0 0 0 0 0 0 0 0 0 0 0 0 0 0 0 0 0 0 0 0 0 0 0 0 0 0 0 0 0 0 0 0 0 0 0 0 0 0 0 0 0 0 0 0 0 0 0 0 0 0 0 0 0 0 0 0 0 0 0 0 0 0 0 0 0 0 0 0 0 0 0 0 0 0 0 0 0 0 0 0 0 0 0 0 0 0 0 0 0 0 0 0 0 0 0 0 0 0 0 0 0 0 0 0 0 0 0 0 0 0 0 0 0 0 0 0 0 0 0 0 0 0 0 0 0 0 0 0 0 0 0 0 0 0 0 0 0 0 0 0 0 0 0 0 0 0 0 0 0 0 0 0 0 0 0 0 0 0 0 0 0 0 0 0 0 0 0 0 0 0 0 0 0 0 0 0 0 0 0 0 0 0 0 0 0 0 0 0 0 0 0 0 0 0 0 0 0 0 0 0 0 0 0 0 0 0 0 0 0 0 0 0 0 0 0 0 0 0 0 0 0 0 0 0 0 0 0 0 0 0 0 0 0 0 0 0 0 0 0 0 0 0 0 0 0 0 0 0 0 0 0 0 0 0 0 0 0 0 0 0 0 0 0 0 0 0 0 0 0 0 0 0 0 0 0 0 0 0 0 0 0 0 0 0 0 0 0 0 0 0 0 0 0 0 0 0 0 0 0 0 0 0 0 0 0 0 0 0 0 0 0 0 0 0 0 0 0 0 0 0 0 0 0 0 0 0 0 0 0 0 0 0 0 0 0 0 0 0 0 0 0 0 0 0 0 0 0 0 0 0 0 0 0 0 0 0 0 0 0 0 0 0 0 0 0 0 0 0 0 0 0 0 0 0 0 0 0 0 0 0 0 0 0 0 0 0 0 0 0 0 0 0 0 0 0 0 0 0 0 0 0 0 0 0 0 0 0 0 0 0 0 0 0 0 0 0 0 0 0 0 0 0 0 0 0 0 0 0 0 0 0 0 0 0 0 0 0 0 0 0 0 0 0 0 0 0 0 0 0 0 0 0 0 0 0 0 0 0 0 0 0 0 0 0 0 0 0 0 0 0 0 0 0 0 0 0 0 0 0 0 0 0 0 0 0 0 0 0 0 0 0 0 0 0 0 0 0 0 0 0 0 0 0 0 0 0 0 0 0 0 0 0 0 0 0 0 0 0 0 0 0 0 0 0 0 0 0 0 0 0 0 0 0 0 0 0 0 0 0 0 0 0 0 0 0 0 0 0 0 0 0 0 0 0 0 0 0 0 0 0 0 0 0 0 0 0 0 0 0 0 0 0 0 0 0 0 0 0 0 0 0 0 0 0 0 0 0 0 0 0 0 0 0 0 0 0 0 0 0 0 0 0 0 0 0 0 0 0 0 0 0 0 0 0 0 0 0 0 0 0 0 0 0 0 0 0 0 0 0 0 0 0 0 0 0 0 0
ctxt 11834222
btime 1613124388
processes 294016
procs_running 1
procs_blocked 0
softirq 59112033 1 34038001 552 2210277 0 0 219959 1584567 0 21058676
