cpu  4366797 3 7595 6749575 456 0 657 0 0 0
cpu0 121234 0 296 187241 1 0 219 0 0 0
cpu1 121446 0 271 187260 22 0 16 0 0 0
cpu2 121240 0 379 187368 17 0 61 0 0 0
cpu3 121304 0 255 187468 5 0 16 0 0 0
cpu4 121099 0 365 187562 3 0 14 0 0 0
cpu5 121255 0 141 187633 2 0 8 0 0 0
cpu6 121240 0 139 187640 6 0 10 0 0 0
cpu7 121270 0 163 187590 1 0 4 0 0 0
cpu8 121201 0 184 187647 1 0 2 0 0 0
cpu9 121256 0 124 187656 1 0 1 0 0 0
cpu10 121114 0 260 187655 6 0 1 0 0 0
cpu11 121270 0 118 187637 1 0 1 0 0 0
cpu12 121251 0 238 187493 38 0 0 0 0 0
cpu13 121525 0 150 187354 4 0 1 0 0 0
cpu14 121410 0 138 187402 88 0 2 0 0 0
cpu15 120808 0 453 187543 49 0 173 0 0 0
cpu16 121368 0 190 187464 2 0 0 0 0 0
cpu17 121322 0 134 187567 2 0 1 0 0 0
cpu18 121299 0 167 187523 4 0 8 0 0 0
cpu19 121491 0 178 187337 15 0 1 0 0 0
cpu20 121174 0 397 187436 5 0 19 0 0 0
cpu21 121301 0 144 187591 1 0 1 0 0 0
cpu22 121250 0 202 187552 23 0 0 0 0 0
cpu23 121169 0 191 187647 0 0 26 0 0 0
cpu24 121304 0 90 187628 7 0 0 0 0 0
cpu25 121168 0 255 187576 13 0 21 0 0 0
cpu26 121208 0 159 187658 2 0 1 0 0 0
cpu27 121627 0 229 187155 16 0 0 0 0 0
cpu28 121513 0 342 187168 2 0 2 0 0 0
cpu29 121262 0 114 187636 1 0 1 0 0 0
cpu30 121686 0 281 186963 77 0 10 0 0 0
cpu31 121487 0 180 187354 1 0 0 0 0 0
cpu32 121305 0 73 187646 1 0 0 0 0 0
cpu33 121281 1 232 187475 6 0 21 0 0 0
cpu34 121279 0 224 187502 13 0 1 0 0 0
cpu35 121364 0 125 187532 2 0 1 0 0 0
intr 12436904 56 0 0 0 610 0 0 0 1 0 250 0 0 0 0 0 0 0 0 0 0 0 0 0 0 0 0 0 0 0 0 94 225 393 673 2629 109 175 1061 55 116 62 410 64 4604 305 3545 2010 360 143 245 332 400 112 1340 31 0 0 0 0 323 530 179 840 151 44 10205 86 67 706 328 170 0 0 17 9276 2 0 8479 147 1482 415 362 2837 128 732 965 210 264 299 312 177 498 44974 82 1405 5097 33 220 259 381 43 8 768 125 311 2783 686 6139 275 174 2208 157 1095 0 16 7613 1 0 0 0 0 0 0 0 0 0 0 0 0 0 0 0 0 0 0 0 0 0 0 0 0 0 0 0 0 0 0 0 0 0 0 0 0 0 25 0 0 0 0 0 0 0 0 0 0 0 0 0 0 0 0 0 0 0 0 0 0 0 0 0 0 0 0 0 0 0 0 0 0 0 0 0 0 0 0 0 0 0 0 0 0 0 0 0 0 0 0 0 0 0 0 0 0 0 0 0 0 0 0 0 0 0 0 0 0 0 0 0 0 0 0 0 0 0 0 0 0 0 0 0 0 0 0 0 0 0 0 0 0 0 0 0 0 0 0 0 0 0 0 0 0 0 0 0 0 0 0 0 0 0 0 0 0 0 0 0 0 0 0 0 0 0 0 0 0 0 0 0 0 0 0 0 0 0 0 0 0 0 0 0 0 0 0 0 0 0 0 0 0 0 0 0 0 0 0 0 0 0 0 0 0 0 0 0 0 0 0 0 0 0 0 0 0 0 0 0 0 0 0 0 0 0 0 0 0 0 0 0 0 0 0 0 0 0 0 0 0 0 0 0 0 0 0 0 0 0 0 0 0 0 0 0 0 0 0 0 0 0 0 0 0 0 0 0 0 0 0 0 0 0 0 0 0 0 0 0 0 0 0 0 0 0 0 0 0 0 0 0 0 0 0 0 0 0 0 0 0 0 0 0 0 0 0 0 0 0 0 0 0 0 0 0 0 0 0 0 0 0 0 0 0 0 0 0 0 0 0 0 0 0 0 0 0 0 0 0 0 0 0 0 0 0 0 0 0 0 0 0 0 0 0 0 0 0 0 0 0 0 0 0 0 0 0 0 0 0 0 0 0 0 0 0 0 0 0 0 0 0 0 0 0 0 0 0 0 0 0 0 0 0 0 0 0 0 0 0 0 0 0 0 0 0 0 0 0 0 0 0 0 0 0 0 0 0 0 0 0 0 0 0 0 0 0 0 0 0 0 0 0 0 0 0 0 0 0 0 0 0 0 0 0 0 0 0 0 0 0 0 0 0 0 0 0 0 0 0 0 0 0 0 0 0 0 0 0 0 0 0 0 0 0 0 0 0 0 0 0 0 0 0 0 0 0 0 0 0 0 0 0 0 0 0 0 0 0 0 0 0 0 0 0 0 0 0 0 0 0 0 0 0 0 0 0 0 0 0 0 0 0 0 0 0 0 0 0 0 0 0 0 0 0 0 0 0 0 0 0 0 0 0 0 0 0 0 0 0 0 0 0 0 0 0 0 0 0 0 0 0 0 0 0 0 0 0 0 0 0 0 0 0 0 0 0 0 0 0 0 0 0 0 0 0 0 0 0 0 0 0 0 0 0 0 0 0 0 0 0 0 0 0 0 0 0 0 0 0 0 0 0 0 0 0 0 0 0 0 0 0 0 0 0 0 0 0 0 0 0 0 0 0 0 0 0 0 0 0 0 0 0 0 0 0 0 0 0 0 0 0 0 0 0 0 0 0 0 0 0 0 0 0 0 0 0 0 0 0 0 0 0 0 0 0 0 0 0 0 0 0 0 0 0 0 0 0 0 0 0 0 0 0 0 0 0 0 0 0 0 0 0 0 0 0 0 0 0 0 0 0 0 0 0 0 0 0 0 0 0 0 0 0 0 0 0 0 0 0 0 0 0 0 0 0 0 0 0 0 0 0 0 0 0 0 0 0 0 0 0 0 0 0 0 0 0 0 0 0 0 0 0 0 0 0 0 0 0 0 0 0 0 0 0 0 0 0 0 0 0 0 0 0 0 0 0 0 0 0 0 0 0 0 0 0 0 0 0 0 0 0 0 0 0 0 0 0 0 0 0 0 0 0 0 0 0 0 0 0 0 0 0 0 0 0 0 0 0 0 0 0 0 0 0 0 0 0 0 0 0 0 0 0 0 0 0 0 0 0 0 0 0 0 0 0 0 0 0 0 0 0 0 0 0 0 0 0 0 0 0 0 0 0 0 0 0 0 0 0 0 0 0 0 0 0 0 0 0 0 0 0 0 0 0 0 0 0 0 0 0 0 0 0 0 0 0 0 0 0 0 0 0 0 0 0 0 0 0 0 0 0 0 0 0 0 0 0 0 0 0 0 0 0 0 0 0 0 0 0 0 0 0 0 0 0 0 0 0 0 0 0 0 0 0 0 0 0 0 0 0 0 0 0 0 0 0 0 0 0 0 0 0 0 0 0 0 0 0 0 0 0 0 0 0 0 0 0 0 0 0 0 0 0 0 0 0 0 0 0 0 0 0 0 0 0 0 0 0 0 0 0 0 0 0 0 0 0 0 0 0 0 0 0 0 0 0 0 0 0 0 0 0 0 0 0 0 0 0 0 0 0 0 0 0 0 0 0 0 0 0 0 0 0 0 0 0 0 0 0 0 0 0 0 0 0 0 0 0 0 0 0 0 0 0 0 0 0 0 0 0 0 0 0 0 0 0 0 0 0 0 0 0 0 0 0 0 0 0 0 0 0 0 0 0 0 0 0 0 0 0 0 0 0 0 0 0 0 0 0 0 0 0 0 0 0 0 0 0 0 0 0 0 0 0 0 0 0 0
ctxt 3897272
btime 1613124388
processes 96857
procs_running 1
procs_blocked 0
softirq 16021172 1 9072852 447 719308 0 0 82595 513280 0 5632689
