cpu  5330905 6 11954 27780231 401 0 317 0 0 0
cpu0 41515 0 678 216287 0 0 131 0 0 0
cpu1 41640 0 52 217103 0 0 4 0 0 0
cpu2 41739 0 150 216897 0 0 0 0 0 0
cpu3 41567 0 88 217124 2 0 4 0 0 0
cpu4 41573 0 124 217110 0 0 2 0 0 0
cpu5 41644 0 54 217109 0 0 0 0 0 0
cpu6 41593 0 306 216902 2 0 1 0 0 0
cpu7 41562 0 130 217114 0 0 1 0 0 0
cpu8 41589 0 117 217099 0 0 2 0 0 0
cpu9 41642 0 50 217116 0 0 0 0 0 0
cpu10 41776 0 160 216862 2 0 2 0 0 0
cpu11 41628 0 68 217096 0 0 1 0 0 0
cpu12 41617 0 132 217042 0 0 0 0 0 0
cpu13 41642 0 48 217112 0 0 0 0 0 0
cpu14 41710 0 104 216985 0 0 0 0 0 0
cpu15 41216 0 472 217098 0 0 11 0 0 0
cpu16 41629 0 90 217087 0 0 0 0 0 0
cpu17 41642 0 50 217109 0 0 0 0 0 0
cpu18 41688 0 68 217036 1 0 0 0 0 0
cpu19 41607 0 80 217111 0 0 4 0 0 0
cpu20 41504 0 93 217187 0 0 2 0 0 0
cpu21 41640 0 48 217115 0 0 0 0 0 0
cpu22 42113 0 130 216559 0 0 0 0 0 0
cpu23 41639 0 58 217101 0 0 0 0 0 0
cpu24 41634 0 67 217101 0 0 1 0 0 0
cpu25 41536 0 90 217171 0 0 0 0 0 0
cpu26 42234 0 229 216246 4 0 19 0 0 0
cpu27 41604 0 92 217097 0 0 2 0 0 0
cpu28 41641 0 76 217075 0 0 0 0 0 0
cpu29 41639 0 53 217104 0 0 0 0 0 0
cpu30 41735 0 90 216963 2 0 0 0 0 0
cpu31 41634 0 61 217103 0 0 1 0 0 0
cpu32 41634 0 67 217079 0 0 0 0 0 0
cpu33 41642 0 51 217103 0 0 0 0 0 0
cpu34 41702 0 66 216950 69 0 0 0 0 0
cpu35 41436 0 222 217089 0 0 44 0 0 0
cpu36 41641 0 57 217099 0 0 0 0 0 0
cpu37 41642 0 52 217099 0 0 0 0 0 0
cpu38 41655 0 60 217077 0 0 0 0 0 0
cpu39 41592 0 99 217094 0 0 5 0 0 0
cpu40 41679 0 74 217042 0 0 0 0 0 0
cpu41 41641 0 45 217102 0 0 0 0 0 0
cpu42 41707 0 67 217007 3 0 0 0 0 0
cpu43 41627 0 64 217099 0 0 1 0 0 0
cpu44 41642 0 97 217053 0 0 0 0 0 0
cpu45 41641 0 48 217104 0 0 0 0 0 0
cpu46 41860 0 80 216848 0 0 0 0 0 0
cpu47 41518 0 185 217089 0 0 4 0 0 0
cpu48 41615 0 95 217079 1 0 1 0 0 0
cpu49 41641 0 52 217099 0 0 0 0 0 0
cpu50 41648 0 67 217074 0 0 0 0 0 0
cpu51 41634 0 63 217093 0 0 1 0 0 0
cpu52 41637 0 73 217058 16 0 0 0 0 0
cpu53 41641 0 48 217099 0 0 0 0 0 0
cpu54 41650 0 70 217040 4 0 0 0 0 0
cpu55 41598 0 100 217090 1 0 4 0 0 0
cpu56 41616 0 70 217096 0 0 2 0 0 0
cpu57 41634 0 48 217104 0 0 2 0 0 0
cpu58 41714 0 110 216952 1 0 0 0 0 0
cpu59 41637 0 50 217097 0 0 0 0 0 0
cpu60 41642 0 53 217090 0 0 0 0 0 0
cpu61 41638 0 51 217096 0 0 0 0 0 0
cpu62 41689 0 94 216980 4 0 0 0 0 0
cpu63 41629 0 60 217093 0 0 0 0 0 0
cpu64 41622 0 80 217081 1 0 0 0 0 0
cpu65 41630 0 49 217107 0 0 0 0 0 0
cpu66 41797 0 148 216807 1 0 0 0 0 0
cpu67 41620 0 72 217089 0 0 2 0 0 0
cpu68 41549 0 156 217069 0 0 0 0 0 0
cpu69 41631 0 55 217092 1 0 0 0 0 0
cpu70 41820 0 270 216608 81 0 0 0 0 0
cpu71 41616 0 72 217089 0 0 2 0 0 0
cpu72 41608 0 90 217078 1 0 1 0 0 0
cpu73 41640 0 54 217093 0 0 0 0 0 0
cpu74 41771 0 164 216783 46 0 0 0 0 0
cpu75 41631 0 56 217091 0 0 2 0 0 0
cpu76 41633 0 91 217030 8 0 0 0 0 0
cpu77 41640 0 50 217089 0 0 0 0 0 0
cpu78 41744 2 106 216908 16 0 2 0 0 0
cpu79 41327 0 354 217086 0 0 9 0 0 0
cpu80 41632 0 69 217073 0 0 0 0 0 0
cpu81 41639 0 53 217085 0 0 0 0 0 0
cpu82 41709 0 70 216986 4 0 0 0 0 0
cpu83 41630 0 58 217086 0 0 1 0 0 0
cpu84 41609 0 73 217086 0 0 0 0 0 0
cpu85 41640 0 51 217079 0 0 0 0 0 0
cpu86 41726 0 68 216979 0 0 0 0 0 0
cpu87 41641 0 55 217076 0 0 0 0 0 0
cpu88 41638 0 108 217027 0 0 0 0 0 0
cpu89 41636 0 57 217078 0 0 0 0 0 0
cpu90 41669 0 59 217025 10 0 0 0 0 0
cpu91 41554 0 137 217081 0 0 3 0 0 0
cpu92 41648 0 65 217061 0 0 0 0 0 0
cpu93 41639 0 56 217072 0 0 0 0 0 0
cpu94 41682 0 127 216950 1 0 4 0 0 0
cpu95 41630 0 78 217066 0 0 1 0 0 0
cpu96 41643 0 70 217061 0 0 0 0 0 0
cpu97 41640 0 52 217075 0 0 0 0 0 0
cpu98 41775 0 89 216829 59 0 4 0 0 0
cpu99 41640 0 53 217075 0 0 0 0 0 0
cpu100 41569 0 90 217105 1 0 2 0 0 0
cpu101 41642 0 52 217071 0 0 0 0 0 0
cpu102 41639 0 66 217064 1 0 0 0 0 0
cpu103 41632 0 64 217067 0 0 0 0 0 0
cpu104 41543 0 100 217114 0 0 4 0 0 0
cpu105 41641 0 58 217067 0 0 0 0 0 0
cpu106 41644 0 53 217060 2 0 0 0 0 0
cpu107 41625 0 69 217067 0 0 0 0 0 0
cpu108 41632 0 70 217061 0 0 0 0 0 0
cpu109 41642 0 51 217067 0 0 0 0 0 0
cpu110 41840 0 76 216844 0 0 0 0 0 0
cpu111 41528 0 164 217069 0 0 0 0 0 0
cpu112 41644 0 79 217028 10 0 0 0 0 0
cpu113 41642 0 51 217067 0 0 0 0 0 0
cpu114 41756 0 73 216924 4 0 0 0 0 0
cpu115 41632 0 57 217071 0 0 0 0 0 0
cpu116 41640 0 65 217055 0 0 0 0 0 0
cpu117 41642 0 52 217068 0 0 0 0 0 0
cpu118 41740 0 106 216906 1 0 0 0 0 0
cpu119 41638 0 57 217055 0 0 0 0 0 0
cpu120 41643 0 58 217057 0 0 0 0 0 0
cpu121 41640 0 53 217069 0 0 0 0 0 0
cpu122 41786 0 110 216837 2 0 0 0 0 0
cpu123 41638 0 64 217058 0 0 0 0 0 0
cpu124 41641 0 60 217059 0 0 0 0 0 0
cpu125 41643 0 68 217045 0 0 0 0 0 0
cpu126 41725 0 96 216931 1 0 0 0 0 0
cpu127 41631 0 82 217040 0 0 0 0 0 0
intr 16406180 129 0 0 0 678 0 0 0 1 0 254 0 0 0 0 0 0 0 0 0 0 0 0 0 0 0 0 0 0 0 0 0 0 0 0 260 0 5 2 0 494 0 7 3 1900 6 0 0 598 0 1 4 6289 0 0 0 1694 61 0 2 680 2 0 35376 769 0 0 0 1250 11 0 3 341 4 0 2 982 0 0 2 1153 3 0 9 4660 0 0 2 978 137 0 0 271 10 2635 2 393 3 0 1 826 20 0 33 369 0 0 0 930 0 0 15 662 0 0 0 6425 0 0 0 901 0 0 0 217 0 0 0 1678 0 0 6726 1254 0 0 5240 1 12 0 3 410 52 0 0 1202 0 0 5 1028 0 0 6 892 0 0 67 0 0 0 0 0 0 0 0 0 0 160 168 32 32 866 10 198 12 67 5 4 52 7 111 480 26 11 14 98 15 227 67 10 4 20 6 87 9 6 6 0 15 2 0 0 0 0 0 0 0 0 0 0 0 0 0 0 0 0 0 1 3 2 0 5 0 1 39 5 1 8 0 0 4 6 698 4212 1559 625 656 83 10010 3354 1305 16 1633 28 37 364 87 128 2292 82 200 32 269 68 178 107 268 3 4 140 24 3 21 14 3 9 39 3 5 31 8 13 5 11 14 3 2 3 11 4 0 0 0 0 0 0 0 0 0 0 0 0 0 0 0 0 0 0 0 0 0 0 0 0 0 0 0 0 0 0 0 0 0 0 0 0 0 0 0 0 0 0 0 0 0 0 0 0 0 0 0 0 0 0 0 0 0 0 0 0 0 0 0 0 0 0 0 0 0 0 0 0 0 0 0 0 0 0 0 0 0 0 0 0 0 0 0 0 0 0 0 0 0 0 0 0 0 0 0 0 0 0 0 0 0 0 0 0 0 0 0 0 0 0 0 0 0 0 0 0 0 0 0 0 0 0 0 0 0 0 0 0 0 0 0 0 0 0 0 0 0 0 0 0 0 0 0 0 0 0 0 0 0 0 0 0 0 0 0 0 0 0 0 0 0 0 0 0 0 0 0 0 0 0 0 0 0 0 0 0 0 0 0 0 0 0 0 0 0 0 0 0 0 0 0 0 0 0 0 0 0 0 0 0 0 0 0 0 0 0 0 0 0 0 0 0 0 0 0 0 0 0 0 0 0 0 0 0 0 0 0 0 0 0 0 0 0 0 0 0 0 0 0 0 0 0 0 0 0 0 0 0 0 0 0 0 0 0 0 0 0 0 0 0 0 0 0 0 0 0 0 0 0 0 0 0 0 0 0 0 0 0 0 0 0 0 0 0 0 0 0 0 0 0 0 0 0 0 0 0 0 0 0 0 0 0 0 0 0 0 0 0 0 0 0 0 0 0 0 0 0 0 0 0 0 0 0 0 0 0 0 0 0 0 0 0 0 0 0 0 0 0 0 0 0 0 0 0 0 0 0 0 0 0 0 0 0 0 0 0 0 0 0 0 0 0 0 0 0 0 0 0 0 0 0 0 0 0 0 0 0 0 0 0 0 0 0 0 0 0 0 0 0 0 0 0 0 0 0 0 0 0 0 0 0 0 0 0 0 0 0 0 0 0 0 0 0 0 0 0 0 0 0 0 0 0 0 0 0 0 0 0 0 0 0 0 0 0 0 0 0 0 0 0 3 0 0 0 0 0 0 0 0 0 0 0 0 0 0 0 49 0 0 0 0 0 0 0 0 0 0 0 0 49 0 0 0 0 0 0 0 0 0 0 0 0 0 0 0 0 0 0 0 0 0 0 0 0 0 0 0 0 0 0 0 0 0 0 0 0 0 0 0 0 0 0 0 16 0 0 0 0 0 0 0 0 0 0 0 0 0 0 0 0 0 0 0 0 0 0 0 0 0 0 0 0 0 0 0 0 0 0 0 0 0 0 0 0 0 0 0 0 0 0 0 0 0 0 0 0 0 0 0 0 0 0 0 0 0 0 0 0 0 0 0 0 0 0 0 0 0 0 0 0 0 0 0 0 0 0 0 0 0 0 0 0 0 0 0 0 0 0 0 0 0 0 0 0 0 0 0 0 0 0 0 0 0 0 0 0 0 0 0 0 0 0 0 0 0 0 0 0 0 0 0 0 0 0 0 0 0 0 0 0 0 0 0 0 0 0 0 0 0 0 0 0 0 0 0 0 0 0 0 0 0 0 0 0 0 0 0 0 0 0 0 0 0 0 0 0 0 0 0 0 0 0 0 0 0 0 0 0 0 0 0 0 0 0 0 0 0 0 0 0 0 0 0 0 0 0 0 0 0 0 0 0 0 0 0 0 0 0 0 0 0 0 0 0 0 0 0 0 0 0 0 0 0 0 0 0 0 0 0 0 0 0 0 0 0 0 0 0 0 0 0 0 0 0 0 0 0 0 0 0 0 0 0 0 0 0 0 0 0 0 0 0 0 0 0 0 0 0 0 0 0 0 0 0 0 0 0 0 0 0 0 0 0 0 0 0 0 0 0 0 0 0 0 0 0 0 0 0 0 0 0 0 0 0 0 0 0 0 0 0 0 0 0 0 0 0 0 0 0 0 0 0 0 0 0 0 0 0 0 0 0 0 0 0 0 0 0 0 0 0 0 0 0 0 0 0 0 0 0 0 0 0 0 0 0 0 0 0 0 0 0 0 0 0 0 0 0 0 0 0 0 0 0 0 0 0 0 0 0 0 0 0 0 0 0 0 0 0 0 0 0 0 0 0 0 0 0 0 0 0 0 0 0 0 0 0 0 0 0 0 0 0 0 0 0 0 0 0 0 0 0 0 0 0 0 0 0 0 0 0 0 0 0 0 0 0 0 0 0 0 0 0 0 0 0 0 0 0 0 0 0 0 0 0 0 0 0 0 0 0 0 0 0 0 0 0 0 0 0 0 0 0 0 0 0 0 0 0 0 0 0 0 0 0 0 0 0 0 0 0 0 0 0 0 0 0 0 0 0 0 0 0 0 0 0 0 0 0 0 0 0 0 0 0 0 0 0 0 0 0 0 0 0 0 0 0 0 0 0 0 0 0 0 0 0 0 0 0 0 0 0 0 0 0 0 0 0 0 0 0 0 0 0 0 0 0 0 0 0 0 0 0 0 0 0 0 0 0 0 0 0 0 0 0 0 0 0 0 0 0 0 0 0 0 0 0 0 0 0 0 0 0 0 0 0 0 0 0 0 0 0 0 0 0 0 0 0 0 0 0 0 0 0 0 0 0 0 0 0 0 0 0 0 0 0 0 0 0 0 0 0 0 0 0 0 0 0 0 0 0 0 0 0 0 0 0 0 0 0 0 0 0 0 0 0 0 0 0 0 0 0 0 0 0 0 0 0 0 0 0 0 0 0 0 0 0 0 0 0 0 0 0 0 0 0 0 0 0 0 0 0 0 0 0 0 0 0 0 0 0 0 0 0 0 0 0 0 0 0 0 0 0 0 0 0 0 0 0 0 0 0 0 0 0 0 0 0 0 0 0 0 0 0 0 0 0 0 0 0 0 0 0 0 0 0 0 0 0 0 0 0 0 0 0 0 0 0 0 0 0 0 0 0 0 0 0 0 0 0 0 0 0 0 0 0 0 0 0 0 0 0 0 0 0 0 0 0 0 0 0 0 0 0 0 0 0 0 0 0 0 0 0 0 0 0 0 0 0 0 0 0 0 0 0 0 0 0 0 0 0 0 0 0 0 0 0 0 0 0 0 0 0 0 0 0 0 0 0 0 0 0 0 0 0 0 0 0 0 0 0 0 0 0 0 0 0 0 0 0 0 0 0 0 0 0 0 0 0 0 0 0 0 0 0 0 0 0 0 0 0 0 0 0 0 0 0 0 0 0 0 0 0 0 0 0 0 0 0 0 0 0 0 0 0 0 0 0 0 0 0 0 0 0 0 0 0 0 0 0 0 0 0 0 0 0 0 0 0 0 0 0 0 0 0 0 0 0 0 0 0 0 0 0 0 0 0 0 0 0 0 0 0 0 0 0 0 0 0 0 0 0 0 0 0 0 0 0 0 0 0 0 0 0 0 0 0 0 0 0 0 0 0 0 0 0 0 0 0 0 0 0 0 0 0 0 0 0 0 0 0 0 0 0 0 0 0 0 0 0 0 0 0 0 0 0 0 0 0 0 0 0 0 0 0 0 0 0 0 0 0 0 0 0 0 0 0 0 0 0 0 0 0 0 0 0 0 0 0 0 0 0 0 0 0 0 0 0 0 0 0 0 0 0 0 0 0 0 0 0 0 0 0 0 0 0 0 0 0 0 0 0 0 0 0 0 0 0 0 0 0 0 0 0 0 0 0 0 0 0 0 0 0 0 0 0 0 0 0 0 0 0 0 0 0 0 0 0 0 0 0 0 0 0 0 0 0 0 0 0 0 0 0 0 0 0 0 0 0 0 0 0 0 0 0 0 0 0 0 0 0 0 0 0 0 0 0 0 0 0 0 0 0 0 0 0 0 0 0 0 0 0 0 0 0 0 0 0 0 0 0 0 0 0 0 0 0 0 0 0 0 0 0 0 0 0 0 0 0 0 0 0 0 0 0 0 0 0 0 0 0 0 0 0 0 0 0 0 0 0 0 0 0 0 0 0 0 0 0 0 0 0 0 0 0 0 0 0 0 0 0 0 0 0 0 0 0 0 0 0 0 0 0 0 0 0 0 0 0 0 0 0 0 0 0 0 0 0 0 0 0 0 0 0 0 0 0 0 0 0 0 0 0 0 0 0 0 0 0 0 0 0 0 0 0 0 0 0 0 0 0 0 0 0 0 0 0 0 0 0 0 0 0 0 0 0 0 0 0 0 0 0 0 0 0 0 0 0 0 0 0 0 0 0 0 0 0 0 0 0 0 0 0 0 0 0 0 0 0 0 0 0 0 0 0 0 0 0 0 0 0 0 0 0 0 0 0 0 0 0 0 0 0 0 0 0 0 0 0 0 0 0 0 0 0 0 0 0 0 0 0 0 0 0 0 0 0 0 0 0 0 0 0 0 0 0 0 0 0 0 0 0 0 0 0 0 0 0 0 0 0 0 0 0 0 0 0 0 0 0 0 0 0 0 0 0 0 0 0 0 0 0 0 0 0 0 0 0 0 0 0 0 0 0 0 0 0 0 0 0 0 0 0 0 0 0 0 0 0 0 0 0 0 0 0 0 0 0 0 0 0 0 0 0 0 0 0 0 0 0 0 0 0 0 0 0 0 0 0 0 0 0 0 0 0 0 0 0 0 0 0 0 0 0 0 0 0 0 0 0 0 0 0 0 0 0 0 0 0 0 0 0 0 0 0 0 0 0 0 0 0 0 0 0 0 0 0 0 0 0 0 0 0 0 0 0 0 0 0 0 0 0 0 0 0 0 0 0 0 0 0 0 0 0 0 0 0 0 0 0 0 0 0 0 0 0 0 0 0 0 0 0 0 0 0 0 0 0 0 0 0 0 0 0 0 0 0 0 0 0 0 0 0 0 0 0 0 0 0 0 0 0 0 0 0 0 0 0 0 0 0 0 0 0 0 0 0 0 0 0 0 0 0 0 0 0 0 0 0 0 0 0 0 0 0 0 0 0 0 0 0 0 0 0 0 0 0 0 0 0 0 0 0 0 0 0 0 0 0 0 0 0 0 0 0 0 0 0 0 0 0 0 0 0 0 0 0 0 0 0 0 0 0 0 0 0 0 0 0 0 0 0 0 0 0 0 0 0 0 0 0 0 0 0 0 0 0 0 0 0 0 0 0 0 0 0 0 0 0 0 0 0 0 0 0 0 0 0 0 0 0 0 0 0 0 0 0 0 0 0 0 0 0 0 0 0 0 0 0 0 0 0 0 0 0 0 0 0 0 0 0 0 0 0 0 0 0 0 0 0 0 0 0 0 0 0 0 0 0 0 0 0 0 0 0 0 0 0 0 0 0 0 0 0 0 0 0 0 0 0 0 0 0 0 0 0 0 0 0 0 0 0 0 0 0 0 0 0 0 0 0 0 0 0 0 0 0 0 0 0 0 0 0 0 0 0 0 0 0 0 0 0 0 0 0 0 0 0 0 0 0 0 0 0 0 0 0 0 0 0 0 0 0 0 0 0 0 0 0 0 0 0 0 0 0 0 0 0 0 0 0 0 0 0 0 0 0 0 0 0 0 0 0 0 0 0 0 0 0 0 0 0 0 0 0 0 0 0 0 0 0 0 0 0 0 0 0 0 0 0 0 0 0 0 0 0 0 0 0 0 0 0 0 0 0 0 0 0 0 0 0 0 0 0 0 0 0 0 0 0 0 0 0 0 0 0 0 0 0 0 0 0 0 0 0 0 0 0 0 0 0 0 0 0 0 0 0 0 0 0 0 0 0 0 0 0 0 0 0 0 0 0 0 0 0 0 0 0 0 0 0 0 0 0 0 0 0 0 0 0 0 0 0 0 0 0 0 0 0 0 0 0 0 0 0 0 0 0 0 0 0 0 0 0 0 0 0 0 0 0 0 0 0 0 0 0 0 0 0 0 0 0 0 0 0 0 0 0 0 0 0 0 0 0 0 0 0 0 0 0 0 0 0 0 0 0 0 0 0 0 0 0 0 0 0 0 0 0 0 0 0 0 0 0 0 0 0 0 0 0 0 0 0 0 0 0 0 0 0 0 0 0 0 0 0 0 0 0 0 0 0 0 0 0 0 0 0 0 0 0 0 0 0 0 0 0 0 0 0 0 0 0 0 0 0 0 0 0 0 0 0 0 0 0 0 0 0 0 0 0 0 0 0 0 0 0 0 0 0 0 0 0 0 0 0 0 0 0 0 0 0 0 0 0 0 0 0 0 0 0 0 0 0 0 0 0 0 0 0 0 0 0 0 0 0 0 0 0 0 0 0 0 0 0 0 0 0 0 0 0 0 0 0 0 0 0 0 0 0 0 0 0 0 0 0 0 0 0 0 0 0 0 0 0 0 0 0 0 0 0 0 0 0 0 0 0 0 0 0 0 0 0 0 0 0 0 0 0 0 0 0 0 0 0 0 0 0 0 0 0 0 0 0 0 0 0 0 0 0 0 0 0 0 0 0 0 0 0 0 0 0 0 0 0 0 0 0 0 0 0 0 0 0 0 0 0 0 0 0 0 0 0 0 0 0 0 0 0 0 0 0 0 0 0 0 0 0 0 0 0 0 0 0 0 0 0 0 0 0 0 0 0 0 0 0 0 0 0 0 0 0 0 0 0 0 0 0 0 0 0 0 0 0 0 0 0 0 0 0 0 0 0 0 0 0 0 0 0 0 0 0 0 0 0 0 0 0 0 0 0 0 0 0 0 0 0 0 0 0 0 0 0 0 0 0 0 0 0 0 0 0 0 0 0 0 0 0 0 0 0 0 0 0 0 0 0 0 0 0 0 0 0 0 0 0 0 0 0 0 0 0 0 0 0 0 0 0 0 0 0 0 0 0 0 0 0 0 0 0 0 0 0 0 0 0 0 0 0 0 0 0 0 0 0 0 0 0 0 0 0 0 0 0 0 0 0 0 0 0 0 0 0 0 0 0 0 0 0 0 0 0 0 0 0 0 0 0 0 0 0 0 0 0 0 0 0 0 0 0 0 0 0 0 0 0 0 0 0 0 0 0 0 0 0 0 0 0 0 0 0 0 0 0 0 0 0 0 0 0 0 0 0 0 0 0 0 0 0 0 0 0 0 0 0 0 0 0 0 0 0 0 0 0 0 0 0 0 0 0 0 0 0 0 0 0 0 0 0 0 0 0 0 0 0 0 0 0 0 0 0 0 0 0 0 0 0 0 0 0 0 0 0 0 0 0 0 0 0 0 0 0 0 0 0 0 0 0 0 0 0 0 0 0 0 0 0 0 0 0 0 0 0 0 0 0 0 0 0 0 0 0 0 0 0 0 0 0 0 0 0 0 0 0 0 0 0 0 0 0 0 0 0 0 0 0 0 0 0 0 0 0 0 0 0 0 0 0 0 0 0 0 0 0 0 0 0 0 0 0 0 0 0 0 0 0 0 0 0 0 0 0 0 0 0 0 0 0 0 0 0 0 0 0 0 0 0 0 0 0 0 0 0 0 0 0 0 0 0 0 0 0 0 0 0 0 0 0 0 0 0 0 0 0 0 0 0 0 0 0 0 0 0 0 0 0 0 0 0 0 0 0 0 0 0 0 0 0 0 0 0 0 0 0 0 0 0 0 0 0 0 0 0 0 0 0 0 0 0 0 0 0 0 0 0 0 0 0 0 0 0 0 0 0 0 0 0 0 0 0 0 0 0 0 0 0 0 0 0 0 0 0 0 0 0 0 0 0 0 0 0 0 0 0 0 0 0 0 0 0 0 0 0 0 0 0 0 0 0 0 0 0 0 0 0 0 0 0 0 0 0 0 0 0 0 0 0 0 0 0 0 0 0 0 0 0 0 0 0 0 0 0 0 0 0 0 0 0 0 0 0 0 0 0 0 0 0 0 0 0 0 0 0 0 0 0 0 0 0 0 0 0 0 0 0 0 0 0 0 0 0 0 0 0 0 0 0 0 0 0 0 0 0 0 0 0 0 0 0 0 0 0 0 0 0 0 0 0 0 0 0 0 0 0 0 0 0 0 0 0 0 0 0 0 0 0 0 0 0 0 0 0 0 0 0 0 0 0 0 0 0 0 0 0 0 0 0 0 0 0 0 0 0 0 0 0 0 0 0 0 0 0 0 0 0 0 0 0 0 0 0 0 0 0 0 0 0 0 0 0 0 0 0 0 0 0 0 0 0 0 0 0 0 0 0 0 0 0 0 0 0 0 0 0 0 0 0 0 0 0 0 0 0 0 0 0 0 0 0 0 0 0 0 0 0 0 0 0 0 0 0 0 0 0 0 0 0 0 0 0 0 0 0 0 0 0 0 0 0 0 0 0 0 0 0 0 0 0 0 0 0 0 0 0 0 0 0 0 0 0 0 0 0 0 0 0 0 0 0 0 0 0 0 0 0 0 0 0 0 0 0 0 0 0 0 0 0 0 0 0 0 0 0 0 0 0 0 0 0 0 0 0 0 0 0 0 0 0 0 0 0 0 0 0 0 0 0 0 0 0 0 0 0 0 0 0 0 0 0 0 0 0 0 0 0 0 0 0 0 0 0 0 0 0 0 0 0 0 0 0 0 0 0 0 0 0 0 0 0 0 0 0 0 0 0 0 0 0 0 0 0 0 0 0 0 0 0 0 0 0 0 0 0 0 0 0 0 0 0 0 0 0 0 0 0 0 0 0 0 0 0 0 0 0 0 0 0 0 0 0 0 0 0 0 0 0 0 0 0 0 0 0 0 0 0 0 0 0 0 0 0 0 0 0 0 0 0 0 0 0 0 0 0 0 0 0 0 0 0 0 0 0 0 0 0 0 0 0 0 0 0 0 0 0 0 0 0 0 0 0 0 0 0 0 0 0 0 0 0 0 0 0 0 0 0 0 0 0 0 0 0 0 0 0 0 0 0 0 0 0 0 0 0 0 0 0 0 0 0 0 0 0 0 0 0 0 0 0 0 0 0 0 0 0 0 0 0 0 0 0 0 0 0 0 0 0 0 0 0 0 0 0 0 0 0 0 0 0 0 0 0 0 0 0 0 0 0 0 0 0 0 0 0 0 0 0 0 0 0 0 0 0 0 0 0 0 0 0 0 0 0 0 0 0 0 0 0 0 0 0 0 0 0 0 0 0 0 0 0 0 0 0 0 0 0 0 0 0 0 0 0 0 0 0 0 0 0 0 0 0 0 0 0 0 0 0 0 0 0 0 0 0 0 0 0 0 0 0 0 0 0 0 0 0 0 0 0 0 0 0 0 0 0 0 0 0 0 0 0 0 0 0 0 0 0 0 0 0 0 0 0 0 0 0 0 0 0 0 0 0 0 0 0 0 0 0 0 0 0 0 0 0 0 0 0 0 0 0 0 0 0 0 0 0 0 0 0 0 0 0 0 0 0 0 0 0 0 0 0 0 0 0 0 0 0 0 0 0 0 0 0 0 0 0 0 0 0 0 0 0 0 0 0 0 0 0 0 0 0
ctxt 1795738
btime 1613064758
processes 33763
procs_running 1
procs_blocked 0
softirq 17356118 1 10076618 1379 291623 0 0 167 733092 0 6253238
