cpu  14219264 4 18137 6944069 494 0 2170 0 0 0
cpu0 394678 0 764 192647 13 0 404 0 0 0
cpu1 396382 0 846 191161 1 0 112 0 0 0
cpu2 394790 0 869 192186 2 0 564 0 0 0
cpu3 394908 0 502 193006 4 0 38 0 0 0
cpu4 395272 0 480 192631 44 0 31 0 0 0
cpu5 395041 0 490 192877 29 0 10 0 0 0
cpu6 394778 0 526 193085 16 0 30 0 0 0
cpu7 394874 0 454 193085 13 0 22 0 0 0
cpu8 394910 0 446 193006 72 0 16 0 0 0
cpu9 394647 0 586 193181 2 0 42 0 0 0
cpu10 394661 0 610 193152 4 0 30 0 0 0
cpu11 394917 0 461 193046 0 0 26 0 0 0
cpu12 393876 0 1314 193048 7 0 195 0 0 0
cpu13 395128 0 431 192868 1 0 18 0 0 0
cpu14 394858 0 415 193158 1 0 18 0 0 0
cpu15 394617 0 715 193029 5 0 85 0 0 0
cpu16 394506 0 736 193089 2 0 114 0 0 0
cpu17 394837 0 555 193028 6 0 9 0 0 0
cpu18 395267 0 430 192736 3 0 8 0 0 0
cpu19 395372 0 510 192471 48 0 26 0 0 0
cpu20 394955 0 413 193009 1 0 46 0 0 0
cpu21 395792 0 422 192190 2 0 38 0 0 0
cpu22 395176 0 277 192923 62 0 5 0 0 0
cpu23 395170 0 421 192758 70 0 9 0 0 0
cpu24 395139 0 274 193023 4 0 6 0 0 0
cpu25 394951 0 351 193135 1 0 8 0 0 0
cpu26 394916 0 346 193150 0 0 35 0 0 0
cpu27 394839 0 448 193152 1 0 6 0 0 0
cpu28 395027 0 358 193043 1 0 13 0 0 0
cpu29 395026 0 256 193153 0 0 8 0 0 0
cpu30 395041 0 262 193126 10 0 5 0 0 0
cpu31 395348 0 247 192841 1 0 8 0 0 0
cpu32 395018 2 297 193103 8 0 8 0 0 0
cpu33 395142 0 342 192920 20 0 9 0 0 0
cpu34 394599 0 693 193001 19 0 130 0 0 0
cpu35 394794 0 575 193034 2 0 22 0 0 0
intr 39398338 56 0 0 0 614 0 0 0 1 0 263 0 0 0 0 0 0 0 0 0 0 0 0 0 0 0 0 0 0 0 0 0 740 143 516 433 4717 2539 567 380 3008 1132 72 125 2077 223 466 238 462 267 159 6148 509 126 2204 3248 0 0 0 0 384 104 13 70 70 101 614 62 1019 1591 1116 255 93 0 16 12668 2314 0 11932 846 101727 432 147 821 160 1251 636 1054 1073 1401 45181 5505 2363 2592 817 602 1028 599 4675 1800 90 1130 220 514 705 795 547 1797 501 423 1383 428 1445 436 0 18 7815 1 0 0 0 0 0 0 0 0 0 0 0 0 0 0 0 0 0 0 0 0 0 0 0 0 0 0 0 0 0 0 0 0 0 0 0 0 0 21 0 0 0 0 0 0 0 0 0 0 0 0 0 0 0 0 0 0 0 0 0 0 0 0 0 0 0 0 0 0 0 0 0 0 0 0 0 0 0 0 0 0 0 0 0 0 0 0 0 0 0 0 0 0 0 0 0 0 0 0 0 0 0 0 0 0 0 0 0 0 0 0 0 0 0 0 0 0 0 0 0 0 0 0 0 0 0 0 0 0 0 0 0 0 0 0 0 0 0 0 0 0 0 0 0 0 0 0 0 0 0 0 0 0 0 0 0 0 0 0 0 0 0 0 0 0 0 0 0 0 0 0 0 0 0 0 0 0 0 0 0 0 0 0 0 0 0 0 0 0 0 0 0 0 0 0 0 0 0 0 0 0 0 0 0 0 0 0 0 0 0 0 0 0 0 0 0 0 0 0 0 0 0 0 0 0 0 0 0 0 0 0 0 0 0 0 0 0 0 0 0 0 0 0 0 0 0 0 0 0 0 0 0 0 0 0 0 0 0 0 0 0 0 0 0 0 0 0 0 0 0 0 0 0 0 0 0 0 0 0 0 0 0 0 0 0 0 0 0 0 0 0 0 0 0 0 0 0 0 0 0 0 0 0 0 0 0 0 0 0 0 0 0 0 0 0 0 0 0 0 0 0 0 0 0 0 0 0 0 0 0 0 0 0 0 0 0 0 0 0 0 0 0 0 0 0 0 0 0 0 0 0 0 0 0 0 0 0 0 0 0 0 0 0 0 0 0 0 0 0 0 0 0 0 0 0 0 0 0 0 0 0 0 0 0 0 0 0 0 0 0 0 0 0 0 0 0 0 0 0 0 0 0 0 0 0 0 0 0 0 0 0 0 0 0 0 0 0 0 0 0 0 0 0 0 0 0 0 0 0 0 0 0 0 0 0 0 0 0 0 0 0 0 0 0 0 0 0 0 0 0 0 0 0 0 0 0 0 0 0 0 0 0 0 0 0 0 0 0 0 0 0 0 0 0 0 0 0 0 0 0 0 0 0 0 0 0 0 0 0 0 0 0 0 0 0 0 0 0 0 0 0 0 0 0 0 0 0 0 0 0 0 0 0 0 0 0 0 0 0 0 0 0 0 0 0 0 0 0 0 0 0 0 0 0 0 0 0 0 0 0 0 0 0 0 0 0 0 0 0 0 0 0 0 0 0 0 0 0 0 0 0 0 0 0 0 0 0 0 0 0 0 0 0 0 0 0 0 0 0 0 0 0 0 0 0 0 0 0 0 0 0 0 0 0 0 0 0 0 0 0 0 0 0 0 0 0 0 0 0 0 0 0 0 0 0 0 0 0 0 0 0 0 0 0 0 0 0 0 0 0 0 0 0 0 0 0 0 0 0 0 0 0 0 0 0 0 0 0 0 0 0 0 0 0 0 0 0 0 0 0 0 0 0 0 0 0 0 0 0 0 0 0 0 0 0 0 0 0 0 0 0 0 0 0 0 0 0 0 0 0 0 0 0 0 0 0 0 0 0 0 0 0 0 0 0 0 0 0 0 0 0 0 0 0 0 0 0 0 0 0 0 0 0 0 0 0 0 0 0 0 0 0 0 0 0 0 0 0 0 0 0 0 0 0 0 0 0 0 0 0 0 0 0 0 0 0 0 0 0 0 0 0 0 0 0 0 0 0 0 0 0 0 0 0 0 0 0 0 0 0 0 0 0 0 0 0 0 0 0 0 0 0 0 0 0 0 0 0 0 0 0 0 0 0 0 0 0 0 0 0 0 0 0 0 0 0 0 0 0 0 0 0 0 0 0 0 0 0 0 0 0 0 0 0 0 0 0 0 0 0 0 0 0 0 0 0 0 0 0 0 0 0 0 0 0 0 0 0 0 0 0 0 0 0 0 0 0 0 0 0 0 0 0 0 0 0 0 0 0 0 0 0 0 0 0 0 0 0 0 0 0 0 0 0 0 0 0 0 0 0 0 0 0 0 0 0 0 0 0 0 0 0 0 0 0 0 0 0 0 0 0 0 0 0 0 0 0 0 0 0 0 0 0 0 0 0 0 0 0 0 0 0 0 0 0 0 0 0 0 0 0 0 0 0 0 0 0 0 0 0 0 0 0 0 0 0 0 0 0 0 0 0 0 0 0 0 0 0 0 0 0 0 0 0 0 0 0 0 0 0 0 0 0 0 0 0 0 0 0 0 0 0 0 0 0 0 0 0 0 0 0 0 0 0 0 0 0 0 0 0 0 0 0 0 0 0 0 0 0 0 0 0 0 0 0 0 0 0 0 0 0 0 0 0 0 0 0 0 0 0 0 0 0 0 0 0 0 0 0 0 0 0 0 0 0 0 0 0 0 0 0 0 0 0 0 0 0 0 0 0 0 0 0 0 0 0 0 0 0 0 0 0 0 0 0 0 0 0 0 0 0 0 0 0 0 0 0 0 0 0 0 0 0 0 0 0 0 0 0 0 0 0 0 0 0 0 0 0 0 0 0 0 0 0 0 0 0 0 0
ctxt 10503518
btime 1613124388
processes 261525
procs_running 1
procs_blocked 0
softirq 51247624 1 29600750 516 1960811 0 0 195063 1392070 0 18098413
