cpu  22811556 3 35542 7095150 459 0 3285 0 0 0
cpu0 633059 0 1395 196986 1 0 578 0 0 0
cpu1 633702 0 1081 196947 22 0 83 0 0 0
cpu2 633564 0 1013 197151 17 0 112 0 0 0
cpu3 633407 0 1122 197282 5 0 33 0 0 0
cpu4 632850 0 1492 197299 3 0 196 0 0 0
cpu5 633624 0 851 197313 2 0 48 0 0 0
cpu6 633498 0 845 197437 6 0 45 0 0 0
cpu7 633526 0 1082 197138 1 0 80 0 0 0
cpu8 633685 0 786 197326 1 0 32 0 0 0
cpu9 633248 0 1563 196937 1 0 90 0 0 0
cpu10 633337 0 1100 197306 6 0 70 0 0 0
cpu11 633768 0 980 196998 1 0 73 0 0 0
cpu12 633349 0 1068 197320 38 0 38 0 0 0
cpu13 633898 0 1174 196712 4 0 42 0 0 0
cpu14 633228 0 1328 197164 88 0 31 0 0 0
cpu15 631194 0 2478 197189 49 0 920 0 0 0
cpu16 633250 0 1372 197162 2 0 35 0 0 0
cpu17 633112 0 1384 197269 2 0 55 0 0 0
cpu18 633724 0 722 197327 4 0 23 0 0 0
cpu19 634092 0 705 196938 15 0 50 0 0 0
cpu20 633715 0 819 197201 5 0 92 0 0 0
cpu21 634082 0 464 197278 1 0 9 0 0 0
cpu22 633636 0 741 197356 23 0 66 0 0 0
cpu23 633355 0 882 197462 1 0 134 0 0 0
cpu24 633846 0 561 197382 7 0 34 0 0 0
cpu25 633754 0 663 197359 13 0 33 0 0 0
cpu26 634140 0 404 197275 2 0 5 0 0 0
cpu27 634311 0 598 196889 16 0 6 0 0 0
cpu28 634728 0 978 196031 2 0 94 0 0 0
cpu29 634380 0 892 196495 1 0 38 0 0 0
cpu30 635564 0 826 195329 77 0 21 0 0 0
cpu31 634532 0 643 196609 1 0 25 0 0 0
cpu32 633549 0 920 197336 1 0 17 0 0 0
cpu33 633690 1 796 197288 6 0 34 0 0 0
cpu34 633697 0 761 197331 13 0 14 0 0 0
cpu35 633449 0 1038 197312 2 0 18 0 0 0
intr 63256586 56 0 0 0 610 0 0 0 1 0 250 0 0 0 0 0 0 0 0 0 0 0 0 0 0 0 0 0 0 0 0 94 525 468 749 2629 715 620 1308 167 132 172 460 82 4697 483 3890 2350 569 442 247 389 635 176 1421 135 0 0 0 0 368 542 199 843 154 117 10207 169 151 724 492 207 0 0 17 11696 2 0 20345 2199 4229 855 3117 3073 1104 5317 2155 5235 5043 3033 6860 1544 1524 205018 3297 4561 6250 1455 2131 1224 6988 2799 608 2749 1129 568 4088 1983 7348 4880 5070 3812 1279 1806 0 16 7849 1 0 0 0 0 0 0 0 0 0 0 0 0 0 0 0 0 0 0 0 0 0 0 0 0 0 0 0 0 0 0 0 0 0 0 0 0 0 25 0 0 0 0 0 0 0 0 0 0 0 0 0 0 0 0 0 0 0 0 0 0 0 0 0 0 0 0 0 0 0 0 0 0 0 0 0 0 0 0 0 0 0 0 0 0 0 0 0 0 0 0 0 0 0 0 0 0 0 0 0 0 0 0 0 0 0 0 0 0 0 0 0 0 0 0 0 0 0 0 0 0 0 0 0 0 0 0 0 0 0 0 0 0 0 0 0 0 0 0 0 0 0 0 0 0 0 0 0 0 0 0 0 0 0 0 0 0 0 0 0 0 0 0 0 0 0 0 0 0 0 0 0 0 0 0 0 0 0 0 0 0 0 0 0 0 0 0 0 0 0 0 0 0 0 0 0 0 0 0 0 0 0 0 0 0 0 0 0 0 0 0 0 0 0 0 0 0 0 0 0 0 0 0 0 0 0 0 0 0 0 0 0 0 0 0 0 0 0 0 0 0 0 0 0 0 0 0 0 0 0 0 0 0 0 0 0 0 0 0 0 0 0 0 0 0 0 0 0 0 0 0 0 0 0 0 0 0 0 0 0 0 0 0 0 0 0 0 0 0 0 0 0 0 0 0 0 0 0 0 0 0 0 0 0 0 0 0 0 0 0 0 0 0 0 0 0 0 0 0 0 0 0 0 0 0 0 0 0 0 0 0 0 0 0 0 0 0 0 0 0 0 0 0 0 0 0 0 0 0 0 0 0 0 0 0 0 0 0 0 0 0 0 0 0 0 0 0 0 0 0 0 0 0 0 0 0 0 0 0 0 0 0 0 0 0 0 0 0 0 0 0 0 0 0 0 0 0 0 0 0 0 0 0 0 0 0 0 0 0 0 0 0 0 0 0 0 0 0 0 0 0 0 0 0 0 0 0 0 0 0 0 0 0 0 0 0 0 0 0 0 0 0 0 0 0 0 0 0 0 0 0 0 0 0 0 0 0 0 0 0 0 0 0 0 0 0 0 0 0 0 0 0 0 0 0 0 0 0 0 0 0 0 0 0 0 0 0 0 0 0 0 0 0 0 0 0 0 0 0 0 0 0 0 0 0 0 0 0 0 0 0 0 0 0 0 0 0 0 0 0 0 0 0 0 0 0 0 0 0 0 0 0 0 0 0 0 0 0 0 0 0 0 0 0 0 0 0 0 0 0 0 0 0 0 0 0 0 0 0 0 0 0 0 0 0 0 0 0 0 0 0 0 0 0 0 0 0 0 0 0 0 0 0 0 0 0 0 0 0 0 0 0 0 0 0 0 0 0 0 0 0 0 0 0 0 0 0 0 0 0 0 0 0 0 0 0 0 0 0 0 0 0 0 0 0 0 0 0 0 0 0 0 0 0 0 0 0 0 0 0 0 0 0 0 0 0 0 0 0 0 0 0 0 0 0 0 0 0 0 0 0 0 0 0 0 0 0 0 0 0 0 0 0 0 0 0 0 0 0 0 0 0 0 0 0 0 0 0 0 0 0 0 0 0 0 0 0 0 0 0 0 0 0 0 0 0 0 0 0 0 0 0 0 0 0 0 0 0 0 0 0 0 0 0 0 0 0 0 0 0 0 0 0 0 0 0 0 0 0 0 0 0 0 0 0 0 0 0 0 0 0 0 0 0 0 0 0 0 0 0 0 0 0 0 0 0 0 0 0 0 0 0 0 0 0 0 0 0 0 0 0 0 0 0 0 0 0 0 0 0 0 0 0 0 0 0 0 0 0 0 0 0 0 0 0 0 0 0 0 0 0 0 0 0 0 0 0 0 0 0 0 0 0 0 0 0 0 0 0 0 0 0 0 0 0 0 0 0 0 0 0 0 0 0 0 0 0 0 0 0 0 0 0 0 0 0 0 0 0 0 0 0 0 0 0 0 0 0 0 0 0 0 0 0 0 0 0 0 0 0 0 0 0 0 0 0 0 0 0 0 0 0 0 0 0 0 0 0 0 0 0 0 0 0 0 0 0 0 0 0 0 0 0 0 0 0 0 0 0 0 0 0 0 0 0 0 0 0 0 0 0 0 0 0 0 0 0 0 0 0 0 0 0 0 0 0 0 0 0 0 0 0 0 0 0 0 0 0 0 0 0 0 0 0 0 0 0 0 0 0 0 0 0 0 0 0 0 0 0 0 0 0 0 0 0 0 0 0 0 0 0 0 0 0 0 0 0 0 0 0 0 0 0 0 0 0 0 0 0 0 0 0 0 0 0 0 0 0 0 0 0 0 0 0 0 0 0 0 0 0 0 0 0 0 0 0 0 0 0 0 0 0 0 0 0 0 0 0 0 0 0 0 0 0 0 0 0 0 0 0 0 0 0 0 0 0 0 0 0 0 0 0 0 0 0 0 0 0 0 0 0 0 0 0 0 0 0 0 0 0 0 0 0 0 0 0 0 0 0 0 0 0 0 0 0 0 0 0 0 0 0 0 0 0 0 0 0 0 0 0 0 0 0 0 0 0 0 0 0 0 0 0 0 0 0 0 0 0 0
ctxt 17429857
btime 1613124388
processes 443171
procs_running 1
procs_blocked 0
softirq 81247918 1 46456296 857 3354683 0 0 332393 2164611 0 28939077
