cpu  6486303 5 11455 37389433 534 0 460 0 0 0
cpu0 50679 0 340 291328 0 0 151 0 0 0
cpu1 50684 0 76 292118 8 0 9 0 0 0
cpu2 50626 0 73 292204 0 0 1 0 0 0
cpu3 50520 0 325 292005 1 0 24 0 0 0
cpu4 50678 0 55 292164 0 0 1 0 0 0
cpu5 50661 0 69 292171 0 0 0 0 0 0
cpu6 50677 0 51 292181 0 0 0 0 0 0
cpu7 50563 0 80 292259 0 0 1 0 0 0
cpu8 50699 0 70 292130 0 0 0 0 0 0
cpu9 50671 0 60 292175 0 0 0 0 0 0
cpu10 50666 0 60 292181 0 0 0 0 0 0
cpu11 50701 0 82 292121 0 0 2 0 0 0
cpu12 50698 0 127 292070 0 0 0 0 0 0
cpu13 50676 0 56 292174 0 0 0 0 0 0
cpu14 50551 0 52 292293 0 0 0 0 0 0
cpu15 50490 0 160 292236 0 0 11 0 0 0
cpu16 50675 0 145 292059 0 0 2 0 0 0
cpu17 50684 0 56 292162 0 0 0 0 0 0
cpu18 50677 0 48 292177 0 0 0 0 0 0
cpu19 50562 0 233 291945 0 0 20 0 0 0
cpu20 50700 0 155 292034 0 0 3 0 0 0
cpu21 50683 0 54 292164 0 0 0 0 0 0
cpu22 50675 0 53 292171 0 0 0 0 0 0
cpu23 50652 0 108 292128 0 0 2 0 0 0
cpu24 50779 0 244 291783 0 0 0 0 0 0
cpu25 50599 0 69 292230 0 0 4 0 0 0
cpu26 50677 0 49 292175 0 0 0 0 0 0
cpu27 50605 0 140 292142 0 0 10 0 0 0
cpu28 50822 0 234 291828 0 0 0 0 0 0
cpu29 50686 0 46 292166 0 0 0 0 0 0
cpu30 50672 0 52 292170 0 0 0 0 0 0
cpu31 50504 0 144 292219 0 0 14 0 0 0
cpu32 50699 0 94 292059 28 0 0 0 0 0
cpu33 50644 0 50 292200 0 0 0 0 0 0
cpu34 50207 0 95 292553 0 0 6 0 0 0
cpu35 50603 0 141 292141 8 0 6 0 0 0
cpu36 50857 0 206 291796 53 0 1 0 0 0
cpu37 50702 0 44 292148 0 0 0 0 0 0
cpu38 50526 0 70 292281 0 0 1 0 0 0
cpu39 50638 0 86 292170 0 0 1 0 0 0
cpu40 50748 0 122 292013 0 0 0 0 0 0
cpu41 50678 0 58 292162 0 0 0 0 0 0
cpu42 50668 0 56 292168 0 0 0 0 0 0
cpu43 51079 0 164 291651 1 0 1 0 0 0
cpu44 50677 0 73 292137 0 0 2 0 0 0
cpu45 50606 0 71 292205 2 0 3 0 0 0
cpu46 50677 0 52 292158 0 0 0 0 0 0
cpu47 50636 0 93 292160 0 0 0 0 0 0
cpu48 50683 0 66 292133 1 0 2 0 0 0
cpu49 50532 0 56 292299 0 0 0 0 0 0
cpu50 50672 0 51 292150 0 0 0 0 0 0
cpu51 50711 0 107 291989 70 0 0 0 0 0
cpu52 50693 0 48 292147 0 0 0 0 0 0
cpu53 50675 0 55 292160 0 0 0 0 0 0
cpu54 50643 0 66 292177 1 0 0 0 0 0
cpu55 50674 0 71 292136 2 0 1 0 0 0
cpu56 50680 0 50 292154 0 0 0 0 0 0
cpu57 50680 0 47 292162 1 0 0 0 0 0
cpu58 50664 0 56 292149 0 0 1 0 0 0
cpu59 50945 0 103 291813 19 0 0 0 0 0
cpu60 50698 0 52 292136 0 0 0 0 0 0
cpu61 50593 0 63 292238 0 0 1 0 0 0
cpu62 50662 0 58 292087 0 0 14 0 0 0
cpu63 50517 0 134 292204 0 0 15 0 0 0
cpu64 50672 0 51 292161 1 0 0 0 0 0
cpu65 50662 0 53 292168 0 0 1 0 0 0
cpu66 50564 0 60 292244 0 0 2 0 0 0
cpu67 50622 0 177 292066 0 0 10 0 0 0
cpu68 50681 0 51 292146 0 0 0 0 0 0
cpu69 50646 0 70 292169 0 0 0 0 0 0
cpu70 50659 0 60 292164 0 0 0 0 0 0
cpu71 50640 0 55 292188 0 0 0 0 0 0
cpu72 50683 0 70 292130 0 0 0 0 0 0
cpu73 50670 0 50 292156 0 0 1 0 0 0
cpu74 50659 0 52 292169 0 0 0 0 0 0
cpu75 50606 0 132 292134 0 0 4 0 0 0
cpu76 50662 0 73 292133 0 0 0 0 0 0
cpu77 50686 0 47 292150 0 0 0 0 0 0
cpu78 50666 0 54 292163 0 0 0 0 0 0
cpu79 50560 0 143 292149 0 0 8 0 0 0
cpu80 50704 0 116 292047 0 0 0 0 0 0
cpu81 50687 0 46 292139 2 0 0 0 0 0
cpu82 50676 0 46 292155 0 0 0 0 0 0
cpu83 50486 0 172 292178 0 0 22 0 0 0
cpu84 50802 0 93 291958 2 0 0 0 0 0
cpu85 50678 0 46 292156 0 0 0 0 0 0
cpu86 50671 0 49 292156 0 0 0 0 0 0
cpu87 50516 0 214 292116 0 0 30 0 0 0
cpu88 50841 0 141 291883 1 0 0 0 0 0
cpu89 50683 0 44 292146 2 0 0 0 0 0
cpu90 50656 0 50 292168 0 0 0 0 0 0
cpu91 50708 0 55 292102 0 0 0 0 0 0
cpu92 50791 0 239 291831 20 0 0 0 0 0
cpu93 50679 0 52 292144 0 0 0 0 0 0
cpu94 50661 0 47 292165 0 0 2 0 0 0
cpu95 50679 0 75 292104 4 0 0 0 0 0
cpu96 50748 0 104 292034 0 0 0 0 0 0
cpu97 50444 0 84 292359 0 0 6 0 0 0
cpu98 50672 0 51 292151 0 0 0 0 0 0
cpu99 50600 0 86 292164 1 0 5 0 0 0
cpu100 50805 0 114 291930 20 0 0 0 0 0
cpu101 50679 0 49 292142 0 0 0 0 0 0
cpu102 50671 0 43 292154 0 0 0 0 0 0
cpu103 51114 1 123 291630 0 0 0 0 0 0
cpu104 50753 0 78 292035 4 0 0 0 0 0
cpu105 50677 0 44 292150 0 0 0 0 0 0
cpu106 50675 0 41 292155 0 0 0 0 0 0
cpu107 51078 0 335 291317 101 0 17 0 0 0
cpu108 50698 0 82 292077 7 0 0 0 0 0
cpu109 50680 0 46 292139 0 0 0 0 0 0
cpu110 50578 0 82 292193 0 0 8 0 0 0
cpu111 50737 0 74 292025 26 0 0 0 0 0
cpu112 50695 0 58 292120 2 0 0 0 0 0
cpu113 50673 0 55 292127 0 0 0 0 0 0
cpu114 50675 0 48 292140 0 0 0 0 0 0
cpu115 50834 0 152 291772 91 0 4 0 0 0
cpu116 50684 0 54 292123 1 0 0 0 0 0
cpu117 50686 0 58 292104 0 0 0 0 0 0
cpu118 50369 0 86 292386 0 0 2 0 0 0
cpu119 50784 2 80 291998 2 0 0 0 0 0
cpu120 50694 0 76 292082 11 0 0 0 0 0
cpu121 50684 0 52 292124 0 0 0 0 0 0
cpu122 50674 0 46 292143 0 0 0 0 0 0
cpu123 50877 0 134 291830 2 0 0 0 0 0
cpu124 50699 0 58 292065 0 0 0 0 0 0
cpu125 50683 0 53 292120 1 0 0 0 0 0
cpu126 50673 0 46 292141 0 0 0 0 0 0
cpu127 50746 0 105 292002 2 0 3 0 0 0
intr 20311746 130 0 0 0 682 0 0 0 1 0 283 0 0 0 0 0 0 0 0 0 0 0 0 0 0 0 0 0 0 0 0 0 0 0 0 260 0 203 0 13 5602 572 0 8 778 7 0 2 2 0 5 2 3087 0 0 0 2542 56 0 359 2307 2 480 2 2181 9 140 233 1627 3 66 3 4047 923 175 2 565 94 0 0 516 1651 0 0 0 6 5 0 39 0 0 2 434 0 5 2 109 5 0 38183 7024 20 0 152 6506 0 1 0 9 0 0 0 1274 0 0 0 3761 0 0 0 4524 0 0 0 4912 0 0 0 12 57 0 235 539 0 0 0 2136 0 0 0 452 0 0 0 1991 0 0 14 11 0 0 0 4198 2 0 0 0 0 0 0 0 0 0 0 0 0 159 397 2 231 26 282 157 180 649 1793 3013 116 36 68 2 11 7 30 586 153 495 171 34 368 14 75 17 45 42 95 5 162 10 7 0 0 0 0 0 0 0 0 0 0 0 0 0 0 0 0 5 51 393 0 1 34 11 1 0 14 2 3 17 15 24 161 3 1 4 1 2 29 0 4 0 4 33 0 28 5 48 0 0 0 3 0 44 4 0 135 21 21 92 115 295 73 196 388 33 199 88 1228 1544 330 1 62 25 9956 2812 3655 353 99 271 0 0 0 0 0 0 0 0 0 0 0 0 0 0 0 0 0 0 0 0 0 0 0 0 0 0 0 0 0 0 0 0 0 0 0 0 0 0 0 0 0 0 0 0 0 0 0 0 0 0 0 0 0 0 0 0 0 0 0 0 0 0 0 0 0 0 0 0 0 0 0 0 0 0 0 0 0 0 0 0 0 0 0 0 0 0 0 0 0 0 0 0 0 0 0 0 0 0 0 0 0 0 0 0 0 0 0 0 0 0 0 0 0 0 0 0 0 0 0 0 0 0 0 0 0 0 0 0 0 0 0 0 0 0 0 0 0 0 0 0 0 0 0 0 0 0 0 0 0 0 0 0 0 0 0 0 0 0 0 0 0 0 0 0 0 0 0 0 0 0 0 0 0 0 0 0 0 0 0 0 0 0 0 0 0 0 0 0 0 0 0 0 0 0 0 0 0 0 0 0 0 0 0 0 0 0 0 0 0 0 0 0 0 0 0 0 0 0 0 0 0 0 0 0 0 0 0 0 0 0 0 0 0 0 0 0 0 0 0 0 0 0 0 0 0 0 0 0 0 0 0 0 0 0 0 0 0 0 0 0 0 0 0 0 0 0 0 0 0 0 0 0 0 0 0 0 0 0 0 0 0 0 0 0 0 0 0 0 0 0 0 0 0 0 0 0 0 0 0 0 0 0 0 0 0 0 0 0 0 0 0 0 0 0 0 0 0 0 0 0 0 0 0 0 0 0 0 0 0 0 0 0 0 0 0 0 0 0 0 0 0 0 0 0 0 0 0 0 0 0 0 0 0 0 0 0 0 0 0 0 0 0 0 0 0 0 0 0 0 0 0 0 0 0 0 0 0 0 0 0 0 0 0 0 0 0 0 0 0 0 0 0 0 0 0 0 0 0 0 0 0 0 0 0 0 0 0 0 0 0 0 0 0 0 0 0 0 0 0 0 0 0 3 0 0 0 0 0 0 0 0 0 0 0 0 0 0 0 0 0 0 0 0 0 0 0 0 0 0 0 0 0 0 0 0 0 0 0 0 0 0 0 0 0 0 0 0 0 0 0 0 0 0 0 0 0 0 0 0 0 0 0 0 0 0 49 0 0 0 0 0 0 0 0 0 0 0 0 0 0 0 0 0 0 0 0 0 0 0 0 0 49 0 0 0 0 0 18 0 0 0 0 0 0 0 0 0 0 0 0 0 0 0 0 0 0 0 0 0 0 0 0 0 0 0 0 0 0 0 0 0 0 0 0 0 0 0 0 0 0 0 0 0 0 0 0 0 0 0 0 0 0 0 0 0 0 0 0 0 0 0 0 0 0 0 0 0 0 0 0 0 0 0 0 0 0 0 0 0 0 0 0 0 0 0 0 0 0 0 0 0 0 0 0 0 0 0 0 0 0 0 0 0 0 0 0 0 0 0 0 0 0 0 0 0 0 0 0 0 0 0 0 0 0 0 0 0 0 0 0 0 0 0 0 0 0 0 0 0 0 0 0 0 0 0 0 0 0 0 0 0 0 0 0 0 0 0 0 0 0 0 0 0 0 0 0 0 0 0 0 0 0 0 0 0 0 0 0 0 0 0 0 0 0 0 0 0 0 0 0 0 0 0 0 0 0 0 0 0 0 0 0 0 0 0 0 0 0 0 0 0 0 0 0 0 0 0 0 0 0 0 0 0 0 0 0 0 0 0 0 0 0 0 0 0 0 0 0 0 0 0 0 0 0 0 0 0 0 0 0 0 0 0 0 0 0 0 0 0 0 0 0 0 0 0 0 0 0 0 0 0 0 0 0 0 0 0 0 0 0 0 0 0 0 0 0 0 0 0 0 0 0 0 0 0 0 0 0 0 0 0 0 0 0 0 0 0 0 0 0 0 0 0 0 0 0 0 0 0 0 0 0 0 0 0 0 0 0 0 0 0 0 0 0 0 0 0 0 0 0 0 0 0 0 0 0 0 0 0 0 0 0 0 0 0 0 0 0 0 0 0 0 0 0 0 0 0 0 0 0 0 0 0 0 0 0 0 0 0 0 0 0 0 0 0 0 0 0 0 0 0 0 0 0 0 0 0 0 0 0 0 0 0 0 0 0 0 0 0 0 0 0 0 0 0 0 0 0 0 0 0 0 0 0 0 0 0 0 0 0 0 0 0 0 0 0 0 0 0 0 0 0 0 0 0 0 0 0 0 0 0 0 0 0 0 0 0 0 0 0 0 0 0 0 0 0 0 0 0 0 0 0 0 0 0 0 0 0 0 0 0 0 0 0 0 0 0 0 0 0 0 0 0 0 0 0 0 0 0 0 0 0 0 0 0 0 0 0 0 0 0 0 0 0 0 0 0 0 0 0 0 0 0 0 0 0 0 0 0 0 0 0 0 0 0 0 0 0 0 0 0 0 0 0 0 0 0 0 0 0 0 0 0 0 0 0 0 0 0 0 0 0 0 0 0 0 0 0 0 0 0 0 0 0 0 0 0 0 0 0 0 0 0 0 0 0 0 0 0 0 0 0 0 0 0 0 0 0 0 0 0 0 0 0 0 0 0 0 0 0 0 0 0 0 0 0 0 0 0 0 0 0 0 0 0 0 0 0 0 0 0 0 0 0 0 0 0 0 0 0 0 0 0 0 0 0 0 0 0 0 0 0 0 0 0 0 0 0 0 0 0 0 0 0 0 0 0 0 0 0 0 0 0 0 0 0 0 0 0 0 0 0 0 0 0 0 0 0 0 0 0 0 0 0 0 0 0 0 0 0 0 0 0 0 0 0 0 0 0 0 0 0 0 0 0 0 0 0 0 0 0 0 0 0 0 0 0 0 0 0 0 0 0 0 0 0 0 0 0 0 0 0 0 0 0 0 0 0 0 0 0 0 0 0 0 0 0 0 0 0 0 0 0 0 0 0 0 0 0 0 0 0 0 0 0 0 0 0 0 0 0 0 0 0 0 0 0 0 0 0 0 0 0 0 0 0 0 0 0 0 0 0 0 0 0 0 0 0 0 0 0 0 0 0 0 0 0 0 0 0 0 0 0 0 0 0 0 0 0 0 0 0 0 0 0 0 0 0 0 0 0 0 0 0 0 0 0 0 0 0 0 0 0 0 0 0 0 0 0 0 0 0 0 0 0 0 0 0 0 0 0 0 0 0 0 0 0 0 0 0 0 0 0 0 0 0 0 0 0 0 0 0 0 0 0 0 0 0 0 0 0 0 0 0 0 0 0 0 0 0 0 0 0 0 0 0 0 0 0 0 0 0 0 0 0 0 0 0 0 0 0 0 0 0 0 0 0 0 0 0 0 0 0 0 0 0 0 0 0 0 0 0 0 0 0 0 0 0 0 0 0 0 0 0 0 0 0 0 0 0 0 0 0 0 0 0 0 0 0 0 0 0 0 0 0 0 0 0 0 0 0 0 0 0 0 0 0 0 0 0 0 0 0 0 0 0 0 0 0 0 0 0 0 0 0 0 0 0 0 0 0 0 0 0 0 0 0 0 0 0 0 0 0 0 0 0 0 0 0 0 0 0 0 0 0 0 0 0 0 0 0 0 0 0 0 0 0 0 0 0 0 0 0 0 0 0 0 0 0 0 0 0 0 0 0 0 0 0 0 0 0 0 0 0 0 0 0 0 0 0 0 0 0 0 0 0 0 0 0 0 0 0 0 0 0 0 0 0 0 0 0 0 0 0 0 0 0 0 0 0 0 0 0 0 0 0 0 0 0 0 0 0 0 0 0 0 0 0 0 0 0 0 0 0 0 0 0 0 0 0 0 0 0 0 0 0 0 0 0 0 0 0 0 0 0 0 0 0 0 0 0 0 0 0 0 0 0 0 0 0 0 0 0 0 0 0 0 0 0 0 0 0 0 0 0 0 0 0 0 0 0 0 0 0 0 0 0 0 0 0 0 0 0 0 0 0 0 0 0 0 0 0 0 0 0 0 0 0 0 0 0 0 0 0 0 0 0 0 0 0 0 0 0 0 0 0 0 0 0 0 0 0 0 0 0 0 0 0 0 0 0 0 0 0 0 0 0 0 0 0 0 0 0 0 0 0 0 0 0 0 0 0 0 0 0 0 0 0 0 0 0 0 0 0 0 0 0 0 0 0 0 0 0 0 0 0 0 0 0 0 0 0 0 0 0 0 0 0 0 0 0 0 0 0 0 0 0 0 0 0 0 0 0 0 0 0 0 0 0 0 0 0 0 0 0 0 0 0 0 0 0 0 0 0 0 0 0 0 0 0 0 0 0 0 0 0 0 0 0 0 0 0 0 0 0 0 0 0 0 0 0 0 0 0 0 0 0 0 0 0 0 0 0 0 0 0 0 0 0 0 0 0 0 0 0 0 0 0 0 0 0 0 0 0 0 0 0 0 0 0 0 0 0 0 0 0 0 0 0 0 0 0 0 0 0 0 0 0 0 0 0 0 0 0 0 0 0 0 0 0 0 0 0 0 0 0 0 0 0 0 0 0 0 0 0 0 0 0 0 0 0 0 0 0 0 0 0 0 0 0 0 0 0 0 0 0 0 0 0 0 0 0 0 0 0 0 0 0 0 0 0 0 0 0 0 0 0 0 0 0 0 0 0 0 0 0 0 0 0 0 0 0 0 0 0 0 0 0 0 0 0 0 0 0 0 0 0 0 0 0 0 0 0 0 0 0 0 0 0 0 0 0 0 0 0 0 0 0 0 0 0 0 0 0 0 0 0 0 0 0 0 0 0 0 0 0 0 0 0 0 0 0 0 0 0 0 0 0 0 0 0 0 0 0 0 0 0 0 0 0 0 0 0 0 0 0 0 0 0 0 0 0 0 0 0 0 0 0 0 0 0 0 0 0 0 0 0 0 0 0 0 0 0 0 0 0 0 0 0 0 0 0 0 0 0 0 0 0 0 0 0 0 0 0 0 0 0 0 0 0 0 0 0 0 0 0 0 0 0 0 0 0 0 0 0 0 0 0 0 0 0 0 0 0 0 0 0 0 0 0 0 0 0 0 0 0 0 0 0 0 0 0 0 0 0 0 0 0 0 0 0 0 0 0 0 0 0 0 0 0 0 0 0 0 0 0 0 0 0 0 0 0 0 0 0 0 0 0 0 0 0 0 0 0 0 0 0 0 0 0 0 0 0 0 0 0 0 0 0 0 0 0 0 0 0 0 0 0 0 0 0 0 0 0 0 0 0 0 0 0 0 0 0 0 0 0 0 0 0 0 0 0 0 0 0 0 0 0 0 0 0 0 0 0 0 0 0 0 0 0 0 0 0 0 0 0 0 0 0 0 0 0 0 0 0 0 0 0 0 0 0 0 0 0 0 0 0 0 0 0 0 0 0 0 0 0 0 0 0 0 0 0 0 0 0 0 0 0 0 0 0 0 0 0 0 0 0 0 0 0 0 0 0 0 0 0 0 0 0 0 0 0 0 0 0 0 0 0 0 0 0 0 0 0 0 0 0 0 0 0 0 0 0 0 0 0 0 0 0 0 0 0 0 0 0 0 0 0 0 0 0 0 0 0 0 0 0 0 0 0 0 0 0 0 0 0 0 0 0 0 0 0 0 0 0 0 0 0 0 0 0 0 0 0 0 0 0 0 0 0 0 0 0 0 0 0 0 0 0 0 0 0 0 0 0 0 0 0 0 0 0 0 0 0 0 0 0 0 0 0 0 0 0 0 0 0 0 0 0 0 0 0 0 0 0 0 0 0 0 0 0 0 0 0 0 0 0 0 0 0 0 0 0 0 0 0 0 0 0 0 0 0 0 0 0 0 0 0 0 0 0 0 0 0 0 0 0 0 0 0 0 0 0 0 0 0 0 0 0 0 0 0 0 0 0 0 0 0 0 0 0 0 0 0 0 0 0 0 0 0 0 0 0 0 0 0 0 0 0 0 0 0 0 0 0 0 0 0 0 0 0 0 0 0 0 0 0 0 0 0 0 0 0 0 0 0 0 0 0 0 0 0 0 0 0 0 0 0 0 0 0 0 0 0 0 0 0 0 0 0 0 0 0 0 0 0 0 0 0 0 0 0 0 0 0 0 0 0 0 0 0 0 0 0 0 0 0 0 0 0 0 0 0 0 0 0 0 0 0 0 0 0 0 0 0 0 0 0 0 0 0 0 0 0 0 0 0 0 0 0 0 0 0 0 0 0 0 0 0 0 0 0 0 0 0 0 0 0 0 0 0 0 0 0 0 0 0 0 0 0 0 0 0 0 0 0 0 0 0 0 0 0 0 0 0 0 0 0 0 0 0 0 0 0 0 0 0 0 0 0 0 0 0 0 0 0 0 0 0 0 0 0 0 0 0 0 0 0 0 0 0 0 0 0 0 0 0 0 0 0 0 0 0 0 0 0 0 0 0 0 0 0 0 0 0 0 0 0 0 0 0 0 0 0 0 0 0 0 0 0 0 0 0 0 0 0 0 0 0 0 0 0 0 0 0 0 0 0 0 0 0 0 0 0 0 0 0 0 0 0 0 0 0 0 0 0 0 0 0 0 0 0 0 0 0 0 0 0 0 0 0 0 0 0 0 0 0 0 0 0 0 0 0 0 0 0 0 0 0 0 0 0 0 0 0 0 0 0 0 0 0 0 0 0 0 0 0 0 0 0 0 0 0 0 0 0 0 0 0 0 0 0 0 0 0 0 0 0 0 0 0 0 0 0 0 0 0 0 0 0 0 0 0 0 0 0 0 0 0 0 0 0 0 0 0 0 0 0 0 0 0 0 0 0 0 0 0 0 0 0 0 0 0 0 0 0 0 0 0 0 0 0 0 0 0 0 0 0 0 0 0 0 0 0 0 0 0 0 0 0 0 0 0 0 0 0 0 0 0 0 0 0 0 0 0 0 0 0 0 0 0 0 0 0 0 0 0 0 0 0 0 0 0 0 0 0 0 0 0 0 0 0 0 0 0 0 0 0 0 0 0 0 0 0 0 0 0 0 0 0 0 0 0 0 0 0 0 0 0 0 0 0 0 0 0 0 0 0 0 0 0 0 0 0 0 0 0 0 0 0 0 0 0 0 0 0 0 0 0 0 0 0 0 0 0 0 0 0 0 0 0 0 0 0 0 0 0 0 0 0 0 0 0 0 0 0 0 0 0 0 0 0 0 0 0 0 0 0 0 0 0 0 0 0 0 0 0 0 0 0 0 0 0 0 0 0 0 0 0 0 0 0 0 0 0 0 0 0 0 0 0 0 0 0 0 0 0 0 0 0 0 0 0 0 0 0 0 0 0 0 0 0 0 0 0 0 0 0 0 0 0 0 0 0 0 0 0 0 0 0 0 0 0 0 0 0 0 0 0 0 0 0 0 0 0 0 0 0 0 0 0 0 0 0 0 0 0 0 0 0 0 0 0 0 0 0 0 0 0 0 0 0 0 0 0 0 0 0 0 0 0 0 0 0 0 0 0 0 0 0 0 0 0 0 0 0 0 0 0 0 0 0 0 0 0 0 0 0 0 0 0 0 0 0 0 0 0 0 0 0 0 0 0 0 0 0 0 0 0 0 0 0 0 0 0 0 0 0 0 0 0 0 0 0 0 0 0 0 0 0 0 0 0 0 0 0 0 0 0 0 0 0 0 0 0 0 0 0 0 0 0 0 0 0 0 0 0 0 0 0 0 0 0 0 0 0 0 0 0 0 0 0 0 0 0 0 0 0 0 0 0 0 0 0 0 0 0 0 0 0 0 0 0 0 0 0 0 0 0 0 0 0 0 0 0 0 0 0 0 0 0 0 0 0 0 0 0 0 0 0 0 0 0 0 0 0 0 0 0 0 0 0 0 0 0 0 0 0 0 0 0 0 0 0 0 0 0 0 0 0 0 0 0 0 0 0 0 0 0 0 0 0 0 0 0 0 0 0 0 0 0 0 0 0 0 0 0 0 0 0 0 0 0 0 0 0 0 0 0 0 0 0 0 0 0 0 0 0 0 0 0 0 0 0 0 0 0 0 0 0 0 0 0 0 0 0 0 0 0 0 0 0 0 0 0 0 0 0 0 0 0 0 0 0 0 0 0 0 0 0 0 0 0 0 0 0 0 0 0 0 0 0 0 0 0 0 0 0 0 0 0 0 0 0 0 0 0 0 0 0 0 0 0 0 0 0 0 0 0 0 0 0 0 0 0 0 0 0 0 0 0 0 0 0 0 0 0 0 0 0 0 0 0 0 0 0 0 0 0 0 0 0 0 0 0 0 0 0 0 0 0 0 0 0 0 0 0 0 0 0 0 0 0 0 0 0 0 0 0 0 0 0 0 0 0 0 0 0 0 0 0 0 0 0 0 0 0 0 0 0 0 0 0 0 0 0 0 0 0 0 0 0 0 0 0 0 0 0 0 0 0 0 0 0 0 0 0 0 0 0 0 0 0 0 0 0 0 0 0 0 0 0 0 0 0 0 0 0 0 0 0 0 0 0 0 0 0 0 0 0 0 0 0 0 0 0 0 0 0 0 0 0 0 0 0 0 0 0 0 0 0 0 0 0 0 0 0 0 0 0 0 0 0 0 0 0 0 0 0 0 0 0 0 0 0 0 0 0 0 0 0 0 0 0 0 0 0 0 0 0 0 0 0 0 0 0 0 0 0 0 0 0 0 0 0 0 0 0 0 0 0 0 0 0 0 0 0 0 0 0 0 0 0 0 0 0 0 0 0 0 0 0 0 0 0 0 0 0 0 0 0 0 0 0 0 0 0 0 0 0 0 0 0 0 0 0 0 0 0 0 0 0 0 0 0 0 0 0 0 0 0 0 0 0 0 0 0 0 0 0 0 0 0 0 0 0 0 0 0 0 0 0 0 0 0 0 0 0 0 0 0 0 0 0 0 0 0 0 0 0 0 0 0 0 0 0 0 0 0 0 0 0 0 0 0 0 0 0 0 0 0 0 0 0 0 0 0 0 0 0 0 0 0 0 0 0 0 0 0 0 0 0 0 0 0 0 0 0 0 0 0 0 0 0 0 0 0 0 0 0 0 0 0 0 0 0 0 0 0 0 0 0 0 0 0 0 0 0 0 0 0 0 0 0 0 0 0 0 0 0 0 0 0 0 0 0 0 0 0 0 0 0 0 0 0 0 0 0 0 0 0 0 0 0 0 0 0 0 0 0 0 0 0 0 0 0 0 0 0 0 0 0 0 0 0 0 0 0 0 0 0 0 0 0 0 0 0 0 0 0 0 0 0 0 0 0 0 0 0 0 0 0 0 0 0 0 0 0 0 0 0 0 0 0 0 0 0 0 0 0 0 0 0 0 0 0 0 0 0 0 0 0 0 0 0 0 0 0 0 0 0 0 0 0 0 0 0 0 0 0 0 0 0 0 0 0 0 0 0 0 0 0 0 0 0 0 0 0 0 0 0 0 0 0 0 0 0 0 0 0 0
ctxt 2919469
btime 1613064757
processes 69405
procs_running 1
procs_blocked 0
softirq 22225506 1 13135951 1260 560661 0 0 165 901168 0 7626300
