cpu  3522682 5 7234 7978100 128 0 467 0 0 0
cpu0 54989 0 353 124225 0 0 176 0 0 0
cpu1 54941 0 135 124739 2 0 66 0 0 0
cpu2 54918 0 278 124631 0 0 5 0 0 0
cpu3 55010 0 78 124757 7 0 2 0 0 0
cpu4 54802 0 344 124598 0 0 8 0 0 0
cpu5 54977 0 82 124774 0 0 9 0 0 0
cpu6 55092 0 174 124568 0 0 1 0 0 0
cpu7 54896 0 159 124764 0 0 22 0 0 0
cpu8 55082 0 208 124539 0 0 0 0 0 0
cpu9 54960 0 90 124778 0 0 10 0 0 0
cpu10 55114 0 180 124533 0 0 0 0 0 0
cpu11 55012 0 60 124768 0 0 0 0 0 0
cpu12 55090 0 107 124641 0 0 0 0 0 0
cpu13 55019 0 43 124779 0 0 0 0 0 0
cpu14 55025 0 127 124680 2 0 1 0 0 0
cpu15 55007 0 64 124767 0 0 2 0 0 0
cpu16 54942 0 220 124657 3 0 3 0 0 0
cpu17 55033 0 33 124763 0 0 0 0 0 0
cpu18 55180 0 152 124492 4 0 3 0 0 0
cpu19 55032 0 30 124772 0 0 0 0 0 0
cpu20 55132 0 248 124333 59 0 14 0 0 0
cpu21 55033 0 42 124764 0 0 0 0 0 0
cpu22 54918 0 207 124695 1 0 6 0 0 0
cpu23 55036 0 32 124768 0 0 0 0 0 0
cpu24 54990 1 106 124733 0 0 3 0 0 0
cpu25 55030 0 44 124760 0 0 0 0 0 0
cpu26 54975 0 137 124712 0 0 3 0 0 0
cpu27 55035 0 35 124762 0 0 0 0 0 0
cpu28 55108 0 90 124634 0 0 0 0 0 0
cpu29 55024 0 48 124765 0 0 0 0 0 0
cpu30 55054 0 130 124641 1 0 0 0 0 0
cpu31 55024 0 45 124759 1 0 0 0 0 0
cpu32 55149 0 159 124519 0 0 1 0 0 0
cpu33 55008 0 63 124756 0 0 0 0 0 0
cpu34 54984 0 147 124682 0 0 1 0 0 0
cpu35 55028 0 41 124763 0 0 1 0 0 0
cpu36 54992 0 164 124639 0 0 5 0 0 0
cpu37 55025 0 38 124765 0 0 0 0 0 0
cpu38 55116 0 121 124587 2 0 2 0 0 0
cpu39 54599 0 402 124757 0 0 66 0 0 0
cpu40 55100 0 155 124569 0 0 0 0 0 0
cpu41 55027 0 45 124757 1 0 0 0 0 0
cpu42 55671 0 286 123840 14 0 0 0 0 0
cpu43 55028 0 37 124760 1 0 0 0 0 0
cpu44 55100 0 84 124645 0 0 0 0 0 0
cpu45 55031 0 36 124760 1 0 0 0 0 0
cpu46 55569 0 175 124061 2 0 0 0 0 0
cpu47 55034 0 41 124752 1 0 0 0 0 0
cpu48 55033 0 119 124661 0 0 2 0 0 0
cpu49 55034 0 32 124761 0 0 0 0 0 0
cpu50 55322 1 99 124367 0 0 8 0 0 0
cpu51 55034 0 38 124751 0 0 0 0 0 0
cpu52 55032 0 80 124707 0 0 0 0 0 0
cpu53 55034 0 38 124743 0 0 0 0 0 0
cpu54 54969 0 129 124715 0 0 2 0 0 0
cpu55 55035 0 37 124750 0 0 0 0 0 0
cpu56 55043 0 68 124709 0 0 1 0 0 0
cpu57 55028 0 35 124760 0 0 0 0 0 0
cpu58 55042 0 51 124728 3 0 1 0 0 0
cpu59 55032 0 33 124758 0 0 0 0 0 0
cpu60 55106 0 55 124655 0 0 0 0 0 0
cpu61 54887 0 164 124745 0 0 25 0 0 0
cpu62 55051 0 100 124364 0 0 0 0 0 0
cpu63 55035 0 52 124733 0 0 0 0 0 0
intr 10568493 83 0 0 0 622 0 0 0 1 0 285 0 0 0 0 0 0 0 0 0 0 0 0 0 0 0 0 0 0 0 0 0 0 0 0 0 0 0 742 1675 401 560 1521 184 157 4383 250 1713 2 0 3 0 211 5403 1980 0 1503 0 18080 0 3877 0 102 0 17 0 0 2 30 0 6 0 344 0 444 0 972 2329 586 0 3 2 0 0 2 41 471 89 12337 703 131 10 369 3 1 0 35 0 2 1 2 0 0 0 0 0 0 0 0 0 0 0 0 0 0 0 0 0 0 30087 93 0 0 0 0 0 0 0 0 0 0 0 0 0 0 0 0 0 0 0 0 0 0 0 0 0 0 0 0 0 0 0 0 0 0 0 0 0 0 0 0 0 0 0 0 0 0 0 0 0 0 0 0 0 0 0 0 0 0 0 0 0 0 0 0 0 0 0 0 0 0 0 0 0 0 0 25 0 0 0 0 0 0 0 0 0 0 0 0 0 0 0 0 0 0 0 0 0 0 0 0 0 0 0 0 0 0 0 0 0 0 0 0 0 0 0 0 0 0 0 0 0 0 0 0 0 0 0 0 0 0 0 0 0 0 0 0 0 0 0 0 0 0 0 0 0 0 0 0 0 0 0 0 0 0 0 0 0 0 0 0 0 0 0 0 0 0 0 0 0 0 0 0 0 0 0 0 0 0 0 0 0 0 0 0 0 0 0 0 0 0 0 0 0 0 0 0 0 0 0 0 0 0 0 0 0 0 0 0 0 0 0 0 0 0 0 0 0 0 0 0 0 0 0 0 0 0 0 0 0 0 0 0 0 0 0 0 0 0 0 0 0 0 0 0 0 0 0 0 0 0 0 0 0 0 0 0 0 0 0 0 0 0 0 0 0 0 0 0 0 0 0 0 0 0 0 0 0 0 0 0 0 0 0 0 0 0 0 0 0 0 0 0 0 0 0 0 0 0 0 0 0 0 0 0 0 0 0 0 0 0 0 0 0 0 0 0 0 0 0 0 0 0 0 0 0 0 0 0 0 0 0 0 0 0 0 0 0 0 0 0 0 0 0 0 0 0 0 0 0 0 0 0 0 0 0 0 0 0 0 0 0 0 0 0 0 0 0 0 0 0 0 0 0 0 0 0 0 0 0 0 0 0 0 0 0 0 0 0 0 0 0 0 0 0 0 0 0 0 0 0 0 0 0 0 0 0 0 0 0 0 0 0 0 0 0 0 0 0 0 0 0 0 0 0 0 0 0 0 0 0 0 0 0 0 0 0 0 0 0 0 0 0 0 0 0 0 0 0 0 0 0 0 0 0 0 0 0 0 0 0 0 0 0 0 0 0 0 0 0 0 0 0 0 0 0 0 0 0 0 0 0 0 0 0 0 0 0 0 0 0 0 0 0 0 0 0 0 0 0 0 0 0 0 0 0 0 0 0 0 0 0 0 0 0 0 0 0 0 0 0 0 0 0 0 0 0 0 0 0 0 0 0 0 0 0 0 0 0 0 0 0 0 0 0 0 0 0 0 0 0 0 0 0 0 0 0 0 0 0 0 0 0 0 0 0 0 0 0 0 0 0 0 0 0 0 0 0 0 0 0 0 0 0 0 0 0 0 0 0 0 0 0 0 0 0 0 0 0 0 0 0 0 0 0 0 0 0 0 0 0 0 0 0 0 0 0 0 0 0 0 0 0 0 0 0 0 0 0 0 0 0 0 0 0 0 0 0 0 0 0 0 0 0 0 0 0 0 0 0 0 0 0 0 0 0 0 0 0 0 0 0 0 0 0 0 0 0 0 0 0 0 0 0 0 0 0 0 0 0 0 0 0 0 0 0 0 0 0 0 0 0 0 0 0 0 0 0 0 0 0 0 0 0 0 0 0 0 0 0 0 0 0 0 0 0 0 0 0 0 0 0 0 0 0 0 0 0 0 0 0 0 0 0 0 0 0 0 0 0 0 0 0 0 0 0 0 0 0 0 0 0 0 0 0 0 0 0 0 0 0 0 0 0 0 0 0 0 0 0 0 0 0 0 0 0 0 0 0 0 0 0 0 0 0 0 0 0 0 0 0 0 0 0 0 0 0 0 0 0 0 0 0 0 0 0 0 0 0 0 0 0 0 0 0 0 0 0 0 0 0 0 0 0 0 0 0 0 0 0 0 0 0 0 0 0 0 0 0 0 0 0 0 0 0 0 0 0 0 0 0 0 0 0 0 0 0 0 0 0 0 0 0 0 0 0 0 0 0 0 0 0 0 0 0 0 0 0 0 0 0 0 0 0 0 0 0 0 0 0 0 0 0 0 0 0 0 0 0 0 0 0 0 0 0 0 0 0 0 0 0 0 0 0 0 0 0 0 0 0 0 0 0 0 0 0 0 0 0 0 0 0 0 0 0 0 0 0 0 0 0 0 0 0 0 0 0 0 0 0 0 0 0 0 0 0 0 0 0 0 0 0 0 0 0 0 0 0 0 0 0 0 0 0 0 0 0 0 0 0 0 0 0 0 0 0 0 0 0 0 0 0 0 0 0 0 0 0 0 0 0 0 0 0 0 0 0 0 0 0 0 0 0 0 0 0 0 0 0 0 0 0 0 0 0 0 0 0 0 0 0 0 0 0 0 0 0 0 0 0 0 0 0 0 0 0 0 0 0 0 0 0 0 0 0 0 0 0 0 0 0 0 0 0 0 0 0 0 0 0 0 0 0 0 0 0 0 0 0 0 0 0 0 0 0 0 0 0 0 0 0 0 0 0 0 0 0 0 0 0 0 0 0 0 0 0 0 0 0 0 0 0 0 0 0 0 0 0 0 0 0 0 0 0 0 0 0 0 0 0 0 0 0 0 0 0 0 0 0 0 0 0 0 0 0 0 0 0 0 0 0 0 0 0 0 0 0 0 0 0 0 0 0 0 0 0 0 0 0 0 0 0 0 0 0 0 0 0 0 0 0 0 0 0 0 0 0 0 0 0 0 0 0 0 0 0 0 0 0 0 0 0 0 0 0 0 0 0 0 0 0 0 0 0 0 0 0 0 0 0 0 0 0 0 0 0 0 0 0 0 0 0 0 0 0 0 0 0 0 0 0 0 0 0 0 0 0 0 0 0 0 0 0 0 0 0 0 0 0 0 0 0 0 0 0 0 0 0 0 0 0 0 0 0 0 0 0 0 0 0 0 0 0 0 0 0 0 0 0 0 0 0 0 0 0 0 0 0 0 0 0 0 0 0 0 0 0 0 0 0 0 0 0 0 0 0 0 0 0 0 0 0 0 0 0 0 0 0 0 0 0 0 0 0 0 0 0 0 0 0 0 0 0 0 0 0 0 0 0 0 0 0 0 0 0 0 0 0 0 0 0 0 0 0 0 0 0 0 0 0 0 0 0 0 0 0 0 0 0 0 0 0 0 0 0 0 0 0 0 0 0 0 0 0 0 0 0 0 0 0 0 0 0 0 0 0 0 0 0 0 0 0 0 0 0 0 0 0 0 0 0 0 0 0 0 0 0 0 0 0 0 0 0 0 0 0 0 0 0 0 0 0 0 0 0 0 0 0 0 0 0 0 0 0 0 0 0 0 0 0 0 0 0 0 0 0 0 0 0 0 0 0 0 0 0 0 0 0 0 0 0 0 0 0 0 0 0 0 0 0 0 0 0 0 0 0 0 0 0 0 0 0 0 0 0 0 0 0 0 0 0 0 0 0 0 0 0 0 0 0 0 0 0 0 0 0 0 0 0 0 0 0 0 0 0 0 0 0 0 0 0 0 0 0 0 0 0 0 0 0 0 0 0 0 0 0 0 0 0 0 0 0 0 0 0 0 0 0 0 0 0 0 0 0 0 0 0 0 0 0 0 0 0 0 0 0 0 0 0 0 0 0 0 0 0 0 0 0 0 0 0 0 0 0 0 0 0 0 0 0 0 0 0 0 0 0 0 0 0 0 0 0 0 0 0 0 0 0 0 0 0 0 0 0 0 0 0 0 0 0 0 0 0 0 0 0 0 0 0 0 0 0 0 0 0 0 0 0 0 0 0 0 0 0 0 0 0 0 0 0 0 0 0 0 0 0 0 0 0 0 0 0 0 0 0 0 0 0 0 0 0 0 0 0 0 0 0 0 0 0 0 0 0 0 0 0 0 0 0 0 0 0 0 0 0 0 0 0 0 0 0 0 0 0 0 0 0 0 0 0 0 0 0 0 0 0 0 0 0 0 0 0 0 0 0 0 0 0 0 0 0 0 0 0 0 0 0 0 0 0 0 0 0 0 0 0 0 0 0 0 0 0 0 0 0 0 0 0 0 0 0 0 0 0 0 0 0 0 0 0 0 0 0 0 0 0 0 0 0 0 0 0 0 0 0 0 0 0 0 0 0 0 0 0 0 0 0 0 0 0 0 0 0 0 0 0 0 0 0 0 0 0 0 0 0 0 0 0 0 0 0 0 0 0 0 0 0 0 0 0 0 0 0 0 0 0 0 0 0 0 0 0 0 0 0 0 0 0 0 0 0 0 0 0 0 0 0 0 0 0 0 0 0 0 0 0 0 0 0 0 0 0 0 0 0 0 0 0 0 0 0 0 0 0 0 0 0 0 0 0 0 0 0 0 0 0 0 0 0 0 0 0 0 0 0 0 0 0 0 0 0 0 0 0 0 0 0 0 0 0 0 0 0 0 0 0 0 0 0 0 0 0 0 0 0 0 0 0 0 0 0 0 0 0 0 0 0 0 0 0 0 0 0 0 0 0 0 0 0 0 0 0 0 0 0 0 0 0 0 0 0 0 0 0 0 0 0 0 0 0 0 0 0 0 0 0 0 0 0 0 0 0 0 0 0 0 0 0 0 0 0 0 0 0 0 0 0 0 0 0 0 0 0 0 0 0 0 0 0 0 0 0 0 0 0 0 0 0 0 0 0 0 0 0 0 0 0 0 0 0 0 0 0 0 0 0 0 0 0 0 0 0 0 0 0 0 0 0 0 0 0 0 0 0 0 0 0 0 0 0 0 0 0 0 0 0 0 0 0 0 0 0 0 0 0 0 0 0 0 0 0 0 0 0 0 0 0 0 0 0 0 0 0 0 0 0 0 0 0 0 0 0 0 0 0 0 0 0 0 0 0 0 0 0 0 0 0 0 0 0 0 0 0 0 0 0 0 0 0 0 0 0 0 0 0 0 0 0 0 0 0 0 0 0 0 0
ctxt 2192650
btime 1613123984
processes 48363
procs_running 1
procs_blocked 0
softirq 11784881 1 6697812 1047 369496 0 0 139 488636 0 4227750
