cpu  22058507 5 29836 8513248 129 0 2103 0 0 0
cpu0 344384 0 836 132641 0 0 341 0 0 0
cpu1 344510 0 479 133151 2 0 108 0 0 0
cpu2 344208 0 866 133078 0 0 44 0 0 0
cpu3 344489 0 379 133306 7 0 22 0 0 0
cpu4 344162 0 854 133053 0 0 41 0 0 0
cpu5 344657 0 282 133249 0 0 21 0 0 0
cpu6 344686 0 531 132954 0 0 32 0 0 0
cpu7 343790 0 957 133294 0 0 151 0 0 0
cpu8 344530 0 776 132861 0 0 24 0 0 0
cpu9 344633 0 270 133275 0 0 21 0 0 0
cpu10 344561 0 642 132966 0 0 22 0 0 0
cpu11 344866 0 168 133160 0 0 8 0 0 0
cpu12 344521 0 546 133109 0 0 22 0 0 0
cpu13 344830 0 124 133250 0 0 0 0 0 0
cpu14 344796 0 861 132513 2 0 20 0 0 0
cpu15 344374 0 518 133237 0 0 74 0 0 0
cpu16 344080 0 1031 133052 3 0 21 0 0 0
cpu17 344526 0 400 133226 0 0 42 0 0 0
cpu18 344656 0 831 132673 4 0 32 0 0 0
cpu19 344771 0 178 133240 0 0 14 0 0 0
cpu20 344308 0 1156 132589 59 0 34 0 0 0
cpu21 344823 0 154 133224 0 0 3 0 0 0
cpu22 343919 0 1090 133149 1 0 33 0 0 0
cpu23 344658 0 272 133230 0 0 37 0 0 0
cpu24 344122 1 865 133186 0 0 23 0 0 0
cpu25 344862 0 108 133226 0 0 2 0 0 0
cpu26 344175 0 827 133166 0 0 23 0 0 0
cpu27 345233 0 223 132736 0 0 7 0 0 0
cpu28 344776 0 436 132970 0 0 13 0 0 0
cpu29 344782 0 152 133257 0 0 4 0 0 0
cpu30 344480 0 656 133013 1 0 38 0 0 0
cpu31 344657 0 283 133222 1 0 30 0 0 0
cpu32 344734 0 634 132800 0 0 12 0 0 0
cpu33 344514 0 378 133244 0 0 23 0 0 0
cpu34 344597 0 424 133136 0 0 16 0 0 0
cpu35 344469 0 375 133307 0 0 30 0 0 0
cpu36 344616 0 430 133100 0 0 14 0 0 0
cpu37 344727 0 210 133238 0 0 17 0 0 0
cpu38 344667 0 636 132867 2 0 20 0 0 0
cpu39 343599 0 1105 133253 0 0 223 0 0 0
cpu40 344580 0 722 132873 0 0 14 0 0 0
cpu41 344621 0 306 133222 1 0 42 0 0 0
cpu42 346921 0 724 130500 14 0 5 0 0 0
cpu43 344828 0 116 133235 1 0 4 0 0 0
cpu44 345424 0 360 132404 0 0 5 0 0 0
cpu45 344830 0 119 133234 1 0 6 0 0 0
cpu46 346178 0 592 131381 2 0 5 0 0 0
cpu47 344791 0 158 133229 1 0 10 0 0 0
cpu48 344390 0 692 133012 0 0 81 0 0 0
cpu49 344811 0 136 133237 0 0 6 0 0 0
cpu50 344781 1 548 132737 0 0 90 0 0 0
cpu51 344839 0 116 133229 0 0 2 0 0 0
cpu52 344678 0 308 133185 0 0 11 0 0 0
cpu53 344868 0 102 133202 0 0 3 0 0 0
cpu54 344712 0 389 133066 0 0 13 0 0 0
cpu55 344804 0 147 133223 0 0 12 0 0 0
cpu56 344516 0 482 133176 0 0 12 0 0 0
cpu57 344868 0 81 133237 0 0 2 0 0 0
cpu58 344634 0 339 133196 3 0 13 0 0 0
cpu59 344798 0 145 133235 0 0 6 0 0 0
cpu60 344779 0 273 133118 0 0 7 0 0 0
cpu61 344715 0 223 133220 0 0 25 0 0 0
cpu62 344679 0 397 132787 0 0 16 0 0 0
cpu63 344688 0 392 133077 0 0 28 0 0 0
intr 63623374 83 0 0 0 622 0 0 0 1 0 285 0 0 0 0 0 0 0 0 0 0 0 0 0 0 0 0 0 0 0 0 0 0 0 0 0 0 0 1975 17362 1094 7054 2023 5288 358 26527 851 3770 600 4473 283 0 714 18826 2700 1658 2138 2258 21720 674 4793 1818 1404 793 841 2125 510 709 1046 4537 1239 6350 1077 15291 684 2688 2963 7286 1564 8269 761 346 350 1102 289 3052 1148 4245 55376 2022 1470 1988 769 3571 523 969 1175 1039 888 3 626 8278 0 0 0 0 0 0 0 0 0 0 0 0 0 0 0 0 0 32007 93 0 0 0 0 0 0 0 0 0 0 0 0 0 0 0 0 0 0 0 0 0 0 0 0 0 0 0 0 0 0 0 0 0 0 0 0 0 0 0 0 0 0 0 0 0 0 0 0 0 0 0 0 0 0 0 0 0 0 0 0 0 0 0 0 0 0 0 0 0 0 0 0 0 0 0 25 0 0 0 0 0 0 0 0 0 0 0 0 0 0 0 0 0 0 0 0 0 0 0 0 0 0 0 0 0 0 0 0 0 0 0 0 0 0 0 0 0 0 0 0 0 0 0 0 0 0 0 0 0 0 0 0 0 0 0 0 0 0 0 0 0 0 0 0 0 0 0 0 0 0 0 0 0 0 0 0 0 0 0 0 0 0 0 0 0 0 0 0 0 0 0 0 0 0 0 0 0 0 0 0 0 0 0 0 0 0 0 0 0 0 0 0 0 0 0 0 0 0 0 0 0 0 0 0 0 0 0 0 0 0 0 0 0 0 0 0 0 0 0 0 0 0 0 0 0 0 0 0 0 0 0 0 0 0 0 0 0 0 0 0 0 0 0 0 0 0 0 0 0 0 0 0 0 0 0 0 0 0 0 0 0 0 0 0 0 0 0 0 0 0 0 0 0 0 0 0 0 0 0 0 0 0 0 0 0 0 0 0 0 0 0 0 0 0 0 0 0 0 0 0 0 0 0 0 0 0 0 0 0 0 0 0 0 0 0 0 0 0 0 0 0 0 0 0 0 0 0 0 0 0 0 0 0 0 0 0 0 0 0 0 0 0 0 0 0 0 0 0 0 0 0 0 0 0 0 0 0 0 0 0 0 0 0 0 0 0 0 0 0 0 0 0 0 0 0 0 0 0 0 0 0 0 0 0 0 0 0 0 0 0 0 0 0 0 0 0 0 0 0 0 0 0 0 0 0 0 0 0 0 0 0 0 0 0 0 0 0 0 0 0 0 0 0 0 0 0 0 0 0 0 0 0 0 0 0 0 0 0 0 0 0 0 0 0 0 0 0 0 0 0 0 0 0 0 0 0 0 0 0 0 0 0 0 0 0 0 0 0 0 0 0 0 0 0 0 0 0 0 0 0 0 0 0 0 0 0 0 0 0 0 0 0 0 0 0 0 0 0 0 0 0 0 0 0 0 0 0 0 0 0 0 0 0 0 0 0 0 0 0 0 0 0 0 0 0 0 0 0 0 0 0 0 0 0 0 0 0 0 0 0 0 0 0 0 0 0 0 0 0 0 0 0 0 0 0 0 0 0 0 0 0 0 0 0 0 0 0 0 0 0 0 0 0 0 0 0 0 0 0 0 0 0 0 0 0 0 0 0 0 0 0 0 0 0 0 0 0 0 0 0 0 0 0 0 0 0 0 0 0 0 0 0 0 0 0 0 0 0 0 0 0 0 0 0 0 0 0 0 0 0 0 0 0 0 0 0 0 0 0 0 0 0 0 0 0 0 0 0 0 0 0 0 0 0 0 0 0 0 0 0 0 0 0 0 0 0 0 0 0 0 0 0 0 0 0 0 0 0 0 0 0 0 0 0 0 0 0 0 0 0 0 0 0 0 0 0 0 0 0 0 0 0 0 0 0 0 0 0 0 0 0 0 0 0 0 0 0 0 0 0 0 0 0 0 0 0 0 0 0 0 0 0 0 0 0 0 0 0 0 0 0 0 0 0 0 0 0 0 0 0 0 0 0 0 0 0 0 0 0 0 0 0 0 0 0 0 0 0 0 0 0 0 0 0 0 0 0 0 0 0 0 0 0 0 0 0 0 0 0 0 0 0 0 0 0 0 0 0 0 0 0 0 0 0 0 0 0 0 0 0 0 0 0 0 0 0 0 0 0 0 0 0 0 0 0 0 0 0 0 0 0 0 0 0 0 0 0 0 0 0 0 0 0 0 0 0 0 0 0 0 0 0 0 0 0 0 0 0 0 0 0 0 0 0 0 0 0 0 0 0 0 0 0 0 0 0 0 0 0 0 0 0 0 0 0 0 0 0 0 0 0 0 0 0 0 0 0 0 0 0 0 0 0 0 0 0 0 0 0 0 0 0 0 0 0 0 0 0 0 0 0 0 0 0 0 0 0 0 0 0 0 0 0 0 0 0 0 0 0 0 0 0 0 0 0 0 0 0 0 0 0 0 0 0 0 0 0 0 0 0 0 0 0 0 0 0 0 0 0 0 0 0 0 0 0 0 0 0 0 0 0 0 0 0 0 0 0 0 0 0 0 0 0 0 0 0 0 0 0 0 0 0 0 0 0 0 0 0 0 0 0 0 0 0 0 0 0 0 0 0 0 0 0 0 0 0 0 0 0 0 0 0 0 0 0 0 0 0 0 0 0 0 0 0 0 0 0 0 0 0 0 0 0 0 0 0 0 0 0 0 0 0 0 0 0 0 0 0 0 0 0 0 0 0 0 0 0 0 0 0 0 0 0 0 0 0 0 0 0 0 0 0 0 0 0 0 0 0 0 0 0 0 0 0 0 0 0 0 0 0 0 0 0 0 0 0 0 0 0 0 0 0 0 0 0 0 0 0 0 0 0 0 0 0 0 0 0 0 0 0 0 0 0 0 0 0 0 0 0 0 0 0 0 0 0 0 0 0 0 0 0 0 0 0 0 0 0 0 0 0 0 0 0 0 0 0 0 0 0 0 0 0 0 0 0 0 0 0 0 0 0 0 0 0 0 0 0 0 0 0 0 0 0 0 0 0 0 0 0 0 0 0 0 0 0 0 0 0 0 0 0 0 0 0 0 0 0 0 0 0 0 0 0 0 0 0 0 0 0 0 0 0 0 0 0 0 0 0 0 0 0 0 0 0 0 0 0 0 0 0 0 0 0 0 0 0 0 0 0 0 0 0 0 0 0 0 0 0 0 0 0 0 0 0 0 0 0 0 0 0 0 0 0 0 0 0 0 0 0 0 0 0 0 0 0 0 0 0 0 0 0 0 0 0 0 0 0 0 0 0 0 0 0 0 0 0 0 0 0 0 0 0 0 0 0 0 0 0 0 0 0 0 0 0 0 0 0 0 0 0 0 0 0 0 0 0 0 0 0 0 0 0 0 0 0 0 0 0 0 0 0 0 0 0 0 0 0 0 0 0 0 0 0 0 0 0 0 0 0 0 0 0 0 0 0 0 0 0 0 0 0 0 0 0 0 0 0 0 0 0 0 0 0 0 0 0 0 0 0 0 0 0 0 0 0 0 0 0 0 0 0 0 0 0 0 0 0 0 0 0 0 0 0 0 0 0 0 0 0 0 0 0 0 0 0 0 0 0 0 0 0 0 0 0 0 0 0 0 0 0 0 0 0 0 0 0 0 0 0 0 0 0 0 0 0 0 0 0 0 0 0 0 0 0 0 0 0 0 0 0 0 0 0 0 0 0 0 0 0 0 0 0 0 0 0 0 0 0 0 0 0 0 0 0 0 0 0 0 0 0 0 0 0 0 0 0 0 0 0 0 0 0 0 0 0 0 0 0 0 0 0 0 0 0 0 0 0 0 0 0 0 0 0 0 0 0 0 0 0 0 0 0 0 0 0 0 0 0 0 0 0 0 0 0 0 0 0 0 0 0 0 0 0 0 0 0 0 0 0 0 0 0 0 0 0 0 0 0 0 0 0 0 0 0 0 0 0 0 0 0 0 0 0 0 0 0 0 0 0 0 0 0 0 0 0 0 0 0 0 0 0 0 0 0 0 0 0 0 0 0 0 0 0 0 0 0 0 0 0 0 0 0 0 0 0 0 0 0 0 0 0 0 0 0 0 0 0 0 0 0 0 0 0 0 0 0 0 0 0 0 0 0 0 0 0 0 0 0 0 0 0 0 0 0 0 0 0 0 0 0 0 0 0 0 0 0 0 0 0 0 0 0 0 0 0 0 0 0 0 0 0 0 0 0 0 0 0 0 0 0 0 0 0 0 0 0 0 0 0 0 0 0 0 0 0 0 0 0 0 0 0 0 0 0 0 0 0 0 0 0 0 0 0 0 0 0 0 0 0 0 0 0 0 0 0 0 0 0 0 0 0 0 0 0 0 0 0 0 0 0 0 0 0 0 0 0 0 0 0 0 0 0 0 0 0 0 0 0 0 0 0 0 0 0 0 0 0 0 0 0 0 0 0 0 0 0 0 0 0 0 0 0 0 0 0 0 0 0 0 0 0 0 0 0 0 0 0 0 0 0 0 0 0 0 0 0 0 0 0 0 0 0 0 0 0 0 0 0 0 0 0 0 0 0 0 0 0 0 0 0 0 0 0 0 0 0 0 0 0 0 0 0 0 0 0 0 0 0 0 0 0 0 0 0 0 0 0 0 0 0 0 0 0 0 0 0 0 0 0 0 0 0 0 0 0 0 0 0 0 0 0 0 0 0 0 0 0 0 0 0 0 0 0 0 0 0 0 0 0 0 0 0 0 0 0 0 0 0 0 0 0 0 0 0 0 0 0 0 0 0 0 0 0 0 0 0 0 0 0 0 0 0 0 0 0 0 0 0 0 0 0 0 0 0 0 0 0 0 0 0 0 0 0 0 0 0 0 0 0 0 0 0 0 0 0 0 0 0 0 0 0 0 0 0 0 0 0 0 0 0 0 0 0 0 0 0 0 0 0 0 0 0 0 0 0 0 0 0 0 0 0 0 0 0 0 0 0 0 0 0 0 0 0 0 0 0 0 0 0 0 0 0 0 0 0 0 0 0 0 0 0 0 0 0 0 0 0 0 0 0 0 0 0 0 0 0 0 0 0 0 0 0 0 0 0 0 0 0 0 0 0 0 0 0 0 0 0 0 0 0 0 0 0 0 0 0 0 0 0 0 0 0 0 0 0 0 0 0 0 0 0 0 0 0 0 0 0 0 0 0 0 0 0 0 0 0 0 0 0 0 0 0 0 0 0
ctxt 9927931
btime 1613123984
processes 237489
procs_running 1
procs_blocked 0
softirq 72281084 1 42008642 1740 1951008 0 0 145 2173415 0 26146133
