cpu  5233960 5 8543 8042130 128 0 577 0 0 0
cpu0 81734 0 354 125234 0 0 190 0 0 0
cpu1 81674 0 158 125742 2 0 72 0 0 0
cpu2 81664 0 280 125646 0 0 5 0 0 0
cpu3 81693 0 118 125789 7 0 5 0 0 0
cpu4 81550 0 348 125606 0 0 8 0 0 0
cpu5 81690 0 116 125789 0 0 10 0 0 0
cpu6 81838 0 180 125577 0 0 1 0 0 0
cpu7 81507 0 278 125778 0 0 40 0 0 0
cpu8 81827 0 214 125549 0 0 0 0 0 0
cpu9 81691 0 106 125792 0 0 11 0 0 0
cpu10 81872 0 186 125529 0 0 0 0 0 0
cpu11 81695 0 116 125782 0 0 7 0 0 0
cpu12 81834 0 111 125655 0 0 0 0 0 0
cpu13 81752 0 59 125790 0 0 0 0 0 0
cpu14 81766 0 133 125695 2 0 1 0 0 0
cpu15 81706 0 110 125782 0 0 3 0 0 0
cpu16 81687 0 222 125671 3 0 3 0 0 0
cpu17 81759 0 62 125769 0 0 0 0 0 0
cpu18 81924 0 160 125500 4 0 3 0 0 0
cpu19 81747 0 66 125785 0 0 0 0 0 0
cpu20 81919 0 264 125289 59 0 14 0 0 0
cpu21 81753 0 80 125766 0 0 1 0 0 0
cpu22 81662 0 214 125704 1 0 6 0 0 0
cpu23 81763 0 50 125783 0 0 1 0 0 0
cpu24 81735 1 108 125747 0 0 3 0 0 0
cpu25 81743 0 76 125775 0 0 2 0 0 0
cpu26 81716 0 142 125726 0 0 3 0 0 0
cpu27 81756 0 59 125777 0 0 0 0 0 0
cpu28 81855 0 91 125646 0 0 0 0 0 0
cpu29 81722 0 95 125780 0 0 1 0 0 0
cpu30 81809 0 133 125644 1 0 0 0 0 0
cpu31 81744 0 71 125774 1 0 0 0 0 0
cpu32 81944 0 173 125472 0 0 1 0 0 0
cpu33 81738 0 78 125771 0 0 0 0 0 0
cpu34 81728 0 149 125697 0 0 1 0 0 0
cpu35 81753 0 62 125778 0 0 1 0 0 0
cpu36 81736 0 167 125654 0 0 5 0 0 0
cpu37 81734 0 72 125781 0 0 4 0 0 0
cpu38 81861 0 128 125594 2 0 2 0 0 0
cpu39 81088 0 624 125764 0 0 108 0 0 0
cpu40 81844 0 160 125581 0 0 0 0 0 0
cpu41 81769 0 50 125772 1 0 0 0 0 0
cpu42 82448 0 292 124819 14 0 0 0 0 0
cpu43 81748 0 63 125775 1 0 0 0 0 0
cpu44 81877 0 88 125625 0 0 0 0 0 0
cpu45 81760 0 53 125776 1 0 0 0 0 0
cpu46 82764 0 227 124571 2 0 0 0 0 0
cpu47 81775 0 51 125762 1 0 0 0 0 0
cpu48 81776 0 123 125675 0 0 2 0 0 0
cpu49 81764 0 48 125776 0 0 0 0 0 0
cpu50 82124 1 114 125308 0 0 8 0 0 0
cpu51 81758 0 60 125765 0 0 0 0 0 0
cpu52 81776 0 86 125719 0 0 0 0 0 0
cpu53 81780 0 50 125747 0 0 0 0 0 0
cpu54 81707 0 138 125730 0 0 2 0 0 0
cpu55 81774 0 44 125766 0 0 0 0 0 0
cpu56 81788 0 70 125724 0 0 1 0 0 0
cpu57 81750 0 59 125775 0 0 1 0 0 0
cpu58 81784 0 56 125742 3 0 1 0 0 0
cpu59 81767 0 44 125773 0 0 0 0 0 0
cpu60 81852 0 56 125669 0 0 0 0 0 0
cpu61 81605 0 192 125760 0 0 25 0 0 0
cpu62 81805 0 103 125369 0 0 0 0 0 0
cpu63 81766 0 78 125737 0 0 1 0 0 0
intr 15483950 83 0 0 0 622 0 0 0 1 0 285 0 0 0 0 0 0 0 0 0 0 0 0 0 0 0 0 0 0 0 0 0 0 0 0 0 0 0 743 1675 405 2715 1521 236 157 10690 250 1713 2 4289 3 0 211 5726 1980 0 1503 0 18080 0 3877 0 102 793 19 0 0 2 35 0 6 0 344 7 444 2258 972 4563 586 4 3 2 0 1 2 41 471 89 12576 703 131 10 385 3 1 648 39 0 2 1 2 0 0 0 0 0 0 0 0 0 0 0 0 0 0 0 0 0 0 30291 93 0 0 0 0 0 0 0 0 0 0 0 0 0 0 0 0 0 0 0 0 0 0 0 0 0 0 0 0 0 0 0 0 0 0 0 0 0 0 0 0 0 0 0 0 0 0 0 0 0 0 0 0 0 0 0 0 0 0 0 0 0 0 0 0 0 0 0 0 0 0 0 0 0 0 0 25 0 0 0 0 0 0 0 0 0 0 0 0 0 0 0 0 0 0 0 0 0 0 0 0 0 0 0 0 0 0 0 0 0 0 0 0 0 0 0 0 0 0 0 0 0 0 0 0 0 0 0 0 0 0 0 0 0 0 0 0 0 0 0 0 0 0 0 0 0 0 0 0 0 0 0 0 0 0 0 0 0 0 0 0 0 0 0 0 0 0 0 0 0 0 0 0 0 0 0 0 0 0 0 0 0 0 0 0 0 0 0 0 0 0 0 0 0 0 0 0 0 0 0 0 0 0 0 0 0 0 0 0 0 0 0 0 0 0 0 0 0 0 0 0 0 0 0 0 0 0 0 0 0 0 0 0 0 0 0 0 0 0 0 0 0 0 0 0 0 0 0 0 0 0 0 0 0 0 0 0 0 0 0 0 0 0 0 0 0 0 0 0 0 0 0 0 0 0 0 0 0 0 0 0 0 0 0 0 0 0 0 0 0 0 0 0 0 0 0 0 0 0 0 0 0 0 0 0 0 0 0 0 0 0 0 0 0 0 0 0 0 0 0 0 0 0 0 0 0 0 0 0 0 0 0 0 0 0 0 0 0 0 0 0 0 0 0 0 0 0 0 0 0 0 0 0 0 0 0 0 0 0 0 0 0 0 0 0 0 0 0 0 0 0 0 0 0 0 0 0 0 0 0 0 0 0 0 0 0 0 0 0 0 0 0 0 0 0 0 0 0 0 0 0 0 0 0 0 0 0 0 0 0 0 0 0 0 0 0 0 0 0 0 0 0 0 0 0 0 0 0 0 0 0 0 0 0 0 0 0 0 0 0 0 0 0 0 0 0 0 0 0 0 0 0 0 0 0 0 0 0 0 0 0 0 0 0 0 0 0 0 0 0 0 0 0 0 0 0 0 0 0 0 0 0 0 0 0 0 0 0 0 0 0 0 0 0 0 0 0 0 0 0 0 0 0 0 0 0 0 0 0 0 0 0 0 0 0 0 0 0 0 0 0 0 0 0 0 0 0 0 0 0 0 0 0 0 0 0 0 0 0 0 0 0 0 0 0 0 0 0 0 0 0 0 0 0 0 0 0 0 0 0 0 0 0 0 0 0 0 0 0 0 0 0 0 0 0 0 0 0 0 0 0 0 0 0 0 0 0 0 0 0 0 0 0 0 0 0 0 0 0 0 0 0 0 0 0 0 0 0 0 0 0 0 0 0 0 0 0 0 0 0 0 0 0 0 0 0 0 0 0 0 0 0 0 0 0 0 0 0 0 0 0 0 0 0 0 0 0 0 0 0 0 0 0 0 0 0 0 0 0 0 0 0 0 0 0 0 0 0 0 0 0 0 0 0 0 0 0 0 0 0 0 0 0 0 0 0 0 0 0 0 0 0 0 0 0 0 0 0 0 0 0 0 0 0 0 0 0 0 0 0 0 0 0 0 0 0 0 0 0 0 0 0 0 0 0 0 0 0 0 0 0 0 0 0 0 0 0 0 0 0 0 0 0 0 0 0 0 0 0 0 0 0 0 0 0 0 0 0 0 0 0 0 0 0 0 0 0 0 0 0 0 0 0 0 0 0 0 0 0 0 0 0 0 0 0 0 0 0 0 0 0 0 0 0 0 0 0 0 0 0 0 0 0 0 0 0 0 0 0 0 0 0 0 0 0 0 0 0 0 0 0 0 0 0 0 0 0 0 0 0 0 0 0 0 0 0 0 0 0 0 0 0 0 0 0 0 0 0 0 0 0 0 0 0 0 0 0 0 0 0 0 0 0 0 0 0 0 0 0 0 0 0 0 0 0 0 0 0 0 0 0 0 0 0 0 0 0 0 0 0 0 0 0 0 0 0 0 0 0 0 0 0 0 0 0 0 0 0 0 0 0 0 0 0 0 0 0 0 0 0 0 0 0 0 0 0 0 0 0 0 0 0 0 0 0 0 0 0 0 0 0 0 0 0 0 0 0 0 0 0 0 0 0 0 0 0 0 0 0 0 0 0 0 0 0 0 0 0 0 0 0 0 0 0 0 0 0 0 0 0 0 0 0 0 0 0 0 0 0 0 0 0 0 0 0 0 0 0 0 0 0 0 0 0 0 0 0 0 0 0 0 0 0 0 0 0 0 0 0 0 0 0 0 0 0 0 0 0 0 0 0 0 0 0 0 0 0 0 0 0 0 0 0 0 0 0 0 0 0 0 0 0 0 0 0 0 0 0 0 0 0 0 0 0 0 0 0 0 0 0 0 0 0 0 0 0 0 0 0 0 0 0 0 0 0 0 0 0 0 0 0 0 0 0 0 0 0 0 0 0 0 0 0 0 0 0 0 0 0 0 0 0 0 0 0 0 0 0 0 0 0 0 0 0 0 0 0 0 0 0 0 0 0 0 0 0 0 0 0 0 0 0 0 0 0 0 0 0 0 0 0 0 0 0 0 0 0 0 0 0 0 0 0 0 0 0 0 0 0 0 0 0 0 0 0 0 0 0 0 0 0 0 0 0 0 0 0 0 0 0 0 0 0 0 0 0 0 0 0 0 0 0 0 0 0 0 0 0 0 0 0 0 0 0 0 0 0 0 0 0 0 0 0 0 0 0 0 0 0 0 0 0 0 0 0 0 0 0 0 0 0 0 0 0 0 0 0 0 0 0 0 0 0 0 0 0 0 0 0 0 0 0 0 0 0 0 0 0 0 0 0 0 0 0 0 0 0 0 0 0 0 0 0 0 0 0 0 0 0 0 0 0 0 0 0 0 0 0 0 0 0 0 0 0 0 0 0 0 0 0 0 0 0 0 0 0 0 0 0 0 0 0 0 0 0 0 0 0 0 0 0 0 0 0 0 0 0 0 0 0 0 0 0 0 0 0 0 0 0 0 0 0 0 0 0 0 0 0 0 0 0 0 0 0 0 0 0 0 0 0 0 0 0 0 0 0 0 0 0 0 0 0 0 0 0 0 0 0 0 0 0 0 0 0 0 0 0 0 0 0 0 0 0 0 0 0 0 0 0 0 0 0 0 0 0 0 0 0 0 0 0 0 0 0 0 0 0 0 0 0 0 0 0 0 0 0 0 0 0 0 0 0 0 0 0 0 0 0 0 0 0 0 0 0 0 0 0 0 0 0 0 0 0 0 0 0 0 0 0 0 0 0 0 0 0 0 0 0 0 0 0 0 0 0 0 0 0 0 0 0 0 0 0 0 0 0 0 0 0 0 0 0 0 0 0 0 0 0 0 0 0 0 0 0 0 0 0 0 0 0 0 0 0 0 0 0 0 0 0 0 0 0 0 0 0 0 0 0 0 0 0 0 0 0 0 0 0 0 0 0 0 0 0 0 0 0 0 0 0 0 0 0 0 0 0 0 0 0 0 0 0 0 0 0 0 0 0 0 0 0 0 0 0 0 0 0 0 0 0 0 0 0 0 0 0 0 0 0 0 0 0 0 0 0 0 0 0 0 0 0 0 0 0 0 0 0 0 0 0 0 0 0 0 0 0 0 0 0 0 0 0 0 0 0 0 0 0 0 0 0 0 0 0 0 0 0 0 0 0 0 0 0 0 0 0 0 0 0 0 0 0 0 0 0 0 0 0 0 0 0 0 0 0 0 0 0 0 0 0 0 0 0 0 0 0 0 0 0 0 0 0 0 0 0 0 0 0 0 0 0 0 0 0 0 0 0 0 0 0 0 0 0 0 0 0 0 0 0 0 0 0 0 0 0 0 0 0 0 0 0 0 0 0 0 0 0 0 0 0 0 0 0 0 0 0 0 0 0 0 0 0 0 0 0 0 0 0 0 0 0 0 0 0 0 0 0 0 0 0 0 0 0 0 0 0 0 0 0 0 0 0 0 0 0 0 0 0 0 0 0 0 0 0 0 0 0 0 0 0 0 0 0 0 0 0 0 0 0 0 0 0 0 0 0 0 0 0 0 0 0 0 0 0 0 0 0 0 0 0 0 0 0 0 0 0 0 0 0 0 0 0 0 0 0 0 0 0 0 0 0 0 0 0 0 0 0 0 0 0 0 0 0 0 0 0 0 0 0 0 0 0 0 0 0 0 0 0 0 0 0 0 0 0 0 0 0 0 0 0 0 0 0 0 0 0 0 0 0 0 0 0 0 0 0 0 0 0 0 0 0 0 0 0 0 0 0 0 0 0 0 0 0 0 0 0 0 0 0 0 0 0 0 0 0 0 0 0 0 0 0 0 0 0 0 0 0 0 0 0 0 0 0 0 0 0 0 0 0 0 0 0 0 0 0 0 0 0 0 0 0 0 0 0 0 0 0 0 0 0 0 0 0 0 0 0 0 0 0 0 0 0 0 0 0 0 0 0 0 0 0 0 0 0 0 0 0 0 0 0 0 0 0 0 0 0 0 0 0 0 0 0 0 0 0 0 0 0 0 0 0 0 0 0 0 0 0 0 0 0 0 0 0 0 0 0 0 0 0 0 0 0 0 0 0 0 0 0 0 0 0 0 0 0 0 0 0 0 0 0 0 0 0 0 0 0 0 0 0 0 0 0 0 0 0 0 0 0 0 0 0 0 0 0 0 0 0 0 0 0 0 0 0 0 0 0 0 0 0 0 0 0 0 0 0 0 0 0 0 0 0 0 0 0 0 0 0 0 0 0 0 0 0 0 0 0 0 0 0 0 0 0 0 0 0 0 0 0 0 0 0 0 0 0 0 0 0 0 0 0 0 0 0 0 0 0 0 0 0 0 0 0 0 0 0 0 0
ctxt 3021292
btime 1613123984
processes 68727
procs_running 1
procs_blocked 0
softirq 17021180 1 9662373 1108 531568 0 0 140 642671 0 6183319
