cpu  58010128 7 59076 29078859 521 0 4382 0 0 0
cpu0 452010 0 1698 226479 0 0 324 0 0 0
cpu1 452858 0 522 227454 2 0 49 0 0 0
cpu2 452229 0 1240 227308 0 0 79 0 0 0
cpu3 451709 0 1448 227597 7 0 77 0 0 0
cpu4 452945 0 674 227252 1 0 48 0 0 0
cpu5 453288 0 264 227287 0 0 73 0 0 0
cpu6 452829 0 822 227195 0 0 33 0 0 0
cpu7 452436 0 1161 227204 0 0 71 0 0 0
cpu8 453195 0 538 227138 0 0 42 0 0 0
cpu9 453521 0 246 227143 1 0 8 0 0 0
cpu10 452665 0 1052 227104 0 0 90 0 0 0
cpu11 452893 0 758 227189 0 0 68 0 0 0
cpu12 452671 0 718 227411 0 0 84 0 0 0
cpu13 453118 0 427 227330 0 0 32 0 0 0
cpu14 452636 0 1011 227195 0 0 70 0 0 0
cpu15 452858 0 754 227227 0 0 60 0 0 0
cpu16 453385 0 291 227227 0 0 9 0 0 0
cpu17 453229 0 249 227413 0 0 14 0 0 0
cpu18 452396 0 1290 227122 0 0 108 0 0 0
cpu19 453060 0 641 227146 2 0 46 0 0 0
cpu20 453510 0 242 227162 0 0 7 0 0 0
cpu21 453346 0 240 227319 0 0 16 0 0 0
cpu22 452855 0 826 227136 0 0 92 0 0 0
cpu23 452950 2 671 227225 0 0 48 0 0 0
cpu24 453498 0 338 227057 0 0 18 0 0 0
cpu25 453832 0 268 226796 1 0 12 0 0 0
cpu26 452413 0 968 227355 0 0 134 0 0 0
cpu27 452866 0 696 227220 0 0 68 0 0 0
cpu28 453619 0 312 226894 0 0 4 0 0 0
cpu29 453315 0 292 227273 0 0 12 0 0 0
cpu30 453318 0 442 227134 0 0 19 0 0 0
cpu31 453142 0 558 227151 1 0 34 0 0 0
cpu32 453251 0 326 227295 0 0 36 0 0 0
cpu33 453305 0 207 227141 0 0 202 0 0 0
cpu34 453165 0 547 227149 0 0 54 0 0 0
cpu35 453222 0 763 226853 3 0 51 0 0 0
cpu36 453499 0 282 227109 0 0 5 0 0 0
cpu37 452889 0 181 227816 0 0 12 0 0 0
cpu38 453026 0 591 227251 0 0 38 0 0 0
cpu39 453173 0 907 226745 6 0 70 0 0 0
cpu40 453591 0 190 227109 0 0 10 0 0 0
cpu41 453556 0 196 227143 1 0 10 0 0 0
cpu42 453064 0 499 227302 0 0 36 0 0 0
cpu43 453554 0 726 226510 29 0 58 0 0 0
cpu44 451546 0 462 228811 0 0 42 0 0 0
cpu45 454051 0 346 226479 1 0 18 0 0 0
cpu46 452966 0 585 227304 3 0 34 0 0 0
cpu47 454092 0 894 225799 2 0 63 0 0 0
cpu48 453590 0 226 227076 0 0 12 0 0 0
cpu49 453494 0 233 227139 0 0 20 0 0 0
cpu50 453224 0 540 227096 1 0 44 0 0 0
cpu51 452953 0 672 227170 2 0 54 0 0 0
cpu52 453497 0 190 227214 0 0 3 0 0 0
cpu53 453355 0 248 227274 2 0 15 0 0 0
cpu54 453272 0 339 227266 0 0 18 0 0 0
cpu55 453184 0 401 227278 5 0 18 0 0 0
cpu56 453514 0 230 227140 0 0 18 0 0 0
cpu57 453237 0 200 227441 0 0 12 0 0 0
cpu58 453117 0 556 227180 3 0 47 0 0 0
cpu59 453073 0 414 227284 77 0 32 0 0 0
cpu60 453335 0 399 227124 2 0 40 0 0 0
cpu61 453461 0 176 227252 0 0 11 0 0 0
cpu62 453374 0 335 227167 0 0 21 0 0 0
cpu63 453333 0 424 227102 0 0 24 0 0 0
cpu64 452777 0 912 227081 1 0 121 0 0 0
cpu65 452990 0 370 227471 0 0 27 0 0 0
cpu66 452533 0 776 227536 3 0 30 0 0 0
cpu67 453047 0 598 227116 88 0 22 0 0 0
cpu68 453169 0 360 227331 0 0 9 0 0 0
cpu69 453176 0 312 227379 1 0 10 0 0 0
cpu70 452982 0 614 227277 0 0 20 0 0 0
cpu71 453089 0 657 227076 31 0 22 0 0 0
cpu72 453458 0 308 227119 0 0 9 0 0 0
cpu73 453305 0 196 227381 0 0 9 0 0 0
cpu74 453046 0 670 227147 0 0 40 0 0 0
cpu75 453004 0 521 227296 2 0 36 0 0 0
cpu76 453258 0 241 227371 0 0 10 0 0 0
cpu77 453294 0 309 227269 1 0 12 0 0 0
cpu78 451746 0 782 228256 0 0 50 0 0 0
cpu79 453143 0 472 227225 4 0 18 0 0 0
cpu80 453566 0 191 227134 1 0 2 0 0 0
cpu81 453327 0 160 227385 0 0 7 0 0 0
cpu82 452642 0 865 227296 0 0 66 0 0 0
cpu83 453108 0 413 227319 1 0 35 0 0 0
cpu84 453597 0 192 227092 0 0 5 0 0 0
cpu85 453282 0 214 227376 0 0 9 0 0 0
cpu86 453234 0 545 227075 1 0 32 0 0 0
cpu87 452858 1 645 227290 4 0 80 0 0 0
cpu88 453259 0 413 227189 0 0 25 0 0 0
cpu89 453442 0 140 227296 0 0 8 0 0 0
cpu90 452948 0 583 227305 0 0 40 0 0 0
cpu91 452896 0 495 227414 1 0 42 0 0 0
cpu92 453502 0 191 227183 1 0 3 0 0 0
cpu93 453415 0 160 227291 0 0 9 0 0 0
cpu94 453152 0 296 227424 0 0 10 0 0 0
cpu95 453071 0 462 227289 1 0 19 0 0 0
cpu96 453443 0 206 227210 5 0 8 0 0 0
cpu97 453479 0 156 227242 0 0 4 0 0 0
cpu98 453465 0 278 227120 0 0 16 0 0 0
cpu99 453319 2 562 226969 2 0 38 0 0 0
cpu100 453585 0 141 227155 0 0 2 0 0 0
cpu101 453402 0 172 227300 1 0 5 0 0 0
cpu102 453389 0 286 227196 0 0 12 0 0 0
cpu103 453594 0 578 226666 5 0 35 0 0 0
cpu104 453568 0 152 227153 0 0 1 0 0 0
cpu105 453463 0 156 227249 1 0 10 0 0 0
cpu106 452976 0 360 227504 0 0 15 0 0 0
cpu107 453467 0 562 226789 8 0 49 0 0 0
cpu108 453482 0 190 227191 7 0 3 0 0 0
cpu109 453441 0 178 227244 1 0 13 0 0 0
cpu110 453240 0 303 227302 0 0 20 0 0 0
cpu111 454379 0 906 225475 1 0 80 0 0 0
cpu112 453642 0 171 227064 0 0 4 0 0 0
cpu113 453396 0 166 227294 0 0 12 0 0 0
cpu114 453095 0 573 227148 11 0 49 0 0 0
cpu115 453995 0 476 226295 70 0 11 0 0 0
cpu116 453501 0 210 227158 1 0 5 0 0 0
cpu117 453462 0 179 227217 0 0 8 0 0 0
cpu118 453485 0 202 227174 0 0 3 0 0 0
cpu119 453404 0 534 226867 4 0 45 0 0 0
cpu120 453663 0 165 227049 0 0 3 0 0 0
cpu121 453479 0 155 227238 2 0 4 0 0 0
cpu122 453148 0 385 227319 0 0 17 0 0 0
cpu123 453505 0 407 226893 54 0 8 0 0 0
cpu124 453365 0 223 227275 2 0 13 0 0 0
cpu125 453488 0 232 227143 0 0 5 0 0 0
cpu126 453528 0 223 227112 1 0 3 0 0 0
cpu127 453359 0 535 226940 1 0 14 0 0 0
intr 163902043 130 0 0 0 683 0 0 0 1 0 285 0 0 0 0 0 0 0 0 0 0 0 0 0 0 0 0 0 0 0 0 0 0 0 0 260 0 976 7097 1756 12605 1997 20425 3405 7479 1847 682 1286 5929 135 2572 5812 8547 157 655 1067 5054 1186 2520 591 6126 446 565 1192 3376 1426 1374 745 4055 554 61828 517 10425 483 617 272 5076 1394 928 1372 9545 1274 700 998 8379 473 1535 1564 3777 380 1449 420 2726 299 1461 954 6423 153 1132 3633 4098 885 6232 4124 8334 2223 3602 1158 6898 1005 715 760 5972 598 2331 1115 3998 134 445 539 5133 1102 3145 569 7229 567 514 753 5537 429 1768 925 4096 511 975 346 4429 399 580 241 3431 698 731 2009 3042 1129 2212 788 6336 200 1159 757 1325 526 1119 613 0 0 0 0 0 0 0 0 0 0 163 189 1 62 4 80 206 18 155 1 3 0 9 0 6 0 10 158 11 3 764 21 128 2 86 395 103 19 271 62 414 32 93 0 0 0 0 0 0 0 0 0 0 0 0 0 0 0 0 0 95 10 94 26 97 34 24 1 111 3 85 0 6 26 104 136 39 19 91 19 35 76 0 0 8 0 105 28 0 83 0 1 1 0 6 385 0 0 37 6359 5242 120 424 471 760 388 245 213 248 872 172 202 402 3008 71 127 225 581 60 9906 117 546 83 0 0 0 0 0 0 0 0 0 0 0 0 0 0 0 0 0 0 0 0 0 0 0 0 0 0 0 0 0 0 0 0 0 0 0 0 0 0 0 0 0 0 0 0 0 0 0 0 0 0 0 0 0 0 0 0 0 0 0 0 0 0 0 0 0 0 0 0 0 0 0 0 0 0 0 0 0 0 0 0 0 0 0 0 0 0 0 0 0 0 0 0 0 0 0 0 0 0 0 0 0 0 0 0 0 0 0 0 0 0 0 0 0 0 0 0 0 0 0 0 0 0 0 0 0 0 0 0 0 0 0 0 0 0 0 0 0 0 0 0 0 0 0 0 0 0 0 0 0 0 0 0 0 0 0 0 0 0 0 0 0 0 0 0 0 0 0 0 0 0 0 0 0 0 0 0 0 0 0 0 0 0 0 0 0 0 0 0 0 0 0 0 0 0 0 0 0 0 0 0 0 0 0 0 0 0 0 0 0 0 0 0 0 0 0 0 0 0 0 0 0 0 0 0 0 0 0 0 0 0 0 0 0 0 0 0 0 0 0 0 0 0 0 0 0 0 0 0 0 0 0 0 0 0 0 0 0 0 0 0 0 0 0 0 0 0 0 0 0 0 0 0 0 0 0 0 0 0 0 0 0 0 0 0 0 0 0 0 0 0 0 0 0 0 0 0 0 0 0 0 0 0 0 0 0 0 0 0 0 0 0 0 0 0 0 0 0 0 0 0 0 0 0 0 0 0 0 0 0 0 0 0 0 0 0 0 0 0 0 0 0 0 0 0 0 0 0 0 0 0 0 0 0 0 0 0 0 0 0 0 0 0 0 0 0 0 0 0 0 0 0 0 0 0 0 0 0 0 0 0 0 0 0 0 0 0 0 0 0 0 0 0 0 0 0 0 0 0 0 0 0 0 0 0 0 0 0 0 0 0 0 0 0 0 0 0 0 0 0 0 0 0 0 4 0 0 0 0 0 0 0 47 0 0 48 0 0 0 0 0 0 0 0 0 0 0 0 1 0 0 0 0 0 0 0 0 0 0 0 0 0 0 0 0 0 0 0 0 0 0 0 0 0 0 0 0 0 0 0 0 0 0 0 0 0 0 0 0 0 0 0 0 0 0 0 0 0 0 0 0 0 0 0 0 0 0 0 0 0 0 0 0 0 0 0 0 0 20 0 0 0 0 0 0 0 0 0 0 0 0 0 0 0 0 0 0 0 0 0 0 0 0 0 0 0 0 0 0 0 0 0 0 0 0 0 0 0 0 0 0 0 0 0 0 0 0 0 0 0 0 0 0 0 0 0 0 0 0 0 0 0 0 0 0 0 0 0 0 0 0 0 0 0 0 0 0 0 0 0 0 0 0 0 0 0 0 0 0 0 0 0 0 0 0 0 0 0 0 0 0 0 0 0 0 0 0 0 0 0 0 0 0 0 0 0 0 0 0 0 0 0 0 0 0 0 0 0 0 0 0 0 0 0 0 0 0 0 0 0 0 0 0 0 0 0 0 0 0 0 0 0 0 0 0 0 0 0 0 0 0 0 0 0 0 0 0 0 0 0 0 0 0 0 0 0 0 0 0 0 0 0 0 0 0 0 0 0 0 0 0 0 0 0 0 0 0 0 0 0 0 0 0 0 0 0 0 0 0 0 0 0 0 0 0 0 0 0 0 0 0 0 0 0 0 0 0 0 0 0 0 0 0 0 0 0 0 0 0 0 0 0 0 0 0 0 0 0 0 0 0 0 0 0 0 0 0 0 0 0 0 0 0 0 0 0 0 0 0 0 0 0 0 0 0 0 0 0 0 0 0 0 0 0 0 0 0 0 0 0 0 0 0 0 0 0 0 0 0 0 0 0 0 0 0 0 0 0 0 0 0 0 0 0 0 0 0 0 0 0 0 0 0 0 0 0 0 0 0 0 0 0 0 0 0 0 0 0 0 0 0 0 0 0 0 0 0 0 0 0 0 0 0 0 0 0 0 0 0 0 0 0 0 0 0 0 0 0 0 0 0 0 0 0 0 0 0 0 0 0 0 0 0 0 0 0 0 0 0 0 0 0 0 0 0 0 0 0 0 0 0 0 0 0 0 0 0 0 0 0 0 0 0 0 0 0 0 0 0 0 0 0 0 0 0 0 0 0 0 0 0 0 0 0 0 0 0 0 0 0 0 0 0 0 0 0 0 0 0 0 0 0 0 0 0 0 0 0 0 0 0 0 0 0 0 0 0 0 0 0 0 0 0 0 0 0 0 0 0 0 0 0 0 0 0 0 0 0 0 0 0 0 0 0 0 0 0 0 0 0 0 0 0 0 0 0 0 0 0 0 0 0 0 0 0 0 0 0 0 0 0 0 0 0 0 0 0 0 0 0 0 0 0 0 0 0 0 0 0 0 0 0 0 0 0 0 0 0 0 0 0 0 0 0 0 0 0 0 0 0 0 0 0 0 0 0 0 0 0 0 0 0 0 0 0 0 0 0 0 0 0 0 0 0 0 0 0 0 0 0 0 0 0 0 0 0 0 0 0 0 0 0 0 0 0 0 0 0 0 0 0 0 0 0 0 0 0 0 0 0 0 0 0 0 0 0 0 0 0 0 0 0 0 0 0 0 0 0 0 0 0 0 0 0 0 0 0 0 0 0 0 0 0 0 0 0 0 0 0 0 0 0 0 0 0 0 0 0 0 0 0 0 0 0 0 0 0 0 0 0 0 0 0 0 0 0 0 0 0 0 0 0 0 0 0 0 0 0 0 0 0 0 0 0 0 0 0 0 0 0 0 0 0 0 0 0 0 0 0 0 0 0 0 0 0 0 0 0 0 0 0 0 0 0 0 0 0 0 0 0 0 0 0 0 0 0 0 0 0 0 0 0 0 0 0 0 0 0 0 0 0 0 0 0 0 0 0 0 0 0 0 0 0 0 0 0 0 0 0 0 0 0 0 0 0 0 0 0 0 0 0 0 0 0 0 0 0 0 0 0 0 0 0 0 0 0 0 0 0 0 0 0 0 0 0 0 0 0 0 0 0 0 0 0 0 0 0 0 0 0 0 0 0 0 0 0 0 0 0 0 0 0 0 0 0 0 0 0 0 0 0 0 0 0 0 0 0 0 0 0 0 0 0 0 0 0 0 0 0 0 0 0 0 0 0 0 0 0 0 0 0 0 0 0 0 0 0 0 0 0 0 0 0 0 0 0 0 0 0 0 0 0 0 0 0 0 0 0 0 0 0 0 0 0 0 0 0 0 0 0 0 0 0 0 0 0 0 0 0 0 0 0 0 0 0 0 0 0 0 0 0 0 0 0 0 0 0 0 0 0 0 0 0 0 0 0 0 0 0 0 0 0 0 0 0 0 0 0 0 0 0 0 0 0 0 0 0 0 0 0 0 0 0 0 0 0 0 0 0 0 0 0 0 0 0 0 0 0 0 0 0 0 0 0 0 0 0 0 0 0 0 0 0 0 0 0 0 0 0 0 0 0 0 0 0 0 0 0 0 0 0 0 0 0 0 0 0 0 0 0 0 0 0 0 0 0 0 0 0 0 0 0 0 0 0 0 0 0 0 0 0 0 0 0 0 0 0 0 0 0 0 0 0 0 0 0 0 0 0 0 0 0 0 0 0 0 0 0 0 0 0 0 0 0 0 0 0 0 0 0 0 0 0 0 0 0 0 0 0 0 0 0 0 0 0 0 0 0 0 0 0 0 0 0 0 0 0 0 0 0 0 0 0 0 0 0 0 0 0 0 0 0 0 0 0 0 0 0 0 0 0 0 0 0 0 0 0 0 0 0 0 0 0 0 0 0 0 0 0 0 0 0 0 0 0 0 0 0 0 0 0 0 0 0 0 0 0 0 0 0 0 0 0 0 0 0 0 0 0 0 0 0 0 0 0 0 0 0 0 0 0 0 0 0 0 0 0 0 0 0 0 0 0 0 0 0 0 0 0 0 0 0 0 0 0 0 0 0 0 0 0 0 0 0 0 0 0 0 0 0 0 0 0 0 0 0 0 0 0 0 0 0 0 0 0 0 0 0 0 0 0 0 0 0 0 0 0 0 0 0 0 0 0 0 0 0 0 0 0 0 0 0 0 0 0 0 0 0 0 0 0 0 0 0 0 0 0 0 0 0 0 0 0 0 0 0 0 0 0 0 0 0 0 0 0 0 0 0 0 0 0 0 0 0 0 0 0 0 0 0 0 0 0 0 0 0 0 0 0 0 0 0 0 0 0 0 0 0 0 0 0 0 0 0 0 0 0 0 0 0 0 0 0 0 0 0 0 0 0 0 0 0 0 0 0 0 0 0 0 0 0 0 0 0 0 0 0 0 0 0 0 0 0 0 0 0 0 0 0 0 0 0 0 0 0 0 0 0 0 0 0 0 0 0 0 0 0 0 0 0 0 0 0 0 0 0 0 0 0 0 0 0 0 0 0 0 0 0 0 0 0 0 0 0 0 0 0 0 0 0 0 0 0 0 0 0 0 0 0 0 0 0 0 0 0 0 0 0 0 0 0 0 0 0 0 0 0 0 0 0 0 0 0 0 0 0 0 0 0 0 0 0 0 0 0 0 0 0 0 0 0 0 0 0 0 0 0 0 0 0 0 0 0 0 0 0 0 0 0 0 0 0 0 0 0 0 0 0 0 0 0 0 0 0 0 0 0 0 0 0 0 0 0 0 0 0 0 0 0 0 0 0 0 0 0 0 0 0 0 0 0 0 0 0 0 0 0 0 0 0 0 0 0 0 0 0 0 0 0 0 0 0 0 0 0 0 0 0 0 0 0 0 0 0 0 0 0 0 0 0 0 0 0 0 0 0 0 0 0 0 0 0 0 0 0 0 0 0 0 0 0 0 0 0 0 0 0 0 0 0 0 0 0 0 0 0 0 0 0 0 0 0 0 0 0 0 0 0 0 0 0 0 0 0 0 0 0 0 0 0 0 0 0 0 0 0 0 0 0 0 0 0 0 0 0 0 0 0 0 0 0 0 0 0 0 0 0 0 0 0 0 0 0 0 0 0 0 0 0 0 0 0 0 0 0 0 0 0 0 0 0 0 0 0 0 0 0 0 0 0 0 0 0 0 0 0 0 0 0 0 0 0 0 0 0 0 0 0 0 0 0 0 0 0 0 0 0 0 0 0 0 0 0 0 0 0 0 0 0 0 0 0 0 0 0 0 0 0 0 0 0 0 0 0 0 0 0 0 0 0 0 0 0 0 0 0 0 0 0 0 0 0 0 0 0 0 0 0 0 0 0 0 0 0 0 0 0 0 0 0 0 0 0 0 0 0 0 0 0 0 0 0 0 0 0 0 0 0 0 0 0 0 0 0 0 0 0 0 0 0 0 0 0 0 0 0 0 0 0 0 0 0 0 0 0 0 0 0 0 0 0 0 0 0 0 0 0 0 0 0 0 0 0 0 0 0 0 0 0 0 0 0 0 0 0 0 0 0 0 0 0 0 0 0 0 0 0 0 0 0 0 0 0 0 0 0 0 0 0 0 0 0 0 0 0 0 0 0 0 0 0 0 0 0 0 0 0 0 0 0 0 0 0 0 0 0 0 0 0 0 0 0 0 0 0 0 0 0 0 0 0 0 0 0 0 0 0 0 0 0 0 0 0 0 0 0 0 0 0 0 0 0 0 0 0 0 0 0 0 0 0 0 0 0 0 0 0 0 0 0 0 0 0 0 0 0 0 0 0 0 0 0 0 0 0 0 0 0 0 0 0 0 0 0 0 0 0 0 0 0 0 0 0 0 0 0 0 0 0 0 0 0 0 0 0 0 0 0 0 0 0 0 0 0 0 0 0 0 0 0 0 0 0 0 0 0 0 0 0 0 0 0 0 0 0 0 0 0 0 0 0 0 0 0 0 0 0 0 0 0 0 0 0 0 0 0 0 0 0 0 0 0 0 0 0 0 0 0 0 0 0 0 0 0 0 0 0 0 0 0 0 0 0 0 0 0 0 0 0 0 0 0 0 0 0 0 0 0 0 0 0 0 0 0 0 0 0 0 0 0 0 0 0 0 0 0 0 0 0 0 0 0 0 0 0 0 0 0 0 0 0 0 0 0 0 0 0 0 0 0 0 0 0 0 0 0 0 0 0 0 0 0 0 0 0 0 0 0 0 0 0 0 0 0 0 0 0 0 0 0 0 0 0 0 0 0 0 0 0 0 0 0 0 0 0 0 0 0 0 0 0 0 0 0 0 0 0 0 0 0 0 0 0 0 0 0 0 0 0 0 0 0 0 0 0 0 0 0 0 0 0 0 0 0 0 0 0 0 0 0 0 0 0 0 0 0 0 0 0 0 0 0 0 0 0 0 0 0 0 0 0 0 0 0 0 0 0 0 0 0 0 0 0 0 0 0 0 0 0 0 0 0 0 0 0 0 0 0 0 0 0 0 0 0 0 0 0 0 0 0 0 0 0 0 0 0 0 0 0 0 0 0 0 0 0 0 0 0 0 0 0 0 0 0 0 0 0 0 0 0 0 0 0 0 0 0 0 0 0 0 0 0 0 0 0 0 0 0 0 0 0 0 0 0 0 0 0 0 0 0 0 0 0 0 0 0 0 0 0 0 0 0 0 0 0 0 0 0 0 0 0 0 0 0 0 0 0 0 0 0 0 0 0 0 0 0 0 0 0 0 0 0 0 0 0 0 0 0 0 0 0 0 0 0 0 0 0 0 0 0 0 0 0 0 0 0 0 0 0 0 0 0 0 0 0 0 0 0 0 0 0 0 0 0 0 0 0 0 0 0 0 0 0 0 0 0 0 0 0 0 0 0 0 0 0 0 0 0 0 0 0 0 0 0 0 0 0 0 0 0 0 0 0 0 0 0 0 0 0 0 0 0 0 0 0 0 0 0 0 0 0 0 0 0 0 0 0 0 0 0 0 0 0 0 0 0 0 0 0 0 0 0 0 0 0 0 0 0 0 0 0 0 0 0 0 0 0 0 0 0 0 0 0 0 0 0 0 0 0 0 0 0 0 0 0 0 0 0 0 0 0 0 0 0 0 0 0 0 0 0 0 0 0 0 0 0 0 0 0 0 0 0 0 0 0 0 0 0 0 0 0 0 0 0 0 0 0 0 0 0 0 0 0 0 0 0 0 0 0 0 0 0 0 0 0 0 0 0 0 0 0 0 0 0 0 0 0 0 0 0 0 0 0 0 0 0 0 0 0 0 0 0 0 0 0 0 0 0 0 0 0 0 0 0 0 0 0 0 0 0 0 0 0 0 0 0 0 0 0 0 0 0 0 0 0 0 0 0 0 0 0 0 0 0 0 0 0 0 0 0 0 0 0 0 0 0 0 0 0 0 0 0 0 0 0 0 0 0 0 0 0 0 0 0 0 0 0 0 0 0 0 0 0 0 0 0 0 0 0 0 0 0 0 0 0 0 0 0 0 0 0 0 0 0 0 0 0 0 0 0 0 0 0 0 0 0 0 0 0 0 0 0 0 0 0 0 0 0 0 0 0 0 0 0 0 0 0 0 0 0 0 0 0 0 0 0 0 0 0 0 0 0 0 0 0 0 0 0 0 0 0 0 0 0 0 0 0 0 0 0 0 0 0 0 0 0 0 0 0 0 0 0 0 0 0 0 0 0 0 0 0 0 0 0 0 0 0 0 0 0 0 0 0 0 0 0 0 0 0 0 0 0 0 0 0 0 0 0 0 0 0 0 0 0 0 0 0 0 0 0 0 0 0 0 0 0 0 0 0 0 0 0 0 0 0 0 0 0 0 0 0 0 0 0 0 0 0 0 0 0 0 0 0 0 0 0 0 0 0 0 0 0 0 0 0 0 0 0 0 0 0 0 0 0 0 0 0 0 0 0 0 0 0 0 0 0 0 0 0 0 0 0 0 0 0 0 0 0 0 0 0 0 0 0 0 0 0 0 0 0 0 0 0 0 0 0 0 0 0 0 0 0 0 0 0 0 0 0 0 0 0 0 0 0 0 0 0 0 0 0 0 0 0 0 0 0 0 0 0 0 0 0 0 0 0 0 0 0 0 0 0 0 0 0 0 0 0 0 0 0 0 0 0 0 0 0 0 0 0 0 0 0 0 0 0 0 0 0 0 0 0 0 0 0 0 0 0 0 0 0 0 0 0 0 0 0 0 0 0 0 0 0 0 0 0 0 0 0 0 0 0 0 0 0 0 0 0 0 0 0 0 0 0 0 0 0 0 0 0 0 0 0 0 0 0 0 0 0 0 0 0 0 0 0 0 0 0 0 0 0 0 0 0 0 0 0 0 0 0 0 0 0 0 0 0 0 0 0 0 0 0 0 0 0 0 0 0 0 0 0 0 0 0 0 0 0 0 0 0 0 0 0 0 0 0 0 0 0 0 0 0 0 0 0 0 0 0 0 0 0 0 0 0 0 0 0 0 0 0 0 0 0 0 0 0 0 0 0 0 0 0 0 0 0 0 0 0 0 0 0 0 0 0 0 0 0 0 0 0 0 0 0 0 0 0 0 0 0 0 0 0 0 0 0 0 0 0 0 0 0 0 0 0 0 0 0 0 0 0 0 0 0 0 0 0 0 0 0 0 0 0 0 0 0 0 0 0 0 0 0 0 0 0 0 0 0 0 0 0 0 0 0 0 0 0 0 0 0 0 0 0 0 0 0 0 0 0 0 0 0 0 0 0 0 0 0 0 0 0 0 0 0 0 0 0 0 0 0 0 0 0 0 0 0 0 0 0 0 0 0 0 0 0 0 0 0 0 0 0 0 0 0 0 0 0 0 0 0 0 0 0 0 0 0 0 0 0 0 0 0 0 0 0 0 0 0 0 0 0 0 0 0 0 0 0 0 0 0 0 0 0 0 0 0 0 0 0 0 0 0 0 0 0 0 0 0 0 0 0 0 0 0 0 0 0 0 0 0 0 0 0 0 0 0 0 0 0 0 0 0 0 0 0 0 0 0 0 0 0 0 0 0 0 0 0 0 0 0 0 0 0 0 0 0 0 0 0 0 0 0 0 0 0 0 0 0 0 0 0 0 0 0 0 0 0 0 0 0 0 0 0 0 0 0 0 0 0 0 0 0 0 0 0 0 0 0 0 0 0 0 0 0 0 0 0 0 0 0 0 0 0 0 0 0 0 0 0 0 0 0 0 0 0 0 0 0 0 0 0 0 0 0 0 0 0 0 0 0 0 0 0 0 0 0 0 0 0 0 0 0 0 0 0 0 0 0 0 0 0 0 0 0 0 0 0 0 0 0 0 0 0 0 0 0 0 0 0 0 0 0 0 0 0 0 0 0 0 0 0 0 0 0 0 0 0 0 0 0 0 0 0 0 0 0 0 0 0 0 0 0 0 0 0 0 0 0 0 0 0 0 0 0 0 0 0 0 0 0 0 0 0 0
ctxt 10898133
btime 1613064757
processes 245021
procs_running 1
procs_blocked 0
softirq 177144404 1 105948840 2185 2141261 0 0 189 5452088 0 63599840
