cpu  28298584 5 38908 5527889 386 0 3516 0 0 0
cpu0 441588 0 1114 86171 0 0 310 0 0 0
cpu1 441397 0 1200 86495 12 0 104 0 0 0
cpu2 441818 0 789 86602 0 0 12 0 0 0
cpu3 442166 0 650 86380 2 0 29 0 0 0
cpu4 441693 0 839 86581 0 0 103 0 0 0
cpu5 442814 0 648 85714 21 0 21 0 0 0
cpu6 442358 0 391 86405 0 0 12 0 0 0
cpu7 441640 0 1046 86420 8 0 99 0 0 0
cpu8 442032 0 542 86598 0 0 46 0 0 0
cpu9 442229 0 633 86292 65 0 12 0 0 0
cpu10 441107 0 1330 86531 0 0 249 0 0 0
cpu11 441802 0 858 86527 3 0 26 0 0 0
cpu12 442007 0 668 86527 0 0 14 0 0 0
cpu13 441788 0 912 86452 3 0 52 0 0 0
cpu14 441459 0 1077 86596 3 0 75 0 0 0
cpu15 442343 0 592 86255 1 0 30 0 0 0
cpu16 441600 0 1032 86568 5 0 11 0 0 0
cpu17 442144 0 585 86430 27 0 17 0 0 0
cpu18 441860 0 706 86598 0 0 48 0 0 0
cpu19 442004 0 842 86286 4 0 61 0 0 0
cpu20 441693 0 789 86607 1 0 125 0 0 0
cpu21 441870 0 840 86375 2 0 109 0 0 0
cpu22 442744 0 414 86015 0 0 45 0 0 0
cpu23 442616 0 381 86153 28 0 17 0 0 0
cpu24 442479 0 164 86513 24 0 4 0 0 0
cpu25 442583 0 381 86214 10 0 18 0 0 0
cpu26 442083 0 660 86470 0 0 6 0 0 0
cpu27 442867 0 441 85878 9 0 12 0 0 0
cpu28 442298 0 257 86509 0 0 133 0 0 0
cpu29 441499 0 1069 86486 2 0 153 0 0 0
cpu30 442138 0 482 86536 0 0 28 0 0 0
cpu31 443027 0 831 85234 1 0 105 0 0 0
cpu32 441749 0 819 86592 0 0 48 0 0 0
cpu33 442497 0 763 85917 4 0 25 0 0 0
cpu34 441949 0 630 86615 0 0 9 0 0 0
cpu35 442470 0 517 86198 1 0 16 0 0 0
cpu36 442311 0 282 86594 0 0 27 0 0 0
cpu37 442215 0 524 86412 1 0 49 0 0 0
cpu38 442372 0 267 86568 0 0 3 0 0 0
cpu39 441934 0 862 86276 1 0 132 0 0 0
cpu40 442400 0 217 86583 0 0 11 0 0 0
cpu41 442108 0 603 86403 40 0 49 0 0 0
cpu42 439613 0 2369 86596 0 0 634 0 0 0
cpu43 442127 0 507 86568 0 0 10 0 0 0
cpu44 442416 0 212 86574 0 0 10 0 0 0
cpu45 442266 0 616 86285 12 0 30 0 0 0
cpu46 442323 0 321 86537 0 0 19 0 0 0
cpu47 442314 0 471 86408 2 0 14 0 0 0
cpu48 442167 0 455 86577 0 0 2 0 0 0
cpu49 442353 0 442 86387 0 0 14 0 0 0
cpu50 442385 0 230 86583 0 0 11 0 0 0
cpu51 441989 0 708 86427 2 0 77 0 0 0
cpu52 442275 0 313 86588 0 0 30 0 0 0
cpu53 442712 0 420 86044 0 0 11 0 0 0
cpu54 442430 0 165 86586 0 0 22 0 0 0
cpu55 442184 1 640 86275 6 0 91 0 0 0
cpu56 442283 0 330 86584 0 0 2 0 0 0
cpu57 442843 2 276 86061 7 0 4 0 0 0
cpu58 442459 0 145 86586 0 0 6 0 0 0
cpu59 442530 0 312 86346 4 0 11 0 0 0
cpu60 442501 0 126 86575 0 0 3 0 0 0
cpu61 443174 0 392 85573 46 0 3 0 0 0
cpu62 442439 0 171 86588 0 0 3 0 0 0
cpu63 443023 0 615 85534 4 0 28 0 0 0
intr 79221701 82 0 0 0 630 0 0 0 1 0 285 0 0 0 0 0 0 0 0 0 0 0 0 0 0 0 0 0 0 0 0 0 0 0 0 0 0 0 5726 15092 1942 3505 884 4249 975 21557 2525 880 1186 816 384 3950 1504 8847 1456 792 787 9469 1619 1759 444 1853 610 10940 1264 3105 68948 14378 2505 3140 2945 5975 3906 2756 842 191 292 8183 2213 16717 486 940 1711 14843 167 3064 763 5149 303 7525 1207 1315 1269 309 1051 2259 1210 4988 872 743 917 8090 0 0 0 0 0 0 0 0 0 0 0 0 0 0 0 0 0 93 32190 0 0 0 0 0 0 0 0 0 0 0 0 0 0 0 0 0 0 0 0 0 0 0 0 0 0 0 0 0 0 0 0 0 0 0 0 0 0 0 0 0 0 0 0 0 0 0 0 0 0 0 0 0 0 0 0 0 0 0 0 0 0 0 0 0 0 0 0 0 0 0 0 0 0 0 17 0 0 0 0 0 0 0 0 0 0 0 0 0 0 0 0 0 0 0 0 0 0 0 0 0 0 0 0 0 0 0 0 0 0 0 0 0 0 0 0 0 0 0 0 0 0 0 0 0 0 0 0 0 0 0 0 0 0 0 0 0 0 0 0 0 0 0 0 0 0 0 0 0 0 0 0 0 0 0 0 0 0 0 0 0 0 0 0 0 0 0 0 0 0 0 0 0 0 0 0 0 0 0 0 0 0 0 0 0 0 0 0 0 0 0 0 0 0 0 0 0 0 0 0 0 0 0 0 0 0 0 0 0 0 0 0 0 0 0 0 0 0 0 0 0 0 0 0 0 0 0 0 0 0 0 0 0 0 0 0 0 0 0 0 0 0 0 0 0 0 0 0 0 0 0 0 0 0 0 0 0 0 0 0 0 0 0 0 0 0 0 0 0 0 0 0 0 0 0 0 0 0 0 0 0 0 0 0 0 0 0 0 0 0 0 0 0 0 0 0 0 0 0 0 0 0 0 0 0 0 0 0 0 0 0 0 0 0 0 0 0 0 0 0 0 0 0 0 0 0 0 0 0 0 0 0 0 0 0 0 0 0 0 0 0 0 0 0 0 0 0 0 0 0 0 0 0 0 0 0 0 0 0 0 0 0 0 0 0 0 0 0 0 0 0 0 0 0 0 0 0 0 0 0 0 0 0 0 0 0 0 0 0 0 0 0 0 0 0 0 0 0 0 0 0 0 0 0 0 0 0 0 0 0 0 0 0 0 0 0 0 0 0 0 0 0 0 0 0 0 0 0 0 0 0 0 0 0 0 0 0 0 0 0 0 0 0 0 0 0 0 0 0 0 0 0 0 0 0 0 0 0 0 0 0 0 0 0 0 0 0 0 0 0 0 0 0 0 0 0 0 0 0 0 0 0 0 0 0 0 0 0 0 0 0 0 0 0 0 0 0 0 0 0 0 0 0 0 0 0 0 0 0 0 0 0 0 0 0 0 0 0 0 0 0 0 0 0 0 0 0 0 0 0 0 0 0 0 0 0 0 0 0 0 0 0 0 0 0 0 0 0 0 0 0 0 0 0 0 0 0 0 0 0 0 0 0 0 0 0 0 0 0 0 0 0 0 0 0 0 0 0 0 0 0 0 0 0 0 0 0 0 0 0 0 0 0 0 0 0 0 0 0 0 0 0 0 0 0 0 0 0 0 0 0 0 0 0 0 0 0 0 0 0 0 0 0 0 0 0 0 0 0 0 0 0 0 0 0 0 0 0 0 0 0 0 0 0 0 0 0 0 0 0 0 0 0 0 0 0 0 0 0 0 0 0 0 0 0 0 0 0 0 0 0 0 0 0 0 0 0 0 0 0 0 0 0 0 0 0 0 0 0 0 0 0 0 0 0 0 0 0 0 0 0 0 0 0 0 0 0 0 0 0 0 0 0 0 0 0 0 0 0 0 0 0 0 0 0 0 0 0 0 0 0 0 0 0 0 0 0 0 0 0 0 0 0 0 0 0 0 0 0 0 0 0 0 0 0 0 0 0 0 0 0 0 0 0 0 0 0 0 0 0 0 0 0 0 0 0 0 0 0 0 0 0 0 0 0 0 0 0 0 0 0 0 0 0 0 0 0 0 0 0 0 0 0 0 0 0 0 0 0 0 0 0 0 0 0 0 0 0 0 0 0 0 0 0 0 0 0 0 0 0 0 0 0 0 0 0 0 0 0 0 0 0 0 0 0 0 0 0 0 0 0 0 0 0 0 0 0 0 0 0 0 0 0 0 0 0 0 0 0 0 0 0 0 0 0 0 0 0 0 0 0 0 0 0 0 0 0 0 0 0 0 0 0 0 0 0 0 0 0 0 0 0 0 0 0 0 0 0 0 0 0 0 0 0 0 0 0 0 0 0 0 0 0 0 0 0 0 0 0 0 0 0 0 0 0 0 0 0 0 0 0 0 0 0 0 0 0 0 0 0 0 0 0 0 0 0 0 0 0 0 0 0 0 0 0 0 0 0 0 0 0 0 0 0 0 0 0 0 0 0 0 0 0 0 0 0 0 0 0 0 0 0 0 0 0 0 0 0 0 0 0 0 0 0 0 0 0 0 0 0 0 0 0 0 0 0 0 0 0 0 0 0 0 0 0 0 0 0 0 0 0 0 0 0 0 0 0 0 0 0 0 0 0 0 0 0 0 0 0 0 0 0 0 0 0 0 0 0 0 0 0 0 0 0 0 0 0 0 0 0 0 0 0 0 0 0 0 0 0 0 0 0 0 0 0 0 0 0 0 0 0 0 0 0 0 0 0 0 0 0 0 0 0 0 0 0 0 0 0 0 0 0 0 0 0 0 0 0 0 0 0 0 0 0 0 0 0 0 0 0 0 0 0 0 0 0 0 0 0 0 0 0 0 0 0 0 0 0 0 0 0 0 0 0 0 0 0 0 0 0 0 0 0 0 0 0 0 0 0 0 0 0 0 0 0 0 0 0 0 0 0 0 0 0 0 0 0 0 0 0 0 0 0 0 0 0 0 0 0 0 0 0 0 0 0 0 0 0 0 0 0 0 0 0 0 0 0 0 0 0 0 0 0 0 0 0 0 0 0 0 0 0 0 0 0 0 0 0 0 0 0 0 0 0 0 0 0 0 0 0 0 0 0 0 0 0 0 0 0 0 0 0 0 0 0 0 0 0 0 0 0 0 0 0 0 0 0 0 0 0 0 0 0 0 0 0 0 0 0 0 0 0 0 0 0 0 0 0 0 0 0 0 0 0 0 0 0 0 0 0 0 0 0 0 0 0 0 0 0 0 0 0 0 0 0 0 0 0 0 0 0 0 0 0 0 0 0 0 0 0 0 0 0 0 0 0 0 0 0 0 0 0 0 0 0 0 0 0 0 0 0 0 0 0 0 0 0 0 0 0 0 0 0 0 0 0 0 0 0 0 0 0 0 0 0 0 0 0 0 0 0 0 0 0 0 0 0 0 0 0 0 0 0 0 0 0 0 0 0 0 0 0 0 0 0 0 0 0 0 0 0 0 0 0 0 0 0 0 0 0 0 0 0 0 0 0 0 0 0 0 0 0 0 0 0 0 0 0 0 0 0 0 0 0 0 0 0 0 0 0 0 0 0 0 0 0 0 0 0 0 0 0 0 0 0 0 0 0 0 0 0 0 0 0 0 0 0 0 0 0 0 0 0 0 0 0 0 0 0 0 0 0 0 0 0 0 0 0 0 0 0 0 0 0 0 0 0 0 0 0 0 0 0 0 0 0 0 0 0 0 0 0 0 0 0 0 0 0 0 0 0 0 0 0 0 0 0 0 0 0 0 0 0 0 0 0 0 0 0 0 0 0 0 0 0 0 0 0 0 0 0 0 0 0 0 0 0 0 0 0 0 0 0 0 0 0 0 0 0 0 0 0 0 0 0 0 0 0 0 0 0 0 0 0 0 0 0 0 0 0 0 0 0 0 0 0 0 0 0 0 0 0 0 0 0 0 0 0 0 0 0 0 0 0 0 0 0 0 0 0 0 0 0 0 0 0 0 0 0 0 0 0 0 0 0 0 0 0 0 0 0 0 0 0 0 0 0 0 0 0 0 0 0 0 0 0 0 0 0 0 0 0 0 0 0 0 0 0 0 0 0 0 0 0 0 0 0 0 0 0 0 0 0 0 0 0 0 0 0 0 0 0 0 0 0 0 0 0 0 0 0 0 0 0 0 0 0 0 0 0 0 0 0 0 0 0 0 0 0 0 0 0 0 0 0 0 0 0 0 0 0 0 0 0 0 0 0 0 0 0 0 0 0 0 0 0 0 0 0 0 0 0 0 0 0 0 0 0 0 0 0 0 0 0 0 0 0 0 0 0 0 0 0 0 0 0 0 0 0 0 0 0 0 0 0 0 0 0 0 0 0 0 0 0 0 0 0 0 0 0 0 0 0 0 0 0 0 0 0 0 0 0 0 0 0 0 0 0 0 0 0 0 0 0 0 0 0 0 0 0 0 0 0 0 0 0 0 0 0 0 0 0 0 0 0 0 0 0 0 0 0 0 0 0 0 0 0 0 0 0 0 0 0 0 0 0 0 0 0 0 0 0 0 0 0 0 0 0 0 0 0 0 0 0 0 0 0 0 0 0 0 0 0 0 0 0 0 0 0 0 0 0 0 0 0 0 0 0 0 0 0 0 0 0 0 0 0 0 0 0 0 0 0 0 0 0 0 0 0 0 0 0 0 0 0 0 0 0 0 0 0 0 0 0 0 0 0 0 0 0 0 0 0 0 0 0 0 0 0 0 0 0 0 0 0 0 0 0 0 0 0 0 0 0 0 0 0 0 0 0 0 0 0 0 0 0 0 0 0 0 0 0 0 0 0 0 0 0 0 0 0 0 0 0 0 0 0 0 0 0 0 0 0 0 0 0 0 0 0 0 0 0 0 0 0 0 0 0 0 0 0 0 0 0 0 0 0 0 0 0 0 0 0 0 0 0 0 0 0 0 0 0 0 0 0 0 0 0 0 0 0 0 0 0 0 0 0 0 0 0 0 0 0 0 0 0 0 0 0 0 0 0 0 0 0 0 0 0 0 0 0 0 0 0 0 0 0 0 0 0 0 0 0 0 0 0 0 0 0 0 0 0 0 0 0 0 0 0 0 0 0 0 0 0 0 0 0 0 0 0 0 0 0 0 0 0 0 0 0 0 0 0 0 0 0 0 0 0 0 0 0 0 0 0 0
ctxt 11484275
btime 1613123985
processes 277798
procs_running 1
procs_blocked 0
softirq 93273868 1 54676788 1901 2196125 0 0 154 2698685 0 33700214
