cpu  38925150 5 59944 8856728 130 0 5212 0 0 0
cpu0 607569 0 1691 137981 0 0 448 0 0 0
cpu1 608200 0 795 138546 2 0 134 0 0 0
cpu2 607087 0 1859 138506 0 0 173 0 0 0
cpu3 608204 0 618 138751 7 0 50 0 0 0
cpu4 607117 0 1779 138481 0 0 163 0 0 0
cpu5 608033 0 767 138695 0 0 139 0 0 0
cpu6 607590 0 1635 138225 0 0 177 0 0 0
cpu7 606530 0 2063 138714 0 0 311 0 0 0
cpu8 607875 0 1444 138243 0 0 56 0 0 0
cpu9 608579 0 302 138722 0 0 23 0 0 0
cpu10 607832 0 1712 137848 0 0 219 0 0 0
cpu11 608832 0 183 138606 0 0 8 0 0 0
cpu12 607836 0 1189 138549 0 0 48 0 0 0
cpu13 608519 0 376 138696 0 0 40 0 0 0
cpu14 608188 0 1984 137325 2 0 119 0 0 0
cpu15 608322 0 548 138683 0 0 75 0 0 0
cpu16 606642 0 2548 138362 3 0 59 0 0 0
cpu17 608290 0 608 138674 0 0 49 0 0 0
cpu18 606921 0 2403 138108 4 0 180 0 0 0
cpu19 608738 0 190 138687 0 0 14 0 0 0
cpu20 606660 0 2709 137852 59 0 294 0 0 0
cpu21 608738 0 216 138671 0 0 7 0 0 0
cpu22 606989 0 1896 138586 1 0 148 0 0 0
cpu23 608450 0 442 138677 0 0 55 0 0 0
cpu24 607237 1 1757 138522 0 0 106 0 0 0
cpu25 608820 0 131 138673 0 0 2 0 0 0
cpu26 607446 0 1502 138589 0 0 81 0 0 0
cpu27 609191 0 246 138184 0 0 7 0 0 0
cpu28 608222 0 1098 138248 0 0 56 0 0 0
cpu29 608568 0 340 138705 0 0 10 0 0 0
cpu30 607395 0 1550 138452 2 0 218 0 0 0
cpu31 608611 0 310 138669 1 0 30 0 0 0
cpu32 608389 0 991 138208 0 0 18 0 0 0
cpu33 608162 0 704 138693 0 0 30 0 0 0
cpu34 607826 0 1131 138576 0 0 66 0 0 0
cpu35 608256 0 550 138756 0 0 46 0 0 0
cpu36 608030 0 940 138545 0 0 66 0 0 0
cpu37 608500 0 386 138686 0 0 47 0 0 0
cpu38 608001 0 1283 138262 2 0 74 0 0 0
cpu39 606988 0 1645 138693 0 0 282 0 0 0
cpu40 608305 0 1053 138231 0 0 24 0 0 0
cpu41 608396 0 484 138659 1 0 79 0 0 0
cpu42 610884 0 1198 135427 14 0 64 0 0 0
cpu43 608794 0 130 138682 1 0 4 0 0 0
cpu44 610252 0 818 136537 0 0 17 0 0 0
cpu45 608419 0 459 138664 1 0 70 0 0 0
cpu46 609462 0 1344 136719 2 0 50 0 0 0
cpu47 608712 0 214 138677 1 0 10 0 0 0
cpu48 607784 0 1553 138165 0 0 93 0 0 0
cpu49 608437 0 486 138678 0 0 16 0 0 0
cpu50 608056 1 1150 138159 0 0 218 0 0 0
cpu51 608772 0 160 138676 0 0 5 0 0 0
cpu52 608044 0 970 138486 0 0 111 0 0 0
cpu53 608764 0 173 138657 0 0 6 0 0 0
cpu54 608380 0 676 138503 0 0 51 0 0 0
cpu55 608554 0 358 138672 0 0 30 0 0 0
cpu56 608153 0 841 138585 0 0 30 0 0 0
cpu57 608834 0 94 138685 0 0 2 0 0 0
cpu58 608073 0 874 138627 3 0 34 0 0 0
cpu59 608762 0 159 138684 0 0 6 0 0 0
cpu60 608546 0 547 138489 0 0 22 0 0 0
cpu61 608555 0 356 138668 0 0 32 0 0 0
cpu62 608164 0 853 138230 0 0 60 0 0 0
cpu63 608642 0 449 138491 0 0 28 0 0 0
intr 110495979 83 0 0 0 622 0 0 0 1 0 285 0 0 0 0 0 0 0 0 0 0 0 0 0 0 0 0 0 0 0 0 0 0 0 0 0 0 0 2052 25504 1145 14545 2171 6479 384 43746 860 3899 738 4533 667 5393 2392 20005 5103 7753 2292 2258 22989 2206 4879 9491 2689 793 1127 2125 925 2831 1094 4537 1242 11267 1109 19902 751 8187 2963 12173 1649 9550 1111 346 591 8465 4787 3724 3360 8552 76592 2022 2728 2546 1249 6010 1302 969 1427 1039 1139 3369 626 8278 0 0 0 0 0 0 0 0 0 0 0 0 0 0 0 0 0 33606 93 0 0 0 0 0 0 0 0 0 0 0 0 0 0 0 0 0 0 0 0 0 0 0 0 0 0 0 0 0 0 0 0 0 0 0 0 0 0 0 0 0 0 0 0 0 0 0 0 0 0 0 0 0 0 0 0 0 0 0 0 0 0 0 0 0 0 0 0 0 0 0 0 0 0 0 25 0 0 0 0 0 0 0 0 0 0 0 0 0 0 0 0 0 0 0 0 0 0 0 0 0 0 0 0 0 0 0 0 0 0 0 0 0 0 0 0 0 0 0 0 0 0 0 0 0 0 0 0 0 0 0 0 0 0 0 0 0 0 0 0 0 0 0 0 0 0 0 0 0 0 0 0 0 0 0 0 0 0 0 0 0 0 0 0 0 0 0 0 0 0 0 0 0 0 0 0 0 0 0 0 0 0 0 0 0 0 0 0 0 0 0 0 0 0 0 0 0 0 0 0 0 0 0 0 0 0 0 0 0 0 0 0 0 0 0 0 0 0 0 0 0 0 0 0 0 0 0 0 0 0 0 0 0 0 0 0 0 0 0 0 0 0 0 0 0 0 0 0 0 0 0 0 0 0 0 0 0 0 0 0 0 0 0 0 0 0 0 0 0 0 0 0 0 0 0 0 0 0 0 0 0 0 0 0 0 0 0 0 0 0 0 0 0 0 0 0 0 0 0 0 0 0 0 0 0 0 0 0 0 0 0 0 0 0 0 0 0 0 0 0 0 0 0 0 0 0 0 0 0 0 0 0 0 0 0 0 0 0 0 0 0 0 0 0 0 0 0 0 0 0 0 0 0 0 0 0 0 0 0 0 0 0 0 0 0 0 0 0 0 0 0 0 0 0 0 0 0 0 0 0 0 0 0 0 0 0 0 0 0 0 0 0 0 0 0 0 0 0 0 0 0 0 0 0 0 0 0 0 0 0 0 0 0 0 0 0 0 0 0 0 0 0 0 0 0 0 0 0 0 0 0 0 0 0 0 0 0 0 0 0 0 0 0 0 0 0 0 0 0 0 0 0 0 0 0 0 0 0 0 0 0 0 0 0 0 0 0 0 0 0 0 0 0 0 0 0 0 0 0 0 0 0 0 0 0 0 0 0 0 0 0 0 0 0 0 0 0 0 0 0 0 0 0 0 0 0 0 0 0 0 0 0 0 0 0 0 0 0 0 0 0 0 0 0 0 0 0 0 0 0 0 0 0 0 0 0 0 0 0 0 0 0 0 0 0 0 0 0 0 0 0 0 0 0 0 0 0 0 0 0 0 0 0 0 0 0 0 0 0 0 0 0 0 0 0 0 0 0 0 0 0 0 0 0 0 0 0 0 0 0 0 0 0 0 0 0 0 0 0 0 0 0 0 0 0 0 0 0 0 0 0 0 0 0 0 0 0 0 0 0 0 0 0 0 0 0 0 0 0 0 0 0 0 0 0 0 0 0 0 0 0 0 0 0 0 0 0 0 0 0 0 0 0 0 0 0 0 0 0 0 0 0 0 0 0 0 0 0 0 0 0 0 0 0 0 0 0 0 0 0 0 0 0 0 0 0 0 0 0 0 0 0 0 0 0 0 0 0 0 0 0 0 0 0 0 0 0 0 0 0 0 0 0 0 0 0 0 0 0 0 0 0 0 0 0 0 0 0 0 0 0 0 0 0 0 0 0 0 0 0 0 0 0 0 0 0 0 0 0 0 0 0 0 0 0 0 0 0 0 0 0 0 0 0 0 0 0 0 0 0 0 0 0 0 0 0 0 0 0 0 0 0 0 0 0 0 0 0 0 0 0 0 0 0 0 0 0 0 0 0 0 0 0 0 0 0 0 0 0 0 0 0 0 0 0 0 0 0 0 0 0 0 0 0 0 0 0 0 0 0 0 0 0 0 0 0 0 0 0 0 0 0 0 0 0 0 0 0 0 0 0 0 0 0 0 0 0 0 0 0 0 0 0 0 0 0 0 0 0 0 0 0 0 0 0 0 0 0 0 0 0 0 0 0 0 0 0 0 0 0 0 0 0 0 0 0 0 0 0 0 0 0 0 0 0 0 0 0 0 0 0 0 0 0 0 0 0 0 0 0 0 0 0 0 0 0 0 0 0 0 0 0 0 0 0 0 0 0 0 0 0 0 0 0 0 0 0 0 0 0 0 0 0 0 0 0 0 0 0 0 0 0 0 0 0 0 0 0 0 0 0 0 0 0 0 0 0 0 0 0 0 0 0 0 0 0 0 0 0 0 0 0 0 0 0 0 0 0 0 0 0 0 0 0 0 0 0 0 0 0 0 0 0 0 0 0 0 0 0 0 0 0 0 0 0 0 0 0 0 0 0 0 0 0 0 0 0 0 0 0 0 0 0 0 0 0 0 0 0 0 0 0 0 0 0 0 0 0 0 0 0 0 0 0 0 0 0 0 0 0 0 0 0 0 0 0 0 0 0 0 0 0 0 0 0 0 0 0 0 0 0 0 0 0 0 0 0 0 0 0 0 0 0 0 0 0 0 0 0 0 0 0 0 0 0 0 0 0 0 0 0 0 0 0 0 0 0 0 0 0 0 0 0 0 0 0 0 0 0 0 0 0 0 0 0 0 0 0 0 0 0 0 0 0 0 0 0 0 0 0 0 0 0 0 0 0 0 0 0 0 0 0 0 0 0 0 0 0 0 0 0 0 0 0 0 0 0 0 0 0 0 0 0 0 0 0 0 0 0 0 0 0 0 0 0 0 0 0 0 0 0 0 0 0 0 0 0 0 0 0 0 0 0 0 0 0 0 0 0 0 0 0 0 0 0 0 0 0 0 0 0 0 0 0 0 0 0 0 0 0 0 0 0 0 0 0 0 0 0 0 0 0 0 0 0 0 0 0 0 0 0 0 0 0 0 0 0 0 0 0 0 0 0 0 0 0 0 0 0 0 0 0 0 0 0 0 0 0 0 0 0 0 0 0 0 0 0 0 0 0 0 0 0 0 0 0 0 0 0 0 0 0 0 0 0 0 0 0 0 0 0 0 0 0 0 0 0 0 0 0 0 0 0 0 0 0 0 0 0 0 0 0 0 0 0 0 0 0 0 0 0 0 0 0 0 0 0 0 0 0 0 0 0 0 0 0 0 0 0 0 0 0 0 0 0 0 0 0 0 0 0 0 0 0 0 0 0 0 0 0 0 0 0 0 0 0 0 0 0 0 0 0 0 0 0 0 0 0 0 0 0 0 0 0 0 0 0 0 0 0 0 0 0 0 0 0 0 0 0 0 0 0 0 0 0 0 0 0 0 0 0 0 0 0 0 0 0 0 0 0 0 0 0 0 0 0 0 0 0 0 0 0 0 0 0 0 0 0 0 0 0 0 0 0 0 0 0 0 0 0 0 0 0 0 0 0 0 0 0 0 0 0 0 0 0 0 0 0 0 0 0 0 0 0 0 0 0 0 0 0 0 0 0 0 0 0 0 0 0 0 0 0 0 0 0 0 0 0 0 0 0 0 0 0 0 0 0 0 0 0 0 0 0 0 0 0 0 0 0 0 0 0 0 0 0 0 0 0 0 0 0 0 0 0 0 0 0 0 0 0 0 0 0 0 0 0 0 0 0 0 0 0 0 0 0 0 0 0 0 0 0 0 0 0 0 0 0 0 0 0 0 0 0 0 0 0 0 0 0 0 0 0 0 0 0 0 0 0 0 0 0 0 0 0 0 0 0 0 0 0 0 0 0 0 0 0 0 0 0 0 0 0 0 0 0 0 0 0 0 0 0 0 0 0 0 0 0 0 0 0 0 0 0 0 0 0 0 0 0 0 0 0 0 0 0 0 0 0 0 0 0 0 0 0 0 0 0 0 0 0 0 0 0 0 0 0 0 0 0 0 0 0 0 0 0 0 0 0 0 0 0 0 0 0 0 0 0 0 0 0 0 0 0 0 0 0 0 0 0 0 0 0 0 0 0 0 0 0 0 0 0 0 0 0 0 0 0 0 0 0 0 0 0 0 0 0 0 0 0 0 0 0 0 0 0 0 0 0 0 0 0 0 0 0 0 0 0 0 0 0 0 0 0 0 0 0 0 0 0 0 0 0 0 0 0 0 0 0 0 0 0 0 0 0 0 0 0 0 0 0 0 0 0 0 0 0 0 0 0 0 0 0 0 0 0 0 0 0 0 0 0 0 0 0 0 0 0 0 0 0 0 0 0 0 0 0 0 0 0 0 0 0 0 0 0 0 0 0 0 0 0 0 0 0 0 0 0 0 0 0 0 0 0 0 0 0 0 0 0 0 0 0 0 0 0 0 0 0 0 0 0 0 0 0 0 0 0 0 0 0 0 0 0 0 0 0 0 0 0 0 0 0 0 0 0 0 0 0 0 0 0 0 0 0 0 0 0 0 0 0 0 0 0 0 0 0 0 0 0 0 0 0 0 0 0 0 0 0 0 0 0 0 0 0 0 0 0 0 0 0 0 0 0 0 0 0 0 0 0 0 0 0 0 0 0 0 0 0 0 0 0 0 0 0 0 0 0 0 0 0 0 0 0 0 0 0 0 0 0 0 0 0 0 0 0 0 0 0 0 0 0 0 0 0 0 0 0 0 0 0 0 0 0 0 0 0 0 0 0 0 0 0 0 0 0 0 0 0 0 0 0 0 0 0 0 0 0 0 0 0 0 0 0 0 0 0 0 0 0 0 0 0 0 0 0 0 0 0 0 0 0 0 0 0 0 0 0 0 0 0 0 0 0 0 0 0 0 0 0 0 0 0 0 0 0 0 0 0 0 0 0 0 0 0 0 0 0 0 0 0 0 0 0 0 0 0 0 0 0 0 0 0 0 0 0 0 0 0 0 0 0 0 0 0 0 0 0 0 0 0 0 0 0 0 0 0 0 0 0 0 0 0 0 0 0 0 0 0 0 0 0 0 0 0 0
ctxt 15920598
btime 1613123984
processes 368792
procs_running 1
procs_blocked 0
softirq 126237094 1 73242810 2300 3052882 0 0 147 3682068 0 46256886
