cpu  31946724 6 64678 2672845 148 0 6241 0 0 0
cpu0 496224 0 3637 41570 0 0 526 0 0 0
cpu1 499388 0 601 41995 11 0 42 0 0 0
cpu2 495684 0 3042 41582 0 0 1677 0 0 0
cpu3 499452 0 399 42146 0 0 58 0 0 0
cpu4 497808 0 2443 41605 0 0 186 0 0 0
cpu5 499714 0 182 42153 1 0 4 0 0 0
cpu6 497656 0 2697 41460 0 0 202 0 0 0
cpu7 498744 0 1056 42141 1 0 114 0 0 0
cpu8 497944 0 2456 41477 1 0 174 0 0 0
cpu9 499480 0 368 42155 0 0 52 0 0 0
cpu10 498469 0 2407 40997 1 0 193 0 0 0
cpu11 499802 0 82 42158 4 0 5 0 0 0
cpu12 499132 0 1816 40985 0 0 128 0 0 0
cpu13 499642 0 228 42173 0 0 11 0 0 0
cpu14 498613 0 1938 41364 0 0 142 0 0 0
cpu15 499635 0 247 42160 0 0 9 0 0 0
cpu16 500314 2 1654 39956 7 0 113 0 0 0
cpu17 499475 0 359 42163 0 0 57 0 0 0
cpu18 498542 0 1865 41498 0 0 150 0 0 0
cpu19 499782 0 118 42146 0 0 2 0 0 0
cpu20 498880 0 1693 41204 80 0 128 0 0 0
cpu21 499577 0 288 42154 0 0 36 0 0 0
cpu22 498434 0 1858 41640 2 0 129 0 0 0
cpu23 499335 0 521 42147 0 0 50 0 0 0
cpu24 498642 0 1691 41565 4 0 112 0 0 0
cpu25 499827 0 71 42151 2 0 1 0 0 0
cpu26 498357 0 1851 41718 0 0 116 0 0 0
cpu27 499829 0 70 42148 0 0 1 0 0 0
cpu28 498202 0 1938 41753 0 0 143 0 0 0
cpu29 499782 0 101 42155 0 0 7 0 0 0
cpu30 498384 0 1874 41643 2 0 130 0 0 0
cpu31 499633 0 272 42132 0 0 12 0 0 0
cpu32 498479 0 1790 41634 0 0 104 0 0 0
cpu33 499110 0 740 42144 0 0 53 0 0 0
cpu34 498955 0 1458 41503 0 0 84 0 0 0
cpu35 499762 0 140 42141 0 0 3 0 0 0
cpu36 498992 0 1407 41547 0 0 96 0 0 0
cpu37 499512 0 328 42153 0 0 45 0 0 0
cpu38 498647 0 1947 41318 0 0 105 0 0 0
cpu39 499198 0 641 42148 0 0 58 0 0 0
cpu40 498868 0 1650 41431 1 0 88 0 0 0
cpu41 499754 0 132 42151 0 0 6 0 0 0
cpu42 499757 0 1489 40730 0 0 75 0 0 0
cpu43 499828 0 78 42129 0 0 1 0 0 0
cpu44 500376 1 1018 40560 0 0 77 0 0 0
cpu45 499542 0 325 42144 0 0 34 0 0 0
cpu46 499296 0 1311 41364 0 0 77 0 0 0
cpu47 499649 0 255 42123 0 0 4 0 0 0
cpu48 499712 0 1131 41137 0 0 63 0 0 0
cpu49 499549 0 306 42156 0 0 38 0 0 0
cpu50 498948 0 1291 41698 0 0 96 0 0 0
cpu51 499782 0 110 42149 0 0 2 0 0 0
cpu52 499912 0 758 41312 2 0 49 0 0 0
cpu53 499503 0 354 42145 0 0 44 0 0 0
cpu54 499560 0 755 41666 0 0 50 0 0 0
cpu55 499440 0 421 42150 0 0 25 0 0 0
cpu56 499012 0 1268 41717 0 0 47 0 0 0
cpu57 499825 0 74 42125 7 0 2 0 0 0
cpu58 499170 0 1054 41754 0 0 65 0 0 0
cpu59 499809 0 82 42146 0 0 1 0 0 0
cpu60 499418 0 898 41689 0 0 46 0 0 0
cpu61 499824 0 75 42136 2 0 1 0 0 0
cpu62 499446 0 1277 41240 0 0 61 0 0 0
cpu63 499685 0 266 42079 0 0 8 0 0 0
intr 88848471 83 0 0 0 612 0 0 0 1 0 285 0 0 0 0 0 0 0 0 0 0 0 0 0 0 0 0 0 0 0 0 0 0 0 0 0 0 0 4480 12597 109838 2404 1963 751 1468 16499 2572 14238 2809 0 652 2371 2151 6819 1338 5061 1240 471 7956 7283 775 9207 1673 26 1069 246 1203 1910 1478 4793 1554 13651 762 373 1710 12063 984 17745 2134 3758 1476 2 1063 2840 891 2430 1918 5561 1358 317 678 8779 3499 12328 517 35 1496 252 3165 0 1018 3469 0 0 0 0 0 0 0 0 0 0 0 0 0 0 0 0 0 33655 94 0 0 0 0 0 0 0 0 0 0 0 0 0 0 0 0 0 0 0 0 0 0 0 0 0 0 0 0 0 0 0 0 0 0 0 0 0 0 0 0 0 0 0 0 0 0 0 0 0 0 0 0 0 0 0 0 0 0 0 0 0 0 0 0 0 0 0 0 0 0 0 0 0 0 0 20 0 0 0 0 0 0 0 0 0 0 0 0 0 0 0 0 0 0 0 0 0 0 0 0 0 0 0 0 0 0 0 0 0 0 0 0 0 0 0 0 0 0 0 0 0 0 0 0 0 0 0 0 0 0 0 0 0 0 0 0 0 0 0 0 0 0 0 0 0 0 0 0 0 0 0 0 0 0 0 0 0 0 0 0 0 0 0 0 0 0 0 0 0 0 0 0 0 0 0 0 0 0 0 0 0 0 0 0 0 0 0 0 0 0 0 0 0 0 0 0 0 0 0 0 0 0 0 0 0 0 0 0 0 0 0 0 0 0 0 0 0 0 0 0 0 0 0 0 0 0 0 0 0 0 0 0 0 0 0 0 0 0 0 0 0 0 0 0 0 0 0 0 0 0 0 0 0 0 0 0 0 0 0 0 0 0 0 0 0 0 0 0 0 0 0 0 0 0 0 0 0 0 0 0 0 0 0 0 0 0 0 0 0 0 0 0 0 0 0 0 0 0 0 0 0 0 0 0 0 0 0 0 0 0 0 0 0 0 0 0 0 0 0 0 0 0 0 0 0 0 0 0 0 0 0 0 0 0 0 0 0 0 0 0 0 0 0 0 0 0 0 0 0 0 0 0 0 0 0 0 0 0 0 0 0 0 0 0 0 0 0 0 0 0 0 0 0 0 0 0 0 0 0 0 0 0 0 0 0 0 0 0 0 0 0 0 0 0 0 0 0 0 0 0 0 0 0 0 0 0 0 0 0 0 0 0 0 0 0 0 0 0 0 0 0 0 0 0 0 0 0 0 0 0 0 0 0 0 0 0 0 0 0 0 0 0 0 0 0 0 0 0 0 0 0 0 0 0 0 0 0 0 0 0 0 0 0 0 0 0 0 0 0 0 0 0 0 0 0 0 0 0 0 0 0 0 0 0 0 0 0 0 0 0 0 0 0 0 0 0 0 0 0 0 0 0 0 0 0 0 0 0 0 0 0 0 0 0 0 0 0 0 0 0 0 0 0 0 0 0 0 0 0 0 0 0 0 0 0 0 0 0 0 0 0 0 0 0 0 0 0 0 0 0 0 0 0 0 0 0 0 0 0 0 0 0 0 0 0 0 0 0 0 0 0 0 0 0 0 0 0 0 0 0 0 0 0 0 0 0 0 0 0 0 0 0 0 0 0 0 0 0 0 0 0 0 0 0 0 0 0 0 0 0 0 0 0 0 0 0 0 0 0 0 0 0 0 0 0 0 0 0 0 0 0 0 0 0 0 0 0 0 0 0 0 0 0 0 0 0 0 0 0 0 0 0 0 0 0 0 0 0 0 0 0 0 0 0 0 0 0 0 0 0 0 0 0 0 0 0 0 0 0 0 0 0 0 0 0 0 0 0 0 0 0 0 0 0 0 0 0 0 0 0 0 0 0 0 0 0 0 0 0 0 0 0 0 0 0 0 0 0 0 0 0 0 0 0 0 0 0 0 0 0 0 0 0 0 0 0 0 0 0 0 0 0 0 0 0 0 0 0 0 0 0 0 0 0 0 0 0 0 0 0 0 0 0 0 0 0 0 0 0 0 0 0 0 0 0 0 0 0 0 0 0 0 0 0 0 0 0 0 0 0 0 0 0 0 0 0 0 0 0 0 0 0 0 0 0 0 0 0 0 0 0 0 0 0 0 0 0 0 0 0 0 0 0 0 0 0 0 0 0 0 0 0 0 0 0 0 0 0 0 0 0 0 0 0 0 0 0 0 0 0 0 0 0 0 0 0 0 0 0 0 0 0 0 0 0 0 0 0 0 0 0 0 0 0 0 0 0 0 0 0 0 0 0 0 0 0 0 0 0 0 0 0 0 0 0 0 0 0 0 0 0 0 0 0 0 0 0 0 0 0 0 0 0 0 0 0 0 0 0 0 0 0 0 0 0 0 0 0 0 0 0 0 0 0 0 0 0 0 0 0 0 0 0 0 0 0 0 0 0 0 0 0 0 0 0 0 0 0 0 0 0 0 0 0 0 0 0 0 0 0 0 0 0 0 0 0 0 0 0 0 0 0 0 0 0 0 0 0 0 0 0 0 0 0 0 0 0 0 0 0 0 0 0 0 0 0 0 0 0 0 0 0 0 0 0 0 0 0 0 0 0 0 0 0 0 0 0 0 0 0 0 0 0 0 0 0 0 0 0 0 0 0 0 0 0 0 0 0 0 0 0 0 0 0 0 0 0 0 0 0 0 0 0 0 0 0 0 0 0 0 0 0 0 0 0 0 0 0 0 0 0 0 0 0 0 0 0 0 0 0 0 0 0 0 0 0 0 0 0 0 0 0 0 0 0 0 0 0 0 0 0 0 0 0 0 0 0 0 0 0 0 0 0 0 0 0 0 0 0 0 0 0 0 0 0 0 0 0 0 0 0 0 0 0 0 0 0 0 0 0 0 0 0 0 0 0 0 0 0 0 0 0 0 0 0 0 0 0 0 0 0 0 0 0 0 0 0 0 0 0 0 0 0 0 0 0 0 0 0 0 0 0 0 0 0 0 0 0 0 0 0 0 0 0 0 0 0 0 0 0 0 0 0 0 0 0 0 0 0 0 0 0 0 0 0 0 0 0 0 0 0 0 0 0 0 0 0 0 0 0 0 0 0 0 0 0 0 0 0 0 0 0 0 0 0 0 0 0 0 0 0 0 0 0 0 0 0 0 0 0 0 0 0 0 0 0 0 0 0 0 0 0 0 0 0 0 0 0 0 0 0 0 0 0 0 0 0 0 0 0 0 0 0 0 0 0 0 0 0 0 0 0 0 0 0 0 0 0 0 0 0 0 0 0 0 0 0 0 0 0 0 0 0 0 0 0 0 0 0 0 0 0 0 0 0 0 0 0 0 0 0 0 0 0 0 0 0 0 0 0 0 0 0 0 0 0 0 0 0 0 0 0 0 0 0 0 0 0 0 0 0 0 0 0 0 0 0 0 0 0 0 0 0 0 0 0 0 0 0 0 0 0 0 0 0 0 0 0 0 0 0 0 0 0 0 0 0 0 0 0 0 0 0 0 0 0 0 0 0 0 0 0 0 0 0 0 0 0 0 0 0 0 0 0 0 0 0 0 0 0 0 0 0 0 0 0 0 0 0 0 0 0 0 0 0 0 0 0 0 0 0 0 0 0 0 0 0 0 0 0 0 0 0 0 0 0 0 0 0 0 0 0 0 0 0 0 0 0 0 0 0 0 0 0 0 0 0 0 0 0 0 0 0 0 0 0 0 0 0 0 0 0 0 0 0 0 0 0 0 0 0 0 0 0 0 0 0 0 0 0 0 0 0 0 0 0 0 0 0 0 0 0 0 0 0 0 0 0 0 0 0 0 0 0 0 0 0 0 0 0 0 0 0 0 0 0 0 0 0 0 0 0 0 0 0 0 0 0 0 0 0 0 0 0 0 0 0 0 0 0 0 0 0 0 0 0 0 0 0 0 0 0 0 0 0 0 0 0 0 0 0 0 0 0 0 0 0 0 0 0 0 0 0 0 0 0 0 0 0 0 0 0 0 0 0 0 0 0 0 0 0 0 0 0 0 0 0 0 0 0 0 0 0 0 0 0 0 0 0 0 0 0 0 0 0 0 0 0 0 0 0 0 0 0 0 0 0 0 0 0 0 0 0 0 0 0 0 0 0 0 0 0 0 0 0 0 0 0 0 0 0 0 0 0 0 0 0 0 0 0 0 0 0 0 0 0 0 0 0 0 0 0 0 0 0 0 0 0 0 0 0 0 0 0 0 0 0 0 0 0 0 0 0 0 0 0 0 0 0 0 0 0 0 0 0 0 0 0 0 0 0 0 0 0 0 0 0 0 0 0 0 0 0 0 0 0 0 0 0 0 0 0 0 0 0 0 0 0 0 0 0 0 0 0 0 0 0 0 0 0 0 0 0 0 0 0 0 0 0 0 0 0 0 0 0 0 0 0 0 0 0 0 0 0 0 0 0 0 0 0 0 0 0 0 0 0 0 0 0 0 0 0 0 0 0 0 0 0 0 0 0 0 0 0 0 0 0 0 0 0 0 0 0 0 0 0 0 0 0 0 0 0 0 0 0 0 0 0 0 0 0 0 0 0 0 0 0 0 0 0 0 0 0 0 0 0 0 0 0 0 0 0 0 0 0 0 0 0 0 0 0 0 0 0 0 0 0 0 0 0 0 0 0 0 0 0 0 0 0 0 0 0 0 0 0 0 0 0 0 0 0 0 0 0 0 0 0 0 0 0 0 0 0 0 0 0 0 0 0 0 0 0 0 0 0 0 0 0 0 0 0 0 0 0 0 0 0 0 0 0 0 0 0 0 0 0 0 0 0 0 0 0 0 0 0 0 0 0 0 0 0 0 0 0 0 0 0 0 0 0 0 0 0 0 0 0 0 0 0 0 0 0 0 0 0 0 0 0 0 0 0 0 0 0 0 0 0 0 0 0 0 0 0 0 0 0 0 0 0 0 0 0 0 0 0 0 0 0 0 0 0 0 0 0 0 0 0 0 0 0 0 0 0 0 0 0 0 0 0 0 0 0 0 0 0 0 0 0 0 0 0 0 0 0 0 0 0 0 0 0 0 0 0 0 0 0 0 0 0 0 0 0 0 0 0 0 0 0 0 0 0 0 0 0 0 0 0 0 0 0 0 0 0 0 0 0 0 0 0 0 0 0 0 0 0 0 0 0 0 0 0 0 0 0 0 0 0 0 0 0 0 0 0 0 0
ctxt 9728710
btime 1613144793
processes 206771
procs_running 1
procs_blocked 0
softirq 97955831 1 60353378 1805 1792377 0 0 158 3070297 0 32737815
