cpu  21089442 3 27151 7064112 458 0 2865 0 0 0
cpu0 585273 0 1073 196170 1 0 524 0 0 0
cpu1 585841 0 887 196063 22 0 76 0 0 0
cpu2 585539 0 935 196322 17 0 106 0 0 0
cpu3 585654 0 807 196408 5 0 32 0 0 0
cpu4 585520 0 924 196416 3 0 35 0 0 0
cpu5 585830 0 588 196428 2 0 46 0 0 0
cpu6 585618 0 672 196553 6 0 40 0 0 0
cpu7 585613 0 937 196255 1 0 76 0 0 0
cpu8 585821 0 590 196447 1 0 28 0 0 0
cpu9 585829 0 923 196058 1 0 86 0 0 0
cpu10 585429 0 954 196423 6 0 66 0 0 0
cpu11 585826 0 867 196115 1 0 69 0 0 0
cpu12 585447 0 916 196437 38 0 32 0 0 0
cpu13 586350 0 669 195828 4 0 37 0 0 0
cpu14 585803 0 637 196354 88 0 14 0 0 0
cpu15 583764 0 1907 196306 49 0 861 0 0 0
cpu16 585745 0 829 196279 2 0 24 0 0 0
cpu17 585466 0 983 196385 2 0 44 0 0 0
cpu18 585895 0 486 196452 4 0 21 0 0 0
cpu19 586071 0 665 196059 15 0 47 0 0 0
cpu20 585670 0 801 196322 5 0 91 0 0 0
cpu21 586045 0 434 196403 1 0 8 0 0 0
cpu22 585696 0 632 196481 23 0 48 0 0 0
cpu23 585343 0 836 196578 0 0 132 0 0 0
cpu24 585839 0 513 196498 7 0 30 0 0 0
cpu25 585775 0 586 196474 13 0 32 0 0 0
cpu26 586110 0 376 196392 2 0 5 0 0 0
cpu27 586332 0 505 196020 16 0 5 0 0 0
cpu28 586680 0 916 195202 2 0 91 0 0 0
cpu29 586597 0 617 195612 1 0 36 0 0 0
cpu30 587145 0 739 194895 77 0 19 0 0 0
cpu31 586544 0 576 195725 1 0 22 0 0 0
cpu32 585928 0 482 196457 1 0 13 0 0 0
cpu33 585827 1 605 196402 6 0 30 0 0 0
cpu34 585798 0 607 196447 13 0 8 0 0 0
cpu35 585766 0 662 196432 2 0 15 0 0 0
intr 58503400 56 0 0 0 610 0 0 0 1 0 250 0 0 0 0 0 0 0 0 0 0 0 0 0 0 0 0 0 0 0 0 94 525 468 749 2629 544 620 1308 167 132 172 460 82 4697 480 3890 2350 508 441 247 387 518 176 1367 132 0 0 0 0 368 542 195 842 154 117 10207 169 151 724 492 206 0 0 17 11483 2 0 18795 1989 4155 795 2991 3073 1104 5277 2155 5235 5022 3033 6679 1441 1423 192014 2060 4188 6203 1453 2131 1207 2768 2658 608 2749 1129 539 3697 1909 7100 4591 5070 3751 1279 1485 0 16 7821 1 0 0 0 0 0 0 0 0 0 0 0 0 0 0 0 0 0 0 0 0 0 0 0 0 0 0 0 0 0 0 0 0 0 0 0 0 0 25 0 0 0 0 0 0 0 0 0 0 0 0 0 0 0 0 0 0 0 0 0 0 0 0 0 0 0 0 0 0 0 0 0 0 0 0 0 0 0 0 0 0 0 0 0 0 0 0 0 0 0 0 0 0 0 0 0 0 0 0 0 0 0 0 0 0 0 0 0 0 0 0 0 0 0 0 0 0 0 0 0 0 0 0 0 0 0 0 0 0 0 0 0 0 0 0 0 0 0 0 0 0 0 0 0 0 0 0 0 0 0 0 0 0 0 0 0 0 0 0 0 0 0 0 0 0 0 0 0 0 0 0 0 0 0 0 0 0 0 0 0 0 0 0 0 0 0 0 0 0 0 0 0 0 0 0 0 0 0 0 0 0 0 0 0 0 0 0 0 0 0 0 0 0 0 0 0 0 0 0 0 0 0 0 0 0 0 0 0 0 0 0 0 0 0 0 0 0 0 0 0 0 0 0 0 0 0 0 0 0 0 0 0 0 0 0 0 0 0 0 0 0 0 0 0 0 0 0 0 0 0 0 0 0 0 0 0 0 0 0 0 0 0 0 0 0 0 0 0 0 0 0 0 0 0 0 0 0 0 0 0 0 0 0 0 0 0 0 0 0 0 0 0 0 0 0 0 0 0 0 0 0 0 0 0 0 0 0 0 0 0 0 0 0 0 0 0 0 0 0 0 0 0 0 0 0 0 0 0 0 0 0 0 0 0 0 0 0 0 0 0 0 0 0 0 0 0 0 0 0 0 0 0 0 0 0 0 0 0 0 0 0 0 0 0 0 0 0 0 0 0 0 0 0 0 0 0 0 0 0 0 0 0 0 0 0 0 0 0 0 0 0 0 0 0 0 0 0 0 0 0 0 0 0 0 0 0 0 0 0 0 0 0 0 0 0 0 0 0 0 0 0 0 0 0 0 0 0 0 0 0 0 0 0 0 0 0 0 0 0 0 0 0 0 0 0 0 0 0 0 0 0 0 0 0 0 0 0 0 0 0 0 0 0 0 0 0 0 0 0 0 0 0 0 0 0 0 0 0 0 0 0 0 0 0 0 0 0 0 0 0 0 0 0 0 0 0 0 0 0 0 0 0 0 0 0 0 0 0 0 0 0 0 0 0 0 0 0 0 0 0 0 0 0 0 0 0 0 0 0 0 0 0 0 0 0 0 0 0 0 0 0 0 0 0 0 0 0 0 0 0 0 0 0 0 0 0 0 0 0 0 0 0 0 0 0 0 0 0 0 0 0 0 0 0 0 0 0 0 0 0 0 0 0 0 0 0 0 0 0 0 0 0 0 0 0 0 0 0 0 0 0 0 0 0 0 0 0 0 0 0 0 0 0 0 0 0 0 0 0 0 0 0 0 0 0 0 0 0 0 0 0 0 0 0 0 0 0 0 0 0 0 0 0 0 0 0 0 0 0 0 0 0 0 0 0 0 0 0 0 0 0 0 0 0 0 0 0 0 0 0 0 0 0 0 0 0 0 0 0 0 0 0 0 0 0 0 0 0 0 0 0 0 0 0 0 0 0 0 0 0 0 0 0 0 0 0 0 0 0 0 0 0 0 0 0 0 0 0 0 0 0 0 0 0 0 0 0 0 0 0 0 0 0 0 0 0 0 0 0 0 0 0 0 0 0 0 0 0 0 0 0 0 0 0 0 0 0 0 0 0 0 0 0 0 0 0 0 0 0 0 0 0 0 0 0 0 0 0 0 0 0 0 0 0 0 0 0 0 0 0 0 0 0 0 0 0 0 0 0 0 0 0 0 0 0 0 0 0 0 0 0 0 0 0 0 0 0 0 0 0 0 0 0 0 0 0 0 0 0 0 0 0 0 0 0 0 0 0 0 0 0 0 0 0 0 0 0 0 0 0 0 0 0 0 0 0 0 0 0 0 0 0 0 0 0 0 0 0 0 0 0 0 0 0 0 0 0 0 0 0 0 0 0 0 0 0 0 0 0 0 0 0 0 0 0 0 0 0 0 0 0 0 0 0 0 0 0 0 0 0 0 0 0 0 0 0 0 0 0 0 0 0 0 0 0 0 0 0 0 0 0 0 0 0 0 0 0 0 0 0 0 0 0 0 0 0 0 0 0 0 0 0 0 0 0 0 0 0 0 0 0 0 0 0 0 0 0 0 0 0 0 0 0 0 0 0 0 0 0 0 0 0 0 0 0 0 0 0 0 0 0 0 0 0 0 0 0 0 0 0 0 0 0 0 0 0 0 0 0 0 0 0 0 0 0 0 0 0 0 0 0 0 0 0 0 0 0 0 0 0 0 0 0 0 0 0 0 0 0 0 0 0 0 0 0 0 0 0 0 0 0 0 0 0 0 0 0 0 0 0 0 0 0 0 0 0 0 0 0 0 0 0 0 0 0 0 0 0 0 0 0 0 0 0 0 0 0 0 0 0 0 0 0 0 0 0 0 0 0 0 0 0 0 0 0 0 0 0 0 0 0 0 0 0 0 0 0 0 0
ctxt 16203115
btime 1613124388
processes 412393
procs_running 1
procs_blocked 0
softirq 75335816 1 43139469 814 3118858 0 0 309507 2011041 0 26756126
