cpu  40203477 5 56889 26235521 419 0 5072 0 0 0
cpu0 311695 0 3060 204106 0 0 460 0 0 0
cpu1 314107 0 382 204984 0 0 43 0 0 0
cpu2 314270 0 249 205027 16 0 2 0 0 0
cpu3 312987 0 544 205952 3 0 44 0 0 0
cpu4 312437 0 2340 204557 0 0 198 0 0 0
cpu5 314280 0 181 205107 7 0 3 0 0 0
cpu6 314228 0 256 205070 0 0 21 0 0 0
cpu7 314065 0 179 205299 0 0 16 0 0 0
cpu8 312280 0 2191 204798 10 0 282 0 0 0
cpu9 314250 0 124 205191 0 0 0 0 0 0
cpu10 314243 0 108 205212 0 0 2 0 0 0
cpu11 314228 0 169 205152 0 0 12 0 0 0
cpu12 312703 0 1727 204940 0 0 160 0 0 0
cpu13 314374 0 100 205093 0 0 1 0 0 0
cpu14 314370 0 105 205097 0 0 4 0 0 0
cpu15 314250 0 266 205039 0 0 23 0 0 0
cpu16 313314 0 1982 203969 1 0 292 0 0 0
cpu17 314409 0 91 205067 1 0 0 0 0 0
cpu18 314121 0 116 205310 0 0 4 0 0 0
cpu19 314318 0 121 205112 0 0 3 0 0 0
cpu20 312955 0 1658 204748 0 0 193 0 0 0
cpu21 314317 0 127 205018 1 0 61 0 0 0
cpu22 314120 0 139 205299 0 0 5 0 0 0
cpu23 314406 0 95 205062 0 0 2 0 0 0
cpu24 313084 0 1454 204763 0 0 179 0 0 0
cpu25 314388 0 121 205058 0 0 1 0 0 0
cpu26 314423 0 113 205022 0 0 0 0 0 0
cpu27 314228 0 99 205225 0 0 4 0 0 0
cpu28 313209 1 1272 204935 0 0 146 0 0 0
cpu29 314363 0 144 205052 0 0 2 0 0 0
cpu30 314335 0 122 205101 1 0 0 0 0 0
cpu31 314422 0 88 205053 0 0 0 0 0 0
cpu32 313185 0 1355 204886 1 0 123 0 0 0
cpu33 314354 0 144 205065 0 0 1 0 0 0
cpu34 314424 0 98 205036 0 0 1 0 0 0
cpu35 314253 0 215 205067 0 0 24 0 0 0
cpu36 313131 0 1625 204635 4 0 151 0 0 0
cpu37 314251 0 190 205116 0 0 3 0 0 0
cpu38 314422 0 99 205040 0 0 0 0 0 0
cpu39 314230 0 114 205212 0 0 3 0 0 0
cpu40 313253 0 1478 204631 1 0 181 0 0 0
cpu41 314300 0 156 205094 0 0 6 0 0 0
cpu42 314294 0 100 205160 0 0 2 0 0 0
cpu43 314217 0 174 205144 0 0 18 0 0 0
cpu44 313421 0 1181 204819 5 0 123 0 0 0
cpu45 314367 0 133 205053 0 0 4 0 0 0
cpu46 314210 0 108 205226 1 0 4 0 0 0
cpu47 314391 0 109 205053 1 0 3 0 0 0
cpu48 313422 0 1158 204833 0 0 134 0 0 0
cpu49 313834 0 360 205302 1 0 57 0 0 0
cpu50 314358 0 86 205109 1 0 2 0 0 0
cpu51 314380 0 117 205054 0 0 1 0 0 0
cpu52 313688 0 1118 204631 1 0 94 0 0 0
cpu53 314435 0 88 205016 8 0 0 0 0 0
cpu54 314341 0 86 205120 1 0 0 0 0 0
cpu55 314353 0 121 205072 1 0 8 0 0 0
cpu56 313439 0 1200 204782 1 0 125 0 0 0
cpu57 314429 0 95 205035 0 0 0 0 0 0
cpu58 314103 0 294 205114 1 0 35 0 0 0
cpu59 314140 0 364 205017 0 0 33 0 0 0
cpu60 313303 0 1479 204614 1 0 129 0 0 0
cpu61 314312 0 154 205085 0 0 2 0 0 0
cpu62 314188 0 102 205250 0 0 5 0 0 0
cpu63 313985 0 291 205240 0 0 13 0 0 0
cpu64 313847 0 1467 204097 20 0 89 0 0 0
cpu65 313721 0 484 205261 5 0 70 0 0 0
cpu66 313970 0 134 205402 1 0 5 0 0 0
cpu67 314004 0 435 205065 2 0 38 0 0 0
cpu68 313744 2 1067 204644 24 0 64 0 0 0
cpu69 314364 0 121 205057 0 0 1 0 0 0
cpu70 314364 0 102 205080 0 0 4 0 0 0
cpu71 314208 0 263 205047 1 0 31 0 0 0
cpu72 314384 0 1356 203341 165 0 269 0 0 0
cpu73 314275 0 120 205149 1 0 2 0 0 0
cpu74 314322 0 95 205130 0 0 0 0 0 0
cpu75 314397 0 114 205028 3 0 0 0 0 0
cpu76 315848 0 1097 202550 1 0 44 0 0 0
cpu77 314399 0 92 205060 0 0 1 0 0 0
cpu78 314412 0 83 205053 0 0 0 0 0 0
cpu79 314234 0 249 205044 1 0 19 0 0 0
cpu80 313728 0 1043 204643 8 0 104 0 0 0
cpu81 314416 0 102 205037 0 0 0 0 0 0
cpu82 314380 0 93 205068 0 0 2 0 0 0
cpu83 314403 0 85 205054 0 0 0 0 0 0
cpu84 313339 0 1052 205029 1 0 86 0 0 0
cpu85 314422 0 90 205029 0 0 0 0 0 0
cpu86 314452 0 80 205008 0 0 0 0 0 0
cpu87 314302 0 112 205115 0 0 3 0 0 0
cpu88 313764 0 913 204777 0 0 79 0 0 0
cpu89 314050 0 140 205338 1 0 7 0 0 0
cpu90 314416 0 114 205010 0 0 0 0 0 0
cpu91 314416 0 84 205038 0 0 2 0 0 0
cpu92 313973 0 969 204524 0 0 66 0 0 0
cpu93 314396 0 115 205020 2 0 0 0 0 0
cpu94 314350 0 121 205059 0 0 2 0 0 0
cpu95 314402 0 92 205036 3 0 1 0 0 0
cpu96 313579 0 927 204969 1 0 58 0 0 0
cpu97 314380 0 130 205025 0 0 0 0 0 0
cpu98 314424 0 103 205010 0 0 0 0 0 0
cpu99 314265 0 202 205044 0 0 20 0 0 0
cpu100 313719 0 943 204800 0 0 64 0 0 0
cpu101 314367 0 123 205050 0 0 0 0 0 0
cpu102 314384 0 96 205054 2 0 0 0 0 0
cpu103 314406 0 94 205026 0 0 0 0 0 0
cpu104 313844 0 949 204643 0 0 76 0 0 0
cpu105 314409 0 106 205019 0 0 0 0 0 0
cpu106 314269 0 106 205155 0 0 0 0 0 0
cpu107 314288 0 192 205026 0 0 23 0 0 0
cpu108 314100 0 625 204723 35 0 44 0 0 0
cpu109 314384 0 124 205017 0 0 2 0 0 0
cpu110 314386 0 120 205002 11 0 1 0 0 0
cpu111 314383 0 95 205053 0 0 2 0 0 0
cpu112 313853 0 777 204833 4 0 58 0 0 0
cpu113 314395 0 128 204969 1 0 0 0 0 0
cpu114 314445 0 77 205004 1 0 0 0 0 0
cpu115 314383 0 100 205036 0 0 2 0 0 0
cpu116 314092 0 753 204613 2 0 56 0 0 0
cpu117 314287 0 174 205052 0 0 2 0 0 0
cpu118 314460 0 80 204989 0 0 0 0 0 0
cpu119 314251 0 142 205125 0 0 7 0 0 0
cpu120 313910 0 760 204798 4 0 48 0 0 0
cpu121 314429 0 89 205009 0 0 0 0 0 0
cpu122 314130 0 148 205233 0 0 1 0 0 0
cpu123 313847 0 573 205025 0 0 77 0 0 0
cpu124 313974 0 928 204564 3 0 42 0 0 0
cpu125 314374 0 178 204938 0 0 0 0 0 0
cpu126 314409 0 116 204997 0 0 0 0 0 0
cpu127 314304 0 282 204936 0 0 1 0 0 0
intr 112112618 133 0 0 0 680 0 0 0 1 0 272 0 0 0 0 0 0 0 0 0 0 0 0 0 0 0 0 0 0 0 0 0 0 0 0 260 0 802 1013 1147 16583 3919 357 546 1030 452 0 241 4181 653 360 954 9104 115 3 553 1707 1121 53154 161 987 1061 0 254 448 773 184 314 476 16 2 803 4047 1502 3 407 92 221 318 479 4374 297 385 928 2180 422 17216 382 788 19 0 363 3819 47 152 2019 4805 332 741 208 9477 8062 343 999 7791 4831 243 1016 1864 19354 37 434 1831 38 182 462 7461 3834 0 496 790 54 0 251 1889 9 8 651 118 17 123 347 814 1339 0 439 2822 467 4 367 445 73 56 323 1515 2 492 816 1247 16 340 48 10 56 56 283 0 0 0 0 0 0 0 0 0 0 1916 899 13589 164 377 560 45 55 22 1669 190 255 13 153 59 130 122 2 9 3142 324 120 146 174 260 3913 82 7 14 2 481 394 4 49 0 0 0 0 0 0 0 0 0 0 0 0 0 0 0 0 57 7 424 177 103 0 0 2 3 4 11 3 0 4 49 51 160 29 9 13 53 20 53 3 6 9 5 1 95 8 4 67 4 285 4 4 2 14 483 747 221 43 43 3 30 65 24 6 4 22 9 9 38 98 26 2 11 1 2 3 115 35 161 0 0 0 0 0 0 0 0 0 0 0 0 0 0 0 0 0 0 0 0 0 0 0 0 0 0 0 0 0 0 0 0 0 0 0 0 0 0 0 0 0 0 0 0 0 0 0 0 0 0 0 0 0 0 0 0 0 0 0 0 0 0 0 0 0 0 0 0 0 0 0 0 0 0 0 0 0 0 0 0 0 0 0 0 0 0 0 0 0 0 0 0 0 0 0 0 0 0 0 0 0 0 0 0 0 0 0 0 0 0 0 0 0 0 0 0 0 0 0 0 0 0 0 0 0 0 0 0 0 0 0 0 0 0 0 0 0 0 0 0 0 0 0 0 0 0 0 0 0 0 0 0 0 0 0 0 0 0 0 0 0 0 0 0 0 0 0 0 0 0 0 0 0 0 0 0 0 0 0 0 0 0 0 0 0 0 0 0 0 0 0 0 0 0 0 0 0 0 0 0 0 0 0 0 0 0 0 0 0 0 0 0 0 0 0 0 0 0 0 0 0 0 0 0 0 0 0 0 0 0 0 0 0 0 0 0 0 0 0 0 0 0 0 0 0 0 0 0 0 0 0 0 0 0 0 0 0 0 0 0 0 0 0 0 0 0 0 0 0 0 0 0 0 0 0 0 0 0 0 0 0 0 0 0 0 0 0 0 0 0 0 0 0 0 0 0 0 0 0 0 0 0 0 0 0 0 0 0 0 0 0 0 0 0 0 0 0 0 0 0 0 0 0 0 0 0 0 0 0 0 0 0 0 0 0 0 0 0 0 0 0 0 0 0 0 0 0 0 0 0 0 0 0 0 0 0 0 0 0 0 0 0 0 0 0 0 0 0 0 0 0 0 0 0 0 0 0 0 0 0 0 0 0 0 0 0 0 0 0 0 0 0 0 0 0 0 0 0 0 0 0 0 0 0 0 0 0 0 0 0 0 0 0 0 0 0 0 0 0 0 0 0 0 0 0 0 0 0 0 0 0 0 0 0 0 0 0 0 0 0 0 48 0 0 0 0 0 0 0 3 0 0 0 0 0 0 0 0 0 0 0 0 0 0 0 0 0 0 0 0 0 0 0 0 0 0 0 0 0 0 0 0 0 0 0 0 0 0 0 0 0 0 0 0 0 0 0 0 0 0 0 0 0 0 0 0 0 0 48 0 0 0 0 0 0 0 0 23 0 0 0 0 0 0 0 0 0 0 0 0 0 0 0 0 0 0 0 0 0 0 0 0 0 0 0 0 0 0 0 0 0 0 0 0 0 0 0 0 0 0 0 0 0 0 0 0 0 0 0 0 0 0 0 0 0 0 0 0 0 0 0 0 0 0 0 0 0 0 0 0 0 0 0 0 0 0 0 0 0 0 0 0 0 0 0 0 0 0 0 0 0 0 0 0 0 0 0 0 0 0 0 0 0 0 0 0 0 0 0 0 0 0 0 0 0 0 0 0 0 0 0 0 0 0 0 0 0 0 0 0 0 0 0 0 0 0 0 0 0 0 0 0 0 0 0 0 0 0 0 0 0 0 0 0 0 0 0 0 0 0 0 0 0 0 0 0 0 0 0 0 0 0 0 0 0 0 0 0 0 0 0 0 0 0 0 0 0 0 0 0 0 0 0 0 0 0 0 0 0 0 0 0 0 0 0 0 0 0 0 0 0 0 0 0 0 0 0 0 0 0 0 0 0 0 0 0 0 0 0 0 0 0 0 0 0 0 0 0 0 0 0 0 0 0 0 0 0 0 0 0 0 0 0 0 0 0 0 0 0 0 0 0 0 0 0 0 0 0 0 0 0 0 0 0 0 0 0 0 0 0 0 0 0 0 0 0 0 0 0 0 0 0 0 0 0 0 0 0 0 0 0 0 0 0 0 0 0 0 0 0 0 0 0 0 0 0 0 0 0 0 0 0 0 0 0 0 0 0 0 0 0 0 0 0 0 0 0 0 0 0 0 0 0 0 0 0 0 0 0 0 0 0 0 0 0 0 0 0 0 0 0 0 0 0 0 0 0 0 0 0 0 0 0 0 0 0 0 0 0 0 0 0 0 0 0 0 0 0 0 0 0 0 0 0 0 0 0 0 0 0 0 0 0 0 0 0 0 0 0 0 0 0 0 0 0 0 0 0 0 0 0 0 0 0 0 0 0 0 0 0 0 0 0 0 0 0 0 0 0 0 0 0 0 0 0 0 0 0 0 0 0 0 0 0 0 0 0 0 0 0 0 0 0 0 0 0 0 0 0 0 0 0 0 0 0 0 0 0 0 0 0 0 0 0 0 0 0 0 0 0 0 0 0 0 0 0 0 0 0 0 0 0 0 0 0 0 0 0 0 0 0 0 0 0 0 0 0 0 0 0 0 0 0 0 0 0 0 0 0 0 0 0 0 0 0 0 0 0 0 0 0 0 0 0 0 0 0 0 0 0 0 0 0 0 0 0 0 0 0 0 0 0 0 0 0 0 0 0 0 0 0 0 0 0 0 0 0 0 0 0 0 0 0 0 0 0 0 0 0 0 0 0 0 0 0 0 0 0 0 0 0 0 0 0 0 0 0 0 0 0 0 0 0 0 0 0 0 0 0 0 0 0 0 0 0 0 0 0 0 0 0 0 0 0 0 0 0 0 0 0 0 0 0 0 0 0 0 0 0 0 0 0 0 0 0 0 0 0 0 0 0 0 0 0 0 0 0 0 0 0 0 0 0 0 0 0 0 0 0 0 0 0 0 0 0 0 0 0 0 0 0 0 0 0 0 0 0 0 0 0 0 0 0 0 0 0 0 0 0 0 0 0 0 0 0 0 0 0 0 0 0 0 0 0 0 0 0 0 0 0 0 0 0 0 0 0 0 0 0 0 0 0 0 0 0 0 0 0 0 0 0 0 0 0 0 0 0 0 0 0 0 0 0 0 0 0 0 0 0 0 0 0 0 0 0 0 0 0 0 0 0 0 0 0 0 0 0 0 0 0 0 0 0 0 0 0 0 0 0 0 0 0 0 0 0 0 0 0 0 0 0 0 0 0 0 0 0 0 0 0 0 0 0 0 0 0 0 0 0 0 0 0 0 0 0 0 0 0 0 0 0 0 0 0 0 0 0 0 0 0 0 0 0 0 0 0 0 0 0 0 0 0 0 0 0 0 0 0 0 0 0 0 0 0 0 0 0 0 0 0 0 0 0 0 0 0 0 0 0 0 0 0 0 0 0 0 0 0 0 0 0 0 0 0 0 0 0 0 0 0 0 0 0 0 0 0 0 0 0 0 0 0 0 0 0 0 0 0 0 0 0 0 0 0 0 0 0 0 0 0 0 0 0 0 0 0 0 0 0 0 0 0 0 0 0 0 0 0 0 0 0 0 0 0 0 0 0 0 0 0 0 0 0 0 0 0 0 0 0 0 0 0 0 0 0 0 0 0 0 0 0 0 0 0 0 0 0 0 0 0 0 0 0 0 0 0 0 0 0 0 0 0 0 0 0 0 0 0 0 0 0 0 0 0 0 0 0 0 0 0 0 0 0 0 0 0 0 0 0 0 0 0 0 0 0 0 0 0 0 0 0 0 0 0 0 0 0 0 0 0 0 0 0 0 0 0 0 0 0 0 0 0 0 0 0 0 0 0 0 0 0 0 0 0 0 0 0 0 0 0 0 0 0 0 0 0 0 0 0 0 0 0 0 0 0 0 0 0 0 0 0 0 0 0 0 0 0 0 0 0 0 0 0 0 0 0 0 0 0 0 0 0 0 0 0 0 0 0 0 0 0 0 0 0 0 0 0 0 0 0 0 0 0 0 0 0 0 0 0 0 0 0 0 0 0 0 0 0 0 0 0 0 0 0 0 0 0 0 0 0 0 0 0 0 0 0 0 0 0 0 0 0 0 0 0 0 0 0 0 0 0 0 0 0 0 0 0 0 0 0 0 0 0 0 0 0 0 0 0 0 0 0 0 0 0 0 0 0 0 0 0 0 0 0 0 0 0 0 0 0 0 0 0 0 0 0 0 0 0 0 0 0 0 0 0 0 0 0 0 0 0 0 0 0 0 0 0 0 0 0 0 0 0 0 0 0 0 0 0 0 0 0 0 0 0 0 0 0 0 0 0 0 0 0 0 0 0 0 0 0 0 0 0 0 0 0 0 0 0 0 0 0 0 0 0 0 0 0 0 0 0 0 0 0 0 0 0 0 0 0 0 0 0 0 0 0 0 0 0 0 0 0 0 0 0 0 0 0 0 0 0 0 0 0 0 0 0 0 0 0 0 0 0 0 0 0 0 0 0 0 0 0 0 0 0 0 0 0 0 0 0 0 0 0 0 0 0 0 0 0 0 0 0 0 0 0 0 0 0 0 0 0 0 0 0 0 0 0 0 0 0 0 0 0 0 0 0 0 0 0 0 0 0 0 0 0 0 0 0 0 0 0 0 0 0 0 0 0 0 0 0 0 0 0 0 0 0 0 0 0 0 0 0 0 0 0 0 0 0 0 0 0 0 0 0 0 0 0 0 0 0 0 0 0 0 0 0 0 0 0 0 0 0 0 0 0 0 0 0 0 0 0 0 0 0 0 0 0 0 0 0 0 0 0 0 0 0 0 0 0 0 0 0 0 0 0 0 0 0 0 0 0 0 0 0 0 0 0 0 0 0 0 0 0 0 0 0 0 0 0 0 0 0 0 0 0 0 0 0 0 0 0 0 0 0 0 0 0 0 0 0 0 0 0 0 0 0 0 0 0 0 0 0 0 0 0 0 0 0 0 0 0 0 0 0 0 0 0 0 0 0 0 0 0 0 0 0 0 0 0 0 0 0 0 0 0 0 0 0 0 0 0 0 0 0 0 0 0 0 0 0 0 0 0 0 0 0 0 0 0 0 0 0 0 0 0 0 0 0 0 0 0 0 0 0 0 0 0 0 0 0 0 0 0 0 0 0 0 0 0 0 0 0 0 0 0 0 0 0 0 0 0 0 0 0 0 0 0 0 0 0 0 0 0 0 0 0 0 0 0 0 0 0 0 0 0 0 0 0 0 0 0 0 0 0 0 0 0 0 0 0 0 0 0 0 0 0 0 0 0 0 0 0 0 0 0 0 0 0 0 0 0 0 0 0 0 0 0 0 0 0 0 0 0 0 0 0 0 0 0 0 0 0 0 0 0 0 0 0 0 0 0 0 0 0 0 0 0 0 0 0 0 0 0 0 0 0 0 0 0 0 0 0 0 0 0 0 0 0 0 0 0 0 0 0 0 0 0 0 0 0 0 0 0 0 0 0 0 0 0 0 0 0 0 0 0 0 0 0 0 0 0 0 0 0 0 0 0 0 0 0 0 0 0 0 0 0 0 0 0 0 0 0 0 0 0 0 0 0 0 0 0 0 0 0 0 0 0 0 0 0 0 0 0 0 0 0 0 0 0 0 0 0 0 0 0 0 0 0 0 0 0 0 0 0 0 0 0 0 0 0 0 0 0 0 0 0 0 0 0 0 0 0 0 0 0 0 0 0 0 0 0 0 0 0 0 0 0 0 0 0 0 0 0 0 0 0 0 0 0 0 0 0 0 0 0 0 0 0 0 0 0 0 0 0 0 0 0 0 0 0 0 0 0 0 0 0 0 0 0 0 0 0 0 0 0 0 0 0 0 0 0 0 0 0 0 0 0 0 0 0 0 0 0 0 0 0 0 0 0 0 0 0 0 0 0 0 0 0 0 0 0 0 0 0 0 0 0 0 0 0 0 0 0 0 0 0 0 0 0 0 0 0 0 0 0 0 0 0 0 0 0 0 0 0 0 0 0 0 0 0 0 0 0 0 0 0 0 0 0 0 0 0 0 0 0 0 0 0 0 0 0 0 0 0 0 0 0 0 0 0 0 0 0 0 0 0 0 0 0 0 0 0 0 0 0 0 0 0 0 0 0 0 0 0 0 0 0 0 0 0 0 0 0 0 0 0 0 0 0 0 0 0 0 0 0 0 0 0 0 0 0 0 0 0 0 0 0 0 0 0 0 0 0 0 0 0 0 0 0 0 0 0 0 0 0 0 0 0 0 0 0 0 0 0 0 0 0 0 0 0 0 0 0 0 0 0 0 0 0 0 0 0 0 0 0 0 0 0 0 0 0 0 0 0 0 0 0 0 0 0 0 0 0 0 0 0 0 0 0 0 0 0 0 0 0 0 0 0 0 0 0 0 0 0 0 0 0 0 0 0 0 0 0 0 0 0 0 0 0 0 0 0 0 0 0 0 0 0 0 0 0 0 0 0 0 0 0 0 0 0 0 0 0 0 0 0 0 0 0 0 0 0 0 0 0 0 0 0 0 0 0 0 0 0 0 0 0 0 0 0 0 0 0 0 0 0 0 0 0 0 0 0 0 0 0 0 0 0 0 0 0 0 0 0 0 0 0 0 0 0 0 0 0 0 0 0 0 0 0 0 0 0 0 0 0 0 0 0 0 0 0 0 0 0 0 0 0 0 0 0 0 0 0 0 0 0 0 0 0 0 0 0 0 0 0 0 0 0 0 0 0 0 0 0 0 0 0 0 0 0 0 0 0 0 0 0 0 0 0 0 0 0 0 0 0 0 0 0 0 0 0 0 0 0 0 0 0 0 0 0 0 0 0 0 0 0 0 0 0 0 0 0 0 0 0 0 0 0 0 0 0 0 0 0 0 0 0 0 0 0 0 0 0 0 0 0 0 0 0 0 0 0 0 0 0 0 0 0 0 0 0 0 0 0 0 0 0 0 0 0 0 0 0 0 0 0 0 0 0 0 0 0 0 0 0 0 0 0 0 0 0 0 0 0 0 0 0 0 0 0 0 0 0 0 0 0 0 0 0 0 0 0 0 0 0 0 0 0 0 0 0 0 0 0 0 0 0 0 0 0 0 0 0 0 0 0 0 0 0 0 0 0 0 0 0 0 0 0 0 0 0 0 0 0 0 0 0 0 0 0 0 0 0 0 0 0 0 0 0 0 0 0 0 0 0 0 0 0 0 0 0 0 0 0 0 0 0 0 0 0 0 0 0 0 0 0 0 0 0 0 0 0 0 0 0 0 0 0 0 0 0 0 0 0 0 0 0 0 0 0 0 0 0 0 0 0 0 0 0 0 0 0 0 0 0 0 0 0 0 0 0 0 0 0 0 0 0 0 0 0 0 0 0 0 0 0 0 0 0 0 0 0 0 0 0 0 0 0 0 0 0 0 0 0 0 0 0 0 0 0 0 0 0 0 0 0 0 0 0 0 0 0 0 0 0 0 0 0 0 0 0 0 0 0 0 0 0 0 0 0 0 0 0 0 0 0 0 0 0 0 0 0 0 0 0 0 0 0 0 0 0 0 0 0 0 0 0 0 0 0 0 0 0 0 0 0 0 0 0 0 0 0 0 0 0 0 0 0 0 0 0 0 0 0 0 0 0 0 0 0 0 0 0 0 0 0 0 0 0 0 0 0 0 0 0 0 0 0 0 0 0 0 0 0 0 0 0 0 0 0 0 0 0 0 0 0 0 0 0 0 0 0 0 0 0 0 0 0 0 0 0 0 0 0 0 0 0 0 0 0 0 0 0 0 0 0 0 0 0 0 0 0 0 0 0 0 0 0 0 0 0 0 0 0 0 0 0 0 0 0 0 0 0 0 0 0 0 0 0 0 0 0 0 0 0 0 0 0 0 0 0 0 0 0 0 0 0 0 0 0 0 0 0 0 0 0 0 0 0 0 0 0 0 0 0 0 0 0 0 0 0 0 0 0 0 0 0 0 0 0 0 0 0 0 0 0 0 0 0 0 0 0 0 0 0 0 0 0 0 0 0 0 0 0 0 0 0 0 0 0 0 0 0 0 0 0 0 0 0 0 0 0 0 0 0 0 0 0 0 0 0 0 0 0 0 0 0 0 0 0 0 0 0 0 0 0 0 0 0 0 0 0 0 0 0 0 0 0 0 0 0 0 0 0 0 0 0 0 0 0 0 0 0 0 0 0 0 0 0 0 0 0 0 0 0 0 0 0 0 0 0 0 0 0 0 0 0 0 0 0 0 0 0 0 0 0 0 0 0 0 0 0 0 0 0 0 0 0 0 0 0 0 0 0 0 0 0 0 0 0 0 0 0 0 0 0 0 0 0 0 0 0 0 0 0 0 0 0 0 0 0 0 0 0 0 0 0 0 0 0 0 0 0 0 0 0 0 0 0 0 0 0 0 0 0 0 0 0 0 0 0 0 0 0 0 0 0 0 0 0 0 0 0 0 0 0 0 0 0 0 0 0 0 0 0 0 0 0 0 0 0 0 0 0 0 0 0 0 0 0 0 0 0 0 0 0 0 0 0 0 0 0 0 0 0 0 0 0 0 0 0 0 0 0 0 0 0 0 0 0 0 0 0 0 0 0 0 0 0 0 0 0 0 0 0 0 0 0 0 0 0 0 0 0 0 0 0 0 0 0 0 0 0 0 0 0 0 0 0 0 0 0 0 0 0 0 0 0 0 0 0 0 0 0 0 0 0 0 0 0 0 0 0 0 0 0 0 0 0 0 0 0 0 0 0 0 0 0 0 0 0 0 0 0 0 0 0 0 0 0 0 0 0 0 0 0 0 0 0 0 0 0 0 0 0 0 0 0 0 0 0 0 0 0 0 0 0 0 0 0 0 0 0 0 0 0 0 0 0 0 0 0 0 0 0 0 0 0 0 0 0 0 0 0 0 0 0 0 0 0 0 0 0 0 0 0 0 0 0 0 0 0 0 0 0 0 0 0 0 0 0 0 0 0 0 0 0 0 0 0 0 0 0 0 0 0 0 0 0 0 0 0 0 0 0 0 0 0 0 0 0 0 0 0 0 0 0 0 0 0 0 0 0 0 0 0 0 0 0 0 0 0 0 0 0 0 0 0 0 0 0 0 0 0 0 0 0 0 0 0 0 0 0 0 0 0 0 0 0 0 0 0 0 0 0 0 0 0 0 0 0 0 0 0 0 0 0 0 0 0 0 0 0 0 0 0 0 0 0 0 0 0 0 0 0 0 0 0 0 0 0 0 0 0 0 0 0 0 0 0 0 0 0 0 0 0 0 0 0 0 0 0 0 0 0 0 0 0 0 0 0 0 0 0 0 0 0 0 0 0 0 0 0 0 0 0 0 0 0 0 0 0 0 0 0 0 0 0 0 0 0 0 0 0 0 0 0 0 0 0 0 0 0 0 0 0 0 0 0 0 0 0 0 0 0 0 0 0 0 0 0 0 0 0 0 0 0 0 0 0 0 0 0 0 0 0 0 0 0 0 0 0 0 0 0 0 0 0 0 0 0 0 0 0 0 0 0 0 0 0 0 0 0 0 0 0 0 0 0 0 0 0 0 0 0 0 0 0 0 0 0 0 0 0 0 0 0 0 0 0 0 0 0 0 0 0 0 0 0 0
ctxt 7423305
btime 1613064757
processes 148483
procs_running 1
procs_blocked 0
softirq 123448485 1 75222359 1821 1287123 0 0 877 3834114 0 43102190
