cpu  16258296 6 17785 10730998 508 0 821 0 0 0
cpu0 126624 0 772 83360 0 0 216 0 0 0
cpu1 127053 0 85 83896 0 0 6 0 0 0
cpu2 126716 0 319 83971 1 0 12 0 0 0
cpu3 126853 0 196 83957 3 0 15 0 0 0
cpu4 126876 0 209 83922 8 0 10 0 0 0
cpu5 127051 0 98 83882 1 0 2 0 0 0
cpu6 126727 0 458 83813 8 0 11 0 0 0
cpu7 127003 0 97 83922 0 0 3 0 0 0
cpu8 127004 0 140 83876 0 0 1 0 0 0
cpu9 127024 0 114 83869 2 0 6 0 0 0
cpu10 127138 0 228 83657 0 0 3 0 0 0
cpu11 127042 0 74 83909 0 0 3 0 0 0
cpu12 126997 0 96 83927 0 0 1 0 0 0
cpu13 127070 0 77 83880 0 0 0 0 0 0
cpu14 127078 0 192 83727 2 0 6 0 0 0
cpu15 127015 0 117 83888 0 0 4 0 0 0
cpu16 126959 0 125 83929 0 0 2 0 0 0
cpu17 127065 0 83 83882 0 0 0 0 0 0
cpu18 126938 0 221 83855 0 0 8 0 0 0
cpu19 126887 0 215 83905 3 0 12 0 0 0
cpu20 127077 0 87 83863 0 0 0 0 0 0
cpu21 127071 0 72 83879 2 0 1 0 0 0
cpu22 126904 0 206 83900 1 0 5 0 0 0
cpu23 127024 0 108 83881 0 0 6 0 0 0
cpu24 127026 0 148 83851 0 0 0 0 0 0
cpu25 127038 0 95 83885 0 0 6 0 0 0
cpu26 126926 0 335 83745 0 0 5 0 0 0
cpu27 127004 0 125 83882 0 0 4 0 0 0
cpu28 127099 0 122 83822 0 0 0 0 0 0
cpu29 127066 0 68 83886 0 0 0 0 0 0
cpu30 127012 0 275 83715 0 0 8 0 0 0
cpu31 126808 0 180 84000 0 0 15 0 0 0
cpu32 127096 0 90 83831 1 0 0 0 0 0
cpu33 127061 0 84 83862 0 0 0 0 0 0
cpu34 127077 0 197 83713 1 0 12 0 0 0
cpu35 126812 0 144 84031 2 0 5 0 0 0
cpu36 126902 0 220 83873 0 0 24 0 0 0
cpu37 126995 0 92 83870 0 0 32 0 0 0
cpu38 127107 0 240 83650 7 0 1 0 0 0
cpu39 126833 0 133 84033 2 0 7 0 0 0
cpu40 127093 0 73 83851 0 0 0 0 0 0
cpu41 127067 0 70 83883 0 0 0 0 0 0
cpu42 127116 1 306 83585 5 0 4 0 0 0
cpu43 127066 0 75 83873 0 0 0 0 0 0
cpu44 127096 0 80 83838 0 0 0 0 0 0
cpu45 126556 0 90 84359 1 0 1 0 0 0
cpu46 127278 0 183 83543 5 0 2 0 0 0
cpu47 127051 0 77 83883 1 0 0 0 0 0
cpu48 127092 0 76 83845 1 0 0 0 0 0
cpu49 127058 0 81 83870 0 0 1 0 0 0
cpu50 127154 0 156 83677 17 0 3 0 0 0
cpu51 127057 0 70 83884 0 0 0 0 0 0
cpu52 126349 0 148 84430 1 0 11 0 0 0
cpu53 127045 0 95 83867 1 0 2 0 0 0
cpu54 127122 0 135 83705 27 0 4 0 0 0
cpu55 127056 0 74 83882 0 0 0 0 0 0
cpu56 127078 0 82 83853 1 0 0 0 0 0
cpu57 127065 0 71 83872 0 0 1 0 0 0
cpu58 127566 0 274 83070 88 0 1 0 0 0
cpu59 126962 0 122 83906 0 0 12 0 0 0
cpu60 127040 0 102 83860 0 0 2 0 0 0
cpu61 127079 0 67 83862 0 0 0 0 0 0
cpu62 127062 0 137 83740 60 0 4 0 0 0
cpu63 127061 0 72 83875 0 0 0 0 0 0
cpu64 126850 0 204 83933 1 0 8 0 0 0
cpu65 127008 0 96 83896 0 0 4 0 0 0
cpu66 126718 0 280 83943 10 0 28 0 0 0
cpu67 126960 0 142 83883 3 0 8 0 0 0
cpu68 126997 0 122 83876 0 0 4 0 0 0
cpu69 127016 0 72 83917 0 0 1 0 0 0
cpu70 126993 0 272 83698 9 0 11 0 0 0
cpu71 126958 0 148 83881 0 0 17 0 0 0
cpu72 127078 0 76 83852 0 0 0 0 0 0
cpu73 126984 0 96 83919 0 0 5 0 0 0
cpu74 127180 0 168 83649 0 0 2 0 0 0
cpu75 127053 0 74 83875 0 0 0 0 0 0
cpu76 127045 0 92 83848 8 0 0 0 0 0
cpu77 126981 0 128 83881 1 0 5 0 0 0
cpu78 127165 0 130 83693 7 0 2 0 0 0
cpu79 126950 0 113 83929 0 0 2 0 0 0
cpu80 127081 0 75 83833 9 0 0 0 0 0
cpu81 127074 0 60 83865 0 0 0 0 0 0
cpu82 126742 1 230 83998 3 0 8 0 0 0
cpu83 126703 0 370 83869 0 0 57 0 0 0
cpu84 127053 0 78 83866 0 0 0 0 0 0
cpu85 127074 0 70 83848 3 0 0 0 0 0
cpu86 127081 0 126 83779 5 0 4 0 0 0
cpu87 127027 0 100 83866 0 0 1 0 0 0
cpu88 127048 0 83 83866 0 0 0 0 0 0
cpu89 127071 0 74 83853 0 0 0 0 0 0
cpu90 126831 0 255 83889 2 0 4 0 0 0
cpu91 126878 0 235 83843 0 0 35 0 0 0
cpu92 127073 0 81 83842 2 0 0 0 0 0
cpu93 127066 0 78 83846 0 0 1 0 0 0
cpu94 126911 0 301 83758 2 0 7 0 0 0
cpu95 126956 0 84 83948 0 0 2 0 0 0
cpu96 127083 0 75 83841 0 0 0 0 0 0
cpu97 127067 0 81 83846 0 0 0 0 0 0
cpu98 127141 0 146 83683 2 0 4 0 0 0
cpu99 127021 0 86 83880 0 0 2 0 0 0
cpu100 127055 0 83 83855 1 0 1 0 0 0
cpu101 127070 0 69 83848 0 0 0 0 0 0
cpu102 127148 0 217 83613 1 0 3 0 0 0
cpu103 127033 0 104 83850 1 0 2 0 0 0
cpu104 126806 0 105 84067 1 0 3 0 0 0
cpu105 126785 0 67 84140 0 0 1 0 0 0
cpu106 127265 0 272 83418 22 0 2 0 0 0
cpu107 127063 0 65 83862 0 0 0 0 0 0
cpu108 127065 0 73 83854 0 0 0 0 0 0
cpu109 127067 0 76 83828 1 0 1 0 0 0
cpu110 127020 0 206 83731 19 0 4 0 0 0
cpu111 126984 0 88 83905 0 0 4 0 0 0
cpu112 127084 0 71 83836 0 0 0 0 0 0
cpu113 127068 0 79 83833 2 0 0 0 0 0
cpu114 127122 0 138 83717 4 0 4 0 0 0
cpu115 127068 0 63 83854 2 0 0 0 0 0
cpu116 126664 0 121 84150 2 0 7 0 0 0
cpu117 127046 0 86 83850 0 0 2 0 0 0
cpu118 128015 0 201 82765 7 0 0 0 0 0
cpu119 127056 0 80 83852 0 0 0 0 0 0
cpu120 127051 0 76 83855 1 0 1 0 0 0
cpu121 127021 0 113 83845 0 0 6 0 0 0
cpu122 127515 0 212 83255 1 0 3 0 0 0
cpu123 126772 0 137 84050 1 0 7 0 0 0
cpu124 127078 0 85 83822 0 0 0 0 0 0
cpu125 127046 0 65 83862 5 0 0 0 0 0
cpu126 127083 0 108 83709 70 0 0 0 0 0
cpu127 127053 0 120 83802 2 0 0 0 0 0
intr 46905781 130 0 0 0 691 0 0 0 1 0 249 0 0 0 0 0 0 0 0 0 0 0 0 0 0 0 0 0 0 0 0 0 0 0 0 260 0 1017 1281 3153 2835 260 532 251 1088 112 794 311 1455 83 371 1937 644 76 302 387 8451 127 677 0 3362 1 1119 337 6356 271 895 627 1252 337 1034 6448 1170 63 45310 448 2574 2 276 670 200 63 635 2 0 0 724 586 0 673 1609 8 5 70 431 20 1311 80 95 625 22 833 2013 1502 3736 196 499 1229 1933 0 733 41 0 29 223 36 14 33 129 881 2206 0 703 299 932 0 585 387 4408 149 838 379 369 38 1189 3002 1459 35 349 587 1456 0 91 1038 106 0 433 60 797 0 595 658 6 541 2189 694 0 0 0 0 0 0 0 0 0 0 159 328 114 71 769 415 56 18 25 232 1 10 1 21 19 76 33 2 56 21 3 4 16 0 17 103 5 254 151 33 84 6 70 3 0 0 0 0 0 0 0 0 0 0 0 0 0 0 0 0 3 6 1 0 21 0 0 0 0 7 3 55 87 1 182 1164 5775 43 445 613 383 489 177 69 280 143 196 1731 1916 10125 1676 97 52 497 402 77 168 168 1100 263 15 1 4 127 75 21 21 5 136 2 40 0 0 1 9 4 36 4 2 2 1 33 6 0 0 0 0 0 0 0 0 0 0 0 0 0 0 0 0 0 0 0 0 0 0 0 0 0 0 0 0 0 0 0 0 0 0 0 0 0 0 0 0 0 0 0 0 0 0 0 0 0 0 0 0 0 0 0 0 0 0 0 0 0 0 0 0 0 0 0 0 0 0 0 0 0 0 0 0 0 0 0 0 0 0 0 0 0 0 0 0 0 0 0 0 0 0 0 0 0 0 0 0 0 0 0 0 0 0 0 0 0 0 0 0 0 0 0 0 0 0 0 0 0 0 0 0 0 0 0 0 0 0 0 0 0 0 0 0 0 0 0 0 0 0 0 0 0 0 0 0 0 0 0 0 0 0 0 0 0 0 0 0 0 0 0 0 0 0 0 0 0 0 0 0 0 0 0 0 0 0 0 0 0 0 0 0 0 0 0 0 0 0 0 0 0 0 0 0 0 0 0 0 0 0 0 0 0 0 0 0 0 0 0 0 0 0 0 0 0 0 0 0 0 0 0 0 0 0 0 0 0 0 0 0 0 0 0 0 0 0 0 0 0 0 0 0 0 0 0 0 0 0 0 0 0 0 0 0 0 0 0 0 0 0 0 0 0 0 0 0 0 0 0 0 0 0 0 0 0 0 0 0 0 0 0 0 0 0 0 0 0 0 0 0 0 0 0 0 0 0 0 0 0 0 0 0 0 0 0 0 0 0 0 0 0 0 0 0 0 0 0 0 0 0 0 0 0 0 0 0 0 0 0 0 0 0 0 0 0 0 0 0 0 0 0 0 0 0 0 0 0 0 0 0 0 0 0 0 0 0 0 0 0 0 0 0 0 0 0 0 0 0 0 0 0 0 0 0 0 0 0 0 0 0 0 0 0 0 0 0 0 0 0 0 0 0 0 0 0 0 0 0 0 0 0 0 0 0 0 0 0 0 0 0 0 0 0 0 0 0 0 0 0 0 49 3 0 0 0 0 0 0 0 0 0 0 0 0 0 0 0 0 0 0 49 0 0 0 0 0 0 0 0 0 0 0 0 0 0 0 0 0 0 0 0 0 0 0 0 0 0 0 0 0 0 0 0 0 0 0 0 0 0 0 0 0 0 0 0 0 0 0 0 0 0 0 0 0 0 0 0 0 0 0 0 0 0 0 0 0 0 0 0 0 0 0 0 0 0 15 0 0 0 0 0 0 0 0 0 0 0 0 0 0 0 0 0 0 0 0 0 0 0 0 0 0 0 0 0 0 0 0 0 0 0 0 0 0 0 0 0 0 0 0 0 0 0 0 0 0 0 0 0 0 0 0 0 0 0 0 0 0 0 0 0 0 0 0 0 0 0 0 0 0 0 0 0 0 0 0 0 0 0 0 0 0 0 0 0 0 0 0 0 0 0 0 0 0 0 0 0 0 0 0 0 0 0 0 0 0 0 0 0 0 0 0 0 0 0 0 0 0 0 0 0 0 0 0 0 0 0 0 0 0 0 0 0 0 0 0 0 0 0 0 0 0 0 0 0 0 0 0 0 0 0 0 0 0 0 0 0 0 0 0 0 0 0 0 0 0 0 0 0 0 0 0 0 0 0 0 0 0 0 0 0 0 0 0 0 0 0 0 0 0 0 0 0 0 0 0 0 0 0 0 0 0 0 0 0 0 0 0 0 0 0 0 0 0 0 0 0 0 0 0 0 0 0 0 0 0 0 0 0 0 0 0 0 0 0 0 0 0 0 0 0 0 0 0 0 0 0 0 0 0 0 0 0 0 0 0 0 0 0 0 0 0 0 0 0 0 0 0 0 0 0 0 0 0 0 0 0 0 0 0 0 0 0 0 0 0 0 0 0 0 0 0 0 0 0 0 0 0 0 0 0 0 0 0 0 0 0 0 0 0 0 0 0 0 0 0 0 0 0 0 0 0 0 0 0 0 0 0 0 0 0 0 0 0 0 0 0 0 0 0 0 0 0 0 0 0 0 0 0 0 0 0 0 0 0 0 0 0 0 0 0 0 0 0 0 0 0 0 0 0 0 0 0 0 0 0 0 0 0 0 0 0 0 0 0 0 0 0 0 0 0 0 0 0 0 0 0 0 0 0 0 0 0 0 0 0 0 0 0 0 0 0 0 0 0 0 0 0 0 0 0 0 0 0 0 0 0 0 0 0 0 0 0 0 0 0 0 0 0 0 0 0 0 0 0 0 0 0 0 0 0 0 0 0 0 0 0 0 0 0 0 0 0 0 0 0 0 0 0 0 0 0 0 0 0 0 0 0 0 0 0 0 0 0 0 0 0 0 0 0 0 0 0 0 0 0 0 0 0 0 0 0 0 0 0 0 0 0 0 0 0 0 0 0 0 0 0 0 0 0 0 0 0 0 0 0 0 0 0 0 0 0 0 0 0 0 0 0 0 0 0 0 0 0 0 0 0 0 0 0 0 0 0 0 0 0 0 0 0 0 0 0 0 0 0 0 0 0 0 0 0 0 0 0 0 0 0 0 0 0 0 0 0 0 0 0 0 0 0 0 0 0 0 0 0 0 0 0 0 0 0 0 0 0 0 0 0 0 0 0 0 0 0 0 0 0 0 0 0 0 0 0 0 0 0 0 0 0 0 0 0 0 0 0 0 0 0 0 0 0 0 0 0 0 0 0 0 0 0 0 0 0 0 0 0 0 0 0 0 0 0 0 0 0 0 0 0 0 0 0 0 0 0 0 0 0 0 0 0 0 0 0 0 0 0 0 0 0 0 0 0 0 0 0 0 0 0 0 0 0 0 0 0 0 0 0 0 0 0 0 0 0 0 0 0 0 0 0 0 0 0 0 0 0 0 0 0 0 0 0 0 0 0 0 0 0 0 0 0 0 0 0 0 0 0 0 0 0 0 0 0 0 0 0 0 0 0 0 0 0 0 0 0 0 0 0 0 0 0 0 0 0 0 0 0 0 0 0 0 0 0 0 0 0 0 0 0 0 0 0 0 0 0 0 0 0 0 0 0 0 0 0 0 0 0 0 0 0 0 0 0 0 0 0 0 0 0 0 0 0 0 0 0 0 0 0 0 0 0 0 0 0 0 0 0 0 0 0 0 0 0 0 0 0 0 0 0 0 0 0 0 0 0 0 0 0 0 0 0 0 0 0 0 0 0 0 0 0 0 0 0 0 0 0 0 0 0 0 0 0 0 0 0 0 0 0 0 0 0 0 0 0 0 0 0 0 0 0 0 0 0 0 0 0 0 0 0 0 0 0 0 0 0 0 0 0 0 0 0 0 0 0 0 0 0 0 0 0 0 0 0 0 0 0 0 0 0 0 0 0 0 0 0 0 0 0 0 0 0 0 0 0 0 0 0 0 0 0 0 0 0 0 0 0 0 0 0 0 0 0 0 0 0 0 0 0 0 0 0 0 0 0 0 0 0 0 0 0 0 0 0 0 0 0 0 0 0 0 0 0 0 0 0 0 0 0 0 0 0 0 0 0 0 0 0 0 0 0 0 0 0 0 0 0 0 0 0 0 0 0 0 0 0 0 0 0 0 0 0 0 0 0 0 0 0 0 0 0 0 0 0 0 0 0 0 0 0 0 0 0 0 0 0 0 0 0 0 0 0 0 0 0 0 0 0 0 0 0 0 0 0 0 0 0 0 0 0 0 0 0 0 0 0 0 0 0 0 0 0 0 0 0 0 0 0 0 0 0 0 0 0 0 0 0 0 0 0 0 0 0 0 0 0 0 0 0 0 0 0 0 0 0 0 0 0 0 0 0 0 0 0 0 0 0 0 0 0 0 0 0 0 0 0 0 0 0 0 0 0 0 0 0 0 0 0 0 0 0 0 0 0 0 0 0 0 0 0 0 0 0 0 0 0 0 0 0 0 0 0 0 0 0 0 0 0 0 0 0 0 0 0 0 0 0 0 0 0 0 0 0 0 0 0 0 0 0 0 0 0 0 0 0 0 0 0 0 0 0 0 0 0 0 0 0 0 0 0 0 0 0 0 0 0 0 0 0 0 0 0 0 0 0 0 0 0 0 0 0 0 0 0 0 0 0 0 0 0 0 0 0 0 0 0 0 0 0 0 0 0 0 0 0 0 0 0 0 0 0 0 0 0 0 0 0 0 0 0 0 0 0 0 0 0 0 0 0 0 0 0 0 0 0 0 0 0 0 0 0 0 0 0 0 0 0 0 0 0 0 0 0 0 0 0 0 0 0 0 0 0 0 0 0 0 0 0 0 0 0 0 0 0 0 0 0 0 0 0 0 0 0 0 0 0 0 0 0 0 0 0 0 0 0 0 0 0 0 0 0 0 0 0 0 0 0 0 0 0 0 0 0 0 0 0 0 0 0 0 0 0 0 0 0 0 0 0 0 0 0 0 0 0 0 0 0 0 0 0 0 0 0 0 0 0 0 0 0 0 0 0 0 0 0 0 0 0 0 0 0 0 0 0 0 0 0 0 0 0 0 0 0 0 0 0 0 0 0 0 0 0 0 0 0 0 0 0 0 0 0 0 0 0 0 0 0 0 0 0 0 0 0 0 0 0 0 0 0 0 0 0 0 0 0 0 0 0 0 0 0 0 0 0 0 0 0 0 0 0 0 0 0 0 0 0 0 0 0 0 0 0 0 0 0 0 0 0 0 0 0 0 0 0 0 0 0 0 0 0 0 0 0 0 0 0 0 0 0 0 0 0 0 0 0 0 0 0 0 0 0 0 0 0 0 0 0 0 0 0 0 0 0 0 0 0 0 0 0 0 0 0 0 0 0 0 0 0 0 0 0 0 0 0 0 0 0 0 0 0 0 0 0 0 0 0 0 0 0 0 0 0 0 0 0 0 0 0 0 0 0 0 0 0 0 0 0 0 0 0 0 0 0 0 0 0 0 0 0 0 0 0 0 0 0 0 0 0 0 0 0 0 0 0 0 0 0 0 0 0 0 0 0 0 0 0 0 0 0 0 0 0 0 0 0 0 0 0 0 0 0 0 0 0 0 0 0 0 0 0 0 0 0 0 0 0 0 0 0 0 0 0 0 0 0 0 0 0 0 0 0 0 0 0 0 0 0 0 0 0 0 0 0 0 0 0 0 0 0 0 0 0 0 0 0 0 0 0 0 0 0 0 0 0 0 0 0 0 0 0 0 0 0 0 0 0 0 0 0 0 0 0 0 0 0 0 0 0 0 0 0 0 0 0 0 0 0 0 0 0 0 0 0 0 0 0 0 0 0 0 0 0 0 0 0 0 0 0 0 0 0 0 0 0 0 0 0 0 0 0 0 0 0 0 0 0 0 0 0 0 0 0 0 0 0 0 0 0 0 0 0 0 0 0 0 0 0 0 0 0 0 0 0 0 0 0 0 0 0 0 0 0 0 0 0 0 0 0 0 0 0 0 0 0 0 0 0 0 0 0 0 0 0 0 0 0 0 0 0 0 0 0 0 0 0 0 0 0 0 0 0 0 0 0 0 0 0 0 0 0 0 0 0 0 0 0 0 0 0 0 0 0 0 0 0 0 0 0 0 0 0 0 0 0 0 0 0 0 0 0 0 0 0 0 0 0 0 0 0 0 0 0 0 0 0 0 0 0 0 0 0 0 0 0 0 0 0 0 0 0 0 0 0 0 0 0 0 0 0 0 0 0 0 0 0 0 0 0 0 0 0 0 0 0 0 0 0 0 0 0 0 0 0 0 0 0 0 0 0 0 0 0 0 0 0 0 0 0 0 0 0 0 0 0 0 0 0 0 0 0 0 0 0 0 0 0 0 0 0 0 0 0 0 0 0 0 0 0 0 0 0 0 0 0 0 0 0 0 0 0 0 0 0 0 0 0 0 0 0 0 0 0 0 0 0 0 0 0 0 0 0 0 0 0 0 0 0 0 0 0 0 0 0 0 0 0 0 0 0 0 0 0 0 0 0 0 0 0 0 0 0 0 0 0 0 0 0 0 0 0 0 0 0 0 0 0 0 0 0 0 0 0 0 0 0 0 0 0 0 0 0 0 0 0 0 0 0 0 0 0 0 0 0 0 0 0 0 0 0 0 0 0 0 0 0 0 0 0 0 0 0 0 0 0 0 0 0 0 0 0 0 0 0 0 0 0 0 0 0 0 0 0 0 0 0 0 0 0 0 0 0 0 0 0 0 0 0 0 0 0 0 0 0 0 0 0 0 0 0 0 0 0 0 0 0 0 0 0 0 0 0 0 0 0 0 0 0 0 0 0 0 0 0 0 0 0 0 0 0 0 0 0 0 0 0 0 0 0 0 0 0 0 0 0 0 0 0 0 0 0 0 0 0 0 0 0 0 0 0 0 0 0 0 0 0 0 0 0 0 0 0 0 0 0 0 0 0 0 0 0 0 0 0 0 0 0 0 0 0 0 0 0 0 0 0 0 0 0 0 0 0 0 0 0 0 0 0 0 0 0 0 0 0 0 0 0 0 0 0 0 0 0 0 0 0 0 0 0 0 0 0 0 0 0 0 0 0 0 0 0 0 0 0 0 0 0 0 0 0 0 0 0 0 0 0 0 0 0 0 0 0 0 0 0 0 0 0 0 0 0 0 0 0 0 0 0 0 0 0 0 0 0 0 0 0 0 0 0 0 0 0 0 0 0 0 0 0 0 0 0 0 0 0 0 0 0 0 0 0 0 0 0 0 0 0 0 0 0 0 0 0 0 0 0 0 0 0 0 0 0 0 0 0 0 0 0 0 0 0 0 0 0 0 0 0 0 0 0 0 0 0 0 0 0 0 0 0 0 0 0 0 0 0 0 0 0 0 0 0 0 0 0 0 0 0 0 0 0 0 0 0 0 0 0 0 0 0 0 0 0 0 0 0 0 0 0 0 0 0 0 0 0 0 0 0 0 0 0 0 0 0 0 0 0 0 0 0 0 0 0 0 0 0 0 0 0 0 0 0 0 0 0 0 0 0 0 0 0 0 0 0 0 0 0 0 0 0 0 0 0 0 0 0 0 0 0 0 0 0 0 0 0 0 0 0 0 0 0 0 0 0 0 0 0 0 0 0 0 0 0 0 0 0 0 0 0 0 0 0 0 0 0 0 0 0 0 0 0 0 0 0 0 0 0 0 0 0 0 0 0 0 0 0 0 0 0 0 0 0 0 0 0 0 0 0 0 0 0 0 0 0 0 0 0 0 0 0 0 0 0 0 0 0 0 0 0 0 0 0 0 0 0 0 0 0 0 0 0 0 0 0 0 0 0 0 0 0 0 0 0 0 0 0 0 0 0 0 0 0 0 0 0 0 0 0 0 0 0 0 0 0 0 0 0 0 0 0 0 0 0 0 0 0 0 0 0 0 0 0 0 0 0 0 0 0 0 0 0 0 0 0 0 0 0 0 0 0 0 0 0 0 0 0 0 0 0 0 0 0 0 0 0 0 0 0 0 0 0 0 0 0 0 0 0 0 0 0 0 0 0 0 0 0 0 0 0 0 0 0 0 0 0 0 0 0 0 0 0 0 0 0 0 0 0 0 0 0 0 0 0 0 0 0 0 0 0 0 0 0 0 0 0 0 0 0 0 0 0 0 0 0 0 0 0 0 0 0 0 0 0 0 0 0 0 0 0 0 0 0 0 0 0 0 0 0 0 0 0 0 0 0 0 0 0 0 0 0 0 0 0 0 0 0 0 0 0 0 0 0 0 0 0 0 0 0 0 0 0 0 0 0 0 0 0 0 0 0 0 0 0 0 0 0 0 0 0 0 0 0 0 0 0 0 0 0 0 0 0 0 0 0 0 0 0 0 0 0 0 0 0 0 0 0 0 0 0 0 0 0 0 0 0 0 0 0 0 0 0 0 0 0 0 0 0 0 0 0 0 0 0 0 0 0 0 0 0 0 0 0 0 0 0 0 0 0 0 0 0 0 0 0 0 0 0 0 0 0 0 0 0 0 0 0 0 0 0 0 0 0 0 0 0 0 0 0 0 0 0 0 0 0 0 0 0 0 0 0 0 0 0 0 0 0 0 0 0 0 0 0 0 0 0 0 0 0 0 0 0 0 0 0 0 0 0 0 0 0 0 0 0 0 0 0 0 0 0 0 0 0 0 0 0 0 0 0 0 0 0 0 0 0 0 0 0 0 0 0 0 0 0 0 0 0 0 0 0 0 0 0 0 0 0 0 0 0 0 0 0 0 0 0 0 0 0 0 0 0 0 0 0 0 0 0 0 0 0 0 0 0 0 0 0 0 0 0 0 0 0 0 0 0 0 0 0 0 0 0 0 0 0 0 0 0 0 0 0 0 0 0 0 0 0 0 0 0 0 0 0 0 0 0 0 0 0 0 0 0 0 0 0 0 0 0 0 0 0 0 0 0 0 0 0 0 0 0 0 0 0 0 0 0 0 0 0 0 0 0 0 0 0 0 0 0 0 0 0 0 0 0 0 0 0 0 0 0 0 0 0 0 0 0 0 0 0 0 0 0 0 0 0 0 0 0 0 0 0 0 0 0 0 0 0 0 0 0 0 0 0 0 0 0 0 0 0 0 0 0 0 0 0 0 0 0 0 0 0 0 0 0 0 0 0 0 0 0 0 0 0 0 0 0 0 0 0 0 0 0 0 0 0 0 0 0 0 0 0 0 0 0 0 0 0 0 0 0 0 0 0 0 0 0 0 0 0 0 0 0 0 0 0 0 0 0 0 0 0 0 0 0 0 0 0 0 0 0 0 0 0 0 0 0 0 0 0 0 0 0 0 0 0 0 0 0 0 0 0 0 0 0 0 0 0 0 0 0 0 0 0 0 0 0 0 0 0 0 0 0 0 0 0 0 0 0 0 0 0 0 0 0 0 0 0 0 0 0 0 0 0 0 0 0 0 0 0 0 0 0 0 0 0 0 0 0 0 0 0 0 0 0 0 0 0 0 0 0 0 0 0 0 0 0 0 0 0 0 0 0 0 0 0 0 0 0 0 0 0 0 0 0 0 0 0 0 0 0 0 0 0 0 0 0 0 0 0 0 0 0 0 0 0 0 0 0 0 0 0 0 0 0 0 0 0 0 0 0 0 0 0 0 0 0 0 0 0 0 0 0 0 0 0 0 0 0 0 0 0 0 0 0 0 0 0 0 0 0 0 0 0 0 0 0 0 0 0 0 0 0 0 0 0 0 0 0 0 0 0 0 0 0 0 0 0 0 0 0 0 0 0 0 0 0 0 0 0 0 0 0 0 0 0 0 0 0 0 0 0 0 0 0 0 0 0 0 0 0 0 0 0 0 0 0 0 0 0 0 0 0 0 0 0 0 0 0 0 0 0 0 0 0 0 0 0 0 0 0 0 0 0 0 0 0 0 0 0 0 0 0 0 0 0 0 0 0 0 0 0 0 0 0 0 0 0 0 0 0 0 0 0 0 0 0 0 0 0 0 0 0 0 0 0 0 0
ctxt 4127404
btime 1613122782
processes 101932
procs_running 1
procs_blocked 0
softirq 51037691 1 30286198 1225 840481 0 0 171 1683469 0 18226146
