cpu  26495737 8 49989 4249584 179 0 4504 0 0 0
cpu0 412744 0 2148 66021 0 0 282 0 0 0
cpu1 413855 0 828 66476 9 0 110 0 0 0
cpu2 413079 0 1632 66398 1 0 154 0 0 0
cpu3 413398 0 1103 66600 4 0 155 0 0 0
cpu4 413990 0 1395 65696 8 0 102 0 0 0
cpu5 414308 0 340 66587 4 0 24 0 0 0
cpu6 413482 0 1113 66515 1 0 145 0 0 0
cpu7 413837 0 830 66485 2 0 110 0 0 0
cpu8 413338 0 1355 66504 0 0 60 0 0 0
cpu9 414318 0 365 66531 3 0 47 0 0 0
cpu10 413660 0 1065 66439 3 0 83 0 0 0
cpu11 414441 0 242 66565 2 0 10 0 0 0
cpu12 413250 0 1464 66473 1 0 71 0 0 0
cpu13 414376 0 384 66448 1 0 41 0 0 0
cpu14 413418 0 1341 66414 0 0 88 0 0 0
cpu15 414240 0 598 66318 2 0 90 0 0 0
cpu16 412458 0 2068 66533 0 0 196 0 0 0
cpu17 414134 0 498 66393 1 0 214 0 0 0
cpu18 412898 0 1826 66372 0 0 166 0 0 0
cpu19 414298 0 418 66483 1 0 51 0 0 0
cpu20 413483 0 1193 66373 48 0 113 0 0 0
cpu21 414402 0 315 66515 11 0 16 0 0 0
cpu22 413468 0 1136 66536 1 0 116 0 0 0
cpu23 414348 0 313 66566 8 0 25 0 0 0
cpu24 413964 0 844 66407 1 0 35 0 0 0
cpu25 414392 0 250 66610 1 0 10 0 0 0
cpu26 413382 0 1235 66483 0 0 147 0 0 0
cpu27 414225 0 413 66574 1 0 47 0 0 0
cpu28 413534 0 1097 66543 0 0 80 0 0 0
cpu29 414410 0 242 66589 2 0 16 0 0 0
cpu30 413265 0 1258 66520 0 0 206 0 0 0
cpu31 414267 0 356 66600 1 0 28 0 0 0
cpu32 414018 0 991 66193 1 0 39 0 0 0
cpu33 414012 0 608 66598 1 0 33 0 0 0
cpu34 414149 2 1082 65984 0 0 31 0 0 0
cpu35 414224 0 394 66606 0 0 29 0 0 0
cpu36 414598 0 724 65883 0 0 37 0 0 0
cpu37 414296 0 339 66596 5 0 16 0 0 0
cpu38 416200 0 714 64286 1 0 37 0 0 0
cpu39 413863 0 733 66570 1 0 86 0 0 0
cpu40 414906 0 814 65484 5 0 28 0 0 0
cpu41 414456 0 287 66476 1 0 18 0 0 0
cpu42 413540 0 1136 66421 0 0 154 0 0 0
cpu43 414520 0 184 66537 0 0 10 0 0 0
cpu44 413992 0 1054 66183 0 0 23 0 0 0
cpu45 414453 0 288 66484 0 0 22 0 0 0
cpu46 413359 0 1609 66122 0 0 149 0 0 0
cpu47 414572 0 277 66371 2 0 19 0 0 0
cpu48 413351 0 1463 66333 0 0 100 0 0 0
cpu49 414383 0 467 66373 2 0 19 0 0 0
cpu50 413592 0 1006 66565 0 0 80 0 0 0
cpu51 414490 0 257 66489 2 0 11 0 0 0
cpu52 414239 0 433 66536 0 0 41 0 0 0
cpu53 414440 0 266 66524 3 0 16 0 0 0
cpu54 414028 0 595 66567 1 0 50 0 0 0
cpu55 414312 0 342 66569 0 0 22 0 0 0
cpu56 414127 0 674 66425 0 0 14 0 0 0
cpu57 414470 0 188 66576 0 0 8 0 0 0
cpu58 414178 0 514 66515 0 0 35 0 0 0
cpu59 414086 1 490 66586 1 0 83 0 0 0
cpu60 414077 0 656 66469 0 0 22 0 0 0
cpu61 414445 0 200 66578 1 0 17 0 0 0
cpu62 413246 0 1222 66580 0 0 188 0 0 0
cpu63 414428 0 290 66507 7 0 6 0 0 0
intr 73580734 83 0 0 0 639 0 0 0 1 0 282 0 0 0 0 0 0 0 0 0 0 0 0 0 0 0 0 0 0 0 0 0 0 0 0 0 0 0 1173 20558 1468 12801 304 7090 1253 8414 742 11291 619 1394 525 4732 254 3690 1331 62317 184 3932 9406 2072 1468 6916 1150 1177 489 3328 1866 607 789 3235 1450 15382 170 8833 123 7002 248 7882 307 2734 493 1188 845 1495 12 2180 669 8411 765 3136 2885 1865 3640 4656 1096 822 561 2749 773 1591 835 2002 0 0 0 0 0 0 0 0 0 0 0 0 0 0 0 0 0 31660 93 0 0 0 0 0 0 0 0 0 0 0 0 0 0 0 0 0 0 0 0 0 0 0 0 0 0 0 0 0 0 0 0 0 0 0 0 0 0 0 0 0 0 0 0 0 0 0 0 0 0 0 0 0 0 0 0 0 0 0 0 0 0 0 0 0 0 0 0 0 0 0 0 0 0 0 15 0 0 0 0 0 0 0 0 0 0 0 0 0 0 0 0 0 0 0 0 0 0 0 0 0 0 0 0 0 0 0 0 0 0 0 0 0 0 0 0 0 0 0 0 0 0 0 0 0 0 0 0 0 0 0 0 0 0 0 0 0 0 0 0 0 0 0 0 0 0 0 0 0 0 0 0 0 0 0 0 0 0 0 0 0 0 0 0 0 0 0 0 0 0 0 0 0 0 0 0 0 0 0 0 0 0 0 0 0 0 0 0 0 0 0 0 0 0 0 0 0 0 0 0 0 0 0 0 0 0 0 0 0 0 0 0 0 0 0 0 0 0 0 0 0 0 0 0 0 0 0 0 0 0 0 0 0 0 0 0 0 0 0 0 0 0 0 0 0 0 0 0 0 0 0 0 0 0 0 0 0 0 0 0 0 0 0 0 0 0 0 0 0 0 0 0 0 0 0 0 0 0 0 0 0 0 0 0 0 0 0 0 0 0 0 0 0 0 0 0 0 0 0 0 0 0 0 0 0 0 0 0 0 0 0 0 0 0 0 0 0 0 0 0 0 0 0 0 0 0 0 0 0 0 0 0 0 0 0 0 0 0 0 0 0 0 0 0 0 0 0 0 0 0 0 0 0 0 0 0 0 0 0 0 0 0 0 0 0 0 0 0 0 0 0 0 0 0 0 0 0 0 0 0 0 0 0 0 0 0 0 0 0 0 0 0 0 0 0 0 0 0 0 0 0 0 0 0 0 0 0 0 0 0 0 0 0 0 0 0 0 0 0 0 0 0 0 0 0 0 0 0 0 0 0 0 0 0 0 0 0 0 0 0 0 0 0 0 0 0 0 0 0 0 0 0 0 0 0 0 0 0 0 0 0 0 0 0 0 0 0 0 0 0 0 0 0 0 0 0 0 0 0 0 0 0 0 0 0 0 0 0 0 0 0 0 0 0 0 0 0 0 0 0 0 0 0 0 0 0 0 0 0 0 0 0 0 0 0 0 0 0 0 0 0 0 0 0 0 0 0 0 0 0 0 0 0 0 0 0 0 0 0 0 0 0 0 0 0 0 0 0 0 0 0 0 0 0 0 0 0 0 0 0 0 0 0 0 0 0 0 0 0 0 0 0 0 0 0 0 0 0 0 0 0 0 0 0 0 0 0 0 0 0 0 0 0 0 0 0 0 0 0 0 0 0 0 0 0 0 0 0 0 0 0 0 0 0 0 0 0 0 0 0 0 0 0 0 0 0 0 0 0 0 0 0 0 0 0 0 0 0 0 0 0 0 0 0 0 0 0 0 0 0 0 0 0 0 0 0 0 0 0 0 0 0 0 0 0 0 0 0 0 0 0 0 0 0 0 0 0 0 0 0 0 0 0 0 0 0 0 0 0 0 0 0 0 0 0 0 0 0 0 0 0 0 0 0 0 0 0 0 0 0 0 0 0 0 0 0 0 0 0 0 0 0 0 0 0 0 0 0 0 0 0 0 0 0 0 0 0 0 0 0 0 0 0 0 0 0 0 0 0 0 0 0 0 0 0 0 0 0 0 0 0 0 0 0 0 0 0 0 0 0 0 0 0 0 0 0 0 0 0 0 0 0 0 0 0 0 0 0 0 0 0 0 0 0 0 0 0 0 0 0 0 0 0 0 0 0 0 0 0 0 0 0 0 0 0 0 0 0 0 0 0 0 0 0 0 0 0 0 0 0 0 0 0 0 0 0 0 0 0 0 0 0 0 0 0 0 0 0 0 0 0 0 0 0 0 0 0 0 0 0 0 0 0 0 0 0 0 0 0 0 0 0 0 0 0 0 0 0 0 0 0 0 0 0 0 0 0 0 0 0 0 0 0 0 0 0 0 0 0 0 0 0 0 0 0 0 0 0 0 0 0 0 0 0 0 0 0 0 0 0 0 0 0 0 0 0 0 0 0 0 0 0 0 0 0 0 0 0 0 0 0 0 0 0 0 0 0 0 0 0 0 0 0 0 0 0 0 0 0 0 0 0 0 0 0 0 0 0 0 0 0 0 0 0 0 0 0 0 0 0 0 0 0 0 0 0 0 0 0 0 0 0 0 0 0 0 0 0 0 0 0 0 0 0 0 0 0 0 0 0 0 0 0 0 0 0 0 0 0 0 0 0 0 0 0 0 0 0 0 0 0 0 0 0 0 0 0 0 0 0 0 0 0 0 0 0 0 0 0 0 0 0 0 0 0 0 0 0 0 0 0 0 0 0 0 0 0 0 0 0 0 0 0 0 0 0 0 0 0 0 0 0 0 0 0 0 0 0 0 0 0 0 0 0 0 0 0 0 0 0 0 0 0 0 0 0 0 0 0 0 0 0 0 0 0 0 0 0 0 0 0 0 0 0 0 0 0 0 0 0 0 0 0 0 0 0 0 0 0 0 0 0 0 0 0 0 0 0 0 0 0 0 0 0 0 0 0 0 0 0 0 0 0 0 0 0 0 0 0 0 0 0 0 0 0 0 0 0 0 0 0 0 0 0 0 0 0 0 0 0 0 0 0 0 0 0 0 0 0 0 0 0 0 0 0 0 0 0 0 0 0 0 0 0 0 0 0 0 0 0 0 0 0 0 0 0 0 0 0 0 0 0 0 0 0 0 0 0 0 0 0 0 0 0 0 0 0 0 0 0 0 0 0 0 0 0 0 0 0 0 0 0 0 0 0 0 0 0 0 0 0 0 0 0 0 0 0 0 0 0 0 0 0 0 0 0 0 0 0 0 0 0 0 0 0 0 0 0 0 0 0 0 0 0 0 0 0 0 0 0 0 0 0 0 0 0 0 0 0 0 0 0 0 0 0 0 0 0 0 0 0 0 0 0 0 0 0 0 0 0 0 0 0 0 0 0 0 0 0 0 0 0 0 0 0 0 0 0 0 0 0 0 0 0 0 0 0 0 0 0 0 0 0 0 0 0 0 0 0 0 0 0 0 0 0 0 0 0 0 0 0 0 0 0 0 0 0 0 0 0 0 0 0 0 0 0 0 0 0 0 0 0 0 0 0 0 0 0 0 0 0 0 0 0 0 0 0 0 0 0 0 0 0 0 0 0 0 0 0 0 0 0 0 0 0 0 0 0 0 0 0 0 0 0 0 0 0 0 0 0 0 0 0 0 0 0 0 0 0 0 0 0 0 0 0 0 0 0 0 0 0 0 0 0 0 0 0 0 0 0 0 0 0 0 0 0 0 0 0 0 0 0 0 0 0 0 0 0 0 0 0 0 0 0 0 0 0 0 0 0 0 0 0 0 0 0 0 0 0 0 0 0 0 0 0 0 0 0 0 0 0 0 0 0 0 0 0 0 0 0 0 0 0 0 0 0 0 0 0 0 0 0 0 0 0 0 0 0 0 0 0 0 0 0 0 0 0 0 0 0 0 0 0 0 0 0 0 0 0 0 0 0 0 0 0 0 0 0 0 0 0 0 0 0 0 0 0 0 0 0 0 0 0 0 0 0 0 0 0 0 0 0 0 0 0 0 0 0 0 0 0 0 0 0 0 0 0 0 0 0 0 0 0 0 0 0 0 0 0 0 0 0 0 0 0 0 0 0 0 0 0 0 0 0 0 0 0 0 0 0 0 0 0 0 0 0 0 0 0 0 0 0 0 0 0 0 0 0 0 0 0 0 0 0 0 0 0 0 0 0 0 0 0 0 0 0 0 0 0 0 0 0 0 0 0 0 0 0 0 0 0 0 0 0 0 0 0 0 0 0 0 0 0 0 0 0 0 0 0 0 0 0 0 0 0 0 0 0 0 0 0 0 0 0 0 0 0 0 0 0 0 0 0 0 0 0 0 0 0 0 0 0 0 0 0 0 0 0 0 0 0 0 0 0 0 0 0 0 0 0 0 0 0 0 0 0 0 0 0 0 0 0 0 0 0 0 0 0 0 0 0 0 0 0 0 0 0 0 0 0 0 0 0 0 0 0 0 0 0 0 0 0 0 0 0 0 0 0 0 0 0 0 0 0 0 0 0 0 0 0 0 0 0 0 0 0 0 0 0 0 0 0 0 0 0 0 0 0 0 0 0 0 0 0 0 0 0 0 0 0 0 0 0 0 0 0 0 0 0 0 0 0 0 0 0 0 0 0 0 0 0 0 0 0 0 0 0 0 0 0 0 0 0 0 0 0 0 0 0 0 0 0 0 0 0 0 0 0 0 0 0 0 0 0 0 0 0 0 0 0 0 0 0 0 0 0 0 0 0 0 0 0 0 0 0 0 0 0 0 0 0 0 0 0 0 0 0 0 0 0 0 0 0 0 0 0 0 0 0 0 0 0 0 0 0 0 0 0 0 0 0 0 0 0 0 0 0 0 0 0 0 0 0 0 0 0 0 0 0 0 0 0 0 0 0 0 0 0 0 0 0 0 0 0 0 0 0 0 0 0 0 0 0 0 0 0 0 0 0 0 0 0 0 0 0 0 0 0 0 0 0 0 0 0 0 0 0 0 0 0 0 0 0 0 0 0 0 0 0 0 0 0 0 0 0 0 0 0 0 0 0 0 0 0 0 0 0 0 0 0 0 0 0 0 0 0 0 0 0 0 0 0 0 0 0 0 0 0 0 0 0 0 0 0 0 0 0 0 0 0 0 0 0 0 0 0 0 0 0 0 0 0 0 0 0 0 0 0 0 0 0 0 0 0 0 0 0 0 0 0 0 0 0 0 0 0 0 0 0 0 0 0 0 0 0 0 0 0 0 0 0 0 0 0 0
ctxt 8706882
btime 1613123985
processes 186968
procs_running 1
procs_blocked 0
softirq 82378507 1 47590648 1251 1546131 0 0 147 2522068 0 30718261
