cpu  5911877 4 7650 6744620 420 0 834 0 0 0
cpu0 164104 0 330 187152 1 0 200 0 0 0
cpu1 164100 0 226 187479 1 0 101 0 0 0
cpu2 164210 0 194 187413 0 0 24 0 0 0
cpu3 164192 0 270 187324 4 0 12 0 0 0
cpu4 164126 0 308 187362 2 0 12 0 0 0
cpu5 164006 0 382 187371 14 0 36 0 0 0
cpu6 164146 0 243 187412 2 0 6 0 0 0
cpu7 164181 0 190 187451 4 0 0 0 0 0
cpu8 164620 0 229 186963 1 0 2 0 0 0
cpu9 164282 0 217 187316 1 0 5 0 0 0
cpu10 164161 0 181 187468 4 0 1 0 0 0
cpu11 164223 0 148 187447 2 0 3 0 0 0
cpu12 164070 0 214 187519 4 0 6 0 0 0
cpu13 164447 0 200 187121 48 0 2 0 0 0
cpu14 164026 0 288 187466 4 0 25 0 0 0
cpu15 164118 0 186 187507 5 0 6 0 0 0
cpu16 163996 0 325 187453 1 0 38 0 0 0
cpu17 164253 0 179 187367 5 0 2 0 0 0
cpu18 164241 0 162 187404 4 0 3 0 0 0
cpu19 164029 0 274 187484 1 0 26 0 0 0
cpu20 164302 0 118 187385 3 0 3 0 0 0
cpu21 164204 0 126 187477 9 0 0 0 0 0
cpu22 164117 0 209 187477 12 0 6 0 0 0
cpu23 164226 0 124 187460 2 0 0 0 0 0
cpu24 163789 0 392 187364 12 0 241 0 0 0
cpu25 164212 0 141 187463 3 0 0 0 0 0
cpu26 164181 0 176 187443 7 0 2 0 0 0
cpu27 164622 0 196 186998 0 0 4 0 0 0
cpu28 164690 0 220 186800 81 0 0 0 0 0
cpu29 164241 0 135 187403 33 0 3 0 0 0
cpu30 164765 0 182 186783 54 0 2 0 0 0
cpu31 164308 3 122 187333 40 0 1 0 0 0
cpu32 164075 0 318 187380 6 0 39 0 0 0
cpu33 164234 0 156 187405 12 0 3 0 0 0
cpu34 164179 0 132 187476 15 0 4 0 0 0
cpu35 164186 0 142 187479 1 0 0 0 0 0
intr 16684441 56 0 0 0 610 0 0 0 1 0 275 0 0 0 0 0 0 0 0 0 0 0 0 0 0 0 0 0 0 0 0 0 94 247 191 18 198 323 609 129 187 58 87 285 138 255 1443 453 279 249 339 191 146 151 1241 3734 0 0 0 0 203 1273 262 364 35 10036 3397 3978 1767 545 714 219 130 0 16 9362 1 0 6891 1581 157 532 661 176 104 156 870 2415 536 868 2560 193 4222 780 2796 293 887 2178 5304 259 2768 721 59536 50 536 826 51 758 443 141 4905 658 686 409 0 16 7693 1 0 0 0 0 0 0 0 0 0 0 0 0 0 0 0 0 0 0 0 0 0 0 0 0 0 0 0 0 0 0 0 0 0 0 0 0 0 24 0 0 0 0 0 0 0 0 0 0 0 0 0 0 0 0 0 0 0 0 0 0 0 0 0 0 0 0 0 0 0 0 0 0 0 0 0 0 0 0 0 0 0 0 0 0 0 0 0 0 0 0 0 0 0 0 0 0 0 0 0 0 0 0 0 0 0 0 0 0 0 0 0 0 0 0 0 0 0 0 0 0 0 0 0 0 0 0 0 0 0 0 0 0 0 0 0 0 0 0 0 0 0 0 0 0 0 0 0 0 0 0 0 0 0 0 0 0 0 0 0 0 0 0 0 0 0 0 0 0 0 0 0 0 0 0 0 0 0 0 0 0 0 0 0 0 0 0 0 0 0 0 0 0 0 0 0 0 0 0 0 0 0 0 0 0 0 0 0 0 0 0 0 0 0 0 0 0 0 0 0 0 0 0 0 0 0 0 0 0 0 0 0 0 0 0 0 0 0 0 0 0 0 0 0 0 0 0 0 0 0 0 0 0 0 0 0 0 0 0 0 0 0 0 0 0 0 0 0 0 0 0 0 0 0 0 0 0 0 0 0 0 0 0 0 0 0 0 0 0 0 0 0 0 0 0 0 0 0 0 0 0 0 0 0 0 0 0 0 0 0 0 0 0 0 0 0 0 0 0 0 0 0 0 0 0 0 0 0 0 0 0 0 0 0 0 0 0 0 0 0 0 0 0 0 0 0 0 0 0 0 0 0 0 0 0 0 0 0 0 0 0 0 0 0 0 0 0 0 0 0 0 0 0 0 0 0 0 0 0 0 0 0 0 0 0 0 0 0 0 0 0 0 0 0 0 0 0 0 0 0 0 0 0 0 0 0 0 0 0 0 0 0 0 0 0 0 0 0 0 0 0 0 0 0 0 0 0 0 0 0 0 0 0 0 0 0 0 0 0 0 0 0 0 0 0 0 0 0 0 0 0 0 0 0 0 0 0 0 0 0 0 0 0 0 0 0 0 0 0 0 0 0 0 0 0 0 0 0 0 0 0 0 0 0 0 0 0 0 0 0 0 0 0 0 0 0 0 0 0 0 0 0 0 0 0 0 0 0 0 0 0 0 0 0 0 0 0 0 0 0 0 0 0 0 0 0 0 0 0 0 0 0 0 0 0 0 0 0 0 0 0 0 0 0 0 0 0 0 0 0 0 0 0 0 0 0 0 0 0 0 0 0 0 0 0 0 0 0 0 0 0 0 0 0 0 0 0 0 0 0 0 0 0 0 0 0 0 0 0 0 0 0 0 0 0 0 0 0 0 0 0 0 0 0 0 0 0 0 0 0 0 0 0 0 0 0 0 0 0 0 0 0 0 0 0 0 0 0 0 0 0 0 0 0 0 0 0 0 0 0 0 0 0 0 0 0 0 0 0 0 0 0 0 0 0 0 0 0 0 0 0 0 0 0 0 0 0 0 0 0 0 0 0 0 0 0 0 0 0 0 0 0 0 0 0 0 0 0 0 0 0 0 0 0 0 0 0 0 0 0 0 0 0 0 0 0 0 0 0 0 0 0 0 0 0 0 0 0 0 0 0 0 0 0 0 0 0 0 0 0 0 0 0 0 0 0 0 0 0 0 0 0 0 0 0 0 0 0 0 0 0 0 0 0 0 0 0 0 0 0 0 0 0 0 0 0 0 0 0 0 0 0 0 0 0 0 0 0 0 0 0 0 0 0 0 0 0 0 0 0 0 0 0 0 0 0 0 0 0 0 0 0 0 0 0 0 0 0 0 0 0 0 0 0 0 0 0 0 0 0 0 0 0 0 0 0 0 0 0 0 0 0 0 0 0 0 0 0 0 0 0 0 0 0 0 0 0 0 0 0 0 0 0 0 0 0 0 0 0 0 0 0 0 0 0 0 0 0 0 0 0 0 0 0 0 0 0 0 0 0 0 0 0 0 0 0 0 0 0 0 0 0 0 0 0 0 0 0 0 0 0 0 0 0 0 0 0 0 0 0 0 0 0 0 0 0 0 0 0 0 0 0 0 0 0 0 0 0 0 0 0 0 0 0 0 0 0 0 0 0 0 0 0 0 0 0 0 0 0 0 0 0 0 0 0 0 0 0 0 0 0 0 0 0 0 0 0 0 0 0 0 0 0 0 0 0 0 0 0 0 0 0 0 0 0 0 0 0 0 0 0 0 0 0 0 0 0 0 0 0 0 0 0 0 0 0 0 0 0 0 0 0 0 0 0 0 0 0 0 0 0 0 0 0 0 0 0 0 0 0 0 0 0 0 0 0 0 0 0 0 0 0 0 0 0 0 0 0 0 0 0 0 0 0 0 0 0 0 0 0 0 0 0 0 0 0 0 0 0 0 0 0 0 0 0 0 0 0 0 0 0 0 0 0 0 0 0 0 0 0 0 0 0 0 0 0 0 0 0 0 0 0 0 0 0 0 0 0 0 0 0 0 0 0 0 0 0 0 0 0 0 0 0 0 0 0 0 0 0 0 0 0 0 0 0 0 0 0 0
ctxt 5065337
btime 1613124388
processes 126377
procs_running 1
procs_blocked 0
softirq 21989647 1 12658006 324 942918 0 0 105106 652645 0 7630647
