cpu  29260821 5 40879 11207628 693 0 3089 0 0 0
cpu0 227253 0 2086 86830 0 0 250 0 0 0
cpu1 228219 0 819 87447 7 0 17 0 0 0
cpu2 228003 0 746 87698 0 0 61 0 0 0
cpu3 228179 0 524 87791 1 0 34 0 0 0
cpu4 228149 0 806 87509 0 0 77 0 0 0
cpu5 228341 0 434 87709 0 0 31 0 0 0
cpu6 228113 0 436 87943 0 0 28 0 0 0
cpu7 228502 0 280 87735 0 0 12 0 0 0
cpu8 228159 0 637 87665 0 0 73 0 0 0
cpu9 228397 0 544 87512 0 0 60 0 0 0
cpu10 228221 0 386 87870 0 0 39 0 0 0
cpu11 228508 0 300 87696 0 0 25 0 0 0
cpu12 228242 0 720 87486 0 0 70 0 0 0
cpu13 228784 0 424 87303 1 0 16 0 0 0
cpu14 228525 0 357 87606 0 0 24 0 0 0
cpu15 228554 0 281 87682 0 0 14 0 0 0
cpu16 228432 0 438 87624 0 0 34 0 0 0
cpu17 228438 1 566 87468 0 0 47 0 0 0
cpu18 228732 0 257 87525 0 0 19 0 0 0
cpu19 228504 0 230 87780 0 0 16 0 0 0
cpu20 228266 0 582 87600 0 0 71 0 0 0
cpu21 229494 0 446 86571 0 0 18 0 0 0
cpu22 228716 0 247 87552 0 0 17 0 0 0
cpu23 228315 0 260 87778 0 0 130 0 0 0
cpu24 228464 0 546 87474 0 0 45 0 0 0
cpu25 229093 0 348 87069 0 0 20 0 0 0
cpu26 228755 0 233 87529 0 0 18 0 0 0
cpu27 228449 0 281 87778 0 0 10 0 0 0
cpu28 228626 0 374 87502 0 0 26 0 0 0
cpu29 228711 0 243 87554 0 0 12 0 0 0
cpu30 228675 0 218 87620 0 0 11 0 0 0
cpu31 228250 0 538 87658 0 0 79 0 0 0
cpu32 227256 0 1642 87405 0 0 251 0 0 0
cpu33 228658 0 222 87626 4 0 11 0 0 0
cpu34 228656 0 228 87623 0 0 14 0 0 0
cpu35 228655 0 178 87689 1 0 8 0 0 0
cpu36 228561 0 356 87576 0 0 32 0 0 0
cpu37 229246 0 335 86862 66 0 8 0 0 0
cpu38 228165 0 381 87890 0 0 36 0 0 0
cpu39 228650 0 177 87689 0 0 7 0 0 0
cpu40 228283 0 499 87711 1 0 26 0 0 0
cpu41 228874 0 223 87379 30 0 13 0 0 0
cpu42 228680 0 245 87581 0 0 17 0 0 0
cpu43 228669 0 164 87676 1 0 10 0 0 0
cpu44 228436 0 380 87664 1 0 26 0 0 0
cpu45 229020 0 242 87132 112 0 8 0 0 0
cpu46 228356 0 479 87605 0 0 71 0 0 0
cpu47 228594 0 194 87718 0 0 12 0 0 0
cpu48 228197 0 538 87707 0 0 60 0 0 0
cpu49 228576 0 289 87646 0 0 12 0 0 0
cpu50 228058 0 288 88121 0 0 25 0 0 0
cpu51 228617 0 200 87687 0 0 14 0 0 0
cpu52 228746 0 242 87519 0 0 11 0 0 0
cpu53 228583 0 269 87521 91 0 25 0 0 0
cpu54 228811 0 159 87532 4 0 12 0 0 0
cpu55 228651 0 181 87681 1 0 7 0 0 0
cpu56 228688 0 203 87617 0 0 7 0 0 0
cpu57 228886 0 237 87379 1 0 11 0 0 0
cpu58 228575 0 266 87659 0 0 14 0 0 0
cpu59 228622 0 185 87698 0 0 8 0 0 0
cpu60 228331 0 461 87650 0 0 65 0 0 0
cpu61 228743 0 275 87460 8 0 22 0 0 0
cpu62 228616 0 265 87612 0 0 17 0 0 0
cpu63 228533 0 281 87674 0 0 29 0 0 0
cpu64 228592 0 435 87271 185 0 11 0 0 0
cpu65 228602 0 344 87534 1 0 6 0 0 0
cpu66 228646 0 273 87568 1 0 20 0 0 0
cpu67 228470 0 278 87747 0 0 18 0 0 0
cpu68 228146 0 775 87480 0 0 111 0 0 0
cpu69 228838 0 246 87372 32 0 6 0 0 0
cpu70 228718 0 173 87611 0 0 4 0 0 0
cpu71 228611 0 217 87670 0 0 10 0 0 0
cpu72 228718 0 316 87451 2 0 17 0 0 0
cpu73 228740 0 372 87369 3 0 14 0 0 0
cpu74 228485 0 247 87748 1 0 24 0 0 0
cpu75 228635 0 203 87642 0 0 9 0 0 0
cpu76 228604 0 342 87545 1 0 22 0 0 0
cpu77 228887 0 346 87248 15 0 6 0 0 0
cpu78 228565 0 246 87674 0 0 16 0 0 0
cpu79 228593 0 216 87672 0 0 12 0 0 0
cpu80 228791 0 238 87472 0 0 6 0 0 0
cpu81 228840 0 306 87321 28 0 12 0 0 0
cpu82 228710 0 242 87539 0 0 13 0 0 0
cpu83 228642 0 221 87639 1 0 9 0 0 0
cpu84 228573 0 358 87557 0 0 16 0 0 0
cpu85 228642 0 273 87577 1 0 9 0 0 0
cpu86 228674 0 199 87617 0 0 13 0 0 0
cpu87 228569 0 204 87713 1 0 9 0 0 0
cpu88 228698 0 230 87563 0 0 12 0 0 0
cpu89 229543 2 243 86692 6 0 6 0 0 0
cpu90 228569 0 198 87713 0 0 12 0 0 0
cpu91 228527 0 296 87667 0 0 17 0 0 0
cpu92 228605 0 280 87546 0 0 64 0 0 0
cpu93 228811 0 146 87534 1 0 4 0 0 0
cpu94 228738 0 150 87600 0 0 5 0 0 0
cpu95 228693 0 153 87653 0 0 4 0 0 0
cpu96 228642 0 384 87438 6 0 26 0 0 0
cpu97 229005 0 188 87302 1 0 3 0 0 0
cpu98 228574 0 183 87710 0 0 10 0 0 0
cpu99 228673 0 168 87654 0 0 4 0 0 0
cpu100 228457 0 444 87550 12 0 32 0 0 0
cpu101 228670 0 137 87681 1 0 2 0 0 0
cpu102 228632 0 179 87668 1 0 5 0 0 0
cpu103 228673 0 165 87663 0 0 2 0 0 0
cpu104 228644 0 331 87507 0 0 12 0 0 0
cpu105 228615 0 196 87669 0 0 6 0 0 0
cpu106 228719 0 150 87620 0 0 6 0 0 0
cpu107 228684 0 154 87659 0 0 4 0 0 0
cpu108 228590 0 208 87676 1 0 10 0 0 0
cpu109 229082 0 183 87226 0 0 5 0 0 0
cpu110 228486 0 269 87715 0 0 12 0 0 0
cpu111 228708 0 156 87629 0 0 3 0 0 0
cpu112 228768 0 242 87462 0 0 20 0 0 0
cpu113 228799 0 230 87452 3 0 2 0 0 0
cpu114 228738 0 169 87577 0 0 9 0 0 0
cpu115 228690 0 137 87666 0 0 2 0 0 0
cpu116 228921 0 117 87443 0 0 2 0 0 0
cpu117 228775 0 143 87558 5 0 3 0 0 0
cpu118 228733 0 163 87583 0 0 8 0 0 0
cpu119 228666 0 155 87673 0 0 1 0 0 0
cpu120 228870 0 162 87454 0 0 2 0 0 0
cpu121 228886 0 128 87475 4 0 2 0 0 0
cpu122 228693 0 249 87532 0 0 9 0 0 0
cpu123 228669 0 156 87663 0 0 1 0 0 0
cpu124 228822 0 153 87504 0 0 9 0 0 0
cpu125 228909 0 154 87423 0 0 5 0 0 0
cpu126 228734 0 156 87586 0 0 6 0 0 0
cpu127 228710 0 183 87591 0 0 2 0 0 0
intr 82247081 129 0 0 0 680 0 0 0 1 0 285 0 0 0 0 0 0 0 0 0 0 0 0 0 0 0 0 0 0 0 0 0 0 0 0 260 0 576 286 2321 3493 226 1811 605 1732 338 5048 881 3954 400 8 5525 2817 514 155 1848 2173 441 3 174 48546 345 0 792 2480 735 0 329 2161 270 1 439 2596 644 3 1990 1135 411 472 365 1190 1020 8 326 1275 0 444 702 2070 282 551 192 977 453 33 1490 1183 1204 98 499 2343 353 51 617 4959 226 6 84 2794 409 0 601 1707 414 3 403 2755 182 32 3012 3571 802 13 286 1384 418 0 276 9887 8251 1 128 1402 295 0 316 1304 757 3 158 766 420 277 243 1280 594 60 341 1203 2 2 332 1710 354 76 164 0 0 0 0 0 0 0 0 0 0 161 3642 3 385 63 107 38 25 106 13 0 236 26 9 1 7 7 321 338 5 149 3 1 55 79 288 3410 192 661 668 360 1112 73 78 0 0 0 0 0 0 0 0 0 0 0 0 0 0 0 0 10001 2164 4961 199 3299 156 142 127 145 31 70 246 127 141 73 95 40 41 31 27 19 21 12 42 21 11 74 133 6 2 39 9 13 7 13 21 56 33 0 356 108 74 59 78 135 73 39 6 3 0 1 0 28 32 15 3 5 3 9 18 2 0 6 0 0 0 0 0 0 0 0 0 0 0 0 0 0 0 0 0 0 0 0 0 0 0 0 0 0 0 0 0 0 0 0 0 0 0 0 0 0 0 0 0 0 0 0 0 0 0 0 0 0 0 0 0 0 0 0 0 0 0 0 0 0 0 0 0 0 0 0 0 0 0 0 0 0 0 0 0 0 0 0 0 0 0 0 0 0 0 0 0 0 0 0 0 0 0 0 0 0 0 0 0 0 0 0 0 0 0 0 0 0 0 0 0 0 0 0 0 0 0 0 0 0 0 0 0 0 0 0 0 0 0 0 0 0 0 0 0 0 0 0 0 0 0 0 0 0 0 0 0 0 0 0 0 0 0 0 0 0 0 0 0 0 0 0 0 0 0 0 0 0 0 0 0 0 0 0 0 0 0 0 0 0 0 0 0 0 0 0 0 0 0 0 0 0 0 0 0 0 0 0 0 0 0 0 0 0 0 0 0 0 0 0 0 0 0 0 0 0 0 0 0 0 0 0 0 0 0 0 0 0 0 0 0 0 0 0 0 0 0 0 0 0 0 0 0 0 0 0 0 0 0 0 0 0 0 0 0 0 0 0 0 0 0 0 0 0 0 0 0 0 0 0 0 0 0 0 0 0 0 0 0 0 0 0 0 0 0 0 0 0 0 0 0 0 0 0 0 0 0 0 0 0 0 0 0 0 0 0 0 0 0 0 0 0 0 0 0 0 0 0 0 0 0 0 0 0 0 0 0 0 0 0 0 0 0 0 0 0 0 0 0 0 0 0 0 0 0 0 0 0 0 0 0 0 0 0 0 0 0 0 0 0 0 0 0 0 0 0 0 0 0 0 0 0 0 0 0 0 0 0 0 0 0 0 0 0 0 0 0 0 0 0 0 0 0 0 0 0 0 0 0 0 0 0 0 0 0 0 0 0 0 0 0 0 0 0 0 0 0 0 0 0 0 0 0 49 0 0 0 3 0 0 0 0 0 0 0 0 0 0 0 0 0 0 0 0 0 0 0 0 0 49 0 0 0 0 0 0 0 0 0 0 0 0 0 0 0 0 0 0 0 0 0 0 0 0 0 0 0 0 0 0 0 0 0 0 0 0 0 0 0 0 0 0 0 0 0 0 0 0 0 0 0 0 0 0 0 0 0 0 0 0 0 0 0 0 0 22 0 0 0 0 0 0 0 0 0 0 0 0 0 0 0 0 0 0 0 0 0 0 0 0 0 0 0 0 0 0 0 0 0 0 0 0 0 0 0 0 0 0 0 0 0 0 0 0 0 0 0 0 0 0 0 0 0 0 0 0 0 0 0 0 0 0 0 0 0 0 0 0 0 0 0 0 0 0 0 0 0 0 0 0 0 0 0 0 0 0 0 0 0 0 0 0 0 0 0 0 0 0 0 0 0 0 0 0 0 0 0 0 0 0 0 0 0 0 0 0 0 0 0 0 0 0 0 0 0 0 0 0 0 0 0 0 0 0 0 0 0 0 0 0 0 0 0 0 0 0 0 0 0 0 0 0 0 0 0 0 0 0 0 0 0 0 0 0 0 0 0 0 0 0 0 0 0 0 0 0 0 0 0 0 0 0 0 0 0 0 0 0 0 0 0 0 0 0 0 0 0 0 0 0 0 0 0 0 0 0 0 0 0 0 0 0 0 0 0 0 0 0 0 0 0 0 0 0 0 0 0 0 0 0 0 0 0 0 0 0 0 0 0 0 0 0 0 0 0 0 0 0 0 0 0 0 0 0 0 0 0 0 0 0 0 0 0 0 0 0 0 0 0 0 0 0 0 0 0 0 0 0 0 0 0 0 0 0 0 0 0 0 0 0 0 0 0 0 0 0 0 0 0 0 0 0 0 0 0 0 0 0 0 0 0 0 0 0 0 0 0 0 0 0 0 0 0 0 0 0 0 0 0 0 0 0 0 0 0 0 0 0 0 0 0 0 0 0 0 0 0 0 0 0 0 0 0 0 0 0 0 0 0 0 0 0 0 0 0 0 0 0 0 0 0 0 0 0 0 0 0 0 0 0 0 0 0 0 0 0 0 0 0 0 0 0 0 0 0 0 0 0 0 0 0 0 0 0 0 0 0 0 0 0 0 0 0 0 0 0 0 0 0 0 0 0 0 0 0 0 0 0 0 0 0 0 0 0 0 0 0 0 0 0 0 0 0 0 0 0 0 0 0 0 0 0 0 0 0 0 0 0 0 0 0 0 0 0 0 0 0 0 0 0 0 0 0 0 0 0 0 0 0 0 0 0 0 0 0 0 0 0 0 0 0 0 0 0 0 0 0 0 0 0 0 0 0 0 0 0 0 0 0 0 0 0 0 0 0 0 0 0 0 0 0 0 0 0 0 0 0 0 0 0 0 0 0 0 0 0 0 0 0 0 0 0 0 0 0 0 0 0 0 0 0 0 0 0 0 0 0 0 0 0 0 0 0 0 0 0 0 0 0 0 0 0 0 0 0 0 0 0 0 0 0 0 0 0 0 0 0 0 0 0 0 0 0 0 0 0 0 0 0 0 0 0 0 0 0 0 0 0 0 0 0 0 0 0 0 0 0 0 0 0 0 0 0 0 0 0 0 0 0 0 0 0 0 0 0 0 0 0 0 0 0 0 0 0 0 0 0 0 0 0 0 0 0 0 0 0 0 0 0 0 0 0 0 0 0 0 0 0 0 0 0 0 0 0 0 0 0 0 0 0 0 0 0 0 0 0 0 0 0 0 0 0 0 0 0 0 0 0 0 0 0 0 0 0 0 0 0 0 0 0 0 0 0 0 0 0 0 0 0 0 0 0 0 0 0 0 0 0 0 0 0 0 0 0 0 0 0 0 0 0 0 0 0 0 0 0 0 0 0 0 0 0 0 0 0 0 0 0 0 0 0 0 0 0 0 0 0 0 0 0 0 0 0 0 0 0 0 0 0 0 0 0 0 0 0 0 0 0 0 0 0 0 0 0 0 0 0 0 0 0 0 0 0 0 0 0 0 0 0 0 0 0 0 0 0 0 0 0 0 0 0 0 0 0 0 0 0 0 0 0 0 0 0 0 0 0 0 0 0 0 0 0 0 0 0 0 0 0 0 0 0 0 0 0 0 0 0 0 0 0 0 0 0 0 0 0 0 0 0 0 0 0 0 0 0 0 0 0 0 0 0 0 0 0 0 0 0 0 0 0 0 0 0 0 0 0 0 0 0 0 0 0 0 0 0 0 0 0 0 0 0 0 0 0 0 0 0 0 0 0 0 0 0 0 0 0 0 0 0 0 0 0 0 0 0 0 0 0 0 0 0 0 0 0 0 0 0 0 0 0 0 0 0 0 0 0 0 0 0 0 0 0 0 0 0 0 0 0 0 0 0 0 0 0 0 0 0 0 0 0 0 0 0 0 0 0 0 0 0 0 0 0 0 0 0 0 0 0 0 0 0 0 0 0 0 0 0 0 0 0 0 0 0 0 0 0 0 0 0 0 0 0 0 0 0 0 0 0 0 0 0 0 0 0 0 0 0 0 0 0 0 0 0 0 0 0 0 0 0 0 0 0 0 0 0 0 0 0 0 0 0 0 0 0 0 0 0 0 0 0 0 0 0 0 0 0 0 0 0 0 0 0 0 0 0 0 0 0 0 0 0 0 0 0 0 0 0 0 0 0 0 0 0 0 0 0 0 0 0 0 0 0 0 0 0 0 0 0 0 0 0 0 0 0 0 0 0 0 0 0 0 0 0 0 0 0 0 0 0 0 0 0 0 0 0 0 0 0 0 0 0 0 0 0 0 0 0 0 0 0 0 0 0 0 0 0 0 0 0 0 0 0 0 0 0 0 0 0 0 0 0 0 0 0 0 0 0 0 0 0 0 0 0 0 0 0 0 0 0 0 0 0 0 0 0 0 0 0 0 0 0 0 0 0 0 0 0 0 0 0 0 0 0 0 0 0 0 0 0 0 0 0 0 0 0 0 0 0 0 0 0 0 0 0 0 0 0 0 0 0 0 0 0 0 0 0 0 0 0 0 0 0 0 0 0 0 0 0 0 0 0 0 0 0 0 0 0 0 0 0 0 0 0 0 0 0 0 0 0 0 0 0 0 0 0 0 0 0 0 0 0 0 0 0 0 0 0 0 0 0 0 0 0 0 0 0 0 0 0 0 0 0 0 0 0 0 0 0 0 0 0 0 0 0 0 0 0 0 0 0 0 0 0 0 0 0 0 0 0 0 0 0 0 0 0 0 0 0 0 0 0 0 0 0 0 0 0 0 0 0 0 0 0 0 0 0 0 0 0 0 0 0 0 0 0 0 0 0 0 0 0 0 0 0 0 0 0 0 0 0 0 0 0 0 0 0 0 0 0 0 0 0 0 0 0 0 0 0 0 0 0 0 0 0 0 0 0 0 0 0 0 0 0 0 0 0 0 0 0 0 0 0 0 0 0 0 0 0 0 0 0 0 0 0 0 0 0 0 0 0 0 0 0 0 0 0 0 0 0 0 0 0 0 0 0 0 0 0 0 0 0 0 0 0 0 0 0 0 0 0 0 0 0 0 0 0 0 0 0 0 0 0 0 0 0 0 0 0 0 0 0 0 0 0 0 0 0 0 0 0 0 0 0 0 0 0 0 0 0 0 0 0 0 0 0 0 0 0 0 0 0 0 0 0 0 0 0 0 0 0 0 0 0 0 0 0 0 0 0 0 0 0 0 0 0 0 0 0 0 0 0 0 0 0 0 0 0 0 0 0 0 0 0 0 0 0 0 0 0 0 0 0 0 0 0 0 0 0 0 0 0 0 0 0 0 0 0 0 0 0 0 0 0 0 0 0 0 0 0 0 0 0 0 0 0 0 0 0 0 0 0 0 0 0 0 0 0 0 0 0 0 0 0 0 0 0 0 0 0 0 0 0 0 0 0 0 0 0 0 0 0 0 0 0 0 0 0 0 0 0 0 0 0 0 0 0 0 0 0 0 0 0 0 0 0 0 0 0 0 0 0 0 0 0 0 0 0 0 0 0 0 0 0 0 0 0 0 0 0 0 0 0 0 0 0 0 0 0 0 0 0 0 0 0 0 0 0 0 0 0 0 0 0 0 0 0 0 0 0 0 0 0 0 0 0 0 0 0 0 0 0 0 0 0 0 0 0 0 0 0 0 0 0 0 0 0 0 0 0 0 0 0 0 0 0 0 0 0 0 0 0 0 0 0 0 0 0 0 0 0 0 0 0 0 0 0 0 0 0 0 0 0 0 0 0 0 0 0 0 0 0 0 0 0 0 0 0 0 0 0 0 0 0 0 0 0 0 0 0 0 0 0 0 0 0 0 0 0 0 0 0 0 0 0 0 0 0 0 0 0 0 0 0 0 0 0 0 0 0 0 0 0 0 0 0 0 0 0 0 0 0 0 0 0 0 0 0 0 0 0 0 0 0 0 0 0 0 0 0 0 0 0 0 0 0 0 0 0 0 0 0 0 0 0 0 0 0 0 0 0 0 0 0 0 0 0 0 0 0 0 0 0 0 0 0 0 0 0 0 0 0 0 0 0 0 0 0 0 0 0 0 0 0 0 0 0 0 0 0 0 0 0 0 0 0 0 0 0 0 0 0 0 0 0 0 0 0 0 0 0 0 0 0 0 0 0 0 0 0 0 0 0 0 0 0 0 0 0 0 0 0 0 0 0 0 0 0 0 0 0 0 0 0 0 0 0 0 0 0 0 0 0 0 0 0 0 0 0 0 0 0 0 0 0 0 0 0 0 0 0 0 0 0 0 0 0 0 0 0 0 0 0 0 0 0 0 0 0 0 0 0 0 0 0 0 0 0 0 0 0 0 0 0 0 0 0 0 0 0 0 0 0 0 0 0 0 0 0 0 0 0 0 0 0 0 0 0 0 0 0 0 0 0 0 0 0 0 0 0 0 0 0 0 0 0 0 0 0 0 0 0 0 0 0 0 0 0 0 0 0 0 0 0 0 0 0 0 0 0 0 0 0 0 0 0 0 0 0 0 0 0 0 0 0 0 0 0 0 0 0 0 0 0 0 0 0 0 0 0 0 0 0 0 0 0 0 0 0 0 0 0 0 0 0 0 0 0 0 0 0 0 0 0 0 0 0 0 0 0 0 0 0 0 0 0 0 0 0 0 0 0 0 0 0 0 0 0 0 0 0 0 0 0 0 0 0 0 0 0 0 0 0 0 0 0 0 0 0 0 0 0 0 0 0 0 0 0 0 0 0 0 0 0 0 0 0 0 0 0 0 0 0 0 0 0 0 0 0 0 0 0 0 0 0 0 0 0 0 0 0 0 0 0 0 0 0 0 0 0 0 0 0 0 0 0 0 0 0 0 0 0 0 0 0 0 0 0 0 0 0 0 0 0 0 0 0 0 0 0 0 0 0 0 0 0 0 0 0 0 0 0 0 0 0 0 0 0 0 0 0 0 0 0 0 0 0 0 0 0 0 0 0 0 0 0 0 0 0 0 0 0 0 0 0 0 0 0 0 0 0 0 0 0 0 0 0 0 0 0 0 0 0 0 0 0 0 0 0 0 0 0 0 0 0 0 0 0 0 0 0 0 0 0 0 0 0 0 0 0 0 0 0 0 0 0 0 0 0 0 0 0 0 0 0 0 0 0 0 0 0 0 0 0 0 0 0 0 0 0 0 0 0 0 0 0 0 0 0 0 0 0 0 0 0 0 0 0 0 0 0 0 0 0 0 0 0 0 0 0 0 0 0 0 0 0 0 0 0 0 0 0 0 0 0 0 0 0 0 0 0 0 0 0 0 0 0 0 0 0 0 0 0 0 0 0 0 0 0 0 0 0 0 0 0 0 0 0 0 0 0 0 0 0 0 0 0 0 0 0 0 0 0 0 0 0 0 0 0 0 0 0 0 0 0 0 0 0 0 0 0 0 0 0 0 0 0 0 0 0 0 0 0 0 0 0 0 0 0 0 0 0 0 0 0 0 0 0 0 0 0 0 0 0 0 0 0 0 0 0 0 0 0 0 0 0 0 0 0 0 0 0 0 0 0 0 0 0 0 0 0 0 0 0 0 0 0 0 0 0 0 0 0 0 0 0 0 0 0 0 0 0 0 0 0 0 0 0 0 0 0 0 0 0 0 0 0 0 0 0 0 0 0 0 0 0 0 0 0 0 0 0 0 0 0 0 0 0 0 0 0 0 0 0 0 0 0 0 0 0 0 0 0 0 0 0 0 0 0 0 0 0 0 0 0 0 0 0 0 0 0 0 0 0 0 0 0 0 0 0 0 0 0 0 0 0 0 0 0 0 0 0 0 0 0 0 0 0 0 0 0 0 0 0 0 0 0 0 0 0 0 0 0 0 0 0 0 0 0 0 0 0 0 0 0 0 0 0 0 0 0 0 0 0 0 0 0 0 0 0 0 0 0 0 0 0 0 0 0 0 0 0 0 0 0 0 0 0 0 0 0 0 0 0 0 0 0 0 0 0 0 0 0 0 0 0 0 0 0 0 0 0 0 0 0 0 0 0 0 0 0 0 0 0 0 0 0 0 0 0 0 0 0 0 0 0 0 0 0 0 0 0 0 0 0 0 0 0 0 0 0 0 0 0 0 0 0 0 0 0 0 0 0 0 0 0 0 0 0 0 0 0 0 0 0 0 0 0 0 0 0 0 0 0 0 0 0 0 0 0 0 0 0 0 0 0 0 0 0 0 0 0 0 0 0 0 0 0 0 0 0 0 0 0 0 0 0 0 0 0 0 0 0 0 0 0 0 0 0 0 0 0 0 0 0 0 0 0 0 0 0 0 0 0 0 0 0 0 0 0 0 0 0 0 0 0 0 0 0 0 0 0 0 0 0 0 0 0 0 0 0 0 0 0 0 0 0 0 0 0 0 0 0 0 0 0 0 0 0 0 0 0 0 0 0 0 0 0 0 0 0 0 0 0 0 0 0 0 0 0 0 0 0 0 0 0 0 0 0 0 0 0 0 0 0 0 0 0 0 0 0 0 0 0 0 0 0 0 0 0 0 0 0 0 0 0 0 0 0 0 0 0 0 0 0 0 0 0 0 0 0 0 0 0 0 0 0 0 0 0 0 0 0 0 0 0 0 0 0 0 0 0 0 0 0 0 0 0 0 0 0 0 0 0 0 0 0 0 0 0 0 0 0 0 0 0 0 0 0 0 0 0 0 0 0 0 0 0 0 0 0 0 0 0 0 0 0 0 0 0 0 0 0 0 0 0 0 0 0 0 0 0 0 0 0 0 0 0 0 0 0 0 0 0 0 0 0 0 0 0 0 0 0 0 0 0 0 0 0 0 0 0 0 0 0 0 0 0 0 0 0 0 0 0 0 0 0 0 0 0 0 0 0 0 0 0 0 0 0 0 0 0 0 0 0 0 0 0 0 0 0 0 0 0 0 0 0 0 0 0 0 0 0 0 0 0 0 0 0 0 0 0 0 0 0 0 0 0 0 0 0 0 0 0 0 0 0 0 0 0 0 0 0 0 0 0 0 0 0 0 0 0 0 0 0 0 0 0 0 0 0 0 0 0 0 0 0 0 0 0 0 0 0 0 0 0 0 0 0 0 0 0 0 0 0 0 0 0 0 0 0 0 0 0 0 0 0 0 0 0 0 0 0 0 0 0 0 0 0 0 0 0 0 0 0 0 0 0 0 0 0 0 0 0 0 0 0 0 0 0 0 0 0 0 0 0 0 0 0 0 0 0 0 0 0 0 0 0 0 0 0 0 0 0 0 0 0 0 0 0 0 0 0 0 0 0 0 0 0 0 0 0 0 0 0 0 0 0 0 0 0 0 0 0 0 0 0 0 0 0 0 0 0 0 0 0 0 0 0 0 0 0 0 0 0 0 0 0 0 0 0 0 0 0 0 0 0 0 0 0 0 0 0 0 0 0 0 0 0 0 0 0 0 0 0 0 0 0 0 0 0 0 0 0 0 0 0 0 0 0 0 0 0 0 0 0 0 0 0 0 0 0 0 0 0 0 0 0 0 0 0 0 0 0 0 0 0 0 0 0 0 0 0 0 0 0 0 0 0 0 0 0 0 0 0 0 0 0 0 0 0 0 0 0 0 0 0 0 0 0 0 0 0 0 0 0 0 0 0 0 0 0 0 0 0 0 0 0 0 0 0 0 0 0 0 0 0 0 0 0 0 0 0 0 0 0 0 0 0 0 0 0 0 0 0 0 0 0 0 0 0 0 0 0 0 0 0 0 0 0 0 0 0 0 0 0 0 0 0 0 0 0 0 0 0 0 0 0 0 0 0 0 0 0 0 0 0 0 0 0 0 0 0 0 0 0 0 0 0 0 0 0 0 0 0 0 0 0 0 0 0 0 0 0 0 0 0 0 0 0 0 0 0 0 0 0 0 0 0 0
ctxt 4632443
btime 1613122782
processes 93008
procs_running 1
procs_blocked 0
softirq 85634802 1 52502887 1248 809817 0 0 228 2808501 0 29512120
