cpu  15919259 5 23801 8308795 129 0 1602 0 0 0
cpu0 248451 0 778 129426 0 0 281 0 0 0
cpu1 248649 0 356 129927 2 0 93 0 0 0
cpu2 248440 0 639 129849 0 0 43 0 0 0
cpu3 248798 0 165 130010 7 0 12 0 0 0
cpu4 248318 0 703 129827 0 0 36 0 0 0
cpu5 248809 0 149 130013 0 0 12 0 0 0
cpu6 248772 0 448 129734 0 0 28 0 0 0
cpu7 248172 0 700 129988 0 0 123 0 0 0
cpu8 248726 0 570 129649 0 0 23 0 0 0
cpu9 248825 0 126 130016 0 0 13 0 0 0
cpu10 248730 0 478 129747 0 0 14 0 0 0
cpu11 248839 0 127 130007 0 0 7 0 0 0
cpu12 248630 0 445 129883 0 0 18 0 0 0
cpu13 248899 0 67 130015 0 0 0 0 0 0
cpu14 248350 0 721 129883 2 0 16 0 0 0
cpu15 248541 0 388 129998 0 0 54 0 0 0
cpu16 248082 0 966 129895 3 0 21 0 0 0
cpu17 248899 0 78 129993 0 0 0 0 0 0
cpu18 248615 0 782 129540 4 0 31 0 0 0
cpu19 248879 0 93 130005 0 0 2 0 0 0
cpu20 248364 0 1108 129360 59 0 32 0 0 0
cpu21 248894 0 95 129990 0 0 2 0 0 0
cpu22 247985 0 1028 129922 1 0 32 0 0 0
cpu23 248684 0 250 130004 0 0 36 0 0 0
cpu24 248167 1 812 129972 0 0 20 0 0 0
cpu25 248883 0 90 130000 0 0 2 0 0 0
cpu26 248216 0 781 129949 0 0 22 0 0 0
cpu27 248859 0 104 130002 0 0 6 0 0 0
cpu28 248807 0 351 129800 0 0 13 0 0 0
cpu29 248867 0 105 130005 0 0 1 0 0 0
cpu30 248479 0 586 129861 1 0 34 0 0 0
cpu31 248865 0 104 129999 1 0 1 0 0 0
cpu32 248794 0 583 129571 0 0 9 0 0 0
cpu33 248715 0 232 130005 0 0 10 0 0 0
cpu34 248648 0 379 129908 0 0 16 0 0 0
cpu35 248818 0 146 130004 0 0 5 0 0 0
cpu36 248691 0 365 129870 0 0 12 0 0 0
cpu37 248869 0 92 130006 0 0 4 0 0 0
cpu38 248599 0 588 129758 2 0 20 0 0 0
cpu39 247700 0 1055 129986 0 0 220 0 0 0
cpu40 248792 0 391 129769 0 0 12 0 0 0
cpu41 248747 0 201 129988 1 0 33 0 0 0
cpu42 250536 0 581 127808 14 0 5 0 0 0
cpu43 248895 0 71 130000 1 0 0 0 0 0
cpu44 249410 0 312 129241 0 0 4 0 0 0
cpu45 248905 0 63 130001 1 0 0 0 0 0
cpu46 250140 0 560 128226 2 0 5 0 0 0
cpu47 248889 0 84 129987 1 0 6 0 0 0
cpu48 248726 0 427 129792 0 0 7 0 0 0
cpu49 248904 0 62 130001 0 0 0 0 0 0
cpu50 248893 1 478 129511 0 0 52 0 0 0
cpu51 248892 0 80 129990 0 0 1 0 0 0
cpu52 248698 0 291 129957 0 0 11 0 0 0
cpu53 248928 0 58 129967 0 0 0 0 0 0
cpu54 248731 0 364 129847 0 0 13 0 0 0
cpu55 248828 0 132 129991 0 0 12 0 0 0
cpu56 248552 0 454 129945 0 0 11 0 0 0
cpu57 248896 0 67 130001 0 0 1 0 0 0
cpu58 248668 0 314 129969 3 0 11 0 0 0
cpu59 248865 0 94 129999 0 0 5 0 0 0
cpu60 248804 0 242 129900 0 0 6 0 0 0
cpu61 248752 0 199 129986 0 0 25 0 0 0
cpu62 248708 0 361 129571 0 0 15 0 0 0
cpu63 248748 0 254 129940 0 0 19 0 0 0
intr 45914467 83 0 0 0 622 0 0 0 1 0 285 0 0 0 0 0 0 0 0 0 0 0 0 0 0 0 0 0 0 0 0 0 0 0 0 0 0 0 1971 9630 1078 5731 1987 1570 358 21970 851 1940 600 4316 283 0 692 13535 2700 365 2136 1332 21340 0 4663 1748 1198 793 841 1070 510 2 947 0 1239 5205 1077 2969 682 2258 2963 6951 1553 3137 758 2 283 1 289 2201 1143 115 34152 962 1468 10 769 3522 523 648 1117 639 888 1 499 4459 0 0 0 0 0 0 0 0 0 0 0 0 0 0 0 0 0 31349 93 0 0 0 0 0 0 0 0 0 0 0 0 0 0 0 0 0 0 0 0 0 0 0 0 0 0 0 0 0 0 0 0 0 0 0 0 0 0 0 0 0 0 0 0 0 0 0 0 0 0 0 0 0 0 0 0 0 0 0 0 0 0 0 0 0 0 0 0 0 0 0 0 0 0 0 25 0 0 0 0 0 0 0 0 0 0 0 0 0 0 0 0 0 0 0 0 0 0 0 0 0 0 0 0 0 0 0 0 0 0 0 0 0 0 0 0 0 0 0 0 0 0 0 0 0 0 0 0 0 0 0 0 0 0 0 0 0 0 0 0 0 0 0 0 0 0 0 0 0 0 0 0 0 0 0 0 0 0 0 0 0 0 0 0 0 0 0 0 0 0 0 0 0 0 0 0 0 0 0 0 0 0 0 0 0 0 0 0 0 0 0 0 0 0 0 0 0 0 0 0 0 0 0 0 0 0 0 0 0 0 0 0 0 0 0 0 0 0 0 0 0 0 0 0 0 0 0 0 0 0 0 0 0 0 0 0 0 0 0 0 0 0 0 0 0 0 0 0 0 0 0 0 0 0 0 0 0 0 0 0 0 0 0 0 0 0 0 0 0 0 0 0 0 0 0 0 0 0 0 0 0 0 0 0 0 0 0 0 0 0 0 0 0 0 0 0 0 0 0 0 0 0 0 0 0 0 0 0 0 0 0 0 0 0 0 0 0 0 0 0 0 0 0 0 0 0 0 0 0 0 0 0 0 0 0 0 0 0 0 0 0 0 0 0 0 0 0 0 0 0 0 0 0 0 0 0 0 0 0 0 0 0 0 0 0 0 0 0 0 0 0 0 0 0 0 0 0 0 0 0 0 0 0 0 0 0 0 0 0 0 0 0 0 0 0 0 0 0 0 0 0 0 0 0 0 0 0 0 0 0 0 0 0 0 0 0 0 0 0 0 0 0 0 0 0 0 0 0 0 0 0 0 0 0 0 0 0 0 0 0 0 0 0 0 0 0 0 0 0 0 0 0 0 0 0 0 0 0 0 0 0 0 0 0 0 0 0 0 0 0 0 0 0 0 0 0 0 0 0 0 0 0 0 0 0 0 0 0 0 0 0 0 0 0 0 0 0 0 0 0 0 0 0 0 0 0 0 0 0 0 0 0 0 0 0 0 0 0 0 0 0 0 0 0 0 0 0 0 0 0 0 0 0 0 0 0 0 0 0 0 0 0 0 0 0 0 0 0 0 0 0 0 0 0 0 0 0 0 0 0 0 0 0 0 0 0 0 0 0 0 0 0 0 0 0 0 0 0 0 0 0 0 0 0 0 0 0 0 0 0 0 0 0 0 0 0 0 0 0 0 0 0 0 0 0 0 0 0 0 0 0 0 0 0 0 0 0 0 0 0 0 0 0 0 0 0 0 0 0 0 0 0 0 0 0 0 0 0 0 0 0 0 0 0 0 0 0 0 0 0 0 0 0 0 0 0 0 0 0 0 0 0 0 0 0 0 0 0 0 0 0 0 0 0 0 0 0 0 0 0 0 0 0 0 0 0 0 0 0 0 0 0 0 0 0 0 0 0 0 0 0 0 0 0 0 0 0 0 0 0 0 0 0 0 0 0 0 0 0 0 0 0 0 0 0 0 0 0 0 0 0 0 0 0 0 0 0 0 0 0 0 0 0 0 0 0 0 0 0 0 0 0 0 0 0 0 0 0 0 0 0 0 0 0 0 0 0 0 0 0 0 0 0 0 0 0 0 0 0 0 0 0 0 0 0 0 0 0 0 0 0 0 0 0 0 0 0 0 0 0 0 0 0 0 0 0 0 0 0 0 0 0 0 0 0 0 0 0 0 0 0 0 0 0 0 0 0 0 0 0 0 0 0 0 0 0 0 0 0 0 0 0 0 0 0 0 0 0 0 0 0 0 0 0 0 0 0 0 0 0 0 0 0 0 0 0 0 0 0 0 0 0 0 0 0 0 0 0 0 0 0 0 0 0 0 0 0 0 0 0 0 0 0 0 0 0 0 0 0 0 0 0 0 0 0 0 0 0 0 0 0 0 0 0 0 0 0 0 0 0 0 0 0 0 0 0 0 0 0 0 0 0 0 0 0 0 0 0 0 0 0 0 0 0 0 0 0 0 0 0 0 0 0 0 0 0 0 0 0 0 0 0 0 0 0 0 0 0 0 0 0 0 0 0 0 0 0 0 0 0 0 0 0 0 0 0 0 0 0 0 0 0 0 0 0 0 0 0 0 0 0 0 0 0 0 0 0 0 0 0 0 0 0 0 0 0 0 0 0 0 0 0 0 0 0 0 0 0 0 0 0 0 0 0 0 0 0 0 0 0 0 0 0 0 0 0 0 0 0 0 0 0 0 0 0 0 0 0 0 0 0 0 0 0 0 0 0 0 0 0 0 0 0 0 0 0 0 0 0 0 0 0 0 0 0 0 0 0 0 0 0 0 0 0 0 0 0 0 0 0 0 0 0 0 0 0 0 0 0 0 0 0 0 0 0 0 0 0 0 0 0 0 0 0 0 0 0 0 0 0 0 0 0 0 0 0 0 0 0 0 0 0 0 0 0 0 0 0 0 0 0 0 0 0 0 0 0 0 0 0 0 0 0 0 0 0 0 0 0 0 0 0 0 0 0 0 0 0 0 0 0 0 0 0 0 0 0 0 0 0 0 0 0 0 0 0 0 0 0 0 0 0 0 0 0 0 0 0 0 0 0 0 0 0 0 0 0 0 0 0 0 0 0 0 0 0 0 0 0 0 0 0 0 0 0 0 0 0 0 0 0 0 0 0 0 0 0 0 0 0 0 0 0 0 0 0 0 0 0 0 0 0 0 0 0 0 0 0 0 0 0 0 0 0 0 0 0 0 0 0 0 0 0 0 0 0 0 0 0 0 0 0 0 0 0 0 0 0 0 0 0 0 0 0 0 0 0 0 0 0 0 0 0 0 0 0 0 0 0 0 0 0 0 0 0 0 0 0 0 0 0 0 0 0 0 0 0 0 0 0 0 0 0 0 0 0 0 0 0 0 0 0 0 0 0 0 0 0 0 0 0 0 0 0 0 0 0 0 0 0 0 0 0 0 0 0 0 0 0 0 0 0 0 0 0 0 0 0 0 0 0 0 0 0 0 0 0 0 0 0 0 0 0 0 0 0 0 0 0 0 0 0 0 0 0 0 0 0 0 0 0 0 0 0 0 0 0 0 0 0 0 0 0 0 0 0 0 0 0 0 0 0 0 0 0 0 0 0 0 0 0 0 0 0 0 0 0 0 0 0 0 0 0 0 0 0 0 0 0 0 0 0 0 0 0 0 0 0 0 0 0 0 0 0 0 0 0 0 0 0 0 0 0 0 0 0 0 0 0 0 0 0 0 0 0 0 0 0 0 0 0 0 0 0 0 0 0 0 0 0 0 0 0 0 0 0 0 0 0 0 0 0 0 0 0 0 0 0 0 0 0 0 0 0 0 0 0 0 0 0 0 0 0 0 0 0 0 0 0 0 0 0 0 0 0 0 0 0 0 0 0 0 0 0 0 0 0 0 0 0 0 0 0 0 0 0 0 0 0 0 0 0 0 0 0 0 0 0 0 0 0 0 0 0 0 0 0 0 0 0 0 0 0 0 0 0 0 0 0 0 0 0 0 0 0 0 0 0 0 0 0 0 0 0 0 0 0 0 0 0 0 0 0 0 0 0 0 0 0 0 0 0 0 0 0 0 0 0 0 0 0 0 0 0 0 0 0 0 0 0 0 0 0 0 0 0 0 0 0 0 0 0 0 0 0 0 0 0 0 0 0 0 0 0 0 0 0 0 0 0 0 0 0 0 0 0 0 0 0 0 0 0 0 0 0 0 0 0 0 0 0 0 0 0 0 0 0 0 0 0 0 0 0 0 0 0 0 0 0 0 0 0 0 0 0 0 0 0 0 0 0 0 0 0 0 0 0 0 0 0 0 0 0 0 0 0 0 0 0 0 0 0 0 0 0 0 0 0 0 0 0 0 0 0 0 0 0 0 0 0 0 0 0 0 0 0 0 0 0 0 0 0 0 0 0 0 0 0 0 0 0 0 0 0 0 0 0 0 0 0 0 0 0 0 0 0 0 0 0 0 0 0 0 0 0 0 0 0 0 0 0 0 0 0 0 0 0 0 0 0 0 0 0 0 0 0 0 0 0 0 0 0 0 0 0 0 0 0 0 0 0 0 0 0 0 0 0 0 0 0 0 0 0 0 0 0 0 0 0 0 0 0 0 0 0 0 0 0 0 0 0 0 0 0 0 0 0 0 0 0 0 0 0 0 0 0 0 0 0 0 0 0 0 0 0 0 0 0 0 0 0 0 0 0 0 0 0 0 0 0 0 0 0 0 0 0 0 0 0 0 0 0 0 0 0 0 0 0 0 0 0 0 0 0 0 0 0 0 0 0 0 0 0 0 0 0 0 0 0 0 0 0 0 0 0 0 0 0 0 0 0 0 0 0 0 0 0 0 0 0 0 0 0 0 0 0 0 0 0 0 0 0 0 0 0 0 0 0 0 0 0 0 0 0 0 0 0 0 0 0 0 0 0 0 0 0 0 0 0 0 0 0 0 0 0 0 0 0 0 0 0 0 0 0 0 0 0 0 0 0 0 0 0 0 0 0 0 0 0 0 0 0 0 0 0 0 0 0 0 0 0 0 0 0 0 0 0 0 0 0 0 0 0 0 0 0 0 0 0 0 0 0 0 0 0 0 0 0 0 0 0 0 0 0 0 0 0 0 0 0 0 0 0 0 0 0 0 0 0 0 0 0 0 0 0 0 0 0 0 0 0 0 0 0 0 0 0 0 0 0 0 0 0 0 0 0 0 0 0 0 0 0 0 0 0 0 0 0 0 0 0 0 0 0 0
ctxt 7010229
btime 1613123984
processes 161689
procs_running 1
procs_blocked 0
softirq 52184375 1 30368554 1502 1319016 0 0 142 1608740 0 18886420
